2mocoef
header
1
MO-coefficients from MOLCAS
1
48   48
a
mocoef
(*)
-8.682840337342e-05 -7.755145921639e-04  3.547169531943e-03 
 2.668689311023e-04 -4.527491727450e-04 -3.526380586694e-04 
-6.066623680671e-04  3.424184044895e-04  1.614103030155e-03 
 1.861680471773e-04 -3.294518768093e-04 -3.592675811990e-04 
 3.227258727742e-04 -4.844652289417e-05  1.001060105487e+00 
 5.586739891429e-03 -6.139397260034e-03  8.493008500309e-04 
-5.630239985141e-04 -3.535344000943e-04 -1.130155126596e-03 
 8.519242196800e-04  2.044952092413e-03 -9.435118048591e-06 
 1.231552983994e-04  9.850176659718e-04 -1.671499926898e-05 
 5.769257872958e-05 -5.185589243747e-04  1.763661877297e-04 
-1.096146930749e-05 -5.723784133577e-05 -9.107521781680e-05 
-1.981953284151e-03  1.230528091894e-03  2.922948754794e-04 
-1.821592678209e-04  8.762113533073e-04 -4.680970828425e-05 
 9.195818866981e-05  5.756164854796e-06  2.569921716527e-05 
-1.844588998260e-04 -5.464636691210e-04  3.742603532141e-04 
-6.171749806691e-05  6.726383080552e-05  2.017206972942e-04 
 1.001198572878e+00  7.310831058290e-03 -5.639695941893e-03 
-6.548765232955e-04  5.367869809600e-04  1.669217781062e-03 
 2.158307907832e-04  3.324745823179e-04 -6.394472464363e-05 
-1.937466996916e-04  3.504925357322e-04  2.064633461538e-04 
-3.113349873191e-04 -4.483775953263e-04 -2.954144352325e-04 
 2.660761773760e-04 -1.055415692937e-03 -5.072068028938e-05 
-6.485181453525e-05 -5.728082320838e-05 -3.083414257920e-04 
 5.089387647837e-05  1.511682531379e-03  6.988386058882e-06 
-7.825220744079e-06 -3.066865092597e-04  1.349316048491e-04 
-6.679477641524e-06  1.780070121107e-04  8.370527860179e-04 
-2.776273883992e-04 -1.502463697652e-04 -1.298873532493e-04 
-4.521502529684e-04 -3.496231392907e-05  9.308928777113e-05 
-6.181931554441e-05 -1.504422683358e-04  9.235575837188e-05 
 7.559867708338e-04  3.370059984639e-04 -1.923749914673e-04 
-3.978216483582e-05 -5.449443633897e-04  1.327400545799e-03 
 1.782194006541e-06  2.939252396317e-04 -2.742528362288e-04 
-1.221708150953e-02  4.978575503266e-01 -2.157387463610e-01 
-6.342516677378e-02  2.928813426127e-02  2.336850669843e-01 
 4.269158562572e-02 -3.608681064372e-02 -1.061277834177e-01 
-3.222586453346e-03  1.060211763549e-02  2.660168814842e-02 
-1.264878858310e-02  1.044369407603e-03 -1.176301944343e-02 
 7.571540571952e-01 -1.035813404154e-01  6.970580222277e-02 
-7.872504736914e-02 -1.374840700476e-01 -1.884317080112e-02 
 1.466806641896e-02 -3.375704474798e-03 -2.919777955095e-03 
 7.989400864066e-03  1.627454060222e-02 -8.226568536162e-03 
-2.706994656411e-04  9.874615591502e-02 -4.843373269221e-02 
 6.515991181770e-03  8.918087648481e-03  6.620284983781e-03 
 2.125888916209e-01 -1.032204872956e-01 -1.526052019724e-03 
-4.700206506719e-04 -2.332639470935e-02  8.485241339444e-02 
-4.476517923623e-02 -8.008622641423e-03  6.867354589506e-03 
 4.900410998199e-03  1.090541039197e-01 -5.815985107283e-02 
 1.651091620213e-04 -1.196572139875e-02  4.844459814383e-03 
 2.003209300894e-03 -5.745612343654e-01  9.701001430942e-02 
 3.472187489660e-02 -4.217522791284e-02  3.440232456139e-02 
-7.732678263069e-03  1.763266280043e-02  3.855698180286e-03 
 3.220025689751e-03 -3.370603592455e-03  6.903410854541e-03 
 4.068106545800e-03  3.991690102694e-03 -5.540098970665e-03 
 3.996815110840e-01 -1.001788764753e-02 -1.796145511397e-02 
 3.081641495421e-02  4.652090535218e-01  1.952211878445e-03 
-8.198285361225e-03 -1.406279871536e-01  9.349376080643e-04 
-4.900747506593e-03 -2.310361225830e-04  8.340679173866e-03 
 3.779050202958e-04 -1.866403029060e-01  9.086330390092e-02 
-1.068357062884e-02 -1.107276105542e-02 -5.406003076033e-03 
 5.173346762993e-01 -2.327139907069e-01 -6.294460316735e-03 
 2.297690899413e-03 -4.285566077183e-02 -1.504235106528e-01 
 6.857298116188e-02  1.004158723064e-02 -8.141748493841e-03 
-1.898411231366e-03 -2.557079168703e-01  1.287464304072e-01 
-5.890884651619e-04  1.849201609006e-02 -8.473403846324e-03 
 6.749572513809e-03 -2.425154988216e-01 -7.227377173645e-02 
-1.516275809689e-01  1.701152004544e-01  5.343484744488e-01 
 3.539651074514e-02 -3.426123755967e-02 -1.475114794725e-01 
-3.273814367573e-03  1.112305394585e-02  2.926095697049e-02 
-1.874696884902e-02  6.682004901583e-03  2.446344768877e-03 
 1.346411584159e-01 -2.883691825521e-04  5.080834160445e-02 
-8.612083341148e-02 -5.079348369719e-01 -5.436069296889e-03 
 8.011352162234e-03  1.035816766580e-01 -2.204940882326e-03 
 5.833460718911e-03  2.552133503373e-03 -9.689908815777e-03 
 4.545559401946e-04 -2.970543357993e-01  1.183486452047e-01 
-1.701410184857e-02 -1.095034253798e-02 -1.133161021244e-03 
-3.656467156995e-01  1.458622406657e-01  5.229592363012e-03 
-2.569587704659e-03  2.249213099676e-02 -3.204774879521e-01 
 1.298886970906e-01  1.826111058815e-02 -1.299186714130e-02 
 2.551528600507e-03 -2.039514857592e-01  6.837148945945e-02 
-2.598998036086e-03  1.298539316024e-02  5.319099460707e-03 
 2.634204409038e-03 -9.200613725761e-03  2.030860973863e-02 
-1.052028703643e-01 -5.878051413838e-01  1.844731686549e-01 
 1.087225734876e-02  1.174334463644e-01 -2.924428773709e-02 
 8.482892375528e-03 -4.447935974894e-03  1.228112913372e-02 
-6.829438055137e-03  1.646295926709e-02  1.319871202237e-03 
-3.836127417220e-02 -1.077981772427e-02 -5.645404519878e-02 
-3.661095881743e-01 -4.851276061400e-02  2.925400137843e-03 
 3.349905286852e-02  1.820753467289e-02 -6.304369499744e-03 
 1.820900994119e-02 -6.832600481746e-03  2.607559819496e-03 
-4.876675277023e-03  3.006117996003e-01 -1.192854747238e-01 
 1.479694457753e-02  4.943296579351e-03  9.386424902342e-03 
-6.619113886197e-02  2.085294061158e-02 -7.905248722039e-04 
-8.197409793038e-03  2.610216831630e-03  1.798242332387e-01 
-7.325976827961e-02 -1.545816444666e-02  1.166541323809e-03 
 3.259365167999e-03 -5.478369856309e-01  2.282871339674e-01 
-2.989107163283e-03  2.415273683608e-02 -1.281361991758e-02 
 3.350485250697e-03  7.383463571337e-02 -5.580985477176e-02 
-3.274842370646e-01  4.105667291480e-02 -8.595961058874e-03 
-1.978915805244e-02  5.556333208295e-04 -4.080990292382e-02 
 3.399349559357e-02  1.572036709337e-03  2.059515460415e-02 
 3.634729147812e-02 -1.144980471702e-02 -3.539185653441e-03 
-1.630500933317e-01 -5.381680775055e-02  7.558112676753e-01 
-1.189980435107e-01  1.185976034634e-01  6.762187301157e-02 
-6.094451907724e-03 -6.611053030770e-03 -1.884993312391e-03 
 2.222945941479e-03  2.523432304530e-03  2.584730721853e-03 
 4.766189788675e-03  3.557643108633e-01 -5.791394811740e-02 
-9.786435323379e-05  1.225387069199e-02  5.790331820208e-03 
 1.769776049215e-01 -5.783250701541e-02  2.066089797780e-02 
-1.941827217146e-03 -9.954752264153e-03 -4.237042012015e-01 
 6.451301245487e-02  3.081930513417e-03 -1.124578863418e-02 
-4.611909517221e-03  7.587496660324e-02 -4.473067187772e-02 
-4.999211600307e-03 -5.318531576106e-03 -1.081409227054e-03 
-1.885653218605e-03 -7.076764640707e-02  2.765021291663e-03 
-5.658062655641e-01  2.546520866358e-02 -2.280980320153e-01 
 5.645724577697e-02  1.213226157510e-04  3.442509115282e-02 
 1.090110466074e-02 -8.923519568283e-04 -1.728560474569e-02 
-1.250036250503e-02  4.117873547329e-03  1.178263333138e-03 
 9.335445949190e-02  2.087585859056e-02 -4.739027367163e-01 
 6.748727822031e-02 -1.209798620473e-02  3.840368428460e-02 
-5.306723053024e-03 -4.079945461033e-03  8.679590977827e-03 
-1.832028839801e-04  1.156720841951e-02  1.689975138219e-02 
-7.924495329460e-03  3.546738176245e-01 -1.061350384145e-01 
 3.267873849789e-03  1.699000700700e-02  5.984633439935e-03 
-7.472729916477e-03  1.144303452658e-02 -1.115262471669e-02 
 1.268347192846e-03  5.190417860462e-03 -3.722775729184e-01 
 1.132648912184e-01  8.024588648583e-03 -1.846201208100e-02 
-8.750409187501e-03  8.653443361539e-02 -3.617222164087e-02 
-1.009203713352e-02 -5.108358796438e-03 -6.683894357139e-04 
-1.750108519423e-03 -9.848789586907e-02  4.688997829364e-03 
-4.468912124792e-02 -2.543285231959e-01  5.571669386768e-02 
-1.201643549793e-02 -1.398944551977e-02  5.943618455901e-03 
-5.595053849933e-03  4.959338815207e-02 -1.189437125526e-02 
 1.093324860771e-02 -8.910325643249e-03  1.744722605244e-03 
 1.208910427104e-01  4.640236246198e-02  1.827446736472e-01 
 8.306321337065e-01 -1.439246644744e-01  2.178061891248e-02 
 7.866986932738e-02 -4.241373734901e-03  7.450623189707e-03 
 2.762706064710e-03 -1.876079660438e-03 -6.411805571377e-04 
 5.148287861122e-03  2.689267898524e-01 -5.301423124032e-02 
 9.237801240102e-03  1.367809961097e-03  4.078826468766e-03 
-1.208273315204e-01  3.750910910250e-02  7.566451435828e-03 
 2.453616145390e-02  4.932238557435e-03  1.280945382004e-01 
-4.417241621073e-02 -8.359256424464e-03 -3.533313524272e-03 
-6.181301502051e-04 -3.645844183520e-01  1.214827706195e-01 
-3.477913457305e-03  1.673922597612e-02  7.231152615070e-04 
-3.633201858485e-02  3.329564962783e-01  1.311057773042e+00 
 1.589994405029e-01 -1.792641359920e-01 -2.076034661368e-01 
 1.324177233500e-01 -2.152369931048e-01 -3.128845269605e-01 
 7.168340791212e-03  5.392059798219e-03 -2.445953238253e-03 
 3.657527267559e-03  2.280173997970e-03 -6.338982224505e-03 
 6.591183633081e-02  2.769076668961e-01 -4.631223020856e-02 
 6.483824492571e-02  5.841654797707e-02 -3.635724161315e-02 
 8.288660379601e-02  7.277642523711e-02 -1.672400442071e-03 
 1.025206318296e-02  8.583064270632e-03 -5.278733229093e-03 
 3.024693687409e-03 -7.513362795620e-02 -6.599142094070e-01 
-1.145018601917e-03  3.023685305599e-03 -4.447968089211e-03 
-3.849279128409e-03 -2.837476670791e-01 -3.809779770486e-03 
 4.323784289592e-03  7.714917809603e-03 -1.961275786989e-01 
-9.305387761962e-01  6.995121863892e-04  9.852023498023e-03 
-5.162693133017e-03 -2.006508240505e-01 -5.397361059687e-01 
 5.183705285169e-03  1.475091932189e-03 -5.355384363659e-03 
 4.940826084803e-03 -1.408629073524e-01 -3.180642126342e-01 
 4.887363421360e-01 -2.225336248209e-02  7.266256031383e-02 
 5.199672457530e-01  2.232037115830e-02  2.884627187163e-01 
 3.188577420336e-02  2.432500388127e-04  1.374073607385e-02 
 1.007139316543e-02 -3.136724075519e-03 -1.703119979327e-02 
 1.056955149610e-01  4.243569509938e-01 -8.299146355592e-02 
-3.634255483647e-02  1.478231826107e-01 -1.552250486642e-01 
-3.105450402362e-02  1.976842920765e-01  3.652151634859e-03 
-5.186701107257e-03 -2.159251978195e-02 -1.145930846156e-02 
 2.098239028489e-03  2.398078197154e-01  1.074920010661e+00 
-9.742964231977e-04 -5.498214211040e-03  1.619117646772e-03 
-2.687327207324e-01 -6.669241821264e-01 -5.604628256450e-03 
-2.313633279648e-03 -1.617749502647e-03 -2.543781032274e-01 
-6.836087824788e-01 -3.391379164351e-03  7.181980134998e-03 
-2.951753339327e-03  2.168645080444e-02  4.844677624186e-01 
 1.736757005852e-02 -1.436766173456e-03  3.603801554140e-03 
 8.055674910142e-03 -1.013918609940e-01 -1.274711183096e-01 
-2.183843436536e-01  1.724484163804e-01 -1.838554508341e-01 
-3.124150948915e-01  3.824570006108e-01 -3.598505358239e-01 
-1.205151702653e-02  1.423444212417e-03  7.577750443697e-03 
-2.659151837718e-03  5.461875326388e-04 -2.672824818908e-02 
 2.428543160325e-01  9.540573406111e-01  1.498005470014e-01 
-8.036394895686e-02  1.362756940839e-01  1.893351653888e-01 
-1.321437387107e-01  2.682614839521e-01 -1.440336819554e-03 
-5.882862495074e-03  2.177469818678e-02  1.242558201446e-02 
 2.241218861786e-03 -8.434202289369e-02 -1.275334743151e-01 
 4.201449666760e-03  1.334511637154e-03 -1.003184579960e-02 
-1.097067145899e-01 -1.194122123074e+00  9.343464629584e-03 
-3.963930143400e-03  2.256450815414e-02  1.685148849765e-01 
 7.827569830081e-01  4.111031502785e-04 -3.103571021508e-03 
-1.152221257039e-02 -4.373483322931e-02 -5.752643188003e-01 
-8.341845509464e-03  1.119997921098e-03 -3.404089459311e-03 
 2.821872413231e-03  9.441038721852e-02  1.853352663538e-01 
 1.777365404370e-01  4.490828049732e-01 -3.353115562213e-02 
 2.636975593236e-01  1.000401994184e+00 -2.124566095804e-01 
 3.666285032922e-03  1.571249484976e-02 -1.002320858868e-03 
 6.631747371489e-04 -7.783915413731e-04  5.212573737162e-03 
-1.974013610676e-02 -1.479885905897e-01 -6.920629437039e-02 
 1.259899173514e-03 -1.248788977109e-01 -8.968059207419e-02 
-1.658549180360e-01 -1.597649410627e-01  5.220598488644e-03 
-3.300409388641e-03  8.956126519171e-03 -1.117520661254e-02 
 1.128539995764e-02  1.198883841371e-01  1.053713481196e+00 
-1.095329190421e-03  2.945928165395e-03  8.789314761413e-04 
 9.401466474067e-02  4.756517007325e-01 -6.094387448258e-03 
 1.591651196718e-03  1.218772988546e-06 -7.073789426594e-02 
 2.548118973693e-01  1.067959940944e-03  8.303874570474e-03 
-4.181954731937e-03 -1.820749316671e-01 -1.750852738693e+00 
 8.469980976004e-03  3.544486351868e-03 -4.030437303230e-03 
 6.501065901792e-02  5.389046376719e-02 -2.325411119783e+00 
 5.490597481835e-02 -1.271145661891e-01 -4.369071322327e-02 
 7.126738153236e-01 -7.075846235762e-01 -1.866958657643e+00 
 8.687783264814e-03 -5.803681203616e-03  2.088641071006e-03 
 1.324949868182e-02  3.153958901059e-02 -5.377696704997e-02 
 4.728408863003e-02  1.798991870114e+00  6.131281558517e-02 
-8.963839393604e-02 -3.094047442245e-01  2.378264082747e-01 
-2.506547769462e-01 -1.066678287060e+00 -5.503312991384e-03 
 1.834089219045e-02  2.144332750203e-02 -1.624600857613e-02 
 6.025882882596e-04 -1.231212475958e-01  1.427731376928e-01 
 3.628348347386e-03  1.398398116913e-02 -7.186667055744e-03 
-6.076797757307e-02  8.717559899091e-01 -4.768503816734e-03 
 4.754374512434e-03  1.211416739658e-02 -9.179831073698e-02 
-4.154720679751e-01 -3.616503715925e-03  1.177305766392e-02 
-2.446719385609e-02 -3.448202248420e-01  1.022969103722e+00 
 4.990097963488e-04 -5.302339398052e-03  2.243953312519e-03 
-7.795722594976e-02 -2.787049480756e-01  6.407508812499e-01 
-1.867847008727e-01 -2.609372263020e-01 -4.590148551034e-01 
 1.792252584237e-01  9.172046841465e-01  6.554721714001e-01 
 1.303910097020e-01  2.400287715540e-02  8.440991515568e-02 
 1.670112336699e-02  5.886586350581e-02 -1.129402222790e-02 
 3.409286240725e-02 -3.555269078347e-01 -9.620972185573e-02 
 1.863758329758e-02  3.701530739049e-02 -4.767501435012e-02 
-1.356691585240e-01  1.836828158034e-01  9.200024466531e-03 
 4.291342390081e-03 -8.097685918950e-02  1.628357412938e-02 
 7.374108054218e-03  6.462693125181e-01 -7.984564085868e-01 
-7.739896022677e-03  4.341942701918e-02 -8.378858109536e-04 
-6.677231741473e-01  4.888519304180e-01  1.929622010770e-03 
-1.383418322330e-03 -6.922169937373e-02 -1.215422112321e+00 
 1.732667384774e+00 -6.131457582542e-03  5.611348843151e-02 
-1.264838569090e-03 -6.454270855158e-01  1.563658245619e-01 
 3.509502714457e-02 -3.293579052910e-02 -2.719163689334e-02 
-1.189492321281e-01 -5.429779736109e-01  8.517816099413e-01 
 2.728884617001e-01 -6.411375207091e-02 -8.269738738237e-01 
-6.924480914559e-01  2.372669606144e-01  9.071993381118e-01 
-1.223095264194e-01  9.710316180672e-03  1.315488359833e-01 
-4.142133475523e-02  4.568886370118e-02 -1.453531525245e-02 
 1.118422560502e-01 -5.004105327045e-01  2.392855920673e-01 
-2.023548433769e-02  1.029747862374e-02  2.133250984847e-02 
-5.439683652338e-03  8.603993281613e-02  7.378824105883e-03 
-3.285845548383e-02 -1.487217383694e-01  3.491627928070e-02 
 4.588237145988e-03 -9.797430439042e-01  9.934499129481e-01 
 2.344246012215e-02  5.321321140879e-02 -1.773982019687e-02 
-9.063657664173e-01  8.575807429208e-01  4.541911489735e-02 
-1.805854414146e-02 -1.358065075976e-01  5.024634918637e-01 
-5.027924841277e-01 -5.678777120154e-03  1.569271192783e-02 
-6.884516246320e-03 -2.219157928307e-01 -3.858623634755e-02 
-2.757565951631e-02 -4.918185248373e-02 -4.594248997533e-02 
 4.112332876475e-02  4.736224634495e-01  5.550131052576e-01 
 4.753053858644e-02 -4.851048677187e-01  4.155940609365e-01 
-5.325394621672e-01  1.800335188390e+00  2.574524428436e-01 
-5.101136420163e-02 -3.005341072748e-02  2.392197925389e-02 
 1.276776322785e-02  1.679623542244e-01  1.052240293456e-02 
-2.226072591908e-01 -7.925366089132e-01  7.159444512225e-02 
 6.779686852439e-02  3.222083010087e-02 -1.833574392826e-01 
-8.957944432226e-02  7.325380293551e-01 -1.047252356577e-02 
 3.908724106263e-02  5.292613010339e-02  1.931226321310e-02 
 2.329190963630e-02 -7.467225005527e-01  1.133130879092e+00 
-2.124183462416e-02  1.123124823059e-01  2.877978673519e-02 
 5.163523804863e-01 -8.433325496865e-01  1.204623880958e-02 
 3.158256415013e-02  8.132535365732e-02  6.747908478256e-03 
 5.294965681678e-01  1.712625974184e-02  9.901247935011e-02 
 3.266057905536e-02 -1.237238253541e+00  3.505757544923e-01 
-2.496005232421e-02 -2.934593587450e-02 -1.670895144263e-02 
-1.612339309208e-01 -8.294473637693e-01  1.303094446653e+00 
-9.398309073035e-01  1.999097346239e-01 -2.850419237785e-01 
 1.505250602875e+00  2.683326803751e-01  6.353450395878e-01 
-8.629289765042e-02  1.319398864161e-01 -6.438089333025e-02 
-7.441951407122e-02  1.237570354789e-01  2.536294055029e-02 
 1.077541102885e-01 -4.907356546502e-01 -3.642220574294e-02 
-1.614041473088e-01 -8.189457015737e-02 -1.395592837876e-01 
 4.303171563007e-03  1.643409369202e-01  3.428327781577e-02 
-2.029327914362e-02  4.487311979119e-03  5.135717199438e-02 
 8.297637867063e-03  4.863258717394e-01  2.748279324948e-01 
-4.555391293553e-02  7.014444783934e-02  3.501578482786e-03 
 1.879702585992e-01 -2.342168540490e-01  3.565402862924e-02 
-4.450536302499e-02 -4.230256649752e-03  1.175289658870e+00 
-1.856334874939e+00  1.413104312662e-01 -5.581005415095e-02 
-4.922110652561e-02 -5.703073396142e-01  4.361652045568e-01 
-4.112681884845e-03 -3.175752893353e-02  2.996509929415e-02 
-1.373593892357e-01 -6.619258767276e-01  1.550348108055e+00 
 9.038205440820e-01  5.367285219923e-01  1.843894387250e-01 
-1.669327744507e+00 -4.035951445778e-01  2.705857520188e-02 
 8.824499611308e-02  2.007466795158e-01  2.420263154784e-02 
 9.066499150323e-02  1.102618658732e-01  2.483698343178e-02 
 7.722013496306e-02 -6.544088808246e-01  1.976974492011e-01 
-1.812135833295e-01 -8.647264552196e-02 -1.705247491058e-01 
 1.265808447427e-01  4.632862978074e-01 -3.687840326824e-03 
-4.738121907182e-02 -2.993774210665e-02 -2.180126474078e-02 
 3.648441470259e-02  9.759601880321e-01 -1.961782137667e+00 
-1.416149624588e-01 -9.285325607929e-02 -1.142885009962e-01 
-6.113649092576e-02 -3.488564691648e-02 -4.796213582860e-03 
-5.174263338531e-02 -3.836841262650e-03  4.048251194065e-01 
 1.791064811192e-01  5.637573176549e-02  4.680759782431e-02 
-6.881778721530e-03 -6.746664192157e-01  7.521943948183e-01 
 8.692332164997e-03 -7.098210444380e-02  4.921236489090e-02 
-1.731523456966e-01 -9.432396341290e-01  1.497252818414e+00 
 1.567243103574e-01 -9.760040216841e-01  3.758991186993e-01 
-3.276676504463e-01  2.454232051042e+00 -5.973413093118e-01 
-9.107453606537e-03 -8.618315447472e-02 -7.759691670973e-02 
 2.648556282676e-02 -1.412036406175e-01  5.124616503405e-03 
 1.064027981859e-01 -2.065169892609e-01  8.194458117811e-02 
-2.965188788940e-01  1.329668757726e-01 -2.955623464622e-02 
 4.163747071636e-02 -2.528315365129e-01 -6.925266279664e-03 
 3.492169777226e-02 -8.226721369769e-02 -9.360164930981e-03 
 8.678290259514e-04  5.968244934907e-01 -1.284499805250e-01 
-2.256101578891e-03  2.193853632334e-02 -8.352584062877e-03 
-3.258879781004e-01  6.026552383498e-01 -2.898238253540e-03 
-1.512359094339e-02 -9.324123853765e-02  6.284275312904e-01 
 5.145035530971e-02 -8.983122419517e-03  4.470172303958e-02 
-1.473906434490e-02  4.785957635064e-01 -2.206589799247e+00 
-1.769716387531e-02  2.783792474940e-01 -6.918563724725e-02 
 1.688550777739e-01  6.217413826531e-01 -1.642745092354e+00 
 4.896388559581e-01 -4.508875545782e-01 -7.677576423637e-01 
-7.050712726043e-01  8.941044581913e-01  8.949775187055e-01 
-2.163278407652e-02  1.293028164689e-01  2.225494030889e-02 
-1.764785626049e-01 -3.200055803367e-02  2.242343625100e-02 
 1.535112571282e-01 -1.631096486394e-01 -4.968844559264e-01 
-2.771767342744e-01 -4.635203617622e-01  7.574759109889e-01 
 1.062186746483e-01 -1.638848892307e-02  1.764319500852e-02 
-8.321093841310e-02  4.024216488087e-02  7.867570715541e-02 
-5.944965161110e-03  3.505714155145e-01  9.990341341021e-02 
 1.349847813633e-01 -9.908937270034e-03 -2.940487244434e-02 
 1.009138559131e+00 -8.742844621906e-01  8.284118478299e-02 
-1.045821658270e-01  1.468669881909e-01  3.086430354897e-02 
 6.585739957463e-01 -1.446961358441e-01  5.627595423845e-02 
-4.512724219665e-02  5.026390509911e-02  5.424794901471e-03 
 1.246828922838e-02  3.259746284943e-02  8.102680806818e-02 
 3.227198290076e-01  1.423215210224e+00 -1.556210484588e+00 
-1.973133944799e-01  6.856492801299e-02 -3.073677079722e-02 
 3.140108163818e-01 -2.012394758646e-01  5.568201888868e-01 
 5.926388737908e-02 -8.214541137508e-03  1.930536383173e-01 
-3.311580685915e-02  2.034293779510e-02  5.561174298823e-03 
-4.697256176221e-02 -3.238510349761e-01  4.282626907329e-01 
-1.127522077364e+00  1.308183433256e-01 -6.969226501423e-01 
 1.548248346073e+00  1.975122087317e-01  3.572652449491e-03 
 1.555824395315e-02 -2.534536761236e-02 -3.290564565171e-02 
-1.015759468107e-02  3.793194438813e-02  3.569402355460e-01 
 1.053582751999e-01  1.665443341566e-02 -2.925554038452e-02 
-2.145075242850e-01  1.218308351504e-01 -5.546862659803e-02 
 1.335063728269e-02 -6.963395359719e-02  1.193332073310e-01 
 2.935003680101e-03 -7.517208614970e-02 -5.503498212843e-03 
-7.764830738813e-02 -5.679364154288e-03  3.185993571929e-01 
 2.102114312390e-03 -5.906067660604e-02  9.505333567583e-02 
-1.019875211753e-01 -3.300967273273e-01  3.301390265491e-01 
 7.347901266430e-02  2.808246395421e-01  2.736256227364e-01 
-4.447102362162e-01 -8.244920760577e-01 -6.306486957633e-01 
-5.128642661275e-02 -1.911304526777e-01 -8.575004079359e-02 
 5.750975319963e-02  1.483293463172e-01 -5.702504562451e-03 
-5.461574441130e-03  3.036175635739e-01 -1.120249331259e+00 
-5.024219708312e-01  3.135449190242e-01  1.599936535327e+00 
 7.731570999707e-01 -4.140587588158e-01 -2.551740812388e-02 
 5.346189989581e-02  5.141949279646e-04 -3.963925603242e-03 
 1.519091438716e-03 -1.693352062586e-01 -2.494373611392e-01 
-6.020679033915e-02  1.152405293372e-02 -9.075588668070e-02 
-3.761077010600e-01  4.480192178420e-01 -3.149699788981e-03 
 6.093925125194e-02 -5.515207524229e-02 -7.449322237483e-02 
-9.784245008638e-02  5.035982049053e-02 -1.895667167912e-02 
 8.702988592931e-02 -1.664525358447e-01  1.889304711817e-01 
-3.627986065716e-02 -3.068842223528e-02 -1.129210960102e-02 
-3.464367340630e-01 -1.643365068967e+00  4.253700069069e+00 
-6.821494865892e-02  4.881281410769e-02  7.102431838268e-02 
-3.209607209407e-01 -3.200846717705e-02  6.154666225066e-01 
-1.332685363346e-02 -1.021012367227e-01  2.435335010633e-01 
-7.454247245434e-02 -3.694074445912e-02 -8.525448230788e-02 
-4.602107722863e-01 -1.107515774732e-01  3.362251787001e-02 
-2.747488535570e-01 -8.975292249090e-01 -1.816371711764e-01 
 7.123835817862e-01  2.396034851369e+00 -1.373325695764e-02 
 2.252449237061e-02  1.179692745951e-02  6.471888809413e-02 
-3.794382822033e-03 -2.553136788936e-01 -2.220019171081e-01 
-4.262131892030e-02 -4.996925313129e-02 -6.951456240429e-02 
-2.536265456744e-01 -1.052677588702e+00  5.697638363449e-02 
 7.630062677839e-02  2.965928692618e-01 -3.087197725123e-01 
-2.008328484480e-02  6.508134884051e-02 -5.851567182194e-02 
 2.236605763482e-02  2.253792328454e-01 -7.231914440565e-01 
 8.112291385311e-03  4.081075549027e-02 -1.459257306472e-01 
 1.665791699267e-01  7.074846603780e-01 -3.405673858574e-01 
-2.423463800837e-01 -1.323945937970e-01  1.404662417246e-01 
 1.424551326780e-01  7.661546636772e-01  2.813010702772e-01 
-2.585825690047e-01  2.120406580936e-01  1.429478164852e-01 
 4.016622822699e-01 -1.394205040225e-01 -4.512793559775e-04 
-2.658398081998e-02 -1.131107146721e-01 -2.572741362061e-01 
 1.604917393470e-01 -2.221954361738e-01  1.419818198175e-01 
-3.520554461183e-01  1.117262706552e+00 -4.745440965238e-02 
-8.087604347033e-02  1.865698671440e-02 -9.958827375859e-02 
 2.624257329149e-02  1.309356754416e-01  2.595674187478e-01 
 1.549974386030e-01  8.176954839673e-02 -2.747599852405e-01 
-6.829772615962e-01 -6.098991919501e-03 -2.182010403230e-01 
-1.521261683848e-01  7.673155396811e-02  1.545610990955e-01 
 2.869199477274e-02 -9.624921172822e-02 -8.849766023772e-02 
 1.093174356897e-01 -8.220911255318e-02 -3.091745894452e-02 
-1.445053566310e-01 -1.442609911704e-03  5.375163525011e-02 
-5.077745714999e-01 -2.047138874354e+00  2.559188954730e+00 
-8.454813147388e-02  1.546692301471e-01  1.245030139354e-01 
 3.691054919897e-01 -6.591765735194e-01 -8.232945345505e-01 
-1.816999214181e-03  2.924359379774e-02 -1.849929420346e-01 
 9.653926216523e-02 -1.465053361508e-01 -3.517396901423e-01 
-1.643675025864e+00  2.368339691334e+00  1.014877486639e-01 
-2.152686097719e-01  3.780971992067e-01 -1.209478040523e-01 
 2.833122065286e-01 -8.494154460328e-01 -4.955568917684e-03 
-1.080901257266e-01  5.299978090052e-02  3.375146631019e-02 
-9.173132734746e-03 -6.905993147163e-01  1.639283610760e-03 
 1.618308717826e-01 -1.072715902037e-01 -2.797066000531e-02 
 2.585116440349e-01 -2.605603674384e-01  8.389703491117e-02 
-1.650864210128e-01  8.206674718134e-02 -7.054234254743e-01 
-3.435444208979e-02 -1.522298159168e-01 -8.538315300993e-02 
-1.267656225809e-01 -5.018425632082e-01 -7.949986062965e-02 
-9.910745622241e-02  8.191555265357e-02  2.554479025390e-01 
 1.539237389988e-01  7.224646241507e-01 -1.117269557114e-01 
 3.429460020413e-02 -4.718754654978e-03  3.165340077846e-01 
-9.253547174262e-01  7.916655151689e-01 -9.718917097973e-02 
 2.986770144135e-01  1.628450841825e-01 -1.234396289247e-01 
-1.745381802524e-01 -1.233232541471e-01 -2.053026562065e-01 
-9.486547533319e-01  1.133871985927e+00 -3.608261152822e-01 
 1.783451398657e-01 -1.487678740439e-01  7.336944667456e-01 
-3.883293162125e-01  1.544844375841e+00  1.353346623887e-01 
 5.094293866103e-02 -3.474146670676e-02 -9.517915089201e-02 
-1.766059081357e-02 -3.512088059314e-01  1.840934502331e-01 
 2.506203147247e-02  7.987522883248e-02  9.562168129584e-02 
-1.281592931632e+00  8.574854730202e-02 -5.392099079907e-02 
 1.612740972339e-02  7.457866131673e-02  7.554991249997e-01 
-7.074260127002e-02 -1.077449778049e-01 -1.591937558565e-01 
-2.819961011476e-01 -3.391272968458e-01  8.071175112460e-04 
 2.847446160718e-01  6.515412065515e-04  7.649455285444e-02 
 4.099182921112e-01  1.670806322097e+00 -3.658453827303e+00 
-1.967193183504e-02 -4.060252768568e-02 -7.333608646181e-02 
 4.497395320015e-01 -6.408778432231e-01 -7.020718242684e-01 
-1.333176845945e-01 -1.481069706824e-01 -2.155674212929e-01 
 8.012933205036e-03  1.691229541897e-01 -4.441662106057e-01 
-1.897306665984e+00  4.166550682001e+00  5.392949404775e-02 
 1.058385866847e-01 -1.321494556476e-01  1.813607118354e-01 
-2.377917612144e-01  1.948510121492e-01 -6.585674512465e-02 
-1.336141070964e-02  4.460835216347e-02  1.677338935488e-02 
-6.535256553001e-02  5.419749836353e-01 -1.988446352839e-01 
-1.376505035094e-01  8.481647744901e-03  1.967463982711e-02 
-9.293736189863e-01  1.279369162207e-02  2.090369655535e-01 
-1.234152822195e-01  1.446119094847e-01 -4.963221220955e-02 
 4.692793326573e-02  2.492973729758e-01  4.015870113974e-01 
-1.580896015269e-01  7.191639921929e-01  1.498404872088e-01 
-2.655949902449e-01 -5.041879612532e-03  1.205939088720e-01 
 1.734518364874e-01  6.908845140041e-01 -3.052741380711e+00 
 1.226358812375e-01 -1.586631860782e-01 -3.844441527376e-01 
 5.541661945895e-01 -5.810899623519e-01 -8.793549849845e-01 
 1.900030709649e-01 -3.186766512159e-01 -8.421481716614e-02 
 3.827745402419e-01 -4.795467923237e-02 -2.457536464812e-01 
-9.863710947343e-01  3.097984566431e+00  1.182577819596e-01 
-3.435644753643e-02  4.356066609970e-02 -1.136577263414e-01 
-1.708756609190e-02 -1.463177378081e+00 -5.354927984640e-02 
-1.945827296328e-02  2.767263070668e-02  3.086814084802e-02 
 3.080232278990e-03  3.320882479993e-02  1.674216198866e-01 
-1.451950732484e-01  2.851520272498e-01 -1.167969498603e-01 
 4.509157134374e-01 -1.040852462478e-01  2.546961024672e-01 
-2.018142591288e-01  1.798703719836e-01  3.999966789569e-01 
-4.541307875299e-01  1.141593559275e-01 -2.245571736413e-01 
 3.946422213086e-01  1.656944692302e-01  2.395204627230e-01 
 3.620606810109e-01 -2.194671707673e-03  4.540283544168e-02 
-1.759837279811e-01 -7.559167710724e-01  5.310569732351e-01 
 6.349149954465e-02  3.693477648907e-03 -3.120267429705e-01 
-5.622316961205e-02 -1.263488884680e+00 -8.899716777576e-02 
 1.120241102058e-01 -3.887474486545e-02  1.776766860163e-01 
-4.978248997024e-02  9.998281210728e-03  2.829102671332e-02 
 1.568678639928e-01 -2.487258947903e-03 -7.794916215169e-03 
-1.927647224209e-02  5.647978667096e-02  3.304618984581e-01 
 2.936353489688e-01 -6.285447916953e-01  4.881214402975e-02 
-1.004617799615e-01  9.016853330861e-03 -1.387520143936e-01 
-2.452975068677e-01 -6.405454867528e-01  8.420489996650e-02 
-3.257108937036e-01  3.132777242523e-01 -2.247487625423e-02 
 4.718219855396e-01 -9.216543667693e-02 -5.107207607791e-01 
-1.985728402700e-02  1.012275084263e-01 -3.352664943037e-01 
-1.114339760525e-01  2.930883736704e-01  2.307723972648e-01 
-3.874881833437e-02  5.297677466078e-01  4.595881628050e-02 
 3.291990008995e-02  2.004481680796e-01  4.181460648522e-01 
-6.187282790070e-03 -2.926500197625e-03  2.872045756497e-01 
 3.014522644748e-03 -2.114221921012e-01  1.984835340974e-02 
-1.669250535086e-01  7.313566577081e-01 -2.320575134260e-01 
 9.399725850387e-03 -2.835741099974e-01 -3.759333110365e-02 
-1.070553724444e-01 -1.874810689068e-01  2.305862624280e-02 
 1.260743726119e-01 -3.467147640678e-02 -1.868488616101e-02 
-5.915944802812e-02 -1.162295140449e-01  2.883869192245e-01 
 3.178014560592e-01  2.505226315643e-01 -5.458499199326e-02 
-1.423334553689e-01 -2.653112580693e-03 -9.257249133885e-02 
-1.298948396527e-01  2.139790859606e-01 -5.712139376647e-02 
-1.016659141572e-01 -2.630176722857e-01  4.563341137557e-01 
-1.741604830805e-01  5.682231405296e-02 -2.843007269105e-01 
-5.468537162513e-01  3.988334838782e-02  2.238818430997e-01 
 3.114990187152e-03  7.361213956087e-03 -8.973173890265e-02 
 1.323384727940e-01 -7.649774975181e-01  6.904218769613e-02 
-1.178290376042e-01 -2.015824008996e-01 -1.666607390648e-01 
 8.471276458735e-04  2.364927414842e-02 -1.475956386091e+00 
 1.378684412698e-01 -7.275105340302e-02 -3.880968621532e-01 
 5.289903923975e-01 -3.857409783664e-01  9.627928472976e-02 
 1.695776133053e-01 -6.367261482785e-02  2.340055396923e-01 
 4.741811560432e-01  1.101658664832e-01 -7.513106790122e-02 
-3.035996224205e-01  9.549796679099e-01 -1.811145029408e-01 
 4.197495442763e-02  2.754653556897e-01  9.065810721822e-02 
-9.152391509713e-02 -1.607595049086e+00 -1.345125827316e-01 
 6.850682065007e-02 -5.854852530030e-02 -6.771515878010e-02 
 2.037135243748e-01  2.202445658014e-02  2.727568975896e-01 
 2.158389003209e-02 -4.366245522715e-02  2.434143332444e-01 
 9.878795810614e-01 -2.566227002048e-01 -8.106982003947e-02 
 6.000821282147e-02  1.939959555112e-01  3.963572358190e-01 
-5.953861991427e-01  8.174813018199e-02 -1.031829429835e-01 
-5.935592431604e-01  3.634367260094e-01  4.901992552522e-02 
-2.056313916880e-01 -3.444030902213e-02 -2.339859570235e-01 
 6.492242474720e-02  1.565406294348e-01 -2.224100541874e+00 
 1.747661819833e-01 -2.006680238334e-01 -5.720062749946e-01 
 2.453585931044e-01  4.019596039679e-01 -8.965760156506e-01 
 1.170917869609e-01 -6.269720338017e-02 -3.550875270736e-01 
 2.683538319510e-01 -1.686311906395e-01 -1.766031817625e-01 
-6.133130886154e-01  2.666416453232e+00  1.167945870055e-01 
-1.946610753853e-01 -1.308212457263e-01  2.868593607858e-01 
-6.155010605745e-01 -8.711058983794e-01  3.697620762225e-01 
 5.006152873332e-02  8.984035169517e-03 -7.668237770038e-02 
 4.998185725798e-02  1.639638733091e-01  9.890896317542e-02 
 7.068760941916e-02 -1.948523416356e-01  2.620327553992e-01 
-4.850610924464e-02  9.503870969054e-02 -1.926501893110e-01 
 5.768723673782e-01  2.712238335862e-01  3.224749224672e-01 
-9.522238216213e-02  9.155483879794e-02  3.057930195790e-02 
 3.916147418363e-01 -3.667719651139e-01  2.235257465510e-01 
-2.728594674617e-01 -6.575627604329e-02  9.358405497591e-02 
-5.620050728082e-02 -4.485698886971e-02  6.321650916266e-01 
 2.753645058624e-02 -3.269149519619e-01  6.716004176548e-03 
-2.395570705939e-01  1.489632048838e+00  5.644491974165e-01 
-6.223830261607e-02 -3.028269730487e-01  3.532201707676e-01 
-2.199430261803e-01 -4.765233455284e-01 -3.827104269313e-02 
-2.552092975209e-01 -7.152029624851e-01 -8.562435398188e-02 
 3.444519436619e-01  3.507132730468e-01 -8.229110009873e-02 
-6.398316321865e-01 -2.524837164663e-01 -8.876322812282e-02 
 5.785325107140e-02 -3.382798429566e-02  3.064929057592e-02 
-2.921811695001e-01  6.772065188156e-01 -2.764089252621e-01 
 1.116012561125e-01 -1.982403341592e-01 -4.207154533031e-01 
 2.934217587653e-01 -9.079077190326e-02  4.112585317922e-02 
 2.540368696144e-01 -1.431620070489e-02  5.844967987538e-01 
-1.417621476469e-01  2.022658052486e-01 -4.423068732595e-02 
-1.754823112564e-01 -1.151934567782e+00  3.288981099463e-01 
-1.897798494664e-02 -1.743443431429e-01  1.599558245925e-01 
-8.952557488800e-02 -2.961136332720e-01  1.982122112512e+00 
 4.288390816842e-03  1.269577288779e-01  4.153519074650e-01 
-5.383728372281e-01 -9.830870052977e-02  2.557638081034e-01 
 2.306322764080e-01  2.818261404997e-01  3.292239341302e-01 
 4.899168794565e-02 -2.637354038526e-01  1.714216565080e-01 
 6.575633228318e-01 -2.008585439030e+00 -3.068976418420e-01 
-3.666919870856e-02  4.592933221871e-03 -6.039660489419e-02 
 3.735482652587e-01  8.874125971500e-01  6.107640829923e-03 
-8.027120384376e-02 -1.911162952797e-02 -6.673371597825e-02 
 6.747425869773e-02 -7.637430924523e-01  4.502055336843e-01 
 3.803830732386e-01 -1.132360204494e-01  2.145601496130e-01 
-8.838815834774e-02 -4.099643707001e-02  3.942326472863e-01 
-1.450697275445e-01 -1.625158466251e-01  1.050978324614e-01 
-2.338093810116e-01  6.239777638926e-01  3.401545816410e-01 
 1.779017260683e-01 -6.438055755859e-02 -9.687104240034e-02 
-3.535739180076e-03  4.121652493896e-02  7.921022997627e-02 
-5.001240629073e-03 -1.211623073006e-02  7.653507359823e-01 
-3.838485940506e-02 -5.373617606226e-02  8.423559052673e-02 
 3.713747216840e-01  4.894524137030e-01 -9.283994725865e-03 
-2.690718028664e-01  6.982530323298e-02  2.140025531919e-01 
 5.181613287711e-02 -4.431870649368e-01  9.715143267356e-02 
 4.105767921603e-01 -8.578329524176e-01 -1.463708006625e-01 
-7.488287671014e-02 -1.414103033207e-01 -3.180394225546e-01 
-1.584831498545e-01  7.017149321591e-01 -2.236397820092e-01 
-1.098145578461e-01  1.126903105474e-02 -5.338228202633e-02 
 8.106946750788e-02  2.330791536090e-01 -3.223682053183e-02 
-5.542576655950e-01  2.353728293295e-01  4.541344678212e-01 
-2.150258666557e-01  1.774961912122e-02  4.234552512792e-01 
 3.071863997014e-01 -1.097506785194e-01 -2.420992172952e-01 
 1.216824614060e-01 -1.351717370303e-01 -1.422033422705e-01 
-2.410817851067e-02 -4.826563718240e-01  1.503489649374e-01 
-1.211559145656e-01  2.285522235140e-02  3.634263401546e-01 
 4.826509447286e-02  2.729319923723e-01  4.703743309836e-01 
 3.397586141872e-01  4.336194546596e-02  1.544690711807e-01 
 4.766424055628e-01 -1.383482951406e-01  1.782125401786e-01 
 3.873173068927e-01  5.072117268934e-02  3.525996034029e-02 
-2.667737490092e-01  1.253307186437e-01  8.908999251327e-02 
 3.462913862083e-01 -7.900564893970e-01  2.729177560731e-02 
 1.026921431934e-01 -6.515286554625e-02 -4.052479334424e-01 
 1.005506346984e-01  3.557604789577e-01  1.810805707800e-01 
 3.317466063948e-02  7.404849265104e-03  6.637158925784e-03 
-2.723767160811e-01 -7.203002702840e-02  3.465917820088e-01 
 1.010765159684e-02  2.924835367358e-01 -1.075302721809e-01 
 2.125879481715e-02 -4.394321892899e-02  2.555167126759e-01 
-1.555277140213e-01 -1.024373801570e-01 -1.380932743854e-01 
-4.362895397733e-01  7.842640636956e-02 -5.434253874531e-01 
 5.513087527094e-02  2.341287489195e-01 -1.763155190009e-01 
-8.624459922997e-01  7.336801756475e-02  2.641872281368e-03 
 6.317470678577e-02  5.827598023417e-01  2.206069967521e-02 
-1.426901322861e-01 -3.136316947244e-01 -1.370120667724e-01 
 1.213289003537e-03 -2.114426420514e-01 -2.351558503954e-01 
-6.457490571713e-02  1.896956747399e-01  4.634810155995e-01 
-2.957229264540e-01  1.290712495315e-01 -3.125099944427e-01 
-1.385700944786e+00  1.326591565404e+00 -1.456794721818e-01 
 2.110888210154e-01  3.503010647909e-01  2.427737682802e-01 
-3.374177839529e-02 -3.802542844198e-01  2.065681537358e-01 
 2.521424946693e-02  4.797255430579e-02  3.468555642448e-02 
 4.546895819071e-01 -1.804033387001e-01 -3.153788189229e-01 
-3.527441369527e-01 -4.861838952707e-01 -5.211423335205e-02 
-1.279771971747e-02  8.142955565071e-02 -1.464568581719e-01 
-1.495019382336e-01 -1.690074007435e-01 -1.985851101640e-01 
-6.636327478928e-02  2.145220895055e-01 -3.472960690724e-01 
 2.185720025047e-01  2.727502545965e-01 -2.558349643108e-01 
 2.141053321633e-02  3.050007583505e-01  1.575887184713e-01 
 7.391184293017e-02  2.991748855579e-01 -1.321077095707e-01 
 2.652925626677e-01 -2.950801094886e-02 -3.318223933447e-01 
-2.784580516510e-01  4.332224207019e-01 -3.103834741042e-01 
-1.210097650887e-01 -1.445651791782e-01 -2.975604136195e-01 
 2.735242597766e-02  4.240268048078e-01  4.124648302014e-02 
 2.380845919854e-01  2.855996445857e-01  1.341302156573e-01 
 6.412278658954e-02 -4.337628995237e-01  2.002988896659e-01 
-4.047619705397e-01  6.865740996231e-01 -6.024568083717e-01 
 4.001280547679e-02  1.411759787975e-02  9.062140206874e-02 
-1.012653152318e-01  1.017474089247e-01  4.506289865246e-02 
 3.827823248957e-01 -2.412661657858e-01  2.132834825054e-01 
-5.426251681167e-01  1.943823899052e-01 -2.069629433527e-01 
 2.040587767958e-01 -7.456430321032e-03  4.862580540502e-03 
-1.038181729071e-01  1.940128953487e-01 -4.311986145088e-01 
 7.860389055695e-02 -7.071150608695e-02 -2.289222735764e-01 
 7.212172044510e-02  3.095659986907e-01  4.463644228901e-01 
 1.047208131733e-01  4.518666551655e-01  4.506225599917e-01 
-4.407332316213e-01  2.558886937108e-01 -1.110219439312e-02 
-9.443905514411e-02  3.513381946047e-01  1.617427185666e-01 
 1.186715966395e-01 -1.329111736685e-01  2.955941858247e-01 
 3.999612664870e-01  2.882632923896e-01  2.635925427240e-01 
 1.105379368545e+00 -1.463319046287e+00 -3.723750479599e-02 
 1.489959167759e-01  2.262673476445e-01 -2.925937785712e-01 
-5.149064145587e-02  4.336277033305e-01  2.795688389894e-01 
 1.783150813727e-01 -1.497110168895e-01 -2.022113207505e-01 
-3.782237702812e-01 -9.920840809907e-02 -1.605820576183e-01 
-5.240895749638e-02 -5.150686177104e-01  9.267340539197e-02 
-1.294705827674e-01 -1.054554962525e-01  4.487517093648e-01 
-2.088102216202e-01  3.153040871088e-01  3.901839240895e-01 
 1.222148032779e-01 -4.398411607887e-01  1.678121423049e-01 
 1.455513886106e-02 -1.213416326044e-01 -2.460563809997e-01 
 1.273289302263e-01  3.629386171254e-01  3.314702166986e-01 
 1.193448115895e-02  2.074259834355e-01 -2.739759193888e-01 
 1.663433591667e-01 -2.313197639755e-01 -4.621379929905e-02 
 2.643013590717e-01 -2.017306641590e-01 -1.983587187344e-01 
-3.838724964640e-01  4.488457253209e-01  5.715717479204e-02 
 3.692563120922e-01  1.068015462213e-01 -2.594238457183e-01 
-1.125399480388e+00  1.211572901341e+00 -1.169399220051e-01 
-1.674405118384e-01 -1.212522474986e-01 -1.047499252473e-01 
 1.513609407976e-02 -5.110020567444e-01  1.582069293809e-01 
-3.061278740534e-01  1.731148200129e-01  6.442010672433e-02 
-5.847398209165e-01 -1.071430457248e-01  2.302126460583e-02 
-1.408135187768e-01 -1.825464804096e-01  2.021206844483e-01 
 3.078949827986e-01  8.032493906698e-02  7.334987183476e-02 
 3.180010206896e-01 -3.980946727074e-01 -4.760562072745e-01 
-5.020505844821e-03  2.658585504945e-01 -2.984035946119e-01 
-1.257696904403e-01  3.365390785195e-01 -2.668675334044e-01 
 3.324326547573e-01  2.701857389092e-02 -4.240710458205e-01 
-1.235850906014e-01 -4.100467689238e-01  2.246169809002e+00 
 5.628224917455e-02 -9.383250542131e-01 -2.942907752735e-03 
-1.362943476586e-01 -5.963818112198e-01  3.786334420943e-01 
-8.424319032116e-02 -1.468797296259e-01 -5.034047313475e-01 
 3.599278545913e-01  1.382523155853e-01  4.636542040154e-01 
 1.942567499950e+00 -2.729424193868e+00  1.956449636055e-01 
-1.567783312279e-01 -7.452733797215e-01 -3.987342528222e-01 
 5.893655537765e-01  1.355176637806e+00  3.074770844118e-01 
-5.854794935761e-02  8.607840395803e-02  2.681048099013e-02 
 1.745544070603e-01 -9.274668490153e-01 -2.496453049223e-02 
-2.481458613423e-01 -3.147196801285e-01 -3.308240265509e-01 
-1.748472740466e-01 -3.249206253193e-02  1.081425843285e-01 
-1.705806719498e-01 -1.131041317672e-01 -9.173983817257e-01 
-3.325010324634e-03  4.382890679235e-01 -3.146729432873e-01 
-4.973660811038e-01  4.275721502543e-01  2.937426449150e-01 
 1.279864837748e-01 -3.878904509912e-01  4.086651949148e-01 
-1.302185837853e-02  2.531492010094e-01  1.243149052329e+00 
-4.349213929860e-01 -4.063285432052e-01 -8.920289278012e-02 
-1.342538615044e-01 -3.978948765066e-01  8.124112150983e-02 
 3.665978058368e-01  7.157315495192e-01 -5.154602896514e-01 
-1.930964410467e-01 -1.436409814020e-01  1.895652802447e-01 
 8.164201492063e-01 -6.882413304963e-01  9.291824210606e-02 
-2.442095983157e-01  6.670395784703e-01  4.205923536953e-02 
 2.148076821418e-01  1.295898641352e-01 -3.707271292304e-01 
-2.333092791685e-01 -1.277102009418e-01 -2.064892539917e-01 
-4.980204604490e-02 -1.363998901326e+00  1.991182597902e-01 
-5.405366985762e-01 -5.011668225360e-01 -4.543345316268e-01 
-5.983866763186e-01  2.773606879629e-02  1.692518411046e-01 
 1.846651747689e-01  6.496018972381e-01 -4.950454846064e-01 
 1.327082705959e-01  2.367912195373e-01 -1.060195867445e-01 
 9.364580963681e-02  9.909030462770e-02  1.422132258612e-02 
-9.981809961297e-02 -7.670995034480e-02 -3.830767278241e-01 
 5.347550063990e-02  2.835551610402e-01  6.051802150968e-01 
 4.199944148887e-01  2.065008913007e-01  6.865141008742e-01 
 2.567336303636e-02  1.085034051374e-01  1.669840382791e-01 
-1.102803066923e+00  2.531702091905e-02  2.101545358289e-01 
-4.709545818192e-01  1.411938675441e-01  1.793610633681e-01 
 7.679478657682e-01 -9.444219269163e-01  1.153296871870e-01 
-1.060858012144e-02  1.046201975357e+00 -1.483253632290e-01 
 1.368120268332e-01  4.212571660096e-01  2.224867047360e-01 
-1.317131055548e-01 -1.247674782372e-01  1.904832813490e-01 
 4.132946836432e-02  1.072704708528e+00 -2.291706225768e-01 
 4.044338239948e-01  5.546957255240e-01  3.719645990491e-01 
-1.035847568532e+00  8.269565958896e-02  4.234302802080e-02 
-5.009476355721e-02  8.321692288944e-01 -8.517951514043e-01 
 1.990274682057e-01  4.480580815637e-01 -4.941584942819e-01 
-1.488128025423e-01  7.734834855029e-02 -6.742298223303e-02 
 2.958127848559e-01 -3.059608799930e-02  3.544322162826e-02 
 2.216519558700e-01  1.176811694157e+00  5.447231984143e-01 
 2.933362633529e-02  1.372634664123e+00 -7.039942813930e-01 
-3.375224205956e-02 -7.761432131541e-02  2.244728652418e-01 
-1.838317951693e-01 -8.418889487473e-01 -6.247918026125e-01 
 5.797251991557e-02 -8.874340168910e-01  1.501562404317e-01 
 6.272571131332e-01 -5.722472921038e-01  1.397663056523e-01 
-1.697585214162e-01 -3.029710636587e-01 -8.993257786605e-02 
 1.857913141549e-01  2.215197319990e-01  7.320355886379e-02 
-1.304612306066e-01  1.258962313063e-01 -1.149294570736e-01 
 1.246881241505e-01  6.084560609382e-02 -2.087933379731e-03 
-1.193686433852e-03  1.216499867502e-01 -1.663713829903e-01 
-1.050889201317e-01  8.222734801462e-02  4.470045001219e-02 
 2.077047786145e-02  6.117500292593e-03 -2.122860673019e-01 
 8.952550712730e-02  1.857899350002e-01 -2.367512286006e-03 
-2.423226031494e-01 -2.775144401002e+00  7.313018571194e-01 
-5.357463874245e-02  1.456571830192e+00 -4.912341774411e-01 
 2.485070434421e-02  2.883327363093e-01  7.548017128872e-01 
 6.658857945100e-02  3.019454723381e-01 -8.788019523132e-02 
 2.490909694698e-02 -1.717354896523e-01 -7.056421927635e-02 
 3.535296566038e-03  6.429475221859e-01 -2.195449413254e-01 
 4.366786521835e-01 -6.713793751694e-01  6.702973439352e-02 
 2.774842174812e-01 -3.143368902236e-01 -2.143173500499e-02 
-1.790227300110e-01  8.708500465981e-02 -9.690646349767e-02 
 1.037185784623e-01  1.973415069272e-01 -4.224686583458e-02 
 8.053281630338e-01 -5.925791439995e-02  8.048047454282e-01 
-1.950819952502e-01 -7.070549472337e-01  2.391930065888e-01 
-4.220838008403e-01 -1.709269961431e-01  6.167460279119e-02 
-2.499521459137e-01  6.391716019543e-02 -3.404704779195e-01 
-4.078872137242e-01  1.485429785878e-01 -3.349109768178e-01 
 7.432784978626e-02  2.153806146857e-01  2.784951579768e-02 
-5.316586824433e-03 -5.920256919964e-01  1.737702670612e-01 
-3.371051066379e-02  1.727392858374e-01 -2.317497925597e-01 
-3.365835902782e-01 -1.395216880964e+00  2.810736214481e-01 
 3.997449312021e-01 -1.557326365733e-01 -1.017620017771e+00 
 1.867354133468e-01 -2.496542315321e-01 -4.864111192552e-02 
-6.343219833452e-01  1.715017344580e-01 -6.636796702215e-01 
-1.268054169168e-01 -1.001315681494e-01 -1.785884345759e-01 
-6.400325413572e-01  1.633793729265e+00  1.262156783139e-01 
-1.930026127670e-01 -2.021637412934e-01  1.208543962846e-01 
-5.443742365700e-02 -1.125326227226e+00 -1.171070164599e-01 
 8.437354553370e-01  2.119541568324e-01 -9.066105197872e-01 
-4.510314651688e-02  1.934431232157e-01 -9.843677175600e-02 
 3.194986203721e-02  1.703992418886e-01  4.809967543723e-02 
 6.262408352287e-01 -5.946813041991e-02  3.066234394885e-01 
-3.224598808743e-01 -1.958364727226e-01 -8.007702092685e-01 
 1.570675470560e-01  3.629373590709e-01 -3.142098124712e-01 
-3.204213492299e-02 -2.247831095947e-01  1.167691720511e-01 
 1.954373195610e-01 -3.299894344884e-02 -2.366293210999e-01 
-1.240766768262e-01 -7.429888142544e-01 -6.997005427032e-01 
 3.223595517704e-01 -3.517094165572e-01 -8.366969435727e-01 
-1.904854257854e-01  2.179358754842e-01 -7.908946754380e-02 
 4.746402254665e-01 -3.770165798760e-01 -4.447358100599e-02 
 4.526022498566e-01  2.354619285041e-02  4.210855169013e-02 
 5.009369443594e-01  2.480840943006e+00  1.967995866141e-01 
-6.740996321632e-02  7.323804403800e-01  1.845689112592e-01 
-1.905992950316e-01  4.357726526270e-02 -2.559068989776e-02 
 1.841147662118e-02  1.696180989497e+00  1.386442605248e-01 
 9.829035197581e-03 -4.533771283246e-02  2.403935705404e-02 
-1.200275315099e-02 -9.251939669002e-02  2.460211919491e-03 
-3.403150196682e+00  1.319565219780e+00  2.460768646497e-01 
-8.703563775518e-02  1.318659370058e+00  5.957405509215e-01 
-1.641961556098e-01 -2.189134279788e-01  2.068489105854e-01 
 5.076791775300e-03  1.399648312372e-01 -7.872311550975e-02 
-9.515756993414e-02  2.753116702700e-03  9.439646339785e-02 
orbocc
(*)
 0.000000000000e+00  0.000000000000e+00  0.000000000000e+00 
 0.000000000000e+00  0.000000000000e+00  0.000000000000e+00 
 0.000000000000e+00  0.000000000000e+00  0.000000000000e+00 
 0.000000000000e+00  0.000000000000e+00  0.000000000000e+00 
 0.000000000000e+00  0.000000000000e+00  0.000000000000e+00 
 0.000000000000e+00  0.000000000000e+00  0.000000000000e+00 
 0.000000000000e+00  0.000000000000e+00  0.000000000000e+00 
 0.000000000000e+00  0.000000000000e+00  0.000000000000e+00 
 0.000000000000e+00  0.000000000000e+00  0.000000000000e+00 
 0.000000000000e+00  0.000000000000e+00  0.000000000000e+00 
 0.000000000000e+00  0.000000000000e+00  0.000000000000e+00 
 0.000000000000e+00  0.000000000000e+00  0.000000000000e+00 
 0.000000000000e+00  0.000000000000e+00  0.000000000000e+00 
 0.000000000000e+00  0.000000000000e+00  0.000000000000e+00 
 0.000000000000e+00  0.000000000000e+00  0.000000000000e+00 
 0.000000000000e+00  0.000000000000e+00  0.000000000000e+00 