2mocoef
header
1
MO-coefficients from MOLCAS
1
48   48
a
mocoef
(*)
-6.285029675963e-05 -6.882757055390e-04  3.391306784775e-03 
 3.320478677761e-04 -3.675509041077e-04 -3.121776769530e-04 
-7.256153684317e-04  4.944897325971e-04  1.690695322576e-03 
 2.017937464572e-04 -3.484711806984e-04 -3.616583958627e-04 
 3.387220443354e-04 -8.671016339664e-05  1.000969638352e+00 
 5.134893211545e-03 -5.978699861268e-03  9.039244670985e-04 
-4.739898346732e-04 -6.365780183453e-04 -1.229418102701e-03 
 7.929066581340e-04  2.147925531561e-03 -1.926534538226e-05 
 1.756815818881e-04  8.720932603100e-04 -3.604651861191e-05 
 5.641512277719e-05 -5.611417076636e-04  1.945461051270e-04 
-2.916192533597e-05 -4.845061798186e-05 -4.367381607339e-05 
-1.573866631165e-03  9.804314413525e-04  2.818651498838e-04 
-8.742478339524e-05  7.917013537813e-04  1.868527336489e-04 
 1.257176031124e-04 -6.565419956179e-05  9.684409835472e-05 
-2.134433193512e-04 -6.519646597695e-04  3.881830274740e-04 
-4.831010694629e-05  6.557939919830e-05  1.649501283881e-04 
 1.001371942130e+00  8.359019888823e-03 -6.141763448692e-03 
-6.650141122507e-04  3.416184460570e-04  1.605395540506e-03 
-2.546906625523e-05  4.322039957124e-04  2.338771545396e-04 
-2.471949079406e-04  4.830569740568e-04  1.364018473929e-04 
-5.083641701765e-04 -4.587791378934e-04 -2.553324825382e-04 
 3.829826240038e-04 -1.576773823268e-03 -4.818133693026e-05 
-7.782922219167e-05  6.650713518303e-06 -3.081103180737e-04 
 1.433190644001e-04  1.771242377744e-03 -1.227035145161e-05 
-2.110722455118e-05 -4.010257405917e-04  1.426519927358e-04 
 6.808508157529e-06  3.865034877724e-05  8.035460653412e-04 
-3.306752449693e-04 -1.939838982562e-04 -1.646552090199e-04 
-4.965348070642e-04 -8.350960357228e-05  8.645284463686e-05 
-5.494695798027e-05 -1.333116003134e-04 -3.085265050879e-04 
 1.234012771007e-03  4.397342543903e-04 -2.467952461254e-04 
-8.462508764880e-05 -5.182048506175e-04  1.394942593871e-03 
 3.939544908480e-05  2.209686617332e-04 -3.091316190113e-04 
-1.407027246673e-02  5.097253432968e-01 -2.267999913806e-01 
-6.536410732031e-02  3.721055234447e-02  2.273995833859e-01 
 4.254127668750e-02 -3.503607994706e-02 -1.069854268203e-01 
-2.567043545624e-03  1.053888012315e-02  2.542899386183e-02 
-1.249791956178e-02  1.138719019226e-03 -1.038424703098e-02 
 7.508048290798e-01 -9.130459540320e-02  7.376010614513e-02 
-6.924873616115e-02 -1.524081140840e-01 -1.734237595697e-02 
 1.101684999811e-02  5.381873247891e-03 -2.947728546169e-03 
 8.449977061149e-03  1.636428260362e-02 -9.207504072549e-03 
 8.952267454516e-05  1.052638916146e-01 -5.207943297866e-02 
 7.296589839202e-03  9.573750224208e-03  5.679135446725e-03 
 1.785782675195e-01 -8.714562755703e-02 -1.538825876083e-03 
-1.237330183444e-03 -2.011416460486e-02  1.006915204309e-01 
-5.399243032190e-02 -8.284971929691e-03  7.128955592595e-03 
 7.782836629463e-03  1.258920358917e-01 -6.632493296736e-02 
-8.622143826612e-04 -1.269551044862e-02  6.113801723829e-03 
 5.015546922874e-03 -5.790796906642e-01  1.065594707108e-01 
-9.616269650559e-04 -1.268708087075e-02  9.806261687125e-02 
 2.978836520577e-03  8.819919202643e-03 -1.757586316903e-02 
 1.459165040664e-03 -7.846267683253e-04  9.545141546494e-03 
 1.893153366479e-03  3.943911971816e-03 -3.215189672321e-03 
 4.425298723249e-01 -9.112196126207e-03 -1.676867551051e-02 
 3.666588463860e-02  3.946967369150e-01  2.651393560749e-03 
-1.033227233284e-02 -1.065483638460e-01  8.515232226047e-04 
-3.469948808768e-03 -6.311340396698e-04  7.507665009009e-03 
 3.257811181657e-04 -2.076326125470e-01  9.831019808734e-02 
-1.241519858189e-02 -1.220052061727e-02 -3.955843816279e-03 
 4.520463608900e-01 -2.044752292784e-01 -5.607073419634e-03 
-7.082998978076e-04 -4.018916453991e-02 -2.282058660352e-01 
 1.067943925922e-01  1.406797693895e-02 -1.144948938969e-02 
-4.063015608400e-03 -2.750069187495e-01  1.349739904774e-01 
 2.494240265635e-04  2.006107658050e-02 -7.792205440933e-03 
 7.034650974815e-03 -1.733144442812e-01 -5.216935127929e-02 
-2.199277954354e-01  2.044760403052e-01  4.918457534479e-01 
 5.611982660387e-02 -5.456850932990e-02 -1.444351381775e-01 
-2.959940597833e-03  1.019328297921e-02  2.558590962854e-02 
-1.742728064600e-02  5.042799549935e-03  2.391974246404e-03 
 7.912956361160e-02 -1.835397550975e-02  4.607015030559e-02 
-9.070412900925e-02 -5.425635953683e-01 -5.981670810584e-03 
 1.348579334330e-02  1.084842875470e-01 -1.710132495789e-03 
 4.663556842521e-03  3.825750249783e-03 -9.801283883056e-03 
 2.567124872859e-04 -2.234900234467e-01  8.776756317031e-02 
-1.514650287857e-02 -6.983390592179e-03  1.970687007981e-03 
-4.006041878596e-01  1.610433701778e-01  5.592662565390e-03 
-5.686720213937e-04  2.794010443445e-02 -4.009068146123e-01 
 1.680715529918e-01  2.113080557900e-02 -1.551967550026e-02 
-1.456483910440e-03 -1.425647272882e-01  4.625897572292e-02 
-3.328650033997e-03  1.091562078352e-02  5.517424058597e-03 
 3.203997943438e-03 -2.474084117965e-02  1.621576956969e-02 
-1.463083922898e-01 -5.901900593568e-01  1.838660209609e-01 
 1.803241617672e-02  1.320971491738e-01 -3.256957684725e-02 
 8.611380455838e-03 -2.831116202196e-03  1.031578186542e-02 
-7.447941779483e-03  1.642816926477e-02  1.270912951473e-03 
-1.050698105139e-02 -1.167903699467e-02 -7.271554545802e-02 
-3.409842553846e-01 -5.657073040049e-02  5.123886159342e-03 
 3.173426336118e-02  1.758041051103e-02 -6.315951542595e-03 
 1.783603487507e-02 -5.356725870649e-03  3.431735417273e-03 
-5.446798755478e-03  3.295402534479e-01 -1.314082989407e-01 
 1.542314034120e-02  6.489914297229e-03  8.393282267305e-03 
-7.519023807615e-02  2.585769765389e-02 -5.800773113459e-04 
-6.217617683102e-03  4.604229825994e-03  1.594285174095e-01 
-6.606408042061e-02 -1.475657434650e-02 -4.519522831030e-03 
 5.138001561107e-03 -5.626008843259e-01  2.357968633603e-01 
-1.002959503097e-03  2.479349201740e-02 -1.324166421240e-02 
 2.042648923803e-03  7.653955856593e-02 -4.053500578190e-02 
-3.361656360645e-01  6.601850934868e-02 -2.473654752970e-02 
-8.048710313706e-03 -1.409710246365e-02 -3.849310280790e-02 
 3.514969923681e-02 -6.147379651938e-03  1.625815782101e-02 
 3.811049921897e-02 -1.321456444485e-02 -4.275759967290e-03 
-1.986944197168e-01 -5.990869688058e-02  7.395176896230e-01 
-1.572797171395e-01  1.634179974467e-01  6.528274172920e-02 
-1.105090476346e-02 -9.803277805697e-03 -1.610255195124e-03 
 1.940669310079e-03  2.937521095776e-03  3.432729560593e-03 
 4.521105739140e-03  3.644604915130e-01 -6.062203257029e-02 
 1.129799316728e-03  1.343328762222e-02  4.646865030726e-03 
 2.118856211967e-01 -6.093333039327e-02  1.851886957325e-02 
-3.999690694219e-03 -1.127989272713e-02 -3.985490420513e-01 
 7.078366007626e-02  3.577601537005e-04 -8.295738740008e-03 
-6.473067132492e-03  1.239117514152e-01 -4.427550928808e-02 
-6.889390552716e-03 -4.272279356988e-03 -1.773639577638e-04 
-2.866651378842e-03 -4.879992924715e-02  2.963487241548e-02 
-5.496640134984e-01  6.065665584719e-02 -2.906593772559e-01 
 6.015428675327e-02 -1.485503378947e-02  4.930479015352e-02 
 1.026896381587e-02 -2.305328752924e-03 -2.372164541660e-02 
-8.697058210196e-03  2.228866593543e-03  1.019915508944e-03 
 6.770676007591e-02  1.231899085820e-02 -4.720318817354e-01 
 1.089716301272e-01  3.246246199002e-02  3.681219130068e-02 
-6.701773461364e-03 -9.330426863183e-03  9.558788420136e-03 
-1.657335109458e-03  1.171341435178e-02  1.773953987635e-02 
-8.411677973591e-03  3.764876641836e-01 -1.134243320105e-01 
 4.248428237877e-03  1.847181738919e-02  4.148709982364e-03 
 2.829161556040e-02 -1.282450083546e-03 -1.037885487783e-02 
 2.297069575553e-03  2.802412642122e-03 -3.470589613956e-01 
 1.123438119613e-01  5.259775935869e-03 -1.649547616177e-02 
-1.274416993223e-02  1.432778778759e-01 -5.039179446181e-02 
-1.102909813963e-02 -6.149503557181e-03 -7.520387294156e-04 
-3.161668231685e-04 -7.645001108592e-02  9.419692752793e-04 
-6.292185438118e-02 -2.356110848255e-01  6.256473280268e-02 
-1.465533777053e-02 -8.165174409240e-03 -3.542589458184e-04 
-8.053816499358e-03  5.092098574072e-02 -1.171120624162e-02 
 1.208315206933e-02 -1.013329540104e-02  1.304951499960e-03 
 8.315894147121e-02  2.433662118055e-02  2.334553447898e-01 
 8.359672866204e-01 -1.530884545703e-01  2.507202014479e-02 
 7.743360093054e-02 -6.040828477751e-03  7.756703416951e-03 
 2.473381478716e-03 -1.351799217053e-03 -7.642469513845e-04 
 5.470067923132e-03  2.671883816735e-01 -5.898419961001e-02 
 9.770057408573e-03  3.021594747309e-03  2.570110792660e-03 
-8.290517249148e-02  2.346364741544e-02  8.085294311353e-03 
 2.393056799335e-02  1.972904404963e-03  1.066711570897e-01 
-3.550618725203e-02 -6.327355987469e-03 -6.971708482814e-03 
 4.856868981892e-04 -3.519653481320e-01  1.174542084309e-01 
-1.599869021203e-03  1.482940968460e-02 -9.992110384429e-04 
-3.493169853501e-02  3.133010312897e-01  1.358384168305e+00 
-1.254604983463e-01 -1.465158659394e-01 -2.309150606739e-01 
-1.113632206413e-01 -2.369350547791e-01 -4.709461753189e-01 
-1.127520354362e-02  5.883625173655e-03 -6.303089342032e-03 
-5.237089073895e-03  2.234454060902e-03 -3.698514070669e-03 
 4.624197752036e-02  2.266424411586e-01  3.730671595344e-02 
 4.017942126789e-02  1.262419777488e-02  6.285836866395e-02 
 6.815604007645e-02  2.245608348187e-02 -4.156028878610e-03 
 1.050099694998e-02  1.935195786762e-02  2.221666508333e-03 
 1.372538373828e-03 -1.920621932769e-01 -1.059401484064e+00 
-1.778707006234e-03  5.455668266327e-03 -5.754343102426e-03 
 1.128801592006e-01 -1.746947680054e-01  1.006989136763e-03 
 3.505233637497e-03  9.412397121455e-03  1.090711786099e-02 
-6.508203182759e-01  2.052964523918e-03  1.372845307577e-03 
-5.293791232613e-03 -1.575484012821e-01 -6.702182467289e-01 
-5.965092455948e-03  3.016293564553e-03 -6.460398481598e-03 
-5.713349661201e-03 -1.231115589490e-01  1.249442116579e-01 
 2.065000737236e-01 -9.389717773987e-03 -1.269559054017e-01 
 1.490572504180e-01  6.890032375854e-02 -2.071278474395e-02 
 1.685773413419e-02 -5.758972818468e-04  1.339611455245e-02 
 7.866400522198e-03 -5.118806052088e-03 -2.924544952693e-02 
 2.507458271700e-01  8.761163771961e-01  5.768875598154e-02 
-3.357263479741e-02  2.658235737638e-01  1.923260161619e-02 
-2.430471889685e-02  3.670820765852e-01  1.586402564337e-03 
-4.764912692532e-03 -8.353483167298e-03  1.035497201295e-03 
 2.099794596365e-03  1.051184964390e-01  3.837226671083e-01 
 7.734371328444e-04 -3.155559281260e-03 -4.941673846779e-03 
-3.298427072236e-01 -1.286948049802e+00  1.970313047365e-03 
-1.909839362257e-03  8.303130957968e-03 -8.961826763382e-02 
-3.366137438473e-01 -2.580215473038e-03  3.559558087384e-03 
-8.608973954950e-03  3.333997828392e-03  3.348690233860e-02 
 6.926367363983e-03 -2.538835029988e-04 -8.933054359343e-04 
 2.526845352507e-02 -1.058753646738e-01 -7.790751779231e-01 
-4.428425735442e-01  1.741501266615e-01 -1.161203943914e-01 
-5.715209836776e-01  3.519047807189e-01 -3.475310663211e-01 
-2.707964901346e-02  1.553844426450e-03  1.058017890343e-02 
-8.895070690793e-03  7.791308307370e-03 -1.089722119299e-02 
 1.245477597937e-01  4.489925355529e-01  1.756858090973e-01 
-8.256837958878e-02 -4.015433742260e-02  2.557093303128e-01 
-1.333264186917e-01  4.233766168871e-03 -2.694611785709e-03 
-3.510494166244e-03  2.286068514983e-02  1.544108367433e-02 
-1.922874007320e-05 -2.127112197247e-01 -4.345799482197e-01 
 5.552221394176e-03  4.817962913854e-03 -9.690599108624e-03 
 3.788629281699e-02 -3.216282877899e-01  1.093308817724e-02 
-3.328972709548e-03  1.302613116604e-02  2.531943677953e-01 
 1.557719315590e+00 -4.427416656490e-03 -3.140701993396e-03 
-8.452564334046e-03 -5.664393293483e-02 -3.509112720215e-01 
-1.433657744249e-02 -1.595405045740e-03 -5.282200386326e-03 
-3.101188983935e-03  9.278697432255e-02  4.339876897914e-01 
 1.961196186530e-01  4.410320246316e-01 -5.483005741141e-02 
 3.237316332059e-01  1.068641792725e+00 -2.371097547591e-01 
 2.040329968157e-03  1.311369879664e-02 -1.677436347511e-03 
 1.532004238657e-03 -3.799985344167e-03  2.076784326073e-03 
 1.169263049767e-02 -1.765942183044e-02 -4.639647140504e-02 
 5.110338778484e-03 -7.198982166790e-02 -8.444342072431e-02 
-1.703673654479e-01 -5.916321040563e-02  5.121194373063e-03 
-3.419566003569e-03  1.042830572699e-02 -9.435426276062e-03 
 1.150714475345e-02  1.095097792040e-01  1.112638225256e+00 
-2.179209347533e-03  2.956086005763e-03  2.036786390943e-04 
 7.642270532886e-02  1.858205266945e-01 -4.883348514305e-03 
 4.940421107269e-04  3.698967433383e-03 -3.885551540228e-02 
 1.535189446293e-01  2.119372859639e-03  4.259658502671e-03 
-3.139728173180e-03 -1.368126758598e-01 -2.004286879430e+00 
 9.129761849001e-03  5.094230635231e-03 -4.096410258261e-03 
 5.993800478412e-02  4.853974005660e-02 -2.172402604766e+00 
 1.609861106290e-01 -1.189487627582e-01 -2.639416028220e-02 
 8.949007339325e-01 -6.925848364819e-01 -1.911207717012e+00 
 6.813539494153e-03 -4.587197081841e-03  4.213148768144e-03 
 1.708979529580e-02  2.920789759288e-02 -5.611962912783e-02 
 4.649060949218e-02  1.872639665870e+00  5.888021053804e-02 
-8.805751054521e-02 -2.972677014863e-01  2.202937423552e-01 
-2.518380116977e-01 -1.074188132033e+00 -3.966682477709e-03 
 1.766682530472e-02  1.792730584220e-02 -2.160519223083e-02 
 2.388208686778e-03 -1.218334706444e-01  5.314515008868e-01 
-1.060496928890e-04  1.264007165494e-02 -3.698574610566e-03 
-6.466627366552e-02  8.278020750900e-01 -7.199436318837e-03 
 4.945665364165e-03  7.676494904221e-03 -1.806836965673e-03 
-1.026673963916e+00 -1.072768937166e-02  1.692367844067e-02 
-2.374446448577e-02 -3.295054770776e-01  9.491105961980e-01 
 3.798368328861e-03 -3.540134112914e-03  6.377687285991e-03 
-8.859472409362e-02 -3.635807951521e-01  4.695576640488e-01 
-2.732004093602e-01 -1.502326071835e-01 -4.720848166325e-01 
 6.244951527592e-01  5.045986731568e-01  2.794464304526e-01 
 1.478212062876e-01  1.652027344134e-02  5.409452384832e-02 
 3.757386270016e-02  3.771115240948e-02 -1.325660465433e-02 
 8.542896836519e-02  2.474425964507e-02 -1.166823637240e-01 
 2.888592045605e-02  5.040768679270e-02 -2.479498663235e-02 
-1.621783869918e-01 -1.508838983147e-01  1.084471319787e-02 
 2.485296655604e-03 -7.509781888439e-02  7.414793928908e-03 
 4.550874924872e-03  8.582880714335e-01 -9.943582318374e-01 
-1.616705753923e-02  3.031716225499e-02 -7.611941808297e-03 
-7.870604928827e-01  8.157505699594e-01 -3.542583598128e-03 
-2.808786999878e-03 -7.416669488590e-02 -1.101899943182e+00 
 1.294339631479e+00 -2.885055884005e-02  5.478517668484e-02 
-1.196245109403e-02 -4.319154058458e-01 -4.104287486754e-02 
 4.107634311039e-02 -2.872259663964e-02 -2.750955514790e-02 
-1.232047233112e-01 -5.647469663906e-01  9.976929155377e-01 
 2.072877349980e-01 -1.008545783146e-01 -7.999956703834e-01 
-7.350497262467e-01  4.262076318822e-01  1.076321671104e+00 
-1.171873911356e-01  3.225715443030e-02  1.321286584120e-01 
-3.796434220449e-02  4.267395711232e-02 -1.656393888015e-03 
 1.296101180148e-01 -7.689773700818e-01  2.361441227967e-01 
-4.590028144016e-02  4.413409958330e-02 -1.565863438825e-03 
 1.963256734750e-02  1.584509159834e-01  6.812862591355e-03 
-4.369565342652e-02 -1.482409233233e-01  3.993947142289e-02 
 2.716609969579e-03 -8.483317293965e-01  8.561783421091e-01 
 2.438454146047e-02  4.882489967003e-02 -2.383302260208e-02 
-1.017732869481e+00  9.736377293453e-01  4.528799256308e-02 
-2.712037461676e-02 -1.261754360372e-01  5.070532147563e-01 
-3.566442289694e-01  5.071153261002e-03  1.142038198052e-02 
-1.607468374121e-02 -2.457119346204e-01 -4.682440043412e-02 
-2.651683838764e-02 -5.038123947529e-02 -3.662509766350e-02 
-1.021447216311e-02  2.337377665653e-01  9.529630846585e-01 
 1.113090424277e-02 -5.150349573364e-01  2.946301019666e-01 
-4.153755376345e-01  2.110944707702e+00  4.245250274842e-01 
-1.719010143272e-02 -4.922514092323e-03  4.187615357789e-02 
 3.503909034011e-02  1.764183817827e-01  5.434372470106e-03 
-2.191238593672e-01 -8.952578194334e-01  4.839641172603e-02 
 1.374919059431e-02  1.561432721941e-02 -2.288110126487e-01 
-1.118158254196e-01  7.885372352705e-01 -5.669290036931e-03 
 3.661985639032e-02  3.299474439134e-02  2.652981812422e-02 
 2.641081765440e-02 -4.045891021647e-01  8.323589528964e-01 
-3.011006252551e-02  1.205993166911e-01  1.432165410052e-02 
 4.223901593166e-01 -7.838387724946e-01  1.242019934575e-02 
 1.891561279598e-02  6.348443552766e-02 -9.968153756527e-02 
 7.453769337356e-01  2.135270133343e-02  1.011281620408e-01 
 3.468160293569e-02 -1.396492381961e+00  2.624401368365e-01 
-3.416463576195e-04 -4.043453622824e-02 -1.325571501413e-02 
-1.865641444764e-02 -1.752103656125e-01 -8.536894629993e-03 
-1.175441573518e+00 -1.465970992368e-02 -4.448121207306e-01 
 2.107089331529e+00  1.994494129636e-01  5.590006866253e-01 
-1.556518274617e-01  7.571756705216e-02 -6.245304319252e-02 
-1.587276911594e-01  6.248348304222e-02  1.275400795783e-02 
 7.154738169515e-02 -2.253158822147e-02 -1.440955305303e-01 
-2.439198220905e-02 -1.197515017861e-01  8.568880920468e-03 
-9.151408748456e-02 -5.278326387751e-02  3.462148182619e-02 
-5.571014416455e-03  3.460112235957e-02  6.485042667748e-02 
-1.346687978287e-02 -6.924493258055e-02  1.258249121944e+00 
 4.920312099591e-02  1.011484606738e-01  5.353236949555e-02 
 4.399551980499e-01 -4.526445785884e-01  4.470238986614e-02 
-2.104907636766e-02  2.155747196676e-02  7.275681771108e-01 
-1.738237621874e+00  9.156657727046e-02 -1.056366001674e-01 
-7.312971805705e-02 -1.075815044904e-01  2.074965756027e-01 
-1.297367517945e-02 -1.430644045325e-02  1.858743667845e-02 
-1.954947381601e-01 -1.036208087617e+00  1.816105650706e+00 
 3.646122976336e-01  5.004796273651e-01  9.071026244400e-03 
-7.711379551933e-01 -1.170663158292e-01  3.226987056322e-01 
 3.614906744042e-02  2.595235720389e-01 -5.395666986962e-02 
-6.389558696775e-03  1.091982647311e-01  2.990414389402e-02 
 1.260619776563e-01 -7.184126461391e-01  1.447408079943e-01 
-2.733857079517e-01 -1.087796415443e-01 -1.731938482647e-01 
 9.248965933448e-02  3.502812698047e-01  1.813006565264e-02 
-6.321103346717e-02 -2.382772765924e-02  8.246466101049e-03 
 3.102299792067e-02  1.249861164994e+00 -1.701476754095e+00 
-1.361812879071e-01 -7.607573165221e-02 -8.915633846242e-02 
 9.466255909538e-02 -1.285242467962e-01  1.935300443188e-02 
-7.967911809882e-02 -2.566893696232e-03  9.472876597946e-01 
-6.484550175285e-01  1.163303172886e-01 -1.006268596667e-02 
-5.530888277678e-02 -6.101581137253e-01  5.980632194019e-01 
 3.490884666260e-03 -4.583451039872e-02  7.216675922220e-02 
-7.287034581590e-02 -5.260655038864e-01  6.178874709606e-01 
-4.300302214576e-02 -9.770328936267e-01  3.104160645418e-01 
 5.691970533090e-02  2.530146477971e+00 -4.946966662074e-01 
 3.022220509169e-02 -1.170987518340e-01 -9.063775425869e-02 
-2.062679525554e-02 -1.762945359954e-01  1.183620973500e-02 
 1.252983282354e-01 -1.108940559150e-01  8.310503820460e-02 
-3.529556568886e-01  1.895103008114e-01 -3.585194061109e-02 
 8.045229441332e-02 -4.170366282449e-01  1.777373876123e-03 
 3.121381647976e-02 -5.917698812206e-02 -5.988365230402e-03 
-8.758654075185e-03  5.661731635935e-01  1.985834672426e-01 
 4.198139339034e-02  3.016688825189e-02  1.234607814318e-02 
-2.527347696202e-01  5.609953626858e-01  9.573750199938e-04 
-1.789689269785e-02 -8.483688153570e-02  7.272440880095e-01 
 4.763595629901e-02 -4.324361248000e-02  1.646849591373e-03 
-1.178659255716e-02  5.419612066824e-01 -2.219614810591e+00 
 9.660279862263e-03  2.888164165493e-01 -5.263607882185e-02 
 1.374966933151e-01  4.941869502671e-01 -1.617149959427e+00 
 6.106715505032e-01 -4.056341983660e-01 -7.673133924167e-01 
-9.937796907181e-01  7.454589864055e-01  8.800482753746e-01 
 5.424377621414e-02  5.120696236956e-02  4.637400502895e-02 
-1.405404341776e-01 -3.638139574602e-02 -6.922486361451e-04 
 8.040938205820e-02  3.083925510070e-02 -5.719303726138e-01 
-1.971613501112e-01 -5.187324022010e-01  8.900364111354e-01 
 5.582759156915e-02  7.779380387383e-02  1.786726229010e-02 
-5.991401430934e-02  3.597962707646e-02  8.048142089861e-02 
-6.063178944589e-03  2.894985661847e-01 -1.030836042730e-01 
 1.155835532826e-01 -3.291831013465e-02 -3.811670111522e-02 
 9.224518735624e-01 -8.936774667333e-01  1.046070110991e-01 
-6.368832808817e-02  1.582980633887e-01 -2.054782262682e-01 
 1.118600201324e+00 -1.715803107175e-01  7.070097175251e-02 
-5.461464738641e-04  1.222575931140e-01 -2.864502476673e-02 
 3.472376886313e-02  1.595243451082e-02  3.958682248194e-02 
 3.555905005675e-01  1.568580475324e+00 -1.984615565925e+00 
-1.892885601594e-01  1.529477219302e-01 -1.100191217905e-01 
 2.682226276808e-01 -3.629813580631e-01  6.658551561217e-01 
 7.801142591935e-02  7.866567148166e-03  2.075939633517e-01 
-1.850567288474e-02  3.680297413057e-02  9.715056207592e-03 
-2.821313202750e-02 -2.676519021878e-01  3.736097232298e-01 
-1.089690339343e+00  9.370208013122e-02 -6.294500903791e-01 
 1.495174830542e+00  2.089844409242e-01  6.666945501836e-03 
 1.120981668634e-03 -1.506321869246e-03 -3.347211612353e-02 
-9.132285762751e-03  6.478216380369e-02  3.179808801876e-01 
 1.181500122300e-01  1.351022631391e-02 -5.112644191778e-02 
-1.449345561144e-01 -2.322474943318e-03 -6.515325712223e-02 
 2.333240462247e-02 -2.619831976066e-02  1.203944288257e-01 
 7.749397558143e-02 -1.161859426187e-01  9.225602268892e-03 
-5.200759813672e-02 -6.233532744885e-02  6.013599760017e-01 
-7.295946067242e-03 -8.354993862873e-02  1.216274246929e-01 
-1.565744121005e-01 -5.513825215318e-01  7.533917076091e-01 
-7.104227016457e-03  2.760846865400e-01  3.033288754710e-01 
-2.374230178109e-01 -8.448018939472e-01 -6.808225895314e-01 
-7.006045567716e-02 -1.682836307382e-01 -1.161822602783e-01 
 6.114900050042e-02  1.455516754785e-01 -1.024364820168e-03 
 1.740292863295e-03  2.523150849592e-01 -1.065671688966e+00 
-5.423904928631e-01  3.823720435793e-01  1.489963593302e+00 
 8.148789162238e-01 -5.105365287131e-01 -2.611570388507e-02 
 4.170416812245e-02  1.989722042973e-03 -6.947910325253e-03 
 3.569701318122e-03 -2.404373061910e-01 -1.291399874729e-01 
-5.834111224400e-02  1.879653900408e-03 -9.275995560309e-02 
-3.423994784733e-01  4.529166393427e-01  1.373932200623e-02 
 5.568501278047e-02 -6.490683933706e-02 -5.544915645177e-02 
-3.357478974077e-01  6.734023265037e-02 -4.022319019558e-02 
 5.611475630276e-02 -2.057653138298e-01  1.537030382640e-01 
-4.767232062680e-02 -1.028088823684e-02  1.522453334580e-02 
-4.210342487608e-01 -1.966977951127e+00  4.818767470626e+00 
-8.265821483084e-02  2.108142931009e-02  9.862855745049e-02 
-1.810726686429e-01 -9.958076601718e-02  4.466458893275e-01 
-2.401397116648e-02 -1.077939142719e-01  2.259453502210e-01 
-7.399502374533e-02 -3.576871379096e-02 -8.557021512982e-02 
-4.436996255803e-01 -2.214246733251e-01  1.214313070067e-01 
-3.466852993420e-01 -8.019948597251e-01 -3.198865142892e-01 
 8.356314752623e-01  2.099392114144e+00 -2.009812752232e-02 
 3.423922721365e-02 -2.153758864104e-02  6.464421458300e-02 
-2.488863593386e-03 -2.692342307464e-01 -2.642495936785e-01 
-6.178278222058e-02 -5.097669209149e-02 -6.307805138670e-02 
-1.754763650206e-01 -8.874234302163e-01  4.953691309909e-02 
 1.041073491228e-01  2.466857843292e-01 -3.725034866163e-01 
-1.862229243947e-01  9.614740112238e-02 -5.724308110841e-02 
-1.016304980044e-02  2.104711198935e-01 -8.723468731478e-01 
 5.940830903175e-03  7.008229305360e-02 -1.559138336396e-01 
-1.112785374166e-03  2.243080894537e-02  9.002323396613e-01 
-2.147747370181e-01 -1.120531726630e-01  2.298530718789e-01 
 6.464035867943e-02  7.753609422736e-01  1.285412971629e-01 
-2.081219807230e-01  2.523497752393e-01  8.167658274359e-02 
 3.279164759462e-01 -1.861249854556e-01 -5.265331379657e-02 
-2.916397977394e-01  3.526443227539e-02 -3.002072149249e-01 
 1.167752302221e-01 -2.234972181344e-01  1.755318525275e-01 
-2.746521805382e-01  1.184734443164e+00 -3.364395438479e-02 
-1.102633385129e-01  2.612818514711e-02 -9.159068249840e-02 
 2.676914657853e-02 -5.840324622161e-02  2.126794822280e-01 
 1.979001651080e-01  1.481156273300e-02 -2.728189479519e-01 
-6.160459086909e-01 -9.393213120381e-02 -1.745234661560e-01 
-1.850472589288e-01  1.169860076110e-01 -2.159955216654e-02 
 6.139897909544e-02 -1.421751513808e-01 -1.580235977688e-01 
 2.227066619200e-02 -2.291900734174e-01 -1.881386166900e-01 
-1.192124543523e-01  4.184877456478e-02  1.100687038312e-01 
-4.610394897099e-01 -1.814838303169e+00  2.013380662217e+00 
 6.923479630820e-03  1.604166106419e-01  3.964507071916e-02 
 4.584040683291e-01 -7.570372863177e-01 -9.926375232840e-01 
 1.383501110183e-01 -2.994557558655e-02 -2.166061834926e-01 
-7.464228115729e-03 -1.559058867359e-01 -3.804773369963e-01 
-1.737504634452e+00  2.723159298309e+00  1.715964269589e-01 
-1.590118191464e-01  4.384624568573e-01 -1.595077636667e-01 
 1.737792835865e-01 -1.209345719687e+00  3.094213708913e-02 
-7.104275967312e-02  4.018037995683e-02  5.132717522371e-02 
-1.414642954751e-02 -7.649599936915e-01  1.477454952360e-01 
 1.577938847257e-01 -1.072568000313e-01  9.300068925560e-02 
 3.925922393226e-01 -2.171314063082e-01  1.493817811039e-01 
-1.026078082121e-01  6.245755841218e-02 -5.699612150318e-01 
-3.083762963300e-01 -1.646587300496e-01 -7.202793555622e-02 
-1.848560338709e-01 -5.795351733828e-01  4.947874541230e-02 
 3.888273510287e-02  6.829999573942e-02  2.403358295497e-01 
 2.706209206843e-01  1.172748704049e+00 -8.617958318107e-01 
-8.793652914727e-03  6.005962490575e-02  3.581192971139e-01 
-9.584035007966e-01  5.533000021245e-01  3.027758597667e-02 
 2.576405212903e-01  1.055596605677e-01 -8.961481945318e-02 
-2.343644777212e-01 -1.723082004984e-02 -2.438252545499e-01 
-1.130651819658e+00  1.336822565717e+00 -3.914711301510e-01 
 2.263015919234e-01 -2.790997072507e-01  7.876330221603e-01 
-3.261363626846e-01  1.859064782549e+00  1.155600187045e-01 
 8.426758602401e-02 -3.043648983468e-02 -8.782324213153e-02 
-3.957737443830e-02 -1.707206572636e-01  5.412502780079e-02 
-4.336607606636e-02  1.017691422929e-01  1.146823150068e-01 
-1.435669369136e+00  8.838087428528e-02 -1.641143437260e-02 
 9.539278098359e-02  1.014699600704e-01  7.573495895522e-01 
 8.165645015849e-02 -1.929294202661e-02 -1.707442034571e-02 
-2.634762215619e-01 -2.349560846006e-02  2.719609499506e-02 
 2.059454779771e-01 -2.219123299308e-02  7.717452131809e-02 
 3.659265030467e-01  1.485359032056e+00 -3.693278992540e+00 
-7.276404286857e-02 -1.201820186680e-01 -1.061451552950e-01 
 7.654538585541e-01 -4.188897633700e-01 -9.483104349560e-01 
-1.816844311675e-01 -2.792958647519e-01 -2.165398219997e-01 
 1.168978344376e-01  4.257226145102e-02 -4.664833427758e-01 
-1.971480640324e+00  4.444944473767e+00  1.162497112483e-01 
 1.543033273849e-04 -1.500408229584e-01  5.850831347690e-02 
-7.383995413949e-02 -2.052803859031e-01 -1.112325425951e-01 
-6.410947139937e-02  5.266705630377e-02  3.562158311978e-02 
-5.290875888599e-02  7.220567265666e-01 -1.854496159458e-01 
-1.103499021659e-01 -5.857802041031e-02  5.313816791569e-02 
-6.282221289656e-01 -8.015930865102e-03  2.640424140539e-01 
-2.499303051770e-01  1.637548670667e-01 -8.157036995480e-03 
-8.588708611413e-02  1.874551057310e-01  3.032411575389e-01 
 4.217234364718e-02  3.623024192100e-01  1.844402923901e-01 
-3.175433666073e-01 -2.455532679973e-02  3.480015166856e-02 
 1.882006274619e-01  7.019742431295e-01 -2.546083848815e+00 
 3.338367012217e-02  3.563528307179e-02 -2.014124632360e-01 
 4.679684720066e-01 -7.942366443105e-01 -5.199046599397e-01 
 1.287296023144e-01 -1.266496981557e-02 -1.064026341387e-01 
 3.951574965691e-01  1.280944006601e-01 -1.633013159897e-01 
-6.426666219789e-01  2.153146757821e+00  1.320759375372e-01 
-2.271341335779e-02 -1.970397420301e-02 -2.657935780235e-01 
-1.094716532853e-01 -8.650756612077e-01 -7.164924299080e-03 
 6.404910999050e-02 -7.153401069576e-03  8.374998882148e-02 
 1.282495998055e-01 -1.169292044293e-01  2.025146674647e-01 
-7.527418057055e-02  3.653553800442e-01 -3.128012656861e-01 
 2.417266854408e-01 -8.312223766468e-02  4.045482540971e-01 
 4.180857584507e-02  8.153273379644e-02  3.035484537436e-01 
-4.147863942655e-01  1.920085693078e-02 -2.262119168165e-01 
 2.695719766800e-01  6.528455255938e-01  1.322729601343e-01 
 3.922003752570e-01  2.411491623741e-02  1.449241077039e-02 
-8.816217202523e-02 -4.154560511398e-01 -7.917895036411e-01 
 6.281389748190e-02 -8.341654018512e-02 -4.780415265347e-01 
 2.506086911479e-01 -1.454283969283e+00 -3.590282379414e-01 
 1.151907728101e-01 -1.212135155319e-01  1.178963497444e-01 
 1.071808545931e-01 -1.199547630953e-02 -8.881647952701e-02 
-3.042912911700e-01  1.348793375783e+00  1.059133219480e-02 
-1.970582557932e-02  1.035941331975e-01  3.241157552233e-01 
 2.193604488036e-01 -1.176011048962e+00  1.904374600009e-03 
-1.004696036051e-01  1.288771557131e-02 -1.287668031870e-01 
-2.273788923131e-01 -5.069573067432e-01  1.154763518988e-01 
-3.726929339328e-01  3.643636672732e-01 -5.957380483966e-02 
 5.654822530552e-01 -1.340779575327e-01 -4.459978721901e-01 
-9.212546475775e-02  1.778693594815e-01 -2.113513872547e-01 
-3.146613639167e-01  2.692279500884e-01  2.519785769058e-01 
-4.473351113554e-02  6.323717853302e-01  1.792586417868e-01 
 3.196527615390e-02  2.164562386360e-01  4.066059029358e-01 
-6.970711566311e-03 -2.097060954024e-02  3.167817844262e-01 
-5.078568358294e-03 -1.192267002634e-01  9.146532697194e-03 
-2.517330324879e-01  4.470528229680e-01 -2.286124167769e-01 
 1.232910667535e-01 -2.323289393857e-01 -5.439832287391e-02 
-5.885180377784e-02 -1.293175127962e-01  5.340778980709e-02 
 2.633279274826e-01 -1.962372053248e-01 -1.353121375018e-02 
-1.319836300746e-01 -1.448176550815e-01  2.350906059688e-01 
 4.758459494971e-01  2.430683072743e-01 -2.997032088673e-02 
-1.301559857108e-01 -5.148408497265e-03 -5.772334349946e-02 
-8.109235291370e-02 -8.277321155858e-02  1.041880333068e-01 
-7.921488974389e-02 -3.715368970276e-02  3.020825494168e-01 
-1.292690417844e-01  4.596512125282e-02 -1.749164962502e-01 
-6.090527760883e-01  6.785193259654e-02  3.042049940198e-01 
-1.016523684121e-01  2.167755487249e-02 -3.128630700833e-01 
 3.471426403798e-01 -6.227289488797e-01  6.390989961808e-02 
 2.669478098427e-01 -2.068932749454e-01 -1.743598616567e-01 
 9.647285159349e-02  3.718818806097e-01 -2.460123606158e+00 
 1.156828581372e-01 -1.222500887714e-01 -4.127835492239e-01 
 5.521180239441e-01  2.664456492360e-01 -1.441786289313e-01 
 1.752041862097e-01 -1.343121360205e-01  2.132224647450e-01 
 5.369474083819e-01 -3.906194558497e-02 -1.444019029854e-01 
-5.549213396971e-01  1.737279735668e+00 -1.963940784019e-01 
 5.590073584292e-02  3.075011832004e-01  1.999199785263e-01 
-3.756687966181e-01 -1.682805771052e+00 -5.650221805855e-02 
 9.648534764220e-02 -7.725610201303e-02 -9.760984646373e-02 
 2.147218933480e-01  3.814411763761e-01  2.271728418586e-01 
-2.333208597901e-02 -7.594184221808e-02  3.481488227017e-01 
 8.343327289398e-01 -2.441600182164e-01 -8.047266812302e-02 
 1.218333213402e-01  2.500072487223e-01  9.096511806431e-01 
-6.657697128733e-01 -2.710546335897e-02 -1.403560747827e-01 
-3.690314167307e-01 -2.393116939656e-02  1.519118222857e-01 
-2.023968023503e-01 -1.112819932201e-01 -2.549737902144e-01 
 1.831692429423e-02 -4.336753694008e-02 -1.473180807822e+00 
 1.027068702343e-01 -1.242519808591e-01 -4.935949287091e-01 
 2.433425414867e-01  4.547267755171e-01 -8.871381884178e-01 
 5.245865646602e-02 -4.112581361511e-02 -4.132116312357e-01 
 1.854564105368e-01 -1.901067206655e-01 -1.253210893490e-01 
-3.860453522522e-01  2.172488487853e+00  1.618386874890e-01 
-1.868154236049e-01 -2.570542445439e-01  2.409910474634e-01 
-5.346107662370e-01 -3.867829271013e-01  3.674848365305e-01 
 2.858291565518e-02  6.622372267466e-03 -7.743661667560e-02 
-4.458831877215e-02  1.336361259702e-01  8.495712968651e-02 
 2.903879304510e-02 -9.911054903664e-02  2.285904911026e-01 
-1.891846037637e-01  9.313856072800e-02 -1.876422001488e-01 
 5.308243370636e-01  2.007522014466e-01  1.286930861445e-01 
 2.103411851797e-02  6.599518534710e-02 -5.054693838538e-02 
 5.323452290254e-01 -5.035000174878e-01  1.748121847533e-01 
-1.794566816424e-01 -5.464184804451e-02  1.249573408977e-01 
-1.813288220930e-02  6.448935088192e-02  2.884164942956e-01 
-5.298049815251e-02 -2.718196607644e-01 -4.856177905234e-03 
-8.498981233515e-02  1.628785491027e+00  4.474473780953e-01 
-1.344936853227e-01 -3.625042903238e-01  2.969071907728e-01 
-1.681778355798e-01 -5.532951097952e-01 -1.213571847982e-02 
-1.183869699738e-01 -6.346274868830e-01 -5.056419285691e-02 
 3.169807574068e-01  2.736832977784e-01 -1.734802370125e-01 
-7.062462937048e-01 -1.852374131044e-01 -1.471329357680e-01 
 3.755424805328e-02 -3.873049337754e-02  1.478269477268e-02 
-3.278781289181e-01  7.969008731250e-01 -3.142387079272e-01 
-8.315569028936e-02 -6.526810193558e-02 -3.964303123451e-01 
 2.520538742286e-01 -8.805314629865e-02  1.243385264906e-01 
 2.816739165454e-01 -1.683978642571e-02  5.979420305984e-01 
 1.201881548817e-02  5.378334030191e-02 -1.328855716019e-01 
-4.003236334327e-02 -1.297786331309e+00  3.616812355277e-01 
 1.499102449594e-01 -2.136146364535e-01  1.844709955340e-01 
-6.200901233367e-02 -1.907375975543e-01  2.146791981368e+00 
-6.877596073264e-02  3.031278846868e-02  3.099080151259e-01 
-3.507712665457e-02  1.228211053119e-01  2.111901896025e-01 
 4.426185368164e-02  2.568124416092e-01  4.310289420827e-01 
 5.323469039932e-02 -4.978088023269e-01  2.498574366621e-01 
 1.005479648829e+00 -2.395619537056e+00 -2.680617723988e-01 
-1.030630436240e-01 -1.044764163947e-01 -3.928449067276e-01 
 3.070574400362e-01  1.125657955581e+00 -2.399999518276e-02 
-1.283812448957e-01 -6.169212296465e-03 -1.019591933430e-01 
 8.064049531797e-02 -4.028304515671e-01  2.359323220940e-01 
-2.268790179111e-01  1.367628584607e-01  4.600122401629e-01 
-1.311507515065e-01 -3.441828614493e-02  6.187018460764e-01 
 2.086907379693e-02 -1.855207491660e-01 -2.304042004223e-01 
-4.788657834143e-02  2.929776823277e-01  1.208459087492e-01 
 1.483730311931e-01 -3.486891768749e-01  2.525193742298e-02 
-1.348810376988e-01  8.630123405823e-02  3.140970556514e-01 
-1.534988733934e-02 -3.143479390771e-02  5.561668568114e-01 
-3.338378592845e-03  5.774663726206e-02  1.367660244779e-01 
-5.959533190290e-01 -4.266931491228e-04  3.738832759648e-01 
 4.645926024572e-01 -2.900639559529e-03  1.652039194135e-01 
 5.217607195125e-02  1.076262382540e-02  1.150043206385e-01 
 4.485458938959e-01 -1.142697638668e+00 -1.041784144142e-01 
 1.249486312974e-01  1.464063590619e-01  5.359375515418e-02 
 1.158729892960e-01  8.139412714653e-02  1.761414354303e-01 
 5.889443195658e-02 -6.661790189326e-02 -5.507853722981e-02 
-1.283796776892e-01 -4.999261504874e-01  3.272148792338e-01 
 6.665501668697e-01 -2.599368919384e-01 -2.596148071835e-01 
 1.594198602629e-01 -9.360179142181e-02  9.467622533841e-02 
-2.061382207197e-01  6.864970750786e-02  5.893609137320e-01 
-3.659521050454e-01  5.769902519230e-01  3.195378121485e-01 
 1.017593649096e-01  3.477041260040e-03  1.920112662453e-03 
-5.562252507983e-02 -2.551363148945e-03 -6.312234581929e-02 
-4.587666764637e-02 -1.785122234356e-01  3.734666753264e-01 
 1.804892719011e-01  1.079951402181e-01  3.385393809757e-01 
 5.438826032057e-01 -2.815786583360e-01  2.356044492023e-01 
 3.187689427671e-01  6.120741763553e-02  1.147316161425e-01 
-2.351108736298e-01 -7.759875748878e-02  2.951954542161e-02 
 7.872493902576e-02 -5.350235922886e-01  1.417393880606e-02 
 2.350307449423e-02  2.055350943856e-01 -4.188156064794e-01 
 2.564307427746e-01 -2.695238537746e-01  4.861971560319e-01 
 2.766654124524e-02 -6.521090241558e-03 -3.366516971926e-02 
-2.495261513904e-01  2.278023897031e-02  2.024049375459e-01 
-1.945588742159e-01  4.388091337038e-01 -2.377834458307e-01 
 3.371275873787e-01 -1.404310822753e-01  2.252555204415e-01 
-2.365824425316e-01 -3.676866331690e-02 -9.413927335017e-02 
-2.467492344585e-01 -2.225551079176e-01 -1.747518959033e-01 
-4.524795428243e-02  1.093794214416e-01  4.997461289971e-02 
-6.959532161403e-01 -1.601217677219e-01 -3.279021820744e-01 
-2.458310219184e-02  1.043896398779e-01 -5.355765472870e-02 
-4.365124687068e-01 -2.643768749852e-01  2.037312541575e-02 
-8.710756566303e-02 -3.635024827207e-01 -4.598751987202e-02 
-6.047468810427e-02  1.460558236108e-01  4.294726939589e-01 
-1.056165452153e-01 -2.022872748894e-01 -2.672444051102e-01 
-1.202913320882e+00  1.064069570862e+00 -1.816125461684e-01 
 7.761913936045e-02  4.633767998394e-01  2.291549616331e-01 
 1.414124475402e-01 -7.571899807884e-01  5.220309303120e-01 
 1.095326748474e-02  3.554766784355e-02 -3.259907847066e-02 
 4.318666982299e-01 -2.345366506194e-01 -4.073982290810e-01 
-4.153431340941e-01 -3.919216576603e-01 -2.031560137581e-01 
 2.392164860018e-01  3.221963193423e-04 -1.017291661897e-01 
-1.748577688773e-01 -9.048066863552e-02 -3.548401401072e-02 
 1.701464834419e-01  6.927129031625e-02  2.284044814495e-01 
 1.703221270133e-01  1.746233702557e-01  1.698547839526e-02 
 3.132550553480e-01  7.581967808589e-03 -9.787616427648e-02 
 1.345824637461e-01  6.616181542889e-01  4.963331627631e-01 
-2.644386987254e-01  1.829207833988e-02 -1.711361331759e-01 
 2.947616104869e-02  2.069593434364e-01  1.812452530836e-02 
 1.612819231989e-01 -1.721159037369e-01  1.796019042699e-01 
 1.680260173381e-01  5.049144718891e-01  2.031510548303e-01 
 8.806691005219e-01 -1.007954896290e+00  9.103100346118e-02 
 2.252560682568e-01  7.985104030073e-02 -2.816803833710e-01 
-8.921082308815e-02  6.123124467413e-01  1.785816402189e-01 
 2.428021020481e-01 -1.029553395480e-01 -8.617031397304e-02 
-2.440163261504e-01 -1.670139048553e-01 -2.112837197580e-01 
-1.745706054379e-01 -5.896180105308e-01  5.001379981417e-02 
-3.324437450785e-01 -1.133724235643e-02  2.834774266419e-01 
-2.419861377708e-01  2.840437241376e-01  1.204130137513e-01 
-7.175241167497e-03 -3.214960348102e-01 -3.104796394401e-01 
 6.929641238311e-02  3.154384669933e-02 -2.901514658134e-01 
-8.570315140856e-02  4.417205686379e-01  5.220275213015e-01 
 6.922969668451e-02  4.202664811596e-01 -4.114340296430e-01 
 5.485260326425e-01 -4.024539481032e-01 -3.972622967204e-01 
 1.422268148362e-01  6.958685785517e-02 -2.924220919344e-01 
 2.053907345173e-01 -3.029892288189e-02  1.657557498530e-01 
-3.263370538258e-01  1.370532523369e-01 -2.629493545643e-01 
-1.163462017018e+00  1.279416442720e+00 -4.982053096713e-02 
 1.711348369637e-01 -4.334392745081e-01  1.383485197410e-01 
-2.361383271047e-01 -1.813081063692e-01 -1.212999948485e-01 
 9.095009271325e-02  1.027323098079e-01  2.104260115643e-01 
 2.449507350119e-01  2.399571819163e-02  1.019719614440e-01 
 2.830956617511e-02 -3.698596880347e-02 -4.022561053755e-02 
 2.346776770160e-01  1.436389781105e-01 -3.007782972533e-01 
-2.784225892522e-02 -5.778166758650e-01 -3.317584533211e-01 
-3.270719323015e-01  4.102158631831e-01 -6.658423229300e-01 
 1.213135647313e-01  5.511142447564e-02 -7.920024197421e-02 
-4.554509393403e-01  1.760585371219e-01  2.988720865339e-01 
 9.712763759017e-02  5.227087395618e-01 -8.069493360898e-01 
 1.650298084245e-01 -1.388212523637e-01 -1.382708800513e-01 
 1.887526962699e-01 -7.892652920190e-02 -2.085815349335e-01 
-2.205860933501e-01  4.193141720844e-01  1.899788977226e-01 
 3.847680746675e-01  1.526549836771e-01 -2.756647527394e-01 
-1.223103655546e+00  1.361141475046e+00 -1.666650859261e-01 
-1.132957820561e-01 -9.694932154817e-02 -3.168641341814e-02 
-6.973234060260e-02 -6.809458367774e-01  1.170535268769e-01 
-2.819571776681e-01  1.493921730796e-01  8.850184356245e-03 
-6.151600211657e-01 -1.186167556176e-02  7.929502080686e-03 
-6.082050769276e-02 -2.400061984217e-01  2.358511249006e-01 
 4.276206705824e-01  6.971236223717e-02  7.185472986767e-02 
 2.451890187279e-01 -4.698236364292e-01 -2.671878049608e-01 
-1.351211617008e-03  1.862370540023e-01 -2.047954848007e-01 
-8.095039684360e-02  3.779392765658e-01 -3.811505113721e-01 
 2.852720881345e-01  1.359328597871e-01 -3.916342080083e-01 
-4.295817727969e-02 -1.441649280026e-01  1.289968276434e+00 
 2.302749462372e-01 -9.616611650380e-01 -6.709728631843e-02 
-1.163974422138e-01 -3.353800573692e-01  3.508222496173e-01 
-2.260294563048e-01 -2.553674952593e-01 -5.431358076651e-01 
 4.512100655534e-01  4.560397468568e-02  3.866226799513e-01 
 1.610405923708e+00 -2.170201958169e+00  2.106085532436e-01 
-1.965143488442e-01 -8.654341825827e-01 -4.023326071243e-01 
 4.880186736293e-01  1.004606179295e+00  3.424387309734e-01 
-6.124266123320e-02  9.085151162776e-02  2.271094465957e-02 
 7.947418514865e-02 -5.713993347342e-01  6.894629222466e-03 
-1.673635558434e-01 -1.738133159365e-01 -1.786764206849e-01 
 5.617271156992e-02 -3.011694287188e-02  6.399812663510e-02 
-1.093333578592e-01 -2.447447533704e-01 -8.181326829193e-01 
-1.463423983467e-02  3.307615842712e-01 -1.582947021664e-01 
-7.483375398377e-01  3.180503706232e-01  3.410414941481e-01 
 1.625731873105e-01 -4.120624004453e-01  2.836720711204e-01 
 7.057920760535e-02  6.884912431198e-01  1.465886406300e+00 
-9.880586367245e-02 -7.818857411194e-01 -3.926708524871e-02 
-2.075403160986e-01 -3.645656976366e-01  1.374696287787e-01 
 2.820310890454e-01  6.812707269176e-01 -4.680436236220e-01 
-3.917929968272e-01 -4.138575747245e-02  1.491444644407e-01 
 6.560926851251e-01 -7.792239803900e-01  1.219859199192e-01 
-1.435523685655e-01  6.186515171993e-01 -2.205850209657e-02 
 2.605004021568e-01  4.516901190205e-01 -2.650988604637e-01 
-3.647143010562e-01 -1.147986304794e-02 -4.832438212961e-02 
 6.509166416630e-02 -1.354085559431e+00  2.092212170266e-01 
-5.070085972751e-01 -4.945507567409e-01 -3.689281420263e-01 
-7.336307866443e-01  4.372468094921e-02  1.124644488012e-01 
 2.382015791686e-01  6.016490589583e-01 -1.105375986257e+00 
 1.989875557958e-01  5.049498290670e-01 -4.200349840177e-01 
-9.055040490887e-02  2.299146268871e-01 -4.387040093539e-03 
-2.143113566485e-01 -9.252502304326e-02 -2.821973613092e-01 
 2.437504953818e-01  1.094174145312e+00  1.083665655761e-01 
 7.358394482439e-01  4.324977956564e-01  3.222487254293e-01 
-8.269868099476e-02  3.058305953244e-01  1.771253286433e-01 
-1.130389483905e+00 -3.205710148558e-01  3.234697442130e-01 
-5.168745246761e-01  5.848983531978e-02  6.845363006902e-02 
 3.192138995497e-01 -5.574761569284e-01  6.578388875432e-02 
 6.845151761302e-02  7.206759952230e-01 -1.157280550523e-01 
 1.029310159659e-01  5.570555643948e-01  2.973740662392e-01 
-2.592120956030e-01  3.509291537558e-02  2.121039311697e-01 
 1.052057092220e-01  1.413602776560e+00 -3.134768841484e-01 
 5.440773399181e-01  6.395635146922e-01  3.174767186314e-01 
-9.151350125601e-01  1.039416134929e-01  1.970910144242e-02 
 5.460166379576e-02  5.887158438134e-01 -1.071677415033e+00 
 3.335654581462e-01  4.806175157031e-01 -5.713313898000e-01 
-2.938466711627e-01 -5.353148134343e-01 -2.340534105814e-02 
 2.736296370817e-01  4.171271495069e-01  6.874085999590e-02 
 1.073559860067e-01  5.014994447482e-01 -2.247191484875e-01 
-9.049027022835e-03  9.236475101635e-01 -1.001431678485e+00 
 4.690739568788e-02 -1.258446716599e-01  1.744150759678e-01 
 1.539848930043e-01 -9.832229782332e-01 -5.821953541184e-01 
-1.298309622908e-01 -3.545418887367e-01  1.192631473657e-02 
 5.328295314147e-02  3.359408532545e-01  1.515938869603e-01 
-4.924760162766e-02 -5.399224306227e-01  5.313376786254e-02 
-8.882098132055e-03 -4.326933359181e-01 -3.449691331189e-02 
-2.640076797581e-01  1.344545590985e-01 -8.201292007468e-01 
 2.049717661729e-01  4.329264529976e-02  2.483450607916e-04 
 5.967547423836e-02  4.020145986954e-02 -2.946040501766e-01 
 5.669261813656e-01 -5.544674923400e-02  2.483538588286e-01 
 1.247641829513e-01 -3.309076143635e-01  2.129667246730e-01 
-9.305441164540e-02 -1.109009009383e-01  2.763714281519e-02 
-1.303324545504e-01 -2.087873053166e+00  6.341609548149e-01 
-1.102687961304e-02  1.049314298546e+00 -3.471313696486e-01 
 2.295905027704e-01  1.224075649429e+00  7.088805940143e-01 
 1.010760013970e-01  1.070028936162e+00 -5.434685129729e-01 
-3.102558304154e-02 -1.791175006918e-01  1.230838244175e-01 
 1.325556972883e-02  1.226100793167e-01 -6.093960556457e-01 
 3.650119855171e-01 -1.142370087238e+00  1.293442711255e-01 
 5.295714057429e-01 -5.634607080420e-01  3.405241566634e-02 
-2.808592918284e-01 -1.284068184033e-01 -1.144657188071e-01 
 1.783125120052e-01  2.779990737426e-01 -2.987140361910e-02 
 6.069715623936e-01 -2.246530250223e-02  5.191696615761e-01 
-1.215643785532e-01 -6.463058909585e-01  2.593390660483e-01 
-3.862305874393e-01 -1.010737911216e-01 -5.304153596517e-02 
-2.061166716111e-01  7.668910978420e-02 -1.988852935956e-01 
-2.841134445648e-01  1.100649132922e-01 -3.875694478641e-01 
 1.284219025366e-01  2.813670938428e-01  1.307836159115e-01 
-1.759388044003e-01 -2.271697204743e+00  6.661477500943e-01 
 5.604689700740e-02  9.302167102331e-01 -6.265667808097e-01 
-3.135433457319e-01 -1.275480450292e+00  4.006944918152e-01 
 6.161265924674e-01 -6.429770324411e-01 -8.127390590169e-01 
 1.028697063562e-01 -1.824052320589e-01 -9.892186258696e-02 
-8.144648494431e-01  6.011980963458e-01 -4.987858917062e-01 
-2.299227636711e-01  6.251307802629e-02 -1.941316199840e-01 
-6.896749506331e-01  1.692008866724e+00  1.188740689785e-01 
-2.112700253336e-01  1.320360748452e-01  1.494034269277e-01 
-6.368910953433e-02 -9.296719207127e-01 -1.539164935163e-01 
 8.466043486664e-01  1.735732935389e-01 -7.119369138364e-01 
-8.547808918937e-02  1.992682266753e-01 -1.093669045598e-01 
 5.753344171035e-02  1.640555937159e-01  1.232653137011e-01 
 1.628884850096e-01  2.627209961577e-02  2.377557524768e-01 
-3.068730782752e-01  3.230482487923e-02 -1.443613852111e+00 
 3.813595313302e-01  5.223262508720e-01 -4.192427999592e-01 
-1.324351996143e-01  5.798089728913e-01 -1.830712249771e-01 
 2.150610953542e-01 -3.823236810582e-01 -1.323018649720e-01 
-1.561869587950e-01 -9.070365272796e-01 -8.514911222585e-01 
 1.921685004390e-01 -1.499654677026e-01 -8.383016156134e-01 
-1.108366605058e-01  1.515618502287e-01 -8.341275483157e-02 
 6.239917865995e-01 -5.250841607076e-01 -6.235741653932e-02 
 6.120900982988e-01 -6.767088349535e-02 -4.100473685607e-02 
 1.819694158997e-01  2.625282814036e+00  1.796357778435e-01 
 7.878742991831e-04  3.890358254490e-01  1.906619418102e-01 
-1.802695422727e-01 -3.151483719219e-02 -7.304398287108e-03 
 9.896143251821e-02  1.689151691116e+00  1.394341392217e-01 
 1.271940870151e-02 -9.591450428580e-02  7.383290519624e-02 
-4.986327898027e-02 -1.085903570086e-01 -2.475369041239e-02 
-2.770481955321e+00  1.082925529999e+00  2.251956286193e-01 
 2.986715884519e-02  1.188211365653e+00  1.094455999020e+00 
-3.903669397893e-01 -3.183724870209e-01  3.140011786496e-01 
 7.273284682920e-02 -8.924139616798e-02  5.061752451418e-02 
-1.110188889640e-01  7.671427718417e-02  6.986292915467e-02 
orbocc
(*)
 0.000000000000e+00  0.000000000000e+00  0.000000000000e+00 
 0.000000000000e+00  0.000000000000e+00  0.000000000000e+00 
 0.000000000000e+00  0.000000000000e+00  0.000000000000e+00 
 0.000000000000e+00  0.000000000000e+00  0.000000000000e+00 
 0.000000000000e+00  0.000000000000e+00  0.000000000000e+00 
 0.000000000000e+00  0.000000000000e+00  0.000000000000e+00 
 0.000000000000e+00  0.000000000000e+00  0.000000000000e+00 
 0.000000000000e+00  0.000000000000e+00  0.000000000000e+00 
 0.000000000000e+00  0.000000000000e+00  0.000000000000e+00 
 0.000000000000e+00  0.000000000000e+00  0.000000000000e+00 
 0.000000000000e+00  0.000000000000e+00  0.000000000000e+00 
 0.000000000000e+00  0.000000000000e+00  0.000000000000e+00 
 0.000000000000e+00  0.000000000000e+00  0.000000000000e+00 
 0.000000000000e+00  0.000000000000e+00  0.000000000000e+00 
 0.000000000000e+00  0.000000000000e+00  0.000000000000e+00 
 0.000000000000e+00  0.000000000000e+00  0.000000000000e+00 