2mocoef
header
1
MO-coefficients from MOLCAS
1
48   48
a
mocoef
(*)
-5.124645018809e-05 -6.460907781940e-04  3.237011006715e-03 
 3.529121695115e-04 -3.022603794962e-04 -2.821490792641e-04 
-7.955120482962e-04  5.825436318325e-04  1.747961999858e-03 
 2.133604321555e-04 -3.631631354943e-04 -3.786290339758e-04 
 3.657526499286e-04 -1.089282101501e-04  1.000935430039e+00 
 4.951284535436e-03 -5.918330133237e-03  9.323797531004e-04 
-4.511221129330e-04 -7.667973073908e-04 -1.270553482076e-03 
 7.719068805534e-04  2.184636290322e-03 -2.554482675774e-05 
 1.940489712444e-04  8.191173450669e-04 -4.770258050287e-05 
 5.258337958811e-05 -5.830492944960e-04  2.067376848574e-04 
-3.861367197660e-05 -4.355093399269e-05 -2.013492744504e-05 
-1.396898902785e-03  8.751433733640e-04  2.723699711848e-04 
-4.772832772507e-05  7.454420304027e-04  3.693803173216e-04 
 1.517817702976e-04 -1.081282570618e-04  1.386790504898e-04 
-2.191867069214e-04 -6.946691895885e-04  3.877344465003e-04 
-3.121841727409e-05  5.893171171384e-05  1.282092344452e-04 
 1.001479695764e+00  8.970704919184e-03 -6.500774832971e-03 
-6.196450580032e-04  2.037023253141e-04  1.513907909832e-03 
-2.372382250216e-04  5.430948556541e-04  4.757443298892e-04 
-2.407101615659e-04  5.624842594978e-04  1.488139537799e-04 
-6.336762592596e-04 -4.353646527921e-04 -2.353588088860e-04 
 4.258615159088e-04 -1.877306245583e-03 -5.217748772771e-05 
-6.759013396851e-05  5.396153940383e-05 -3.026296325739e-04 
 1.875058865383e-04  1.910525896347e-03 -2.045508131007e-05 
-3.701118663365e-05 -4.497716871215e-04  1.542722273514e-04 
 1.453152720482e-05 -4.079739650035e-05  7.862733712049e-04 
-3.577222298514e-04 -2.213609370563e-04 -1.763980229077e-04 
-5.224517995983e-04 -1.067363670005e-04  8.116909455495e-05 
-4.905136612977e-05 -1.240365795713e-04 -5.280334203095e-04 
 1.590584592231e-03  4.605800576269e-04 -2.522785056673e-04 
-8.965745503748e-05 -4.430258779230e-04  1.362903044953e-03 
 3.778685004245e-05  1.892456699607e-04 -3.128345279843e-04 
-1.537944447014e-02  5.145290438622e-01 -2.310149872002e-01 
-6.440430829862e-02  4.209003281071e-02  2.214088994579e-01 
 4.174681591483e-02 -3.438084459313e-02 -1.059958618769e-01 
-2.438944172564e-03  1.049019367525e-02  2.473309810095e-02 
-1.224611001885e-02  1.119093261525e-03 -9.871423431930e-03 
 7.472824123640e-01 -8.577696300454e-02  7.615811043052e-02 
-6.388269373187e-02 -1.562740510201e-01 -1.632943772177e-02 
 9.426019513633e-03  7.929248999037e-03 -2.946341912142e-03 
 8.623027067732e-03  1.647489863062e-02 -9.700792735757e-03 
 2.955690375460e-04  1.087790351743e-01 -5.420074346410e-02 
 7.612946011754e-03  9.882622001002e-03  5.198676713642e-03 
 1.660815814507e-01 -8.100725803897e-02 -1.534839069621e-03 
-1.494404349711e-03 -1.874048104333e-02  1.096186763696e-01 
-5.914130978673e-02 -8.077456985969e-03  6.980365331596e-03 
 9.284371936261e-03  1.341468376447e-01 -6.993981841852e-02 
-1.376724058724e-03 -1.297079875860e-02  6.735126737305e-03 
 7.235539001307e-03 -5.811181789898e-01  1.159261832668e-01 
-2.671469208171e-02  1.236045795855e-02  1.378929805633e-01 
 1.241761623482e-02 -1.445360114882e-03 -3.273194493060e-02 
 7.527058706415e-04  4.360342104268e-04  1.112004218801e-02 
 4.674593939540e-04  3.675000604713e-03 -2.163718361604e-03 
 4.592219205588e-01 -1.195084325615e-02 -1.498272139400e-02 
 3.771910084585e-02  3.468092043089e-01  2.028604466169e-03 
-9.571523374449e-03 -8.748820101905e-02  8.744014502542e-04 
-3.068725809618e-03 -6.707413985572e-04  6.983455401274e-03 
 3.230073433683e-04 -2.202591398704e-01  1.028278081707e-01 
-1.334627678057e-02 -1.267501081213e-02 -3.048001464022e-03 
 4.095686473624e-01 -1.860337653741e-01 -4.957711371288e-03 
-1.923998941881e-03 -3.764982919965e-02 -2.854266803101e-01 
 1.334342546903e-01  1.677052113820e-02 -1.348041839277e-02 
-5.861094398619e-03 -2.796350033929e-01  1.353208509804e-01 
 4.019478194357e-04  2.091144698797e-02 -7.210241120141e-03 
 7.566640659664e-03 -1.217631184888e-01 -4.005901644467e-02 
-2.455716918831e-01  2.167482427251e-01  4.697463644667e-01 
 6.661126139758e-02 -6.495264306540e-02 -1.439686028656e-01 
-2.315897937445e-03  9.408956629886e-03  2.357912427070e-02 
-1.656845868237e-02  3.875613149871e-03  2.311572848794e-03 
 3.711215217346e-02 -2.797153425085e-02  4.733219492877e-02 
-9.443705253681e-02 -5.639899122268e-01 -7.637883402679e-03 
 1.664487989683e-02  1.118695425051e-01 -1.492391700574e-03 
 4.199642767459e-03  4.095265327341e-03 -9.947937140746e-03 
 1.786822242493e-04 -1.792035283286e-01  6.899356946624e-02 
-1.323848996588e-02 -4.636806561425e-03  3.388593246728e-03 
-4.230808678247e-01  1.708370208896e-01  5.816980198788e-03 
 5.737045961510e-04  3.093181533425e-02 -4.244516383625e-01 
 1.790531444780e-01  2.118154503385e-02 -1.564253421204e-02 
-3.619756321783e-03 -1.092912201071e-01  3.395843306748e-02 
-3.971164892204e-03  9.909276826961e-03  5.785112737986e-03 
 3.059165568712e-03 -2.816374784885e-02  1.316239412736e-02 
-1.694103307861e-01 -5.905575878744e-01  1.755120096402e-01 
 2.361578527716e-02  1.359685768556e-01 -3.222424947171e-02 
 8.635231648336e-03 -1.949469500873e-03  8.758464262270e-03 
-7.514619749775e-03  1.643611933990e-02  1.143091931743e-03 
 2.207073659614e-03 -1.230445757813e-02 -8.196914206102e-02 
-3.287003560403e-01 -5.161310875461e-02  6.219082304861e-03 
 3.047150026221e-02  1.559261019721e-02 -6.163788753259e-03 
 1.764691591320e-02 -4.802000206197e-03  4.062868948524e-03 
-5.860622903199e-03  3.504861285544e-01 -1.403081341874e-01 
 1.577375644338e-02  7.569776381946e-03  7.978244147412e-03 
-7.060739856431e-02  2.462182272200e-02 -6.472289772682e-04 
-5.350092759239e-03  4.790518787261e-03  1.432595836949e-01 
-5.930456620594e-02 -1.419109973839e-02 -7.782906928458e-03 
 5.788760683616e-03 -5.622228904634e-01  2.359811994050e-01 
-2.144178490654e-04  2.463870170512e-02 -1.348039402214e-02 
 1.521921385522e-03  7.617739484436e-02 -3.005711688724e-02 
-3.389849184967e-01  8.148173110153e-02 -3.188503103855e-02 
-2.089154989860e-03 -2.066135458269e-02 -3.801000675425e-02 
 3.593125844976e-02 -1.051100751382e-02  1.389524618938e-02 
 3.916756601322e-02 -1.427012164237e-02 -4.627881660581e-03 
-2.150827528062e-01 -6.219449855044e-02  7.273522143841e-01 
-1.779762625679e-01  1.876069666228e-01  6.360835947016e-02 
-1.365115215139e-02 -1.044228818217e-02 -1.494215504499e-03 
 1.699618596064e-03  3.296256833615e-03  3.881632787387e-03 
 4.268013242017e-03  3.650682269328e-01 -6.168861193200e-02 
 1.617619171717e-03  1.364547669530e-02  3.828600561735e-03 
 2.278371787086e-01 -6.187183522317e-02  1.745778978768e-02 
-5.127956994418e-03 -1.175331909051e-02 -3.865804234950e-01 
 7.170415741154e-02 -7.336067937188e-04 -6.633495742520e-03 
-7.192848884991e-03  1.494844239282e-01 -4.384402243315e-02 
-7.816400337717e-03 -3.605614008997e-03  4.979706513159e-04 
-2.812960837664e-03 -4.066634945391e-02  4.171806444203e-02 
-5.387997225981e-01  8.296934307657e-02 -3.148151236168e-01 
 6.123498147884e-02 -2.103471484924e-02  5.441736692577e-02 
 1.011686642053e-02 -3.180556064748e-03 -2.606356360487e-02 
-7.172405433369e-03  1.375229295099e-03  1.019581479013e-03 
 5.662968465243e-02  8.210807824090e-03 -4.720064300201e-01 
 1.306635664102e-01  4.987953406158e-02  3.538705182049e-02 
-7.624522152416e-03 -1.049765662776e-02  1.013466853313e-02 
-2.539871308949e-03  1.173987469316e-02  1.811473010542e-02 
-8.587364774392e-03  3.786826679388e-01 -1.142670779536e-01 
 4.451835594092e-03  1.885174912576e-02  3.035304707922e-03 
 4.379459266145e-02 -6.711203781223e-03 -1.003992124915e-02 
 2.633792698228e-03  1.514074728381e-03 -3.337306109319e-01 
 1.098703068660e-01  3.553468116524e-03 -1.479226099088e-02 
-1.475182442071e-02  1.719221713352e-01 -5.834271272836e-02 
-1.165972139380e-02 -6.610860877638e-03 -3.407669805546e-04 
 3.919699872511e-04 -6.028266647242e-02  3.412266318682e-04 
-7.284529149742e-02 -2.289842233509e-01  6.207966472620e-02 
-1.551260582209e-02 -5.831873242447e-03 -1.734568377862e-03 
-9.007960274050e-03  5.169328174632e-02 -1.151749012237e-02 
 1.293173144561e-02 -1.069344306299e-02  1.168088323572e-03 
 6.195438812461e-02  1.211298854300e-02  2.599014277095e-01 
 8.355936824329e-01 -1.534824308355e-01  2.640872747161e-02 
 7.654909974383e-02 -5.733219613206e-03  7.711877209732e-03 
 2.507472195197e-03 -1.165804798814e-03 -6.700709642436e-04 
 5.750219199907e-03  2.680468748936e-01 -6.387937632155e-02 
 9.998933528218e-03  3.895035717785e-03  1.672607244233e-03 
-6.076958217908e-02  1.614862487765e-02  8.257093889794e-03 
 2.336895415106e-02  3.618523000864e-04  9.250052242137e-02 
-2.883629633573e-02 -5.267715661193e-03 -8.127823143757e-03 
 7.236416423980e-04 -3.457277886380e-01  1.140767110314e-01 
-7.842481938984e-04  1.363723529320e-02 -2.122652073683e-03 
-3.086630101580e-02  3.011503230215e-01  1.253603391429e+00 
-2.082342209722e-01 -1.177772165326e-01 -2.199047863029e-01 
-1.765086497823e-01 -2.212435072362e-01 -5.144999289069e-01 
-1.693029648134e-02  7.399784678369e-03 -4.682643177392e-03 
-9.878683059556e-03  3.786894862925e-03 -1.915428954517e-03 
 2.438151617572e-02  1.700388228047e-01  5.533815760494e-02 
 1.732917859607e-02 -3.133128404776e-02  8.676733550553e-02 
 4.461789302405e-02 -2.869671744583e-02 -4.851026361433e-03 
 1.004941376323e-02  2.276805380421e-02  3.640020050245e-03 
 8.900618162387e-04 -2.331356181819e-01 -1.123424948494e+00 
-2.210698046880e-03  6.284951404036e-03 -5.812970628772e-03 
 1.705986456614e-01 -4.223591934801e-02  2.032360347073e-03 
 2.547945168985e-03  9.071078276897e-03  7.150809284491e-02 
-5.078212123541e-01  9.853579333420e-04 -6.434109687220e-04 
-5.193288597042e-03 -1.523056041765e-01 -6.778413030854e-01 
-9.262227827177e-03  3.007321417236e-03 -6.162490507617e-03 
-7.429166535193e-03 -1.140457143376e-01  1.963242881197e-01 
 1.013471972448e-01 -1.388074514398e-02 -1.762354192243e-01 
 2.095609283547e-02  5.682332993027e-02 -1.020822596245e-01 
 1.051642918613e-02  3.790393571164e-04  1.428855952432e-02 
 5.675673752259e-03 -4.946038381877e-03 -2.958443528727e-02 
 2.726796609937e-01  8.973398904743e-01  1.020378714063e-01 
-2.896541541086e-02  2.741059031528e-01  7.219360373641e-02 
-1.412863308801e-02  3.667962335859e-01  8.748364828594e-04 
-4.322070663709e-03 -6.135748043103e-03  4.461619926426e-03 
 1.761639235152e-03  4.890089707040e-02  1.450502242731e-01 
 1.141326345328e-03 -1.871567204954e-03 -6.532208908450e-03 
-3.323106247651e-01 -1.288785204554e+00  3.989153086733e-03 
-1.650884936220e-03  7.783518326889e-03 -3.424856013740e-02 
-2.016292530350e-01 -3.332952104906e-03  2.504728455282e-03 
-9.865624988707e-03 -5.001362482358e-03 -5.329728371218e-02 
 3.300305238272e-03 -4.244582564052e-04 -2.954041918075e-03 
 3.354263111390e-02 -1.184559825939e-01 -1.152767390132e+00 
-4.175780289349e-01  1.711021409449e-01 -7.214107788180e-02 
-5.618287580318e-01  3.548116966725e-01 -2.803831984564e-01 
-2.631482530986e-02  2.307565615448e-03  1.539623614449e-02 
-7.433656583052e-03  1.178870236453e-02 -6.729058003267e-03 
 9.576397375749e-02  3.196385066528e-01  1.584007605461e-01 
-9.019256532042e-02 -1.008821235749e-01  2.431768372315e-01 
-1.440831983043e-01 -8.082435326893e-02 -2.421784880398e-03 
-3.223679055475e-03  1.995970070222e-02  1.326852230198e-02 
-5.833821122180e-05 -2.177001143369e-01 -3.343284309806e-01 
 5.773548008522e-03  5.513518082748e-03 -9.688555399619e-03 
 5.249453436952e-02 -6.267966913767e-02  9.946503164249e-03 
-3.515772300744e-03  9.697522907164e-03  2.222493543994e-01 
 1.778779084702e+00 -8.182032624910e-03  6.757882735467e-04 
-7.460754531451e-03 -8.282768655515e-02 -1.867874778799e-01 
-1.167115977215e-02 -3.981717675429e-03 -5.789462710683e-03 
-4.446842568921e-03  8.567503446988e-02  4.794944862332e-01 
 1.895284082927e-01  4.422040103469e-01 -6.260649823597e-02 
 3.452650709068e-01  1.086517265554e+00 -2.494206191966e-01 
-4.167376021520e-06  1.180755537667e-02 -1.683290586839e-03 
 6.564471274302e-04 -4.060722699860e-03  1.480230900673e-03 
 1.653516789454e-02  8.233190392197e-03 -3.162654407940e-02 
 4.808714275392e-03 -5.451663570428e-02 -7.677598110102e-02 
-1.734859810885e-01 -2.853792686015e-02  5.144629947019e-03 
-3.855498709072e-03  1.020068514942e-02 -8.145154828289e-03 
 1.135744674292e-02  9.634085007954e-02  1.144281591921e+00 
-2.623043942638e-03  3.404609205303e-03  1.512049092825e-04 
 7.219656150088e-02  1.071725568007e-01 -3.986579858951e-03 
-2.036965621743e-04  4.158377722455e-03 -1.957712775100e-02 
 1.498569441830e-01  2.887911473183e-03  1.676206379686e-03 
-2.538141128728e-03 -1.145063807300e-01 -2.078531771442e+00 
 8.629379321078e-03  5.217627463399e-03 -4.148606696305e-03 
 5.702158426156e-02  4.026463863278e-02 -2.054457445019e+00 
 2.063088810590e-01 -1.175824582930e-01 -2.148727432302e-02 
 9.802623050253e-01 -6.973716330435e-01 -1.957756324356e+00 
 4.345991613369e-03 -4.559388899394e-03  4.758214210690e-03 
 1.813728485365e-02  2.624914753388e-02 -5.757811158864e-02 
 4.614236583000e-02  1.918949495172e+00  6.478103870034e-02 
-8.581911384771e-02 -2.878089138072e-01  2.199539209396e-01 
-2.494421734225e-01 -1.080563201715e+00 -3.154566054543e-03 
 1.672975931859e-02  1.595354292934e-02 -2.359306577678e-02 
 2.783917674323e-03 -1.288845664296e-01  7.307820159788e-01 
-1.323050821289e-03  1.126959571277e-02 -1.279642586731e-03 
-6.984652531623e-02  8.033507817898e-01 -7.767858894421e-03 
 4.614903863546e-03  5.259819838551e-03  7.265860328991e-02 
-1.411481739869e+00 -1.425586950036e-02  1.789184599782e-02 
-2.202896636728e-02 -3.037814507583e-01  9.119766521579e-01 
 4.334245382418e-03 -2.808189017095e-03  9.097114912528e-03 
-1.131744053591e-01 -5.212586045440e-01  1.009619087734e+00 
 2.042624792778e-01 -1.060495221978e-01 -7.322129683029e-01 
-8.632225700866e-01  4.858739529823e-01  1.187904283629e+00 
-1.301094139184e-01  4.175782971722e-02  1.264132297413e-01 
-4.148035273241e-02  3.811711413847e-02  6.376529121300e-03 
 1.201788445295e-01 -9.465004131740e-01  2.432968372953e-01 
-6.054675992109e-02  5.171690932326e-02 -1.710860037544e-02 
 5.109659097822e-02  2.467533142620e-01  5.297279696089e-03 
-4.886992458793e-02 -1.371517022925e-01  4.232239792489e-02 
 1.591027938548e-03 -8.722606299966e-01  8.675646018174e-01 
 2.732667374297e-02  4.432303790861e-02 -2.584824257160e-02 
-9.653839466634e-01  9.012119664466e-01  4.599125115889e-02 
-3.019718514678e-02 -1.092331782472e-01  6.102850876873e-01 
-3.434935083888e-01  1.429403972249e-02  1.224392284436e-04 
-1.898473393864e-02 -2.278601787355e-01 -1.381727871153e-02 
-3.098911399283e-02 -4.906701655510e-02 -2.849553472714e-02 
-9.946413367046e-02 -4.628657393517e-01  3.730934600770e-01 
-2.939488987482e-01 -6.904027658468e-02 -5.625728773694e-01 
 8.158732235122e-01  1.782016797896e-01  1.199653771120e-01 
 1.389347566570e-01  1.561832367033e-02  4.339357161551e-02 
 3.663057183664e-02  1.831965147840e-02 -1.424195609917e-02 
 1.433006206682e-01  2.348189575068e-01 -9.817342386562e-02 
 2.976053927466e-02  6.453906089222e-02  1.256128289217e-02 
-1.726094996068e-01 -3.759889677082e-01  1.268000716274e-02 
-6.012809182566e-03 -8.758660721483e-02  4.204397435405e-03 
 1.548111851765e-03  8.743883090976e-01 -9.843507081017e-01 
-1.459832620178e-02  1.852232754258e-02 -1.296476076539e-02 
-9.703896213502e-01  1.126352044623e+00 -2.547622789253e-03 
-7.930077926515e-03 -9.364056193431e-02 -9.226956641892e-01 
 8.615701457419e-01 -4.095658837397e-02  4.651291543476e-02 
-2.115872278442e-02 -2.258942894807e-01 -1.601580970672e-01 
 3.820107153398e-02 -2.475112547025e-02 -2.940401471322e-02 
-4.029012633021e-02  8.171479464495e-02  1.095174722689e+00 
-5.081482456894e-02 -5.204692141426e-01  2.073265263970e-01 
-1.926496127718e-01  2.235149998359e+00  4.251346669535e-01 
 1.031681240249e-02  1.345497400508e-02  4.258114499945e-02 
 4.919341214258e-02  1.824355908717e-01  1.542856527220e-03 
-2.002093050941e-01 -8.440993125304e-01  2.734539930397e-02 
-1.850027458931e-02  2.180546203444e-02 -2.469821296901e-01 
-1.486916007814e-01  7.271228692418e-01 -1.118557949320e-03 
 3.427870054253e-02  1.889030545099e-02  2.774276319423e-02 
 2.799161227730e-02 -1.048564273051e-01  5.830760274898e-01 
-3.628696231787e-02  1.248861040972e-01  5.585554483239e-03 
 2.941656484842e-01 -6.300190026841e-01  1.084935255481e-02 
 1.044943920443e-02  4.733475755834e-02 -1.699458118762e-01 
 8.041943775615e-01  1.744482799906e-02  9.754130526315e-02 
 2.909965373110e-02 -1.484218964748e+00  2.078953028234e-01 
 1.679994285149e-02 -4.635145018237e-02 -1.292693120919e-02 
 5.055040003155e-02  1.585163238233e-01 -5.536409193972e-01 
-1.153984218556e+00 -7.861307216640e-02 -5.016363724389e-01 
 2.145581978244e+00  9.628797347329e-02  5.179487673035e-01 
-1.749533209202e-01  4.841524309686e-02 -3.183584804261e-02 
-1.751099424040e-01  4.883263487935e-02  6.814298764610e-03 
 4.802956775932e-02  1.440903349549e-01 -1.748093797013e-01 
 4.421692599174e-02 -1.568900346288e-01  6.456523713904e-02 
-1.117188056246e-01 -6.630286685856e-02  3.137059382513e-02 
 2.653508913586e-03  4.385281244154e-02  6.706620135938e-02 
-2.040863511328e-02 -3.361559993090e-01  1.583972915863e+00 
 8.566347503511e-02  1.133678818870e-01  6.509936838091e-02 
 5.319625302053e-01 -5.634151087788e-01  4.518845070383e-02 
-6.089491863679e-03  3.393275483432e-02  4.362503700167e-01 
-1.536588580834e+00  5.864915490889e-02 -1.085878824568e-01 
-7.624786473679e-02  3.355733637553e-02  2.137218195214e-01 
-1.706784204788e-02 -1.895661332428e-02  1.134123643626e-02 
-1.589430566079e-01 -9.278424493986e-01  1.384725382485e+00 
 1.862833576809e-01  5.018503646435e-01 -1.376258473580e-01 
-4.278437884949e-01 -2.053441912056e-01  4.840371146943e-01 
 1.007184727311e-02  2.855335520653e-01 -7.639471166594e-02 
-7.557142186776e-02  9.518766671958e-02  2.883565589522e-02 
 1.388833601588e-01 -6.165791609661e-01  9.660063664352e-02 
-2.710166293163e-01 -1.584007339736e-01 -1.164086997632e-01 
 6.223471180143e-02  2.698641593058e-01  2.866707436499e-02 
-7.164476514309e-02 -1.017510142176e-02  2.372243732275e-02 
 2.310601585750e-02  1.251750004846e+00 -1.483857908436e+00 
-1.139945934241e-01 -7.655250385529e-02 -7.081744455744e-02 
 2.781125536821e-01 -2.866855671354e-01  3.366486454435e-02 
-8.647681179070e-02  1.285784443038e-02  1.034460034428e+00 
-8.697703513467e-01  1.262707302059e-01 -4.735807271018e-02 
-8.097588444256e-02 -4.635328720786e-01  6.459173012177e-01 
 1.003759619816e-04 -4.348000063595e-02  8.667445608776e-02 
-2.715375157970e-02 -3.484792018505e-01  1.676968493644e-01 
-9.894681375976e-02 -9.559786246630e-01  2.518040299046e-01 
 1.704491178057e-01  2.516633136947e+00 -3.857271930954e-01 
 4.638649804161e-02 -1.214414191694e-01 -8.988602252478e-02 
-5.382061407737e-02 -1.813656407420e-01  1.557309475312e-02 
 1.386721797651e-01 -8.776292409543e-02  8.762343713508e-02 
-3.731929955474e-01  1.722673849436e-01 -3.303949504277e-02 
 9.323599888477e-02 -4.425198183771e-01  7.409509962059e-03 
 2.672129937488e-02 -4.534742255060e-02 -1.795404142712e-04 
-1.259622292462e-02  5.763426663518e-01  3.066494074156e-01 
 5.965216593579e-02  2.917711710285e-02  1.854994656843e-02 
-1.593847390443e-01  4.602680298050e-01  8.733341117557e-03 
-1.995642520581e-02 -7.163636672128e-02  8.095079814788e-01 
 5.874053012411e-02 -5.286006186926e-02 -2.854903436287e-02 
-6.677579688975e-03  5.936423572989e-01 -2.174528186200e+00 
 2.259306020435e-02  2.861655348959e-01 -4.418877726312e-02 
 5.655472453779e-02  1.705085393344e-01 -1.209095430696e+00 
 6.787221733244e-01 -3.864406634508e-01 -7.101851051142e-01 
-1.159977706058e+00  6.335093637896e-01  7.340730122676e-01 
 7.659233648015e-02 -1.407231959778e-02  2.616787860492e-02 
-1.015299784827e-01 -2.922995277511e-02 -1.491536016842e-02 
 3.350580157099e-02  1.664665531563e-01 -6.922699732675e-01 
-5.498649879525e-02 -5.235229855637e-01  1.080104844307e+00 
-7.728189005662e-02  7.188513977428e-02  1.246050076998e-02 
-3.976058324039e-02  2.976660723172e-02  8.274333807333e-02 
-4.306051373995e-03  1.843122521721e-01 -2.244655960665e-01 
 7.876755336462e-02 -4.146854883884e-02 -3.547880760354e-02 
 8.453939832427e-01 -8.400025754828e-01  1.223383313781e-01 
-3.628032534072e-02  1.587509606078e-01 -3.697427068258e-01 
 1.320383320966e+00 -1.601945947172e-01  8.566996297005e-02 
 3.513191278293e-02  1.390587629283e-01 -1.289273393295e-01 
 4.496457902887e-02  1.295385184182e-02 -2.503366245014e-03 
 3.573156979569e-01  1.581808760865e+00 -2.238921342013e+00 
-8.877289853600e-02  1.643874577457e-01 -2.021472332911e-01 
 7.095894612400e-02 -4.332700562187e-01  7.357496429746e-01 
 9.271126074133e-02 -6.015908025927e-03  2.068055104789e-01 
-1.141662390594e-02  4.381619213223e-02  6.657332227344e-03 
-2.486230040564e-02 -1.758680373738e-01  1.965834260290e-01 
-1.120589962850e+00  3.850501276763e-02 -3.701781131183e-01 
 1.530118329914e+00  1.763771485251e-01  6.499559628403e-03 
-4.242319819698e-03  1.111718184832e-02 -2.715621887536e-02 
-8.776102326434e-03  7.549126496419e-02  2.501362854953e-01 
 1.267227159398e-01  4.688334832718e-03 -7.249121649151e-02 
-4.212690839814e-02 -1.165780318749e-01 -5.347290458318e-02 
 3.069936623803e-02  6.405728174137e-03  4.957633004401e-02 
 2.754102801515e-01 -1.477630162113e-01  2.088340058096e-02 
-2.697774452697e-02 -7.976196629881e-02  7.051172347326e-01 
-9.870068532018e-03 -8.844631325628e-02  1.328203933960e-01 
-2.049910193939e-01 -7.594263755513e-01  1.172108403181e+00 
-8.958772365522e-02  2.722614762237e-01  3.729832638342e-01 
-3.919311539664e-02 -8.022002145360e-01 -8.188357091677e-01 
-9.703815506851e-02 -1.420046434916e-01 -1.495664150394e-01 
 6.481340036834e-02  1.360337147654e-01  4.870922279128e-03 
 2.262258870844e-02  2.181425728860e-01 -1.028657424636e+00 
-4.728955340348e-01  4.444403930668e-01  1.416507982149e+00 
 6.981987690476e-01 -5.735559693092e-01 -2.607172302402e-02 
 3.293927410906e-02  1.286304991061e-03 -1.233622775770e-02 
 5.874181240945e-03 -2.692626869851e-01 -5.229000212904e-02 
-6.042966464708e-02  2.423355661462e-04 -9.098443423466e-02 
-3.730652070309e-01  5.164631615259e-01  1.383440767910e-02 
 4.391859423981e-02 -8.112215615008e-02  4.441668621282e-03 
-6.061043671340e-01  8.579893304084e-02 -6.722951739392e-02 
 3.533121521877e-02 -2.344786184298e-01  8.747160995419e-02 
-5.966276152798e-02  1.267171519164e-02  2.685162075465e-02 
-4.509225549823e-01 -2.097303952606e+00  5.126101680345e+00 
-1.001466792035e-01  1.382241477693e-02  1.231488751505e-01 
-8.945605747324e-02 -1.247765247989e-01  3.509367538586e-01 
-3.227173728856e-02 -9.593188171585e-02  2.207776564686e-01 
-7.657912096353e-02 -2.662643943441e-02 -7.787456693729e-02 
-4.061335135927e-01 -3.205963237659e-01  1.542739287056e-01 
-3.766182710706e-01 -7.446830081528e-01 -3.826918838037e-01 
 8.765226200827e-01  1.981607035681e+00 -2.265354485114e-02 
 3.522823727307e-02 -3.793088837225e-02  6.211983330579e-02 
-5.996460364857e-04 -2.663593622345e-01 -2.816825847441e-01 
-7.003660413204e-02 -4.748181919715e-02 -6.294114055133e-02 
-1.650384205871e-01 -7.972923374706e-01  3.833294390074e-02 
 1.112333650262e-01  2.190491748243e-01 -3.965901846832e-01 
-3.205925992067e-01  1.115676152314e-01 -6.142842579539e-02 
-2.818583984405e-02  1.750415029361e-01 -9.060133858700e-01 
 4.879177285738e-03  7.900794072197e-02 -1.582189853048e-01 
-2.046830933886e-02 -6.180269254888e-02  1.063614041590e+00 
-1.711002055385e-01 -1.303602597557e-01  2.205842700078e-01 
 4.017981181630e-02  8.207792637168e-01  1.196552527255e-01 
-1.820011296786e-01  2.661597233158e-01  6.989311215601e-02 
 2.821146659319e-01 -2.003343019188e-01 -4.949816333455e-02 
-2.776955673109e-01 -2.900808585964e-02 -2.880925644367e-01 
 1.274687995279e-01 -2.583979120444e-01  1.462590808479e-01 
-2.930461257710e-01  1.195440383895e+00 -2.810364392850e-02 
-1.189097762911e-01  2.546623279367e-02 -8.856376138270e-02 
 2.748128905888e-02 -5.870840403099e-02  1.914257612672e-01 
 2.073877300817e-01 -8.512118679373e-03 -2.650977897193e-01 
-5.426910229579e-01 -1.252940555043e-01 -1.574367168162e-01 
-1.902649871543e-01  1.279869984975e-01 -8.013695542737e-02 
 1.082170392961e-01 -1.527891305357e-01 -1.756650355964e-01 
-5.245833257111e-05 -2.287845634072e-01 -2.454473404594e-01 
-1.042490046727e-01  5.839217887054e-02  1.175242168964e-01 
-4.249517730972e-01 -1.655978711021e+00  1.702125852943e+00 
 1.903759524298e-02  1.597719257260e-01  1.364357305731e-02 
 5.415027195894e-01 -7.808050153985e-01 -1.090015525605e+00 
 1.761141183853e-01 -4.617707642088e-02 -2.165105308159e-01 
-9.450039822937e-03 -1.637407169661e-01 -4.025898411263e-01 
-1.817577526396e+00  2.978015584676e+00  1.842448963179e-01 
-1.201936958622e-01  4.372081810974e-01 -1.608037434112e-01 
 9.499630415014e-02 -1.286312075037e+00  4.162278079681e-02 
-5.577228829804e-02  3.497963513217e-02  5.358660529999e-02 
-1.506957222934e-02 -7.725093742036e-01  2.227751840928e-01 
 1.612334935301e-01 -9.637918618688e-02  1.254609084005e-01 
 3.932119195474e-01 -2.060686255494e-01  1.676872267734e-01 
-8.026796222729e-02  6.434113989526e-02 -4.849624267750e-01 
-4.767804985718e-01 -1.736652328612e-01 -5.119319357689e-02 
-1.964696584619e-01 -5.982770104643e-01  1.210164748427e-01 
 8.511233259010e-02  5.453007106160e-02  2.336015243350e-01 
 3.041763264374e-01  1.298142306191e+00 -1.100739968918e+00 
-3.795917487969e-02  7.523439462052e-02  3.853264199232e-01 
-9.551125405949e-01  4.862910105588e-01  8.329312246922e-02 
 2.243166069456e-01  7.432887188262e-02 -6.882810346629e-02 
-2.360674169697e-01  6.382217755493e-04 -2.642554863146e-01 
-1.230811862074e+00  1.422168924006e+00 -4.139701694052e-01 
 2.301810322162e-01 -3.325215262127e-01  8.049091797337e-01 
-2.694343930029e-01  1.957935259147e+00  9.891218420603e-02 
 9.095044869270e-02 -2.807959653108e-02 -8.715666867006e-02 
-4.878945560883e-02 -8.604789794389e-02 -4.397347622571e-03 
-6.231914701681e-02  1.019407990463e-01  1.179536692566e-01 
-1.467162408808e+00  8.585981504269e-02 -1.053095773049e-02 
 1.161017359508e-01  1.110858454764e-01  7.592718722167e-01 
 1.548200031186e-01  1.253755601011e-02  2.012909434496e-02 
-2.400685275203e-01  5.981743528828e-02  3.026421524037e-02 
 1.572555670353e-01 -2.629330495174e-02  7.207057832289e-02 
 3.198591286741e-01  1.304703411045e+00 -3.208814352244e+00 
-1.126867540007e-01 -1.240895462715e-01 -5.248755190172e-02 
 8.256987161625e-01 -1.426811928036e-01 -9.591218915877e-01 
-2.090860383959e-01 -2.998183240538e-01 -2.151207818956e-01 
 1.148577641178e-01 -1.365349652508e-02 -4.327470908873e-01 
-1.827355473591e+00  4.082111916021e+00  1.206804085496e-01 
-5.691379099619e-02 -1.699098382534e-01  1.554976150765e-02 
 7.890984962286e-03 -1.519160353832e-01 -1.180600406982e-01 
-8.064615509513e-02  4.994778134304e-02  4.339001778182e-02 
-3.518099268524e-02  7.971877278507e-01 -1.662279135974e-01 
-5.516451971606e-02 -1.304300572467e-01  9.511355592093e-02 
-5.727145928664e-01  1.511789505314e-03  2.768657684877e-01 
-2.975049426470e-01  1.494775321416e-01  2.295651467045e-02 
-1.359384940287e-01  1.459619066991e-01  2.305155809476e-01 
 1.045260366875e-01  9.613542338261e-02  1.535932669502e-01 
-3.289747320389e-01 -5.999197692530e-02 -4.697196684361e-02 
 2.129318368050e-01  7.920119549651e-01 -2.483345709714e+00 
-3.882086591181e-04  8.973424817709e-02 -1.101122130122e-01 
 4.560008248401e-01 -8.898381926583e-01 -4.650303399891e-01 
 7.260377737079e-02  6.062541185607e-02 -1.325996309775e-01 
 3.660292404228e-01  1.979029097961e-01 -1.699234194214e-01 
-6.810005936162e-01  2.097262419328e+00  1.556769353848e-01 
-1.135903229998e-02 -6.555573087440e-02 -3.084231430304e-01 
-1.213124953242e-01 -5.783322141032e-01 -4.872000415703e-03 
 7.485426552236e-02 -1.051323949717e-02  1.038006704046e-01 
 1.508802667738e-01 -9.615965650587e-02  1.548197277267e-01 
-7.213624135379e-02  3.502129166561e-01 -3.573944392522e-01 
 6.917230815874e-02 -5.885891182565e-02  4.632562224427e-01 
 9.469257690637e-02  4.611177038049e-02  2.223584219191e-01 
-3.747585339169e-01  4.022700799640e-03 -1.768233513113e-01 
 2.144333149013e-01  8.488927043357e-01  8.411209321880e-02 
 3.117828995480e-01  4.064571763867e-02  2.219876297341e-02 
-2.574085746770e-02 -1.748069952973e-01 -1.589603120962e+00 
 3.505878619504e-02 -1.223688835115e-01 -5.273207396154e-01 
 4.360267024123e-01 -1.476595497132e+00 -5.579245394492e-01 
 1.073207887942e-01 -1.852993673562e-01  7.094619247118e-02 
 1.979159522656e-01 -2.132420434143e-02 -1.703525024981e-01 
-6.271550015601e-01  2.224650498363e+00  1.827339633725e-02 
-2.775175852205e-02  1.097717963938e-01  3.571153594258e-01 
 2.021906078316e-01 -1.403681581731e+00 -3.418380406532e-02 
-1.052056688388e-01  1.104213197170e-02 -1.244616996380e-01 
-2.149932516271e-01 -3.772807882429e-01  1.325220159404e-01 
-4.002978546471e-01  3.771944453284e-01 -5.347228961558e-02 
 5.471256031437e-01 -1.497679971578e-01 -4.134057105445e-01 
-1.809086146315e-01  2.336386120130e-01 -5.627586464527e-02 
-4.768076207690e-01  2.432720038773e-01  2.452802823902e-01 
-3.052606820813e-02  6.446117215068e-01  2.453160078093e-01 
 2.768353975645e-02  1.993285388763e-01  3.635772650758e-01 
-3.640524547845e-02 -1.325612686186e-01  1.317974204558e+00 
-3.994402058523e-02  1.323169740433e-03  1.940352228561e-01 
-5.283859395715e-01  1.116404545023e-01  5.347574406592e-02 
 1.069126477879e-01 -8.990391565713e-02 -7.833739928404e-02 
-2.205965416213e-01  2.771728538477e-03  1.421533090950e-01 
 5.998566301347e-01 -1.256795540489e+00  1.828939874312e-02 
-1.534537065165e-01 -2.071525405105e-01  1.208523789040e-01 
 6.897457110360e-01  8.569635917329e-01 -3.192089445162e-02 
-1.326618416735e-01  8.191101689407e-03 -4.418748584542e-04 
-6.837604938512e-02 -3.768628141614e-01  9.325097153520e-02 
-2.386256759306e-02  4.027988731633e-02  1.317903840140e-01 
-3.609964925839e-01  1.088072040244e-01 -9.120888504355e-02 
-6.558965647142e-01 -2.095521705362e-02 -3.075693179573e-02 
 9.548795093798e-02  2.390310960560e-02 -3.195615238364e-01 
 3.522708433834e-01 -3.302959370135e-01 -2.732883379447e-02 
 4.212067722675e-01 -1.810719519028e-01 -1.515321536382e-01 
-5.833584153488e-02 -3.221651605877e-01 -2.498736645949e-02 
 4.994560242581e-02 -5.546749204333e-02 -3.137483307489e-01 
 4.350099636170e-02  1.428318272469e-01 -7.624425182293e-01 
-3.190418021960e-02  3.036466265062e-02 -4.829578978958e-01 
-6.954305640679e-02 -1.324366775670e-01 -4.448781213659e-02 
-7.584183338174e-02  1.183140751582e+00  2.460441599606e-01 
-1.916345540322e-01 -3.947007993633e-01  1.315380765511e-01 
-2.706490053397e-01  3.669719922562e-01  3.371085491747e-01 
-2.306942666381e-02  3.279698020145e-02 -3.165385920511e-02 
-1.638171748662e-01 -1.334386512994e-01  2.242509545345e-02 
 4.096502325705e-02 -3.056452544444e-02  5.334863787480e-02 
-4.732643461690e-01  1.675597827157e-01 -1.710531835341e-01 
 4.149522166338e-01  7.004715204155e-02 -4.347473004838e-01 
 2.734444175460e-01  1.161191062374e-01 -1.404336548935e-03 
 6.008560750955e-01 -4.109556746787e-01  7.882695106850e-02 
-7.047745015004e-02  1.645434009486e-02  2.288128637975e-01 
 1.001104112380e-01  3.181274057887e-01 -2.531527572138e+00 
 9.407637144966e-02 -1.002240001379e-01 -4.674980919343e-01 
 4.744284216633e-01  5.739306786293e-01 -4.890881058230e-01 
 2.194622012237e-01 -1.336817536713e-01  9.939614543335e-03 
 5.341806493327e-01 -1.151167557920e-01 -1.348680144485e-01 
-4.515845802687e-01  2.066521876399e+00 -1.250743719197e-01 
-6.380193259979e-02  1.104291096163e-01  3.191333397536e-01 
-3.968679507503e-01 -1.333332303526e+00  1.210678916326e-01 
 8.284394098069e-02 -8.068052342784e-02 -1.263506702043e-01 
 1.827966072525e-01  3.501984321986e-01  2.881194702989e-01 
-2.786570778089e-02 -6.444050120503e-02  4.711448602987e-01 
 5.293684449741e-01 -1.697301968996e-01 -1.418771909631e-01 
 1.518374206715e-01  3.007200780659e-01  1.030959670454e+00 
-6.143628220080e-01 -2.364626443753e-02 -3.168322231879e-01 
 7.717339658883e-02 -3.344914678071e-01  1.721261850934e-01 
-1.143408430585e-01 -2.014429818888e-01 -2.655349687463e-01 
-1.608415489806e-02  4.579011930426e-02  4.328754273807e-01 
-9.466664916156e-02 -2.209683403152e-01  3.205541716293e-02 
-4.672555446275e-02  1.607601039678e+00  4.265731559821e-01 
-1.413321098766e-01 -3.478729477677e-01  3.002124023428e-01 
-1.256041465876e-01 -6.064474418719e-01  4.481025836718e-02 
 1.345528944960e-01 -9.494564809639e-01 -6.056551140227e-02 
 2.768579641906e-01  2.128143453133e-01 -2.326099706562e-01 
-6.390821177850e-01 -1.355718284790e-03 -1.709866719653e-01 
 1.303057527900e-02 -4.726325276776e-02 -6.476086213540e-03 
-3.276650014384e-01  7.351163400662e-01 -2.640754946083e-01 
-1.512197563568e-01  9.475436515776e-04 -3.234382093629e-01 
 2.184353046306e-01 -9.817011432527e-02  2.080034896308e-01 
 2.614680511921e-01 -2.030360571185e-02  5.783147566002e-01 
 4.366356463681e-02  5.823774991744e-02 -1.800442044732e-01 
 4.225686921625e-02 -1.326008542520e+00  3.605216415817e-01 
 2.299731810209e-01 -2.435401879209e-01  1.881921981552e-01 
-6.736318218019e-02 -2.195340695820e-01  2.299192349576e+00 
-7.211881437787e-02  3.317966852487e-02  2.824139444329e-01 
-3.383670804070e-02 -1.433546535655e-01  1.969477921556e-01 
 1.297752405629e-01  2.841664433688e-01  4.142415172008e-01 
 5.159865310253e-02 -4.315063336325e-01  2.868205308456e-01 
 1.169776472347e+00 -2.550118530064e+00 -2.261830738326e-01 
-1.330698469960e-01 -1.341286663449e-01 -4.276893726031e-01 
 4.594406960814e-01  1.150429270482e+00  7.459510323200e-02 
-1.176813815563e-01 -8.057254521664e-03 -1.133015835749e-01 
 7.154246861231e-02 -5.463893476197e-01  2.536843562159e-01 
-2.215379410227e-01  1.554704124898e-01  4.560868043848e-01 
-1.249092873231e-01 -3.450024463476e-02  6.119161436541e-01 
-7.744264768569e-02 -1.621516466085e-01 -3.483903052232e-01 
-6.832768917293e-02  3.115436254523e-01  1.520468858010e-01 
 1.691495744864e-01 -2.148320285704e-01  1.079077498160e-02 
-1.894313769188e-01  1.302043276884e-01  3.017633031931e-01 
 1.209346333161e-02  4.963405663273e-02  2.739748718076e-01 
-3.566292472931e-02  7.618331056903e-02  1.042610356064e-01 
-5.632926172090e-01  1.047396563035e-01  4.573292891556e-01 
 5.014748253481e-01 -8.412102718662e-02  1.395756111965e-01 
 6.826769954073e-02  4.789543212648e-02  1.446504799788e-01 
 5.930047123439e-01 -1.206175298785e+00 -5.796942857867e-02 
 1.706811900150e-01  1.706432885302e-01  6.115284886077e-03 
 2.240603546005e-02  5.351313820228e-02  1.583796190641e-01 
 8.827523795201e-02 -9.756509377635e-02 -7.088509817594e-02 
-1.791058770667e-01 -4.033223649081e-01  3.118774228999e-01 
 6.665264302384e-01 -2.337221842836e-01 -3.282541594089e-01 
 1.624215909066e-01 -1.261232166883e-01  1.100411634151e-01 
-1.886153806710e-01  1.594220284452e-01  7.529322940389e-01 
-3.816116306345e-01  5.278185415380e-01  2.721429246126e-01 
 7.906330850231e-02 -4.475734068162e-02  6.605485674928e-02 
-1.022736879263e-01 -6.249329308092e-03 -4.086796875675e-02 
-7.658692044345e-02 -2.781513790477e-01  3.328716337065e-01 
 1.502998613613e-01  7.814504883912e-02  3.576486584158e-01 
 5.071627743796e-01 -3.050581666139e-01  1.644764429271e-01 
 2.361839076407e-01  7.947484604154e-02  1.259417708187e-01 
-2.746225063492e-01 -9.399873091508e-02 -5.135509329056e-02 
-2.753888763080e-01 -9.735519957592e-02  6.127809123739e-03 
 1.957127622988e-02  2.802872004234e-01 -3.328733584113e-01 
 2.317994936051e-01 -4.780429460913e-01  5.458789431982e-01 
 2.221210355362e-02  1.261419430982e-02 -2.145544384610e-02 
-2.149786780664e-01  4.941660305461e-02  1.042782510096e-01 
-2.394608372945e-01  3.954831103838e-01 -2.957082194774e-01 
 3.578427165492e-01 -1.152783332528e-01  1.361467455437e-01 
-2.329858696604e-01 -6.712923280688e-02 -1.368193443526e-01 
-1.786811356730e-01 -2.512149741833e-01 -1.320766950066e-01 
-3.208426875131e-02  9.606139421069e-02  6.444339676136e-02 
-5.878403443152e-01 -1.863481328906e-01 -3.925784913823e-01 
-1.890797881286e-02  1.251482344378e-01 -7.178105093872e-02 
-5.045094930178e-01 -3.108545240750e-01 -4.975271165438e-02 
-2.140827390065e-01 -2.928896912459e-01 -2.750432700341e-02 
-7.317561238868e-02  8.861262732248e-02  3.749765096204e-01 
-3.575877800602e-02 -2.230231451200e-01 -2.403108711034e-01 
-1.080875567404e+00  9.911979600639e-01 -1.752840332887e-01 
 7.548259981141e-02  3.927506521248e-01  2.788686561377e-01 
 8.199849903622e-02 -6.649419195794e-01  4.841442362004e-01 
 1.227064507298e-02  3.490366823508e-02 -4.620379461136e-02 
 4.255468606514e-01 -2.927359991889e-01 -4.273112578337e-01 
-3.450578454842e-01 -4.879944378518e-01 -2.175742764859e-01 
 1.755345457307e-01  2.521365898766e-02 -1.185262477665e-01 
-1.289843985806e-01 -7.559191052332e-02  4.278554562980e-02 
 1.891956985748e-01  1.686426374070e-01  2.831097645830e-01 
 1.998246717519e-01  1.294864667348e-01  3.646597580445e-02 
 4.332163119254e-01  2.234849636523e-02 -1.565523323201e-02 
 1.001508896523e-01  4.856230001289e-01  6.076747898178e-01 
-3.571429480253e-01  9.947682434545e-02 -3.707070933628e-02 
 5.637370838440e-02  1.296584885321e-01  5.925323652775e-02 
 6.356945537029e-02 -1.908001732617e-01  4.442428130692e-02 
 1.775317916054e-01  4.831831366347e-01  2.525003146083e-01 
 1.121424724833e+00 -1.182685888577e+00  1.603198998891e-01 
 1.670709970938e-01  1.661669701183e-01 -3.260620421642e-01 
 6.590924143340e-03  6.769026049229e-01  2.137543041631e-01 
 2.423655733468e-01 -1.164140336185e-01 -9.922301588000e-02 
-2.752602667218e-01 -1.376643320930e-01 -2.565084490948e-01 
-2.355132094628e-01 -5.192306192090e-01  5.602431545684e-02 
-4.441164218995e-01 -3.848213462112e-02  3.040897233473e-01 
-2.393975792407e-01  4.666598234877e-01  1.025494576891e-01 
 9.998977355361e-02 -4.812232584694e-01 -1.994893902121e-01 
 3.243616086327e-03  1.107591984269e-02 -2.223284760243e-01 
-4.161227165507e-03  3.453423079041e-01  4.140331547654e-01 
-7.338984347645e-03 -3.858914629409e-02  5.817772913769e-02 
 3.171508584788e-01 -2.581482558402e-01 -3.159720141342e-01 
 1.286598902244e-01  1.638080175333e-01 -1.598472783039e-01 
 3.206356342197e-01 -3.905657562026e-01  9.652602612774e-02 
-2.851782651414e-01  9.844815588905e-02 -2.864177575589e-02 
-1.413056030067e-01  1.522366690980e-01  6.319559870033e-02 
 2.303356222315e-01 -5.060872222724e-01  8.152732102606e-03 
-1.838926358732e-01  2.025312839394e-01 -3.491164927352e-02 
 3.577986824830e-01 -2.053719077476e-02  1.883028904134e-01 
 4.264854348122e-01  7.284737179089e-02  4.488813495292e-02 
 1.262654236447e-02  2.635207493206e-02 -1.436098606785e-01 
 1.322201464051e-01  7.208376226828e-02 -2.488834535254e-01 
-2.623154686340e-01 -3.398922029605e-01 -4.821982912016e-03 
-3.234246536685e-01  8.143987532138e-02 -4.244330284218e-01 
 1.029654971742e-01 -2.317973335707e-01  1.948524850450e-01 
-5.043402736748e-01  7.341830723760e-02  5.956137784559e-01 
 1.387902485397e-01  6.650364306948e-01 -1.120105659574e+00 
 3.246732722547e-01 -2.289263949937e-01 -4.058639312950e-01 
 2.319144660254e-01  5.943061838697e-02 -2.985416638582e-01 
 4.319262794876e-02  2.020730381570e-01  3.469934896201e-01 
 3.384315924931e-01  2.653298363511e-01 -3.112315766630e-01 
-1.406088730209e+00  1.575594215789e+00 -1.752930674577e-01 
 3.247616400193e-02 -4.201482841075e-01 -3.481138650845e-03 
-2.282262495611e-01 -7.085765241179e-01  9.412722139687e-02 
-8.165773912356e-02  1.418355910070e-01  8.418296721132e-02 
-4.850779848782e-01  5.419775404104e-02  2.187163701478e-02 
-1.111654944104e-02 -3.127296996381e-01  2.016375760463e-01 
 6.230435066539e-01  1.148925512506e-01 -5.174460611114e-02 
 6.881036513750e-02 -7.641530227940e-01 -9.681125631398e-02 
-2.054707309497e-01  2.186517776860e-01 -4.124503610900e-01 
 2.089684660594e-02  3.135486874006e-01 -3.627767406249e-01 
 3.346775961055e-02  2.520536210002e-01 -4.673410788908e-02 
 1.405167099629e-02 -2.983529136696e-03  6.265173382692e-01 
 2.741206298465e-01 -8.580006456568e-01 -1.081902530811e-02 
-1.391608934799e-01 -1.725345894219e-01  3.657446591337e-01 
-3.627999579006e-01 -3.310358587009e-01 -5.469677296653e-01 
 5.136769151683e-01  3.525444499324e-02  3.706492262254e-01 
 1.547700381382e+00 -1.960932393221e+00  2.106473993590e-01 
-2.180575497233e-01 -8.387732074328e-01 -3.724549199529e-01 
 4.338127482718e-01  8.466321085566e-01  3.578934965866e-01 
-9.017515919194e-02  7.182350271962e-02 -2.103662459488e-02 
 3.224101156096e-02 -2.514929497168e-01 -3.908653305470e-03 
-5.013996111075e-02 -4.107761185458e-02 -8.979937474864e-02 
 1.062817594196e-01 -4.178014865978e-02  6.693505153734e-02 
-7.601488890654e-02 -2.285451970922e-01 -6.039659105180e-01 
-1.468190481230e-02  2.210313621281e-01 -9.554129986909e-03 
-8.556352726454e-01  3.214709441615e-01  3.301430172028e-01 
 2.441612810455e-01 -4.380368848952e-01  2.059931113630e-01 
 1.199483812319e-01  8.900623667514e-01  1.296739873974e+00 
-1.705519919258e-02 -1.128104487718e+00 -1.871682893287e-01 
-2.022411815590e-01 -2.996400957851e-01  1.192706416727e-01 
 5.314318132206e-01  6.542316331281e-01 -4.371482713666e-01 
-3.258884924414e-01  3.395056479781e-02  1.076348318069e-01 
 4.599861840280e-01 -6.671501262811e-01  1.096398441046e-01 
-7.634776973614e-02  3.125243689895e-01 -6.403994567318e-02 
 2.101386866851e-01  4.571577809949e-01 -2.391251239409e-01 
-3.374222996919e-01  3.795815810463e-02  3.984706596394e-02 
 6.949162490541e-02 -1.608922007906e+00  2.907004433931e-01 
-6.086559123116e-01 -6.490837089577e-01 -3.771497490956e-01 
-5.010127249078e-01  4.346422372364e-02  5.184993594167e-02 
 2.214962468674e-01  3.372654086875e-01 -1.193627531252e+00 
 1.430394436928e-01  5.222207879718e-01 -4.971405083279e-01 
-1.713550558510e-01  3.528369038132e-01  1.352072705380e-02 
-3.706787440588e-01 -1.534151369100e-01 -1.539061404060e-01 
 3.749506914723e-01  1.686310460627e+00 -1.628641635228e-02 
 8.852157273073e-01  3.631512980114e-01  1.088057057125e-01 
-1.512254150925e-01  3.586531850915e-01  1.838723810488e-01 
-9.278033293294e-01 -3.049962901147e-01  3.997974476220e-01 
-5.993704195330e-01  4.147977819238e-02  3.107310808203e-02 
 1.574838556792e-01 -4.675276195846e-01  3.349644699324e-02 
 1.117914734038e-01  6.722116838331e-01 -1.066080313568e-01 
 9.155418157505e-02  6.424566050288e-01  2.657356393040e-01 
-3.428970852621e-01  8.188909648787e-02  2.963979580395e-01 
 1.222165666072e-01  1.261451581124e+00 -2.805379838979e-01 
 4.684572731536e-01  5.361399810994e-01  2.192015170382e-01 
-9.252849326119e-01  1.206205692860e-01 -1.136204259351e-02 
 1.202441577425e-01  5.414896575274e-01 -1.322012452681e+00 
 4.172546117806e-01  5.461195952424e-01 -6.956156606246e-01 
-3.155477388391e-01 -7.320626922977e-01 -6.859699273806e-03 
 1.700881710629e-01  5.741281551981e-01  7.028339323021e-02 
 4.011970480461e-02  1.986042644435e-01 -2.454406271435e-01 
 8.100551297935e-02  6.704680341820e-01 -1.079816312659e+00 
 1.033635880681e-01 -1.540179964154e-01  1.153862270136e-01 
 1.580010293912e-01 -8.968900996067e-01 -5.828243807601e-01 
-2.332324841662e-01 -1.554810972798e-01 -2.770833022744e-02 
-1.019078298474e-01  6.612786342109e-01  1.820819657679e-01 
-2.426174240573e-02 -4.902224341882e-01  8.693658997280e-02 
-7.324449524467e-02 -6.356018346140e-01 -7.984484431745e-02 
-2.025596152472e-01  1.219168179901e-01 -9.712138591103e-01 
 2.169868837522e-01  5.149978911569e-03  1.916728240919e-02 
 5.166643905237e-02  1.708663197584e-02 -2.994169193979e-01 
 6.456097109614e-01 -7.311816514869e-02  2.756496100676e-01 
 9.275511512050e-02 -3.525054151061e-01  1.053600520716e-01 
-1.254346482326e-01 -1.262852819872e-01 -9.659005020593e-02 
-1.068087242516e-01 -1.725614361610e+00  5.432836006235e-01 
-1.226914165072e-02  8.620987246207e-01 -2.869395120550e-01 
 2.616546920277e-01  1.344786029088e+00  6.200740872680e-01 
 1.249190008279e-01  1.084304742530e+00 -6.913257413603e-01 
-5.343924306491e-02 -1.809814640521e-01  1.887656173658e-01 
 6.521414384131e-02  6.294266670097e-02 -7.352766685748e-01 
 3.451188071554e-01 -1.195498196404e+00  1.379844830010e-01 
 5.590922630110e-01 -5.845917680751e-01  4.806125971062e-02 
-3.111182157416e-01 -2.220919766912e-01 -1.038527046343e-01 
 1.745252174237e-01  2.291074453250e-01 -5.515264242838e-02 
 6.045076955795e-01 -4.367486655020e-02  3.647392800754e-01 
-1.049368165149e-01 -7.134793558902e-01  2.939984964081e-01 
-3.986930564101e-01 -1.096317155650e-01 -9.277622356876e-02 
-8.278336805565e-02  4.689841214265e-02 -1.425486555757e-01 
-2.619927927655e-01  4.955612541121e-02 -3.829710553713e-01 
 1.246342051548e-01  2.880517089951e-01  1.894918691603e-01 
-2.344414752112e-01 -2.461208751596e+00  7.493460619317e-01 
 1.365976951803e-01  9.568715562467e-01 -7.457472743489e-01 
-2.461669203104e-01 -1.000237610071e+00  3.763877748099e-01 
 8.048986465738e-01 -9.533194006311e-01 -7.236995460246e-01 
 1.647854329985e-02 -8.147158514756e-02 -1.022140027845e-01 
-9.309371092449e-01  8.016525512025e-01 -3.345005964112e-01 
-3.034681452261e-01  1.608091849721e-01 -2.118989130664e-01 
-7.455784319118e-01  1.727124534842e+00  9.743238376042e-02 
-1.903715053483e-01  3.261454754182e-01  1.564914429356e-01 
-6.203051781955e-02 -7.370565103310e-01 -1.469950263542e-01 
 8.003511098954e-01  2.166922566187e-01 -5.478240914279e-01 
-9.649488300354e-02  3.000981017182e-01 -1.507783243724e-01 
 1.068198226765e-01  1.840285855494e-01  1.751338198602e-01 
-1.823991461352e-01  1.002237805846e-01  2.044971179718e-01 
-2.650316569596e-01  1.942586221571e-01 -1.929501706518e+00 
 5.648963638407e-01  6.485596807390e-01 -4.955984396248e-01 
-2.325329782621e-01  1.031683756893e+00 -3.723745031615e-01 
 1.827584381756e-01 -5.343189798040e-01 -2.395755687651e-02 
-1.903467460039e-01 -1.055928560275e+00 -8.902024366990e-01 
 5.457377228357e-02  2.927102603328e-02 -7.935455195616e-01 
-4.646198849619e-02  7.942520797156e-02 -9.571598487192e-02 
 7.232419170458e-01 -6.391515393944e-01 -1.130831332163e-01 
 7.308428747012e-01 -1.437455811456e-01 -5.636056984665e-02 
 1.191567016604e-01  2.622718524853e+00  1.769593920378e-01 
 1.458192263460e-02  2.090401412118e-01  1.877203015116e-01 
-1.643461835156e-01 -6.820804740050e-02  4.082435224913e-03 
 1.272611675441e-01  1.673218253816e+00  1.344257216350e-01 
 1.304368708678e-02 -1.641132464290e-01  1.205325948717e-01 
-8.067468807660e-02 -1.253395825317e-01 -4.853353821298e-02 
-2.476196024973e+00  9.750256643277e-01  2.084547662859e-01 
 7.677859726000e-02  1.118654925276e+00  1.519780100579e+00 
-5.904126804662e-01 -3.917198538349e-01  3.939552286370e-01 
 1.328900633278e-01 -2.849645985266e-01  1.609682190473e-01 
-9.882434210216e-02  1.348686560978e-01  3.033384016387e-02 
orbocc
(*)
 0.000000000000e+00  0.000000000000e+00  0.000000000000e+00 
 0.000000000000e+00  0.000000000000e+00  0.000000000000e+00 
 0.000000000000e+00  0.000000000000e+00  0.000000000000e+00 
 0.000000000000e+00  0.000000000000e+00  0.000000000000e+00 
 0.000000000000e+00  0.000000000000e+00  0.000000000000e+00 
 0.000000000000e+00  0.000000000000e+00  0.000000000000e+00 
 0.000000000000e+00  0.000000000000e+00  0.000000000000e+00 
 0.000000000000e+00  0.000000000000e+00  0.000000000000e+00 
 0.000000000000e+00  0.000000000000e+00  0.000000000000e+00 
 0.000000000000e+00  0.000000000000e+00  0.000000000000e+00 
 0.000000000000e+00  0.000000000000e+00  0.000000000000e+00 
 0.000000000000e+00  0.000000000000e+00  0.000000000000e+00 
 0.000000000000e+00  0.000000000000e+00  0.000000000000e+00 
 0.000000000000e+00  0.000000000000e+00  0.000000000000e+00 
 0.000000000000e+00  0.000000000000e+00  0.000000000000e+00 
 0.000000000000e+00  0.000000000000e+00  0.000000000000e+00 