2mocoef
header
1
MO-coefficients from MOLCAS
1
48   48
a
mocoef
(*)
-9.056631865963e-05 -7.287142892380e-04  3.678896140711e-03 
 2.032844794210e-04  9.593749810299e-05 -5.641677506890e-04 
-6.475999155366e-04  2.161768145674e-04  1.669253874935e-03 
 1.993035462415e-04 -3.446610761819e-04 -4.018979887444e-04 
 3.658163933899e-04 -8.125296066220e-05  1.001133036990e+00 
 5.987864812543e-03 -6.616546409126e-03  1.121635932174e-03 
-8.638915881542e-04 -4.425497007980e-04 -1.069035203329e-03 
 1.056385298789e-03  2.242949799976e-03  1.658564593233e-05 
 7.905924310614e-05  9.542646641703e-04 -1.847129490713e-05 
-3.161420708076e-05 -7.204083759190e-04  2.732118029095e-04 
-3.465592724382e-05 -6.152740335154e-05 -1.007335966221e-04 
-1.789760381638e-03  1.150872668371e-03  3.060108214622e-04 
-1.881666842679e-04  8.393123183535e-04 -4.704865378898e-04 
 2.056272165538e-04  3.292044481364e-05  1.851247990398e-05 
-1.999379758378e-04 -3.975308801995e-05  1.655075040702e-04 
-5.990317791937e-05  5.209637366094e-05  2.005142303030e-04 
 1.001153223535e+00  6.988180013472e-03 -5.468850467500e-03 
-5.336189124891e-04  3.041248867117e-04  1.627024227201e-03 
 1.224490378776e-04  5.509469283687e-04 -7.383064166450e-05 
-2.140244097691e-04  3.751340844728e-04  2.308171266301e-04 
-3.655396219339e-04 -4.757255651695e-04 -2.870866799344e-04 
 2.740444002446e-04 -1.053737520348e-03 -9.125771160246e-05 
 5.808807706477e-05 -3.901564969275e-05 -3.015928498001e-04 
 2.888746045726e-05  1.532263170492e-03  9.670444641542e-06 
-1.293493382970e-05 -2.726541733520e-04  1.304597574008e-04 
-7.337566910462e-06  4.899325837320e-05  8.923398468541e-04 
-2.907597481710e-04 -1.749181889152e-04 -1.396514962912e-04 
-4.826452644123e-04 -2.303508406729e-05  9.707225680225e-05 
-5.883071903749e-05 -1.387819804720e-04 -6.619385325812e-06 
 8.275845033689e-04  3.605898138372e-04 -2.270889471490e-04 
-4.886267125782e-05 -1.454618999518e-04  1.116951299431e-03 
 8.304244228737e-06  1.719520569322e-04 -2.369718821073e-04 
-9.990023006148e-03  5.334619451805e-01 -2.297177011084e-01 
-7.526406689242e-02  5.614712921885e-02  2.333895550904e-01 
 4.396157886879e-02 -4.217875963457e-02 -1.099992095598e-01 
-2.493385498576e-03  9.587503319545e-03  2.753861469843e-02 
-1.251354945150e-02  2.536075738415e-04 -1.411057237262e-02 
 7.237826044978e-01 -9.628519923470e-02  8.423147379718e-02 
-8.245276423586e-02 -1.421892946926e-01 -1.627289404391e-02 
 1.223209331447e-02 -3.586418661141e-04 -2.939319110899e-03 
 8.055678338542e-03  1.671194413932e-02 -8.382413275174e-03 
-5.221721979356e-04  9.888920572004e-02 -4.901188596829e-02 
 6.542878927515e-03  9.399090730401e-03  6.676549559239e-03 
 2.056349073118e-01 -9.744443165533e-02 -9.549752171626e-04 
-9.642666229769e-04 -2.192843534367e-02  6.614217897218e-02 
-4.136880285020e-02 -7.814920215561e-03  6.628384307020e-03 
 4.595223466090e-03  1.429598837737e-01 -7.205516088886e-02 
 2.214100556450e-04 -1.376665447932e-02  5.166393367908e-03 
-3.616152948209e-04 -5.874256037115e-01  8.914971754564e-02 
 1.814574680430e-02 -1.883265719317e-02  7.643789394132e-02 
-4.434545560053e-03  1.444952979300e-02 -9.931129286358e-03 
 3.658605095167e-03 -2.270893153667e-03  1.077301928227e-02 
 3.226521686471e-03  4.183843684009e-03 -7.767822067297e-03 
 4.194848795678e-01 -5.001035163564e-03  8.265469337364e-03 
 1.447849316178e-02  4.177280840164e-01  3.244067778047e-03 
-8.623846890277e-03 -1.308420318312e-01  7.925511204628e-04 
-5.915667131581e-03 -4.422381932323e-04  7.319735922835e-03 
 6.013413530642e-04 -2.033776293513e-01  1.012744716846e-01 
-1.215845568240e-02 -1.150888299447e-02 -5.580922713906e-03 
 4.997771763962e-01 -2.211170513738e-01 -5.219391285732e-03 
 1.645399990041e-03 -4.140172205430e-02 -1.832231008192e-01 
 8.032220400283e-02  1.162014716412e-02 -9.072146727662e-03 
-1.800911302624e-03 -2.536331134785e-01  1.274063374268e-01 
-9.072457877969e-04  1.838265293618e-02 -7.266911953203e-03 
-6.557950321076e-03  1.973381716704e-01  7.211212384576e-02 
 1.828452924764e-01 -1.858295095674e-01 -5.316389562364e-01 
-3.873950610211e-02  3.836371828615e-02  1.468653041024e-01 
 2.194257257679e-03 -1.008182882990e-02 -2.849067331706e-02 
 1.888544770042e-02 -7.433497014958e-03 -1.961631112757e-03 
-9.209002220156e-02  2.949218533890e-03 -3.620682152070e-02 
 7.565895392825e-02  5.261030084579e-01  3.655098322331e-03 
-7.284965104765e-03 -1.093270711133e-01  1.807050425043e-03 
-7.453411361207e-03 -4.195319449448e-03  9.556360377274e-03 
-1.502710402932e-04  2.735913626607e-01 -1.103835100225e-01 
 1.673627024557e-02  9.814087274828e-03  3.921664977411e-04 
 3.991850973660e-01 -1.593744437537e-01 -5.050027239165e-03 
 2.278779120717e-03 -2.563778407248e-02  3.316642115731e-01 
-1.330488276630e-01 -1.829250873155e-02  1.351351302293e-02 
-2.264741280482e-03  1.684824299524e-01 -5.208086622066e-02 
 2.830586575688e-03 -1.074346075706e-02 -6.002514173855e-03 
 3.057659446042e-03 -2.303385899500e-03  3.711145991960e-03 
-4.425991681550e-02 -6.111423703092e-01  2.427829550303e-01 
 7.203570164462e-03  1.178707630069e-01 -4.171196822769e-02 
 5.880268557744e-03 -4.012341374531e-04  1.431247311088e-02 
-6.158464607672e-03  1.400765253548e-02  1.072526621012e-03 
-1.060723372085e-02 -1.086215176799e-02  3.961765283464e-03 
-3.183419120175e-01 -6.392023015610e-02 -9.411478270553e-04 
 4.115585573742e-02  1.320441480069e-02 -6.822266926983e-03 
 1.793582957630e-02 -7.252467002148e-03 -2.259681272692e-04 
-4.527910074470e-03  2.686523708814e-01 -1.099220375850e-01 
 1.489093392391e-02  3.517420015719e-03  9.309782667706e-03 
-6.586590731142e-02  1.840112545541e-02  3.324382339783e-04 
-7.117406511635e-03  1.709406985856e-03  2.282174287692e-01 
-8.878686211497e-02 -1.672283872677e-02  3.352282387324e-03 
 4.579330450668e-03 -5.661238098620e-01  2.391371451911e-01 
-2.090954778296e-03  2.594375516452e-02 -1.080470542718e-02 
 2.776125603052e-03  8.123746516998e-02 -1.212787789753e-02 
 5.510351819016e-01  5.486063928701e-02  2.270896298752e-01 
-6.392005986148e-02 -1.734527505347e-02 -4.201165363105e-02 
-1.108480120782e-02 -7.335890127048e-05  1.876283017681e-02 
 1.466370741146e-02 -5.522692039953e-03 -2.056935898996e-03 
-1.070283963441e-01 -2.389652073561e-02  5.238752372067e-01 
-5.478699494562e-02  7.123592406742e-03 -3.920846930977e-02 
-1.560058052108e-03  6.690403020968e-03 -8.393591215845e-03 
-8.270325206901e-04 -8.861273568167e-03 -1.803515446069e-02 
 7.984008709675e-03 -3.933272474712e-01  1.294889104783e-01 
-5.296274342315e-03 -1.874012194401e-02 -6.442858717723e-03 
 1.409222754320e-02 -1.169522453525e-02  1.171523166269e-02 
-8.593368555637e-04 -4.657893525810e-03  3.107541952116e-01 
-1.017916956990e-01 -5.025832141660e-03  1.793749497147e-02 
 8.296062067133e-03 -1.310368544863e-02  5.877880101536e-03 
 8.653494307952e-03  1.653079742592e-03  2.123163684962e-03 
 4.453628976255e-03  1.252625759705e-01 -8.016015961810e-03 
-7.696642349099e-02  2.104972015633e-01 -5.256895827744e-02 
 6.703215864124e-03  1.703928675763e-02 -1.438662570458e-02 
 1.612935572072e-02 -4.898229409180e-02  1.585962620493e-02 
-8.493979654803e-04  6.557903735132e-03 -2.617744151380e-03 
-1.898340009696e-01 -6.421377090200e-02  1.134671658929e-02 
-8.420666706338e-01  1.705925871646e-01  2.238595292477e-03 
-7.684205873481e-02  8.685566119405e-03 -6.061103740886e-03 
 1.935748415085e-03  3.991293188296e-03  1.457025819238e-03 
-5.982614796464e-03 -1.323349189600e-01  2.193439213663e-02 
-6.926094742446e-03  2.551634311612e-03 -1.171725781741e-03 
 1.538599932907e-01 -4.691892559008e-02 -1.808081925374e-03 
-2.288494661466e-02 -6.073522023330e-03 -2.519112668317e-01 
 6.011528012532e-02  7.177953313093e-03 -1.280187284959e-03 
-1.153835349328e-03  3.341773210731e-01 -1.139929052416e-01 
 1.437803692813e-03 -1.575400777785e-02 -1.497825943903e-03 
-3.342546206225e-03 -4.819060885233e-02  4.258318785720e-02 
 3.366251061001e-01  3.004946486712e-02  2.802754924421e-03 
 1.283269063871e-02 -6.239391861398e-04  2.699348512646e-02 
-3.500355456093e-02 -1.527371534449e-02 -1.416937245170e-02 
-3.855214874547e-02  1.333090664222e-02  2.891765048281e-03 
 1.482244271550e-01  4.259249662045e-02 -7.323224504658e-01 
-1.316863827507e-01 -7.300753299682e-02 -7.722333242237e-02 
-1.698085000166e-02 -2.692354579109e-04  1.103857179345e-03 
-2.705334669332e-03 -5.011433852619e-03 -1.655958442827e-04 
-4.047344768592e-03 -4.707488532659e-01  8.615150251832e-02 
-1.570137519720e-03 -1.462914421315e-02 -7.322479501092e-03 
-1.245971285511e-01  3.873323195077e-02 -1.862798141005e-02 
-4.889724708624e-03  6.163286530721e-03  4.088448886455e-01 
-5.969785899288e-02 -5.722591360949e-04  1.358674372032e-02 
 5.420626674890e-03  2.225512143315e-02  1.292031343762e-02 
 5.128453156512e-03  6.980101317340e-04  6.646119746914e-05 
-3.396750129547e-02  3.456699539107e-01  1.282131472019e+00 
 1.510865066222e-01 -2.188247085018e-01 -2.068587707810e-01 
 1.208708252333e-01 -2.664916991573e-01 -2.935485559763e-01 
 6.418730712787e-03  5.479055186636e-03 -2.776964519065e-03 
 3.507396506999e-03  4.030410586694e-03 -5.968012302570e-03 
 4.706607895829e-02  2.298713723536e-01 -5.021033963637e-02 
 7.499682685307e-02  4.612665403372e-02 -3.784001843931e-02 
 9.567278574994e-02  4.899483185773e-02 -1.548505018795e-03 
 9.895708335872e-03  7.122706707609e-03 -4.457466227246e-03 
 2.431881307047e-03 -9.057023877459e-02 -7.194752615896e-01 
 1.267439174902e-04  4.254621236782e-03 -3.832623094837e-03 
 3.931445301971e-03 -2.005295356462e-01 -3.344379409377e-03 
 4.048378892137e-03  6.475630235722e-03 -2.012743527368e-01 
-9.454306907823e-01 -3.368227341192e-04  1.016855596019e-02 
-4.843803481850e-03 -1.983277337305e-01 -4.443556742501e-01 
 4.379356393894e-03  2.071518439711e-03 -4.430401239484e-03 
-1.927784080865e-03  1.031121863316e-01  2.477782488198e-01 
-5.545660310825e-01  2.532587239366e-02 -1.008231505294e-01 
-6.044503020581e-01 -1.286263201648e-02 -3.154515219453e-01 
-3.242872724247e-02 -3.905386471393e-04 -1.096221798571e-02 
-9.284299365958e-03  3.155571751248e-03  1.082656463881e-02 
-5.442323090167e-02 -2.185040872458e-01  1.314193762474e-01 
 2.119042489054e-02 -9.413528713594e-02  2.031072478635e-01 
 1.646648636409e-02 -1.145461389473e-01 -4.029450219843e-03 
 3.998740161180e-03  2.318558860428e-02  1.314469263251e-02 
-2.163108268836e-03 -2.560142165922e-01 -1.143295731890e+00 
 2.776761806566e-03  6.016060821804e-03 -3.330554917483e-03 
 2.214688892113e-01  3.563036191480e-01  7.306961277073e-03 
 1.202589125326e-03  4.524545629623e-03  2.916792851335e-01 
 8.388011677112e-01  3.336459909555e-03 -8.378863584200e-03 
 1.103482083589e-03 -1.168534241528e-02 -4.370362339402e-01 
-1.800958455954e-02  1.579090743387e-03 -3.469825788097e-03 
 7.545159006546e-03 -6.510972045510e-02 -6.596390889583e-02 
-4.752246066140e-02  2.887336238351e-01 -1.837684876260e-01 
-9.229398752067e-02  6.315697109021e-01 -4.158874941778e-01 
-2.789142126346e-03  7.472623112007e-03  1.171835358780e-02 
-2.776265132856e-04  1.957069435596e-03 -3.090094694015e-02 
 2.323888622784e-01  9.912400272751e-01  1.057674568133e-01 
-9.072789612192e-02  1.042451917730e-01  1.275736763800e-01 
-1.722903392763e-01  2.240007333549e-01  2.041676558400e-04 
-5.703239930070e-03  2.041298611482e-02  4.864391655554e-03 
 6.104328768894e-03 -1.710176708903e-03  3.546593003205e-01 
 2.850268189013e-03  1.814410388525e-03 -1.099157487194e-02 
-1.172845214245e-01 -1.084112055238e+00  5.590627281249e-03 
-3.628478065774e-03  2.364309522573e-02  7.401365286352e-02 
 6.010069298114e-01  6.549578688162e-04  2.306303721377e-03 
-1.426326385221e-02 -1.235728958890e-01 -1.013067156918e+00 
-1.567592275741e-03  2.387230040010e-03 -3.111221657004e-03 
-1.161179696601e-03  1.479788812932e-01  3.041695032805e-01 
 1.624989898746e-01  3.784956551471e-01  6.430349126156e-03 
 2.600272166687e-01  8.179342298181e-01 -1.125788773083e-01 
 1.812724986422e-03  1.467902640387e-02 -4.642646305736e-03 
-9.540860435723e-04  2.367608090382e-03  1.666161081533e-02 
-1.025176272008e-01 -5.112203875600e-01 -1.032048502034e-01 
 2.704184768522e-02 -1.711359675483e-01 -1.253314290649e-01 
-1.023322079536e-01 -2.555709668374e-01  4.712506143519e-03 
-3.598689044247e-05  4.029471310598e-03 -1.148437187660e-02 
 8.673706221774e-03  1.017648680617e-01  8.532527687978e-01 
-2.984556180298e-03  3.380191882340e-03  2.706099072137e-03 
 1.517858170136e-01  9.015622037182e-01 -7.509146501238e-03 
 2.809861688180e-03 -8.849068353243e-03 -7.498709211429e-02 
 9.668058929678e-02  1.918664020253e-03  8.024842921016e-03 
-4.355922360286e-04 -1.676410312894e-01 -1.562511319458e+00 
 7.264544875959e-03  3.692547017640e-03 -3.630525146763e-03 
 6.529924108229e-02  6.192430997369e-02 -2.338017149380e+00 
 4.728940084235e-02 -1.310635918004e-01 -2.390128154949e-02 
 7.151934247615e-01 -7.106003264293e-01 -1.876264778192e+00 
 8.157887428969e-03 -5.587420313353e-03  2.786459803330e-03 
 1.246472983252e-02  3.060564645564e-02 -5.615201162332e-02 
 2.210611011759e-02  1.789143297677e+00  6.097356865876e-02 
-8.960188935246e-02 -3.120499270617e-01  2.390599425322e-01 
-2.507605261926e-01 -1.085138859065e+00 -5.817306909379e-03 
 1.967743890747e-02  2.305214009615e-02 -1.679693937515e-02 
 5.649857274936e-04 -1.297270949756e-01  1.467979624062e-01 
 4.540810758327e-03  1.437950646460e-02 -8.338925762576e-03 
-5.379749396846e-02  9.139808048592e-01 -5.444088936505e-03 
 5.180441582622e-03  1.220606457709e-02 -9.501791825353e-02 
-4.159337200855e-01 -3.862689558874e-03  1.200916891570e-02 
-2.511320454220e-02 -3.352245098394e-01  1.017737900828e+00 
-4.639967186767e-04 -4.370021214148e-03  4.589537304500e-03 
 6.817326569064e-02  2.370300399002e-01 -5.502656136157e-01 
 1.949037878248e-01  2.636053427776e-01  3.983265649348e-01 
-2.355940918606e-01 -9.007710462996e-01 -5.901979496110e-01 
-1.391369713601e-01 -2.397697256895e-02 -7.651024015115e-02 
-1.953716489867e-02 -5.705709241614e-02  9.954133673206e-03 
-2.718918888082e-02  3.121254483431e-01  1.100067290286e-01 
-1.926281186937e-02 -2.380934492639e-02  5.999354597019e-02 
 1.399797122050e-01 -1.750100187251e-01 -8.002483393539e-03 
-6.189307230432e-03  6.690142879572e-02 -1.439302687862e-02 
-6.241288475894e-03 -7.062180434107e-01  8.540056231186e-01 
 9.046748955378e-03 -4.102684805539e-02 -8.810994638447e-04 
 5.733050242270e-01 -3.993669727805e-01  5.739609047810e-04 
-4.369836495390e-04  5.542146498140e-02  1.256191835235e+00 
-1.778631259319e+00  5.739971630750e-03 -5.515807961974e-02 
 1.422180780505e-03  6.249404957090e-01 -1.708682500365e-01 
-3.474741676166e-02  2.928491670230e-02  2.297815531927e-02 
 1.155610715934e-01  4.833544008651e-01 -8.998945595811e-01 
-2.559399242090e-01  1.544725963023e-01  8.192131125791e-01 
 7.398444455303e-01 -5.145994274774e-01 -9.985114767114e-01 
 1.178249855405e-01 -8.290622877370e-03 -1.434748122614e-01 
 4.033683320569e-02 -7.034310932288e-02  1.368021567418e-02 
-8.578468084933e-02  6.147172622280e-01 -2.309581321503e-01 
 4.442975363478e-03  2.236320704830e-03 -2.283757567976e-02 
 3.455692850640e-02 -1.901968319404e-01 -6.399256391352e-03 
 2.648648218420e-02  1.416556899158e-01 -3.723301429338e-02 
-7.227389833824e-03  1.041785341970e+00 -1.103511552810e+00 
-2.260100708078e-02 -7.082769140112e-02  1.338391731401e-02 
 8.446200390494e-01 -7.417130098115e-01 -4.518591565891e-02 
 1.274259597332e-02  1.230621919467e-01 -3.660322897698e-01 
 2.660204460322e-01  6.902633125993e-03 -3.235784692110e-02 
 2.231776573472e-03  4.211207721910e-01 -4.875424260819e-02 
 2.533187894569e-02  5.531882972047e-02  4.809618475912e-02 
-6.461846592726e-02 -5.761858765791e-01 -3.698547840764e-01 
-1.521684420652e-02  5.132141601188e-01 -5.528365604446e-01 
 4.441744668500e-01 -1.790579452618e+00 -7.335225860547e-02 
 3.601648839473e-02  4.369706894233e-02  6.024655621331e-04 
-2.133029473699e-02 -1.534249057459e-01 -1.433572765297e-02 
 2.262986159276e-01  6.962014344539e-01 -3.232997733940e-02 
-8.532179397066e-02 -5.469957905401e-02  1.713582471404e-01 
 9.337332637054e-02 -6.804055744748e-01  1.224147729970e-02 
-4.422748842884e-02 -7.009635262685e-02 -1.140061135012e-02 
-1.939103568575e-02  6.570210677596e-01 -1.055569052885e+00 
 2.192968877884e-02 -1.055679106473e-01 -3.400773101903e-02 
-6.088549271126e-01  9.094450416531e-01 -3.810249969101e-03 
-3.582052846999e-02 -9.344990118566e-02  7.216983001340e-02 
-6.149964399129e-01 -1.425308206827e-02 -9.622051777164e-02 
-3.546087876423e-02  1.123154776756e+00 -2.494554295536e-01 
 2.085320871421e-02  1.335309163726e-02  1.250134102780e-02 
 1.677384419567e-01  8.461295153293e-01 -1.396503222627e+00 
 9.291904162490e-01 -1.958470690211e-01  2.516900676989e-01 
-1.465744277861e+00 -3.104721930553e-01 -6.238958992645e-01 
 8.460683012554e-02 -1.323771746957e-01  6.156168535867e-02 
 6.886629415714e-02 -1.343094627138e-01 -2.646534280624e-02 
-1.032864750371e-01  5.339684146837e-01  1.273076614154e-02 
 1.605968752641e-01  7.320213353859e-02  1.647729673535e-01 
 1.114188679794e-03 -1.976770353336e-01 -3.199683642366e-02 
 1.615815831082e-02 -2.999386389914e-03 -4.844385119297e-02 
-8.680123393493e-03 -4.711534177817e-01 -2.710581387766e-01 
 5.330193694406e-02 -7.414214744595e-02 -2.107785125986e-03 
-1.733298638352e-01  2.325075657955e-01 -3.369525936729e-02 
 4.043361857116e-02  5.373883711413e-03 -1.183043879970e+00 
 1.850773539466e+00 -1.456540803410e-01  4.834369813011e-02 
 4.628029491092e-02  6.192643876401e-01 -4.552391270997e-01 
 6.507380132445e-03  3.358361643732e-02 -2.685125325077e-02 
 1.444086933669e-01  6.819945216570e-01 -1.598879133439e+00 
-9.376456830088e-01 -4.995914141205e-01 -2.065500507659e-01 
 1.743549447600e+00  3.210346323024e-01  1.987555174836e-03 
-8.336265450435e-02 -1.916491695236e-01 -2.359682208685e-02 
-9.170039263462e-02 -1.161931628716e-01 -2.549551117032e-02 
-7.860891226462e-02  6.747890645620e-01 -1.721882491112e-01 
 1.722480760186e-01  8.064920444950e-02  1.286374112880e-01 
-1.048357580119e-01 -4.615191739394e-01  5.279885119123e-03 
 4.191858517756e-02  3.121438941879e-02  2.061257409602e-02 
-3.507537072618e-02 -9.411046580624e-01  1.941806668717e+00 
 1.451010782929e-01  8.529537143089e-02  1.140179173043e-01 
 6.798604485927e-02  2.032914753742e-02  3.384612977167e-03 
 4.682922702844e-02  5.054680706588e-03 -3.930448477946e-01 
-2.271961219866e-01 -5.653542007854e-02 -5.283625466931e-02 
 2.833493982075e-03  6.920802893525e-01 -7.168273189496e-01 
-8.765801566459e-03  6.542931971951e-02 -4.346196038766e-02 
 1.796046739359e-01  9.796829762964e-01 -1.497773960118e+00 
-1.613066674891e-01  9.878111618181e-01 -3.288190024547e-01 
 3.276651001443e-01 -2.471697709437e+00  5.686325698371e-01 
 1.415915622488e-02  8.482769046150e-02  7.795300249448e-02 
-2.087948409078e-02  1.531668904437e-01 -3.562883567559e-03 
-1.131580179266e-01  1.842655134358e-01 -6.628012364439e-02 
 2.617979927151e-01 -1.087717261601e-01 -3.653126277393e-03 
 1.425352362564e-02  2.512665451982e-01  6.397805870399e-03 
-3.174910023851e-02  8.379647018039e-02  6.920996127793e-03 
 3.824031294408e-04 -5.880754060940e-01  1.087601839756e-01 
-1.373330767146e-03 -2.248768794210e-02  8.420156548924e-03 
 3.346755775594e-01 -6.078228111220e-01 -2.503180744053e-04 
 1.692349944476e-02  9.122364080367e-02 -6.185630796051e-01 
-6.042951527097e-02  1.172190136399e-02 -4.292233081220e-02 
 1.523821260210e-02 -5.240411604580e-01  2.252605737417e+00 
 1.656561945226e-02 -2.767631633257e-01  7.267819985768e-02 
-2.487569111702e-01 -9.740487417855e-01  2.114919133314e+00 
-4.241303906569e-01  4.346186114176e-01  7.632098360964e-01 
 5.734141659943e-01 -9.137278674364e-01 -9.985686078959e-01 
 1.249516640681e-02 -1.563799378884e-01 -4.320663194477e-02 
 1.844975591569e-01  3.125888768371e-02 -3.118953392976e-02 
-1.740202304986e-01  2.634382079862e-01  3.491856858685e-01 
 3.928662901328e-01  4.288207383239e-01 -5.327094801677e-01 
-2.366464561257e-01  2.452775167522e-02 -2.054931961490e-02 
 7.907553591369e-02 -4.157184736972e-02 -6.919269218945e-02 
 6.163300775459e-03 -3.956369890039e-01 -1.828118653511e-01 
-1.544751589544e-01  5.950674749532e-03  2.598127734059e-02 
-1.010555419934e+00  8.520352815465e-01 -6.655639448435e-02 
 1.037466904842e-01 -1.313923040627e-01 -1.005330381193e-01 
-6.254303619658e-01  1.567076025813e-01 -5.603202732442e-02 
 6.491659843954e-02 -2.381321606695e-02 -1.257719173272e-01 
-1.447307419110e-02 -1.679833839970e-02 -1.007792586722e-01 
-3.093421159610e-01 -1.376253188661e+00  1.402913048919e+00 
 2.459925004496e-01 -1.003897753150e-01 -9.778199583761e-02 
-3.777772229614e-01  2.071127854180e-01 -4.089799736866e-01 
-6.405270362972e-02  1.463686699704e-02 -1.873267174018e-01 
-4.129600003945e-03 -2.013647762725e-02 -9.013419978229e-03 
 3.344558216489e-02  3.598911792357e-01 -5.218194008453e-01 
 1.049528328763e+00 -2.318563609118e-01  8.316115741968e-01 
-1.452871768471e+00 -1.502336813630e-01 -9.583443242777e-04 
-2.698884709994e-02  4.074985193756e-02  4.917820524046e-02 
 8.205113337851e-03 -3.566877361075e-02 -3.214814346894e-01 
-8.653070274256e-02 -2.040637213625e-02  2.777880847609e-02 
 3.930524853204e-01 -3.202991285391e-01  6.987982353938e-02 
-2.254135173510e-02  1.094784820865e-01 -1.742911335528e-01 
 8.926160701781e-02  5.596680108871e-02  1.018700300936e-02 
 7.320766104749e-02  2.079521409643e-02 -2.874274226275e-01 
 5.985261178151e-04  5.778056990309e-02 -8.300145052907e-02 
 8.723463661952e-02  2.806925582141e-01 -2.578507448925e-01 
-8.030450020158e-02 -2.303943022005e-01 -2.101734682696e-01 
 4.389371180702e-01  7.521028544011e-01  5.289106480861e-01 
 5.907556448999e-02  1.922955630691e-01  7.169027544932e-02 
-5.000878674430e-02 -1.445040587421e-01  5.086402506595e-03 
 8.061407054424e-04 -2.888199519409e-01  1.139179459044e+00 
 5.641145123005e-01 -2.577844375157e-01 -1.613413445488e+00 
-8.506580183165e-01  3.551435735985e-01  2.447422863324e-02 
-4.675154372130e-02 -2.585095781071e-03 -3.152187386797e-03 
 4.148367436190e-04  1.482680313448e-01  2.158470454574e-01 
 4.453814199938e-02 -1.353056016582e-02  1.018796230641e-01 
 3.184478337614e-01 -3.662204732383e-01  2.906354478596e-03 
-5.141663854906e-02  3.834802040881e-02  9.373832712436e-02 
 5.179254247819e-02 -3.678311029898e-02  1.859362781974e-02 
-8.745703863209e-02  1.327546580494e-01 -1.526494800201e-01 
 3.764069184524e-02  2.398244872141e-02  5.018571621416e-03 
-3.347309957487e-01 -1.586476367817e+00  4.209068739620e+00 
-6.456025958983e-02  2.997756965477e-02  4.713707243601e-02 
-3.148752981469e-01  8.845579049329e-03  7.065283790029e-01 
-1.265034197169e-02 -9.136899669282e-02  2.695223739618e-01 
-8.932192167595e-02 -4.465759209988e-02 -7.284891421616e-02 
-4.178694961135e-01 -2.570448789857e-01  7.605221713041e-02 
-3.246881760303e-01 -9.047723806992e-01 -2.582118733381e-01 
 7.809360723181e-01  2.385146144445e+00 -1.278630903665e-02 
 1.675028940593e-02  1.689098715864e-02  6.772570906960e-02 
-4.801383820688e-03 -2.481835366366e-01 -1.947629634694e-01 
-2.888198763789e-02 -5.291690376816e-02 -7.164365532493e-02 
-1.614676608748e-01 -1.100594443156e+00  5.613719779692e-02 
 6.850965454467e-02  3.004378098115e-01 -3.192766540171e-01 
 9.532010915643e-03  5.270400518486e-02 -5.714045782426e-02 
 1.693489666087e-02  2.075982676718e-01 -7.010941401939e-01 
 7.948127150797e-03  3.959497671979e-02 -1.347722355563e-01 
-1.504527354205e-01 -6.372202622679e-01  2.677895154763e-01 
 2.398282736111e-01  1.222106387298e-01 -1.359400154298e-01 
-1.763666154540e-01 -7.407275025050e-01 -2.821891895996e-01 
 2.645821262412e-01 -2.161019467362e-01 -1.456386369689e-01 
-4.169975598199e-01  1.425214186645e-01 -1.124531529302e-03 
 2.190339156539e-02  1.264053612805e-01  2.374894186853e-01 
-1.815781055091e-01  2.175725288153e-01 -8.987315982314e-02 
 3.837276880446e-01 -1.064875494850e+00  4.670907572603e-02 
 7.945893181575e-02 -2.034009495001e-02  8.989533269621e-02 
-2.800801313171e-02 -1.322616560253e-01 -2.492813863705e-01 
-1.588565264643e-01 -8.126679882504e-02  2.869342319231e-01 
 6.284740039423e-01  2.414987483323e-02  2.020231153505e-01 
 1.441180913354e-01 -7.795853197295e-02 -1.279551911511e-01 
-2.502275189301e-02  9.643474332846e-02  9.099024719013e-02 
-1.171736367071e-01  8.088221288159e-02  3.019818740387e-02 
 1.418341717997e-01  1.024499656072e-03 -5.054544968043e-02 
-5.176246762356e-01 -2.084511073954e+00  2.698214283349e+00 
-7.890733672282e-02  1.602035856001e-01  1.284829617955e-01 
 3.241065690107e-01 -6.042946935835e-01 -7.598017114715e-01 
 4.570185396236e-03  4.528713280902e-02 -1.853893913570e-01 
 8.565785516160e-02 -1.458331595058e-01 -3.277225208039e-01 
-1.546180259587e+00  2.131234244787e+00  1.034614541905e-01 
-2.337634589176e-01  3.855969868436e-01 -1.315312014191e-01 
 3.029634588155e-01 -8.311408948190e-01 -3.314068873627e-04 
-1.023684841363e-01  4.969941058111e-02  3.400678024078e-02 
-5.460234279591e-03 -6.996362268571e-01  6.448978949814e-03 
 1.770997060007e-01 -1.148779847640e-01 -2.616695387440e-02 
 2.879131761664e-01 -2.580450892946e-01  7.869174580161e-02 
-1.527352912021e-01  7.051204596425e-02 -6.935012776490e-01 
-2.232357494965e-02 -1.666869737377e-01 -9.161477254143e-02 
-1.380681545181e-01 -5.358735885518e-01 -8.202305837567e-02 
-9.307656173114e-02  8.188065389996e-02  2.514466938530e-01 
 1.352598588424e-01  6.434742671750e-01  1.005792311612e-01 
 3.261047901866e-02  1.997913627656e-03  3.254992893977e-01 
-9.356939515729e-01  8.134561219962e-01 -4.236205392841e-02 
 3.034750406217e-01  1.695309077658e-01 -1.037432379352e-01 
-1.616469504274e-01 -1.313450481504e-01 -1.840506472058e-01 
-8.604836160078e-01  9.311729144584e-01 -3.891190239494e-01 
 1.809942677467e-01 -1.599962152392e-01  7.406450674915e-01 
-3.739718834702e-01  1.595192262077e+00  1.276691552691e-01 
 4.926863196274e-02 -3.748024314327e-02 -9.494438216470e-02 
-1.243296115444e-02 -3.738733838665e-01  1.976622063138e-01 
 2.895132146106e-02  8.765920251892e-02  8.653961525238e-02 
-1.264942605823e+00  7.550501829415e-02 -6.352528267719e-02 
 1.825584960313e-02  7.559399483301e-02  7.574754489153e-01 
-8.590517582305e-02 -1.149570385237e-01 -1.823191344885e-01 
-2.776768769480e-01 -3.611172636009e-01 -1.041206491563e-02 
 2.870634905083e-01 -1.192843408592e-03  6.356673820249e-02 
 3.784716189536e-01  1.542278770356e+00 -3.316486392667e+00 
-3.050528350357e-02 -2.783779980316e-02 -5.006717888131e-02 
 3.805026325827e-01 -6.269131888315e-01 -6.541118219046e-01 
-1.344067260363e-01 -1.230619128837e-01 -2.112098476157e-01 
-1.077831967715e-02  1.600322647221e-01 -4.487787161184e-01 
-1.930951668741e+00  4.093502604345e+00  3.461731825416e-02 
 1.041516103575e-01 -1.397560699029e-01  2.204298719136e-01 
-2.297497495367e-01  3.357664411972e-01 -5.479415782845e-02 
-1.615446210654e-02  4.324321246969e-02  8.170855919277e-03 
-6.647305051947e-02  4.783790416543e-01 -1.998397525417e-01 
-1.287999881217e-01 -1.770707739923e-03  2.047374697829e-02 
-9.943055516912e-01 -2.453429581635e-03  1.779752128985e-01 
-1.094720259311e-01  1.519078882969e-01 -7.726413756440e-02 
 6.867969084985e-02  2.399976479637e-01  4.112751299547e-01 
-2.045088716098e-01  6.986254539980e-01  1.276283932997e-01 
-2.735754681505e-01  3.149550859857e-03  1.361550494331e-01 
 1.720532771377e-01  6.772076892042e-01 -3.188326034364e+00 
 1.347622254140e-01 -1.544583782426e-01 -4.253997719461e-01 
 5.947660868068e-01 -7.290122211263e-01 -9.377112050557e-01 
 1.942202548529e-01 -3.231823008308e-01 -9.793499365824e-02 
 3.803508415749e-01 -3.792897180450e-02 -2.810318542270e-01 
-1.137892084310e+00  3.428464573027e+00  1.356122617506e-01 
-4.303285857084e-02  3.570742663701e-02 -9.994915365566e-02 
-1.819747645520e-02 -1.522054065917e+00 -4.679343425371e-02 
-2.394516982376e-02  3.746184174053e-02  3.010402398098e-02 
-1.084407382594e-02  5.805622618800e-03  1.645465073341e-01 
-1.670800266867e-01  3.095548797457e-01 -1.266905498135e-01 
 4.461967809191e-01 -1.238650012018e-01  2.451093841709e-01 
-1.855246264822e-01  1.981725715696e-01  3.511998529254e-01 
-4.596761593388e-01  1.424746897445e-01 -1.883004969304e-01 
 3.782897026882e-01  2.474568278202e-01  2.489143103344e-01 
 3.394898194143e-01  1.888894452340e-02  9.130789992895e-02 
 1.935003847947e-01  8.264481619680e-01 -8.193668327297e-01 
-4.753759807458e-02 -6.607791421675e-02  2.526663435141e-01 
 6.160590628460e-02  1.358171473075e+00 -5.762267232303e-02 
-9.780990013655e-02 -5.771154428788e-02 -2.036419871786e-01 
 5.492675165723e-02 -3.955682822774e-02 -5.985630453788e-02 
-2.766011730888e-01  4.113587044626e-01  2.224201390503e-02 
 9.467494659003e-03 -8.379748820491e-02 -2.486892950323e-01 
-2.620892517613e-01  5.463948023918e-01 -5.518206723345e-02 
 7.178605648253e-02 -8.180773747550e-03  1.189480000969e-01 
 2.038306858320e-01  7.051467705689e-01 -9.914774315689e-02 
 2.901395355293e-01 -3.554724372127e-01  1.069975268316e-01 
-4.977867804260e-01  9.857110055948e-02  4.510959781767e-01 
-8.674503410000e-02 -6.353134028173e-02  4.189123450839e-01 
 7.788216764632e-02 -2.669505010800e-01 -2.485770918673e-01 
 9.419728654735e-02 -6.696577029588e-01 -2.868122055178e-03 
-4.133766348393e-02 -2.377889295793e-01 -4.337448467146e-01 
-3.548422735114e-02 -1.306883232590e-01  2.567496018486e-01 
 2.139286553590e-02 -2.190654138623e-01 -7.830962595446e-02 
-1.392378472681e-01  4.874448552094e-01 -2.989505141951e-01 
 2.762905252582e-02 -2.857272418768e-01 -7.635558903072e-04 
-8.108363197888e-02 -2.086793505784e-01  1.283333821729e-02 
 9.438299118719e-02  1.464844774501e-01 -2.690078453921e-02 
-7.340761129738e-02 -1.082483860579e-01  3.546251301434e-01 
 3.332608068978e-01  7.349183640128e-02 -3.980837747553e-02 
-1.625705784438e-01  2.285383459361e-03 -1.244789397770e-01 
-1.678152258157e-01  9.136780077365e-02 -2.956881091600e-02 
-1.756596811109e-01 -1.950271032106e-01  4.604555067106e-01 
-7.956682487033e-02  3.705063903220e-02 -3.767033748957e-01 
-5.150539389418e-01  7.414911901617e-02  1.690022447006e-01 
-3.391819550679e-02  7.305823452183e-02 -4.761792370790e-02 
 1.393585146130e-01 -6.802913316635e-01  1.012129409423e-01 
-1.191842999955e-01 -1.534819681026e-01 -5.339621393723e-02 
 3.344597747311e-03 -6.106755632878e-03  1.413992647640e+00 
-1.437164640271e-01  7.286792064373e-02  3.790098091711e-01 
-5.359868699446e-01  4.008073541939e-01 -1.097078057897e-01 
-1.653233080160e-01  6.017411924552e-02 -2.437804684376e-01 
-4.876239957953e-01 -1.182644922451e-01  6.410996180960e-02 
 2.590968637487e-01 -8.589965818168e-01  1.858379707436e-01 
-3.919495344564e-02 -2.657098370765e-01 -6.990901562599e-02 
 7.693630352825e-02  1.597976841117e+00  1.343948118635e-01 
-6.624851235083e-02  5.278221474635e-02  6.031355016705e-02 
-1.976171888770e-01 -1.245697617281e-02 -2.789743225586e-01 
-2.422256127477e-02  4.199392287831e-02 -2.445844550107e-01 
-1.012599412266e+00  2.609471411706e-01  6.662385794738e-02 
-5.930990794917e-02 -1.813666344716e-01 -3.810642741898e-01 
 6.009990581640e-01 -8.500100045551e-02  1.088583915229e-01 
 5.940632630643e-01 -3.823513429437e-01 -3.818407937375e-02 
 2.037249976443e-01  3.038129699035e-02  2.309909827339e-01 
-5.627159707640e-02 -1.136598406630e-01  2.097906135808e+00 
-1.752758606338e-01  1.629680546964e-01  5.588264856388e-01 
-2.171333907153e-01 -2.925292348466e-01  8.857988668386e-01 
-1.351434616944e-01  1.860047739004e-02  3.535086510167e-01 
-2.845350813476e-01  1.441478627339e-01  1.635963749034e-01 
 5.581867985026e-01 -2.561718072936e+00 -1.073108790566e-01 
 2.123208242460e-01  1.538277581763e-01 -2.883926635784e-01 
 5.776399272483e-01  7.986221256323e-01 -3.656317633292e-01 
-5.584399787058e-02 -1.156044422674e-02  7.894442445462e-02 
-6.630284349111e-02 -6.963726891613e-02 -1.389350813720e-01 
-8.832757673529e-02  1.816098755560e-01 -2.765404146092e-01 
 6.559990522199e-02 -9.403708754724e-02  1.840926765989e-01 
-5.889271193390e-01 -2.639508538898e-01 -2.889781643318e-01 
 9.945900773729e-02 -1.113664824170e-01 -5.422638280363e-02 
-3.878314920011e-01  2.812179553992e-01 -1.915347034901e-01 
 2.676143708463e-01  3.886427064041e-02 -1.032166001624e-01 
-5.953580567862e-02 -5.187191514428e-02  5.826692820892e-01 
 3.153235455816e-02 -3.309415027079e-01 -1.736905847085e-02 
-2.566273759039e-01  1.442302851432e+00  5.289777555125e-01 
-3.915604018322e-02 -3.001398283525e-01  3.446062093601e-01 
-2.129044902919e-01 -4.823718743360e-01 -4.658652080131e-02 
-2.893609159863e-01 -6.217586461556e-01 -9.137875661976e-02 
 3.452321977798e-01  3.654889958787e-01 -4.948292891483e-02 
-6.475258730191e-01 -3.253551636368e-01 -5.484965826367e-02 
 5.982080858251e-02 -3.277818454440e-02  2.586704809608e-02 
-2.688588537488e-01  6.266930307676e-01 -2.616922537788e-01 
 1.276677300269e-01 -2.186191337628e-01 -4.238522680290e-01 
 3.158498802205e-01 -8.833235479847e-02  2.255662276216e-02 
 2.662904612160e-01 -6.921609787755e-03  5.932728984345e-01 
-1.595975676316e-01  2.401416737605e-01 -2.480463787958e-02 
-1.560334801131e-01 -1.155539852979e+00  3.475548168644e-01 
-2.321480732354e-02 -1.678676385431e-01  1.613990910944e-01 
 8.170359935225e-02  2.755409131501e-01 -1.740773492203e+00 
-1.190761652406e-02 -1.597377095810e-01 -4.042904713189e-01 
 6.277151201805e-01  2.671349818433e-01 -2.517813691955e-01 
-2.827971789742e-01 -2.651381255149e-01 -2.558146733578e-01 
-3.037572070572e-02  1.156760145398e-01 -1.467955517414e-01 
-5.561041885866e-01  1.771388248475e+00  2.627264781399e-01 
 2.188088809479e-02 -2.724570223359e-02 -2.796325299565e-02 
-4.378984957975e-01 -7.290937338914e-01 -3.396818291931e-02 
 5.500343371791e-02  2.146141116914e-02  4.093333854736e-02 
-4.948687473211e-02  8.058504781762e-01 -4.443703456911e-01 
-5.113601449321e-01  1.526550030508e-01 -1.013460238628e-01 
 5.474693235194e-02  3.720609665303e-02 -2.756967006858e-01 
 2.484342657642e-01  1.403226024824e-01 -1.387712303853e-01 
 2.412396911403e-01 -6.236573562030e-01 -3.675460677578e-01 
-1.766889863914e-01 -1.092885363749e-01  1.532123244259e-01 
-4.962407180128e-02 -3.936477440954e-02  2.600384554523e-02 
 2.674545990587e-02  7.517382824909e-02 -1.250005347680e+00 
 4.416279751204e-02  5.454629257322e-03 -2.123733169196e-01 
-2.277804961039e-01 -4.641704799412e-01 -8.243028329172e-02 
 2.170717198984e-01 -1.512187991697e-01 -3.120345271558e-01 
-5.539176298991e-02  5.160915668362e-01 -1.294622073595e-01 
-5.230767436216e-01  1.354180085857e+00  2.310591563263e-01 
 7.541794746547e-02  1.026549145750e-01  3.384217157418e-01 
 6.783620994439e-02 -8.794089467104e-01  1.990963530561e-01 
 1.156142274917e-01 -3.739033110126e-03  5.426403551960e-02 
-9.971785729753e-02 -5.757081163627e-02 -6.941097170650e-02 
 4.377585538219e-01 -2.047847996254e-01 -4.690217899602e-01 
 2.135312736740e-01 -1.492659645117e-03 -5.312057342534e-01 
-2.658835935603e-01  1.553570308833e-01  2.065514437367e-01 
-6.900276503049e-02 -2.315504347527e-02  3.811507404559e-02 
-1.615537522288e-02  5.014375717247e-01 -1.308039338768e-01 
 1.088178766890e-01 -2.695516119441e-02 -3.556882247944e-01 
 4.771362344641e-02  2.747780859730e-01  4.843233718143e-01 
 3.561911715521e-01  2.664165137417e-02  1.514650567986e-01 
 4.603240044943e-01 -1.217430348193e-01  1.632196123060e-01 
 3.755319317975e-01  5.316280378957e-02  2.621020780912e-02 
-2.945006911884e-01  1.244617698118e-01  8.060622127990e-02 
 3.117918142136e-01 -7.445060559362e-01  2.897497994154e-02 
 1.073529660700e-01 -7.360118050716e-02 -3.847338276105e-01 
 8.524750916844e-02  3.842119000753e-01  1.517154083337e-01 
 2.523375856482e-02  1.153256812166e-02  1.437733331314e-02 
-2.542811912592e-01 -6.670749110256e-02  3.471875440796e-01 
 2.263687732297e-02  2.888405639347e-01 -1.033564863729e-01 
-1.236063301036e-02 -3.087784676197e-02  2.388178502658e-01 
-1.447575336144e-01 -1.101832641740e-01 -1.502761081376e-01 
-4.418582103809e-01  1.089929996311e-01 -5.590242330433e-01 
 6.623131694655e-02  2.302756635407e-01 -1.790317669351e-01 
-8.715759955122e-01  7.295940391857e-02  1.506746589145e-02 
-7.959193594789e-02 -6.464519071835e-01 -3.951493791501e-02 
 1.121509441509e-01  3.195930429262e-01  2.020088924128e-01 
 7.045723585360e-02  1.323101428249e-01  3.072464853155e-01 
 9.333863239105e-02 -1.860578453181e-01 -3.830290985936e-01 
 2.451864379579e-01 -2.451925228297e-01  2.859793044186e-01 
 1.259828272658e+00 -1.315562751989e+00  1.173330868566e-01 
-2.116279967284e-01 -2.606593266497e-01 -2.738683233778e-01 
 1.128494013661e-01  1.976433125102e-01 -7.338869522047e-02 
-2.702965840492e-02 -4.193393595839e-02 -4.359317157092e-02 
-3.982887918604e-01  2.066040474079e-01  3.002583220522e-01 
 2.729936968153e-01  5.670224722660e-01 -4.706778894538e-03 
 1.492943033859e-01 -1.209364908880e-01  1.673158576010e-01 
 9.695832706254e-02  1.506168725563e-01  2.076375085146e-01 
 7.141428071021e-02 -2.435569109272e-01  4.257815969791e-01 
-2.280067560361e-01 -2.913506576494e-01  3.267738176998e-01 
-7.027836823523e-02 -3.760556537198e-01 -2.551751632542e-01 
 5.496866772132e-02  1.473182184285e-01 -5.449299492796e-02 
 2.776192769766e-01  3.112792118795e-02 -2.850081989064e-01 
-2.750296666127e-01  5.027351710331e-01 -2.219923939386e-01 
-1.457522245036e-01 -2.030207847388e-01 -3.732712542385e-01 
 1.059299101863e-01  3.765738553111e-01  1.236640869455e-01 
 5.988067709339e-01 -1.324924441564e-01  1.613115301446e-01 
 1.969846668151e-02 -5.097253956913e-01  1.187278267942e-01 
-3.908613177774e-01  8.073678606236e-01 -6.327216408947e-01 
 2.895624405417e-02  4.957245341691e-03  7.243497308751e-02 
-2.077724766978e-01  1.741830936705e-01  8.417619616723e-02 
 4.349313174794e-01 -1.261955787325e-01  2.270818913216e-01 
-5.368629881316e-01  1.686389761640e-01 -1.491852011720e-01 
 2.402754629778e-01  2.986973715982e-02  3.425385652144e-02 
-6.439108488641e-02  1.326318261989e-01 -3.373477281874e-01 
 5.601788980227e-03 -1.499083481394e-01 -1.585883372767e-01 
 1.000660514485e-01  2.342190856884e-01  4.298495910301e-01 
-1.020708162125e-01 -4.301227500993e-01 -4.389839361093e-01 
 4.315342686194e-01 -2.507935168669e-01 -2.534262390955e-03 
 7.427766014443e-02 -3.452675251761e-01 -1.764744267215e-01 
-1.575824668681e-01  1.319466747190e-01 -2.968757880021e-01 
-4.189540332471e-01 -2.739774302977e-01 -2.661992212585e-01 
-1.115255951892e+00  1.503370456946e+00  4.344595971293e-02 
-1.482715899340e-01 -1.947255671602e-01  3.180288022170e-01 
 4.437998143085e-02 -4.264809566524e-01 -3.013641389338e-01 
-1.646629203034e-01  1.418472654339e-01  2.019205811548e-01 
 4.190526910456e-01  1.140767807591e-01  1.351643601155e-01 
 5.631173790818e-02  4.909963422520e-01 -8.053911111622e-02 
 8.821241921299e-02  1.113013274799e-01 -4.695269489835e-01 
 2.029880271120e-01 -2.860447690067e-01 -4.134841414522e-01 
-1.049256374318e-01  4.508368029887e-01 -1.842077721008e-01 
-7.488859717243e-03  1.067530353218e-01  2.429437333027e-01 
-1.007942449900e-01 -3.420148293454e-01 -3.120856014311e-01 
 1.043041552287e-02 -1.238804710423e-01 -2.698778343766e-02 
-1.875385451122e-01  3.399340349730e-01  2.742065494800e-02 
-2.495237279661e-01  2.799686386612e-01  1.468681686423e-01 
 4.045827089005e-01 -4.538105116752e-01  2.249223836782e-02 
-3.843339479775e-01 -9.883941220935e-02  2.016651265162e-01 
 8.811632685135e-01 -8.812756410251e-01  8.711419233476e-02 
 1.983533178982e-01  1.814748936673e-01  1.514107716096e-01 
-9.450954734586e-02  3.501082625265e-01 -1.873225589055e-01 
 3.061276721935e-01 -1.817556142581e-01 -7.752665161448e-02 
 5.708693993910e-01  2.127526591398e-01 -2.982835621538e-02 
 1.679405361177e-01  1.862026530778e-01 -1.550643751864e-01 
-2.599543636311e-01 -7.743610061990e-02 -8.041249143271e-02 
-2.972302323576e-01  3.867501918316e-01  6.099647782175e-01 
-2.664375184779e-04 -3.342392640451e-01  3.360454672382e-01 
 1.813073274126e-01 -3.837340244045e-01  2.192839623837e-01 
-3.407725706331e-01  4.500483989289e-02  3.972287032237e-01 
 1.260525202534e-01  4.219503813980e-01 -2.353733356750e+00 
-5.656647035065e-03  9.159792649014e-01  6.578906905550e-03 
 1.708771564083e-01  6.062321439001e-01 -4.085860371919e-01 
 1.126823947575e-02  1.471281717071e-01  5.367580992784e-01 
-3.086443918652e-01 -1.024419599255e-01 -5.023975343762e-01 
-2.112488720688e+00  2.912557349807e+00 -2.130724671166e-01 
 1.580083019591e-01  7.008572382244e-01  3.892069089687e-01 
-6.074598907703e-01 -1.416734428519e+00 -2.748738398257e-01 
 3.404924157115e-02 -6.023120517850e-02 -3.734519932724e-03 
-2.392556728094e-01  1.001092459547e+00  1.294679735851e-02 
 2.706118133447e-01  3.195217648817e-01  3.758465660431e-01 
 2.304907795065e-01  4.137378530181e-02 -1.156978219753e-01 
 1.995766476556e-01  4.081111857225e-02  8.842593237548e-01 
-5.287642717814e-03 -4.162023522444e-01  2.746086392790e-01 
 4.692715419974e-01 -3.809394150372e-01 -3.282220699229e-01 
-8.127234437536e-02  3.887337289232e-01 -4.216203790034e-01 
-1.246972608040e-02  2.367639572562e-01  1.068132669452e+00 
-4.693042282021e-01 -3.545456422329e-01 -1.497793220943e-01 
-1.283199440423e-01 -3.667156517637e-01  4.517498145381e-02 
 4.655663351474e-01  7.201044598307e-01 -5.121172951188e-01 
-1.532827530034e-01 -1.739567879447e-01  1.569785189756e-01 
 6.806988475349e-01 -4.927469481042e-01  7.248997855955e-02 
-2.393776755480e-01  6.079192619951e-01  7.146685188949e-02 
 1.669833325995e-01  2.146372484031e-02 -4.192578072742e-01 
-1.990944037554e-01 -1.302352555653e-01 -2.156355319813e-01 
-7.268081391792e-02 -1.397754191459e+00  2.241685064988e-01 
-5.568098590899e-01 -5.247252241834e-01 -4.580906448378e-01 
-4.884878847247e-01  1.885678154491e-02  1.578825396487e-01 
 1.932346177905e-01  5.869735535123e-01 -3.624287496157e-01 
 1.162096165573e-01  1.680017794668e-01 -3.628866279149e-02 
 1.294142730652e-01  5.201743913403e-02  1.047671151249e-02 
-1.324814971735e-01 -5.406604418549e-02 -4.055385113132e-01 
 4.898349112645e-02  2.884638170124e-01  7.094902118982e-01 
 3.683259961411e-01  1.836695167240e-01  6.558002830681e-01 
 1.619099278552e-02  7.432196686358e-02  1.799275037043e-01 
-1.069024509054e+00  6.647914128720e-02  1.553646882867e-01 
-4.918524887219e-01  1.315788249300e-01  2.008033855230e-01 
 8.609710269569e-01 -1.023566770633e+00  1.283526775296e-01 
-2.831939724139e-02  1.101989255123e+00 -1.457197912924e-01 
 1.542884740519e-01  4.022610437486e-01  1.982728912443e-01 
-1.381494039539e-01 -1.492623143681e-01  1.343467707455e-01 
 4.324575856028e-02  9.588973544668e-01 -2.171311572390e-01 
 3.625158350165e-01  5.080417459295e-01  3.253151007578e-01 
-1.046746579216e+00  7.236324211339e-02  7.273934626823e-02 
-4.443327319342e-02  8.866765654974e-01 -8.837262249366e-01 
 2.126912297011e-01  4.572476350391e-01 -4.949068033520e-01 
-1.397514134193e-01  6.237393938004e-02 -5.794715314116e-02 
 2.884691485014e-01 -2.646634694817e-02  6.927679611839e-03 
-2.203329357330e-01 -1.177387655959e+00 -5.671633200847e-01 
-3.002418567531e-02 -1.379043160833e+00  7.167171498242e-01 
 3.045109131120e-02  8.681111432551e-02 -2.184244709670e-01 
 1.821130356527e-01  8.124623407536e-01  6.327447009219e-01 
-7.355731604880e-02  9.044849781362e-01 -1.470213758636e-01 
-6.146843478179e-01  5.572348599454e-01 -1.379510431083e-01 
 1.784710734987e-01  3.073602940465e-01  9.126261421406e-02 
-1.899053697821e-01 -2.131241863932e-01 -7.153614531612e-02 
 1.002703371330e-01 -1.254543954657e-01  9.895879003841e-02 
-1.172169409082e-01 -3.022004445120e-02 -6.981741422255e-03 
 1.751794364370e-02 -1.109673595673e-01  1.626312024471e-01 
 9.651875871157e-02 -8.240388610108e-02 -3.663353364555e-02 
-6.518320095950e-03 -4.430949739881e-04  2.248775921714e-01 
-9.173567054535e-02 -1.923495765595e-01  2.775248470009e-03 
 2.386619630581e-01  2.787883425718e+00 -7.302081163719e-01 
 5.391564754224e-02 -1.466517934801e+00  5.045296678117e-01 
-2.360588160074e-02 -2.689890934588e-01 -7.182320726426e-01 
-7.235688808611e-02 -2.782530927903e-01  4.560778783171e-02 
-2.186130307829e-02  1.541834565808e-01  7.416682455956e-02 
 2.050345273741e-03 -6.460063089793e-01  1.865230717419e-01 
-4.237146606473e-01  6.315491964800e-01 -6.657944941547e-02 
-2.754723506544e-01  3.222846560332e-01  2.059274972757e-02 
 1.624016806423e-01 -1.089396336228e-01  9.610171405762e-02 
-9.379430177206e-02 -2.086410837726e-01  3.926180687660e-02 
-8.093461884586e-01  6.758669679482e-02 -8.220850885869e-01 
 1.946495443191e-01  6.656241905625e-01 -2.306621242561e-01 
 4.001382581726e-01  1.593238149800e-01 -7.354162120098e-02 
 2.668321100772e-01 -6.364991949541e-02  3.488383768780e-01 
 4.141705766852e-01 -1.598667158401e-01  3.165925481783e-01 
-7.112901915366e-02 -2.032369949679e-01 -2.660345885657e-02 
-7.056038673501e-04  5.092752562713e-01 -1.481926347702e-01 
 3.135025289097e-02 -1.334123906291e-01  2.045521440488e-01 
-3.366216198677e-01 -1.396569677794e+00  2.666352431274e-01 
 3.876453456067e-01 -1.589182498289e-01 -1.016360126546e+00 
 1.869421780103e-01 -2.480286984720e-01 -5.288739086794e-02 
-6.094995770185e-01  1.783584538510e-01 -6.551077899716e-01 
-1.146643414101e-01 -1.010724094559e-01 -1.819920174362e-01 
-6.563203902736e-01  1.640230841573e+00  1.174020783416e-01 
-1.874230992779e-01 -2.145925335155e-01  1.225451536661e-01 
-5.750066238895e-02 -1.128990200715e+00 -1.190198029592e-01 
 8.584957660998e-01  2.088013052622e-01 -9.038910218309e-01 
-4.771565538378e-02  1.729061870027e-01 -9.212635612547e-02 
 2.397337058009e-02  1.585756141186e-01  4.491292650438e-02 
 6.494622925231e-01 -6.587005098504e-02  3.047655199185e-01 
-3.298690896240e-01 -2.102725707807e-01 -7.746752447773e-01 
 1.511020074592e-01  3.499431683631e-01 -3.008504459626e-01 
-2.702591155197e-02 -2.133287042625e-01  1.131330796357e-01 
 1.890601200327e-01 -3.891655043830e-02 -2.323763276988e-01 
-1.239919643078e-01 -7.394258194856e-01 -6.829106459034e-01 
 3.226766995815e-01 -3.500263709937e-01 -8.301776906545e-01 
-1.916262616583e-01  2.170208578156e-01 -7.629188370437e-02 
 4.662429708044e-01 -3.737971543011e-01 -4.545758168536e-02 
 4.455164950763e-01  2.246652737988e-02  4.459251981379e-02 
 5.116049589799e-01  2.461133299680e+00  1.971432381211e-01 
-6.821815499523e-02  7.447371062548e-01  1.829876051195e-01 
-1.873268335434e-01  4.780125308575e-02 -2.586761184670e-02 
 1.776241754560e-02  1.695393850389e+00  1.378074789331e-01 
 1.214872821020e-02 -4.314116094503e-02  2.238184791329e-02 
-1.137810117080e-02 -9.004421666440e-02  2.574890653032e-03 
-3.413577867771e+00  1.322723388395e+00  2.471810041747e-01 
-8.739905061330e-02  1.323646060764e+00  5.855273233922e-01 
-1.606627310653e-01 -2.141719799235e-01  2.027305746982e-01 
 4.427817355664e-03  1.368346982064e-01 -7.768141588891e-02 
-9.343025093583e-02  3.329676436115e-03  9.316454359327e-02 
orbocc
(*)
 0.000000000000e+00  0.000000000000e+00  0.000000000000e+00 
 0.000000000000e+00  0.000000000000e+00  0.000000000000e+00 
 0.000000000000e+00  0.000000000000e+00  0.000000000000e+00 
 0.000000000000e+00  0.000000000000e+00  0.000000000000e+00 
 0.000000000000e+00  0.000000000000e+00  0.000000000000e+00 
 0.000000000000e+00  0.000000000000e+00  0.000000000000e+00 
 0.000000000000e+00  0.000000000000e+00  0.000000000000e+00 
 0.000000000000e+00  0.000000000000e+00  0.000000000000e+00 
 0.000000000000e+00  0.000000000000e+00  0.000000000000e+00 
 0.000000000000e+00  0.000000000000e+00  0.000000000000e+00 
 0.000000000000e+00  0.000000000000e+00  0.000000000000e+00 
 0.000000000000e+00  0.000000000000e+00  0.000000000000e+00 
 0.000000000000e+00  0.000000000000e+00  0.000000000000e+00 
 0.000000000000e+00  0.000000000000e+00  0.000000000000e+00 
 0.000000000000e+00  0.000000000000e+00  0.000000000000e+00 
 0.000000000000e+00  0.000000000000e+00  0.000000000000e+00 