2mocoef
header
1
MO-coefficients from MOLCAS
1
48   48
a
mocoef
(*)
-6.383543593163e-05 -6.213000733386e-04  3.506216713449e-03 
 1.939827106225e-04  1.275798480505e-04 -5.215553978265e-04 
-7.530106715496e-04  3.713970412663e-04  1.749461318235e-03 
 2.250032287786e-04 -3.729361808118e-04 -4.038797400224e-04 
 3.846069717685e-04 -1.189271580675e-04  1.001047909014e+00 
 5.534566852227e-03 -6.478163561592e-03  1.299032888263e-03 
-7.359751071480e-04 -6.970284142112e-04 -1.207250350941e-03 
 9.512766573682e-04  2.349658571122e-03  2.862690178324e-05 
 1.285548711594e-04  8.425710975606e-04 -2.442644720074e-05 
-3.017530767955e-05 -6.529805148504e-04  2.714684241548e-04 
-4.932518778555e-05 -4.939035550796e-05 -4.787724018403e-05 
-1.382379923075e-03  9.070197623126e-04  2.965416094340e-04 
-9.788305659293e-05  7.604619459339e-04 -2.429735128391e-04 
 2.392589902133e-04 -4.898593788724e-05  9.976507961647e-05 
-2.374048754237e-04 -1.744599856690e-04  2.023641091288e-04 
-5.034273598397e-05  5.235308257839e-05  1.656760094947e-04 
 1.001322083963e+00  8.026140077214e-03 -5.917235378744e-03 
-5.898732151000e-04  9.816286147418e-05  1.577476396452e-03 
-7.139017991444e-05  6.374687034253e-04  2.327931174956e-04 
-2.691637274773e-04  5.278948590382e-04  1.459033343015e-04 
-5.918731563607e-04 -4.752588632242e-04 -2.466843413084e-04 
 3.830133444599e-04 -1.602803562737e-03 -1.049882149752e-04 
 3.773868408512e-05  2.800643689532e-05 -3.066768311970e-04 
 1.254497723345e-04  1.802275892654e-03 -8.045016596766e-06 
-2.790217872988e-05 -3.799662763206e-04  1.378146158414e-04 
 5.748919549074e-06 -1.341256677655e-04  8.753443482858e-04 
-3.500063736386e-04 -2.260789493491e-04 -1.736728168472e-04 
-5.120073842084e-04 -8.377143415653e-05  8.938705928499e-05 
-5.118462789922e-05 -1.272295126458e-04 -4.344791645840e-04 
 1.309677888067e-03  4.705090391728e-04 -2.823375887681e-04 
-1.019738683628e-04 -7.391905304676e-05  1.163802604984e-03 
 3.784791461332e-05  9.317782032828e-05 -2.661682251419e-04 
-1.186405272560e-02  5.474057520879e-01 -2.403882705387e-01 
-8.472676332189e-02  4.972065001845e-02  2.247734767645e-01 
 4.493743557166e-02 -3.878259381813e-02 -1.096192676010e-01 
-1.260836281519e-03  9.182471090552e-03  2.595279646775e-02 
-1.248753797054e-02  6.514764759010e-04 -1.286144561383e-02 
 7.130568832992e-01 -8.416575897096e-02  8.515844542358e-02 
-7.854614259586e-02 -1.529048827491e-01 -1.402742818785e-02 
 9.120085738252e-03  7.238927749817e-03 -2.907955632829e-03 
 8.787884718638e-03  1.680699922262e-02 -9.066592585747e-03 
-2.753598313091e-04  1.201046622266e-01 -5.777616853803e-02 
 7.914611899136e-03  1.057634356898e-02  6.032802131517e-03 
 1.743752893111e-01 -8.226390637379e-02 -9.838461887780e-04 
-1.668307693826e-03 -1.882379872920e-02  8.764569178939e-02 
-5.300175693754e-02 -8.781353736461e-03  7.080749037305e-03 
 7.452379656471e-03  1.508489924243e-01 -7.599403160001e-02 
-1.068816829437e-03 -1.402532391195e-02  6.237893174460e-03 
 2.624598229982e-03 -5.861615383352e-01  9.959817973677e-02 
-3.396761682813e-02  1.567756343990e-02  1.449446751591e-01 
 9.197060026912e-03  2.661819496928e-03 -3.365480297176e-02 
 2.433480147083e-03  2.253541964041e-04  1.359200166767e-02 
 1.176941486714e-03  4.095254728950e-03 -5.662218037701e-03 
 4.554595863163e-01 -6.311691847519e-03  1.643573743206e-02 
 1.912996193122e-02  3.381901050804e-01  4.616095817450e-03 
-9.879133990825e-03 -9.470015156389e-02  7.142361627888e-04 
-3.991696943248e-03 -4.946712892677e-04  6.507896773426e-03 
 6.680764034088e-04 -2.142377035822e-01  1.057812257529e-01 
-1.383651620661e-02 -1.220017743898e-02 -3.704429008096e-03 
 4.273387200203e-01 -1.895366155258e-01 -4.340550842407e-03 
-1.139451272707e-03 -3.789560539070e-02 -2.764290337940e-01 
 1.249601741162e-01  1.603437326319e-02 -1.284208553885e-02 
-4.433638206554e-03 -2.697507329887e-01  1.324938636051e-01 
-3.787561884964e-04  1.996212000257e-02 -6.562591888313e-03 
-7.110585290070e-03  1.157239851503e-01  5.338286362211e-02 
 2.662995500691e-01 -1.888904627400e-01 -4.837677601548e-01 
-6.182208732005e-02  5.250439821157e-02  1.416940642031e-01 
 1.211356758393e-03 -8.560105017548e-03 -2.386259080327e-02 
 1.818011751380e-02 -6.612189780668e-03 -2.219224046272e-03 
-2.970510912276e-02  2.352937741408e-02 -1.537930868210e-02 
 9.310851137773e-02  5.592676006803e-01  3.763263831830e-03 
-1.444372223628e-02 -1.133425027196e-01  1.482183826110e-03 
-6.973161129067e-03 -5.491015202995e-03  9.520833018662e-03 
 5.774510244477e-04  1.670176024407e-01 -6.631032689354e-02 
 1.349238131575e-02  4.513178437403e-03 -3.432758977212e-03 
 4.362057982523e-01 -1.746081817018e-01 -5.163947834165e-03 
 3.004315231809e-04 -3.127646730484e-02  3.978061383690e-01 
-1.648211551424e-01 -1.962661158231e-02  1.587313916972e-02 
 1.833806417085e-03  1.262989697432e-01 -3.808523904114e-02 
 3.877159439350e-03 -9.446983536944e-03 -5.629184204869e-03 
 3.503586241902e-03 -2.295138916395e-02  7.311718743191e-03 
-9.487727951789e-02 -6.269296099406e-01  2.092371005941e-01 
 1.264764905352e-02  1.389805942681e-01 -3.487116509254e-02 
 6.148518580262e-03  7.160934813956e-04  1.032523190436e-02 
-6.559780365896e-03  1.406113553829e-02  1.184375583168e-03 
 7.772386849800e-04 -8.995141586613e-03 -3.184239835452e-02 
-2.879888074259e-01 -4.758224151305e-02  3.215551632815e-03 
 3.849508754581e-02  8.652585279889e-03 -6.605844229869e-03 
 1.715074242286e-02 -5.913239466880e-03  1.719825497894e-03 
-5.156781610693e-03  3.166743323634e-01 -1.299357715093e-01 
 1.630149557725e-02  6.001865713888e-03  8.060649259313e-03 
-6.218869206538e-02  1.844167710292e-02 -1.657082434493e-04 
-5.262813059434e-03  2.987197149679e-03  2.109765764227e-01 
-8.357119535992e-02 -1.607206895180e-02 -2.978753480862e-03 
 6.604503019842e-03 -5.804958648379e-01  2.460869189944e-01 
 9.143902406101e-05  2.628735444020e-02 -1.177080008724e-02 
 3.730788485102e-03  6.590045745794e-02 -4.327890944773e-02 
 5.200133924254e-01  1.108386144449e-02  3.089331491048e-01 
-6.403161893627e-02 -3.453098604860e-03 -6.390500806061e-02 
-9.396247629075e-03 -4.184477024549e-04  2.739719705981e-02 
 1.029962654503e-02 -3.863009253494e-03 -2.623294455343e-03 
-8.793892040463e-02 -1.705071516181e-02  5.290432948694e-01 
-1.387150785994e-01 -4.420353918820e-02 -3.725649002692e-02 
-1.186435141447e-04  1.236117005135e-02 -9.507426887197e-03 
 1.756693538028e-03 -8.768834373301e-03 -1.911951703011e-02 
 8.311910931157e-03 -4.071228801665e-01  1.349194865561e-01 
-6.053291471813e-03 -2.003491077512e-02 -3.254724473592e-03 
-2.295468170347e-02  3.341419025792e-03  1.088515680214e-02 
-2.808340150443e-03 -2.004674355505e-03  2.720680482667e-01 
-9.569170622502e-02 -2.686287945582e-03  1.587158877945e-02 
 1.189636325882e-02 -7.398078329128e-02  2.579079057030e-02 
 8.988285191626e-03  3.573821250070e-03  2.270678278254e-03 
 2.327905153113e-03  9.743025521737e-02  2.885921744074e-03 
-6.368001850846e-02  1.999220517202e-01 -7.445511153073e-02 
 1.389055933384e-02  9.317214720460e-03 -3.460974708794e-03 
 1.663931804309e-02 -5.302052563430e-02  1.290822665704e-02 
-3.442078066121e-03  7.871954042478e-03 -2.380378857133e-03 
-1.505301221344e-01 -4.186652668594e-02 -9.194297607099e-02 
-8.566393752963e-01  1.913885798491e-01 -4.508538164524e-03 
-7.634669721355e-02  7.805557874873e-03 -5.981893118079e-03 
 2.171223583972e-03  3.538641508827e-03  2.688132245136e-03 
-6.126776216036e-03 -1.380451135919e-01  2.566870875003e-02 
-7.004524982582e-03  1.384277620576e-03 -1.543879954318e-04 
 1.242801213722e-01 -3.402102555936e-02 -3.976413774859e-03 
-2.263445642844e-02 -3.428685018477e-03 -2.080043036962e-01 
 5.339091657284e-02  4.447279420204e-03  2.826055184840e-03 
-2.893863645771e-03  3.379884039545e-01 -1.096316028155e-01 
-1.025168291202e-03 -1.362164160557e-02  2.613818789216e-04 
-2.798039379120e-03 -6.653321674260e-02  2.351136093939e-02 
 3.604088856143e-01 -1.090125573987e-02  2.671301669391e-02 
 1.515083528892e-03  1.036761529648e-02  2.481839084723e-02 
-3.611897673828e-02 -5.473606879548e-03 -9.056074653591e-03 
-4.098615160078e-02  1.447756238092e-02  3.774240863754e-03 
 2.123621959121e-01  5.955987316678e-02 -7.200933775038e-01 
-5.848563373310e-02 -1.248854722190e-01 -7.631528633761e-02 
-8.828992821435e-03  9.369299329564e-04  4.217512586589e-04 
-2.760795527175e-03 -6.456458025766e-03 -8.404994227283e-04 
-3.569789139507e-03 -4.813508222317e-01  9.321347357482e-02 
-2.790603099803e-03 -1.689985853108e-02 -5.225810269296e-03 
-1.753516542360e-01  4.777152749984e-02 -1.665790235739e-02 
-2.006037169253e-03  8.076726841238e-03  3.922510781428e-01 
-6.863142956469e-02  1.403060929119e-03  1.100309536879e-02 
 7.436972724109e-03 -4.803546554871e-02  2.333594720137e-02 
 6.653320442724e-03  1.212794978620e-03 -4.145536833283e-04 
-3.276301586863e-02  3.250310744896e-01  1.334917591977e+00 
-1.310532226342e-01 -1.845639098087e-01 -2.241203065266e-01 
-1.151091929404e-01 -2.912748857129e-01 -4.359784757177e-01 
-1.047658300002e-02  6.365603623594e-03 -6.026324772994e-03 
-3.881502566821e-03  3.614270306111e-03 -3.443059262487e-03 
 2.390363672202e-02  1.762271753331e-01  3.622505055765e-02 
 5.054513378283e-02  7.608745539147e-03  5.797457052674e-02 
 8.100516725741e-02  7.654751070127e-03 -3.833938693363e-03 
 1.027729363196e-02  1.717349956247e-02  1.896156714962e-03 
 9.322023589072e-04 -1.986731133670e-01 -1.100388630968e+00 
-3.245553862919e-04  6.820257958692e-03 -4.812734239332e-03 
 1.146068570162e-01 -1.050395403337e-01  9.895481298527e-04 
 3.348179803399e-03  7.853500554609e-03  9.114628530919e-04 
-6.891745228075e-01  1.174505531819e-03  1.978252210405e-03 
-4.760366494879e-03 -1.556416080498e-01 -5.523437493375e-01 
-5.545225207493e-03  3.409228126821e-03 -5.202423970328e-03 
 1.388805522790e-02  7.023194172684e-02 -3.892505924030e-01 
-3.570561358204e-01  4.326016960232e-02  1.010513156898e-01 
-3.500633445560e-01 -1.406291484444e-03 -1.643564460942e-02 
-2.408596146326e-02  2.607684465715e-04 -1.016096343881e-02 
-9.827513534183e-03  7.209969823741e-03  2.760256131144e-02 
-1.982442654379e-01 -7.532216943571e-01  3.735316306211e-03 
 1.426776822447e-02 -2.406473972236e-01  5.848087599704e-02 
-5.982818995954e-03 -3.286807912583e-01 -2.048993011363e-03 
 3.414276723846e-03  1.236176564065e-02  3.720948230299e-03 
-2.830971939433e-03 -1.651912350796e-01 -5.428318139268e-01 
 1.657350862057e-03  4.230237408665e-03  2.795316983138e-03 
 3.038251962542e-01  1.108250047939e+00  9.670784402840e-04 
 9.148968360653e-04 -7.366158492392e-03  1.675598133961e-01 
 8.396688850160e-01  1.315202743753e-03 -5.378587384492e-03 
 6.651298367827e-03  1.085730522573e-03 -9.837086035964e-03 
-1.073739979457e-02 -7.834016596042e-04 -6.327233663657e-04 
 1.944689695509e-02 -1.176210404617e-01 -6.080984456094e-01 
-3.576446803630e-01  1.852661724770e-01 -1.582739516489e-01 
-4.769315990864e-01  3.915221758857e-01 -3.980163351181e-01 
-1.957707245591e-02  3.380743946753e-03  1.588980911902e-02 
-5.456128810023e-03  6.361494638254e-03 -2.250494936526e-02 
 1.854727315958e-01  7.345605798782e-01  1.941237762625e-01 
-9.277975843199e-02  3.643731974113e-02  2.565232868530e-01 
-1.386877537668e-01  1.143775382526e-01 -2.505995042534e-03 
-3.226036441050e-03  2.092067512896e-02  1.250080567371e-02 
 1.842837384214e-03 -1.718463664156e-01 -2.783999064504e-01 
 5.236339056360e-03  4.258186649720e-03 -1.212102274609e-02 
-5.241773969659e-02 -6.987857584470e-01  1.015827615461e-02 
-3.221212790494e-03  1.727180839026e-02  2.098907332838e-01 
 1.329665438290e+00 -4.380223494868e-03 -1.425879136040e-03 
-1.168723733227e-02 -7.714030988376e-02 -4.664641751646e-01 
-1.039801928716e-02 -8.306963900654e-04 -4.671627412262e-03 
-4.316472054735e-03  1.239994223465e-01  5.057248587448e-01 
 1.937685806873e-01  4.309672162315e-01 -5.392113399647e-02 
 3.262210714189e-01  1.014199520046e+00 -2.364696777941e-01 
 2.773062427876e-04  1.339370943806e-02 -1.988991082557e-03 
 9.293405104912e-05 -3.302506109586e-04  4.399934060498e-03 
-1.145226020848e-02 -9.726685800418e-02 -6.009189959538e-02 
 2.244075557288e-03 -9.073138309471e-02 -9.379103980419e-02 
-1.505020609692e-01 -9.550946821071e-02  4.463760095944e-03 
-1.970110108991e-03  1.011308037596e-02 -9.072828420838e-03 
 1.026941735962e-02  9.783591938620e-02  1.039690097129e+00 
-3.493940466785e-03  3.474044017605e-03 -7.902582102730e-04 
 9.837925358498e-02  3.089309612570e-01 -5.096426051628e-03 
 5.432007003957e-04  1.803946711362e-03 -3.148126524278e-02 
 7.828459463488e-02  2.955305062383e-03  4.618709076241e-03 
-3.043354099357e-03 -1.497805301553e-01 -1.997018426099e+00 
 8.246850195016e-03  5.818582646711e-03 -3.913173408493e-03 
 6.025561840138e-02  5.697713339720e-02 -2.187254869020e+00 
 1.520606231377e-01 -1.232520368716e-01 -7.226728707759e-03 
 8.876453258997e-01 -6.960299157297e-01 -1.921613191413e+00 
 5.659121302053e-03 -4.618606276743e-03  4.990319896120e-03 
 1.610316698830e-02  2.861525619222e-02 -5.885224058269e-02 
 2.090378245204e-02  1.868394946562e+00  5.815633527607e-02 
-8.974996644793e-02 -3.006381418141e-01  2.250741205685e-01 
-2.530709793693e-01 -1.088776712418e+00 -4.550660549358e-03 
 1.881938986879e-02  2.015164359611e-02 -2.178443274389e-02 
 2.308876384734e-03 -1.347907174417e-01  5.337700446679e-01 
 5.086296731260e-04  1.300105738016e-02 -4.899791370743e-03 
-5.365450680459e-02  8.575388145589e-01 -7.585200790052e-03 
 5.180971478537e-03  8.334309309611e-03 -6.126694061675e-04 
-1.023101213811e+00 -1.072147152740e-02  1.720957421127e-02 
-2.401942923523e-02 -3.234225722196e-01  9.516298812975e-01 
 2.497161508526e-03 -2.565680352091e-03  8.737399355701e-03 
 4.990124987241e-02  1.952998283541e-01 -1.441715355848e-01 
 3.063959223609e-01  1.123169446355e-01  2.316287409524e-01 
-8.213188968898e-01 -3.511500358313e-01  4.129030161977e-02 
-1.757366253930e-01 -9.189178754065e-03 -1.662112288428e-02 
-4.610952179285e-02 -2.554114224074e-02  1.382351335314e-02 
-4.302760661371e-02 -2.666765095797e-01  1.717049486392e-01 
-3.237383008210e-02 -2.174876058420e-02  3.962187903206e-02 
 1.619460662231e-01  1.969600957619e-01 -8.101750201413e-03 
-1.342161774986e-02  2.828861611902e-02  2.776237302132e-03 
-3.152778536875e-03 -1.071837106344e+00  1.201114355205e+00 
 2.248357157319e-02 -1.592133185170e-02  1.464447878386e-03 
 4.472825291198e-01 -4.905422612396e-01  1.454559061399e-02 
-4.292674689182e-03  3.301162543607e-02  1.189788123675e+00 
-1.328208714034e+00  2.849671269957e-02 -4.986962223742e-02 
 8.834249901259e-03  3.422587657307e-01  1.396553252911e-02 
-4.426848846502e-02  1.353997578750e-02  1.486827845007e-02 
 1.448329382170e-01  6.282659784523e-01 -1.126214874554e+00 
-1.114582975284e-01  1.853854192232e-01  9.020111845250e-01 
 5.449194326584e-01 -6.966656300944e-01 -1.172437346043e+00 
 7.181501452352e-02 -3.773601706523e-02 -1.504068984675e-01 
 2.417311962074e-02 -6.717543744542e-02  4.381072398636e-03 
-1.339178503672e-01  7.992523098716e-01 -1.914753557745e-01 
 3.129127209131e-02 -3.278097791846e-02  4.669874944747e-03 
 4.515672395560e-02 -1.738914825067e-01 -8.995219943579e-03 
 3.706314908172e-02  1.560638694151e-01 -4.212469759120e-02 
-5.382725940391e-03  6.176518036724e-01 -6.336549477850e-01 
-1.769906086001e-02 -6.647006956507e-02  2.343911709558e-02 
 1.120722274641e+00 -1.056858678078e+00 -4.289591471110e-02 
 2.391777532748e-02  1.313742889796e-01 -1.295165583080e-01 
-1.043003745236e-01  3.420828428152e-03 -3.507370270091e-02 
 1.650847937792e-02  4.717983100130e-01 -9.119893400426e-03 
 1.203045036226e-02  6.151302392758e-02  4.304222407598e-02 
-6.698745203750e-03 -3.106570266710e-01 -8.203357999544e-01 
-3.965787232463e-03  5.361223162754e-01 -3.928256268841e-01 
 3.751729081253e-01 -2.097859149607e+00 -2.914696298906e-01 
 9.590686636001e-03  1.822235095532e-02 -2.574051851553e-02 
-4.203901798787e-02 -1.689186504859e-01 -9.068795789078e-03 
 2.171579469488e-01  8.321585843546e-01 -2.292205403130e-02 
-3.253130506553e-02 -3.228536379567e-02  2.183152161659e-01 
 1.177733983212e-01 -7.543561180371e-01  7.179350842279e-03 
-4.124112780435e-02 -4.426946046028e-02 -2.045436714359e-02 
-2.304469426777e-02  3.877738641797e-01 -8.245668908871e-01 
 3.163022987163e-02 -1.185727541123e-01 -1.882981758531e-02 
-4.903036678304e-01  8.366449158555e-01 -6.742953651495e-03 
-2.355493712580e-02 -7.025675297154e-02  1.413795101107e-01 
-7.872054380649e-01 -1.946731967075e-02 -1.004930412650e-01 
-3.918696797347e-02  1.315897487371e+00 -1.920855618295e-01 
-2.063807940254e-03  2.910450018566e-02  1.171824003632e-02 
-1.816343344460e-03  6.580642961662e-02  1.503739850421e-01 
 1.226850534527e+00  5.443978598435e-02  4.024058781954e-01 
-2.202167933557e+00 -2.248428067137e-01 -4.982856088906e-01 
 1.545399062700e-01 -5.395363886834e-02  5.905318824037e-02 
 1.529406510392e-01 -5.487036522380e-02 -1.027782645160e-02 
-5.188595715604e-02 -3.393374368059e-02  1.172146939541e-01 
 1.159567255655e-02  8.998381029098e-02  2.998497869202e-02 
 8.421628877819e-02  7.639190218406e-02 -3.139118554704e-02 
-2.860834526805e-03 -3.668107633514e-02 -5.859115916266e-02 
 1.520250157206e-02  1.709926086206e-01 -1.409154106052e+00 
-5.748604484204e-02 -1.072653256543e-01 -6.223407613308e-02 
-4.162097103163e-01  4.318068758283e-01 -3.736643863991e-02 
 1.195728210590e-02 -1.929637852130e-02 -6.672867844981e-01 
 1.709923116809e+00 -8.446788731580e-02  1.029852245032e-01 
 6.761924165457e-02  6.722830962605e-02 -1.528446061847e-01 
 1.550680691468e-02  9.400013737058e-03 -1.267912348374e-02 
 2.065580336182e-01  1.077086589167e+00 -1.907701062139e+00 
-2.683378109779e-01 -4.922593208071e-01 -1.400425904403e-03 
 6.210708919617e-01  6.250839517650e-02 -3.542633906414e-01 
-1.642765075145e-02 -2.607067707046e-01  5.865490559168e-02 
 1.816082494329e-02 -1.260146092201e-01 -3.251016078635e-02 
-1.319157409414e-01  7.610557274436e-01 -1.237909184041e-01 
 2.669884129111e-01  1.096323879558e-01  1.583316247492e-01 
-6.719791844777e-02 -3.652311136678e-01 -1.843627807649e-02 
 5.634960740173e-02  2.168127904995e-02 -1.329715660495e-02 
-2.894053509368e-02 -1.202902925617e+00  1.567791627279e+00 
 1.392410205888e-01  5.866605753616e-02  8.470043210261e-02 
-1.176334233720e-01  1.577848793134e-01 -2.265023380249e-02 
 7.429330300815e-02  2.493366978479e-03 -1.015041520921e+00 
 8.019442941806e-01 -1.303263359863e-01  1.478965672091e-02 
 5.754870936366e-02  6.606609210379e-01 -6.269820645645e-01 
-1.668033602662e-03  4.850490169989e-02 -6.772904202128e-02 
 7.976666230940e-02  5.662381154663e-01 -6.420961770833e-01 
 1.009699353838e-02  9.849004012855e-01 -2.725887387881e-01 
 1.282573881295e-03 -2.565796369965e+00  4.623167927431e-01 
-3.051383727673e-02  1.096889216942e-01  9.125218222357e-02 
 2.535148688678e-02  1.871495551621e-01 -1.026537096079e-02 
-1.300305910838e-01  1.080697018566e-01 -7.948253709882e-02 
 3.132419856776e-01 -1.604923758486e-01  1.382313633148e-02 
-1.536057988587e-02  3.932159770482e-01 -1.883315300738e-03 
-2.732115235843e-02  6.221190126259e-02  4.366269724055e-03 
 8.503887953714e-03 -5.831891602649e-01 -1.674355655033e-01 
-4.261500669393e-02 -2.721230187055e-02 -1.097203060476e-02 
 2.640826619033e-01 -5.635094710177e-01 -4.462669799584e-03 
 2.103493065011e-02  8.238651275659e-02 -7.240699230242e-01 
-8.800032777475e-02  4.551852211935e-02 -2.284695282885e-03 
 1.305407090202e-02 -5.703474166341e-01  2.256392632851e+00 
-1.047989740032e-02 -2.856969180837e-01  5.693386403635e-02 
-2.366832484388e-01 -9.284052155375e-01  2.272252262094e+00 
-5.398291530026e-01  3.710682797741e-01  7.959724042957e-01 
 8.511727115506e-01 -7.368228503452e-01 -1.035141573040e+00 
-6.639834610313e-02 -8.811495539043e-02 -7.380420069421e-02 
 1.516213142527e-01  3.300304262826e-02 -8.776732937584e-03 
-1.023312800095e-01  5.785931253428e-02  4.040758172495e-01 
 2.993937221039e-01  4.984399634810e-01 -6.368090998930e-01 
-1.627303826891e-01 -6.997349953468e-02 -2.257263928392e-02 
 6.092171762855e-02 -4.414642036510e-02 -7.149657991754e-02 
 6.453883619080e-03 -3.486792006744e-01  1.398563132257e-02 
-1.405077944928e-01  2.786943376077e-02  3.413827475551e-02 
-9.645900663098e-01  9.177339979844e-01 -8.477863852752e-02 
 6.618099194976e-02 -1.510354566896e-01  1.241468930103e-01 
-1.097943742276e+00  1.921484426560e-01 -7.273822245320e-02 
 1.789057224030e-02 -8.297266106144e-02 -1.758896427850e-01 
-3.512838043247e-02  8.518030911243e-03 -6.792394901090e-02 
-3.621473777504e-01 -1.610108762785e+00  1.986236305755e+00 
 2.603936576043e-01 -1.769531230365e-01 -3.425157154899e-02 
-3.838384581939e-01  3.202866744167e-01 -4.989646555554e-01 
-7.431632499415e-02 -1.902595324526e-02 -1.903230287609e-01 
-1.799597337551e-02 -3.322337350899e-02 -1.683484545246e-02 
 4.986191560879e-03  3.113075328183e-01 -4.955713109103e-01 
 9.950257314607e-01 -2.293600106259e-01  8.044636627908e-01 
-1.356685707727e+00 -1.042660470256e-01 -4.548759334189e-03 
-7.334970585597e-03  1.398679209231e-02  5.317598634294e-02 
 6.819647946101e-03 -7.953535675582e-02 -3.210402994615e-01 
-1.057876372544e-01 -2.116913881968e-02  4.603802700376e-02 
 3.252651634340e-01 -2.306745318388e-01  8.572781601107e-02 
-2.044123442829e-02  7.283287180235e-02 -2.273934845367e-01 
 6.209773018054e-02  9.764927015142e-02 -1.945255653828e-03 
 5.303888731515e-02  9.090432091258e-02 -5.876444180868e-01 
 1.303739283236e-02  7.996965373796e-02 -1.211601854892e-01 
 1.460417145733e-01  5.266337244665e-01 -7.531185920624e-01 
-1.574309728320e-02 -2.147554421906e-01 -2.230577824883e-01 
 2.721541256256e-01  7.502008834804e-01  5.337111684878e-01 
 6.871679180944e-02  1.737144343913e-01  8.857672244331e-02 
-5.205560059319e-02 -1.366266385433e-01  4.113298846790e-03 
 8.901965642533e-03 -2.340139087063e-01  1.086509231342e+00 
 6.415280550637e-01 -2.892882964038e-01 -1.501653335145e+00 
-9.479714910058e-01  3.790700725647e-01  2.494646633193e-02 
-3.545212343454e-02 -3.599168413631e-03 -2.514284541712e-03 
-1.345848312544e-03  2.214607941099e-01  1.088542260680e-01 
 3.616129877432e-02  6.857525881376e-04  1.116800243528e-01 
 2.766271047845e-01 -3.246828220603e-01 -1.717901559797e-02 
-5.035522490889e-02  3.666484799548e-02  9.863269818884e-02 
 2.357931275261e-01 -4.299881115594e-02  4.037012387056e-02 
-5.624858137903e-02  1.622351494696e-01 -8.807975319637e-02 
 4.610006479534e-02  1.140183952700e-03 -1.942801177501e-02 
-3.881497613496e-01 -1.821797197884e+00  4.631059984169e+00 
-7.820955870475e-02 -3.619313733831e-03  5.267592575222e-02 
-1.769095586781e-01 -3.484617436250e-02  5.896554321794e-01 
-1.490041662600e-02 -9.170725364463e-02  2.649463098629e-01 
-8.641397264703e-02 -4.807845223702e-02 -7.298495881430e-02 
-3.996102475137e-01 -3.719608061548e-01  2.001764148492e-01 
-4.040900178051e-01 -8.245432645226e-01 -4.491016749671e-01 
 9.066966236567e-01  2.116589043801e+00 -1.765182624321e-02 
 2.670897807796e-02 -1.555863748535e-02  6.587992791399e-02 
-3.585143042881e-03 -2.492124548451e-01 -2.265851856971e-01 
-4.031940921525e-02 -5.351269421544e-02 -6.689248767835e-02 
-8.010384171101e-02 -9.561897829464e-01  4.468895964125e-02 
 9.452233476312e-02  2.536244806509e-01 -3.784145332866e-01 
-1.181143132647e-01  7.298159848104e-02 -5.244420399549e-02 
-1.620785242377e-02  2.010906985328e-01 -8.287171896701e-01 
 7.880752601392e-03  6.467862270437e-02 -1.419491776611e-01 
 1.544160789421e-02  3.918820175565e-02 -9.628847310618e-01 
 2.053027114210e-01  1.060704254402e-01 -2.216272568035e-01 
-8.726125115239e-02 -7.769500108331e-01 -1.411489945322e-01 
 2.121358479651e-01 -2.640633433771e-01 -8.103764341269e-02 
-3.399139759492e-01  1.889583688461e-01  4.404497336076e-02 
 2.553405512542e-01  3.086838536508e-02  2.792604150483e-01 
-1.496835048844e-01  2.162624179412e-01 -1.235789503820e-01 
 3.306002141066e-01 -1.124135034719e+00  3.185344675174e-02 
 1.077422454484e-01 -2.654161047943e-02  8.229756516296e-02 
-2.928824868891e-02  5.374081160772e-02 -2.050709020880e-01 
-2.040742563652e-01 -1.340030328803e-02  2.829212868850e-01 
 5.509544709516e-01  1.082547157540e-01  1.614289624223e-01 
 1.773192674707e-01 -1.132388292638e-01  3.887465971425e-02 
-6.011529841879e-02  1.447221840996e-01  1.615515019604e-01 
-2.605027228127e-02  2.331014496657e-01  1.866033234526e-01 
 1.147722878618e-01 -4.086747945991e-02 -1.054902986178e-01 
-4.685619100422e-01 -1.842497605281e+00  2.171949378295e+00 
 1.373439811801e-02  1.692319362041e-01  5.194860045662e-02 
 3.835758992922e-01 -6.897114355284e-01 -9.222182428964e-01 
 1.526897781032e-01 -1.451688465242e-02 -2.166400565481e-01 
-2.477580241305e-02 -1.538116549129e-01 -3.572326116154e-01 
-1.645307501768e+00  2.482795956974e+00  1.614609144442e-01 
-1.655180954714e-01  4.383039998433e-01 -1.471140806846e-01 
 1.824835875741e-01 -1.136725705571e+00  3.594583027354e-02 
-6.442715960000e-02  3.700516858463e-02  4.781942575465e-02 
-1.144882386947e-02 -7.814484631751e-01  1.511016365514e-01 
 1.702753212648e-01 -1.129708905288e-01  1.017117076315e-01 
 3.846528542997e-01 -2.128330461544e-01  1.368403563209e-01 
-8.980580948837e-02  5.344174828351e-02 -5.428353223400e-01 
-2.908634255392e-01 -1.756124414522e-01 -7.967244945930e-02 
-1.995231663868e-01 -6.166001446738e-01  4.468097658937e-02 
 4.786053582853e-02  6.678808381184e-02  2.372531196130e-01 
 2.571424918093e-01  1.113469503007e+00 -6.471437912325e-01 
-9.130301389917e-03  6.406108345827e-02  3.703724486507e-01 
-9.889908813240e-01  5.630151488458e-01  9.960231383346e-02 
 2.594396814409e-01  1.159674838736e-01 -6.644504553052e-02 
-2.290813313844e-01 -1.998241905012e-02 -2.216463724977e-01 
-1.039306919762e+00  1.118312291253e+00 -4.250266155058e-01 
 2.319962925204e-01 -2.970275234760e-01  8.042496838668e-01 
-3.061688886246e-01  1.950149070729e+00  1.083103044787e-01 
 8.113565499020e-02 -3.415114688125e-02 -8.976732585542e-02 
-3.577098943945e-02 -1.971200605275e-01  6.156171868822e-02 
-4.622410953591e-02  1.124794202799e-01  1.032229342097e-01 
-1.442091519166e+00  7.789158358658e-02 -3.117285457052e-02 
 9.416640841096e-02  1.054793680066e-01  7.531651286100e-01 
 7.789019252406e-02 -2.025870781206e-02 -3.057813883265e-02 
-2.672909770383e-01 -1.920439737941e-02  8.555275558662e-03 
 2.081551010974e-01 -2.194857487498e-02  6.720385644805e-02 
 3.375635679967e-01  1.373025208119e+00 -3.440859804264e+00 
-7.524582263959e-02 -1.183194113973e-01 -1.021721279852e-01 
 7.188284732676e-01 -3.755659695965e-01 -9.359382111993e-01 
-1.845951345244e-01 -2.739590375023e-01 -2.183161813546e-01 
 9.786823842609e-02  2.248901104636e-02 -4.835891711528e-01 
-2.057144114818e+00  4.490858392443e+00  1.054752790056e-01 
-6.551125600323e-04 -1.518233920141e-01  9.280957188980e-02 
-8.462466494675e-02 -1.255062106356e-01 -9.973465016641e-02 
-6.600448687487e-02  5.408569776818e-02  2.800926589409e-02 
-5.806970378753e-02  6.904232335794e-01 -1.961256683676e-01 
-9.989766444816e-02 -8.493042543798e-02  6.884257514424e-02 
-6.738903952246e-01 -2.237429204505e-02  2.370263520998e-01 
-2.309049764469e-01  1.760821489300e-01 -2.922782605824e-02 
-6.501142069512e-02  1.798390975808e-01  3.202828024155e-01 
 2.596346507261e-03  2.980899447256e-01  1.769749489425e-01 
-3.369708612424e-01 -1.748275940401e-02  5.524164405760e-02 
 1.787072431648e-01  6.488444474249e-01 -2.813923480190e+00 
 5.116857213835e-02  1.445841543845e-02 -2.958352644380e-01 
 5.540624064448e-01 -1.080183178379e+00 -6.501572381915e-01 
 1.460754806842e-01 -5.802281163953e-02 -1.109345567906e-01 
 4.019874073490e-01  1.255635505088e-01 -2.134797215374e-01 
-8.446914233860e-01  2.693530145835e+00  1.568742520892e-01 
-3.555664925648e-02 -1.759883491745e-02 -2.082610493157e-01 
-5.996398031581e-02 -1.089492583705e+00 -9.400100695367e-03 
 3.941015172072e-02  3.155587538697e-03  6.650278590427e-02 
 7.781629808149e-02 -1.776297482422e-01  2.136223080194e-01 
-1.419080659546e-01  4.216848911588e-01 -3.116479729286e-01 
 3.120145589025e-01 -1.151569547157e-01  3.348979591765e-01 
 5.124185416019e-03  1.219240817391e-01  2.463164098472e-01 
-4.729561501641e-01  7.225681101486e-02 -1.650375863622e-01 
 2.612464332162e-01  7.682190902517e-01  1.677461560341e-01 
 3.709553025985e-01  5.862548091669e-02  8.514352181476e-02 
 1.297056867721e-01  5.679882573354e-01  2.140260996822e-01 
-5.355108189829e-02  6.865130612674e-02  4.091508085449e-01 
-1.884081838422e-01  1.354541183126e+00  2.004574827523e-01 
-7.648746318810e-02  7.457530159874e-02 -1.576728726567e-01 
-4.050991169335e-02  3.331153194944e-02  4.807104416160e-02 
 1.516480366177e-01 -7.912756726634e-01  1.991753644210e-02 
 6.571317070581e-03 -1.295871732580e-01 -3.114264596047e-01 
-2.128884577356e-01  1.008595934780e+00 -1.406526564442e-03 
 9.897356948218e-02 -1.781339576602e-02  1.334382066238e-01 
 2.252970261371e-01  4.996842489100e-01 -7.657757079359e-02 
 3.475700502443e-01 -3.084249128800e-01  3.876160846272e-02 
-5.504608870795e-01  1.259113951639e-01  4.783697020081e-01 
 4.395369703486e-02 -1.378262476757e-01  3.191478152731e-01 
 2.229682618269e-01 -2.510357070543e-01 -3.158343227388e-01 
 1.391471432746e-01 -5.814245879237e-01 -1.384250391441e-01 
 6.130661039892e-02 -2.341569725674e-01 -4.183313508086e-01 
-1.252038521822e-02 -5.390087057739e-02  1.095217193579e-01 
 9.085785401124e-03 -1.437943697932e-01 -8.690517371791e-02 
-1.793662090807e-01  3.679343805703e-01 -3.293979177256e-01 
 1.275069246536e-01 -2.489863924161e-01 -5.288758135695e-02 
-2.605242534189e-02 -1.639480897591e-01  2.788081041044e-02 
 1.720453457401e-01  1.428774824105e-01 -1.360333756953e-02 
-1.492543658556e-01 -1.514542030975e-01  2.874564460566e-01 
 4.459977955790e-01  9.051228129380e-02 -1.783152982487e-02 
-1.433232621810e-01 -1.150085670570e-03 -8.086396685325e-02 
-1.048168461286e-01 -9.027213327327e-02  1.156221451568e-01 
-1.243021799294e-01 -1.608147641524e-02  3.330664552763e-01 
-8.363579426869e-02  3.325298156650e-02 -2.340691190038e-01 
-5.786739422220e-01  1.033645183695e-01  2.922958774273e-01 
-1.358863645618e-01  5.638824726571e-02 -2.832303519817e-01 
 3.625902837799e-01 -6.282556204439e-01  1.048064396865e-01 
 2.286992945805e-01 -1.850414772836e-01 -1.107377122964e-01 
-9.273874707458e-02 -3.632837441466e-01  2.331883294766e+00 
-1.182738429937e-01  1.148998184508e-01  3.807316633005e-01 
-5.497886337612e-01 -2.181241206281e-01  8.528622598028e-02 
-1.668231935407e-01  1.239971951768e-01 -2.497251866610e-01 
-5.439034034273e-01  2.189068493534e-02  1.300319119170e-01 
 5.057147194718e-01 -1.547227316225e+00  2.116847901045e-01 
-6.521179898621e-02 -3.125026795559e-01 -1.642740649334e-01 
 3.423052367582e-01  1.657931753891e+00  7.817823224211e-02 
-9.388052220352e-02  7.110546989950e-02  8.515879007350e-02 
-2.122284530459e-01 -3.650232076480e-01 -2.265481945070e-01 
 2.764525002331e-02  6.563011429590e-02 -3.363391444414e-01 
-8.682074393257e-01  2.522084887647e-01  5.249190168822e-02 
-1.024431660045e-01 -2.219098988846e-01 -8.829501619202e-01 
 6.732517974619e-01  2.836091146069e-02  1.380495204844e-01 
 4.078577982977e-01 -2.796807036482e-02 -1.338599934547e-01 
 1.933550664158e-01  9.777201031782e-02  2.508378203148e-01 
-1.771667934873e-02  5.078835519042e-02  1.545632359666e+00 
-1.119290935294e-01  1.093729775233e-01  5.194780485564e-01 
-2.661759905409e-01 -4.066355698521e-01  8.682520577794e-01 
-6.877997981256e-02  1.806904638562e-02  3.898252986937e-01 
-2.251151148453e-01  1.822405953530e-01  1.289152389794e-01 
 3.997207693816e-01 -2.214012007426e+00 -1.448006093715e-01 
 1.840508615936e-01  2.465720742205e-01 -2.463125134696e-01 
 5.654642318257e-01  4.535364571402e-01 -3.569537322606e-01 
-4.731199564089e-02 -3.986065245639e-03  8.451219568897e-02 
 2.094602618895e-02 -1.163038592723e-01 -1.098395407808e-01 
-3.246305787547e-02  9.364722717188e-02 -2.483724100793e-01 
 1.425790702538e-01 -7.510797812980e-02  1.880209391564e-01 
-5.805082376111e-01 -2.101829219199e-01 -1.578146879416e-01 
 1.755208494545e-02 -7.165093788495e-02  3.024964301375e-02 
-4.815312269082e-01  4.469114472927e-01 -1.695781697408e-01 
 2.067734743765e-01  3.387227886339e-02 -1.315675373897e-01 
-1.975630542659e-02  6.560043322984e-02  2.374393225042e-01 
-5.743483862038e-02 -2.778334380248e-01 -2.447147106890e-02 
-7.242436896406e-02  1.598609888967e+00  4.263294823340e-01 
-1.322211677998e-01 -3.690436557930e-01  2.918825783979e-01 
-1.744101452777e-01 -5.645561405649e-01 -2.474840440533e-02 
-1.724991094441e-01 -5.337531606951e-01 -5.033781377832e-02 
 3.239472654553e-01  2.900345189533e-01 -1.577397399835e-01 
-7.210783239737e-01 -2.525661859707e-01 -1.183261447662e-01 
 4.238005310878e-02 -3.643290623082e-02  1.531894897956e-02 
-3.018484271944e-01  7.839052613247e-01 -3.224350395173e-01 
-9.975909981151e-02 -6.917398022491e-02 -4.086704581343e-01 
 2.715806710127e-01 -8.669533111835e-02  1.083419791768e-01 
 2.913552046944e-01 -1.686020839219e-02  5.878904419014e-01 
 1.179838172116e-02  5.602367546442e-02 -1.296204014654e-01 
-3.631403262553e-02 -1.314047572471e+00  3.871259895430e-01 
 1.488864304657e-01 -2.099697959901e-01  1.857898535895e-01 
 5.903824798414e-02  1.735292818970e-01 -2.147660370648e+00 
 7.212968403639e-02 -4.532353094619e-02 -3.372607082595e-01 
 2.979585629203e-02 -1.303927482871e-01 -2.211676467550e-01 
-2.321985643136e-02 -2.733940144966e-01 -4.397031492088e-01 
-3.984633757955e-02  5.053575131681e-01 -2.420349805176e-01 
-9.672733459423e-01  2.396899678479e+00  2.760509556669e-01 
 1.012312178397e-01  8.970322666724e-02  4.023405158175e-01 
-3.007623727924e-01 -1.131231860407e+00  3.007042240674e-02 
 1.230912308108e-01  5.412088842986e-03  8.169500044602e-02 
-8.611227979019e-02  3.739813923133e-01 -2.184408221636e-01 
 2.304113796963e-01 -1.458878059661e-01 -4.441132684265e-01 
 1.385252135939e-01  2.858901157844e-02 -6.337546981547e-01 
-2.472595699281e-02  2.012662175582e-01  2.485655190849e-01 
 2.576562961115e-02 -2.812928021659e-01 -1.235258880128e-01 
-1.492045091154e-01  3.464861968554e-01 -2.155026854216e-02 
 1.257078959103e-01 -8.360694476125e-02 -3.031353746313e-01 
 1.397555093090e-02  2.766615564621e-02 -5.319281516310e-01 
-4.018166311098e-03 -4.447992264045e-02 -1.164711581188e-01 
 6.266992004818e-01 -2.235734288195e-02 -3.595367119915e-01 
-4.557695993891e-01  8.296976272688e-03 -1.648667577210e-01 
-5.851247023942e-02 -1.510537923464e-03 -1.124975268164e-01 
-4.402529554863e-01  1.119447495864e+00  1.135778687571e-01 
-1.255681400338e-01 -1.246137949249e-01 -8.386267488051e-02 
-9.955789111549e-02 -9.260734161336e-02 -1.345594093736e-01 
-4.708651632213e-02  6.263789766632e-02  5.091749043601e-02 
 1.152043062699e-01  4.967945824325e-01 -3.272135613566e-01 
-6.737383628443e-01  2.663737319486e-01  2.382924098658e-01 
-1.519901043827e-01  8.352098759155e-02 -8.022307820388e-02 
 1.911687708208e-01 -5.696491190050e-02 -5.998382250816e-01 
 3.658026233811e-01 -6.036576229323e-01 -3.236685894909e-01 
-1.071438491517e-01  1.220029915069e-02 -6.654181989637e-03 
 2.731475303694e-02 -2.725877798260e-04  4.320524660571e-02 
-4.900671263098e-02 -2.156248804804e-01  3.593980782610e-01 
 2.425510133994e-01  1.351397820696e-01  3.359452313448e-01 
 5.194831635543e-01 -2.394619608792e-01  2.384578893869e-01 
 3.524922547395e-01  4.334398110636e-02  6.444622271549e-02 
-2.490135138521e-01 -8.103662244997e-02  4.878160565927e-02 
 1.679869678005e-01 -6.037512490262e-01  2.729835838411e-02 
 1.720007856961e-02  1.597535904015e-01 -4.100087949727e-01 
 2.392969859986e-01 -2.159904437016e-01  4.225359257852e-01 
 2.300439860077e-02 -9.373843875698e-03 -2.500008600398e-02 
-2.670392055810e-01  3.024321500095e-02  2.752578623189e-01 
-1.045396015131e-01  4.868618932644e-01 -2.287046654286e-01 
 3.202352420291e-01 -1.388429736651e-01  2.135483534941e-01 
-2.191404976218e-01 -3.182424183910e-02 -5.995476947695e-02 
-2.871717291602e-01 -1.807957077829e-01 -1.755159517190e-01 
-4.342625112726e-02  6.675780002632e-02  6.978421202712e-02 
-7.483780987188e-01 -1.774736240106e-01 -3.323279407839e-01 
 2.345057582294e-02 -1.150109009060e-01  3.379445204044e-02 
 4.348795905401e-01  2.484472791447e-01 -4.793900842305e-02 
 3.552421495763e-02  4.378126892767e-01  4.711927825513e-02 
-1.311553520056e-02 -1.863378170166e-01 -4.244146912047e-01 
 1.078330097978e-01  1.730282208798e-01  2.619685685784e-01 
 1.183970376965e+00 -1.041858385994e+00  1.795952570389e-01 
-7.500282949413e-02 -4.988249443648e-01 -1.936553165153e-01 
-1.785674642541e-01  7.940144934772e-01 -5.783914606189e-01 
-1.611477916610e-02 -2.781328898385e-02  3.970230465808e-02 
-3.917484156046e-01  3.059123557370e-01  3.651262944993e-01 
 4.358311587144e-01  3.856785950755e-01  2.186250781923e-01 
-2.619527042583e-01  1.385374756120e-02  7.435649554933e-02 
 2.067218290468e-01  7.432536047793e-02  3.899153642646e-02 
-1.351262786377e-01 -3.931560302916e-02 -2.064185892472e-01 
-1.792662526680e-01 -2.358687084128e-01  5.885720106863e-03 
-2.314727191997e-01 -7.173323879692e-03  1.428500110628e-01 
-1.464260113447e-01 -7.347453188461e-01 -4.512490543693e-01 
 1.516293488376e-01  7.241885309023e-02  2.208446057925e-01 
-6.981893252855e-02 -2.071394398921e-01  1.931389731931e-02 
-2.175496208402e-01  1.432895715600e-01 -1.997775743784e-01 
-1.322820236961e-01 -5.289407500589e-01 -1.614007261764e-01 
-6.921221439886e-01  8.341056020349e-01 -7.843099333892e-02 
-2.443504687208e-01  8.530367439838e-03  2.883215649201e-01 
 1.198097926588e-01 -5.797147658506e-01 -1.640813132658e-01 
-2.202453745462e-01  7.590290911467e-02  5.746982987745e-02 
 2.688266626517e-01  1.993516338543e-01  1.605419799832e-01 
 1.710688695892e-01  5.855823633257e-01 -3.907464929974e-02 
 2.681966753026e-01 -1.097788804475e-02 -2.608523280859e-01 
 2.241641584505e-01 -1.616330644242e-01 -4.943099414654e-02 
 8.157222468360e-02  2.346747286203e-01  4.317755198499e-01 
-7.445061751822e-02 -7.863336268224e-02  3.211752441952e-01 
 1.819470698612e-01 -4.565864764404e-01 -5.351496290063e-01 
 5.288573916135e-02  3.529307920103e-01 -4.335895182945e-01 
 5.761877366193e-01 -4.241086387718e-01 -3.639396989445e-01 
 1.214323659109e-01  1.928218484664e-02 -2.983272027703e-01 
 1.451154818729e-01  3.043084432398e-02  1.254449244890e-01 
-3.749855715518e-01  6.636829855216e-02 -2.956738594091e-01 
-1.304369252957e+00  1.447182053232e+00 -6.066881891188e-02 
 1.278429835877e-01 -3.989712936698e-01  1.937012129599e-01 
-2.118207311003e-01 -2.494344202175e-01 -1.645032613046e-01 
 3.458092356797e-02  1.192073232594e-01  2.223897483980e-01 
 3.006619123738e-01  2.726165389160e-02  1.171117904320e-01 
 3.728489886230e-02  3.458013510201e-02 -4.558720652978e-02 
 2.271803250768e-01  1.510623844613e-01 -3.458240091860e-01 
 2.512890899154e-02 -5.842733652788e-01 -4.242181173312e-01 
-2.870401004122e-01  4.756902466222e-01 -6.292523338241e-01 
 1.058633948023e-01  7.055076420964e-02 -4.687106512720e-02 
-4.174087883830e-01  1.129541353773e-01  2.093019563751e-01 
-8.522283462396e-02 -4.687899490521e-01  7.554968091792e-01 
-1.962189174442e-01  1.601932239895e-01  1.095785644990e-01 
-1.854905767247e-01  8.926547305579e-02  1.953971864660e-01 
 2.433938706540e-01 -4.406732907100e-01 -1.577669508787e-01 
-3.637095447627e-01 -1.126218902326e-01  2.743814971580e-01 
 1.217791042883e+00 -1.343469382762e+00  1.631873992659e-01 
 1.348413802891e-01  9.420863990702e-02  3.229157815703e-02 
 4.992418950841e-02  6.705295672156e-01 -1.117539495939e-01 
 2.943563206274e-01 -1.575237225785e-01 -2.362660123942e-02 
 6.207783226736e-01  9.660502828971e-03 -2.430944369025e-02 
 5.578441474033e-02  1.900386882975e-01 -2.218527707420e-01 
-4.137481460197e-01 -6.953923925890e-02 -6.175450251745e-02 
-2.584641228541e-01  4.658329735523e-01  3.202874699230e-01 
-1.009424411815e-02 -2.173948421978e-01  1.967335588734e-01 
 1.007929148148e-01 -3.791079583610e-01  3.572297747344e-01 
-2.842872369229e-01 -8.778612971316e-02  4.249827584232e-01 
 4.114535785578e-02  1.043608504459e-01 -1.453468783482e+00 
-2.235854072079e-01  1.013647540661e+00  7.110127410941e-02 
 1.369847000200e-01  3.788859768583e-01 -3.695004826531e-01 
 1.995873155977e-01  1.912770958105e-01  5.858820953096e-01 
-4.029468961007e-01 -2.381601828569e-02 -4.016331491383e-01 
-1.678793924289e+00  2.262432878549e+00 -2.247126842175e-01 
 2.150361079216e-01  8.158406748972e-01  4.061617839181e-01 
-5.220731996943e-01 -1.056834243703e+00 -3.260355578730e-01 
 8.173821926135e-02 -9.097528210771e-02 -1.816312885752e-02 
-1.005897790497e-01  6.904408751680e-01 -2.684779401566e-02 
 2.119520423187e-01  2.030518335516e-01  2.113211825523e-01 
 1.116226329359e-02  2.620379073433e-02 -7.321887418777e-02 
 9.860953848701e-02  1.932261356986e-01  9.197547241179e-01 
-3.651717640468e-03 -3.794666454116e-01  1.885515773470e-01 
 7.464834646227e-01 -3.201211763626e-01 -3.520011612711e-01 
-1.373018821567e-01  4.202905787572e-01 -2.540903035135e-01 
 5.536243593520e-02  6.080981342631e-01  1.375928160871e+00 
-1.668374209245e-01 -6.893136737604e-01 -4.684314874154e-02 
-1.946770426264e-01 -3.566513516618e-01  1.075944823281e-01 
 3.464162714965e-01  7.202399369113e-01 -4.666157274864e-01 
-3.801782215669e-01 -7.378771728168e-02  1.290166686384e-01 
 5.751237203250e-01 -6.358816751686e-01  1.060789282601e-01 
-1.471311179602e-01  6.539822178714e-01  1.120461712578e-02 
 2.215316763189e-01  3.411599722099e-01 -3.237520968843e-01 
-3.313410286775e-01 -3.382483705953e-02 -6.679531731472e-02 
 4.496448866834e-02 -1.376549376867e+00  2.285659363635e-01 
-5.182148923623e-01 -4.984558700427e-01 -3.631211067548e-01 
-6.832483055134e-01  3.275898664116e-02  1.122913174000e-01 
 2.430612741175e-01  6.088219177314e-01 -9.722495650492e-01 
 1.920614544741e-01  4.417393265788e-01 -3.462190741409e-01 
-2.338139302723e-02  1.967415456738e-01 -1.254034272403e-02 
-2.275212289283e-01 -8.618350731212e-02 -3.259246383633e-01 
 2.416467980471e-01  1.108022644862e+00  2.043851545702e-01 
 7.181167524249e-01  3.942655087903e-01  3.014684709422e-01 
-9.030526772846e-02  2.764345187930e-01  1.863160161628e-01 
-1.126262027463e+00 -2.802025907533e-01  2.844912558834e-01 
-5.471049696502e-01  5.877253923958e-02  7.694279301170e-02 
 3.587781255720e-01 -5.921889607196e-01  7.740052797338e-02 
 5.777989623681e-02  7.686170013176e-01 -1.143626768970e-01 
 1.186309433084e-01  5.495644252136e-01  2.884048389723e-01 
-2.652929954507e-01  2.339821721292e-02  1.756993462620e-01 
 1.120382987537e-01  1.333856348138e+00 -3.064907178234e-01 
 5.143205623267e-01  6.081272970078e-01  2.935580758141e-01 
-9.336931588690e-01  9.823230867332e-02  3.824541952473e-02 
 5.927408444606e-02  6.273702437433e-01 -1.146114666142e+00 
 3.544048161547e-01  5.051900263095e-01 -5.916531702521e-01 
-2.958599003281e-01 -5.293949746764e-01 -2.314610473401e-02 
 2.706930230134e-01  4.170559970279e-01  4.807169434111e-02 
-1.485682641388e-01 -7.207861404180e-01  9.608446197602e-02 
 2.081728500022e-03 -1.104987317248e+00  1.079705992924e+00 
-4.160488363616e-02  1.585764320227e-01 -1.905833618683e-01 
-1.737645466327e-01  9.372950141735e-01  6.762682250326e-01 
 4.563717013701e-02  5.621717465047e-01 -3.310711475703e-02 
-1.374910710502e-01 -2.293156357288e-01 -1.478050994204e-01 
 1.026792868381e-01  5.678827878420e-01 -3.089640773543e-02 
-2.612403771335e-02  3.725562025888e-01  3.947676505740e-02 
 1.552155632958e-01 -1.312153435881e-01  7.054092969394e-01 
-1.768294474024e-01  9.698850368884e-02 -5.467936824400e-02 
 2.105906830266e-02 -1.092322161021e-02  2.971037324186e-01 
-5.303254750939e-01  4.073233563331e-02 -2.063096567441e-01 
-7.387785402169e-02  3.183521079493e-01 -1.627879358019e-01 
 7.602055462511e-02  6.460707715930e-02 -6.224702492172e-02 
 1.547944038447e-01  2.466171492580e+00 -7.426725664940e-01 
 3.974624237459e-03 -1.205258096295e+00  4.611086152165e-01 
-2.109736827901e-01 -1.124770920650e+00 -7.112873298854e-01 
-9.844327685301e-02 -9.062923942521e-01  3.366742369729e-01 
 3.935376252764e-02  1.410373258208e-01 -8.852853282878e-02 
 1.200085080191e-02 -2.780610807996e-01  4.769187612220e-01 
-3.808831358882e-01  1.046401757390e+00 -1.264510913162e-01 
-5.166819371317e-01  6.290225583476e-01 -7.790609543289e-03 
 2.570040655999e-01  2.761063751123e-02  1.237204084124e-01 
-1.724745466595e-01 -3.639022397698e-01  1.852871700245e-02 
-6.443917475460e-01  5.011005771305e-02 -6.741158952330e-01 
 1.550491684384e-01  6.135441165335e-01 -2.493978988353e-01 
 3.757937610424e-01  9.913253807130e-02 -4.633661882261e-03 
 3.122595660868e-01 -8.687842519562e-02  2.479198014025e-01 
 3.057977562820e-01 -1.701271630389e-01  3.886416328869e-01 
-1.367006721588e-01 -2.820912308865e-01 -1.270370022913e-01 
 1.446172796867e-01  1.858233566182e+00 -5.353531772450e-01 
-5.479492857303e-02 -7.334471295732e-01  5.426860916607e-01 
-3.125104714100e-01 -1.268967610563e+00  3.985841546798e-01 
 5.956447413106e-01 -6.152148526345e-01 -8.204996501091e-01 
 1.070909611232e-01 -1.872527551947e-01 -9.938454812263e-02 
-7.918286721805e-01  5.958233126977e-01 -5.063775394577e-01 
-2.175267338973e-01  4.525323282747e-02 -1.936194102668e-01 
-6.911343485288e-01  1.681313268261e+00  1.133188822545e-01 
-2.100526586181e-01  1.157823063365e-01  1.492562297282e-01 
-6.471221534648e-02 -9.398042187893e-01 -1.572857349706e-01 
 8.642294355543e-01  1.624404293654e-01 -7.169228892253e-01 
-8.804483803158e-02  1.759532212487e-01 -1.018781913322e-01 
 4.727127041256e-02  1.538156758276e-01  1.164903022361e-01 
 1.976570305964e-01  1.710344550817e-02  2.371163406917e-01 
-3.163904269017e-01  1.552629396402e-02 -1.410465322036e+00 
 3.728424361663e-01  5.091310239257e-01 -4.025409034436e-01 
-1.271425166857e-01  5.398116475969e-01 -1.697316169728e-01 
 2.110905128198e-01 -3.672261899259e-01 -1.404417363659e-01 
-1.562320239714e-01 -9.037279132531e-01 -8.346626112189e-01 
 1.975938581935e-01 -1.546695108134e-01 -8.340987949974e-01 
-1.136732761913e-01  1.519500898551e-01 -8.087352190045e-02 
 6.122488194857e-01 -5.179190907474e-01 -6.330019428852e-02 
 6.022806683835e-01 -6.673081521845e-02 -4.006314561703e-02 
 1.868501756236e-01  2.613205788656e+00  1.799346409500e-01 
 1.483543918091e-04  4.017682635055e-01  1.898389295647e-01 
-1.775362038122e-01 -2.721401135277e-02 -8.296330179546e-03 
 1.002256783421e-01  1.690121193678e+00  1.379655747465e-01 
 1.496832660465e-02 -9.237142871865e-02  7.135162465182e-02 
-4.839356891733e-02 -1.055637769496e-01 -2.383586233749e-02 
-2.782480246513e+00  1.086378751179e+00  2.265057161041e-01 
 2.944823648312e-02  1.193455285959e+00  1.073522069976e+00 
-3.823676249670e-01 -3.108719003572e-01  3.071449852616e-01 
 7.070787925911e-02 -8.565611470122e-02  4.872198818743e-02 
-1.088733867224e-01  7.451954759689e-02  6.928999597857e-02 
orbocc
(*)
 0.000000000000e+00  0.000000000000e+00  0.000000000000e+00 
 0.000000000000e+00  0.000000000000e+00  0.000000000000e+00 
 0.000000000000e+00  0.000000000000e+00  0.000000000000e+00 
 0.000000000000e+00  0.000000000000e+00  0.000000000000e+00 
 0.000000000000e+00  0.000000000000e+00  0.000000000000e+00 
 0.000000000000e+00  0.000000000000e+00  0.000000000000e+00 
 0.000000000000e+00  0.000000000000e+00  0.000000000000e+00 
 0.000000000000e+00  0.000000000000e+00  0.000000000000e+00 
 0.000000000000e+00  0.000000000000e+00  0.000000000000e+00 
 0.000000000000e+00  0.000000000000e+00  0.000000000000e+00 
 0.000000000000e+00  0.000000000000e+00  0.000000000000e+00 
 0.000000000000e+00  0.000000000000e+00  0.000000000000e+00 
 0.000000000000e+00  0.000000000000e+00  0.000000000000e+00 
 0.000000000000e+00  0.000000000000e+00  0.000000000000e+00 
 0.000000000000e+00  0.000000000000e+00  0.000000000000e+00 
 0.000000000000e+00  0.000000000000e+00  0.000000000000e+00 