2mocoef
header
1
MO-coefficients from MOLCAS
1
48   48
a
mocoef
(*)
-7.556872138629e-05 -7.345137021825e-04  3.492788659866e-03 
 3.030683868712e-04 -4.167898302786e-04 -3.358346496461e-04 
-6.639146250230e-04  4.116997840189e-04  1.647684454558e-03 
 1.929397543350e-04 -3.369298577134e-04 -3.574766819909e-04 
 3.262384488937e-04 -6.715539607546e-05  1.001013074465e+00 
 5.355946789428e-03 -6.055679279391e-03  8.770063651201e-04 
-5.108724878781e-04 -4.946770810942e-04 -1.181583452336e-03 
 8.196471664775e-04  2.101249650396e-03 -1.397244986630e-05 
 1.527737766221e-04  9.302961267030e-04 -2.544516234055e-05 
 5.821162977804e-05 -5.410815533248e-04  1.845379466099e-04 
-2.037440325795e-05 -5.352809823247e-05 -6.765982047788e-05 
-1.777825510661e-03  1.103270495858e-03  2.891431132143e-04 
-1.326362001750e-04  8.377696284560e-04  5.209401780225e-05 
 1.062139781564e-04 -2.725821248908e-05  5.911009335530e-05 
-2.015522948884e-04 -5.985013790173e-04  3.826865703673e-04 
-5.808320496903e-05  6.796880982600e-05  1.882728011135e-04 
 1.001276834650e+00  7.796307880095e-03 -5.854072603260e-03 
-6.760243113324e-04  4.569628731980e-04  1.652433184810e-03 
 1.246939309466e-04  3.627041755631e-04  5.797728728994e-05 
-2.279500986425e-04  4.082477548527e-04  1.599637711649e-04 
-4.000131961572e-04 -4.613237743131e-04 -2.759943057891e-04 
 3.276245899144e-04 -1.298547763505e-03 -4.776940742394e-05 
-7.599044430655e-05 -3.120063070882e-05 -3.100215805710e-04 
 9.691209805224e-05  1.634810694149e-03 -2.701497154580e-06 
-1.222725081412e-05 -3.511266901080e-04  1.359398929111e-04 
-3.705497617467e-07  1.135142201885e-04  8.194677167830e-04 
-3.034722754445e-04 -1.697031504432e-04 -1.487676950484e-04 
-4.723650558183e-04 -5.905445835190e-05  9.070638083716e-05 
-5.906264137429e-05 -1.422885631632e-04 -9.257720762692e-05 
 9.559321043725e-04  3.955199424348e-04 -2.261808049972e-04 
-6.460426053432e-05 -5.560546266730e-04  1.381339402666e-03 
 2.525060277895e-05  2.605577414823e-04 -2.948196082019e-04 
-1.301094426886e-02  5.041088672648e-01 -2.215228642032e-01 
-6.478542931939e-02  3.288658703292e-02  2.314736581893e-01 
 4.281750512598e-02 -3.558815453557e-02 -1.069455323538e-01 
-2.870988047950e-03  1.061070503538e-02  2.607528902016e-02 
-1.265694119724e-02  1.113336020072e-03 -1.103294337178e-02 
 7.541170177981e-01 -9.742750927851e-02  7.170240683960e-02 
-7.415045995196e-02 -1.458776771187e-01 -1.822083990431e-02 
 1.274809719098e-02  1.492051141797e-03 -2.937720717573e-03 
 8.234169340646e-03  1.627464874810e-02 -8.716925713682e-03 
-9.805803931085e-05  1.017941545200e-01 -5.010424420853e-02 
 6.934845592283e-03  9.246944204600e-03  6.155167995599e-03 
 1.946155779252e-01 -9.480955629778e-02 -1.537806720964e-03 
-9.087364076121e-04 -2.171015274355e-02  9.236926674001e-02 
-4.914315648882e-02 -8.243598067451e-03  7.072409358490e-03 
 6.286580326321e-03  1.174306900002e-01 -6.233849624702e-02 
-3.435631680825e-04 -1.235500614886e-02  5.485955736916e-03 
 3.298645196633e-03 -5.760897840590e-01  1.004508145107e-01 
 1.965400208702e-02 -3.067162395090e-02  6.289092573084e-02 
-3.540321799854e-03  1.497838215766e-02 -5.461917892619e-03 
 2.363698305212e-03 -2.118967872272e-03  8.128728298346e-03 
 3.166320340441e-03  4.002069514613e-03 -4.393028036915e-03 
 4.216035968654e-01 -8.572120956081e-03 -1.760105712274e-02 
 3.450298849751e-02  4.345225628494e-01  2.509953702542e-03 
-9.897393560944e-03 -1.247688328396e-01  8.852249191376e-04 
-4.094171986139e-03 -4.656177345543e-04  7.981831901250e-03 
 3.458908069675e-04 -1.957371566054e-01  9.406113750407e-02 
-1.148422574097e-02 -1.162189573769e-02 -4.734216324817e-03 
 4.886089065585e-01 -2.203431002537e-01 -6.063134684791e-03 
 7.279552836872e-04 -4.193497245919e-02 -1.830196633423e-01 
 8.490649992215e-02  1.175857744401e-02 -9.584978688731e-03 
-2.780069406272e-03 -2.663024316003e-01  1.325003993667e-01 
-1.040126267194e-04  1.922808825758e-02 -8.198740905356e-03 
 6.778453228059e-03 -2.140002221281e-01 -6.328263873120e-02 
-1.874401694387e-01  1.871563794121e-01  5.142099801059e-01 
 4.541957510687e-02 -4.340300411683e-02 -1.458570317597e-01 
-3.225308874759e-03  1.072196520482e-02  2.758620058193e-02 
-1.812920051792e-02  6.034515601513e-03  2.433805007302e-03 
 1.120767183431e-01 -8.684075273000e-03  4.755964441435e-02 
-8.842108139744e-02 -5.233984771442e-01 -5.253289295624e-03 
 1.057349495800e-02  1.056416053338e-01 -1.968922872756e-03 
 5.221573792879e-03  3.290534659821e-03 -9.720780855855e-03 
 3.515633312885e-04 -2.629024947636e-01  1.042095195897e-01 
-1.638773618795e-02 -9.107744878998e-03  4.370861953292e-04 
-3.811390290124e-01  1.525969711900e-01  5.401080117621e-03 
-1.614293727902e-03  2.506482785693e-02 -3.641001762496e-01 
 1.504834484257e-01  2.005265409645e-02 -1.457073691636e-02 
 7.087970484005e-04 -1.759370464701e-01  5.838062485176e-02 
-2.838050956993e-03  1.198034387781e-02  5.366567561047e-03 
 3.031797694781e-03 -1.809237018473e-02  1.870059464136e-02 
-1.243007043633e-01 -5.894198553838e-01  1.859864431275e-01 
 1.370049635946e-02  1.256684690888e-01 -3.136930992989e-02 
 8.633706296472e-03 -3.736600065182e-03  1.149027582672e-02 
-7.182592210076e-03  1.641636449164e-02  1.329855066127e-03 
-2.407488678216e-02 -1.100404951106e-02 -6.428799913569e-02 
-3.535726353241e-01 -5.421118756205e-02  4.019282060819e-03 
 3.274855902208e-02  1.828232623304e-02 -6.356543268879e-03 
 1.800693828268e-02 -6.049487053917e-03  2.973741332475e-03 
-5.112216112316e-03  3.131731431791e-01 -1.245382741941e-01 
 1.513664192174e-02  5.623136317393e-03  8.855760088264e-03 
-7.282282737846e-02  2.427997551075e-02 -6.445149623355e-04 
-7.210826351328e-03  3.799849607619e-03  1.720407725032e-01 
-7.084547581418e-02 -1.526499537914e-02 -1.405020218158e-03 
 4.272177138064e-03 -5.572413618388e-01  2.330409509517e-01 
-1.984970684458e-03  2.463937561139e-02 -1.299610744254e-02 
 2.651171588869e-03  7.567553942132e-02 -4.894726951728e-02 
-3.325059747308e-01  5.249313403985e-02 -1.690597648262e-02 
-1.402441106907e-02 -6.729340742662e-03 -3.953349953782e-02 
 3.444906820452e-02 -2.071033703294e-03  1.848369807260e-02 
 3.714982635961e-02 -1.226379123657e-02 -3.912888883613e-03 
-1.811661298350e-01 -5.717407847430e-02  7.488488782159e-01 
-1.374193206171e-01  1.402028410333e-01  6.662468168879e-02 
-8.528548229471e-03 -8.512360609813e-03 -1.730442782815e-03 
 2.119338268507e-03  2.683046625528e-03  3.002159788067e-03 
 4.680843389927e-03  3.611651765126e-01 -5.926937235899e-02 
 5.336846165682e-04  1.296895924220e-02  5.313474620601e-03 
 1.946296386474e-01 -5.960421663508e-02  1.961412889711e-02 
-2.926710292337e-03 -1.065882838021e-02 -4.113222749649e-01 
 6.824671963242e-02  1.694846806036e-03 -9.919627826439e-03 
-5.613768530535e-03  9.942910943011e-02 -4.466710840759e-02 
-5.907000114618e-03 -4.899479514519e-03 -7.135836820088e-04 
-2.540781372789e-03 -5.923029398248e-02  1.635579172667e-02 
-5.590650187607e-01  4.164469050245e-02 -2.608293010334e-01 
 5.862482169793e-02 -7.583772502880e-03  4.228680931113e-02 
 1.052206239549e-02 -1.565670294979e-03 -2.073410884030e-02 
-1.049545208382e-02  3.175457379063e-03  1.079801919968e-03 
 8.045428674482e-02  1.662922308190e-02 -4.728718355093e-01 
 8.763047163026e-02  1.076341026165e-02  3.784461303223e-02 
-5.924448385811e-03 -7.055041055463e-03  9.062055396788e-03 
-8.674561734204e-04  1.169277332949e-02  1.731355434508e-02 
-8.185213492790e-03  3.677407098087e-01 -1.104097457671e-01 
 3.797306780337e-03  1.782586116965e-02  5.145584579810e-03 
 1.039594466943e-02  5.090255504784e-03 -1.075957035728e-02 
 1.846532768047e-03  4.110609716178e-03 -3.604103789744e-01 
 1.135339464971e-01  6.784337001533e-03 -1.773885274965e-02 
-1.072023592871e-02  1.144466269877e-01 -4.288820499233e-02 
-1.048728635430e-02 -5.656185601722e-03 -8.475111680698e-04 
-1.039949180724e-03 -8.926899581964e-02  2.267203027022e-03 
-5.353085337197e-02 -2.442365886847e-01  6.035485778232e-02 
-1.348710032296e-02 -1.101520235465e-02  2.259333114108e-03 
-6.820564585219e-03  5.017721745669e-02 -1.182032854396e-02 
 1.146640651576e-02 -9.562994933772e-03  1.492612949101e-03 
 1.027791056683e-01  3.596340013355e-02  2.074638866570e-01 
 8.341131445469e-01 -1.497570926029e-01  2.352298750715e-02 
 7.823315040641e-02 -5.569974596820e-03  7.670071046959e-03 
 2.548953743170e-03 -1.566072424550e-03 -7.397931763005e-04 
 5.254687867950e-03  2.677286060867e-01 -5.542520058023e-02 
 9.536382797661e-03  2.165204797554e-03  3.367024370955e-03 
-1.028648658200e-01  3.064199826645e-02  7.863277188107e-03 
 2.434036908379e-02  3.509925783824e-03  1.188795419290e-01 
-4.067705225993e-02 -7.453919288560e-03 -5.315818792337e-03 
 3.263886363786e-05 -3.582585605491e-01  1.199678860028e-01 
-2.546022071784e-03  1.590704816558e-02  9.485777683738e-06 
-3.756814431187e-02  3.263329290092e-01  1.399736477037e+00 
 9.790949772188e-03 -1.703122637758e-01 -2.273173534022e-01 
 6.126036924421e-03 -2.382326782300e-01 -3.987193674280e-01 
-2.289778835257e-03  5.068458507865e-03 -5.537710694257e-03 
-1.275800965367e-04  1.613047203878e-03 -5.374932719898e-03 
 6.132717403314e-02  2.679337594545e-01  1.019511963884e-04 
 5.792595512593e-02  4.671210467298e-02  1.660655998788e-02 
 8.304596622386e-02  6.148168280849e-02 -3.007417976125e-03 
 1.063199044757e-02  1.423506867463e-02 -1.073462715051e-03 
 2.172313131926e-03 -1.332496610779e-01 -8.920729999428e-01 
-1.591103060538e-03  4.278740377528e-03 -5.178631611027e-03 
 4.943194256715e-02 -2.684376870719e-01 -1.138159568964e-03 
 4.175770355665e-03  9.045416271498e-03 -8.549710356922e-02 
-8.265604929062e-01  1.913962540287e-03  5.256821862584e-03 
-5.111009008599e-03 -1.744217744835e-01 -6.255376586319e-01 
-6.730814490681e-04  2.506990430692e-03 -6.080499175281e-03 
-2.475382719836e-03 -1.290069140710e-01 -1.900035843958e-02 
 3.682789375763e-01 -1.422690075529e-02 -3.951955493870e-02 
 3.529711140470e-01  5.713636288438e-02  1.248763729921e-01 
 2.599665578873e-02 -4.784239855999e-04  1.320869772376e-02 
 1.013947840555e-02 -4.765761640017e-03 -2.535584344551e-02 
 1.952758739623e-01  7.264820930496e-01 -1.426973498561e-02 
-3.451942149820e-02  2.287867602151e-01 -7.114522141551e-02 
-2.909387078944e-02  3.190719124962e-01  2.741629919966e-03 
-5.162577115611e-03 -1.427961699176e-02 -5.218387764080e-03 
 2.418787900591e-03  1.845533747182e-01  7.456896512111e-01 
-1.853599974302e-04 -4.708370391366e-03 -1.901543677897e-03 
-3.158306035309e-01 -1.102084533862e+00 -1.811785789755e-03 
-2.148495818302e-03  5.317768646499e-03 -1.800508605583e-01 
-5.698931556104e-01 -2.509509069471e-03  5.659991974640e-03 
-6.114192304314e-03  1.128665471296e-02  2.156371687222e-01 
 1.279868772200e-02 -6.009939459887e-04  1.641690622137e-03 
 1.460027925952e-02 -9.841592142719e-02 -3.645149178475e-01 
-3.867809035291e-01  1.627953733336e-01 -1.695883449178e-01 
-5.044345875199e-01  3.391345250354e-01 -3.875682256151e-01 
-2.270955172139e-02  8.134652605720e-04  7.616016836071e-03 
-6.974485705606e-03  3.420272552264e-03 -1.900179993702e-02 
 1.885759895326e-01  7.103098978627e-01  1.821505609304e-01 
-7.736134611684e-02  5.829333072882e-02  2.469442161458e-01 
-1.220808575960e-01  1.483370585938e-01 -2.548990126794e-03 
-4.201662277681e-03  2.393921790273e-02  1.601893006182e-02 
 6.400389179223e-04 -1.738217305953e-01 -4.246800179685e-01 
 5.014365571135e-03  3.342948469459e-03 -1.024178618684e-02 
-2.889890199227e-02 -7.868009179118e-01  1.125086702518e-02 
-3.372444926366e-03  1.830467166913e-02  2.437136720525e-01 
 1.192605644906e+00 -1.317135801661e-03 -4.772902643627e-03 
-1.012225550221e-02 -4.000079451633e-02 -4.880365225574e-01 
-1.373127963665e-02  2.621495574774e-04 -4.691167580156e-03 
-1.073114166803e-04  9.433587967254e-02  3.166261422122e-01 
 1.885983150921e-01  4.465144332949e-01 -4.677409961372e-02 
 2.914325646429e-01  1.045849526802e+00 -2.312631290664e-01 
 3.096901605407e-03  1.448105780158e-02 -1.150966432482e-03 
 1.463192780398e-03 -2.455504670105e-03  3.000732855588e-03 
 1.678318717481e-03 -5.851848273560e-02 -5.727710875983e-02 
 2.217540355936e-03 -9.634164969943e-02 -8.571434372260e-02 
-1.709545199749e-01 -1.040394206056e-01  5.126656779090e-03 
-3.345887112370e-03  1.034533949064e-02 -1.031581600127e-02 
 1.151840744405e-02  1.154597742834e-01  1.082516861656e+00 
-1.559436329333e-03  2.901000891792e-03  2.914179085342e-04 
 8.301635914319e-02  3.031844047567e-01 -5.470448640314e-03 
 1.027374698403e-03  2.558854921204e-03 -5.486063035652e-02 
 2.104115627226e-01  1.346722389666e-03  6.669387397187e-03 
-3.918463623463e-03 -1.620835584668e-01 -1.896093379042e+00 
 8.927133352696e-03  4.488048755506e-03 -4.084720069725e-03 
 6.267537302597e-02  5.215616879845e-02 -2.267795426682e+00 
 1.080442978463e-01 -1.227141654945e-01 -3.457883099931e-02 
 8.004586747486e-01 -6.951995358803e-01 -1.879487953174e+00 
 8.120950561782e-03 -4.996154224406e-03  3.406754927217e-03 
 1.532107199195e-02  3.103077003796e-02 -5.484190818767e-02 
 4.672556667493e-02  1.830362640863e+00  5.845937650450e-02 
-8.959521631021e-02 -3.048111969635e-01  2.275718596857e-01 
-2.524585037896e-01 -1.069317863427e+00 -4.775619898072e-03 
 1.816919263800e-02  1.971587959168e-02 -1.899806396895e-02 
 1.612174910729e-03 -1.216188909029e-01  3.314735537613e-01 
 1.631350428782e-03  1.357857668433e-02 -5.653994837557e-03 
-6.234473903246e-02  8.525311709802e-01 -6.076218548827e-03 
 4.969856437205e-03  9.968165116313e-03 -5.697388690279e-02 
-6.852642282479e-01 -7.075130007328e-03  1.479261368270e-02 
-2.454578237780e-02 -3.436659939019e-01  9.923066192050e-01 
 2.384124465010e-03 -4.466661155598e-03  3.948691786907e-03 
-8.513123597200e-02 -3.200915550372e-01  5.952509353309e-01 
-2.257106893866e-01 -2.191022092807e-01 -4.698555621159e-01 
 3.636856502100e-01  7.688607599991e-01  5.113649518986e-01 
 1.383624831053e-01  2.057124409864e-02  7.369302965095e-02 
 2.782235174708e-02  5.249392218028e-02 -1.195735428799e-02 
 5.453489085062e-02 -2.142099150851e-01 -1.040146226200e-01 
 2.402983206157e-02  4.314984970213e-02 -4.327511701731e-02 
-1.470583876338e-01  4.811241155719e-02  9.850211371694e-03 
 3.675058004052e-03 -7.897224950029e-02  1.335057773365e-02 
 6.448109950312e-03  7.323980458520e-01 -8.838970584439e-01 
-1.222822864849e-02  4.025782800786e-02 -4.363250791172e-03 
-7.257077049142e-01  6.379839548058e-01  1.299361841134e-04 
-1.767817125824e-03 -7.099815031438e-02 -1.171383146083e+00 
 1.569493826510e+00 -1.656482664891e-02  5.810038402108e-02 
-5.942696996967e-03 -5.754860953419e-01  6.523542153532e-02 
 3.802394763844e-02 -3.333907848090e-02 -2.795560785583e-02 
-1.208174336463e-01 -5.520996935322e-01  9.289699723868e-01 
 2.435355077346e-01 -8.355747796022e-02 -8.082757156723e-01 
-7.150382402007e-01  3.338983188608e-01  9.806432102906e-01 
-1.213934832985e-01  2.088589427235e-02  1.320661671938e-01 
-3.980955062264e-02  4.470357971246e-02 -8.103846561846e-03 
 1.202785401768e-01 -6.312545776284e-01  2.395881007341e-01 
-3.351228269708e-02  2.722409425027e-02  1.056170300479e-02 
 8.770971898784e-03  1.220648334913e-01  6.975477085529e-03 
-3.814801890546e-02 -1.485223782293e-01  3.733835597988e-02 
 3.655912497233e-03 -9.269478811356e-01  9.461952940955e-01 
 2.371717529107e-02  5.106238936669e-02 -2.057810273548e-02 
-9.543881156590e-01  9.080833241434e-01  4.532029192328e-02 
-2.268472033720e-02 -1.313162559993e-01  5.159575363401e-01 
-4.523204135785e-01  1.909272201563e-04  1.458061731969e-02 
-1.114047171002e-02 -2.339064229044e-01 -4.725157006377e-02 
-2.730279969790e-02 -4.933147776836e-02 -4.126656341857e-02 
 1.829863464775e-02  3.672888039917e-01  7.523716193558e-01 
 4.210493346845e-02 -4.998682017329e-01  3.679525359048e-01 
-5.120978340715e-01  1.950685135032e+00  3.484772544932e-01 
-3.731500942903e-02 -1.911154643713e-02  3.359883881348e-02 
 2.267838860519e-02  1.707971144101e-01  8.519738978248e-03 
-2.243435340836e-01 -8.598824348975e-01  6.233372699285e-02 
 4.245654252699e-02  2.036801692825e-02 -2.054234605737e-01 
-9.386581834301e-02  7.761650554427e-01 -8.686346281377e-03 
 3.813629377087e-02  4.504257428170e-02  2.308124006562e-02 
 2.474806315798e-02 -6.081463648458e-01  1.011187666133e+00 
-2.519818672297e-02  1.154553499369e-01  2.195665284498e-02 
 4.964302756325e-01 -8.476713486769e-01  1.238188802297e-02 
 2.580533901748e-02  7.482777205209e-02 -3.326999127713e-02 
 6.316515730141e-01  2.068971719905e-02  1.007300512442e-01 
 3.553780525963e-02 -1.303214024600e+00  3.065443437164e-01 
-1.426727493055e-02 -3.374367297495e-02 -1.399638189785e-02 
-1.113448092948e-01 -6.113705473802e-01  8.196418218105e-01 
-1.064994381146e+00  1.154471953870e-01 -3.549611773184e-01 
 1.804826903334e+00  2.660028142464e-01  6.088924329298e-01 
-1.199660439332e-01  1.197686283824e-01 -7.607752002888e-02 
-1.179968013108e-01  9.735079236901e-02  2.118801858367e-02 
 9.915539835317e-02 -3.043495896810e-01 -8.116447930532e-02 
-1.161282133753e-01 -9.627611225246e-02 -8.119143703115e-02 
-4.074989560879e-02  5.883500985340e-02  3.603061627092e-02 
-1.691140451011e-02  1.777159659593e-02  5.876797140506e-02 
-6.338890063023e-04  3.061696328738e-01  6.643082427303e-01 
-8.562939431899e-03  8.111159943127e-02  2.457125602764e-02 
 3.096317746122e-01 -3.317146395085e-01  4.162640826316e-02 
-3.910971992728e-02  6.608091129402e-03  1.042750050411e+00 
-1.875073661674e+00  1.280958023383e-01 -8.356745022600e-02 
-6.585255973645e-02 -3.708300550285e-01  3.125164792327e-01 
-8.308416316307e-03 -2.135518374555e-02  2.879103183309e-02 
-1.808923250154e-01 -9.041996150478e-01  1.826073326486e+00 
 7.075294216164e-01  5.145919001614e-01  1.439732584871e-01 
-1.369601207057e+00 -2.283823690798e-01  1.324677822416e-01 
 7.426113248514e-02  2.225894895067e-01 -1.000536018113e-02 
 6.138652581100e-02  1.100555623684e-01  2.682589901302e-02 
 9.675599843212e-02 -7.198196182518e-01  1.878695961031e-01 
-2.335369323054e-01 -8.214863929059e-02 -1.868099359629e-01 
 1.223621216659e-01  4.263638730678e-01  4.266594019115e-03 
-5.378785670907e-02 -3.279863214426e-02 -1.186578177293e-02 
 3.612817238572e-02  1.136236376790e+00 -1.944469295740e+00 
-1.475474459724e-01 -8.916245351652e-02 -1.072111704490e-01 
-4.562938819638e-02 -2.173230920160e-02  3.195211249888e-03 
-6.447589925396e-02 -8.566248152733e-03  6.489945850344e-01 
-1.330218655119e-01  8.346730555758e-02  3.165526911964e-02 
-2.385434022632e-02 -6.635549139065e-01  6.362380353011e-01 
 6.861348155838e-03 -5.639420155303e-02  5.741791667360e-02 
-1.246262024261e-01 -7.393492331887e-01  1.081648240076e+00 
 4.972640740103e-02 -9.834429455863e-01  3.497292798041e-01 
-1.240919035472e-01  2.504857518286e+00 -5.604203999887e-01 
 1.117397515060e-02 -1.043545041025e-01 -8.661139236728e-02 
 4.737155546192e-03 -1.632473992601e-01  7.938350993967e-03 
 1.135532516979e-01 -1.534783924494e-01  8.133226462997e-02 
-3.260521762160e-01  1.720303994868e-01 -3.303852929914e-02 
 6.280503731200e-02 -3.491764321979e-01 -3.015750540375e-03 
 3.371520502202e-02 -7.226229791341e-02 -8.617291109105e-03 
-4.272984306634e-03  5.764535141160e-01  4.045742343296e-02 
 2.023254506545e-02  2.666548955906e-02  3.249123553331e-03 
-3.042562685992e-01  6.039857045081e-01 -2.146247241512e-03 
-1.643635490943e-02 -9.174663451353e-02  6.632898131220e-01 
 5.306438063255e-02 -2.696556456054e-02  2.555495738071e-02 
-1.490286884599e-02  5.096345538258e-01 -2.234656521083e+00 
-3.937215307755e-03  2.867620086250e-01 -6.141542769193e-02 
 1.646196244467e-01  6.014409750031e-01 -1.680520806829e+00 
 5.396789784683e-01 -4.288064000973e-01 -7.761999148432e-01 
-8.280822271125e-01  8.392730696567e-01  9.124260449460e-01 
 1.734131533941e-02  9.894905634991e-02  3.935527608616e-02 
-1.649366677476e-01 -3.596433788313e-02  1.208215483593e-02 
 1.213879363077e-01 -8.259114029935e-02 -5.149212404526e-01 
-2.584698334440e-01 -4.932931731996e-01  7.929426978324e-01 
 9.921604552705e-02  4.395935029612e-02  1.921950662016e-02 
-7.373259478521e-02  3.877337372299e-02  7.963813482557e-02 
-6.264629042352e-03  3.396094747642e-01  7.883098019197e-03 
 1.310679854873e-01 -2.153332896384e-02 -3.490925037274e-02 
 9.705419241562e-01 -8.950422518031e-01  9.229933641447e-02 
-8.691461119484e-02  1.525329922314e-01 -6.599796845930e-02 
 8.684069256633e-01 -1.617616521600e-01  6.049226078852e-02 
-2.818863645619e-02  8.679682747337e-02 -2.314539888769e-04 
 2.354987404569e-02  2.398273931299e-02  6.493530887904e-02 
 3.396797140438e-01  1.498407694997e+00 -1.745243194949e+00 
-2.139963950018e-01  1.161380256305e-01 -5.610176768703e-02 
 3.262340162972e-01 -2.837890917469e-01  6.009865366221e-01 
 6.820966525702e-02  1.773691110519e-03  2.005733596446e-01 
-2.505740077557e-02  2.949719160804e-02  8.680956838076e-03 
-3.619122830441e-02 -3.071196999168e-01  4.235713023774e-01 
-1.099910862989e+00  1.241327298184e-01 -6.980014173204e-01 
 1.511581600707e+00  2.065750029654e-01  5.250558410656e-03 
 8.640204271241e-03 -1.412778852646e-02 -3.439110996317e-02 
-9.580993359209e-03  4.817165879462e-02  3.474320845907e-01 
 1.104955443282e-01  1.652035601932e-02 -3.824417085495e-02 
-1.991825783096e-01  7.616765571858e-02 -6.300347189963e-02 
 1.864091431658e-02 -5.095564557979e-02  1.318326118112e-01 
 8.274593606803e-03 -9.338324179378e-02  1.524397040946e-03 
-6.681122659681e-02 -3.723409251107e-02  4.603985253104e-01 
-2.578873908008e-03 -7.260188297772e-02  1.074180668649e-01 
-1.262296971653e-01 -4.265540287869e-01  5.030511040696e-01 
 4.356196309265e-02  2.774643442215e-01  2.781094612538e-01 
-3.618908183966e-01 -8.436855106799e-01 -6.370519952588e-01 
-5.773098765312e-02 -1.823993544610e-01 -9.886249599374e-02 
 5.850218648944e-02  1.484611551995e-01 -4.121846821249e-03 
-5.484591205246e-03  2.812367892797e-01 -1.094048999651e+00 
-5.355175926943e-01  3.433867855953e-01  1.548930522610e+00 
 8.151357016873e-01 -4.649145968029e-01 -2.597540469582e-02 
 4.793122353158e-02  1.546455443724e-03 -4.636813400210e-03 
 2.247990405040e-03 -2.059705360308e-01 -1.944927534184e-01 
-5.949240121775e-02  5.813163082208e-03 -9.169962941161e-02 
-3.470250392490e-01  4.393522466573e-01  7.268965209238e-03 
 5.919947205821e-02 -5.787609918282e-02 -7.630932484520e-02 
-1.847238821074e-01  5.871525015002e-02 -2.692733927591e-02 
 7.272048277026e-02 -1.824605831030e-01  1.773924460848e-01 
-4.059984227309e-02 -2.247458395992e-02  1.901045347798e-03 
-3.869713007066e-01 -1.818618091779e+00  4.536902982665e+00 
-7.315690056279e-02  3.523247268274e-02  8.313409938837e-02 
-2.581032113921e-01 -7.230608284692e-02  5.324232065301e-01 
-1.847536851942e-02 -1.088352805339e-01  2.338707070792e-01 
-7.260445540353e-02 -3.814309202096e-02 -8.834112992786e-02 
-4.637848126905e-01 -1.484657010244e-01  7.771756172395e-02 
-3.125622523590e-01 -8.525173583831e-01 -2.491535481860e-01 
 7.810511191841e-01  2.242818555473e+00 -1.720207393971e-02 
 2.938063515965e-02 -4.121256553588e-03  6.541463705355e-02 
-3.378673094680e-03 -2.663130682808e-01 -2.456305103121e-01 
-5.225956622325e-02 -5.192904896755e-02 -6.646199590300e-02 
-2.085070980071e-01 -9.740961565613e-01  5.563447979793e-02 
 9.160446751828e-02  2.734845610066e-01 -3.449209160516e-01 
-8.899162943145e-02  8.072928163556e-02 -5.750533262279e-02 
 6.967557291192e-03  2.244528049679e-01 -8.061485160235e-01 
 6.072163501968e-03  5.670094083656e-02 -1.505829372433e-01 
 5.594064416038e-02  2.565522557909e-01  4.528371767273e-01 
-2.390418745043e-01 -1.116870770207e-01  2.033640354022e-01 
 9.742849704491e-02  7.544952474662e-01  1.741562433557e-01 
-2.339802816012e-01  2.369792931281e-01  1.037629073872e-01 
 3.710130192341e-01 -1.687832013188e-01 -4.115786904500e-02 
-2.302972490007e-01  4.256007420290e-02 -2.881965837672e-01 
 1.249955931091e-01 -2.070229857969e-01  1.740964714240e-01 
-2.929967306540e-01  1.151465931820e+00 -4.005424016205e-02 
-9.989943164667e-02  2.472107917254e-02 -9.526940875894e-02 
 2.627029883929e-02 -1.042906162078e-03  2.314602709380e-01 
 1.829256111632e-01  4.372099441860e-02 -2.779870382280e-01 
-6.632348372243e-01 -5.870670185351e-02 -1.952869735932e-01 
-1.766055848465e-01  1.010992453914e-01  4.847726299325e-02 
 4.352764003593e-02 -1.265703418242e-01 -1.298406459917e-01 
 5.825767163767e-02 -1.872698892844e-01 -1.159962443895e-01 
-1.359393369001e-01  2.333683848713e-02  9.321056622240e-02 
-4.941684998554e-01 -1.967719090413e+00  2.331862558883e+00 
-2.493516598328e-02  1.600915825091e-01  7.981824633324e-02 
 3.925254909951e-01 -7.195336434190e-01 -9.120870312231e-01 
 8.452860166151e-02 -5.981602734964e-03 -2.105185468997e-01 
 2.114053029455e-02 -1.509133998155e-01 -3.649832483485e-01 
-1.686677020631e+00  2.525219580141e+00  1.440983704318e-01 
-1.937943180850e-01  4.215618227381e-01 -1.429592447652e-01 
 2.421894276667e-01 -1.070474044139e+00  1.662568573297e-02 
-8.775151092659e-02  4.604395280446e-02  4.557871436049e-02 
-1.275692827264e-02 -7.437318366930e-01  6.987296159197e-02 
 1.565291944687e-01 -1.136970744795e-01  4.571987693881e-02 
 3.515020344346e-01 -2.347671109935e-01  1.248389708304e-01 
-1.296194599765e-01  6.854282079995e-02 -6.432015212947e-01 
-1.620257048991e-01 -1.573693422444e-01 -8.474447159753e-02 
-1.659380640275e-01 -5.517405295646e-01 -2.115022278111e-02 
-1.981474839552e-02  7.877464277708e-02  2.477502936665e-01 
 2.211973935614e-01  9.838958226300e-01 -5.135609457735e-01 
 1.647733960739e-02  3.455068610248e-02  3.371217341251e-01 
-9.564276371945e-01  6.677529513074e-01 -1.814230776236e-02 
 2.844223306088e-01  1.376806414452e-01 -1.071556420827e-01 
-2.174968077750e-01 -5.729012785869e-02 -2.189094707575e-01 
-1.013546431349e+00  1.196284299303e+00 -3.757527414657e-01 
 2.091235290828e-01 -2.179426060042e-01  7.651119734899e-01 
-3.668355716988e-01  1.733758239391e+00  1.287535295676e-01 
 7.228967695249e-02 -3.374021416033e-02 -9.062187021247e-02 
-2.804592668511e-02 -2.587743563029e-01  1.192097637103e-01 
-1.282308903892e-02  9.310775532367e-02  1.091107175697e-01 
-1.377158423902e+00  9.012041632586e-02 -3.166227803053e-02 
 6.404616905801e-02  8.719567010789e-02  7.627510841994e-01 
 4.576443277083e-03 -6.003404605497e-02 -7.983564217919e-02 
-2.801980731120e-01 -1.605865498634e-01  1.494783102725e-02 
 2.532093307523e-01 -1.510985331455e-02  7.448814509195e-02 
 3.936306900093e-01  1.598851683077e+00 -3.822709208440e+00 
-3.886087779362e-02 -9.086526384436e-02 -1.142852895512e-01 
 6.313985994392e-01 -6.080694301393e-01 -8.554612898942e-01 
-1.555709580198e-01 -2.273385667882e-01 -2.128389646204e-01 
 7.427540107601e-02  1.073299209544e-01 -4.683509341882e-01 
-1.988430166231e+00  4.452147247358e+00  9.255217106724e-02 
 5.726538920417e-02 -1.342408229748e-01  1.177096346979e-01 
-1.536290138613e-01 -8.736647389105e-02 -9.246130627583e-02 
-4.146289266976e-02  5.196912223217e-02  2.531620282012e-02 
-6.698281193555e-02  6.260437648327e-01 -1.981387762083e-01 
-1.410061070328e-01 -8.489352023732e-03  2.642441992604e-02 
-7.463264972745e-01 -4.678900701963e-03  2.351567109291e-01 
-1.863454716562e-01  1.624457742871e-01 -4.667198280428e-02 
-1.699925054018e-02  2.291504502443e-01  3.676833794164e-01 
-5.000861807343e-02  5.863522497187e-01  1.818369455610e-01 
-2.972607808252e-01 -3.640464662601e-03  9.822511119170e-02 
 1.724517180036e-01  6.609102719416e-01 -2.760538527498e+00 
 7.912425260733e-02 -6.797714616015e-02 -3.122807524630e-01 
 5.032604692458e-01 -6.476203868394e-01 -7.005024050901e-01 
 1.787445189593e-01 -1.701196645690e-01 -9.128257914638e-02 
 4.047881083124e-01  2.175706940102e-02 -1.922653838702e-01 
-7.549504572631e-01  2.553986838491e+00  1.174977288581e-01 
-4.240626363114e-02  1.072483359894e-02 -1.760991940997e-01 
-4.489148235943e-02 -1.201610077480e+00 -2.651051969044e-02 
 1.925726803065e-02  6.656282933264e-03  5.106465605939e-02 
 6.802782199174e-02 -6.945263870662e-02  2.169429570668e-01 
-1.103499169425e-01  3.397042213505e-01 -2.036778594060e-01 
 3.868856510673e-01 -9.871078609900e-02  3.133074721876e-01 
-1.023920751627e-01  1.379501383824e-01  3.934867914630e-01 
-4.615092820197e-01  6.057983029883e-02 -2.630079445333e-01 
 3.585503026960e-01  3.488978030428e-01  1.976248883602e-01 
 4.217811138609e-01  8.357115309872e-04  1.669900455892e-02 
-1.463296158850e-01 -6.408237572310e-01  1.948467152569e-02 
 6.983293459043e-02 -3.714969898277e-02 -3.934385244091e-01 
 6.708850356811e-02 -1.358385582161e+00 -1.830737011199e-01 
 1.164821606365e-01 -6.864242081660e-02  1.569791989827e-01 
 1.547357842508e-02 -2.577028056404e-03 -1.386133797371e-02 
-7.775640309038e-03  5.051122490932e-01 -2.103194993287e-03 
-1.959235015399e-02  8.502184074098e-02  3.189344514880e-01 
 2.607997120198e-01 -8.861627008102e-01  3.029810161292e-02 
-9.960135552947e-02  1.143000254501e-02 -1.341920704089e-01 
-2.370426949813e-01 -6.016042049818e-01  1.008588870005e-01 
-3.438779993454e-01  3.380378172474e-01 -4.425906655677e-02 
 5.382272866438e-01 -1.124846691932e-01 -4.849749160627e-01 
-4.092292649508e-02  1.308098220664e-01 -3.016915447685e-01 
-1.900001156031e-01  2.825779976735e-01  2.383823917897e-01 
-4.686302625960e-02  5.764370649293e-01  1.041120974391e-01 
 3.674481330573e-02  2.127789022836e-01  4.192606230821e-01 
-1.085158346336e-02 -2.245538443519e-02  2.331238762022e-01 
 8.510149766616e-03 -1.940202518959e-01 -1.530277714980e-02 
-1.836595832271e-01  6.748849430066e-01 -2.737229117639e-01 
 6.670207811563e-02 -2.946734004306e-01 -3.605984355720e-02 
-7.915493422301e-02 -1.946560711603e-01  2.325709381096e-02 
 1.340781398969e-01  2.568385372461e-02 -2.504478527316e-02 
-9.253213760431e-02 -1.166232206874e-01  2.916834502716e-01 
 3.720843748869e-01  1.571386712209e-01 -4.414470270207e-02 
-1.434344089127e-01 -1.444405122123e-03 -8.672430911783e-02 
-1.201664375903e-01  1.175580100607e-01  1.450269744254e-02 
-9.689951820738e-02 -1.717240389619e-01  4.123681886441e-01 
-1.182181243812e-01  4.590184725428e-02 -2.576826289019e-01 
-5.785154136214e-01  6.877529515794e-02  2.993560970777e-01 
-6.200688283654e-02  1.916190135870e-02 -1.902114714392e-01 
 2.415117271377e-01 -7.907189412456e-01  7.991477031765e-02 
 4.318421745420e-02 -2.000391896385e-01 -1.611633687388e-01 
 5.117311512755e-02  2.200831037079e-01 -1.938400187719e+00 
 1.321072368833e-01 -1.062115400774e-01 -3.883013796188e-01 
 5.330661810017e-01 -8.593855556560e-02  2.177391313937e-02 
 1.603249088427e-01 -9.788621042148e-02  2.463734434201e-01 
 4.900179278970e-01  4.375598402915e-02 -1.117577457110e-01 
-4.462390304883e-01  1.294514282059e+00 -1.935932637562e-01 
 6.678243664337e-02  3.161672960541e-01  1.325287568668e-01 
-2.308007172983e-01 -1.658685878808e+00 -1.195009174540e-01 
 8.287656823265e-02 -6.755576648184e-02 -7.734301300201e-02 
 2.077518259890e-01  2.109734652456e-01  2.339715866010e-01 
 3.183992201960e-04 -6.371156363259e-02  2.770501688146e-01 
 9.256238852819e-01 -2.546715466839e-01 -7.769443064881e-02 
 7.898397440154e-02  2.115647993544e-01  6.245566908274e-01 
-6.277052736724e-01  2.512372115103e-02 -9.288585304028e-02 
-5.396991666808e-01  1.996157372187e-01  1.022710214426e-01 
-2.118768453474e-01 -6.169054635868e-02 -2.401850455044e-01 
 5.270722620603e-02  9.739401397511e-02 -2.042670870754e+00 
 1.432693273844e-01 -1.698306365041e-01 -5.581168353958e-01 
 2.850003009203e-01  4.687320359166e-01 -8.944727184314e-01 
 8.506141888371e-02 -6.256762637728e-02 -3.707182708245e-01 
 2.608234392110e-01 -1.865086168131e-01 -1.615506094575e-01 
-5.411680803181e-01  2.539724422568e+00  1.291958868846e-01 
-1.833890177201e-01 -1.733663456577e-01  2.691413476996e-01 
-6.193301558606e-01 -7.299268837837e-01  3.647509009884e-01 
 4.691655826500e-02  4.797174345016e-03 -8.292658744823e-02 
 1.514773608787e-02  2.014231120255e-01  9.006351973110e-02 
 3.894825471504e-02 -1.490389356089e-01  2.647563246579e-01 
-7.429876052685e-02  8.071192502019e-02 -1.891322618240e-01 
 5.764384310945e-01  2.490785174171e-01  2.828243261506e-01 
-5.890216974590e-02  5.939214486227e-02 -8.949332399593e-03 
 4.335849717204e-01 -4.449709026850e-01  2.146282542384e-01 
-2.453659444336e-01 -6.211960488286e-02  1.020855948809e-01 
-2.945368222250e-02  4.250807621986e-02  3.455394055867e-01 
-1.084178317900e-02 -3.120486277039e-01 -2.069040289705e-02 
-1.477069651269e-01  1.593209609556e+00  4.921846136711e-01 
-1.028998758044e-01 -3.476511426382e-01  3.169637325507e-01 
-1.952699101678e-01 -5.140459144633e-01 -3.751022706153e-02 
-2.374386869540e-01 -5.613738967812e-01 -5.913603862944e-02 
 3.376369859391e-01  3.190912622147e-01 -1.258855567877e-01 
-7.076225491863e-01 -2.708951082026e-01 -1.143746944545e-01 
 5.321938304383e-02 -3.529238648586e-02  2.483102947814e-02 
-3.148667632873e-01  7.781380091280e-01 -3.171572861449e-01 
 2.307278662631e-03 -1.326948209326e-01 -4.231702982981e-01 
 2.784457466606e-01 -8.646483527192e-02  7.231517246657e-02 
 2.818106815591e-01 -1.009278521579e-02  6.036756305210e-01 
-5.606824305844e-02  1.046991940068e-01 -8.901229130763e-02 
-1.125530234582e-01 -1.244268744436e+00  3.559856351097e-01 
 6.164595147258e-02 -1.898117264009e-01  1.781073966394e-01 
-6.143777224117e-02 -1.857389353160e-01  2.030748038473e+00 
-4.745697206157e-02  3.492320099565e-02  3.341475651184e-01 
-8.421280867778e-02  2.559485629615e-01  2.135781352707e-01 
 8.398045908455e-03  2.462938233472e-01  4.249874843527e-01 
 6.000699600351e-02 -5.143501902001e-01  2.171889287440e-01 
 8.644492485702e-01 -2.230268908885e+00 -3.033542941627e-01 
-7.953352967932e-02 -8.558657315906e-02 -3.322430775501e-01 
 2.059568456694e-01  1.110159969898e+00 -9.371566502039e-02 
-1.302676923591e-01 -7.502780400035e-03 -9.323608043439e-02 
 8.928025774622e-02 -3.636879785495e-01  2.625921726554e-01 
-1.654448530129e-01  1.016414772057e-01  4.566558707612e-01 
-1.554491593554e-01 -3.109779810582e-02  6.057011502935e-01 
 7.953368492593e-02 -1.922840347272e-01 -1.308114596460e-01 
-6.898423492308e-02  3.281274638642e-01  1.302186781549e-01 
 1.245739561381e-01 -3.977920422267e-01  3.460489744445e-02 
-1.108178421583e-01  6.112145460598e-02  3.161564212622e-01 
-3.889091933689e-02 -1.144857136620e-01  6.714606528486e-01 
 2.690111596399e-02  6.986970599979e-02  1.665139161746e-01 
-6.287904915045e-01 -1.803020850657e-01  2.687490169931e-01 
 4.059379756619e-01  6.911989990198e-02  1.248534012884e-01 
 2.332602429777e-02  5.767061304847e-02  7.068577574185e-02 
 2.542900019192e-01 -8.940213050937e-01 -1.127947539544e-01 
 7.838064054313e-02  1.271328588839e-01  1.371868303764e-01 
 2.199786626124e-01  6.472926263472e-02  1.742741161902e-01 
 4.031808047702e-02 -3.980643419859e-02 -2.829130455192e-02 
-6.822099756564e-02 -5.875594886535e-01  3.278594445814e-01 
 6.778044794978e-01 -2.750489393305e-01 -2.183699321812e-01 
 1.326712166323e-01 -6.087164269743e-02  1.993976083449e-02 
-2.433820610692e-01  1.182231900450e-02  4.201880558463e-01 
-3.171490591049e-01  5.762081320795e-01  3.360439676615e-01 
 1.167804041965e-01  1.330377405028e-01 -8.051279901477e-02 
 1.284494709956e-02 -4.231934454458e-04 -1.276383635748e-01 
-4.362081553019e-03 -2.385407832052e-02  4.242091123828e-01 
 2.825130696320e-01  1.184963262675e-01  2.729895730112e-01 
 5.389121842841e-01 -1.867797447380e-01  2.772581018118e-01 
 3.928893781185e-01  3.149745356335e-02  4.566457926020e-02 
-2.041090774743e-01 -1.912467588320e-02  1.138799116355e-01 
 4.487283279461e-01 -9.519896892446e-01  3.313549472924e-02 
 3.553511406816e-02  4.352762835891e-02 -4.837775173598e-01 
 2.112472589194e-01  5.840108033852e-02  3.378226267581e-01 
 2.823145071428e-02 -1.373727778505e-02 -2.723158396414e-02 
-3.278030717232e-01 -3.668119049329e-03  3.346138522651e-01 
-6.535463584376e-02  4.570275131065e-01 -1.710492250750e-01 
 2.433664083728e-01 -1.289560748254e-01  2.933250722301e-01 
-1.927324778433e-01 -4.144434769059e-02 -8.412385462920e-02 
-3.397537271724e-01 -1.147609911049e-01 -2.943155953171e-01 
-4.657995093486e-02  1.187501420132e-01 -5.738345002422e-03 
-8.152176469660e-01 -9.930940112571e-02 -2.029310990116e-01 
-2.436330496829e-02  1.040252231512e-01  3.800047720965e-02 
-3.546499928102e-01 -2.059221120426e-01  1.209988082041e-01 
 1.000405085009e-01 -4.377681164720e-01  2.301464526625e-02 
 1.361930138594e-02  1.949496297750e-01  4.888915996750e-01 
-1.750901141084e-01 -2.152806238335e-01 -2.515395135508e-01 
-1.146724482203e+00  8.454175867339e-01 -1.859839638852e-01 
 8.335712262820e-02  5.350707638956e-01  9.341426508311e-02 
 2.340044162775e-01 -8.002130179750e-01  5.942128185074e-01 
 5.065507048634e-03  2.533802003230e-02 -4.095696477183e-02 
 3.878912961048e-01 -1.999819855108e-01 -3.194329267572e-01 
-4.852994482767e-01 -2.306804107376e-01 -2.111074858357e-01 
 3.460668161527e-01 -5.850628035682e-02 -1.116358671384e-02 
-2.369888639051e-01 -9.190317505478e-02 -8.797335210388e-02 
 9.575350662847e-02 -1.180835269683e-02  1.606517508096e-01 
 1.213680084050e-01  2.129187826935e-01  1.497802219361e-02 
 9.395206263949e-02 -2.647606877810e-02 -1.972504841599e-01 
 1.370486892914e-01  8.053474378474e-01  4.510782590894e-02 
 2.165349693466e-01 -2.857486941420e-01 -3.491253840661e-01 
 2.786258192178e-02  1.352022164837e-01 -2.624916414652e-01 
 1.152753486017e-01  3.719626118352e-03  2.077329104622e-01 
-2.236667540869e-01  4.157135408620e-01 -1.308381419532e-01 
-5.749140766728e-01  6.488414756784e-01 -7.418035810850e-03 
 2.483481494073e-01 -1.162826413259e-01  6.226910742282e-02 
-2.483161735586e-01  2.572166484110e-01 -8.326629584808e-02 
 1.106890265101e-01  3.470350507397e-02  8.630991372655e-02 
 1.002750767574e-01 -1.110250954750e-01 -7.877103589791e-02 
-4.958566527590e-02 -4.405876576542e-01  3.386360227824e-02 
-2.154459622316e-01  1.401846000304e-01 -8.822094872808e-02 
-7.098098838790e-02 -1.902036030018e-01 -2.290890968700e-01 
-2.342066595721e-01  2.500860202414e-01 -7.240024141515e-01 
 1.852218635783e-01  1.606024326912e-01 -3.477471604048e-01 
-2.921365833520e-01  4.560036265987e-01  4.675478933168e-01 
 7.911420628314e-02  3.132576510886e-01  5.381369437740e-01 
-5.099107329869e-01  2.653379994783e-01  4.375859311525e-02 
-7.946444230471e-02  2.323349658015e-01  1.950951730644e-01 
 8.110512687749e-02 -1.454080736319e-01  1.674959264806e-01 
 3.999226767623e-01  2.952187780039e-01  3.114413858536e-01 
 1.335694040660e+00 -1.609816148804e+00  3.530810160414e-02 
 1.064618073735e-01  2.510867393844e-01 -3.128502660565e-01 
 1.613755769507e-02  5.107603118535e-01  2.500893854859e-01 
 1.665363096320e-01 -1.528293610641e-01 -2.032789296096e-01 
-3.700041384143e-01 -1.237109330031e-01 -1.927650103188e-01 
-9.716930926868e-02 -4.704506113871e-01  7.018597053344e-02 
-2.388992308311e-01 -1.071346541099e-01  4.337326242473e-01 
-2.035555435706e-01  4.388867543270e-01  3.851689791068e-01 
 1.534158543908e-01 -4.875276415459e-01  2.013043381698e-01 
-5.725399474826e-03 -6.726557793457e-02 -1.915734887737e-01 
 1.819850992918e-01  2.806124940936e-01  2.911910724336e-01 
 5.302475641801e-02  3.593774999670e-01 -5.420949396674e-01 
 1.648548778898e-01 -1.838954862023e-01 -7.811531628265e-02 
 2.273970233699e-01 -1.427285044558e-01 -2.029298968321e-01 
-3.170329210909e-01  4.385012713063e-01  1.132323798136e-01 
 3.800825828149e-01  1.146764039499e-01 -2.677117011325e-01 
-1.174838104548e+00  1.284567106969e+00 -1.415671163641e-01 
-1.496848928979e-01 -1.067935183566e-01 -7.130892122720e-02 
-1.622448092857e-02 -6.036814401600e-01  1.447901732464e-01 
-3.014869332099e-01  1.623642242337e-01  3.452865022073e-02 
-6.022278539334e-01 -5.290883023487e-02  1.490048743047e-02 
-1.033505182222e-01 -1.994473237183e-01  2.207367494408e-01 
 3.765502245545e-01  7.042242379701e-02  7.513135747097e-02 
 2.865383377056e-01 -4.322669096164e-01 -3.879513537968e-01 
 1.063290902952e-02  2.163825050797e-01 -2.312814273538e-01 
-1.217570955958e-01  3.505177402949e-01 -3.184827182927e-01 
 3.201978871175e-01  7.203900830642e-02 -4.297394583145e-01 
-9.018044990022e-02 -2.781332648597e-01  1.886228097725e+00 
 1.523369709675e-01 -9.841003390374e-01 -4.987258910292e-02 
-1.270844341982e-01 -4.923563037262e-01  3.648779612851e-01 
-1.433060646136e-01 -1.819535628002e-01 -5.429661199326e-01 
 3.789811680522e-01  8.000085343821e-02  4.260520703623e-01 
 1.781152829289e+00 -2.470134326587e+00  2.116611098694e-01 
-1.808811538603e-01 -8.005600181290e-01 -4.080384436375e-01 
 5.526493800130e-01  1.205600348637e+00  3.171778820100e-01 
-6.468718130049e-02  9.516716458000e-02  3.367241231266e-02 
 1.375508966136e-01 -8.087766920792e-01 -2.339165310460e-03 
-2.346225868073e-01 -2.634496211588e-01 -2.682827187448e-01 
-8.285338990321e-02 -2.562027266553e-02  8.288663396352e-02 
-1.330667196080e-01 -1.697754929323e-01 -9.401604167956e-01 
-3.083866574173e-03  4.161802311303e-01 -2.714916652765e-01 
-6.245073027197e-01  3.605608784671e-01  3.245101032050e-01 
 1.227448602320e-01 -3.926170468327e-01  3.437577056815e-01 
 1.492579221350e-02  4.094638050021e-01  1.396269078121e+00 
-2.877058780496e-01 -5.191206071454e-01  1.039104299003e-02 
-1.690725930407e-01 -3.967594742196e-01  1.148191175545e-01 
 2.557457448819e-01  7.090654354837e-01 -4.895328740243e-01 
-3.171116541842e-01 -1.015063251522e-01  1.781698464933e-01 
 7.799824760139e-01 -7.624321682876e-01  1.136379524636e-01 
-2.025756297468e-01  7.430171752894e-01  1.632333798160e-02 
 2.489385428066e-01  2.918079847614e-01 -3.167936463178e-01 
-3.143227230737e-01 -7.907714757462e-02 -1.317578181121e-01 
 7.257694495759e-03 -1.286292736730e+00  1.873416982356e-01 
-4.939246443780e-01 -4.535282746366e-01 -3.868714893046e-01 
-7.437660675870e-01  3.748461874808e-02  1.506166942834e-01 
 2.157755570350e-01  7.040834254758e-01 -7.823899085159e-01 
 1.782477760981e-01  3.694377194251e-01 -2.467517875950e-01 
 2.096647028289e-02  1.621642413018e-01 -2.188833450698e-04 
-1.181717596392e-01 -9.100033307678e-02 -3.663508792250e-01 
 1.456919912990e-01  6.775394261033e-01  3.676954272404e-01 
 5.789315024078e-01  3.804370551600e-01  5.152637690384e-01 
-2.900027513830e-02  2.196193631303e-01  1.768825971610e-01 
-1.170529122817e+00 -2.091321249057e-01  2.550343712562e-01 
-4.775947283381e-01  7.444814548584e-02  1.232304925528e-01 
 5.446144767414e-01 -7.578824363041e-01  9.536714644905e-02 
 2.845668836573e-02  8.528098612997e-01 -1.375973169781e-01 
 1.263044794804e-01  5.150447480056e-01  2.842253842223e-01 
-2.014442835337e-01 -2.800739973321e-02  2.040597873016e-01 
 7.971308106390e-02  1.310579979054e+00 -2.864277658210e-01 
 5.062544750719e-01  6.309428515300e-01  3.650487642220e-01 
-9.824517556558e-01  9.851413579424e-02  3.056947510930e-02 
 2.090090946308e-03  6.963059848944e-01 -9.453349363884e-01 
 2.661241231194e-01  4.637565092756e-01 -5.164437930168e-01 
-2.425890903009e-01 -3.082176909477e-01 -2.906159831605e-02 
 3.022172979014e-01  2.358356933314e-01  4.685939252814e-02 
 2.134110944689e-01  1.063322722616e+00  1.453910282030e-01 
-5.268128733056e-03  1.306745795688e+00 -9.294397061084e-01 
-1.221030485970e-02 -1.094239786386e-01  2.221504749122e-01 
 4.633976856326e-02 -9.365953537984e-01 -6.575149065169e-01 
 2.047907592750e-02 -7.664509137071e-01  8.789294179119e-02 
 3.652825918170e-01 -1.733369163257e-01  1.348708867487e-01 
-1.316892358291e-01 -4.841432003460e-01 -2.613127638071e-02 
 1.057524714167e-01 -6.337361761913e-02  1.749326505482e-02 
-1.658080146082e-01  1.391570665738e-01 -4.136493829360e-01 
 1.534763486415e-01 -2.891786181845e-02  2.964386282556e-02 
-1.456572860987e-02  5.695738924650e-02 -2.537189006132e-01 
 2.463277166457e-01  1.713316419687e-02  1.305185998657e-01 
 6.697015250956e-02 -1.828874919066e-01  2.788127818147e-02 
 9.578764536830e-03  3.713083037602e-02  7.352591671141e-02 
-2.052795177249e-01 -2.755746922657e+00  7.789161306344e-01 
-3.396797685473e-02  1.390076780197e+00 -4.917410619769e-01 
 1.198651190335e-01  7.315143309640e-01  7.956101034042e-01 
 8.154779658620e-02  6.169709968753e-01 -1.714040506513e-01 
-6.962578715480e-03 -1.548954176474e-01  3.002337755364e-03 
-3.625515527796e-02  4.787400273529e-01 -3.420885998716e-01 
 4.069058167856e-01 -8.776372917897e-01  1.040617342603e-01 
 4.285757350934e-01 -5.161591286191e-01 -8.299362478708e-03 
-2.256280268811e-01  6.652637576606e-02 -1.185976329404e-01 
 1.502280941267e-01  3.240536935275e-01 -2.367115695332e-02 
 7.120255635949e-01 -5.472999689456e-02  7.795056733586e-01 
-1.813766094375e-01 -6.491231118722e-01  2.390165051698e-01 
-4.002025809013e-01 -1.292466548226e-01  4.679313042050e-02 
-3.501514300428e-01  9.050354418088e-02 -3.015030661033e-01 
-3.534995462077e-01  1.948363158352e-01 -4.048036205344e-01 
 1.195501631344e-01  2.702298336755e-01  6.121204042313e-02 
-7.651011135647e-02 -1.233728510304e+00  3.491351304566e-01 
-3.789667408845e-03  4.681837349144e-01 -3.843102879673e-01 
-3.322142882786e-01 -1.359906402270e+00  3.562577908825e-01 
 4.862973819470e-01 -3.507890230863e-01 -9.359806100151e-01 
 1.572634825961e-01 -2.381096154333e-01 -7.346644194708e-02 
-7.101552153436e-01  3.715521322112e-01 -6.126346928876e-01 
-1.690768741940e-01 -3.924735983904e-02 -1.815899072730e-01 
-6.479016913359e-01  1.659351620779e+00  1.295158203069e-01 
-2.118439425432e-01 -5.174146073514e-02  1.353279754142e-01 
-5.858865175183e-02 -1.055925272694e+00 -1.415427587398e-01 
 8.556095382279e-01  1.812170685573e-01 -8.325714030386e-01 
-6.649239075350e-02  1.653945359332e-01 -9.210099218527e-02 
 3.152976702484e-02  1.598022290877e-01  7.520707465635e-02 
 4.291706621800e-01 -2.413383549387e-02  2.742111038087e-01 
-3.232796574864e-01 -9.633677805286e-02 -1.073468726199e+00 
 2.486169043930e-01  4.300838764212e-01 -3.598347006690e-01 
-7.185347614754e-02  9.885512385381e-02 -6.673379252276e-04 
 2.161687068088e-01 -1.837331830158e-01 -2.079084339948e-01 
-1.366144681165e-01 -8.117377168860e-01 -7.853647068183e-01 
 2.753820028631e-01 -2.739178291528e-01 -8.462870088664e-01 
-1.585224836129e-01  1.970715269953e-01 -7.956987852269e-02 
 5.438834601610e-01 -4.385798568258e-01 -4.278702578868e-02 
 5.225186859483e-01 -1.379293946966e-02 -6.082383334508e-03 
 3.174999641990e-01  2.572575922316e+00  1.870130233369e-01 
-2.693914036787e-02  5.653076170422e-01  1.897693812858e-01 
-1.889981669985e-01  6.487102919723e-03 -1.740621577038e-02 
 6.329454892494e-02  1.696148152373e+00  1.416184311749e-01 
 1.166960172277e-02 -6.028137312673e-02  4.357410346254e-02 
-2.822620798010e-02 -9.857745408668e-02 -7.880407192985e-03 
-3.086158643984e+00  1.201029576684e+00  2.375771940126e-01 
-2.506254619354e-02  1.254898050416e+00  8.036631293527e-01 
-2.549235926697e-01 -2.643557513142e-01  2.553213680767e-01 
 3.341820266597e-02  5.246150459940e-02 -2.916076826671e-02 
-1.081275423196e-01  3.156852814618e-02  8.860779157008e-02 
orbocc
(*)
 0.000000000000e+00  0.000000000000e+00  0.000000000000e+00 
 0.000000000000e+00  0.000000000000e+00  0.000000000000e+00 
 0.000000000000e+00  0.000000000000e+00  0.000000000000e+00 
 0.000000000000e+00  0.000000000000e+00  0.000000000000e+00 
 0.000000000000e+00  0.000000000000e+00  0.000000000000e+00 
 0.000000000000e+00  0.000000000000e+00  0.000000000000e+00 
 0.000000000000e+00  0.000000000000e+00  0.000000000000e+00 
 0.000000000000e+00  0.000000000000e+00  0.000000000000e+00 
 0.000000000000e+00  0.000000000000e+00  0.000000000000e+00 
 0.000000000000e+00  0.000000000000e+00  0.000000000000e+00 
 0.000000000000e+00  0.000000000000e+00  0.000000000000e+00 
 0.000000000000e+00  0.000000000000e+00  0.000000000000e+00 
 0.000000000000e+00  0.000000000000e+00  0.000000000000e+00 
 0.000000000000e+00  0.000000000000e+00  0.000000000000e+00 
 0.000000000000e+00  0.000000000000e+00  0.000000000000e+00 
 0.000000000000e+00  0.000000000000e+00  0.000000000000e+00 