2mocoef
header
1
MO-coefficients from MOLCAS
1
48   48
a
mocoef
(*)
-5.083612442768e-05 -5.780386128439e-04  3.343677931165e-03 
 1.694111615004e-04  1.260972146422e-04 -4.762002380906e-04 
-8.155691108124e-04  4.754499552910e-04  1.804904142865e-03 
 2.438817379327e-04 -3.950780009241e-04 -4.223195323912e-04 
 4.158621334569e-04 -1.400198021469e-04  1.001015823782e+00 
 5.345746911983e-03 -6.424508793508e-03  1.380362754659e-03 
-7.023825328340e-04 -8.214749333020e-04 -1.269293216389e-03 
 9.062611185571e-04  2.390458979873e-03  3.238630150965e-05 
 1.468884716207e-04  7.911856997332e-04 -3.055809655494e-05 
-3.270204291008e-05 -5.978144606014e-04  2.631518657752e-04 
-5.576662950039e-05 -4.288605221086e-05 -2.235071377517e-05 
-1.209835404277e-03  8.069956470745e-04  2.880052603535e-04 
-5.904369531942e-05  7.177462279919e-04 -3.017898213773e-05 
 2.537397385708e-04 -1.006472588009e-04  1.478505960727e-04 
-2.456758788919e-04 -2.745518738009e-04  2.345991814291e-04 
-3.502395506608e-05  4.910143247316e-05  1.289922757391e-04 
 1.001434167496e+00  8.658433706096e-03 -6.265821004353e-03 
-5.434763086161e-04 -2.963437200526e-05  1.504447366812e-03 
-2.828952732266e-04  7.302017537505e-04  4.729824082903e-04 
-2.641025240534e-04  6.171849408609e-04  1.517164753847e-04 
-7.293846411106e-04 -4.504844592255e-04 -2.266221361302e-04 
 4.218058776901e-04 -1.916842666775e-03 -1.200107601658e-04 
 3.698315148178e-05  7.683823265339e-05 -3.023568172420e-04 
 1.732026574611e-04  1.946820836021e-03 -1.535569739510e-05 
-4.384546577209e-05 -4.356033852086e-04  1.517168769644e-04 
 1.263440871778e-05 -2.067943434011e-04  8.515708327357e-04 
-3.748570140625e-04 -2.497777975819e-04 -1.816310565465e-04 
-5.362661879048e-04 -1.101037421783e-04  8.313321255573e-05 
-4.572527460608e-05 -1.203543052333e-04 -6.683709566411e-04 
 1.671748089539e-03  4.939042779823e-04 -2.858037466533e-04 
-1.129278358110e-04 -2.258496647397e-05  1.143270160545e-03 
 3.112531589367e-05  6.970924276716e-05 -2.693739423835e-04 
-1.323152794410e-02  5.525755077845e-01 -2.442337074571e-01 
-8.793189546173e-02  4.657579901601e-02  2.176462402761e-01 
 4.464809974911e-02 -3.632500181287e-02 -1.080017212355e-01 
-8.633328805393e-04  9.058766473015e-03  2.499123524539e-02 
-1.220348140736e-02  7.781827365733e-04 -1.234758308471e-02 
 7.077787179549e-01 -7.888539186493e-02  8.568429510449e-02 
-7.553230173708e-02 -1.549844529584e-01 -1.259718208095e-02 
 7.846279347051e-03  9.364301419222e-03 -2.890248304586e-03 
 9.095719462895e-03  1.692550054839e-02 -9.415356237124e-03 
-1.419443583564e-04  1.322155487898e-01 -6.288145225889e-02 
 8.563885533148e-03  1.116873529057e-02  5.633137290350e-03 
 1.629059121595e-01 -7.642190387966e-02 -9.884281741710e-04 
-1.881616357253e-03 -1.748916211507e-02  1.000356099266e-01 
-5.966929832084e-02 -8.939075655514e-03  6.923572329204e-03 
 8.999605025106e-03  1.534336555496e-01 -7.694081366964e-02 
-1.686219661211e-03 -1.401498524230e-02  6.771122410683e-03 
 4.947032876863e-03 -5.817458692698e-01  1.101126945578e-01 
-6.726821796463e-02  3.938639664955e-02  1.848073061058e-01 
 2.027008456230e-02 -8.390908659297e-03 -4.939192006242e-02 
 2.027197053464e-03  1.187211858080e-03  1.501668248694e-02 
-1.361147064874e-04  3.819141366788e-03 -4.663236396827e-03 
 4.673030567855e-01 -1.085920304381e-02  1.953551971916e-02 
 1.832668776569e-02  2.885760998491e-01  4.159525868009e-03 
-8.587922365588e-03 -7.516164618275e-02  7.277332911126e-04 
-3.253769030120e-03 -4.026060273940e-04  6.049719789097e-03 
 6.405725261607e-04 -2.177302405261e-01  1.067340357385e-01 
-1.442880498559e-02 -1.227430911265e-02 -2.545789594828e-03 
 3.828094002597e-01 -1.702107546195e-01 -3.666054007748e-03 
-2.234056056260e-03 -3.505670479766e-02 -3.366764481270e-01 
 1.529957811532e-01  1.861045988203e-02 -1.494412377264e-02 
-6.489202478975e-03 -2.738978641490e-01  1.329901169168e-01 
-3.834069466812e-04  2.088733342630e-02 -6.073583422554e-03 
-7.803853852203e-03  6.167308153985e-02  4.215482225702e-02 
 2.936384674468e-01 -1.908735868743e-01 -4.564296967718e-01 
-7.262170007119e-02  6.005189568823e-02  1.394404343338e-01 
 5.001358380605e-04 -7.577776172956e-03 -2.123116689513e-02 
 1.737367835906e-02 -5.631012973436e-03 -2.362581687415e-03 
 1.329478545754e-02  3.389772032872e-02 -8.714581382663e-03 
 9.907102768303e-02  5.754486981647e-01  5.414675622649e-03 
-1.780926221626e-02 -1.151993101897e-01  1.318497973916e-03 
-6.573821691269e-03 -5.790522128984e-03  9.616288901673e-03 
 8.655085328186e-04  1.127367528787e-01 -4.290084094999e-02 
 1.106790962498e-02  1.722302501318e-03 -4.851869608267e-03 
 4.559089589535e-01 -1.827144649063e-01 -5.219251183240e-03 
-8.940188745867e-04 -3.403230239420e-02  4.126732129236e-01 
-1.721721062286e-01 -1.900422904387e-02  1.589851182222e-02 
 3.935133638179e-03  9.896267045264e-02 -2.847647872985e-02 
 4.551090903118e-03 -8.689100611882e-03 -5.700583047168e-03 
 3.294644367240e-03 -3.034502977836e-02  8.008142864305e-03 
-1.220088151437e-01 -6.322702001849e-01  1.869026625446e-01 
 1.686905323596e-02  1.455874700641e-01 -2.981775373047e-02 
 6.143402835931e-03  1.486159045483e-03  7.997262026870e-03 
-6.391029765114e-03  1.412416524888e-02  1.149058705842e-03 
 3.277916060474e-03 -8.399154234082e-03 -4.742033931551e-02 
-2.733527184908e-01 -3.410250090629e-02  5.473763914469e-03 
 3.693923585503e-02  6.071275861182e-03 -6.399761357300e-03 
 1.680599676135e-02 -5.516085002886e-03  2.829505147806e-03 
-5.585477816219e-03  3.436393341931e-01 -1.412103535718e-01 
 1.682204346681e-02  7.346443574128e-03  7.344906008493e-03 
-5.462851148946e-02  1.625441949387e-02 -4.109090987370e-04 
-4.487316685369e-03  3.041651412660e-03  1.950861681611e-01 
-7.711621763320e-02 -1.543898297478e-02 -6.588654582589e-03 
 7.247957258691e-03 -5.810892035589e-01  2.462260997397e-01 
 1.016404956421e-03  2.598941771813e-02 -1.231354732186e-02 
 3.649633623029e-03  6.119530918381e-02 -5.602585227616e-02 
 5.036087951292e-01 -1.596217976566e-02  3.392393173318e-01 
-6.306776911660e-02  3.092157778483e-03 -7.130672788236e-02 
-8.680013890363e-03 -2.011862132018e-04  3.026816778724e-02 
 8.748706756409e-03 -3.044902388811e-03 -2.905228572413e-03 
-7.921405931187e-02 -1.347054268617e-02  5.299319675550e-01 
-1.739152926896e-01 -6.330635118294e-02 -3.603572085045e-02 
 1.320009898463e-03  1.336092867802e-02 -1.019444266288e-02 
 3.055167707832e-03 -8.730739530879e-03 -1.962151727800e-02 
 8.446475776314e-03 -4.002411747429e-01  1.328351325848e-01 
-5.964384391640e-03 -1.999475678169e-02 -1.543168306550e-03 
-3.928713867822e-02  9.840066434746e-03  1.047955414639e-02 
-3.370660378709e-03 -5.757318264759e-04  2.568363455914e-01 
-9.218161481964e-02 -1.353707607817e-03  1.422451810279e-02 
 1.370235811554e-02 -1.049520872803e-01  3.670036939852e-02 
 9.449223092862e-03  4.551211183945e-03  2.016987046252e-03 
 1.253958449823e-03  7.763314703847e-02  6.407964953663e-03 
-4.680392471717e-02  1.978644119592e-01 -7.912439575782e-02 
 1.643755966738e-02  6.316593178068e-03 -1.325787711220e-05 
 1.639012914473e-02 -5.484483607963e-02  1.158354047883e-02 
-5.297782947639e-03  8.415605317030e-03 -2.240752531379e-03 
-1.241858102259e-01 -2.828338647877e-02 -1.467129265271e-01 
-8.598336767596e-01  1.954294201165e-01 -8.525722743871e-03 
-7.545281684937e-02  6.412735745790e-03 -5.933991213482e-03 
 1.999393198935e-03  3.120958707437e-03  2.984927626696e-03 
-6.287497112838e-03 -1.498393128392e-01  3.148830523035e-02 
-7.146828924490e-03  3.037801777825e-04  3.145272304781e-04 
 1.034242801451e-01 -2.678645956642e-02 -4.941007385743e-03 
-2.226709055812e-02 -1.940327366368e-03 -1.790276407180e-01 
 4.571605024012e-02  3.123507927878e-03  4.498356636637e-03 
-3.214682021254e-03  3.388153108331e-01 -1.062120000887e-01 
-1.948590566444e-03 -1.232501308440e-02  1.412891808250e-03 
-2.645461686332e-03 -7.426500417754e-02  1.062762394097e-02 
 3.702964519973e-01 -3.618778665437e-02  4.005341591041e-02 
-4.150601532194e-03  1.638270755150e-02  2.401814460300e-02 
-3.693932730851e-02  5.302310883691e-04 -6.457839386061e-03 
-4.224707104626e-02  1.527433460402e-02  4.255438633488e-03 
 2.429491612083e-01  6.652196393716e-02 -7.073426751189e-01 
-1.397924996100e-02 -1.557285252030e-01 -7.470632537424e-02 
-3.734024481085e-03  6.813930409286e-04  1.713946402500e-04 
-2.774626609978e-03 -7.229787419848e-03 -1.333454036726e-03 
-3.266434379760e-03 -4.769066939512e-01  9.521757692824e-02 
-3.209054710724e-03 -1.737223361369e-02 -3.895593123966e-03 
-2.004941156135e-01  5.170118523824e-02 -1.561733428224e-02 
-2.986834736340e-04  8.918811520953e-03  3.867211964874e-01 
-7.205827211272e-02  2.229444076497e-03  9.179310071669e-03 
 8.423804075457e-03 -8.820883518452e-02  2.935891245814e-02 
 7.556884750223e-03  1.446088342068e-03 -8.151164967323e-04 
-2.932188668077e-02  3.086058654330e-01  1.248508830724e+00 
-2.112005988388e-01 -1.508863260772e-01 -2.181313342676e-01 
-1.800856152036e-01 -2.657270929231e-01 -4.821517971872e-01 
-1.579443712364e-02  7.991369424687e-03 -3.825441599713e-03 
-8.046669035806e-03  4.857578163715e-03 -2.809746051172e-03 
 1.235853483381e-02  1.544343429339e-01  5.848679567571e-02 
 2.623616430711e-02 -2.294429199798e-02  8.404359181424e-02 
 5.542428447361e-02 -2.515726412555e-02 -4.456363646526e-03 
 9.833453134237e-03  2.050471645751e-02  3.194659810382e-03 
 5.986142472661e-04 -2.366844713129e-01 -1.153624982250e+00 
-7.577748002823e-04  7.459483840474e-03 -5.060744130561e-03 
 1.582950988551e-01 -3.050216971847e-02  2.001793487870e-03 
 2.470551067863e-03  7.925326770289e-03  6.195751734765e-02 
-5.532428056763e-01  2.701296640860e-04 -7.758055473606e-05 
-4.999507924580e-03 -1.510727673298e-01 -5.739153930336e-01 
-8.515951948445e-03  3.300706195735e-03 -4.960346755757e-03 
 9.766604169201e-03  1.052352891495e-01 -2.615391861263e-01 
-1.458725981913e-01  8.946731248996e-03  1.781086987689e-01 
-8.409167214184e-02 -6.319145701830e-02  1.386512489354e-01 
-1.280880666958e-02 -1.001267755448e-03 -1.493965781699e-02 
-6.407794055281e-03  5.774904117631e-03  3.318938630126e-02 
-2.584424160473e-01 -9.342820909857e-01 -9.470955896952e-02 
 3.277290159548e-02 -2.592419549655e-01 -6.329029518196e-02 
 1.496091404005e-02 -3.600781544438e-01 -6.138207535545e-04 
 3.920470940189e-03  5.789044220576e-03 -2.907545284135e-03 
-2.620053032690e-03 -6.551242819488e-02 -2.220869019377e-01 
-3.037830520980e-04  2.069988666700e-03  6.960247124473e-03 
 3.179628348578e-01  1.277170603524e+00 -3.780092655903e-03 
 1.499691434045e-03 -1.056053783915e-02  5.038282147206e-02 
 3.448914702336e-01  3.086138889074e-03 -3.250741824414e-03 
 1.017072392833e-02  1.408086580880e-02  1.127420699527e-01 
-4.260977952001e-03 -2.838676173702e-04  2.089926747876e-03 
 3.033158039830e-02 -1.145064758879e-01 -1.062518568551e+00 
-4.216658712965e-01  1.853570844227e-01 -8.170135315684e-02 
-5.557273639392e-01  3.766622481238e-01 -3.116247179482e-01 
-2.514193388915e-02  3.832137891900e-03  1.748091352186e-02 
-6.917020631060e-03  1.169014223071e-02 -1.000338046158e-02 
 1.030310235956e-01  3.804973061081e-01  1.738105934105e-01 
-9.296853380099e-02 -8.069940962107e-02  2.531579955413e-01 
-1.454123908455e-01 -5.098758396234e-02 -2.743426512674e-03 
-2.022474592902e-03  2.038818042897e-02  1.133904194478e-02 
 8.136447094506e-04 -2.179303740734e-01 -3.236956484012e-01 
 5.681434760965e-03  5.670871251873e-03 -1.076882775234e-02 
 3.798977545218e-02 -1.483673463608e-01  9.210430136107e-03 
-3.007024786505e-03  1.102465283756e-02  2.206410836915e-01 
 1.743396210569e+00 -7.536021192288e-03  4.309792213237e-04 
-8.409179130256e-03 -9.300100902280e-02 -2.736970468739e-01 
-1.074766961543e-02 -3.470133027995e-03 -5.229300954810e-03 
-5.493727115363e-03  1.106494612831e-01  5.472759263242e-01 
 1.922698622601e-01  4.362668941564e-01 -6.658181265123e-02 
 3.509669582064e-01  1.040494103644e+00 -2.586432481494e-01 
-1.387397998208e-03  1.204545637161e-02 -1.446579251865e-03 
-6.290978228782e-04 -9.241479513378e-04  2.322624571030e-03 
 2.855932231282e-03 -2.814104243112e-02 -4.191400055645e-02 
-2.067960342643e-03 -6.574174340894e-02 -8.204531314149e-02 
-1.578580859489e-01 -5.223026291769e-02  4.435370305331e-03 
-2.689657760248e-03  1.008364576329e-02 -7.787851433782e-03 
 1.026814634703e-02  8.711076263025e-02  1.091559892765e+00 
-3.856422203513e-03  3.764681354504e-03 -1.062533045059e-03 
 8.520925921478e-02  1.780619211280e-01 -4.077805665397e-03 
-2.347300632510e-04  3.195066687438e-03 -1.125074372338e-02 
 6.775564039874e-02  3.547611840375e-03  1.945384862889e-03 
-2.805554905760e-03 -1.281154421962e-01 -2.077066101786e+00 
 7.953536177941e-03  5.954451748106e-03 -3.824448883868e-03 
 5.734369560836e-02  4.849321548309e-02 -2.070971969665e+00 
 1.975566628706e-01 -1.216346561731e-01 -3.354310901906e-03 
 9.673892887263e-01 -6.990150408149e-01 -1.967276530340e+00 
 2.988943272446e-03 -4.575551248553e-03  5.614178123328e-03 
 1.700039627975e-02  2.578001368046e-02 -6.043971110548e-02 
 2.106843778119e-02  1.916861547428e+00  6.412193763764e-02 
-8.835048844871e-02 -2.914405949883e-01  2.265588370606e-01 
-2.513109776544e-01 -1.092071016743e+00 -3.870502221577e-03 
 1.778723578431e-02  1.834211759274e-02 -2.366615983976e-02 
 2.746839370249e-03 -1.434364770281e-01  7.322915827430e-01 
-9.062317715022e-04  1.160201013759e-02 -2.227992000508e-03 
-5.714388988106e-02  8.255934143121e-01 -8.020306329450e-03 
 4.756024647188e-03  6.159583227894e-03  7.483436909622e-02 
-1.402890807268e+00 -1.407246760291e-02  1.811489045969e-02 
-2.208781296222e-02 -3.005210067363e-01  9.184484728212e-01 
 3.031794874835e-03 -1.945197918597e-03  1.132841907649e-02 
-4.209941733556e-02 -1.800032065780e-01  6.629139489498e-01 
 3.140003535997e-01 -6.543058504298e-02 -3.069598930508e-01 
-1.176869392942e+00  3.452855353490e-01  9.536758572956e-01 
-1.858409374320e-01  2.559013032287e-02  8.308291395389e-02 
-5.334237141225e-02  2.466422660693e-02  1.584966606781e-02 
 2.593610673310e-02 -9.629498140059e-01  2.484333389790e-01 
-5.725145236799e-02  8.093555502872e-03 -7.739758950586e-04 
 1.295802061874e-01  4.310810675110e-01 -2.348902521168e-03 
-3.503856885811e-02 -6.556763220106e-02  3.189051986082e-02 
 8.967267201726e-04 -1.225815684749e+00  1.293294622257e+00 
 3.070212174722e-02  2.939721741897e-02 -1.315485927743e-02 
-2.636011178351e-01  1.171808323658e-01  3.826306234135e-02 
-1.924957162064e-02 -3.899048119106e-02  9.857129186874e-01 
-7.218555580168e-01  3.345459990591e-02 -2.397045491809e-02 
-2.398068452120e-03 -9.134200957969e-02  9.040550425929e-02 
-4.365087340504e-02 -2.879897781993e-02 -8.708655538927e-03 
 1.491930771565e-01  6.841065043351e-01 -8.801502636367e-01 
 1.400016433684e-01  1.358872756609e-01  8.937733233168e-01 
-2.283010789735e-01 -4.836750558886e-01 -7.966106173228e-01 
-4.470643910501e-02 -4.181572136625e-02 -1.134995355231e-01 
-7.568107245513e-03 -4.689316780521e-02  9.534616077111e-03 
-1.764991628135e-01  3.410411054210e-01 -5.492493516080e-02 
 1.481374868687e-02 -5.124944715852e-02  2.260252996253e-03 
 1.294726073537e-01  1.477004725365e-01 -1.328623714647e-02 
 3.022508316121e-02  1.433973525214e-01 -2.905515006218e-02 
-3.022931745662e-03 -2.456383039328e-01  3.022701471400e-01 
-2.014377530566e-03 -4.679334799648e-02  2.540371091569e-02 
 1.279370928186e+00 -1.359649325536e+00 -2.487616437787e-02 
 2.245939323433e-02  1.306932017546e-01  4.566375275144e-01 
-5.546290903854e-01  2.619996326281e-02 -4.388266767365e-02 
 2.941699945006e-02  3.848429551918e-01  8.176500783379e-02 
-1.528377348202e-02  5.222811576995e-02  3.953672574587e-02 
 2.987805982182e-02 -1.312372722913e-01 -1.017580869415e+00 
 4.387742070929e-02  5.423118890221e-01 -2.732599389729e-01 
 1.895311555728e-01 -2.241340849312e+00 -3.433640615859e-01 
-1.328508354715e-02 -2.684402989491e-03 -3.352769727502e-02 
-5.503958239403e-02 -1.795336963826e-01 -5.030027555428e-03 
 1.946892090595e-01  8.192218562744e-01 -1.242361078636e-02 
 3.115299715326e-03 -3.400589763875e-02  2.398235911594e-01 
 1.548170592796e-01 -7.104011113161e-01  2.594989869400e-03 
-3.765929080430e-02 -2.510844878558e-02 -2.378408368593e-02 
-2.500569139333e-02  1.242359266561e-01 -6.085138030445e-01 
 3.778288786632e-02 -1.256643565746e-01 -8.743447455842e-03 
-3.344718928817e-01  6.627805832978e-01 -7.462188970257e-03 
-1.442923889324e-02 -5.049603894629e-02  1.915529874640e-01 
-8.347671202352e-01 -1.663260450676e-02 -9.870465273131e-02 
-3.343641658257e-02  1.429597867631e+00 -1.524813888243e-01 
-1.802280659391e-02  3.853335508973e-02  1.297206608674e-02 
-7.566607449695e-02 -2.943544536517e-01  7.266308715567e-01 
 1.196389992528e+00  1.332825316693e-01  4.399230034884e-01 
-2.230104675882e+00 -1.424217629603e-01 -4.239319563331e-01 
 1.711132062086e-01 -1.848710985300e-02  2.690380149488e-02 
 1.627728840115e-01 -3.707404989843e-02 -3.721019764808e-03 
-2.376044995742e-02 -2.166681907603e-01  1.432731377632e-01 
-5.773031938442e-02  1.156796213705e-01 -1.964153852322e-02 
 9.837658664142e-02  1.021345353367e-01 -2.718385499427e-02 
-1.233080493466e-02 -4.604694382756e-02 -5.846314981470e-02 
 2.179154991095e-02  4.552457368704e-01 -1.752012997397e+00 
-9.646444134162e-02 -1.197662186066e-01 -7.460959676045e-02 
-4.943739124232e-01  5.250191334089e-01 -3.509853022678e-02 
-3.866585278820e-03 -3.011507929521e-02 -3.558673361913e-01 
 1.474909856820e+00 -4.681698304117e-02  1.036908095178e-01 
 6.722191164900e-02 -8.175568942120e-02 -1.284839961264e-01 
 1.903801773790e-02  1.065820460623e-02 -4.269073693863e-03 
 1.595476448923e-01  9.207067243690e-01 -1.406909088960e+00 
-5.237335079561e-02 -4.965792210773e-01  1.478802334837e-01 
 2.031119730608e-01  1.732233893234e-01 -5.137089055505e-01 
 1.548275981773e-02 -2.878117428484e-01  8.017606560869e-02 
 9.242700392988e-02 -1.119098662877e-01 -3.130384647835e-02 
-1.411572872850e-01  6.411878806365e-01 -8.159276361299e-02 
 2.637557034220e-01  1.580360887044e-01  1.152352563122e-01 
-4.202046211876e-02 -2.812817246957e-01 -2.887707524801e-02 
 6.329332649041e-02  5.427904040056e-03 -2.854336154779e-02 
-2.053744164693e-02 -1.179429180893e+00  1.285537716704e+00 
 1.119295244513e-01  5.637838589863e-02  6.343716155844e-02 
-3.195928132879e-01  3.375998984382e-01 -3.540556567349e-02 
 7.960631218951e-02 -1.378727454967e-02 -1.096816265213e+00 
 1.063684603209e+00 -1.403432215663e-01  5.686599563447e-02 
 8.631878159811e-02  5.038725404980e-01 -6.914936217726e-01 
 3.353039764961e-03  4.782443982078e-02 -8.329171231836e-02 
 3.315347122742e-02  3.834611585022e-01 -1.925909859756e-01 
 6.094202214694e-02  9.611788828079e-01 -2.260888075785e-01 
-9.637709646477e-02 -2.557666053974e+00  3.588677123994e-01 
-4.912122804188e-02  1.129090749719e-01  9.168573366404e-02 
 5.723660093778e-02  1.912868754426e-01 -1.398522479242e-02 
-1.408255614473e-01  9.167641625907e-02 -9.148496063195e-02 
 3.307367303018e-01 -1.481095060817e-01  1.998260485192e-02 
-2.489655560587e-02  4.158991995636e-01 -7.114121851264e-03 
-2.342020727709e-02  4.866857479961e-02 -2.699028530132e-04 
 1.172787166301e-02 -6.012367142083e-01 -2.580829694397e-01 
-5.827083542504e-02 -2.509669283126e-02 -1.771534970936e-02 
 1.762068083169e-01 -4.688950116670e-01 -1.118933961638e-02 
 2.298722021830e-02  7.012959554281e-02 -8.098146491700e-01 
-1.112171189402e-01  5.392127206274e-02  2.666111269315e-02 
 7.619618733597e-03 -6.143282296559e-01  2.207632827314e+00 
-2.319310660764e-02 -2.823752015028e-01  4.879059148178e-02 
-1.779304674327e-01 -6.966968059738e-01  2.062748432349e+00 
-6.250971564056e-01  3.530675773419e-01  7.861785403215e-01 
 1.044108087877e+00 -6.127245795043e-01 -9.621444427231e-01 
-9.683966066370e-02 -2.321404505133e-02 -6.615834088043e-02 
 1.165285199875e-01  2.811758864681e-02  6.487337680937e-03 
-5.319221310453e-02 -9.430701944675e-02  5.112763784247e-01 
 1.819510972710e-01  5.321268239982e-01 -8.114926748530e-01 
-6.248304938310e-02 -7.664405427355e-02 -1.875278306716e-02 
 4.366509061704e-02 -4.196705384249e-02 -7.526615513945e-02 
 5.786284337240e-03 -2.579324590259e-01  1.349050314149e-01 
-1.113922085885e-01  3.700204438444e-02  3.228859960410e-02 
-9.301125921211e-01  9.158263511063e-01 -1.019733224546e-01 
 3.936220305658e-02 -1.610490370625e-01  3.029554004442e-01 
-1.369650318592e+00  1.935735329417e-01 -9.325757294748e-02 
-2.058760766767e-02 -1.119571710992e-01 -1.184649131689e-01 
-4.688450800596e-02  1.652814898999e-02 -3.154247836085e-02 
-3.963893842493e-01 -1.761264430437e+00  2.468639890686e+00 
 1.884838647884e-01 -1.870342211147e-01  6.091090838804e-02 
-2.520249145644e-01  3.534728427988e-01 -5.973096446777e-01 
-8.717775325836e-02 -2.425828224622e-02 -1.905737773423e-01 
-2.074812663575e-02 -3.339086707437e-02 -1.683894180467e-02 
-6.024178901011e-03  2.330278616596e-01 -3.907233344807e-01 
 1.008753503879e+00 -1.863080086404e-01  6.483033061951e-01 
-1.352228084007e+00 -5.408036987596e-02 -6.514326261639e-03 
 2.454953858629e-03 -2.408592439680e-03  5.034651804053e-02 
 6.810337248638e-03 -1.149880755457e-01 -2.936823681643e-01 
-1.234093363934e-01 -1.542841715641e-02  6.174085358099e-02 
 2.140330480698e-01 -1.216941714766e-01  8.181820094331e-02 
-1.859326741558e-02  4.336052625440e-02 -2.036745547926e-01 
-1.089978670307e-01  1.330160943018e-01 -1.047506732817e-02 
 3.380633757101e-02  1.081254832416e-01 -7.321406191404e-01 
 1.613142345933e-02  8.718234756781e-02 -1.425356809606e-01 
 1.968551608331e-01  7.482271594309e-01 -1.224293169142e+00 
 4.421401425033e-02 -2.061264559556e-01 -2.675881936320e-01 
 1.247645878775e-01  7.111487402341e-01  6.143885172992e-01 
 8.598481604154e-02  1.541519224453e-01  1.053173984582e-01 
-5.482070064226e-02 -1.257218541677e-01  2.157279532498e-03 
 4.773400419876e-03 -1.970166069316e-01  1.062722512945e+00 
 6.275447921375e-01 -3.109782505929e-01 -1.440775474418e+00 
-9.161511000890e-01  3.691155755724e-01  2.527305671868e-02 
-2.723056354889e-02 -2.309254070965e-03  1.155886090512e-04 
-3.544803428693e-03  2.563903682260e-01  4.706042049945e-02 
 3.225575220378e-02  6.352480772743e-03  1.183492018655e-01 
 2.928066304645e-01 -3.348365723773e-01 -2.057640946527e-02 
-4.457793313374e-02  3.992470024904e-02  7.636058962180e-02 
 4.384205760022e-01 -4.999289181612e-02  6.542471589455e-02 
-3.726286087263e-02  1.865166985288e-01 -1.116085110987e-02 
 5.556719991419e-02 -2.100936814412e-02 -3.001216342605e-02 
-4.005391199015e-01 -1.879247355532e+00  4.800950542051e+00 
-8.607325783366e-02 -1.570112179192e-02  5.629497482140e-02 
-1.035338615793e-01 -4.483827724204e-02  5.385976404220e-01 
-1.428232194063e-02 -7.838473243132e-02  2.691441039499e-01 
-8.778940440770e-02 -4.214546865600e-02 -6.619243468190e-02 
-3.645977066694e-01 -4.646335410533e-01  2.608873138121e-01 
-4.381899633850e-01 -7.836907724909e-01 -5.485725820449e-01 
 9.502333910754e-01  2.018188981757e+00 -1.913184367763e-02 
 2.738229627386e-02 -3.133853955636e-02  6.259786846657e-02 
-2.010498351868e-03 -2.341222729950e-01 -2.446484481467e-01 
-4.424366228815e-02 -4.969957040878e-02 -6.651895914633e-02 
-6.162151104923e-02 -8.856438492648e-01  3.201277927551e-02 
 1.019740637484e-01  2.300431628051e-01 -4.035432186152e-01 
-1.998506220996e-01  7.994032789078e-02 -5.174196138654e-02 
-3.221768420957e-02  1.759410559196e-01 -8.454579014460e-01 
 9.623967549984e-03  6.987630521889e-02 -1.434276803713e-01 
 3.347909598532e-02  1.179717960242e-01 -1.113474016728e+00 
 1.584897589769e-01  1.265931355740e-01 -2.099534761232e-01 
-5.793545805473e-02 -8.325004900490e-01 -1.319218575532e-01 
 1.846811166830e-01 -2.803299638196e-01 -6.747989178449e-02 
-2.917888352419e-01  2.037635164785e-01  4.139573635636e-02 
 2.429239539828e-01  8.921049816329e-02  2.627831057451e-01 
-1.723306967243e-01  2.531231201145e-01 -9.255000580048e-02 
 3.684119433410e-01 -1.136584809420e+00  2.582641815599e-02 
 1.163613430466e-01 -2.586006182966e-02  7.959533959963e-02 
-2.986926330377e-02  5.298687741164e-02 -1.830360137474e-01 
-2.123848002032e-01  1.014955204814e-02  2.717038928306e-01 
 4.772530900230e-01  1.411381693444e-01  1.453023851719e-01 
 1.838273476332e-01 -1.240175853087e-01  9.459959218169e-02 
-1.106608873843e-01  1.549921712144e-01  1.780311100411e-01 
-2.045986692966e-03  2.329045440223e-01  2.442060555133e-01 
 9.936109720530e-02 -5.660796216563e-02 -1.128152938365e-01 
-4.312452002380e-01 -1.678978767454e+00  1.860726628128e+00 
 2.714290251112e-02  1.693010004587e-01  2.770096775732e-02 
 4.546119895429e-01 -7.170104732297e-01 -1.014932798881e+00 
 1.928039924519e-01 -3.217003673836e-02 -2.150368940332e-01 
-2.991297811624e-02 -1.610962817274e-01 -3.809514596387e-01 
-1.733594840452e+00  2.744104242396e+00  1.704230574027e-01 
-1.208778497259e-01  4.334682988790e-01 -1.413468866364e-01 
 1.005915459697e-01 -1.195231807108e+00  4.656374588464e-02 
-4.871815156750e-02  3.210331568243e-02  4.911220918232e-02 
-1.367962592705e-02 -7.926609354465e-01  2.233156945277e-01 
 1.708284489221e-01 -1.003727008901e-01  1.369065750528e-01 
 3.738084961870e-01 -2.027071861426e-01  1.526882811447e-01 
-6.653242027416e-02  5.691932846831e-02 -4.561417608407e-01 
-4.523323466636e-01 -1.814157025636e-01 -5.712407193220e-02 
-2.128654350676e-01 -6.310271493739e-01  1.158986406650e-01 
 9.487200912242e-02  5.313319227146e-02  2.321951100674e-01 
 2.937408572022e-01  1.251032889368e+00 -8.973403383787e-01 
-3.667368363049e-02  7.585576717431e-02  3.968945203677e-01 
-9.944217252039e-01  4.973010486541e-01  1.600986555172e-01 
 2.243840590507e-01  8.504880643566e-02 -4.445276222341e-02 
-2.338822397256e-01 -4.176023075733e-04 -2.412159252960e-01 
-1.135985202222e+00  1.193881490155e+00 -4.482316663256e-01 
 2.369266166636e-01 -3.514030525509e-01  8.223527234585e-01 
-2.488054997759e-01  2.056878578802e+00  9.187141018277e-02 
 8.731379115592e-02 -3.195600498393e-02 -8.925788612388e-02 
-4.540978120653e-02 -1.090525874805e-01 -2.428909938772e-03 
-6.733918836130e-02  1.120026070612e-01  1.051410944922e-01 
-1.477618401880e+00  7.610461394007e-02 -2.588331682000e-02 
 1.137761455035e-01  1.158178824408e-01  7.521021188123e-01 
 1.612189564081e-01  1.334037028911e-02  1.095537425303e-02 
-2.456186342111e-01  7.128107919630e-02  1.017381976194e-02 
 1.579594635485e-01 -2.494008437833e-02  6.328347181959e-02 
 2.861542689191e-01  1.175236413056e+00 -2.883479104734e+00 
-1.129492338524e-01 -1.279491070442e-01 -4.602878825871e-02 
 7.650224322874e-01 -1.860472141952e-02 -9.305629192010e-01 
-2.141284416522e-01 -3.003621356216e-01 -2.119550511271e-01 
 8.467899316328e-02 -4.648479326323e-02 -4.406490559838e-01 
-1.874073044184e+00  4.029749237977e+00  1.033164370095e-01 
-5.493681404394e-02 -1.682528980463e-01  5.618489250268e-02 
-1.481090510744e-02 -5.900645167962e-02 -1.051005794300e-01 
-8.146041700248e-02  5.045211340055e-02  3.264133331114e-02 
-4.347480444529e-02  7.898427178864e-01 -1.835987011887e-01 
-3.442823356379e-02 -1.788117075807e-01  1.317012262533e-01 
-6.127553999001e-01 -7.723513193432e-03  2.378321481239e-01 
-2.739426819282e-01  1.581088221412e-01  9.983527379151e-03 
-9.915045427119e-02  1.345398065425e-01  2.470424853919e-01 
 6.506659135602e-02 -3.350675029243e-02  1.466058179659e-01 
-3.580164344970e-01 -6.015132069665e-02 -3.481209185059e-02 
 2.239921219131e-01  8.235266338677e-01 -2.919838801480e+00 
 3.867705920765e-03  6.159225940893e-02 -1.917148031190e-01 
 5.844902254989e-01 -1.114242000607e+00 -6.535981565934e-01 
 7.785504598652e-02 -3.440459019522e-03 -1.590151036075e-01 
 3.843992944472e-01  1.911478608586e-01 -2.466484380101e-01 
-9.953769529293e-01  2.871477538875e+00  1.863620725207e-01 
-2.914745952847e-02 -7.555888887414e-02 -2.538918465938e-01 
-7.613327099814e-02 -7.855190328681e-01 -1.562691608460e-02 
 4.900596110974e-02 -2.893609008058e-04  9.346379569197e-02 
 1.084904324523e-01 -9.514578275240e-02  1.621935242947e-01 
-1.252111058641e-01  3.860080156154e-01 -3.469484632515e-01 
 8.712977760163e-02 -8.699649620329e-02  4.248346611993e-01 
 3.137760694010e-02  9.529366893460e-02  2.016043337176e-01 
-4.544926111433e-01  4.682051788698e-02 -1.240433357836e-01 
 2.200283050603e-01  9.256601409793e-01  1.265997863806e-01 
 2.857756436509e-01  5.787751501952e-02  6.397703647492e-02 
 5.795801487723e-02  2.914076688307e-01  1.252243622339e+00 
-3.739978090812e-02  1.327681816802e-01  5.059255634350e-01 
-4.253343237771e-01  1.365601609154e+00  4.809957067017e-01 
-8.325404233864e-02  1.759825776973e-01 -1.079139672905e-01 
-1.651416780174e-01  6.544238604578e-02  1.526355510249e-01 
 5.647056645833e-01 -1.950619358613e+00  8.937089161136e-03 
 2.023284879870e-02 -1.376750085119e-01 -3.585386483218e-01 
-1.827654569522e-01  1.368586105158e+00  3.551000753493e-02 
 1.081771072471e-01 -1.770992976488e-02  1.351206542315e-01 
 2.182032000369e-01  3.442581821003e-01 -1.062535419118e-01 
 3.904061372272e-01 -3.283740709474e-01  1.375955467158e-02 
-5.745323994668e-01  1.542156992618e-01  4.490699257608e-01 
 1.510964395114e-01 -2.151387795120e-01  1.093828479471e-01 
 4.300931411923e-01 -2.343902867352e-01 -2.951030489873e-01 
 9.979177248564e-02 -5.495969712696e-01 -2.328965616755e-01 
 5.325132927033e-02 -2.108307163991e-01 -3.772253260778e-01 
-3.775314490451e-02 -1.512479831462e-01  1.088203552801e+00 
-3.217171657361e-02 -2.524982553187e-02  1.006183538411e-01 
-4.508253147614e-01  7.914825624565e-02 -8.291588113198e-02 
 1.085298915351e-01 -1.133055065863e-01 -1.074357628296e-01 
-1.984424295068e-01 -3.470054710527e-02  1.132372240989e-01 
 4.999052072704e-01 -8.590533840162e-01  3.258312930158e-02 
-1.780087494230e-01 -2.319991227386e-01  1.763097483243e-01 
 6.579589289701e-01  7.439820440127e-01 -1.252378113878e-02 
-1.470112769714e-01  1.032004997672e-02 -2.208507676933e-02 
-9.656271225172e-02 -3.637701431541e-01  1.035695340810e-01 
-5.614721565007e-02  5.230608356741e-02  1.639321032569e-01 
-3.552459393442e-01  1.057299029281e-01 -1.476601267689e-01 
-6.323516517884e-01  1.863780924948e-02 -4.308986020491e-02 
 6.987955084352e-02  5.505404281423e-02 -3.027369849125e-01 
 4.029755602300e-01 -3.739511715866e-01  1.273708382569e-02 
 3.871933653564e-01 -1.720004727670e-01 -1.049688550348e-01 
-1.154179308291e-01 -4.326634468525e-01  2.171830050085e+00 
-6.702179361959e-02  6.521812352314e-02  2.560993468619e-01 
-4.041614175847e-01 -4.327336041645e-01  5.973377590202e-02 
-2.034637816804e-01  1.316481888117e-01 -2.560307131497e-01 
-5.154296517368e-01  3.667720403188e-02  9.057818984388e-02 
 3.357571433314e-01 -1.185514795281e+00  2.349522169270e-01 
-3.289743792759e-02 -2.736667756048e-01 -2.000509080065e-01 
 2.065362456633e-01  1.336808454775e+00  6.330714134327e-02 
-7.770042334652e-02  8.019799242302e-02  8.810333403226e-02 
-2.292788272612e-01 -3.725304676971e-01 -2.441657734338e-01 
 5.214710865376e-02  3.639467486063e-02 -3.952540152213e-01 
-7.083804281704e-01  2.296842850510e-01  2.748331223176e-02 
 7.358750796431e-02 -2.133664184563e-01 -1.102619837588e+00 
 6.774222330850e-01  7.572190803800e-02  2.862925006739e-01 
 2.221347449551e-01  9.445732829589e-02 -1.091575431476e-01 
 6.094429768059e-02  1.801437350106e-01  3.342352618102e-01 
 4.533439457687e-03  1.399976815939e-01  1.291705286377e+00 
-9.646542192396e-02  8.711923374645e-02  5.235492625815e-01 
-2.923701183168e-01 -3.780464284640e-01  8.907147875888e-01 
-8.288849036373e-02  1.812863784436e-02  3.983305256213e-01 
-2.226943844759e-01  1.752842585778e-01  1.096564155223e-01 
 3.072226097017e-01 -2.079454385623e+00 -1.453995698890e-01 
 1.904944811373e-01  2.879928807209e-01 -2.658577923420e-01 
 4.786779070487e-01  3.629661287476e-01 -3.451476971774e-01 
-3.795382125477e-02  1.001822604482e-02  9.404357623987e-02 
 4.354498520858e-02 -5.591863780795e-02 -1.649080053332e-01 
-2.094350755718e-02  5.297883652042e-02 -2.811831230178e-01 
 1.300488311431e-01 -5.234138721838e-02  2.165390141115e-01 
-5.021295820733e-01 -2.084296757960e-01 -1.284261823580e-01 
 7.486628049610e-02 -9.367170299672e-02  1.225278850949e-01 
-5.227339869854e-01  4.867667686426e-01 -1.498412743052e-01 
 1.534816798988e-01  5.548771168079e-02 -9.641442576478e-02 
-1.902973959537e-02  4.219465878469e-02  4.052590945644e-01 
-9.911058161969e-02 -2.252085488547e-01  2.150667008944e-02 
-2.786016843499e-02  1.579755305055e+00  4.079868562782e-01 
-1.490248293967e-01 -3.533349753396e-01  2.976166269873e-01 
-1.395719501377e-01 -6.206932521470e-01  3.045080115038e-02 
 7.135405107276e-02 -8.560059296235e-01 -6.042137832734e-02 
 2.828592781197e-01  2.261419690317e-01 -2.229160573477e-01 
-6.505792318919e-01 -5.558708609980e-02 -1.446652885721e-01 
 1.789153863645e-02 -4.305023256880e-02 -1.275411412699e-03 
-3.003226577753e-01  7.321354802738e-01 -2.791306015514e-01 
-1.753610981780e-01  3.743061276134e-03 -3.379398978518e-01 
 2.324729804613e-01 -9.400239149970e-02  1.944928963985e-01 
 2.683032184779e-01 -2.911512994438e-02  5.530205566509e-01 
 5.240179954622e-02  5.056170324319e-02 -1.783145200140e-01 
 4.397776938015e-02 -1.342910475486e+00  3.829693744794e-01 
 2.311655451790e-01 -2.411825065760e-01  1.885319740662e-01 
 6.482693003315e-02  2.048338233234e-01 -2.304624963661e+00 
 7.204808639752e-02 -4.407381588360e-02 -3.054293692534e-01 
 3.030475276341e-02  1.304774541252e-01 -2.014158039764e-01 
-1.088065030754e-01 -3.021988224667e-01 -4.203179337285e-01 
-3.907231546314e-02  4.397105471130e-01 -2.800606200791e-01 
-1.136880651236e+00  2.552173723594e+00  2.337236217372e-01 
 1.343015974073e-01  1.278371234622e-01  4.349398441086e-01 
-4.523898525505e-01 -1.164581970854e+00 -6.017008717430e-02 
 1.159810335217e-01  5.669189169681e-03  9.316772315041e-02 
-7.687567086105e-02  5.186901316785e-01 -2.378795744434e-01 
 2.246687328088e-01 -1.622330213020e-01 -4.470947063726e-01 
 1.362148425682e-01  2.585987771769e-02 -6.247033696723e-01 
 7.006377722036e-02  1.804565485788e-01  3.714493639835e-01 
 4.408404524576e-02 -3.029517856140e-01 -1.530903235459e-01 
-1.719718184854e-01  2.127463506849e-01 -3.265365091147e-03 
 1.816196846314e-01 -1.277148318457e-01 -2.942673168531e-01 
-1.469581464113e-02 -5.859046463117e-02 -2.372786954219e-01 
 3.249860428945e-02 -5.390945654408e-02 -7.157305143065e-02 
 5.986885303061e-01 -1.483825549097e-01 -4.460888489673e-01 
-4.922792930594e-01  9.358515749649e-02 -1.502302149146e-01 
-8.360815609679e-02 -2.116364584418e-02 -1.419765014835e-01 
-5.834265521909e-01  1.187648349976e+00  7.348505949686e-02 
-1.732936713944e-01 -1.427320358145e-01 -3.913853436321e-02 
 5.279514034783e-03 -5.842708032775e-02 -1.105453042002e-01 
-7.374476851384e-02  9.283421092883e-02  6.795975329299e-02 
 1.595674287011e-01  3.968024653123e-01 -3.121676291326e-01 
-6.738730388771e-01  2.440353787729e-01  3.029035005538e-01 
-1.672506913960e-01  1.169076465796e-01 -9.783843089469e-02 
 1.645613453448e-01 -1.397592059287e-01 -7.781619340041e-01 
 3.852163057540e-01 -5.701738358082e-01 -2.797157495835e-01 
-8.895236060441e-02  7.957277536281e-02 -7.912348594340e-02 
 6.262918378759e-02  4.444617873581e-03  1.143015659731e-02 
-8.031934978966e-02 -3.155457198015e-01  3.379381420906e-01 
 2.018758784393e-01  1.107735941187e-01  3.626626936179e-01 
 4.836360894901e-01 -2.823197717032e-01  1.764761599622e-01 
 2.887905399167e-01  6.833440003994e-02  8.747735749159e-02 
-2.882432758976e-01 -9.220881190386e-02 -2.862841109066e-02 
-1.723131709021e-01 -1.973587585200e-01  1.615430974252e-02 
 1.758711716779e-02  2.547988210825e-01 -3.298162627024e-01 
 2.272326491929e-01 -4.338039251639e-01  4.999562938623e-01 
 2.153779880314e-02  4.588641703390e-03 -1.791193839211e-02 
-2.292711402923e-01  3.502010543323e-02  1.844904097132e-01 
-1.507516318468e-01  4.388881951870e-01 -2.933133008710e-01 
 3.496356792416e-01 -1.221674341699e-01  1.330749710500e-01 
-2.290896140130e-01 -5.050837917990e-02 -9.126330750397e-02 
-2.285503156662e-01 -2.104157642920e-01 -1.281017669470e-01 
-2.819296635458e-02  6.308453108145e-02  8.532602905587e-02 
-6.514837461447e-01 -2.013388679231e-01 -4.023396292139e-01 
 1.962911591276e-02 -1.316314446413e-01  5.323644100988e-02 
 5.112517179546e-01  2.991079959745e-01  2.302039079703e-02 
 1.673278269592e-01  3.682290039963e-01  3.751232784114e-02 
 1.857272641160e-02 -1.327449900280e-01 -3.705119415147e-01 
 3.610047819599e-02  1.916167691777e-01  2.430783950199e-01 
 1.095867963537e+00 -1.015052425990e+00  1.738541474574e-01 
-7.090971002853e-02 -4.338350758678e-01 -2.526814742809e-01 
-1.155971960022e-01  7.125486563784e-01 -5.408433870987e-01 
-1.485550225084e-02 -3.085723979878e-02  5.219581040467e-02 
-3.880705438033e-01  3.591236382131e-01  4.034682556469e-01 
 3.792731966041e-01  4.921520153052e-01  2.268683727963e-01 
-1.913971828347e-01 -1.554526272226e-02  9.924321527811e-02 
 1.549227538851e-01  6.003182601566e-02 -2.787797089259e-02 
-1.700543176382e-01 -1.294297051557e-01 -2.644724677421e-01 
-2.060246578677e-01 -1.924466631068e-01 -1.085431589378e-02 
-3.736314972390e-01 -2.396929696245e-02  6.256984299631e-02 
-1.090334696910e-01 -5.247552998303e-01 -5.582516338484e-01 
 2.971987829800e-01 -5.728107526006e-02  7.044567322214e-02 
-8.799197601177e-02 -1.462296911401e-01 -4.887749760840e-02 
-1.306345397870e-01  1.884528888119e-01 -7.107416032761e-02 
-1.932743512822e-01 -5.093294472002e-01 -2.395277907029e-01 
-1.057541144724e+00  1.144769210301e+00 -1.525006313102e-01 
-1.844897138229e-01 -9.398571922571e-02  3.548716685814e-01 
 1.682979229358e-02 -6.430929851191e-01 -2.228794540022e-01 
-2.346176110892e-01  1.049378363550e-01  9.164865598080e-02 
 3.369513472515e-01  1.624893217453e-01  2.133819494438e-01 
 2.242079705942e-01  5.265953948871e-01 -4.859067528797e-02 
 3.668280892901e-01  3.257039154532e-02 -3.115460107810e-01 
 2.425031103184e-01 -3.792907536343e-01 -1.171252385465e-01 
-3.271460325150e-02  4.477905679760e-01  2.599293845590e-01 
-4.588043041948e-03 -3.392906462798e-02  2.413139975009e-01 
 6.904719677149e-02 -3.563159276788e-01 -4.245278821040e-01 
 2.073298782677e-03  1.681220503177e-02  8.678122794591e-03 
 3.349506358627e-01 -2.952397858969e-01 -3.368828809086e-01 
 1.218480975533e-01  1.399705740818e-01 -1.781118663465e-01 
 3.168603445837e-01 -3.534135781113e-01  1.122538561045e-01 
-2.997144890711e-01  1.044531877748e-01 -5.868948391680e-02 
-2.752364905921e-01  2.954758461619e-01  4.859816943866e-02 
 2.275152082152e-01 -5.049442725197e-01  3.327080153607e-02 
-1.873643029294e-01  1.569956176385e-01 -4.571781909800e-02 
 3.238203685375e-01 -4.917075788682e-03  1.932186120716e-01 
 4.432891178936e-01  4.732989653190e-02  4.656380565229e-02 
 6.470460993213e-03  8.137136236336e-03 -1.388781924163e-01 
 1.454888393726e-01  8.413119824595e-02 -2.660579243003e-01 
-2.392543030675e-01 -3.776174465550e-01 -6.227990272706e-02 
-3.146225379979e-01  1.239556535857e-01 -4.465599745894e-01 
 1.062788767593e-01 -1.956467604749e-01  1.758700427582e-01 
-4.971064877917e-01  8.361929724636e-02  5.755948484447e-01 
-1.313753418321e-01 -6.368676714015e-01  1.106511725917e+00 
-3.631850803421e-01  2.480839854682e-01  3.720685572102e-01 
-2.224258335312e-01 -4.350368337058e-02  2.940652013619e-01 
-1.646374490623e-02 -2.591638259748e-01 -3.289074978209e-01 
-2.964065670602e-01 -2.141542844996e-01  3.327102064610e-01 
 1.500768663292e+00 -1.661459788827e+00  1.873032750964e-01 
-6.738473439009e-03  3.877025598208e-01 -1.759008121900e-02 
 2.148338789714e-01  7.390401703162e-01 -7.051746041084e-02 
 1.287977722358e-01 -1.598192806768e-01 -9.833519586353e-02 
 4.899888737004e-01 -5.534052466736e-02 -4.481130719002e-02 
 2.998809878384e-03  2.533726350514e-01 -1.910526374896e-01 
-6.105679414701e-01 -1.188612954049e-01  6.674359450020e-02 
-1.100802175308e-01  7.695376142723e-01  1.752811204718e-01 
 1.800168523454e-01 -2.700146578884e-01  4.002878830478e-01 
-1.154353910664e-02 -3.289019545877e-01  3.562878351030e-01 
-3.604654759229e-02 -2.084944216901e-01  1.149850608689e-01 
-2.032031250113e-02 -4.498559854331e-02 -7.168809561853e-01 
-2.868455141710e-01  9.093025120178e-01  2.922346652609e-02 
 1.502702154675e-01  1.951977035308e-01 -3.754886968318e-01 
 3.411617981553e-01  2.899203708145e-01  5.622806770168e-01 
-4.860153613736e-01 -2.463691661499e-02 -3.730825166696e-01 
-1.559580710709e+00  1.996190665023e+00 -2.170022045819e-01 
 2.270571584806e-01  8.297684668357e-01  3.792804782596e-01 
-4.533246063605e-01 -8.767972020358e-01 -3.593946434129e-01 
 9.933722941009e-02 -7.914716389394e-02  1.638584613860e-02 
-4.129155432671e-02  3.293339757186e-01 -9.781009907446e-03 
 8.103038055108e-02  6.612773103612e-02  1.063888390124e-01 
-7.940485690494e-02  3.609946196649e-02 -6.896397186600e-02 
 7.262337821235e-02  2.206187817333e-01  6.875239956179e-01 
 5.096548621236e-03 -2.623423367188e-01  4.224172749403e-02 
 8.583882240145e-01 -3.254589739599e-01 -3.349454477605e-01 
-2.233111405405e-01  4.399456392967e-01 -1.942812125431e-01 
 1.027428561419e-01  8.133224070876e-01  1.301345696947e+00 
-5.992772675402e-02 -1.070645287957e+00 -1.864085090933e-01 
-1.953482904783e-01 -3.120084595832e-01  1.049564760370e-01 
 5.595184272432e-01  6.926232067381e-01 -4.562010892840e-01 
-3.237502607982e-01  2.136160471487e-03  1.001262505877e-01 
 4.318079833113e-01 -6.069144038919e-01  1.037989410377e-01 
-8.806487497677e-02  3.397353763635e-01 -4.473652652221e-02 
 1.954919245752e-01  4.026194751739e-01 -2.852793271553e-01 
-3.167534339325e-01  2.330400443510e-02  2.539544251322e-02 
 6.133125265730e-02 -1.638084271095e+00  3.052886690656e-01 
-6.189585824734e-01 -6.460096380242e-01 -3.748448355179e-01 
-4.809102400721e-01  3.587378485663e-02  5.386334162270e-02 
 2.273989854000e-01  3.499852747590e-01 -1.136636420602e+00 
 1.433447154392e-01  4.968392446648e-01 -4.518018810770e-01 
-1.320470916420e-01  3.296801590144e-01  1.382807782160e-02 
-3.755987068315e-01 -1.564744560925e-01 -1.923319171770e-01 
 3.750540846382e-01  1.704945499847e+00  5.617216001127e-02 
 8.817750668398e-01  3.344053003222e-01  7.244539010039e-02 
-1.559332157299e-01  3.352878338118e-01  1.899494885266e-01 
-9.273054853687e-01 -2.747860066413e-01  3.607503425586e-01 
-6.278885730438e-01  3.733173552459e-02  3.308980221725e-02 
 1.693090675009e-01 -4.678649630125e-01  4.392951170677e-02 
 1.022407042167e-01  7.011807692247e-01 -1.031628378772e-01 
 1.007428876739e-01  6.251351156229e-01  2.563060925708e-01 
-3.417497884341e-01  7.454685232328e-02  2.606529067810e-01 
 1.298578525307e-01  1.197273052654e+00 -2.734165334086e-01 
 4.445632298049e-01  5.124279300709e-01  2.015907726243e-01 
-9.286956525620e-01  1.161924378895e-01  2.536944451714e-03 
 1.229652749555e-01  5.615840286416e-01 -1.402764712773e+00 
 4.399146715215e-01  5.694268552894e-01 -7.150419063122e-01 
-3.221665189955e-01 -7.457913621027e-01 -2.722306862545e-03 
 1.667011537808e-01  5.834995678360e-01  4.933376666613e-02 
-7.288084159445e-02 -3.691944757793e-01  1.567525067775e-01 
-7.204251735439e-02 -8.262184419337e-01  1.163172372702e+00 
-9.795145038636e-02  1.855231021635e-01 -1.377551476650e-01 
-1.947074937130e-01  8.723650988499e-01  6.826214385686e-01 
 1.548469339520e-01  3.377901881149e-01  8.207635606595e-03 
 2.621982898017e-02 -5.688133426680e-01 -1.786876604926e-01 
 7.422862713941e-02  5.396705645520e-01 -7.131095674159e-02 
 4.539939296436e-02  6.018985072095e-01  8.963353864921e-02 
 1.136379555892e-01 -1.151733480537e-01  9.082047977321e-01 
-1.957739758055e-01  1.311834426069e-01 -7.168707432662e-02 
 1.975336285936e-02  1.243686869468e-02  3.091883486189e-01 
-6.513331624589e-01  6.872645916131e-02 -2.519635924762e-01 
-5.402327734702e-02  3.609961511801e-01 -9.980378462391e-02 
 1.219571216996e-01  9.788210051983e-02  4.330019634470e-02 
 1.299840594640e-01  2.062912295452e+00 -6.482401273197e-01 
-5.604892985959e-03 -9.895090318636e-01  3.999672202825e-01 
-2.557313707822e-01 -1.304919023046e+00 -6.216698509442e-01 
-9.669802187734e-02 -1.008203336174e+00  5.094488846643e-01 
 6.481864253010e-02  1.481537882669e-01 -1.674286495071e-01 
-5.789387913871e-02 -1.666615800546e-01  6.267895264017e-01 
-3.822814023470e-01  1.152057706470e+00 -1.425392395177e-01 
-5.749479322281e-01  6.912112177272e-01 -2.116192260043e-02 
 2.949047663728e-01  1.567178569631e-01  1.172197073371e-01 
-1.791436819365e-01 -3.288010045837e-01  3.901271198253e-02 
-6.246559214411e-01  6.469188000452e-02 -5.171303478371e-01 
 1.344897857345e-01  6.874252592982e-01 -2.858544073522e-01 
 3.923602388877e-01  1.081642864901e-01  4.754195372700e-02 
 1.735327599794e-01 -5.733222719040e-02  1.885777850872e-01 
 2.754062499792e-01 -9.614476146694e-02  3.346130677255e-01 
-1.255735938380e-01 -2.793912369693e-01 -2.128922772122e-01 
 2.054172939900e-01  2.198954559459e+00 -6.626267961452e-01 
-1.328879682447e-01 -8.347603284658e-01  6.887979606188e-01 
-2.463392037604e-01 -9.965562031324e-01  3.866057628461e-01 
 7.822234007469e-01 -9.185680859659e-01 -7.307243407935e-01 
 2.238716723185e-02 -9.037644678638e-02 -1.017081141968e-01 
-9.151008804844e-01  8.004767259135e-01 -3.502135701450e-01 
-2.935332566745e-01  1.382732185801e-01 -2.100033434471e-01 
-7.422973117199e-01  1.705986894930e+00  9.313652812263e-02 
-1.923928978990e-01  3.118543601988e-01  1.558195600266e-01 
-6.201770517711e-02 -7.506296334692e-01 -1.519014385505e-01 
 8.229743447861e-01  1.973669758766e-01 -5.557750230504e-01 
-9.986457443472e-02  2.744373372983e-01 -1.427176003143e-01 
 9.514249498586e-02  1.752528682890e-01  1.685069450939e-01 
-1.403929829373e-01  8.823591707325e-02  2.035526494934e-01 
-2.770975528909e-01  1.759012048892e-01 -1.902135990872e+00 
 5.583001979166e-01  6.378427546574e-01 -4.784928986275e-01 
-2.275615481553e-01  9.822533451664e-01 -3.555919768458e-01 
 1.832706806076e-01 -5.182727172808e-01 -3.856304689221e-02 
-1.900792126252e-01 -1.051442672721e+00 -8.744614180374e-01 
 6.533983705960e-02  1.808877486817e-02 -7.923025849560e-01 
-5.058030658678e-02  8.124828294777e-02 -9.332979741157e-02 
 7.084334626157e-01 -6.283871557494e-01 -1.130750466207e-01 
 7.186586865835e-01 -1.407011861797e-01 -5.668297508222e-02 
 1.194050471537e-01  2.617992311564e+00  1.773308581413e-01 
 1.398917972426e-02  2.229589662138e-01  1.874566776635e-01 
-1.620912247257e-01 -6.433015751747e-02  2.650212622803e-03 
 1.299785550961e-01  1.675876117672e+00  1.325002483558e-01 
 1.510333804141e-02 -1.585107220581e-01  1.170420786871e-01 
-7.832923586634e-02 -1.217042510375e-01 -4.673303760074e-02 
-2.490595161437e+00  9.791415001538e-01  2.101208115008e-01 
 7.634820401105e-02  1.124961250166e+00  1.487197839287e+00 
-5.778670178056e-01 -3.813245506790e-01  3.842569865089e-01 
 1.292068837050e-01 -2.745711301471e-01  1.560715825454e-01 
-9.694988291817e-02  1.303081765117e-01  3.098839236687e-02 
orbocc
(*)
 0.000000000000e+00  0.000000000000e+00  0.000000000000e+00 
 0.000000000000e+00  0.000000000000e+00  0.000000000000e+00 
 0.000000000000e+00  0.000000000000e+00  0.000000000000e+00 
 0.000000000000e+00  0.000000000000e+00  0.000000000000e+00 
 0.000000000000e+00  0.000000000000e+00  0.000000000000e+00 
 0.000000000000e+00  0.000000000000e+00  0.000000000000e+00 
 0.000000000000e+00  0.000000000000e+00  0.000000000000e+00 
 0.000000000000e+00  0.000000000000e+00  0.000000000000e+00 
 0.000000000000e+00  0.000000000000e+00  0.000000000000e+00 
 0.000000000000e+00  0.000000000000e+00  0.000000000000e+00 
 0.000000000000e+00  0.000000000000e+00  0.000000000000e+00 
 0.000000000000e+00  0.000000000000e+00  0.000000000000e+00 
 0.000000000000e+00  0.000000000000e+00  0.000000000000e+00 
 0.000000000000e+00  0.000000000000e+00  0.000000000000e+00 
 0.000000000000e+00  0.000000000000e+00  0.000000000000e+00 
 0.000000000000e+00  0.000000000000e+00  0.000000000000e+00 