2mocoef
header
1
MO-coefficients from MOLCAS
1
26   26
a
mocoef
(*)
 8.134622339887e-05 -6.156315328189e-04  6.348747475032e-03 
 4.006918225495e-05  6.433408334129e-06 -3.561356999950e-04 
-4.390143405351e-04 -9.861782232777e-05  3.547276083326e-03 
 9.959861148673e-01  2.397776689772e-02 -1.406543259339e-02 
 3.340969738058e-05  3.306193469501e-04 -7.199985862516e-04 
-4.326214011007e-05 -4.582071549612e-04  2.532634035046e-03 
-1.709776776230e-04  2.910865089525e-04 -1.105061318227e-05 
 1.583291659812e-03  1.497213212357e-04  1.204084111738e-03 
-2.208911194898e-04 -1.855291031412e-04 
 9.960169914657e-01  2.449541675753e-02 -1.160586829114e-02 
-1.775341329831e-04 -3.969114748366e-04  1.481537464546e-03 
 4.828632468188e-04  7.276568513092e-04  2.532012316563e-04 
-4.686776531173e-04 -2.917669371078e-04  1.486263270993e-03 
 1.865537692121e-05  1.118731776487e-04  1.791037956961e-04 
-2.577890439822e-04 -1.223971595648e-04  1.787875680891e-04 
-2.272163016070e-04  2.594498355059e-03 -7.176419701454e-05 
 2.488060775442e-04 -1.712452966563e-04 -1.820930778759e-05 
-2.524492633477e-04  3.040633817347e-03 
-1.142716789204e-01  2.402373691904e-01  4.416812441403e-02 
-9.661188933349e-03 -9.815775046368e-03  1.633829557525e-01 
 7.790981126464e-03 -1.871920273602e-03 -3.804340890464e-02 
-1.922492518039e-01  4.131592552481e-01  4.202457034678e-01 
 1.188565611574e-02  2.197078924388e-02 -1.077576193326e-01 
-4.901331317232e-03  1.325036868721e-02 -2.389094145755e-02 
 3.398802566323e-02 -1.098045210427e-02  9.481873995919e-02 
-1.151248312313e-02  7.206601971825e-02 -8.243000482831e-03 
 4.159692465462e-02  2.382623519827e-03 
 1.531559683540e-01 -3.260326710581e-01 -2.587454073957e-01 
 1.427281347213e-02  3.303438881784e-02  1.933969089034e-02 
 5.827058675095e-03  9.586476816865e-03  2.250963885338e-02 
-7.745607389254e-02  1.610712001965e-01  2.756674681450e-01 
 4.078424784988e-02  1.081035701057e-02  3.226038873992e-01 
 1.364117731777e-02  3.465547113925e-03  1.463367683107e-01 
-1.263674448998e-01 -2.577934801824e-02  1.598011542660e-01 
 1.474902256248e-02  1.158372488225e-01  1.461863195030e-02 
-1.290810102254e-01 -1.870293616843e-02 
-5.444096546249e-02  1.027086811649e-01  2.686199801968e-01 
 3.513081594514e-02 -3.662484086015e-02 -4.131299875046e-01 
 1.510245971545e-02 -2.630808366877e-02 -5.938615011940e-02 
 1.796691496616e-02 -4.829829209082e-02 -5.422033549031e-02 
 6.071165025560e-02  1.944663605482e-03  3.730916336554e-01 
 2.799778184953e-02  1.396037154590e-02  2.113777185282e-01 
 1.883093497909e-01  7.310555433662e-02  1.261388864172e-01 
 3.165430479307e-02  7.273177480412e-02  2.291157882429e-02 
 1.509730977832e-01  6.299664564482e-02 
 3.749686457366e-03 -7.528360313632e-03  1.844159966159e-02 
-3.220079083584e-01  2.223131751111e-02 -5.193762168227e-02 
-9.149310393281e-02  8.524821845066e-03 -5.016367900636e-05 
-3.060816137372e-03  9.606944797842e-04  1.823140208201e-02 
-3.933447085952e-01  9.365833629476e-03  7.069870429304e-02 
-2.563834209193e-01  7.485138926028e-03  5.145345368713e-02 
-1.135021285057e-01 -5.370659265075e-02 -1.322514161230e-01 
-1.662783602320e-02  1.692732921561e-01  3.825592430713e-02 
 1.524323725288e-01  7.466957067281e-02 
-9.069515689055e-03  2.188084642724e-02 -5.889719213138e-04 
 1.318339864247e-01  1.962971668316e-01  1.919239711114e-03 
 9.114577778081e-02  5.031047887836e-02 -1.072883856633e-02 
 1.132862845638e-02 -3.341657316587e-02 -1.212615753874e-02 
-1.090294931929e-01  5.576173637017e-01 -3.404050122634e-03 
-1.001080636301e-01  4.253183952340e-01 -5.319829692006e-03 
 7.398566201364e-02  4.189695689481e-02 -2.988816465734e-02 
-1.838504538612e-02  4.781859960349e-02  2.688948426928e-02 
-7.536100028605e-02 -3.098088153727e-02 
-3.805441018939e-03  5.586931672707e-03  1.985277721384e-04 
-3.527026600139e-01  8.183211418309e-02  8.894795740469e-04 
-2.535574982913e-01  2.587921521514e-02  7.841872858744e-03 
 1.044162492221e-02 -2.186896199704e-02 -5.227838503506e-02 
 2.967347250113e-01  1.808568364981e-01 -9.380474687766e-04 
 2.675034402064e-01  1.251905956576e-01 -1.027546449557e-02 
-1.935790939215e-01 -7.417838285654e-02  1.691473973617e-01 
 6.621390031539e-02 -1.689281901992e-01 -7.764103070936e-02 
 2.117104672187e-01  8.815139314217e-02 
 2.565955595466e-02 -5.448045705350e-02 -1.286204797660e-01 
-4.176579305092e-02 -5.880346283306e-01  4.237107207598e-02 
-4.604809980939e-02 -6.012367605538e-01  1.885525053935e-02 
-7.956215452701e-04  6.510219883440e-03 -1.751803728977e-02 
-2.135343789940e-02  2.826246800120e-01 -3.078186608536e-02 
-2.758857826377e-02  4.108595805147e-01 -1.155374397936e-02 
 4.425391985177e-02  4.389596929151e-02  3.151718380958e-02 
 3.479431189962e-02 -9.713124415250e-03 -2.461175957206e-02 
 1.654777110379e-02 -1.533974800678e-03 
-1.232166122541e-02  1.788629535803e-02 -4.001427454164e-02 
 5.767760657412e-02 -1.522456875799e-02  1.011475703232e-01 
 1.450679656908e-01  3.253517732228e-03  2.814322653835e-01 
 1.001725157338e-01 -1.652556800029e-01 -1.338597249635e+00 
 1.528927517130e-01 -1.126871260775e-02 -1.590286647346e-01 
 2.879550617108e-01 -4.352595001703e-02 -3.758677329322e-01 
-5.564906419509e-02 -1.095464085231e-01  2.511155926704e-02 
 5.131559557355e-01  1.605752996292e-01  1.315593309440e+00 
 3.169785293181e-02  3.709325355625e-01 
-7.222919201593e-03  2.623703752388e-02  1.262987476694e-01 
 1.468486565703e-01 -2.498459964676e-02 -4.236439744823e-02 
 2.815124440610e-01 -1.330123074418e-01 -2.533862990420e-01 
-4.467188063678e-02  6.148114951834e-02  8.399863816653e-01 
 2.805217304481e-01  5.135641752283e-02  7.253602161908e-02 
 7.089197379594e-01  1.659512027271e-01  2.020910413794e-01 
-5.669330069492e-02 -7.074495860514e-01 -1.267224462819e-01 
-1.581354833305e+00  9.164317377671e-02  5.223993953541e-01 
 6.706531318983e-02  3.685797550502e-01 
 1.236510109502e-01 -1.966228762260e-01 -2.237904708389e+00 
 3.015019503207e-02  6.908382451624e-02  1.356772955088e-01 
 1.220771714762e-01  2.860191915304e-01  6.712395541373e-01 
-2.842475418907e-02  4.713780953620e-02  3.015702628899e-01 
 2.431245723335e-02 -8.276117282215e-04 -1.144889812223e-02 
 4.385967077490e-02 -7.341751359833e-02 -1.567421123717e-01 
 3.678152483545e-02  1.460817782418e+00 -2.425839905963e-02 
-2.265579257447e-01 -2.555399637483e-02 -5.162818081214e-02 
 3.720253433291e-02  1.621808055689e+00 
-7.499377752485e-03 -1.474725653863e-02  2.274185995505e-01 
 3.393686203865e-01 -4.063639769168e-02 -1.772585815856e-02 
 1.683796087331e+00 -1.246761516169e-01  1.869310450426e-01 
 6.166276716230e-03 -1.576608104714e-02 -2.219376471161e-01 
-1.929333451829e-01 -3.327043016908e-03  5.516636492479e-02 
-8.869951592964e-01 -5.262705698355e-04  1.510964993511e-01 
-3.162974311114e-02 -1.714204616414e+00 -3.435706832359e-02 
 6.999971470674e-01  1.281536099945e-02 -7.948113841113e-01 
 2.391873339452e-02  1.771607658692e+00 
-5.863579825066e-02 -8.735753464166e-02  2.611516903987e+00 
-4.691584578105e-02  2.751824825905e-02  3.451577364384e-02 
-2.842363166429e-01 -6.562508915225e-02  2.769588789893e+00 
 6.293282472580e-02 -7.292437580000e-02 -2.462387884317e+00 
 3.349377698987e-02  1.822505750945e-02  2.846305317213e-01 
 1.282320070197e-01 -5.138363696264e-02  1.833477726256e+00 
-1.666067677895e-03  6.695974263438e-01 -3.219451842655e-02 
-7.537085876360e-01 -3.690993509307e-02 -4.321782645260e-01 
 3.489302047380e-02 -1.176756923201e-02 
-4.122518069673e-03  2.236441523256e-01  1.219462207427e-01 
-5.458263027591e-01  1.870227169157e-01  3.092649653465e-01 
 1.418731842013e+00 -3.051721388305e-01 -1.833171496553e-01 
 1.740989997909e-02 -6.553118004140e-03  4.709546925846e-02 
-1.003830756299e-01  9.424789580403e-02 -4.888417102383e-02 
-2.647495611931e-02  1.113433905767e-03  4.962665818435e-01 
-3.927050328342e-01 -3.498870923807e-01 -2.967148660446e-01 
 1.067559366548e-02  4.586370987135e-01 -4.568862295035e-01 
 3.819240861971e-01  3.855716637082e-01 
-1.551015108745e-02  2.034994248976e-01  3.355272920733e-01 
 2.481533593387e-01  9.280275577637e-01  1.785163064158e-01 
-5.324805511538e-01 -1.044781054656e+00 -9.457677587675e-02 
 1.685297999416e-02 -1.337724842203e-02 -1.874843507735e-01 
-2.121838229075e-02  2.185210066041e-01 -6.673175842770e-02 
 5.169609080652e-02 -4.298595062145e-02  3.865909599834e-01 
 5.950409577946e-02 -3.132471390120e-03  8.738209862532e-02 
-3.496614775726e-02 -8.228472643608e-02 -4.276359698157e-02 
-1.579125287152e-01 -2.038836094738e-01 
 2.154052976198e-02 -5.999616042353e-01 -1.162624216282e+00 
-2.298994798181e-01  3.179578032355e-01 -8.856156760860e-01 
 6.393693871586e-01 -3.483396492916e-01 -3.024294643956e-01 
-6.981661820158e-02  2.132888773412e-02  9.029851573975e-01 
-3.794694142820e-02  7.868585960598e-02  1.365391810650e-01 
-3.594688677291e-02  4.968915668600e-02 -1.852144653365e+00 
-1.073075357311e-01 -3.046255862036e-01 -1.236328520895e-01 
 4.556474119043e-01 -7.081441818539e-02  5.510361780867e-01 
 1.229267228755e-01  1.227924658270e-01 
 3.775553778793e-02  8.178129108586e-01 -1.925712839968e+00 
-8.593855704681e-03  2.326576601684e-01 -1.888475320783e-01 
 1.544498516897e-01 -3.056413096336e-01  5.939792706844e-01 
-7.399229619660e-03  1.898468290787e-01 -7.820727913034e-02 
 8.711028625398e-02 -6.700841918074e-01 -1.135549285046e-01 
-1.648764199973e-01  8.061948073555e-01 -1.463884347315e-01 
 4.273002470825e-01  3.332159112777e-01  1.083927208663e-01 
 7.316867004965e-02  2.170062081567e-01 -1.583367758583e-01 
 4.067863171041e-01  4.952356407438e-01 
-5.377347481663e-02 -8.230652299412e-01  1.942747465784e+00 
 3.996395786859e-02  1.606842260898e-01  2.372434762551e-01 
-1.622241934460e-01 -7.208268704684e-01 -7.441373043777e-01 
 1.134152514874e-02 -2.351023857970e-01  2.493107251268e-01 
 4.021723070485e-02 -6.650201049522e-01  1.607322373449e-01 
 5.359908539203e-02  1.015436320026e+00  5.098299894123e-02 
-5.008103819205e-01 -3.851992122561e-01 -1.132303078879e-01 
-7.602165981802e-02  1.346622417048e-02 -7.012245944559e-02 
-4.004307196362e-01 -5.962721808606e-01 
 3.138618024198e-02  5.095451405329e-02  8.429083199232e-01 
-4.016869361459e-02  2.284337917009e-02  1.131396121193e-01 
-3.336186027072e-02 -1.468416984314e-01  2.709895269826e-01 
-4.457004378916e-02  3.658971469339e-01 -7.011257141431e-01 
-4.671630330385e-01 -1.322021962662e-01 -8.921506655359e-02 
 8.144418530611e-01  2.611149661985e-01  1.026420029866e+00 
 6.589688543384e-02 -1.184079757953e-01 -5.314051280443e-01 
-4.118793169276e-01 -1.002717660484e+00  9.751711464107e-01 
 2.007348672422e-01 -1.487569528867e-01 
 4.771300383512e-02 -4.492574215061e-01  1.285964885484e+00 
 4.034620364221e-01 -3.623057075956e-04 -1.870851287136e-01 
-9.735894260080e-01 -1.700893499153e-02  3.720674650774e-01 
-3.251957699200e-02  1.339207869266e-02 -1.533022730408e-01 
 5.519468870292e-01  6.444419518006e-02 -4.202361743777e-01 
-3.321093245630e-01 -1.788911701500e-02  1.003764951258e+00 
-3.940744004245e-03  4.256250530148e-01 -9.387856755729e-01 
 6.773448317393e-01  1.952067760506e-01 -9.019466269182e-01 
 2.813906951305e-01 -9.502889744907e-01 
 2.771349935888e-02 -5.053470447287e-01  1.609118370247e+00 
-8.631328311201e-01  1.100512134333e-01  5.539991213242e-02 
 1.968535853714e+00 -2.526156975643e-01  1.375580673751e-01 
 1.027546403920e-03 -3.325285284740e-02 -2.973701517419e-01 
 3.964881108150e-01 -2.273376717531e-02 -3.525554371250e-01 
-1.098480005743e+00  5.159472927113e-02  9.246318075459e-01 
 6.654445067066e-01 -1.900745075940e+00  1.054422759990e-01 
-7.935209410119e-02 -2.535966318960e-01 -4.153313303362e-01 
-4.573650016874e-01  1.202433082380e+00 
-4.207505284425e-02  7.806829468238e-01 -1.762756790634e+00 
-1.798775905734e-01 -1.107053693338e-02  3.064117302741e-01 
 6.733361193962e-01  4.004280046757e-02 -5.774861306069e-01 
-1.610657190677e-02  4.490334088192e-01 -3.604074733999e-01 
 5.284738310341e-01  6.024217189239e-02  8.000060437760e-01 
-1.008029685653e+00 -1.034536430261e-01 -1.159813332262e+00 
-2.041810850380e-02 -1.316108726575e-01 -4.788399262986e-01 
 1.406941652201e+00 -2.199658760738e-01  1.993474717284e-01 
-2.102607029937e-01  6.622349121019e-01 
-2.245834464973e-02  1.144932393964e+00 -1.768620528431e+00 
-1.421082845607e-01 -1.195482014392e-01 -6.593296768401e-01 
 1.514429480508e-01  1.420207917885e-01  9.338092706078e-01 
-3.313872021674e-03 -1.764496442782e-01  4.298824991538e-01 
 2.142741093107e-02 -1.757750687777e-02 -4.077652818301e-01 
 6.362636186991e-02  6.813381264903e-02  8.567337599855e-01 
-5.920908539010e-01  1.103687731287e+00 -1.693096349249e-01 
-3.954333869176e-01 -1.078717169466e-01 -3.224651480477e-01 
-7.707020930808e-01  1.391764667435e+00 
-8.856102458876e-03  2.409312079174e-02 -5.446155928779e-01 
-1.391352186922e-01 -9.273098127690e-03  2.290827224960e-02 
-1.894668975138e+00  1.103899468900e-01 -1.087440748028e-01 
-5.612393654612e-03 -1.783140800786e-01  5.469411534357e-01 
-4.762365352910e-01 -5.052075199465e-04  2.195840102526e-01 
 2.239484676029e+00  6.372232981448e-02 -4.377280764161e-01 
 7.170505753354e-01  4.258958016818e-01 -7.178219755856e-01 
-2.869709910167e-01  6.440142278375e-01  3.619748367349e-01 
-6.305837104310e-01 -3.708900220190e-01 
 3.113757259161e-04 -4.573346489749e-01  3.320382177824e+00 
 3.309707700908e-02 -9.031989960734e-03 -1.282589934421e-01 
-4.641006914006e-01 -8.307916229567e-02  1.642230426749e+00 
 2.498908960912e-03  1.934401463771e+00 -4.921773815885e+00 
-7.377718817868e-02  1.546654586130e-02 -2.352354478063e-01 
 2.468747483093e-01 -1.114424876123e-01  1.282196274604e+00 
-1.615824843291e-01  1.773303646454e-01  2.217990531574e-01 
 2.390059887286e-01  3.989505694134e-01  1.852772748132e-01 
-3.180820356476e-01 -2.021613960203e-01 
orbocc
(*)
 0.000000000000e+00  0.000000000000e+00  0.000000000000e+00 
 0.000000000000e+00  0.000000000000e+00  0.000000000000e+00 
 0.000000000000e+00  0.000000000000e+00  0.000000000000e+00 
 0.000000000000e+00  0.000000000000e+00  0.000000000000e+00 
 0.000000000000e+00  0.000000000000e+00  0.000000000000e+00 
 0.000000000000e+00  0.000000000000e+00  0.000000000000e+00 
 0.000000000000e+00  0.000000000000e+00  0.000000000000e+00 
 0.000000000000e+00  0.000000000000e+00  0.000000000000e+00 
 0.000000000000e+00  0.000000000000e+00 