2mocoef
header
1
MO-coefficients from MOLCAS
1
26   26
a
mocoef
(*)
 7.308440596205e-05 -5.972852354687e-04  6.263129732990e-03 
 2.729569732873e-05  1.517736224055e-05 -3.353810432028e-04 
-4.645027857346e-04 -9.947582701587e-05  3.500628471764e-03 
 9.959933903310e-01  2.398639939009e-02 -1.410277066006e-02 
 3.034031700047e-05  3.229346837880e-04 -5.425593721174e-04 
-8.975938533886e-06 -4.032918625847e-04  2.406353760879e-03 
-1.665411995096e-04  2.955678878860e-04  6.656048135829e-06 
 1.626481053597e-03  1.233072685185e-04  1.249538341245e-03 
-2.166988825431e-04 -1.956002771568e-04 
 9.959527889476e-01  2.480701843442e-02 -1.143262092880e-02 
-2.933401779565e-04 -7.642504622836e-04  1.678258112494e-03 
 5.622521964308e-04  6.708358848256e-04  2.668916748113e-04 
-4.568343064918e-04 -3.040683163731e-04  1.319924482825e-03 
-3.600208418013e-05  6.971995100523e-05  2.496448344294e-04 
-3.176347497315e-04 -1.423370172547e-04  3.166008901656e-04 
-2.521835441892e-04  2.551606937812e-03 -7.364958067635e-05 
 2.355841692776e-04 -1.557673356741e-04 -2.992491648240e-05 
-3.574741428744e-04  3.074109613737e-03 
-1.075650933108e-01  2.213075092757e-01  3.563072858564e-02 
-1.310307372821e-02 -1.628551491996e-02  1.546586075545e-01 
 6.864311177870e-03 -7.034954893049e-03 -3.801280326223e-02 
-1.961023609024e-01  4.258831633004e-01  4.316554563327e-01 
 8.584931767404e-03  1.972682078270e-02 -9.461343555846e-02 
-8.485905074744e-03  1.250231409723e-02 -1.651513930880e-02 
 3.023538910856e-02 -1.084558013522e-02  1.005833441140e-01 
-1.167825320646e-02  7.818511052624e-02 -1.013737723434e-02 
 3.961832972835e-02  3.538598126212e-03 
 1.498541057435e-01 -3.096795166733e-01 -2.313238519381e-01 
 2.686121764821e-02  4.491211028581e-02 -1.611412299868e-02 
 6.171854744076e-03  1.666691465987e-02  1.965588244780e-02 
-6.687300976090e-02  1.391275569299e-01  2.457263633979e-01 
 7.702222579216e-02  2.619904258005e-02  3.570236671234e-01 
 3.795126044424e-02  1.370726444744e-02  1.686804908555e-01 
-1.096344390335e-01 -2.079450333879e-02  1.776251849258e-01 
 1.551992055156e-02  1.050854152020e-01  1.043359005045e-02 
-1.213720251292e-01 -1.900074384880e-02 
-6.855696867342e-02  1.314697207873e-01  3.013132676695e-01 
 9.828236273989e-02 -5.074967898207e-02 -3.755392912482e-01 
 3.228323887685e-02 -3.638863575906e-02 -4.610429344354e-02 
 2.755946142887e-02 -6.831020988344e-02 -1.068637727451e-01 
 1.447503653633e-01 -2.294921629892e-03  3.232172550400e-01 
 8.590489584063e-02  1.260062411962e-02  1.941622257773e-01 
 2.183929832065e-01  9.148057697261e-02  1.370180186826e-01 
 2.986934651699e-02  2.250925048096e-02  1.245096264472e-02 
 1.279464930529e-01  4.945908438399e-02 
-9.708666528213e-04  4.899815369417e-04  7.378683939754e-02 
-3.064134009836e-01  2.175600486387e-03 -1.375369592693e-01 
-9.379498605442e-02 -2.141774982770e-03 -4.358759921000e-03 
 1.395164268912e-03 -1.080408718316e-02 -1.013216335020e-03 
-3.632107113132e-01 -1.535212416622e-02  1.701000002644e-01 
-2.348938648377e-01 -8.321811396960e-03  1.092417691241e-01 
-8.028097409489e-02 -4.381899631413e-02 -9.126470154311e-02 
-2.328644808095e-03  1.811657305629e-01  3.374154650964e-02 
 1.860736750642e-01  9.685276167279e-02 
-2.106710635817e-02  4.600650218969e-02  4.126578002324e-02 
 2.079212785873e-02  3.049599863792e-01 -1.320245152418e-02 
 2.180412594860e-02  1.350428661789e-01 -1.564780007385e-02 
 1.444938316860e-02 -3.949432569052e-02 -3.189328582676e-02 
-3.805127881776e-02  5.460655467377e-01 -4.127344400769e-03 
-2.994869901788e-02  3.671444745191e-01 -6.648985148568e-03 
 1.103023805842e-02  7.000653827774e-03  6.610510495514e-03 
-3.069500968435e-03  7.720191100338e-03  1.049278664259e-02 
-3.241263438833e-03 -3.089580059241e-03 
-4.228013208370e-03  6.221224077927e-03  3.812176563318e-03 
-3.593779304039e-01  2.169823723290e-02  8.631394100219e-03 
-2.803575726247e-01  1.067893566516e-02  1.760468400681e-02 
 8.093838206573e-03 -1.333535179521e-02 -5.781111378519e-02 
 3.251246083866e-01  2.076788859618e-02 -1.477604352059e-02 
 2.812783146269e-01  2.618478926950e-03 -1.223691447489e-02 
-1.986019301138e-01 -7.651348630226e-02  1.713519286217e-01 
 6.899569363512e-02 -1.896701154054e-01 -8.671850152700e-02 
 2.211897706515e-01  9.099121950098e-02 
 2.751279857013e-02 -6.336931929511e-02 -1.422016918030e-01 
-3.682250436148e-02 -5.653319399415e-01  4.261281503542e-02 
-3.048269390668e-02 -5.533681036366e-01  8.025583511798e-03 
 1.632804617998e-03 -1.143927159564e-03 -1.016694288064e-02 
-2.870809876944e-02  3.962487835639e-01 -3.274700857272e-02 
-3.406093622740e-02  4.301827725524e-01 -2.371835456404e-02 
 4.446659422922e-02  3.584372513571e-02  3.543639018284e-02 
 3.635995713013e-02 -8.318628215036e-03 -1.884609849783e-02 
 1.393511744902e-02  6.004279013126e-03 
-1.306556525202e-02  1.988720000739e-02 -4.322636556391e-02 
 4.407327310059e-02 -1.402042043609e-02  9.662918993882e-02 
 9.968219812442e-02  3.735466155287e-03  2.302086554424e-01 
 9.864064662800e-02 -1.665923857792e-01 -1.293511283957e+00 
 1.603040578185e-01 -1.185166313551e-02 -1.714175924473e-01 
 3.069693415820e-01 -4.377830849636e-02 -3.993468794831e-01 
-5.453647970457e-02 -9.585218018048e-02  2.916214196167e-02 
 5.066243254586e-01  1.665501480384e-01  1.334523364865e+00 
 2.746957764301e-02  2.933460002727e-01 
-2.835427356566e-03  1.730414561445e-02  5.579100999782e-02 
 1.190384903234e-01 -2.045334058870e-02 -3.354227060411e-02 
 2.031013449215e-01 -1.107563563847e-01 -1.975403722231e-01 
-4.486439503758e-02  6.515024189544e-02  8.219822478348e-01 
 2.968337406897e-01  5.096806071686e-02  7.543148992672e-02 
 7.519889203923e-01  1.597262752266e-01  2.066048027512e-01 
-5.097103864457e-02 -5.461194730388e-01 -1.305816115571e-01 
-1.627985827185e+00  9.420909885603e-02  5.545855447457e-01 
 6.746909968896e-02  3.435046962354e-01 
 1.247313761381e-01 -1.913805723542e-01 -2.274360923616e+00 
 3.523275927710e-02  7.119055351342e-02  1.255404511704e-01 
 1.546080820039e-01  2.914506216239e-01  7.020472418072e-01 
-2.529155988070e-02  4.379247329573e-02  2.402637897252e-01 
 1.073404936776e-02 -1.633182366381e-03 -1.395059496108e-02 
-3.296231867349e-03 -8.192151997966e-02 -1.847367175470e-01 
 3.454834774265e-02  1.455381630278e+00 -1.883435222672e-02 
-1.311329770906e-01 -2.829568250206e-02 -6.195238845223e-02 
 2.927112477873e-02  1.666637761811e+00 
-1.080682622631e-02 -7.035003325246e-03  2.652842207810e-01 
 3.371099522999e-01 -4.056734100858e-02 -1.814010159392e-02 
 1.730287465664e+00 -1.402768469420e-01  1.425176612554e-01 
 6.625339441878e-03 -1.947003923978e-02 -1.943043792034e-01 
-1.697742383198e-01 -1.581110395721e-03  5.231517562543e-02 
-8.347326523526e-01  9.776182404722e-03  1.437277023193e-01 
-3.611659834288e-02 -1.806609710843e+00 -4.499098009301e-02 
 6.307796558896e-01  2.941074427913e-02 -7.253872241917e-01 
 2.517336372972e-02  1.776523434259e+00 
-5.981299826840e-02 -9.031613497098e-02  2.629185094322e+00 
-4.183397217814e-02  2.390139926087e-02  4.811742472609e-02 
-2.858965905788e-01 -6.843315389056e-02  2.763681987549e+00 
 6.472703896715e-02 -8.488155146630e-02 -2.477202384413e+00 
 3.128319427283e-02  2.251312213738e-02  2.792242346076e-01 
 1.158029161744e-01 -5.437046716070e-02  1.832375605749e+00 
-7.065594850782e-03  6.625311112247e-01 -3.647924374674e-02 
-7.200423147393e-01 -4.162677052790e-02 -4.293346400832e-01 
 2.546099274643e-02 -1.232144588564e-02 
-2.622564052259e-03  2.491450669353e-01  1.423195462849e-01 
-5.273643194975e-01  1.464732621237e-01  3.335805413741e-01 
 1.289326520085e+00 -2.431165212864e-01 -1.236079625099e-01 
 2.028385727365e-02 -1.026761066698e-02  5.697869862459e-03 
-8.921020945597e-02  9.164032488750e-02 -7.480663142565e-02 
 1.454860169810e-02 -1.635784037276e-02  5.887718873553e-01 
-3.827458678688e-01 -2.429920916243e-01 -3.052572342234e-01 
-9.171921920454e-03  5.009966151129e-01 -5.147221939721e-01 
 3.881020712940e-01  3.333919144336e-01 
-1.531858022375e-02  2.010314259885e-01  4.294443698973e-01 
 2.372799308390e-01  8.999589777528e-01  2.096688809677e-01 
-4.959385607074e-01 -1.016086278075e+00 -9.566512362293e-02 
 1.852931095802e-02 -1.739553832197e-02 -2.068341511906e-01 
-2.666920964416e-02  2.604456812367e-01 -8.575478077242e-02 
 5.134560141984e-02 -1.046050142991e-01  4.780732161768e-01 
 4.818005298217e-02 -2.846157373726e-02  8.568101869655e-02 
-6.646118231665e-02 -8.477440818200e-02 -6.408013888212e-02 
-1.649705504906e-01 -1.885340950054e-01 
 1.743176255626e-02 -5.964339453558e-01 -1.112122024367e+00 
-2.464976326223e-01  3.445171456917e-01 -8.385656112749e-01 
 6.650900499756e-01 -3.840201554284e-01 -3.673737030876e-01 
-6.686599161173e-02  2.141604668829e-02  8.895787165247e-01 
-5.029734432847e-02  1.052401091450e-01  1.814516297533e-01 
-1.913903998976e-02  2.308005877750e-02 -1.873103501118e+00 
-1.351347940512e-01 -3.304470298077e-01 -1.356447136932e-01 
 4.780546850416e-01 -5.328608311392e-02  5.594503488863e-01 
 1.418131828102e-01  7.818909418518e-02 
 1.439833902417e-02  4.306593821465e-01 -1.026923661553e+00 
 1.322692306857e-02  3.166557713350e-01 -9.815834638844e-02 
 7.142510235582e-02 -6.300907708655e-01  2.831342465207e-01 
-1.607617188734e-03  9.079000303323e-02 -5.100298014113e-03 
 1.032155768172e-01 -8.360196197642e-01 -4.833882087548e-02 
-1.534344826685e-01  1.131236354373e+00 -1.374922991761e-01 
 2.134904321041e-01  1.544399033993e-01  8.026772067980e-02 
 5.132914890358e-02  2.268812361188e-01 -1.909228405054e-01 
 2.231739790425e-01  2.223116929503e-01 
 6.258874243037e-02  1.020729681888e+00 -2.451627731485e+00 
-2.572212634462e-02 -5.990200310396e-02 -3.120678210748e-01 
 1.851700354494e-01  5.683349693423e-01  9.274075210238e-01 
-1.174728338851e-02  2.842059178402e-01 -2.806567484867e-01 
 1.055275429736e-02  3.666477486412e-01 -1.915733589041e-01 
-1.394732982190e-01 -6.603778386015e-01 -1.387636929764e-01 
 6.278331139265e-01  4.748396831449e-01  1.790703246224e-01 
 1.049620271380e-01  1.056380561829e-01 -2.577827877069e-02 
 5.270016528936e-01  6.994159957154e-01 
 3.229030396272e-02  1.488652487350e-01  6.242495343616e-01 
-6.207097428382e-02  2.515050160559e-02  1.040640117330e-01 
 3.971237595722e-02 -1.402662529026e-01  3.051061870413e-01 
-4.382794701252e-02  3.815599576011e-01 -7.051875092607e-01 
-4.700969803198e-01 -1.349457461333e-01 -8.217521811343e-02 
 8.002819732551e-01  2.646538294481e-01  9.912869963847e-01 
 7.528680458208e-02 -9.348359417950e-02 -5.148417620318e-01 
-4.070019750462e-01 -9.929500964802e-01  9.890532903194e-01 
 2.195984944291e-01 -5.405412399242e-02 
 4.789507855346e-02 -4.162833626724e-01  1.209859426344e+00 
 3.123550956037e-01  7.122943251869e-03 -1.954672215568e-01 
-7.523780770339e-01 -3.485966448113e-02  3.472326260912e-01 
-3.600131371761e-02  2.745135792319e-02 -1.402569112559e-01 
 6.113340556194e-01  6.093839683332e-02 -3.968319002238e-01 
-4.835484853760e-01 -9.017679098619e-03  9.873625363788e-01 
 4.986625354845e-02  2.672789744708e-01 -9.720427150194e-01 
 7.534550337300e-01  1.151380775007e-01 -8.906012837767e-01 
 1.993943368252e-01 -7.545947082028e-01 
-4.570452776949e-02  7.882442706239e-01 -2.105994343139e+00 
 6.071061816977e-01 -8.272925478464e-02  2.141943139104e-01 
-1.250376217043e+00  2.110129310153e-01 -4.900651771287e-01 
-8.777601213393e-03  3.398906864494e-01 -1.211799141979e-01 
 2.087868087760e-02  5.881184355227e-02  7.760593661680e-01 
 2.773471280460e-01 -1.129108639133e-01 -1.422324919343e+00 
-4.656953541491e-01  1.355302214509e+00 -3.893348933234e-01 
 9.679936962719e-01  1.129448836075e-01  4.361853691615e-01 
 2.805860192164e-01 -6.931051175735e-01 
-2.151713006660e-02  3.722700205584e-01 -5.471508410263e-01 
-7.167740141026e-01  5.921577203759e-02  3.093510812329e-01 
 1.888612456283e+00 -1.190494406627e-01 -4.024171228518e-01 
-6.739951297907e-03  3.483250406582e-01 -4.978492553831e-01 
 6.065545552722e-01  3.290044082441e-02  4.532091800222e-01 
-1.488788237223e+00 -6.037436816811e-02 -4.467129921807e-01 
 3.729986808404e-01 -1.304779305947e+00 -1.849754509646e-01 
 1.007495937507e+00 -3.375647236208e-01 -2.370059581017e-02 
-4.436424058157e-01  1.359868305066e+00 
-2.803950084395e-02  1.237649010194e+00 -2.098575325250e+00 
-1.138064902390e-01 -1.248526729354e-01 -6.642915136390e-01 
 8.939990583318e-02  1.614866974998e-01  8.546410110556e-01 
-4.230023110882e-03 -1.755249738131e-01  5.240020285215e-01 
 1.490966144702e-02 -1.138212081189e-02 -3.223798702163e-01 
 8.792211811791e-02  5.787108708754e-02  6.316762718599e-01 
-6.166761450553e-01  1.196162362902e+00 -1.760231729462e-01 
-3.200135700973e-01 -9.171023364382e-02 -2.644481210538e-01 
-7.501755232505e-01  1.372831988046e+00 
-7.885415680276e-03 -1.125109448802e-03 -4.051885390146e-01 
-1.620193713910e-01 -4.949310656767e-03  2.625248794257e-02 
-1.863285712429e+00  1.016663714507e-01 -5.673303155686e-02 
-5.691857276869e-03 -1.125611392594e-01  3.738988081469e-01 
-4.643502550083e-01 -9.738664742272e-04  2.074292931395e-01 
 2.209389221080e+00  6.078676557763e-02 -3.830192533854e-01 
 7.453038498095e-01  3.745326473614e-01 -6.989278829443e-01 
-2.770108113196e-01  6.372644821524e-01  3.686522491890e-01 
-6.540007885593e-01 -3.474566960904e-01 
 9.965727163925e-04 -4.759499579446e-01  3.395755944719e+00 
 3.521281251630e-02 -1.162503689050e-02 -1.459861073579e-01 
-4.086457011236e-01 -8.742336494988e-02  1.671637560325e+00 
 3.311744500964e-03  1.925566817774e+00 -4.936799744544e+00 
-5.834453624591e-02  1.668566747106e-02 -2.600427005978e-01 
 1.813909691208e-01 -1.136802400430e-01  1.341788815805e+00 
-1.914515205566e-01  1.647812297241e-01  2.387663888346e-01 
 2.279787122075e-01  3.746340108664e-01  1.586414229662e-01 
-3.128902234089e-01 -1.870123267734e-01 
orbocc
(*)
 0.000000000000e+00  0.000000000000e+00  0.000000000000e+00 
 0.000000000000e+00  0.000000000000e+00  0.000000000000e+00 
 0.000000000000e+00  0.000000000000e+00  0.000000000000e+00 
 0.000000000000e+00  0.000000000000e+00  0.000000000000e+00 
 0.000000000000e+00  0.000000000000e+00  0.000000000000e+00 
 0.000000000000e+00  0.000000000000e+00  0.000000000000e+00 
 0.000000000000e+00  0.000000000000e+00  0.000000000000e+00 
 0.000000000000e+00  0.000000000000e+00  0.000000000000e+00 
 0.000000000000e+00  0.000000000000e+00 