2mocoef
header
1
MO-coefficients from MOLCAS
1
26   26
a
mocoef
(*)
 7.952199360250e-05 -6.359818670350e-04  6.048492501762e-03 
 2.102088169713e-05  1.484495646389e-05 -3.833834101349e-04 
-1.217369385679e-05  1.044371191001e-04  3.171224175655e-03 
 9.959308860469e-01  2.428803288148e-02 -1.419125528967e-02 
 2.542334861069e-04  2.118423005775e-04 -6.347248544897e-04 
-5.314421320903e-04 -1.914884923751e-04  2.297702116324e-03 
-1.605142959172e-04 -1.203833067142e-04 -5.198548732361e-05 
 2.157044920716e-03 -1.316774336208e-05  1.389781100689e-03 
-1.857117567069e-04 -2.801536403019e-05 
 9.960668223647e-01  2.408193360607e-02 -1.122595327888e-02 
-7.602593728300e-05  2.139069823946e-04  1.115900193000e-03 
 6.780498053325e-05 -3.574173851527e-04 -1.449347298999e-04 
-3.813590125792e-04 -3.208644933210e-04  1.571948446701e-03 
-8.802024780519e-05 -3.053634863699e-05  4.641923702330e-04 
-5.041410451924e-04  4.929248134021e-05 -6.499577434108e-06 
-2.512355998108e-04  2.692382937294e-03  5.029008602728e-05 
 4.725878418499e-04 -9.975670658720e-05 -2.175530858736e-06 
-8.883449818326e-05  2.500849089120e-03 
-1.068068123250e-01  2.250712057699e-01  5.393486302524e-02 
-2.569271219968e-03  7.377633043371e-03  1.219746939184e-01 
 6.202930655057e-03  1.863763859866e-03 -3.580055352661e-02 
-1.943925805436e-01  4.174405140304e-01  4.110227315596e-01 
 1.334931117627e-02  1.021099519616e-02 -4.540983251663e-02 
-1.071299694758e-02  5.412198405360e-03 -1.229374953873e-02 
 4.594746867168e-02 -2.138938422913e-03  1.261877293327e-01 
-9.868224921822e-03  1.043693607190e-01 -6.782451398082e-03 
 4.302344511240e-02  7.678961692553e-03 
 1.639109844457e-01 -3.546096677623e-01 -2.976429123631e-01 
-1.792115035777e-02 -1.959331476820e-02  4.091551447867e-02 
 3.401550535599e-03 -1.143967143968e-02  2.582953193260e-02 
-7.003180023791e-02  1.506601704022e-01  2.328436487399e-01 
 1.017825756758e-01  1.658298214119e-02  2.779432961537e-01 
 4.019046783446e-02  1.445849639523e-02  1.030460692695e-01 
-1.615835121669e-01 -3.659966555496e-02  1.761843976498e-01 
 1.585072452584e-02  8.453799223782e-02  7.416544994730e-04 
-1.229632144967e-01 -2.182731908378e-02 
-3.300715275997e-02  6.090902756618e-02  1.301722690884e-01 
 2.113739698908e-01  2.015388254969e-02 -2.088903633386e-01 
 4.394626614329e-02  9.054579457147e-03 -2.636040194210e-02 
 2.350238961311e-02 -5.230742148820e-02 -9.415093267522e-02 
 4.092792097301e-01  1.736486556472e-03  1.618975164882e-01 
 2.436953913674e-01 -3.465636582469e-03  7.395894060506e-02 
 1.676088141401e-01  6.795661257624e-02  2.168351738626e-01 
 3.122806711929e-02 -1.294444557846e-01 -1.615882587378e-02 
 1.129978177114e-02  6.911262579585e-03 
-1.699106556455e-02  2.158329903235e-02  1.939960864474e-01 
-1.929765646004e-01  1.074921336767e-02 -3.712525632327e-01 
-9.456791809807e-02  4.607377289026e-03 -5.451457405951e-02 
 1.793840205734e-02 -4.431129739877e-02 -4.720677495863e-02 
-1.488382473690e-01  2.818147633435e-03  3.734417687356e-01 
-8.162637074907e-02 -3.080194983408e-03  2.051935485486e-01 
 3.516740705156e-02  2.346189112655e-02  3.105700438522e-02 
 2.260788867719e-02  1.555731770816e-01  2.753424703483e-02 
 2.147035493864e-01  1.061050209249e-01 
 7.320107704209e-04 -4.043310752397e-03  1.619300504778e-03 
-3.540389595161e-02  2.018002496574e-01  1.107139718079e-02 
-2.064554554815e-02  5.155056682454e-02  4.023734744186e-03 
 6.495747021496e-03 -1.785841029085e-02 -1.770943755058e-02 
 2.416887999154e-02  5.880958438957e-01 -3.014525733701e-02 
 2.172577794929e-02  4.514107058224e-01 -1.803581803339e-02 
-2.071781541618e-02 -1.659573511813e-02  7.299766298479e-03 
 1.885767845879e-04 -2.566579953896e-03 -5.048560769052e-03 
 1.793417071654e-02  6.121598122135e-03 
-8.447619552710e-03  1.361323185245e-02 -8.935486223781e-03 
-4.007574011469e-01 -2.840888685244e-02  6.941598770502e-02 
-2.648160165947e-01 -7.959999985516e-03 -5.347967059751e-03 
 2.604105178368e-03 -7.231137522664e-04 -2.695810803202e-02 
 2.679766925478e-01 -4.383612844849e-02 -1.145643256808e-01 
 2.305053370432e-01 -2.960107136517e-02 -6.736717707939e-02 
-2.369128222454e-01 -8.306222306612e-02  1.234468842459e-01 
 3.856360285453e-02 -1.840476488892e-01 -5.830320552670e-02 
 2.054735070112e-01  8.963951702837e-02 
-1.632750036721e-02  3.937469133720e-02  6.406986991064e-02 
 2.002733698328e-02 -6.118046838250e-01 -2.658183801596e-02 
 2.319640440672e-02 -5.898963459204e-01 -2.884978941107e-02 
 6.584423654600e-03 -1.875529504367e-02 -1.908082662651e-02 
 8.390191811020e-03  2.732104664242e-01  3.833174096553e-04 
 1.036535816804e-02  4.006253290391e-01 -1.104547524663e-02 
-2.251852569695e-02 -2.635261091253e-02 -5.135844569256e-05 
-1.399393689591e-03  1.770586291177e-02  2.494767575437e-02 
-1.180930036537e-02 -1.204946327021e-02 
 1.913447028741e-02 -4.438780755811e-02 -3.909333930701e-01 
 7.664948749174e-02 -4.260399757100e-03  1.341526556074e-01 
 1.572120500862e-01 -8.125399398999e-03  4.905551447032e-01 
 9.440445918567e-02 -1.438741451319e-01 -1.531999239467e+00 
 1.087614553736e-01 -2.645020870678e-02 -1.342401994510e-01 
 2.294509113026e-01 -6.166517709250e-02 -3.772398537934e-01 
-2.366720674761e-02  1.797391389709e-01  1.054178743450e-02 
 5.950858590109e-01  1.132327938006e-01  1.348517837709e+00 
 4.659819574113e-02  6.732220637936e-01 
-1.319642166156e-02  4.134631410717e-02  2.617067187976e-01 
 2.289037379000e-01  1.532787903032e-02 -1.581272972127e-02 
 6.060523011828e-01  6.979935745147e-02 -2.851276675712e-01 
-3.588978149101e-02  4.456173391518e-02  8.265979788566e-01 
 2.318458076630e-01 -7.375414066261e-03  2.346773528645e-02 
 6.690040062092e-01 -2.944098848192e-02  9.549178040859e-02 
-4.552143287791e-02 -1.101330850202e+00 -9.202948399591e-02 
-1.557016443913e+00  8.758476825616e-02  6.167498537568e-01 
 6.040199801957e-02  5.671766964644e-01 
 1.233114326825e-01 -1.932811355168e-01 -1.980153403892e+00 
 9.708122012250e-02 -4.019073025225e-02  1.161611373204e-01 
 2.737548268593e-01 -1.486523666832e-01  4.054922146805e-01 
-5.350098772912e-02  8.647917233680e-02  7.687104072125e-01 
-5.243441061668e-02  2.086951886043e-02  7.948357026962e-03 
-1.773083672718e-01  6.920038996546e-02 -7.309951288262e-02 
 5.567603138904e-02  1.074042318153e+00 -2.408684466630e-02 
-2.648126358766e-01 -3.104544320930e-02 -5.519814339636e-01 
 8.073058761106e-02  1.519327583510e+00 
-2.801160466420e-02  2.388888525035e-02  9.823235532204e-01 
 2.912896699508e-01  2.234179878530e-02 -1.848165896250e-02 
 1.587323406329e+00  8.373869799620e-02  1.759722276213e-01 
 1.738412243776e-02 -1.610797007595e-02 -5.683027061855e-01 
-2.268763931189e-01  4.983007407846e-03  3.217656784679e-02 
-1.045376500081e+00  1.953360367410e-03  2.464328099021e-01 
-1.047085222488e-02 -2.006213218117e+00 -2.898295478809e-02 
 1.194536442325e+00  8.431554965007e-03 -9.747845086861e-01 
 2.465172892814e-02  1.186114979318e+00 
-5.848918161026e-02 -4.746101424387e-02  2.386578867544e+00 
-1.808380873564e-02 -1.037866809658e-02  6.225545158744e-02 
-2.748540491079e-01 -4.297127977127e-02  2.668113293208e+00 
 5.382904193127e-02 -5.001852742417e-02 -2.039527263024e+00 
 5.310116740792e-02  1.173082600283e-02  3.040940592824e-01 
 1.823890930488e-01  6.353034839245e-02  1.865458461929e+00 
 4.976999838183e-02  5.587021192722e-01 -1.913884177757e-02 
-9.814516484012e-01 -2.671249701714e-02 -5.412481871983e-01 
 3.988773529221e-02  1.284345891484e-01 
-2.380785926538e-02  3.373755101832e-01  8.743105660772e-01 
-4.115863663831e-01 -2.316158814288e-01  6.301433121726e-01 
 9.457849102461e-01  3.187016449174e-01 -5.411185907878e-02 
 3.930006832084e-02 -2.152937155135e-02 -2.602823903302e-01 
-1.009430172572e-01 -5.412771557956e-02 -5.396437635714e-02 
 2.501631933521e-01 -5.907101696417e-03  1.154570435582e+00 
-3.505058103089e-01 -2.607579786194e-01 -3.111654407135e-01 
-2.914962150790e-01  3.505441810235e-01 -4.375853214113e-01 
 2.537439286120e-01  1.581254921025e-01 
 1.323069006078e-03  7.872614257488e-02  1.518086685120e-01 
-1.148456859349e-01  9.785259110149e-01  1.919719043694e-01 
 1.814987910592e-01 -1.112838513491e+00  2.718103108907e-02 
 1.230340233102e-02 -1.009152778260e-02 -9.653203224450e-02 
-1.654280909449e-03  2.103988701484e-01 -2.978344032724e-02 
 4.874043501529e-02  2.176592080863e-02  3.303153723724e-01 
-3.498258542487e-02  3.682634243338e-02 -6.385186580236e-02 
-8.583893872428e-02  7.150002317330e-02 -8.790882742699e-02 
 7.284183856328e-02  5.735065238966e-02 
 5.226414460638e-03 -5.713291854139e-01 -3.109839289482e-01 
-4.861480972121e-01  5.379444290046e-02 -7.265915475428e-01 
 1.388203195404e+00 -1.078384507928e-02  5.465181246533e-02 
-4.242218018719e-02 -3.231562150851e-03  4.117033518755e-01 
-6.999705562183e-02 -3.846988164254e-02  1.191137114711e-01 
 3.275915114474e-02  2.433075105100e-03 -1.270909718084e+00 
-3.339287652183e-01 -5.741644081298e-01 -1.360361887596e-01 
 9.917830937673e-02  2.418412477106e-01  3.067930836102e-01 
 2.362605591131e-01  3.893008116887e-01 
 5.934465450852e-02  1.077234320690e+00 -2.463203172155e+00 
-5.475274405354e-02 -4.499512623696e-02 -2.754541969150e-01 
-1.253615228601e-01 -6.751996404250e-02  5.119122618139e-01 
-1.582948738942e-02  2.961314054063e-01 -1.015767916723e-01 
-4.201464238518e-02  6.658831198584e-02 -2.008770881853e-01 
 9.661384970953e-02 -6.554168340016e-02 -2.998765720048e-01 
 5.569955860804e-01  5.407951782129e-01  8.645449675842e-02 
 1.434341555053e-01  2.016832894115e-01  9.160126926658e-02 
 7.009691863423e-01  1.276787955007e-01 
 1.333279162929e-03  1.357860768214e-01 -2.800880650521e-01 
 1.979413481329e-02  2.328918225980e-01  4.594261475145e-02 
-1.105952463853e-01 -6.738693501673e-01  3.565597898922e-02 
 1.784944451279e-03  2.128341836310e-02  6.979106947999e-03 
-1.876523725347e-02 -9.596943607759e-01  4.428665336105e-02 
 2.403708350074e-02  1.285456725551e+00 -3.421406490124e-02 
 6.763277515934e-02  1.297141842774e-01  3.811265988846e-02 
-1.091297716086e-02  2.717380033093e-02 -5.298619351304e-02 
 3.639726708784e-02  1.280124982044e-02 
 6.001180663844e-02 -6.522330323178e-01  1.711731957058e+00 
 2.844370826982e-01 -5.465930734739e-03 -1.672248183307e-01 
-8.141379233178e-01 -4.542722774390e-02  4.148232795745e-01 
-6.047274312533e-02  1.139634117701e-01 -1.707335037155e-02 
-2.778354919973e-01 -3.516649395375e-02 -4.099356293098e-01 
 8.952946155515e-01  1.235207686386e-01  1.287837821643e+00 
-1.040433837734e-02  2.428732211505e-01 -6.626397734881e-01 
-6.014303398519e-01 -6.754981183645e-01  3.412308980087e-01 
 4.617083901163e-01 -9.920232736699e-01 
 1.477861277004e-03  5.496745171395e-01 -4.166630984166e-01 
-8.083222914797e-01 -1.106580715159e-02 -1.464396044650e-01 
 1.711674325546e+00 -1.131645739666e-02  4.684478593770e-01 
-2.311446982063e-02  1.590604588903e-01 -1.451785514104e-01 
-1.438663665826e-01 -7.112772429043e-03 -1.052356128269e-01 
-2.479778653935e-01  5.917678103401e-02  6.666879041956e-01 
 3.170353092579e-01 -9.240352218601e-01 -3.176231365677e-04 
-3.923063052715e-01 -7.518689927181e-01  4.004360831958e-01 
-6.457880059672e-01  1.751413807098e+00 
 3.844285164263e-02 -4.223128039689e-01  1.432517175609e+00 
-2.349336825468e-01 -2.281605277417e-02 -2.921973741086e-01 
 7.471113957221e-01  1.669603035573e-02  6.580073241969e-01 
 3.729715865282e-03 -2.272850178926e-01  5.028826076154e-02 
 7.459437725263e-01 -6.341070074927e-02 -7.263682665745e-01 
-1.261969534682e+00  1.161726895325e-01  1.352926522924e+00 
 1.997341369770e-01 -6.039810441233e-01 -2.016059231337e-01 
 2.902291370492e-01  3.882023533442e-01 -1.502130253719e+00 
-1.672873036464e-01  4.304246053049e-01 
-2.547166150727e-02  1.211467004142e+00 -2.360879811654e+00 
 4.394787009377e-01  8.524489959368e-02 -5.550992251105e-01 
-1.150377339687e+00 -1.625037031654e-01  6.625526053516e-01 
-1.651153734228e-02  1.772998250757e-03  4.672832162753e-01 
 4.933356683900e-02 -1.024706323830e-02 -1.270770174315e-01 
 4.967342937008e-01  4.372567969474e-02  2.785417594488e-01 
-8.205337095358e-01  2.080799322180e+00 -4.790452734883e-01 
-6.539551758963e-02  7.980824154156e-02 -1.947253311690e-01 
-3.927013729268e-01  4.334360778621e-01 
 3.406043856954e-03 -2.223787573491e-01  7.467732070263e-01 
 6.645905455131e-02  1.417326388623e-02 -2.624917216118e-01 
-6.377502112802e-01 -1.841043455445e-02  6.801250548266e-01 
 4.095615549016e-02 -4.853365273280e-01  3.595277677831e-01 
-7.121308313705e-01 -1.774731338893e-02 -6.359989602070e-01 
 1.264739649382e+00  4.307423872526e-03  8.903346244742e-01 
-7.182444130481e-02  4.756088133560e-01  7.990975239656e-01 
-1.700171109159e+00  3.320607219129e-01 -1.027833190626e-02 
-2.132287181279e-01 -2.618641139520e-02 
 1.170728984490e-03 -5.069676607812e-01  2.775639611281e+00 
 3.527318845295e-02  4.827586688929e-03 -3.441002973053e-02 
-1.040774527738e+00  2.998863940807e-02  1.275813085316e+00 
-1.955392105826e-03  1.803200113639e+00 -4.430956935519e+00 
-1.408287566168e-01  9.851973988992e-03 -1.581411909971e-01 
 9.008300474205e-01 -6.841928968842e-02  9.231229807443e-01 
 1.251010122010e-01  2.224987211527e-01 -9.608096269477e-02 
 2.847847599333e-01  5.461610694897e-01  4.486807531836e-01 
-4.461966525282e-01 -3.399601077186e-01 
 8.302019324747e-03 -1.005393514082e-02 -1.944103057400e+00 
-6.740297379605e-02 -1.389740701001e-02 -3.937812453105e-03 
-2.194376803540e+00 -7.217170487591e-02 -8.853871524948e-01 
-2.260640612866e-02 -7.698626727823e-01  2.543633716890e+00 
-2.493447988841e-01  1.766376008167e-02  2.633277873894e-01 
 2.368443165910e+00 -2.556966636350e-02 -1.107804319729e+00 
 8.069281966636e-01  7.143476878160e-01 -9.534345004340e-01 
-5.083277225349e-01  5.675721413547e-01  4.336214036317e-01 
-4.674092706566e-01 -5.922679231907e-01 
orbocc
(*)
 0.000000000000e+00  0.000000000000e+00  0.000000000000e+00 
 0.000000000000e+00  0.000000000000e+00  0.000000000000e+00 
 0.000000000000e+00  0.000000000000e+00  0.000000000000e+00 
 0.000000000000e+00  0.000000000000e+00  0.000000000000e+00 
 0.000000000000e+00  0.000000000000e+00  0.000000000000e+00 
 0.000000000000e+00  0.000000000000e+00  0.000000000000e+00 
 0.000000000000e+00  0.000000000000e+00  0.000000000000e+00 
 0.000000000000e+00  0.000000000000e+00  0.000000000000e+00 
 0.000000000000e+00  0.000000000000e+00 