2mocoef
header
1
MO-coefficients from MOLCAS
1
48   48
a
mocoef
(*)
 9.959778563545e-05  1.971441988009e-04  1.778990725248e-03 
-1.138645979846e-05 -2.325086374227e-05  1.268912536940e-04 
 2.154722717948e-04 -5.707915868980e-05  1.131666822275e-03 
-1.041321139005e-04 -9.665940391916e-05 -4.648039677701e-04 
-2.355499139167e-05 -1.600672745680e-04  1.000881479901e+00 
 4.524182146197e-03 -5.391221138078e-03 -7.696223854427e-04 
-1.998439001486e-03 -1.419763013596e-03  6.883356995859e-04 
 1.615023015435e-03  2.212720136716e-03 -5.788975086134e-05 
-1.922349429944e-04 -9.241718586406e-05  1.712520776177e-04 
-3.515397667890e-05 -4.432925399551e-04  3.050411908635e-04 
-4.226216375684e-05  8.554974567336e-05 -1.229554295314e-04 
-4.741576687863e-05  4.104125217157e-04  2.176027023240e-04 
-5.731530868337e-04  1.113144581455e-04  3.248027414353e-04 
 2.885933692186e-05 -5.112043034895e-04 -1.928360345235e-04 
-4.560456791634e-06 -1.571395675978e-04  1.666867844835e-04 
-8.255615224897e-05  1.724453610352e-04 -2.243596198521e-04 
 1.001164449714e+00  7.108075207495e-03 -5.934589360243e-03 
 2.257948048911e-04 -2.659147520204e-05  1.898239832995e-03 
 4.494426599045e-05  2.132251657818e-04 -1.688076368151e-04 
-1.632213128141e-04  2.824241479273e-04  5.710131538964e-04 
-4.401190471901e-05 -2.678802561284e-04  2.311124371211e-04 
 1.324118044499e-03 -2.871772354969e-03 -2.188646190215e-04 
 1.338411186724e-04  2.199735705965e-04  8.190309409749e-04 
 2.060403035808e-04  1.174955052309e-03 -1.741439943375e-08 
 1.136349142809e-04 -5.637518470323e-04 -2.085138533792e-04 
 1.964786118018e-06 -5.116623026846e-05  9.061737675427e-04 
-9.723267670658e-05  2.894236991465e-04 -1.712371387501e-04 
 3.540014364640e-04 -2.609489838764e-04 -1.315826676098e-04 
 3.066986116663e-05 -2.443589419891e-04  1.064330138794e-03 
 1.760685871531e-04  2.220806714872e-05 -5.423535071464e-06 
-4.459049116341e-05 -2.773079621902e-04  1.823184687675e-03 
-1.192213014761e-06 -9.098167869549e-05 -3.441007392361e-05 
-8.660327052696e-03  3.540540894732e-01 -1.188435540256e-01 
 1.746489514108e-03  1.597352485698e-03  1.726421284933e-01 
-2.107454948830e-03 -8.655058990581e-03 -7.542923686343e-02 
-2.675884280192e-04 -4.165357704172e-03  2.695494523157e-02 
 3.364011349558e-03  7.979685016701e-04 -4.298061569142e-03 
 8.007249094388e-01 -1.501704113702e-01 -6.534508028066e-02 
-9.471453035095e-02 -1.009433741296e-01  1.784930886356e-02 
 4.000436608547e-02  1.302349055376e-02  1.053770746418e-03 
 1.419930907474e-03  1.028835028390e-02  4.638650221269e-03 
-3.609298653987e-04  7.671346627809e-02 -3.349424206316e-02 
 2.092365711031e-03 -7.661390669349e-03  5.076431682759e-03 
 2.571835703030e-01 -1.255462720382e-01 -1.535125066418e-02 
 2.288310599668e-02 -1.521645640692e-02  2.919669172302e-01 
-1.498694900058e-01  3.498161462117e-02  7.368659460533e-03 
-1.626686359137e-03  6.327985850738e-02 -4.301642754995e-02 
-1.531412581737e-04  2.918846655381e-03  7.906506757858e-03 
 1.117068872596e-02 -7.108456570681e-01  1.130797794475e-01 
 3.195004153820e-03  1.421707112853e-02  1.292487782470e-01 
 1.197606360634e-02 -2.940323138968e-02 -4.216148929076e-02 
 2.034375949265e-03 -1.007373655418e-02  7.476427158539e-04 
 5.260864615950e-03  5.005604635372e-03  3.257318565376e-03 
 2.986800577062e-01 -2.591355547742e-02  6.584093490763e-02 
-1.791984673083e-01  2.476502224304e-01 -7.343186219806e-03 
 4.595926573497e-02 -4.859438626466e-02 -1.714230684103e-03 
-4.586550521760e-03 -1.753484053410e-02 -2.903304777913e-03 
-4.388564139822e-03 -2.687745557952e-01  1.258268234274e-01 
-5.921200485657e-03  2.212279768006e-02 -4.258898332533e-03 
 3.311793317479e-01 -1.486357375375e-01 -1.368055572211e-02 
 2.158055974579e-02 -1.252012812910e-02  7.541625461525e-02 
-2.827188011077e-02  1.016306401619e-02 -3.664999787300e-03 
 1.018560722890e-02 -4.081600989423e-01  1.810843242965e-01 
 4.290438731003e-03 -1.960441410112e-02 -1.896734431941e-02 
 7.855001137645e-03 -9.985816106769e-02  9.287032107367e-03 
-1.230066905241e-01  3.841811502830e-01  3.648252296496e-01 
 1.728277752882e-02 -6.746457604201e-02 -1.128651266591e-01 
 1.669817490356e-03  5.190353499738e-03  1.890978259936e-02 
-5.506044165810e-03  3.852332395181e-03  3.661760802108e-03 
 4.092902746950e-02 -1.235895354764e-02 -2.595481478851e-01 
 3.162613423390e-01 -2.865080896593e-01  3.865845170679e-02 
-4.490082017503e-02  4.900179780591e-02  5.893823009480e-03 
-3.424180939825e-03  9.663027261245e-03  7.788911748924e-03 
 1.298920046937e-02  1.621500546823e-01 -6.806398816401e-02 
 8.122270432246e-04 -4.948293227708e-03  7.543002531057e-03 
-3.880841927297e-01  1.649131726567e-01  1.004167362815e-02 
-2.221392639959e-02  1.206011387164e-02  1.626972147115e-01 
-8.038605658419e-02  6.662065053524e-03  1.443435262872e-02 
-9.301497352490e-03 -5.200142600256e-01  2.197523498357e-01 
 4.706328402203e-03 -2.250510053786e-02 -1.869358157142e-02 
 2.862195797347e-04 -1.350669464605e-01 -2.680449447866e-02 
 1.017841117922e-01 -4.107760585620e-01 -7.644826205396e-02 
 9.067269865599e-03  4.952527907345e-02  1.393900090041e-02 
 5.983487893896e-03  2.669947386290e-02  9.269219181605e-03 
-1.090508566016e-02  4.544124745837e-03  4.430144001823e-03 
 2.137792951976e-01  6.548076276016e-02 -3.113059045704e-01 
 5.094339962387e-01  1.345048942995e-01  4.005028421394e-02 
 3.786688461736e-03  2.224531449414e-02  8.338824258183e-03 
 4.044214766614e-03 -2.717866505331e-03 -3.198596427168e-03 
 1.927431068946e-02 -4.642047515974e-01  1.513215249766e-01 
-4.792415696412e-03  1.809102624912e-02 -1.069689843597e-02 
-3.994361991127e-01  1.336467120481e-01  7.011238194338e-03 
-1.226592412851e-02  1.868483425039e-02  2.383273700093e-01 
-8.240652738667e-02  1.050800951047e-02  1.942696064672e-02 
 4.538170288802e-03  3.204157880404e-01 -1.121658606535e-01 
-9.802908760968e-04  2.804075799255e-03  1.175858110055e-02 
-2.957944148379e-03  4.334657121607e-02  8.988108246546e-02 
-9.373530492917e-01 -2.801688811603e-01  1.258694854237e-01 
-3.157095387459e-02 -4.521959958020e-03  4.301694174313e-02 
 4.047528283006e-03  3.309536871785e-03 -2.323867141514e-03 
-3.247300802781e-03  7.297448919635e-03  4.266078216005e-03 
 4.884543349923e-02 -2.503793484328e-02  2.630291830992e-01 
 1.443493538739e-01  2.416543006997e-02  4.370072859396e-02 
 2.431996594359e-02  2.148814473900e-02 -1.049702878835e-02 
 2.676808503550e-03  3.998270557602e-03  1.992898159075e-02 
-4.626542069049e-03 -6.900942004891e-02  1.680702739651e-02 
-1.897357725436e-02 -2.772689398205e-03  6.836558658409e-04 
 5.973084724087e-02 -3.343564098841e-03  9.717985740112e-03 
 5.063671131017e-03  3.381954709643e-05 -2.221183181684e-01 
 6.022144043822e-03 -1.127172003681e-02  1.191617843229e-03 
-2.249292426231e-02 -1.367259663647e-02  1.402835949903e-02 
-2.272252766118e-02 -6.734963439882e-03  1.781048547874e-03 
-1.167061405822e-03 -3.499086995930e-02  3.429795304873e-02 
-2.331271998302e-01 -6.130230546040e-02 -1.018803174009e-01 
 4.355552175470e-02  2.396129571501e-02  3.563518691189e-02 
-8.269583761857e-04 -1.867140268374e-02 -1.088978176829e-02 
-2.556478587805e-02 -2.407819466997e-03 -5.330902829114e-03 
-2.944359417078e-01 -7.178824107342e-02 -5.639661885382e-01 
-4.466823885401e-01  7.000556146029e-02  5.793363317312e-02 
 9.993187744865e-03 -1.076227368519e-02  1.863109101480e-02 
 7.473221509742e-03 -1.846200701252e-02  1.115297804530e-02 
 3.505285503087e-03  6.173331352525e-02 -1.114625202070e-02 
-3.460952690364e-03 -1.866075350028e-03 -1.479116008477e-03 
 2.911659950122e-02 -6.416120722947e-03 -1.847230056273e-02 
-8.169286063067e-03 -2.274139702893e-03  5.602202812437e-01 
-2.165663041886e-01  3.530166950694e-02 -6.038236421950e-04 
-4.207909079840e-03  1.953373190459e-02 -1.451480211348e-02 
-6.722363227424e-03  2.721745193966e-03 -7.990907076550e-04 
-2.918392336698e-03 -4.720514501863e-02  9.096932800626e-02 
-1.254337401468e-01  3.113104184616e-01 -4.250388064862e-01 
 2.253050842457e-02 -1.492129161240e-02  1.193377389550e-01 
-5.734638352937e-03  1.498684395361e-02 -3.123204408485e-02 
-8.048579847464e-03 -8.578400548205e-03  3.947581390078e-03 
 1.463129557156e-01  1.190297625440e-02 -6.274681676654e-02 
 2.724329864765e-01  6.158453864368e-01 -6.687817082917e-04 
 8.975259830665e-03 -3.426645947677e-02 -2.970546419441e-03 
-2.405005574353e-02 -1.946756121849e-02 -3.109908872764e-03 
 6.520014924970e-03  3.830866283688e-01 -1.427158963235e-01 
 3.854878882786e-03 -1.798757835512e-02  3.001084366223e-03 
 9.718592175598e-02 -3.356462794498e-02 -3.790407397891e-03 
 1.053679395028e-02  1.033896604007e-02  6.001708539858e-02 
 1.633777862743e-03 -5.763556698334e-04  9.280786860515e-03 
 1.855820259393e-02  2.191978053148e-02  1.222032235174e-02 
-2.685874482811e-03  4.546846772292e-03 -7.667156891516e-03 
-6.808659794686e-03  6.374647508924e-02  3.744231705174e-01 
-7.443056404458e-02 -1.116775995075e-02 -9.371878818275e-02 
-7.715681688696e-02  1.011798667839e-02 -1.080558198111e-01 
-5.653523959363e-03 -4.396845354411e-03  1.705610975368e-02 
-1.207949968365e-03 -1.070636928171e-02 -3.137136557150e-02 
 2.433660484969e-01  9.332165471123e-01 -1.963141294021e-01 
-2.482135376567e-01  6.788810126318e-02 -1.788483202311e-01 
-2.255475053371e-01  1.145182923328e-01  4.162586862003e-03 
-1.691592914963e-03 -2.819578244695e-03  9.015930336818e-03 
-5.299877017614e-03  3.998042118437e-02 -1.553771568293e-01 
-7.877185198118e-05 -9.700911455660e-04 -7.326634781226e-03 
-1.003967179942e-01 -6.607633969187e-01  1.327022427424e-03 
-4.353875887744e-03  3.602793510648e-03 -2.233308534893e-01 
-9.610739966029e-01 -8.351758860121e-04  1.366206886116e-03 
-3.231258600059e-04  5.662931072231e-02 -2.871244562097e-01 
-1.394363715009e-03  2.951065677287e-03 -7.980233950427e-03 
 1.984631642479e-02 -3.252974135389e-01 -9.176280763515e-01 
 7.305327841145e-02 -2.584037007343e-01  1.901005822381e-02 
 9.256458079426e-02 -3.661414441763e-01  1.532003480380e-01 
 1.624041223401e-03 -2.066322699792e-02 -1.485255376241e-03 
 1.226593477670e-02  1.136644724600e-04 -7.870045482465e-03 
 1.259777545845e-01  2.962070461300e-01  2.207714427243e-01 
-1.270858084635e-01 -2.260566718227e-02  2.259878554812e-01 
-7.920021203905e-02  1.394751045436e-02  1.837035647783e-03 
 1.654451497323e-02 -1.213947251209e-02 -1.048722296197e-02 
-2.174550967436e-03  2.440785037621e-01  1.134591092254e+00 
-2.508128133182e-03  1.532029890264e-03 -4.796100589441e-03 
-2.534852201743e-01 -7.818486176395e-01  3.326873541210e-03 
-2.023131366367e-03 -1.214441153726e-02  1.428358843923e-01 
 4.359558002708e-01  5.186723555478e-03 -4.806381404229e-03 
 1.341317453655e-03  4.050529067758e-02  2.498615788929e-01 
-3.064809082818e-03  3.835173079491e-03  3.242993814828e-03 
 2.534152480246e-02 -1.523537709955e-01 -8.857236115063e-01 
-3.620857239001e-02 -9.751758869283e-02  1.873309781629e-01 
-1.621865936093e-02 -8.812904449949e-02  3.893465052017e-01 
-8.392791310058e-03  2.555173247236e-04  1.095225493361e-02 
-4.149673092687e-03 -1.277899427979e-02  4.724024429824e-03 
 1.628316510653e-02 -1.023401691333e-01 -3.544698365374e-01 
 1.212784368208e-01 -9.650226567159e-02 -3.795997646911e-01 
 1.344538643048e-01 -6.920977806156e-02 -5.013141932999e-04 
 1.776050579721e-03  1.040075876446e-03  1.218507343152e-02 
-3.371056209051e-03  1.573332642305e-01  6.762879437697e-01 
-3.248680718036e-04  2.535784010618e-03  3.948339211292e-03 
 1.697788050591e-01  8.558563196678e-01 -3.800586724777e-03 
-1.939581470573e-03 -8.260401513441e-03 -2.686766880986e-01 
-9.962028527516e-01  1.411165565134e-03  3.391901523710e-03 
 2.942564280013e-03  1.371966602214e-01  8.206700459820e-01 
 5.742389273186e-04 -2.174113326478e-04  7.979865439389e-03 
-2.067107125853e-02  1.665927360086e-01  1.079072546600e+00 
 1.080103739632e-01 -4.379085248742e-01  3.435005561149e-02 
 2.724218675609e-01 -9.060588725037e-01 -5.438916694184e-02 
-8.052709026103e-03 -5.354437980194e-03 -1.191528503698e-02 
-1.726702008431e-03 -1.766895042472e-02  6.628308534699e-03 
-9.299259935351e-02 -2.993913986251e-01 -9.483527692567e-02 
 8.137714767580e-02  1.581377854378e-01 -1.378758285602e-01 
 2.227568230593e-01  1.629978565864e-01  4.552932483095e-03 
 1.513666139245e-02  9.730840231929e-03 -4.617517478030e-03 
 1.684489259429e-03  1.196548927101e-01  9.103413404188e-01 
-9.379257317102e-04  7.118824659491e-03  8.772860096987e-03 
-1.148515840521e-02  3.551943291813e-01 -6.206330852496e-03 
 9.592483582681e-03 -1.722732028299e-03 -1.000258899302e-01 
-1.818886030466e-01  2.304496387642e-03 -3.262081274015e-03 
 1.377818458737e-03 -4.495352158261e-02 -2.049527653489e+00 
 4.893498779157e-03 -1.610549158394e-02 -8.554344055304e-04 
 3.937770905884e-02 -1.062812672896e-01 -1.012942705754e+00 
-7.142180442656e-03 -6.905379901466e-02 -3.831925772378e-01 
-1.075463449591e-01 -2.956424313006e-01 -1.855196469171e+00 
 7.945256675206e-03  1.362364068687e-02  1.160431178861e-02 
 3.389728873316e-03  1.438757837256e-02 -3.788559840249e-02 
 1.027538517955e-01  1.218932981496e+00  1.603709636974e-02 
 1.333812741406e-01 -4.797850857009e-01 -6.701047834250e-02 
 1.854195807867e-01 -9.713121075414e-01  5.650908481313e-03 
 8.574943827174e-03  2.447166999527e-03  3.351045529712e-03 
 1.368113458747e-02 -1.408983254838e-01  3.526603022153e-01 
-7.336243801012e-04 -8.759507071726e-03 -1.524543294029e-02 
-7.193781661238e-03  7.637362408185e-01  4.585859816872e-03 
-8.794868746460e-04 -1.160667166058e-04  1.482086254701e-01 
 2.453469707945e-01 -7.406492120700e-03 -1.531822807843e-03 
-2.232167750624e-03  1.006643915272e-01 -1.282273308124e+00 
-8.126532087013e-03  1.697560275671e-02 -1.956527906226e-02 
-1.548210531755e-01 -7.803051707150e-01  1.244840416362e+00 
-2.429338133016e-01  7.419301487746e-02 -5.781842619287e-01 
 1.209945654041e-01 -2.193125708551e-01  9.584890695505e-01 
 1.581591196963e-03 -9.003423331231e-02  1.967075437130e-02 
-5.386777502497e-03 -1.126475746729e-02  1.617108446378e-02 
 9.986913075464e-02 -4.435488558797e-01  1.156764262525e-01 
 2.760782689458e-02  4.752015893402e-03  1.702406165777e-01 
 5.432308918679e-02  8.172057228898e-02  6.454807321812e-02 
 5.190233629303e-02 -8.744093994891e-02 -1.107956412432e-02 
 7.784404782940e-02  6.959422747599e-01 -6.910754130519e-01 
 1.483229252901e-03  3.932244728360e-03 -3.921945848326e-02 
-7.943289882286e-01  9.667212657782e-01  1.812237845901e-02 
 5.146206777278e-02 -8.220234115618e-02  1.318140525059e+00 
-1.712771277112e+00 -5.091881264893e-02 -5.342056183778e-02 
-1.942851252409e-03 -1.312150911469e-01  1.765638847158e-01 
-9.333133536710e-03  1.162289934606e-02  6.518419583500e-03 
 3.904668602736e-02  3.226894220066e-01 -1.475415374021e-01 
-9.702591904433e-02  3.824797589915e-02  6.337845046791e-01 
 2.380691434043e-01 -5.235355821943e-01 -1.522314712823e+00 
 3.461980773786e-02 -1.418912858794e-01 -6.830524545936e-02 
 3.240960783827e-02  4.622643224851e-02 -1.185648534947e-02 
 2.315759115561e-02  5.533799335726e-01 -4.764503032283e-02 
 2.619309632088e-02  2.346269243737e-01  1.488138971253e-02 
-5.232237391166e-02 -1.091518497672e-01  3.296141596239e-02 
 5.301124084652e-02  9.717265798028e-02 -1.729659662170e-02 
 1.344160193416e-02  6.940905436000e-02 -4.218307940776e-02 
 6.405635531949e-04 -1.883045147227e-02 -5.855241973846e-02 
-1.039503673057e+00  9.517974444818e-01 -3.746110781401e-02 
 5.415057873761e-02  8.414382171246e-03 -2.731236594172e-01 
 3.492949995340e-01  4.891393304820e-02 -3.702319996217e-02 
-2.444027254840e-02 -1.170502699675e+00  3.612889440974e-01 
-1.264272406722e-02  3.390767293817e-02  5.213740613197e-02 
 6.772264955766e-02  1.041424376475e-01 -3.981749071758e-01 
 4.790342371701e-01  2.609869837745e-02  5.107220032119e-02 
-5.646657925290e-01 -1.441890286568e-01 -2.258562276046e-01 
-1.035706056221e-01 -2.083979387853e-02 -6.761710605506e-03 
 9.029014423226e-02 -1.880684472152e-01  4.411455250384e-02 
 3.506231289267e-01 -1.041436616031e-01  3.099041442314e-02 
 8.199492510331e-02 -1.457650184447e-01 -1.442991018928e-01 
-1.792919130764e-02 -8.636666921785e-02 -6.221704181564e-03 
 2.529603035709e-02  3.615235005633e-02 -3.094886467003e-02 
-2.945001434171e-02  1.577233858284e+00 -1.665810657467e+00 
-2.797247343459e-02  6.764108643398e-02 -8.129789196035e-03 
-2.552936053246e-01  2.827604511672e-01 -4.639196439792e-02 
 7.909589400886e-03 -2.386583883548e-02 -7.519549032122e-01 
 8.675183971559e-01  3.925109774537e-02 -2.732269038232e-02 
 8.294633239694e-02  4.139466679372e-01 -3.311847824588e-01 
 2.793257415888e-02 -6.061915890944e-02 -2.075406149139e-03 
 3.657304231536e-02  3.483453972449e-02 -2.452937894797e-01 
-1.225218888492e+00 -4.255647873312e-01  2.553551247188e-02 
 1.691110625258e+00  7.495290178463e-01 -1.435422270300e-01 
-4.233011416636e-02 -1.565232711986e-02  4.501464351915e-02 
-7.962082131795e-04 -6.973463342610e-02  2.659852065834e-02 
 1.644468196066e-01 -3.042514315730e-01  5.308430898163e-02 
-1.803993067578e-01 -2.331169614153e-01 -2.361203742956e-01 
 7.987992810545e-02  1.661716229362e-01 -2.877487290263e-03 
 2.549083575141e-02 -2.611262218436e-03  1.365869251353e-02 
-1.725437923896e-02  3.765832759565e-01 -5.771638552436e-01 
-1.147814617362e-02  3.337410713919e-02  2.732786825569e-03 
-1.317418438794e-01 -1.400797789114e-02 -2.445880746354e-02 
 2.129621196472e-02 -4.211829439005e-02 -5.489985216988e-01 
 1.123359834536e+00  5.998018803949e-02  4.193852678917e-03 
-6.529148471123e-03  3.528152900659e-01 -1.903441171378e-01 
-4.328155710834e-02 -2.953756749837e-02 -1.592441364892e-02 
 4.754509340369e-02  1.815781281327e-01 -1.173686376307e-01 
 1.772673944196e-01 -7.782267524793e-01  8.489398710471e-01 
-3.841439866513e-01  1.655475957099e+00 -8.535067472588e-01 
-1.775030895177e-02 -5.555005273022e-03 -7.282863377264e-02 
-6.634279321315e-02 -2.920498807444e-02 -8.864015031826e-02 
-5.535430611395e-01  8.603492804669e-01  2.730704761407e-01 
 1.329190544419e-01  1.184245494975e-02 -2.246705539282e-02 
-4.262299474734e-01  1.579331381160e-01  2.631053568112e-02 
-2.240525131322e-02  3.993435768081e-02  4.435377449826e-02 
 6.885670232268e-02  3.546354744976e-01 -1.119263083579e+00 
-2.502905103313e-02  1.446580738877e-01 -3.676482224324e-02 
-2.460631998738e-03 -1.428138289302e-03  9.533350430703e-02 
 1.178399024152e-02  1.532027439678e-01  1.006426134378e+00 
-9.372614245520e-01 -1.451760479917e-01  1.313166180374e-02 
-7.226485106826e-02  4.616234036651e-01  2.281734889306e-01 
 2.242645672811e-02 -3.058377914247e-02  8.908354643854e-03 
 7.214547743665e-02  2.959667425027e-01 -1.818097307620e-01 
 3.189373324714e-01 -1.841743782734e-01  2.460963604015e-02 
-6.994522611836e-01  9.378685774977e-01  6.552879222533e-01 
-2.676044341931e-03 -3.455816613526e-02  9.717471666105e-02 
 3.820920988215e-02  2.708132924639e-02  8.011167772296e-02 
 3.113515728079e-01 -1.117928415235e+00 -9.928577043942e-02 
-9.387203293957e-01 -2.437220774567e-01  4.001973984018e-01 
 8.251531853436e-01  6.217375606186e-01  5.197129819602e-02 
 6.094788143035e-02  4.385019851304e-02 -4.140181239515e-02 
 2.501282706035e-02 -5.453209826373e-01  1.015384263401e-01 
-2.271941933202e-02  3.058502015242e-02  4.604230693055e-02 
-1.012841969816e+00  1.284371978514e+00 -1.072061550194e-01 
 1.797563480556e-01 -5.261262097788e-02  6.857067293123e-02 
-1.318111955850e-01  1.376412851751e-01  8.158020911965e-04 
 2.545004656471e-02  6.314235226551e-01  2.458971814953e-01 
-1.505390445539e-02  2.749918517842e-02 -1.701665596759e-02 
 2.154292934067e-01  9.042191260720e-01 -1.097820081474e+00 
-2.879705186216e-01  9.700911022330e-01  4.485646152755e-01 
 5.397943452644e-01 -1.807016304882e+00 -6.931233337237e-01 
-1.470403846475e-03  2.540849676828e-01  4.312629383111e-02 
-5.011479735370e-02 -6.391145123933e-02 -1.710038086778e-02 
-8.862680085612e-02  4.341074645751e-01  4.638013551104e-01 
-1.489415578969e-02  6.053789633730e-02 -5.487156448719e-01 
 4.719060403233e-02 -2.415007079349e-02  5.896802618097e-02 
-2.810558990960e-02  4.073429648868e-02  1.429584303147e-02 
 6.048193319031e-02 -1.643483582348e-01  1.258031951536e+00 
 4.442468957419e-02 -1.174741897257e-01  8.915142316489e-02 
-4.167227814211e-01  4.660644924642e-01 -1.165283290564e-02 
 7.935295926656e-02  2.404043214081e-02  4.157351260818e-01 
-5.085936797647e-01 -1.028258028387e-01 -8.805362248940e-02 
 1.516402627610e-02  7.098302586168e-01 -1.579561971461e+00 
 4.152455168067e-02 -1.599377573227e-01 -1.491685721088e-01 
-2.433218922158e-01 -1.219044830034e+00  2.831352937196e+00 
-8.523277132370e-02  3.401863834271e-01  4.184159268885e-01 
 1.691552012986e-01 -9.674835070051e-01 -4.312237557628e-01 
-5.471208110106e-03  1.085999403431e-01  1.370719807144e-01 
-1.375877319201e-01 -6.420007955601e-02  1.925189337315e-02 
-6.874453577245e-02 -5.138982161429e-01 -8.683823957340e-01 
-9.722042271268e-02 -3.690684136854e-01  1.602837357909e+00 
 1.996831578604e-01  1.031298155213e+00 -5.581320946359e-02 
-3.229259521611e-02 -6.556259268627e-03  5.098014680721e-02 
-4.018459262507e-02  2.662925941733e-01 -2.108953772499e-01 
 1.262219596219e-02  2.185972970749e-02 -5.633883110502e-02 
 2.830958403017e-01 -9.154182724213e-01  8.443342445575e-02 
-9.477815863838e-02  6.394302888675e-02  3.308150083391e-01 
 4.666308949994e-01  2.009884121790e-01  9.891662103104e-02 
-1.086372202296e-01  3.596282468766e-02 -1.273509503479e+00 
 2.815157531346e-02 -1.751295859265e-01 -1.401102150157e-01 
-2.440099755344e-01 -1.091067455386e+00  7.132827180640e-01 
-3.713414673964e-02 -1.285357598664e-01  3.098080636292e-01 
-9.988866305453e-02  3.335183637867e-01 -1.376231094553e+00 
-3.475144924202e-02  1.634422152280e-01 -2.499905273229e-01 
-8.740687241746e-02 -4.711507906799e-02  9.964114432976e-02 
 5.667762926589e-01 -2.638520495684e-01 -2.419028616984e-01 
-4.219889744128e-02  1.073003307378e+00  3.143540408403e-01 
 1.617913321530e-01 -2.086408371262e+00  1.583110086572e-02 
 5.170805805160e-03  3.576660843278e-02 -1.371478188127e-02 
 5.798638447826e-03 -1.286663363523e-01 -3.740080017359e-01 
-2.631771144122e-02  8.039298175917e-02  7.357148275227e-02 
-1.866525328412e-01  8.155769545030e-01 -9.064156895381e-02 
 1.282187336264e-01 -7.547585223318e-02 -1.704242398175e-01 
 6.237707509570e-01  9.917475217048e-02  2.520683592654e-02 
 4.056008257163e-02  3.736963615855e-01 -9.974743772867e-01 
 8.807674651265e-03 -8.324582470035e-02 -7.156834482475e-02 
-4.760713250325e-01 -2.099372362465e+00  3.616381896358e+00 
 1.290536341892e-01  1.152291647229e-01  1.656132157261e-01 
 1.063713193422e-01 -8.181803762435e-01 -6.244845996433e-01 
-2.151960452183e-01 -5.947235273918e-02 -1.484008791790e-02 
-6.085541400089e-02  8.043630189915e-02 -4.071606286286e-02 
-1.968044437502e-01  9.632482048769e-02  6.481088452780e-01 
-4.826026526618e-01 -1.586037599613e-01 -1.403219135851e+00 
 9.751727481971e-01  2.237058821215e-01 -6.509778593744e-02 
 8.007919765470e-02 -5.379206147949e-02 -8.765744755631e-03 
 2.380971335498e-02 -8.968524976902e-05 -2.465188836274e-01 
-9.054881323822e-02  2.779661502790e-02 -2.239106902704e-02 
 4.383673062128e-01  2.303252222544e-01  4.931629886524e-02 
 9.465742889470e-02 -1.873922798080e-01 -3.386472580004e-01 
-4.709039784043e-01 -1.871278440568e-01  1.095775701943e-01 
-1.065434073632e-01 -3.662198753154e-01 -1.020362696366e+00 
 1.243459145770e-01 -4.758037747852e-02 -7.494465345030e-02 
 4.099249525142e-01  1.792951507157e+00 -3.159904013056e+00 
-1.135940043259e-01  1.075780318281e-01 -6.720408434908e-02 
 1.527670405327e-01 -1.990463329563e-01 -4.407282445498e-02 
-3.729709040448e-01 -8.982679763614e-02  2.746369979328e-02 
-1.972480494008e-01  1.797240798559e-01  7.922138269552e-02 
 3.714239236261e-01 -2.513285520409e-01 -2.691736259861e-01 
-5.875651718943e-02  2.399102770675e-01  5.422440818773e-01 
 9.407596233672e-02 -5.623897663812e-01 -1.176023832635e-01 
 4.089339030924e-02  4.604746932918e-02  7.017922429659e-02 
 9.084268247846e-02  2.859296850135e-01  2.455812595451e-01 
-1.426329237611e-01 -1.156892276481e-01 -1.627348702009e-02 
 8.417299403918e-03  4.660302878930e-04  2.402496374332e-01 
 1.191579117752e-01 -1.421044312981e-02  1.114400143286e-01 
 5.487812525629e-01 -9.187053848272e-03  3.144271873546e-01 
-6.432211869282e-02  1.131482240081e-01  3.978120273469e-01 
 1.469862048265e-01  9.223843465429e-02  6.306245642627e-02 
 1.966979068408e-01  8.358055122727e-01 -1.730294427718e+00 
 1.127585118721e-01  7.732000914706e-02 -2.520507748880e-02 
-3.295921245385e-02 -5.398327646515e-01 -4.596924284226e-01 
 3.229458267612e-01 -2.348572554144e-01  1.036680159760e-02 
-3.447932507774e-01 -2.421519078808e-01  5.632305537383e-02 
 2.484847023285e-01 -1.398384193956e-01  1.405435374920e-01 
-3.270408485946e-01  2.314102253489e-01 -2.136663668793e-01 
 1.001200345612e+00 -7.383828689853e-01  1.459902383815e-02 
 6.541643099081e-02  1.107774035610e-02  1.429158885446e-01 
-3.998518245858e-02  3.481897913987e-01  9.626371806828e-03 
 3.105298469448e-01  4.681746670904e-02 -2.320495619134e-02 
 5.880837240970e-01  5.405219568850e-02  4.344067119429e-02 
 1.202261651276e-01 -5.947119077146e-02  1.634135990995e-03 
 2.831317423541e-01  4.699757894383e-02 -6.926692304113e-02 
-2.985398294275e-01 -5.284036128040e-02 -2.713699115316e-02 
-3.146723099222e-02  5.887753460521e-02  2.646946687486e-02 
 1.725462497933e-01  8.156111951485e-01 -1.930526982190e+00 
-1.214502350268e-01  1.100957290323e-01  2.516433828805e-01 
 2.066821127460e-01 -8.973535230478e-01 -1.382026081618e+00 
 2.166169162789e-03 -7.593668966268e-02 -2.194947465041e-01 
 2.754350571110e-01 -1.267196706285e-01 -2.896801599556e-01 
-1.369126358419e+00  2.354242525960e+00 -2.404703305203e-01 
-6.247915227757e-01  2.421971700837e-01  8.990523627782e-02 
 1.360153693573e+00 -1.132675356268e+00 -5.309150846610e-02 
 1.156072982422e-02 -1.210676884768e-02 -7.491622878145e-02 
 1.132294203235e-02  2.977059081998e-01  1.089932458602e-01 
 3.748332176864e-02 -5.211664828464e-02 -1.119978510798e-02 
 7.928273975018e-01 -3.081039811555e-01  9.326401726847e-02 
-5.302997653299e-02 -1.526987168836e-01  4.676309726282e-01 
-1.179774442820e-01 -8.988392869588e-02  8.504131676986e-02 
 2.668779856496e-01 -1.722465036746e-01 -3.912422743529e-01 
-1.809917008977e-01 -1.040900764639e-02  5.681471901250e-02 
-1.123073217330e-01 -4.797444473721e-01  1.355510569822e+00 
 4.437160631440e-02  3.358757580779e-02 -7.992666247411e-02 
 8.810346913181e-02  9.003433736467e-02  6.830432272027e-01 
 2.347029509362e-01  1.385144424920e-01  8.750633137129e-02 
 1.665887512519e-01  1.545636423055e-02  3.032657003649e-01 
 1.358336037525e+00 -2.255424893106e+00  9.302656238268e-02 
 7.594932575206e-02 -1.695819164400e-01 -2.661377608963e-01 
-4.704357215979e-01  6.234403209448e-01 -1.449462009849e-01 
-4.607251139831e-02  4.174431470637e-02 -6.789723558019e-02 
 1.713204508490e-01 -2.888065431146e-02 -1.340791301316e-02 
 2.195051038276e-01  7.119523461564e-02 -3.971825679792e-02 
-1.915515835649e-01  2.065551988424e-01  2.877394045595e-01 
 2.472129520295e-01  7.424670038508e-02 -1.181287705024e-01 
-2.868315794579e-02 -1.249631086046e-01  4.639740135319e-01 
 9.617324529133e-02 -1.452790577724e-01  1.307891852133e-01 
-2.063030552860e-01 -1.443077985125e-01  7.623184209471e-02 
-6.903901071986e-02 -2.752810886644e-01  4.370379837274e-01 
 1.429806117886e-01 -6.972157652073e-02  4.856255705164e-02 
-4.213692565948e-01  9.554167777110e-01  2.937561104456e-01 
-4.680832002069e-02 -8.701312718086e-02  3.435995084104e-02 
-1.114856985270e-01 -2.161554967236e-01 -3.203071838889e-01 
-1.332249393871e+00  2.051838881278e+00 -6.912588103596e-02 
 4.144827110293e-01  6.199238648266e-02  7.271891575564e-02 
-1.400502742093e+00  4.895452271086e-01 -1.267354259417e-01 
 2.095249925271e-01 -1.617513296854e-02 -3.296180573585e-02 
 1.004551802379e-02 -6.782361481291e-01  1.174205780566e-01 
 1.429058794005e-01  9.249655352888e-02  1.796212349933e-01 
-1.190126857528e+00  2.353586938944e-01  3.253038974666e-01 
-2.229702152941e-01 -4.011436034765e-01 -6.882724142855e-01 
 1.192157959719e-01 -9.532461497776e-02  9.460313894096e-02 
 2.371617031392e-02  4.204913610166e-01  1.548978021542e-01 
-9.004369722230e-02  1.086630842996e-01 -2.404517637730e-01 
-1.807709497392e-01 -7.968243550439e-01  9.548344933922e-01 
 3.999206350790e-02 -2.072777501431e-01 -1.244507490827e-01 
-3.331393735010e-01  8.697086308421e-01 -1.407700341351e-01 
-2.463387801190e-01 -1.398161389541e-01 -7.726180701158e-02 
-8.784682573274e-02 -4.967756767104e-01 -3.279932182258e-02 
-8.199761789482e-02  3.276412282326e-01 -9.584840499583e-03 
 1.335543080535e-01 -1.933990421998e-01  1.507970229723e-01 
-4.731965025035e-01  6.487516953236e-02  1.014672893878e-02 
-2.267756769928e-02 -5.792600072503e-02  5.721927802714e-02 
-1.535159357325e-02 -1.183854015715e+00  4.699990216467e-01 
 1.231085228688e-01 -2.978063662167e-01 -6.144893839104e-02 
-3.465581929945e-01  1.451372941066e-01  4.798581500070e-02 
 9.064018303783e-02  1.625916480453e-01 -5.959046982746e-02 
-1.135354711274e-02  1.295823334526e-02 -1.284343817513e-02 
 1.504356372308e-01 -8.735727629250e-02  1.806559878675e-01 
 1.721124287947e-01 -3.399516517606e-01  3.854763686122e-01 
-7.528840078414e-02 -2.583921109160e-01  4.929777050531e-01 
-4.954563629163e-02  4.743332402657e-05 -3.015829652832e-02 
 1.984885151051e-01 -9.691996791127e-01 -1.152035844836e+00 
-5.131904943605e-02  3.087125789752e-01 -1.493232476198e-01 
-1.540308250829e-01 -1.981694117527e-01  1.117161615945e-02 
 9.933409742115e-02  4.407271930389e-01 -5.548331971933e-02 
-1.179296206781e-01 -3.387344540195e-01 -1.340202528264e-01 
 4.841092729474e-01 -9.340248458853e-02 -2.184409645127e-02 
-7.326906282122e-02 -1.674174693048e-02  8.084095734265e-02 
 5.873203951097e-03  2.242812768461e-01  1.903154084038e-02 
-8.623078276907e-02  2.288523378707e-01  6.389633303258e-01 
 2.703079849541e-01 -7.785638630887e-02  2.771047585168e-01 
 2.296327058706e-01  3.360160488841e-02  8.660784533947e-02 
 3.551047985123e-02  6.683969711103e-02 -2.772174020444e-01 
 2.108401847034e-01 -1.387653478271e+00  3.465650942047e-02 
 5.615328202007e-02  2.259764807580e-01  6.233014232999e-02 
-2.075381202717e-01 -8.350080305407e-01  1.438386359727e+00 
 7.798070212572e-02 -8.112820101506e-02  1.719609472284e-02 
 3.200987583300e-01  2.790629620592e-02  6.191178672893e-01 
-1.637287319718e-01 -2.018737400563e-01  4.607094378678e-01 
 3.593499536027e-01 -3.035243110747e-01  6.148771779212e-02 
 1.750153638932e-01 -1.044978287487e+00 -1.579876333369e-01 
 3.367525330399e-02  4.698597262275e-01 -2.951202684090e-01 
 1.156610443559e-01 -1.760046774451e-01 -5.218787283417e-02 
 5.748273356630e-02  5.842984114949e-02  5.348141061927e-02 
-6.420412713528e-02 -3.052034306237e-01  2.137452631544e-01 
-2.772445142970e-01 -1.452813526438e-01  2.947453241544e-02 
 4.121997259345e-01 -1.687147648675e-01  2.047600688580e-01 
 3.226871883296e-01  2.429192533390e-01 -1.900106701592e-02 
-1.195686263024e-01 -1.559882837310e-01 -2.673831663785e-01 
-1.875996329983e-01 -2.073005032175e-02 -4.140183650596e-02 
-2.666425240871e-01  1.414367205132e-01 -2.588735775785e-01 
-1.322197684486e-01 -5.077026480051e-01  4.653342502049e-01 
-8.854006046555e-02  7.886377671720e-02 -1.098083777736e-01 
-7.777976824771e-02 -6.497357522794e-01 -2.819689603917e-01 
-3.416387760493e-01  1.038449446552e-01  1.966718443270e-01 
-7.335038294256e-02 -2.692499331372e-01 -2.480160676164e-01 
-1.074312157063e+00  1.515260679400e+00 -1.497107499062e-02 
-4.236110598739e-02  1.927620252486e-01  3.812150121875e-01 
-5.957163100962e-02 -4.571180782576e-01  1.267049774077e-02 
-1.172588818155e-01  1.535579262584e-02  1.211010079541e-03 
 5.372106394817e-02  2.532933373032e-02  1.378551036331e-01 
 3.651005001317e-01  1.806839890824e-01  1.335651549867e-01 
-3.423211336492e-01  8.341485709460e-02 -5.450777321846e-01 
-4.691879727422e-02  3.211363324312e-01  1.047813121867e-02 
-5.277604874438e-02 -1.649486104424e-01  4.507429990857e-01 
 2.647905877729e-02 -7.226451100242e-01  6.588696637303e-02 
-2.122152878805e-02  2.891403742077e-01 -1.309482580660e-01 
-1.708309743925e-02 -7.969442589261e-02  4.048409361769e-01 
-2.064496101552e-01 -1.186472196859e-01  1.140691448508e-01 
-1.987804879366e-01 -2.892435521713e-02  3.441313499201e-01 
-1.508740694572e-01 -1.940709018489e-01  4.522466677778e-02 
 4.249557438057e-01  2.350063968727e-01  2.298592251672e-01 
 9.609962396638e-01 -1.545272314434e+00 -2.135902275406e-01 
-9.251445054298e-02  8.334611158723e-02  9.424653618306e-02 
 4.196303917534e-01  5.674337646871e-02  1.832750076918e-03 
 9.616667620846e-02  4.267238587828e-02 -1.620913595810e-01 
-6.736782200933e-02 -8.594063672000e-02  1.137870654413e-01 
 6.922071706962e-01  1.305403877360e-01  7.534926577740e-02 
 5.560499429087e-01 -1.750965988720e-01  1.704342338719e-01 
 2.904361111221e-02  7.189309779259e-02  2.872365733126e-01 
-3.310097376591e-01 -6.700527763311e-02 -2.849194633969e-01 
 9.811954496317e-02  4.231436992448e-01 -2.483664977524e-01 
 5.383514524726e-01  9.768773579376e-02 -1.344156096259e-01 
-1.353118868699e-01 -4.375030033389e-01  8.603088574441e-01 
-4.366319411590e-03 -5.409970339319e-02 -6.908630531079e-02 
-2.780252115482e-01  2.892576321135e-01  7.032439934735e-01 
-3.251604511645e-03  3.822788480240e-01  2.608312206408e-01 
-1.107412029646e-01 -8.432323108120e-02 -2.455748045208e-01 
-1.118862156642e+00  8.787184636829e-01 -8.581526993080e-02 
 9.944584495657e-02  1.161238104052e-01 -1.478179025523e-01 
-3.405819450842e-01  1.045109012750e-01 -9.331800940341e-02 
-2.886029492346e-01 -3.102493387651e-02 -8.643288922445e-03 
-1.987805462269e-02  1.098098829500e-01 -3.440545196304e-01 
 1.303974181143e-01  3.232285317658e-02 -6.708241743208e-01 
-4.719093908285e-01  2.851690658957e-01  1.772347246884e-01 
 3.279928789352e-01 -2.195216606273e-01 -4.612194947176e-01 
-1.422698469605e-01 -1.604898792646e-02 -2.586342936826e-01 
 2.340789915050e-01 -3.941923130893e-01  6.030653840606e-01 
 1.959163601272e-01  1.456382130196e-01  2.686466238392e-02 
 4.726112146150e-02  5.767287110016e-02 -1.931986519587e+00 
-5.516319451823e-02  1.407341013336e-01 -5.389356547720e-01 
-3.159371893758e-02 -2.261869558331e-01 -5.362442959968e-01 
 1.518254949078e-01 -2.606247042117e-01 -5.452567900880e-01 
-8.289143860954e-02  1.266452508572e-01 -5.158153352833e-01 
-2.050203707892e+00  3.921809772043e+00  2.606204529438e-01 
 1.748551850884e-02 -4.762613958534e-02 -6.033801800871e-01 
-2.195528420429e-01 -1.351144331088e+00 -7.513595720864e-02 
-1.608966034987e-03 -4.967239934614e-02 -1.420031008369e-01 
 1.484895744860e-01  1.732733769063e-01  5.985777408062e-02 
-3.100824299698e-02  2.342651857804e-02  7.086752418121e-04 
-3.322581755699e-01  1.390784775615e-01  1.929288700947e-01 
 2.849793721933e-01  6.476323601512e-01 -1.060275867769e+00 
 7.543315118783e-01  3.132479178635e-01 -1.050828976304e-02 
 3.164801274765e-02  6.566472735951e-01 -5.089468424703e-01 
 3.750248927908e-02  7.551129796467e-02 -2.803199154759e-01 
-1.576949871177e-01 -5.392032618307e-01  1.778691576406e+00 
-7.683644014797e-02 -9.869690184121e-02  3.361827154034e-01 
-1.275602493119e-01 -1.909399122729e-01  8.138617788120e-01 
 4.641534040935e-01 -3.334149582188e-01  4.532314315152e-01 
-1.976016595391e-01 -2.772787031715e-01  2.641576779205e-01 
 9.641755502376e-01 -2.524508109621e+00  2.650644304303e-01 
-6.360438232140e-02  2.521051595894e-01  1.636210313899e-01 
 3.845206548708e-01  3.360506122476e-01  1.588300218454e-01 
-7.245419747747e-02 -1.229806679126e-02 -1.387227104560e-01 
 2.698543422811e-02 -6.593559511271e-02  7.391933538572e-02 
-3.255937079242e-01 -1.254221438944e-01  4.240232322889e-03 
 5.862829179710e-01 -3.473525420855e-01  3.051597793301e-02 
-1.633735150697e-01 -5.638843448004e-03  4.004588914343e-01 
-3.506873892649e-01  1.339130325242e-01  2.187552611262e-01 
 6.483155902792e-01  8.131985081499e-02 -1.070667051247e-01 
 4.184998297545e-01  2.014101270041e-01 -1.891995213354e-01 
-1.006925354038e-01 -3.346408160860e-01  1.250044131054e+00 
 2.915975103612e-01 -5.010321303650e-02  3.295090629074e-01 
-2.941430143178e-02 -1.696522083769e-01  5.051744480758e-01 
-5.629775061350e-01 -1.115626720978e-01  3.823763466490e-01 
-2.438993122497e-01  3.319012582645e-01  1.817610939674e-01 
 5.799612857749e-01 -2.048318255677e+00  5.741582868805e-01 
 2.824375786006e-02  2.263290018593e-01 -2.364399695860e-01 
 4.286753815492e-01  2.966932845017e-01  7.458429839808e-02 
-7.159673768396e-03 -1.162448145158e-01  1.707901042929e-01 
 9.469937381247e-02  9.749615085589e-02 -3.355629041659e-02 
 3.452880434176e-01 -2.286987086865e-02 -5.742093177076e-02 
 6.301898154034e-01 -4.199721268817e-01  7.893821083086e-02 
-1.514047257040e-01 -1.869434321293e-02  3.535860334373e-01 
-2.558767135963e-02  5.959437793535e-01 -1.243388400095e-01 
 4.065902958589e-01 -8.501023831488e-02 -8.236723994538e-03 
-6.850661787757e-01 -1.279328007330e-01 -1.653401157972e-02 
-5.913703804186e-02 -3.035237455197e-01  1.624253600065e-01 
-5.636155437392e-02  1.055101149079e-02  1.328841378535e-01 
 2.291118210423e-01 -4.483836184201e-02 -1.355259560447e-01 
 7.540158950655e-02  4.232473156811e-01  1.327893197718e-01 
 4.752614865239e-01 -2.301921299433e-01 -5.765043172725e-02 
-2.649073147856e-01  3.218099779339e-01  5.419622391713e-01 
-2.786764116993e-01  3.471299430923e-01 -4.793312293557e-01 
 1.038696194159e-03  1.299132166483e-01  1.078474463130e-01 
-9.663300414676e-02  6.284275196706e-02 -9.631857932997e-02 
 2.366168595372e-01  1.404937177732e-01 -4.487413787649e-02 
 1.403740364025e-02 -1.724314818356e-01 -3.075909720264e-02 
-1.693140141888e-01 -2.455457261305e-01  3.414698766185e-01 
-4.635150903130e-01 -4.272433642730e-03 -1.015780540548e-01 
 3.768999376968e-01  5.242279152593e-01  1.090516009039e-01 
-5.585733246180e-01 -3.470175547110e-01  2.747092713045e-01 
 3.212936257227e-01  2.268325422472e-01  2.197274221019e-01 
-1.288266005184e-01 -3.203124244522e-01  5.970927786378e-01 
-2.409649150735e-01  8.246683076255e-01 -5.010624528239e-01 
-1.209675948421e-01  2.915530311557e-01 -1.237812470756e-01 
-1.840606463067e-01 -1.802370657377e-01  1.735222854456e-01 
-1.398697490651e-01 -1.970530042791e-01 -1.203685593561e-01 
-3.492222551658e-01  1.409351292590e+00  2.101189447705e-02 
-4.389237777747e-01  4.000955304567e-01 -4.516373560787e-02 
-1.486029515085e-01 -6.286364635637e-01  4.095290613872e-02 
 1.505113657331e-01  1.092096204103e-01 -7.213657404194e-02 
-8.663241209593e-02 -8.121676655366e-01 -3.041682931663e-01 
-2.361869026229e-01  9.338631109660e-01 -2.317920938199e-01 
-5.459521685541e-01  9.154755134722e-02  2.876518171954e-01 
-3.756409906965e-01  3.918484337098e-01 -5.096111808972e-01 
 2.174750057977e-01 -2.381717665745e-01 -8.793043391908e-02 
 1.083518396271e-01  8.108691308215e-02  1.099588707269e-01 
-4.318173178239e-02 -2.643525849646e-01  4.310334758517e-01 
-9.506644055798e-02 -5.792815188376e-01 -3.169593565035e-01 
 1.244628712766e-02 -1.854303621368e-01 -1.643056592289e-02 
 3.256173680326e-03 -2.225604619942e-01  1.180709456310e-01 
-6.920577262683e-02  3.244219124679e-01 -4.110585580170e-01 
-6.154137478318e-01  7.879408079702e-02  1.282010735531e-01 
 8.219475574821e-01  4.554835592887e-01 -2.004793385914e-01 
-6.094893913490e-01 -1.179252168443e-01  1.389912358390e-01 
 1.277875344091e-01 -9.435131821159e-02 -5.409116985083e-02 
-1.293476989370e-02  1.991039244483e-01 -3.166532715021e-01 
 4.539310145020e-02  4.574694464400e-01  1.318727622038e-01 
 1.289393278202e-01 -5.518146041433e-01 -1.762043067097e-01 
-5.417453950270e-01  1.987765482755e-02  2.332780585719e-01 
-4.845185218828e-01  3.617735712548e-01 -4.536007540202e-01 
 1.650034455877e-02 -4.885220340574e-01 -2.376460946519e-01 
 1.974046980937e-02 -1.325912264044e-01  2.269135690264e-01 
-3.840641297010e-01  3.428240985454e-01 -1.362313899750e-01 
-6.897342814391e-02 -2.443864182856e-01  4.845779280653e-01 
-1.314660595520e-02  2.858610242757e-01  3.193946282066e-02 
 2.149958427500e-02  1.510296198832e-01  4.184059628912e-01 
-8.802132571626e-02  2.219637770798e-01 -6.247163789126e-01 
 3.145172921191e-01 -2.670536371574e-01  1.225237091664e-01 
 5.795560593846e-01 -5.815560760689e-01  1.238826532874e-01 
-7.015412951814e-02 -2.585608353447e-01 -1.790528175207e-01 
-4.409737994381e-01  3.524195666565e-01  3.464674786181e-01 
 3.059925850308e-01 -8.860613060653e-02  5.617914927605e-01 
-4.381698900411e-01 -4.682892702660e-01  1.355067554427e-01 
-2.645631458443e-02  1.424844543013e-01 -4.347290448532e-01 
-3.767905454966e-01  4.257870522404e-02  2.616115279207e-01 
-2.714838060673e-02  1.971253120836e-01 -6.957637760712e-02 
-4.262655722964e-03 -6.749242592550e-03  3.715318598698e-01 
 1.980377934984e-01  8.171687879064e-02  2.315430975899e-01 
 3.869889644519e-02  4.840869500128e-01 -2.918558848660e-01 
-7.777994254605e-02 -2.093961346996e-01  8.224403515870e-01 
-6.390557805004e-02  3.190011370845e-01  4.788777015480e-01 
-8.769799601342e-02  1.269498316097e-01  3.405940551017e-01 
 1.260891105635e-01  1.788854733361e-02 -2.719727893045e-02 
 1.849293724084e-01 -2.036524565218e-01  2.295535790062e-01 
 8.842560542313e-01 -1.784631699461e+00  4.678882563779e-02 
-3.185548556319e-02 -1.781909593960e-02  3.240320247912e-01 
 2.071199135432e-01  4.128857007757e-01 -7.821514082624e-01 
 4.305978281416e-01 -2.808409220468e-01  2.438461068453e-01 
 4.095970618189e-01 -3.327428802276e-01 -1.000634275131e-02 
-1.025225016576e-01  1.154498925079e-01 -2.340762693054e-01 
 1.732462551675e-01 -1.171524294768e-01 -5.071579455155e-01 
-2.127918513998e-01  2.036122701049e-01  5.284114384793e-01 
-3.238279887147e-01  1.788765793063e-01 -3.645097217016e-01 
 1.916619806216e-01  3.093564676435e-01  1.374666190929e-01 
 1.418709701160e-01  3.350896488709e-01  1.020935403117e-01 
-2.785657126210e-02 -2.965887193193e-01 -8.204387397136e-01 
 1.581240954519e-01 -6.395800168736e-01 -9.682747487079e-01 
-7.828340107694e-02 -1.384404102570e-01 -1.954190530800e-01 
 3.173754958890e-01  3.812929621793e-01  1.118082557795e-01 
 7.985414361042e-02  3.523919901031e-01 -3.549255526443e-01 
-1.245411211853e+00  3.190886322196e+00 -1.015357589764e-01 
-3.889556487467e-01  2.955877095238e-01 -3.737156507230e-01 
-2.360124323141e-02 -1.124310294069e+00 -2.532124322507e-02 
-1.645306612643e-02  3.678416250408e-01  7.673611109414e-01 
 2.683181973831e-01  8.402552136289e-01 -1.756451844314e-01 
 1.279541574266e-01 -4.213523166947e-01  2.548539194796e-01 
-6.709701402437e-01  2.780774371998e-01  5.057861433957e-02 
-3.700246321116e-01  1.305372062250e-01 -1.041154885099e+00 
 3.691725496974e-01 -3.747218303992e-01 -1.464100469370e-01 
 3.385070780884e-01 -6.453008719247e-01 -2.582763137367e-02 
 2.829004479593e-01 -4.780920564555e-01 -1.283906498158e-01 
-2.649436099721e-01 -1.320012328344e+00 -6.785788734936e-01 
-1.179022709836e-01  4.891145786427e-01  6.815555783896e-01 
-6.200273941260e-03 -2.419613757335e-01 -3.922183300782e-01 
 4.568490876901e-01  1.248599636062e-01  5.043395159241e-01 
-7.141437897361e-02  7.349564393972e-01 -2.723070272143e-01 
-1.219560219733e+00  1.270868839620e+00  4.850032785480e-02 
 2.370939848878e-01  2.588000141775e-01  2.294843960122e-02 
-2.384502959766e-01 -7.908140463771e-01  5.005529615447e-02 
 5.641801122289e-01  1.992062846727e-02 -1.289002664680e-01 
-3.335804513910e-01  1.107144292496e+00 -3.594003858586e-01 
 1.607825828351e-01 -5.856473262884e-01  3.000561291394e-01 
 2.990272608808e-01 -8.344720408184e-02 -6.786230168189e-02 
 4.153659916774e-01  1.780079465028e-01  9.241610349587e-02 
 4.674852772420e-02  1.190816919263e-01  1.852731931026e-01 
 1.884690651376e-01  1.380310780937e+00 -3.363068405922e-01 
-2.570188039512e-02  3.359264374774e-01  9.796167583625e-01 
-2.327532222351e-01 -1.162618880726e+00 -7.664858989355e-02 
-2.482492679975e-01  6.207643977980e-01 -3.431064244352e-01 
 9.303744329602e-03 -2.026638985539e-01 -2.982620099225e-01 
-1.373070899299e-01 -5.143193499348e-01 -8.379392473617e-01 
-4.594539565499e-02 -1.500595836332e-01 -1.088626150267e-02 
-1.357733248761e-01 -2.576029446252e-01  4.827825626916e-02 
 4.584502559203e-01 -5.115378451361e-01  9.883476533902e-03 
 7.148751331058e-01 -7.337634716750e-01  6.295237133938e-02 
 1.499687876362e-01  1.173948244833e+00  1.374737869629e-02 
 2.351788853130e-01 -5.332731672415e-01  1.249032671451e-01 
-7.844769480488e-02  3.046996779581e-01 -1.786766920564e-01 
 1.644245446052e+00 -3.869813699216e-01 -3.428433143848e-01 
 4.215414396480e-01 -4.968998406037e-01  9.204088176925e-01 
-2.634384206811e-01  4.704425091167e-01 -2.625099104908e-02 
 1.366363115625e-01  1.064933416853e+00 -5.132282516639e-01 
-1.698896589055e-01  5.480022318271e-01  1.519975525784e-01 
-3.282462336084e-01 -1.372828412771e+00  1.474489119344e-01 
-1.239685093371e-01  9.282691686603e-01  8.553450304715e-01 
-6.510286451630e-03 -1.083377634728e-01 -1.984882292780e-01 
 1.153673345298e-01 -8.236993215344e-01 -1.215765942427e-01 
 2.802787304947e-01  3.216551908532e-01 -9.938524162729e-02 
-2.356885383470e-01  1.227562781385e+00 -6.542017782695e-01 
-4.859386396036e-03 -5.593043104251e-02 -6.833057985804e-01 
-6.243642188342e-02 -1.630224879604e-01  5.848825404477e-01 
-2.247805189588e-01 -4.156333583186e-01  2.340743925178e-01 
 7.570527901897e-01 -1.721619880616e-01  2.629112456070e-02 
-6.857579399988e-03  1.201760857553e-01  6.114794910678e-02 
 3.006159739632e-01  1.623610282800e-02  1.771244692933e-02 
 1.583709246395e-01 -2.121702812264e-01 -2.093964279743e+00 
 5.832541000401e-01 -9.542823788095e-01 -3.509210872908e-01 
-4.232857369994e-02  2.231923268424e+00 -7.279855095583e-01 
-1.673631507092e-01  7.385266790114e-01  6.596911703382e-01 
 1.472232599296e-01  8.109781895757e-01  7.251812145656e-01 
 1.917571171123e-01 -7.183375917244e-01 -5.820726650431e-01 
 4.323538664736e-02 -7.409701900258e-02  2.049539392950e-01 
-1.300574482335e-01  8.975671654941e-01  3.036406052679e-01 
-1.938969810581e-01 -3.127272384429e-01  3.701324987001e-02 
 9.799313062239e-03 -1.021143107686e+00 -4.617176781806e-01 
 3.370300705553e-01 -2.000713930032e-01 -3.802019744266e-01 
 3.385133348695e-01 -7.065877098817e-02  6.922019698617e-01 
 8.914161349613e-01 -1.366415545900e-01 -3.346306074744e-01 
 6.722147871889e-01  1.019241664809e-01 -7.930334171731e-02 
 5.100452775765e-03 -6.831473627617e-02 -2.037590546079e-01 
 2.118806885770e+00 -7.466423471944e-01 -3.616707271104e-01 
 8.567099475310e-01 -2.887664909075e-01 -8.345356713697e-01 
 2.271278845753e-01 -4.255194371297e-01 -1.782809521392e-01 
-1.404978248852e-03 -2.235484210858e+00  6.823526560563e-01 
 1.446071683166e-01 -6.425922249117e-01 -5.403175821361e-01 
orbocc
(*)
 0.000000000000e+00  0.000000000000e+00  0.000000000000e+00 
 0.000000000000e+00  0.000000000000e+00  0.000000000000e+00 
 0.000000000000e+00  0.000000000000e+00  0.000000000000e+00 
 0.000000000000e+00  0.000000000000e+00  0.000000000000e+00 
 0.000000000000e+00  0.000000000000e+00  0.000000000000e+00 
 0.000000000000e+00  0.000000000000e+00  0.000000000000e+00 
 0.000000000000e+00  0.000000000000e+00  0.000000000000e+00 
 0.000000000000e+00  0.000000000000e+00  0.000000000000e+00 
 0.000000000000e+00  0.000000000000e+00  0.000000000000e+00 
 0.000000000000e+00  0.000000000000e+00  0.000000000000e+00 
 0.000000000000e+00  0.000000000000e+00  0.000000000000e+00 
 0.000000000000e+00  0.000000000000e+00  0.000000000000e+00 
 0.000000000000e+00  0.000000000000e+00  0.000000000000e+00 
 0.000000000000e+00  0.000000000000e+00  0.000000000000e+00 
 0.000000000000e+00  0.000000000000e+00  0.000000000000e+00 
 0.000000000000e+00  0.000000000000e+00  0.000000000000e+00 