2mocoef
header
1
MO-coefficients from MOLCAS
1
48   48
a
mocoef
(*)
 1.081891650869e-04  2.016541824939e-04  1.780313341554e-03 
-1.037094612558e-05  3.223687189858e-06  6.423925621218e-05 
 2.245796525062e-04 -8.153680850065e-05  1.129950548256e-03 
-1.063158524360e-04 -9.519098552292e-05 -5.053805284697e-04 
-3.114402283600e-05 -1.627387950738e-04  1.000870435603e+00 
 4.485028329539e-03 -5.303634541618e-03 -8.644327768040e-04 
-2.061782945093e-03 -1.585091942747e-03  7.184599671495e-04 
 1.703722150675e-03  2.364933528146e-03 -5.156769880088e-05 
-1.806307345678e-04 -1.004008210830e-04  1.765527203777e-04 
-2.595746895492e-05 -4.186650546739e-04  3.032685651362e-04 
-4.253437465739e-05  8.713040356145e-05 -1.269538256242e-04 
-3.343922248754e-05  3.940381274049e-04  2.135379174416e-04 
-5.657219820130e-04  1.084694447043e-04  3.806734524388e-04 
 3.738721385147e-06 -5.245914610118e-04 -1.953403733041e-04 
-5.816477505880e-06 -1.539631795614e-04  1.565535275919e-04 
-8.496766366452e-05  1.817693880886e-04 -2.324925126655e-04 
 1.001074511487e+00  6.474142572860e-03 -5.511498448267e-03 
 6.089385282990e-05 -4.178517396364e-06  1.619715593059e-03 
 8.856979198358e-05  2.748526007153e-04 -4.055145571293e-05 
-2.316395447267e-04  2.919221296951e-04  6.161163015759e-04 
-2.052077583698e-05 -3.816905152998e-04  1.912470416117e-04 
 1.122852432817e-03 -2.663873480954e-03 -7.583507605880e-06 
-1.193318269063e-04  2.101902999739e-05  7.703527232764e-04 
 1.847268340110e-04  1.056454890379e-03 -1.413342604923e-06 
 1.207045444125e-04 -4.792574070705e-04 -1.964815810929e-04 
-2.218681133702e-06  1.805986602737e-04  7.989777506528e-04 
-8.960078840475e-05  2.604622944244e-04 -1.617558583449e-04 
 5.224528585483e-04 -3.103682256343e-04 -1.290594024367e-04 
 3.884759051282e-05 -2.418850511933e-04  8.667056997233e-04 
 2.360730340628e-04  2.044123143783e-05 -1.237164692751e-05 
-5.047161643687e-05 -6.045750672740e-04  1.932348639234e-03 
 1.233942444102e-05 -1.355767534998e-04 -7.590277337751e-05 
-7.227408426028e-03  3.864624213456e-01 -1.284419351253e-01 
 3.055126385381e-04  1.070031338723e-03  1.717220506641e-01 
-1.295445333946e-03 -7.567079686055e-03 -7.622599649538e-02 
-4.539327566420e-04 -4.680032960932e-03  2.718100669385e-02 
 2.709346286728e-03  6.444727400943e-04 -5.881011468013e-03 
 7.773340593086e-01 -1.452580907882e-01 -7.631277525656e-02 
-9.154974702889e-02 -9.766696619301e-02  1.873141050464e-02 
 3.847230792447e-02  1.303141588417e-02  1.429135535107e-03 
 1.590876714572e-03  1.026388089067e-02  4.817475791663e-03 
 1.246107073669e-04  8.619959742784e-02 -3.795270510035e-02 
 2.294479700997e-03 -8.496328033775e-03  5.064781358798e-03 
 2.470843894602e-01 -1.199402205609e-01 -1.495373904597e-02 
 2.181773511002e-02 -1.457012489959e-02  3.014285822222e-01 
-1.507786101959e-01  3.447784669760e-02  7.470877879567e-03 
-2.510191563725e-03  7.598986046875e-02 -4.980964783543e-02 
-4.219619665999e-04  3.794202417889e-03  8.603507311519e-03 
 7.573998053813e-03 -7.305973002884e-01  1.259447449069e-01 
 9.332980412386e-04  3.618648983810e-02  1.626065884019e-01 
 1.335496683439e-02 -3.388565362675e-02 -5.132015854786e-02 
 2.499669404623e-03 -8.722176304147e-03  2.509968156086e-03 
 4.191846274013e-03  5.866954073019e-03  3.149939200940e-03 
 3.345460749039e-01 -2.935848648431e-02  3.787259164381e-02 
-1.270656237576e-01  2.275808528616e-01 -2.829731293064e-03 
 4.337378584763e-02 -4.243359511705e-02 -1.373268405029e-03 
-5.084249496250e-03 -1.668486654781e-02 -2.340764401870e-03 
-2.722316055509e-03 -2.613544161750e-01  1.240784470283e-01 
-5.807037152310e-03  2.215194216682e-02 -3.720550684266e-03 
 2.920028095612e-01 -1.319534634571e-01 -1.257778064174e-02 
 1.969657099469e-02 -1.108291049469e-02  1.005477323772e-01 
-3.841823836544e-02  1.144538080638e-02 -1.376767791462e-03 
 9.087706582458e-03 -4.366010340527e-01  1.985274063530e-01 
 4.955535820516e-03 -2.164132115615e-02 -2.028650619545e-02 
-7.103149752015e-03  4.964536347104e-02 -9.953877483948e-04 
 1.256969108908e-01 -3.169479324966e-01 -3.616840347051e-01 
-2.309908318092e-02  5.925891442918e-02  1.112099254124e-01 
-2.501226582225e-03 -3.660559427958e-03 -1.912056338191e-02 
 1.081355022226e-02 -4.161834818915e-03 -2.620869320215e-03 
 2.263372794218e-02  1.700151738943e-02  3.635902134097e-01 
-2.964751839522e-01  3.046186253425e-01 -4.715721050385e-02 
 4.730007115526e-02 -5.612059896670e-02 -1.012664121136e-02 
 3.872248690920e-04 -9.655713739229e-03 -9.577861015443e-03 
-1.527709444110e-02 -1.163568623498e-01  5.650103274895e-02 
-4.057878746546e-04  3.900740802901e-03 -6.017969528878e-03 
 4.525993443505e-01 -1.850866364623e-01 -9.139419791943e-03 
 2.609766740775e-02 -1.412165974773e-02 -2.516518436967e-01 
 1.101328346047e-01 -1.093538393834e-02 -1.520998322194e-02 
 1.177217658245e-02  4.418529529895e-01 -1.899987715563e-01 
-3.890548657770e-03  2.028523883310e-02  1.525861056306e-02 
-1.985772379222e-03  5.177998911238e-02  9.444343516097e-02 
-9.356915203575e-01 -2.598298841056e-01  1.365926520759e-01 
-6.077054300223e-02 -1.196837842732e-02  5.041744165530e-02 
 6.888653614765e-03  3.822714519270e-03 -2.665815136799e-03 
 4.011534184550e-04  4.732688835873e-03  1.698770589240e-03 
 1.383352846457e-02 -2.476468884865e-02  2.190848893001e-01 
 9.191152180095e-02  3.014653176095e-02  6.214127394686e-02 
 3.724243825811e-02  2.336610058292e-02 -1.135485737125e-02 
 2.176723195010e-04  3.612927849216e-03  1.533582927620e-02 
-3.360839642784e-03 -5.217220867127e-02  2.891179387280e-03 
-1.426447475133e-02 -2.655793811726e-03  5.075591336320e-04 
 7.307005363007e-02 -1.208060724677e-03  8.188158578416e-03 
 4.928892116280e-03 -1.253513462267e-04 -1.910564069264e-01 
-2.980020187972e-02 -6.278311654478e-03  2.563296204749e-03 
-1.718290991545e-02 -1.817232952923e-02  2.497050849258e-02 
-2.294745002745e-02 -7.629229417255e-03  1.519847269342e-03 
-7.595404072392e-04 -1.001102120546e-01 -3.924508150431e-02 
 9.395687677503e-02 -5.504391453398e-01 -2.480127299347e-02 
-1.034829888939e-03  8.452038810043e-02  1.449107063832e-02 
 8.068094301487e-03  1.984415004541e-02  1.161461569476e-02 
-1.606266363526e-02  6.816775963710e-03  1.136481693659e-03 
 7.562634850431e-02  3.726717534744e-02 -3.446283136227e-01 
 2.530746791786e-01  1.229509377315e-02  4.035767617293e-02 
 1.267044768090e-02  2.400362890015e-02  1.151996604244e-02 
 1.127033418178e-02 -2.236655150219e-03  1.166523404485e-03 
 1.489034442640e-02 -5.440872449046e-01  1.861240877659e-01 
-6.163807438679e-03  2.227645428367e-02 -1.167513892253e-02 
-3.330711504690e-01  1.026143054721e-01  2.395888968505e-03 
-1.225729122989e-02  1.290637741989e-02  2.985442783759e-01 
-1.058676350279e-01  1.533228064727e-02  1.305683740205e-02 
-2.903991783886e-03  3.809729238252e-01 -1.412424029704e-01 
-2.582814946290e-03  4.853912721428e-03  1.568243172286e-02 
 1.744621845942e-03  2.182192788871e-02 -3.228084374610e-02 
 1.643703558724e-01 -1.292860501287e-02  1.198505574494e-01 
-3.604304823057e-02 -9.278812328295e-03 -3.296034706088e-02 
 2.938021302764e-03  2.889679543955e-02  1.379382689635e-02 
 2.250494434185e-02  4.281702160244e-03  5.645031206143e-03 
 3.418248108866e-01  8.409795146426e-02  4.332291619808e-01 
 6.034397572938e-01 -4.668423300381e-02 -2.977461767386e-02 
-2.957080488336e-03  2.596316600875e-02 -1.585413811154e-02 
-9.185123382364e-03  1.872581241586e-02 -1.169445866154e-02 
 2.803832131747e-03 -1.440512428597e-01  3.169962278051e-02 
 1.522348802151e-03  4.404265182697e-03  1.247673556039e-04 
-1.679997840844e-01  5.835469527207e-02  2.043408931018e-02 
 2.718581359716e-03  8.820700350861e-03 -4.730408532899e-01 
 1.700463526082e-01 -2.932139404811e-02  7.934646435086e-03 
 6.296150184080e-03  2.198718223853e-02  9.515736867689e-03 
 4.876734038968e-03 -4.504759174187e-03  2.191839002988e-03 
 3.881898129640e-03  9.284771970533e-02 -7.257220965945e-02 
 1.286065986279e-01 -2.006668369077e-01  4.690660488063e-01 
-2.811590133310e-02  2.686408787402e-04 -1.252846092719e-01 
 3.418078355875e-03 -2.036967513348e-02  2.676237338634e-02 
 1.442587448935e-02  6.927095817876e-03 -4.276070288380e-03 
-1.626614243724e-01 -3.474651418306e-02  1.993276282866e-01 
-3.519177202553e-01 -5.982490724499e-01 -1.645598651521e-02 
-1.411457740950e-02  2.719671915258e-02 -1.475942086097e-03 
 2.167475228001e-02  2.262343725244e-02  1.470622545444e-03 
-1.177058568046e-02 -2.541215051240e-01  1.045473138450e-01 
-2.113587074278e-03  1.375273416097e-02  3.869168634866e-04 
 2.213319046051e-02 -7.343052121490e-03  3.111191664754e-03 
-4.926786825385e-03 -1.450873074728e-02 -1.839000900780e-01 
 3.932926802839e-02 -5.583877675151e-03 -1.388673813534e-02 
-1.617041720858e-02 -1.147023187809e-01  1.938436252821e-02 
 3.795242857858e-03 -5.852650882279e-03  4.849182105355e-03 
 6.451342536898e-03 -1.266832617929e-01 -5.082917892217e-01 
 7.950321542892e-02 -2.269641620244e-02  1.206111777465e-01 
 7.868610163412e-02 -5.002381189829e-02  1.930864380869e-01 
 5.344077609029e-03  2.463028503156e-03 -1.821297820927e-02 
 2.221993733468e-03  9.837355206977e-03  3.399466796015e-02 
-2.150437448993e-01 -9.366982128098e-01  1.999038169321e-01 
 2.341922583768e-01 -6.113111397845e-02  1.902472170764e-01 
 2.198910001812e-01 -9.735591112566e-02 -4.385588351840e-03 
 3.268996468227e-03  2.023415828253e-03 -1.040523050250e-02 
 4.156398323196e-03  6.977519280596e-03  3.259355836682e-01 
-2.817761483925e-04  1.303829010279e-03  6.889294069758e-03 
 7.583862066640e-02  5.944202484129e-01 -1.864227670023e-03 
 5.022515791964e-03 -5.802978025121e-03  2.048159245182e-01 
 9.443563828427e-01  3.813732925537e-03 -7.309981276874e-04 
 1.135011445381e-05 -4.627073322803e-02  4.201648466040e-01 
 1.407667391832e-03 -3.242950726201e-03  9.260544816251e-03 
-2.205473618854e-02  3.520569718432e-01  1.047941680249e+00 
-4.980758600324e-02  2.957532204051e-01 -8.147602612564e-02 
-6.443093604511e-02  3.659944499648e-01 -2.290318937515e-01 
 3.052851021662e-03  1.923838362114e-02 -4.054136488493e-03 
-1.013276789428e-02  8.128384436391e-03  1.180963860283e-02 
-1.502568027394e-01 -3.889409994885e-01 -5.982505131438e-02 
 1.069934123714e-01  4.364157282901e-02 -6.033941204563e-02 
 6.568881699617e-02 -1.108820257517e-02 -1.637327080198e-03 
-1.495009054992e-02  9.785091789555e-03  4.183938549661e-03 
 4.060771983501e-03 -3.002854491266e-01 -1.250004565275e+00 
 2.686705609793e-03 -2.775162284946e-03  4.600924925657e-03 
 1.910162315763e-01  5.447291500158e-01 -2.727596268134e-03 
 4.041613942526e-03  1.093632844256e-02 -8.138800307420e-03 
 5.817741924347e-02 -4.603640271948e-03  2.527697643810e-03 
-1.259900894396e-03 -9.240042193511e-02 -4.141571653168e-01 
 2.451839269162e-03 -1.949268858102e-03 -4.403371163825e-03 
-2.002987789819e-02  3.858315618767e-02  6.100917115215e-01 
 7.023473513202e-02 -4.003289190640e-02 -1.825558318848e-01 
 5.805035993193e-02 -1.302326057338e-01 -3.378460404644e-01 
 9.241215209840e-03 -8.518892216514e-03 -1.133752535954e-02 
 9.224373618672e-03  1.306353737252e-02 -5.770197829381e-03 
 1.913823112233e-02  1.601361303603e-01  4.014196575394e-01 
-1.352728020377e-01  8.034787449790e-02  4.321248144754e-01 
-1.233868646568e-01  6.555681229818e-02 -6.110489745388e-05 
 5.049756884646e-03 -4.357634538374e-03 -1.652167987964e-02 
 1.598886150206e-03 -6.761925314706e-02 -1.542460107212e-01 
-7.088798775990e-04 -1.386783304192e-03 -5.056235287704e-03 
-2.287773032716e-01 -1.010352901348e+00  4.453297053351e-03 
 4.930144297220e-04  3.871068032831e-03  2.814567595207e-01 
 1.100098633243e+00  2.471167516298e-03 -4.078394766948e-03 
-3.321254422746e-03 -1.308855819519e-01 -8.887558068977e-01 
-1.516088280292e-03  1.674899036247e-03 -6.045491075517e-03 
 1.677684560562e-02 -1.752621870726e-01 -1.019907743162e+00 
-1.014959110676e-01  4.443010925036e-01 -4.109566334528e-02 
-2.593046246491e-01  8.573735543116e-01  1.626047676535e-02 
 9.311089082740e-03  3.227642911151e-03  1.334809730584e-02 
 3.705751001535e-03  1.949470377146e-02 -9.264515781971e-03 
 9.375241427673e-02  3.391990445225e-01  1.328964344277e-01 
-1.060894708436e-01 -1.573715732559e-01  1.804243051121e-01 
-2.365738271628e-01 -1.510895850149e-01 -4.380007275794e-03 
-1.275879514280e-02 -8.782110357234e-03  2.253408045034e-03 
-2.094354143070e-03 -1.353332526403e-01 -8.855277634353e-01 
 9.743360728878e-04 -7.190504998511e-03 -9.065033146892e-03 
-2.309920241222e-02 -4.681207043058e-01  6.492945071503e-03 
-9.995886163566e-03  1.417712233801e-03  1.190924623243e-01 
 2.803811470596e-01 -1.212387450461e-03  2.049016299291e-03 
-2.942363518107e-03  3.535839440619e-02  1.956810022841e+00 
-5.013192155224e-03  1.588880480320e-02 -2.077583548828e-03 
 3.716191866933e-02 -1.160295271426e-01 -1.025693523265e+00 
-7.843285859216e-03 -7.402689971806e-02 -3.646097425449e-01 
-1.133055943810e-01 -2.935840799392e-01 -1.842273865211e+00 
 9.001254255785e-03  1.389291070573e-02  1.791188439990e-02 
 4.348959526559e-03  1.623052160347e-02 -4.004717076814e-02 
 8.453146618110e-02  1.201472295946e+00  1.108547568061e-02 
 1.377192694895e-01 -4.917337413549e-01 -6.947106076362e-02 
 1.987236855247e-01 -9.763456872832e-01  5.347725660121e-03 
 8.721214057760e-03  6.099761911183e-03  3.423978567343e-03 
 1.324159357233e-02 -1.695219480069e-01  3.851605210530e-01 
-7.050844897601e-04 -8.727677608137e-03 -1.459007120655e-02 
-9.545971010399e-03  8.109109327977e-01  3.898972119165e-03 
-3.315367807890e-04 -7.204757904882e-04  1.349458714139e-01 
 2.456347489800e-01 -6.954363937748e-03 -1.380859070369e-03 
-4.954245834613e-03  8.508021452455e-02 -1.242084266470e+00 
-8.867152761891e-03  1.899972851543e-02 -2.051128223607e-02 
 1.610903433147e-01  8.387050044639e-01 -1.248085760609e+00 
 2.605344928262e-01 -7.870860761044e-02  6.951220070592e-01 
-1.489646706343e-01  2.159661128741e-01 -1.154541867143e+00 
 6.547543171568e-03  8.001872027676e-02 -3.292203983922e-02 
 2.458455052365e-04  2.414673809906e-02 -2.288162742790e-02 
-1.431537899998e-01  5.429725971629e-01 -1.077128907620e-01 
-3.004492210686e-02  5.696446075009e-02 -1.519667045221e-01 
-6.911775773240e-02 -9.237385551101e-02 -5.703540226307e-02 
-4.752647148351e-02  9.571526906437e-02  1.164281727707e-02 
-6.966779992821e-02 -7.554772994724e-01  7.279185247750e-01 
-5.361136527235e-04 -4.188339388143e-03  3.428651961891e-02 
 6.733619381102e-01 -8.369549032486e-01 -1.629943593601e-02 
-4.303629869202e-02  8.766163783879e-02 -1.218019827870e+00 
 1.594967145195e+00  4.715686963814e-02  4.866193932727e-02 
-3.592960173066e-03  1.372491443651e-02 -1.237180633229e-01 
 9.372894047261e-03 -6.475459847590e-03 -2.554497318944e-03 
-2.593994965205e-03 -1.781994877864e-01 -1.221174791894e-01 
 1.726236823010e-01 -2.053587007481e-02 -5.504208945064e-01 
-3.159083927328e-01  5.387484482345e-01  1.383081262965e+00 
-4.784229515909e-02  1.558168448830e-01  7.066814530644e-02 
-2.056644592730e-02 -6.893662446047e-02  1.982629571039e-02 
 3.461266555279e-02 -5.516654704989e-01  3.932923110214e-02 
-5.154347119218e-02 -2.646400100226e-01 -4.168698028808e-02 
 4.942396562661e-02  9.650808793035e-02 -3.722465752151e-02 
-5.113456438006e-02 -7.513044280354e-02  1.269589167876e-02 
-2.507292380845e-02  2.087127600063e-02 -5.522218322890e-02 
-3.907122177833e-03  2.371345297720e-02  6.477953228391e-02 
 1.009764546623e+00 -9.371946511249e-01  2.316810105544e-02 
-5.124631853376e-02 -3.928508473340e-03  3.760356815912e-04 
-8.560541570332e-03 -2.964429250268e-02  3.625911570391e-02 
 3.471081837013e-02  1.262695475339e+00 -4.213076541047e-01 
 1.668027463227e-02 -4.378534758672e-02 -5.652196520354e-02 
-7.677715031981e-02 -1.767823833480e-01  4.427959509910e-01 
-5.786501772294e-01 -3.470296494039e-02 -1.920410726920e-01 
 6.821775143783e-01  2.048700837173e-01  5.185442944899e-01 
 9.813741293185e-02  3.659741161905e-02  2.298048488684e-02 
-9.036822139917e-02  1.800140710408e-01 -3.246601493385e-02 
-2.951032802685e-01 -7.561783474915e-02 -2.400369043488e-02 
-1.036107315495e-01  9.119588774540e-02  1.157271350374e-01 
 3.484098208492e-02  1.270446841839e-01  2.574852508714e-03 
-2.624539957903e-02 -5.229510823354e-02  3.027289259997e-02 
 2.421400027535e-02 -1.531948849263e+00  1.640711323224e+00 
 2.653485223422e-02 -6.551700020934e-02  1.736411919907e-02 
 3.421179515787e-01 -3.745496160874e-01  4.342047900354e-02 
-1.243014056418e-02  9.928472505421e-03  7.000336407295e-01 
-8.121369681700e-01 -3.578108549078e-02  2.829375064501e-02 
-7.500139207521e-02 -2.577143931590e-01  2.901230885380e-01 
-3.055848497657e-02  5.629137275789e-02 -5.721625074429e-03 
-5.168862980687e-02 -9.224088327710e-02  3.455547131819e-01 
 1.188391860000e+00  4.746103882561e-01 -1.425579021820e-01 
-1.636059004126e+00 -8.148675430857e-01  3.497205768077e-01 
 5.031692731858e-02  1.357020735752e-02 -3.355761581824e-02 
 4.184626841727e-05  8.887477778135e-02 -2.022172523750e-02 
-1.356041803245e-01  1.750555171322e-01 -7.268526316052e-02 
 1.292230884300e-01  2.177971978606e-01  2.436023244690e-01 
-1.459120775208e-02 -1.216212825583e-01  4.020292329678e-03 
-2.260402491198e-02 -8.713499001390e-03 -1.631255190962e-02 
 1.666053383669e-02 -5.137397586803e-01  7.605074364385e-01 
 1.445310170427e-02 -4.611703268868e-02  1.812363195663e-03 
 1.158613824531e-01  4.493135227661e-02  1.757650572098e-02 
-1.744465567678e-02  2.555766598048e-02  5.525777803940e-01 
-1.186540077550e+00 -5.048947528654e-02 -3.897907688481e-03 
 9.257671807376e-03 -3.829393246276e-01  2.288053099685e-01 
 3.777477653743e-02  3.842735596588e-02  1.591779810437e-02 
 1.103932467794e-02  3.435423825684e-02  1.038828870776e-01 
 2.678620254763e-01 -8.068667316637e-01  7.692408260610e-01 
-5.607985043136e-01  1.786796961369e+00 -7.048286292581e-01 
-8.766676248318e-03 -1.622881393909e-02 -7.832330327147e-02 
-7.151153838642e-02 -1.000254781949e-02 -8.336845545662e-02 
-5.414570751804e-01  7.507462363430e-01  2.363240202671e-01 
 8.691463488268e-02  5.014862171097e-02  7.697960132814e-02 
-3.734320606557e-01  1.278199421460e-01  2.940493498660e-02 
-1.813853256661e-02  2.747167175497e-02  3.847420715904e-02 
 7.162489122718e-02  2.540102315387e-01 -1.128050154642e+00 
-2.590071989632e-02  1.456372694629e-01 -3.716918350202e-02 
-3.223055312263e-02  8.393867891171e-02  9.075165704910e-02 
 1.732862616237e-02  1.380899046658e-01  1.122636760715e+00 
-1.103322616428e+00 -1.380132774352e-01  1.435787830811e-02 
-7.442884171183e-02  4.374070601343e-01  3.364956517016e-01 
 2.081669360507e-02 -1.500166556188e-02  1.273197313039e-02 
 7.214331563512e-02  3.038267965262e-01 -2.288965267264e-01 
 2.752860218137e-01 -2.059145716026e-01 -3.490759799521e-02 
-6.293778727610e-01  9.781437756804e-01  7.274382731752e-01 
-7.361820176026e-04 -5.497084332086e-02  9.960053329791e-02 
 5.270389153216e-02  3.230309408610e-02  8.814289800436e-02 
 3.647972709623e-01 -1.191794164467e+00 -1.212844608241e-01 
-9.359524762345e-01 -2.316373522403e-01  3.916897195839e-01 
 8.060187551915e-01  6.003717092776e-01  5.175548830455e-02 
 6.954688019478e-02  4.305165432940e-02 -4.656835065158e-02 
 1.918886523585e-02 -5.322919362649e-01  7.855483397937e-02 
-2.410787627582e-02  2.703475688818e-02  4.396472423989e-02 
-1.065001521199e+00  1.320929160966e+00 -1.182746038371e-01 
 1.799961471262e-01 -6.598438368615e-02 -3.104711670070e-02 
-2.821469117036e-02  1.515508756997e-01 -3.083843626547e-03 
 3.319096461784e-02  5.461466075268e-01  3.714056855113e-01 
-2.310918787399e-02  4.204723270293e-02 -7.183531741239e-03 
 1.944631701202e-01  8.004391609953e-01 -8.639829528685e-01 
-2.637480735911e-01  9.446159369771e-01  5.414876027683e-01 
 4.874004055766e-01 -1.762405227245e+00 -8.046176325399e-01 
-2.564392231556e-03  2.502826402794e-01  4.332136332171e-02 
-6.498194802724e-02 -6.602929556806e-02 -1.779830319104e-02 
-1.145232971258e-01  4.107917507449e-01  3.922514580868e-01 
-6.863692725518e-02  6.471692659914e-02 -3.655601285063e-01 
 1.005481552484e-01  2.596197358683e-02  5.956277693119e-02 
-2.350387819625e-02  4.235347622560e-02  1.583566841698e-02 
 6.474494858926e-02 -1.533061311787e-01  1.182003440505e+00 
 4.165724229786e-02 -1.021526187067e-01  8.160959912084e-02 
-4.699771298418e-01  4.986945137012e-01 -4.569781336104e-03 
 8.533286071907e-02  2.988903767570e-02  5.438559076706e-01 
-5.481215759117e-01 -8.722194365020e-02 -7.610953452985e-02 
 7.556885103762e-04  7.627293009610e-01 -1.691987945634e+00 
 4.326380613827e-02 -1.693979635714e-01 -1.577025954021e-01 
 3.619094575772e-01  1.728477728963e+00 -3.535111863548e+00 
 3.368567249673e-02 -2.406550507928e-01 -4.214804360623e-01 
-8.714845452333e-02  7.790235647455e-01  5.318343086467e-01 
 8.934945616583e-03 -1.062543541414e-01 -1.044251913429e-01 
 1.354130034704e-01  5.810299073394e-02 -3.484128198183e-02 
-1.696962908341e-02  6.531100177907e-01  8.631568351611e-01 
 1.516916102568e-01  2.578708478594e-01 -1.521343292912e+00 
-2.848537438002e-01 -8.254803014836e-01  5.613136609776e-02 
 2.335129871541e-02  1.165119820215e-02 -3.966457409334e-02 
 4.649526995248e-02 -2.012997165147e-01  3.771337056861e-01 
-1.634255980632e-03 -4.898129448749e-02  5.327794216843e-02 
-2.913155002705e-01  7.756804884942e-01 -5.784410744964e-02 
 7.835315580457e-02 -3.571192010055e-02 -2.174827317953e-01 
-5.052524224956e-01 -2.106102690785e-01 -1.028691645177e-01 
 1.004442452721e-01 -1.574792513198e-02  1.362147800029e+00 
-2.817382266469e-02  1.762136727682e-01  1.435915266526e-01 
 2.864438419923e-01  1.250978605280e+00 -8.979430942487e-01 
 1.189064350399e-02  1.541332544961e-01 -2.190036260089e-01 
 1.188020304487e-01 -3.884106314774e-01  1.296784434923e+00 
 3.686883825606e-02 -1.527581734648e-01  2.794714066844e-01 
 4.146670735454e-02  3.251926017201e-02 -8.281340671996e-02 
-5.204737186534e-01  1.385270406422e-01  5.445366435011e-02 
 4.801498622516e-02 -1.066770702351e+00  7.608096822768e-02 
-1.666102543925e-01  2.122710356391e+00 -2.458957402837e-02 
-1.418358484206e-02 -2.549935993199e-02  3.336357651691e-02 
-6.459552112425e-03  2.020329681078e-01  3.568138422537e-01 
 3.537286059769e-02 -7.893346503574e-02 -8.339611563942e-02 
 2.168587352852e-01 -9.485265068794e-01  1.168493344185e-01 
-1.334971839495e-01  1.031024516571e-01  2.879046862339e-01 
-4.757668286463e-01 -5.584061272467e-02  9.739896785444e-04 
-6.735536504730e-02 -2.898118375658e-01  8.950676638429e-01 
-3.792719894453e-03  6.243088074498e-02  5.836139269731e-02 
 4.110914465126e-01  1.800611538921e+00 -3.218056796175e+00 
-1.031193360952e-01 -9.439873462611e-02 -8.999742960471e-02 
-1.106467748604e-01  6.596490835636e-01  3.197321982430e-01 
 3.004416948457e-01  6.098799977416e-02 -1.672051922927e-02 
 4.487388118332e-02 -1.457049242717e-01  3.220258221202e-02 
 1.535178323259e-01 -4.062099169660e-03 -6.864517692996e-01 
 4.015239608386e-01  2.485695305247e-01  1.419797128049e+00 
-7.550614606281e-01 -4.308808939702e-01  6.613597754385e-02 
-7.516239116082e-02  5.030909113723e-02  1.443278989105e-02 
-3.599495999896e-02  4.269712938156e-02  1.648422177676e-01 
 1.454190369353e-01 -1.180346406135e-04  1.942798745765e-02 
-3.142828066870e-01 -2.248724178350e-01 -5.753414967585e-02 
-8.861605089402e-02  1.638807059227e-01  3.575720615953e-01 
 5.047481645515e-01  2.014306336551e-01 -1.206480592772e-01 
 8.484425042783e-02  3.344964958937e-01  7.677380655094e-01 
-1.590175080731e-01  2.100770613134e-02  5.702866563587e-02 
 4.057908065215e-01  1.764263723078e+00 -3.169834598632e+00 
-1.402699698613e-01  7.201752083771e-02 -4.644989587717e-02 
 1.134179637565e-01 -2.839259211164e-02 -5.832370447782e-02 
-3.892895239089e-01 -4.844154233882e-02  1.328709816102e-02 
-1.940191396435e-01  1.892524046624e-01  8.097294717079e-02 
 3.864053987906e-01 -2.536277440614e-01 -4.209801607162e-01 
 3.867752478100e-02  3.096697570826e-01  8.539183311654e-01 
-1.019353830196e-01 -6.424580747514e-01 -9.931153309740e-02 
 2.324471689493e-02  5.011217289512e-02  6.298373436625e-02 
 7.605783849175e-02  2.428809893918e-01  2.122557301012e-01 
-1.669819597299e-01 -1.109635384502e-01 -9.448374407611e-03 
-1.068921418271e-01 -1.331612301946e-02  1.990595224184e-01 
 8.842169758500e-02  1.410535222882e-02  1.519297754213e-01 
 6.465677515413e-01  4.144180535027e-02  2.789493709377e-01 
-4.129500502157e-02  1.864829749191e-01  3.967210273548e-01 
 1.544298824515e-01  8.432802116197e-02  5.264876083634e-02 
 1.587848988147e-01  6.670297280463e-01 -1.471431761926e+00 
 1.189015586877e-01  8.612013746301e-02 -1.569386515194e-02 
-3.592275936644e-02 -5.808662525222e-01 -5.170561404304e-01 
 2.600456251781e-01 -2.424961437589e-01  1.001788697701e-02 
-3.945171298117e-01 -2.171572660762e-01  6.760921306020e-02 
 3.081539850035e-01 -2.199365242974e-01  1.863819478313e-01 
-3.661428694087e-01  2.585845522267e-01 -2.926892375662e-01 
 1.056223142738e+00 -7.857885164860e-01 -4.679791951317e-03 
 7.623275039234e-02  9.965994028393e-03  1.417531795622e-01 
-2.619033243949e-02  3.337112742758e-01 -6.634261798681e-03 
 2.810802860929e-01  4.374687385497e-02 -2.299936580853e-02 
 5.789557391959e-01  1.237076275094e-01  6.610962884904e-02 
 1.456307255376e-01 -8.344784960527e-02 -6.627940661726e-02 
 3.111242948985e-01  3.087882044575e-02 -1.864951216493e-02 
-3.084132288712e-01 -6.580953592899e-02 -1.171240035769e-01 
 5.482358775094e-03  5.895624446086e-02  1.863398359043e-02 
 1.576014321332e-01  7.424068082877e-01 -1.808556470296e+00 
-1.024681307176e-01  1.195380555638e-01  2.379856809542e-01 
 2.215997836355e-01 -9.435780889781e-01 -1.387623405494e+00 
-2.473280762599e-02 -8.817296320047e-02 -2.177126151291e-01 
 2.638291615077e-01 -1.187296725923e-01 -2.772922545203e-01 
-1.320125719076e+00  2.254863657732e+00 -2.252345424622e-01 
-6.747289152748e-01  2.359677003512e-01  3.711085737916e-02 
 1.449834276296e+00 -1.128200135454e+00 -6.486874582284e-02 
 1.886872227442e-02 -1.578737779670e-02 -6.522296176704e-02 
 1.860376920251e-02  2.988816624714e-01  1.081551720112e-01 
 3.205581075946e-02 -5.561650867317e-02 -1.817812044182e-02 
 8.472062498144e-01 -3.061574581807e-01  1.115367992710e-01 
-3.281450709266e-02 -1.603965139436e-01  4.699319471658e-01 
-1.196899247539e-01 -9.951924361943e-02  1.149819071909e-01 
 2.391311519583e-01 -1.875292001533e-01 -4.306679382022e-01 
-1.738001423507e-01 -1.352748667696e-02  5.933041981595e-02 
-9.519380977023e-02 -4.075413741418e-01  1.240207475720e+00 
 4.718673136704e-02  3.974064583740e-02 -7.738752888992e-02 
 9.910437860024e-02  9.379822441741e-02  6.859798799665e-01 
 2.037614320308e-01  1.412897149077e-01  9.306396151317e-02 
 1.547182207501e-01  4.528233973919e-02  3.154649964345e-01 
 1.415820031588e+00 -2.325710909465e+00  9.516390190036e-02 
 7.749161963889e-02 -1.612723143561e-01 -2.659283355500e-01 
-4.776233246914e-01  6.130128894587e-01 -1.501862122617e-01 
-4.167065323038e-02  4.493852527657e-02 -6.056041042088e-02 
 1.762742535931e-01 -2.800278927712e-03 -2.020018554900e-02 
 2.015016623181e-01  6.597691332017e-02 -4.373072275132e-02 
-1.973124587324e-01  2.196190966440e-01  2.966456489889e-01 
 2.558141069185e-01  7.287782204687e-02 -1.171192670612e-01 
-5.341238984935e-03 -1.266960077746e-01  4.810156382043e-01 
 8.299445330809e-02 -1.296461279834e-01  1.431124144226e-01 
-1.964613761138e-01 -1.452541908144e-01  8.208662837362e-02 
 7.961385464705e-02  3.152900708046e-01 -5.176457874800e-01 
-1.388189758758e-01  6.885139753998e-02 -4.787295776378e-02 
 4.040914294068e-01 -9.210876013127e-01 -3.105388683701e-01 
 6.632594646017e-02  9.886428636902e-02 -4.566951922082e-02 
 9.996876526198e-02  2.290672306610e-01  3.182722522888e-01 
 1.328064915135e+00 -2.017305219491e+00  7.357158692541e-02 
-4.192638080243e-01 -7.016823384864e-02 -7.295152940644e-02 
 1.395550407835e+00 -4.921729555365e-01  1.296233500546e-01 
-2.064485624715e-01  1.654737293605e-02  3.608075461318e-02 
-1.254000714885e-02  6.909254588487e-01 -1.382023687289e-01 
-1.406552126198e-01 -8.949108947481e-02 -1.871426553245e-01 
 1.177797535394e+00 -2.234018360884e-01 -3.254501474678e-01 
 2.153279648567e-01  3.855407837000e-01  6.811890745537e-01 
-1.093342005898e-01  1.031177468135e-01 -1.054748943621e-01 
-3.343138395138e-02 -3.910499039609e-01 -1.521096323357e-01 
 9.982459610366e-02 -1.187553372371e-01  2.511837333954e-01 
 1.759620502557e-01  7.760195965606e-01 -9.544078990224e-01 
-3.707342145815e-02  2.041151194842e-01  1.244954477254e-01 
 3.341761501147e-01 -9.055050169078e-01  1.052530359973e-01 
 2.434498757307e-01  1.399042186058e-01  6.992154060864e-02 
 7.925324544901e-02  4.914072374561e-01  2.140006302036e-02 
 3.347554931747e-02 -2.435749082399e-01  1.038624938210e-02 
-1.396933916282e-01  1.965558080961e-01 -1.695565653219e-01 
 4.954475680788e-01 -1.004419213076e-01 -1.198687995967e-02 
 2.343165859983e-02  5.220642362845e-02 -5.169158693676e-02 
 1.318850827689e-02  1.205602896771e+00 -4.753291737850e-01 
-1.220587585264e-01  2.978737009078e-01  7.298109756321e-02 
 3.565062672148e-01 -1.456441367879e-01 -3.714273152749e-02 
-7.738867810612e-02 -1.584213279990e-01  3.655373361453e-02 
 2.331589610396e-02 -1.008444893506e-02  2.860894173379e-03 
-1.377027000103e-01  6.247021075513e-02 -1.926623731355e-01 
-1.710155805361e-01  3.518885354196e-01 -3.942758671130e-01 
-7.265288799565e-02 -2.498214942551e-01  4.629087987921e-01 
-5.913196774091e-02  1.010975118316e-02 -3.411358994205e-02 
 1.839913866563e-01 -9.931352660314e-01 -1.207068350252e+00 
-6.319648876380e-02  3.339882466882e-01 -1.601924681364e-01 
-1.753508963360e-01 -2.192133025375e-01  1.615100162715e-04 
 5.709918475776e-02  5.486324588899e-01 -5.117821152133e-02 
-1.287299308898e-01 -3.650700796631e-01 -7.857604276014e-02 
 4.669186103245e-01 -8.221016715853e-02 -1.629009108543e-02 
-7.982297961826e-02 -1.561484966144e-02  7.885573831310e-02 
 1.211248955773e-02  2.186067631220e-01  2.855360208504e-02 
-6.294432285325e-02  2.328065153328e-01  6.451870446776e-01 
 2.208785021900e-01 -6.840120794099e-02  2.320619397666e-01 
 2.020459872573e-01  4.041745668321e-02  1.136823884832e-01 
 3.098998190874e-02  6.001528563349e-02 -2.270857828488e-01 
 2.117360851129e-01 -1.440987684950e+00  5.094101950725e-02 
 6.406454191573e-02  2.237155664264e-01  8.444068126345e-02 
 2.210568191679e-01  8.763299548359e-01 -1.553032748520e+00 
-7.790990313644e-02  7.769983313214e-02 -3.377816867670e-02 
-3.349900980030e-01  8.929316743062e-02 -5.529749966850e-01 
 1.911440360065e-01  1.744029867907e-01 -4.907524033231e-01 
-3.294744249710e-01  3.456957986727e-01 -6.572709114679e-02 
-1.826316330437e-01  1.095547923030e+00  1.349674684836e-01 
-2.318862639907e-02 -4.859388388152e-01  2.608011855510e-01 
-1.657498975479e-01  1.929674961161e-01  4.083365308870e-02 
-3.264715217150e-02 -5.210734794001e-02 -6.694931279831e-02 
 5.375417291766e-02  2.883247431435e-01 -2.286939503620e-01 
 2.741868126023e-01  1.309708201451e-01 -6.530045319181e-02 
-4.381179591950e-01  1.835954934434e-01 -1.519310499021e-01 
-3.196658039396e-01 -2.664706796295e-01 -3.359302531813e-02 
 1.298171830976e-01  1.490983653100e-01  2.222400282449e-01 
 1.759362257339e-01  1.825963628661e-01  2.011974622168e-02 
 2.766104830081e-01 -1.686716489324e-01  2.527872759502e-01 
 1.238708135658e-01  4.662859750141e-01 -4.893719105049e-01 
 1.073062949040e-01 -6.898257264368e-02  7.927120051182e-02 
 1.430446239952e-01  5.763114004128e-01  1.641764318400e-01 
 3.484361750232e-01 -1.218735535304e-01 -2.003004465855e-01 
 4.829223859622e-02  2.097079780387e-01  2.220425215599e-01 
 9.743913527253e-01 -1.292946853626e+00  1.843835004493e-02 
 5.265806885707e-02 -1.934771644547e-01 -4.113967779210e-01 
 4.742958353567e-02  3.813217977305e-01 -1.785581391589e-02 
 1.280594287803e-01 -1.348880596308e-02  2.388862857089e-02 
-5.012269233442e-02 -3.613096940298e-02 -1.016150671694e-01 
-4.720144728405e-01 -1.921970876848e-01 -4.799041840924e-02 
 3.295608469770e-01 -8.494274537463e-02  5.457561446644e-01 
 7.079112730190e-02 -2.831474661212e-01 -4.901458303526e-02 
 1.084213252574e-01  1.546385356684e-01 -4.352442585595e-01 
-5.221546216147e-02  6.429459081188e-01 -9.742958602688e-02 
-5.441768885193e-02 -2.772853676556e-01  1.107254631863e-01 
-1.115998239724e-02 -5.887670534740e-02  3.652478069253e-01 
-1.921179808173e-01 -1.339921860422e-01  1.074050532955e-01 
-1.759449816559e-01  1.269160538854e-02  3.584005232900e-01 
-1.047505893638e-01 -2.041337591991e-01  3.070202920100e-02 
 4.582202477785e-01  2.360752520130e-01  2.350296160803e-01 
 9.824921524220e-01 -1.592390073296e+00 -2.145450814874e-01 
-7.773867984351e-02  7.832117672030e-02  1.765684238340e-02 
 4.251464891999e-01  5.422297732453e-02 -3.735541368185e-03 
 9.740407327082e-02  3.776339840276e-02 -1.490515233000e-01 
-6.932227582054e-02 -8.678581000713e-02  1.084896313028e-01 
 6.395251187848e-01  1.091484816507e-01  7.200039551275e-02 
 5.979250398028e-01 -1.802334629295e-01  2.434506847829e-01 
 7.236878201800e-02  5.647320819964e-02  2.555609534487e-01 
-3.071087894960e-01 -3.915054748065e-02 -3.428464609884e-01 
 8.978657048208e-02  4.673135168949e-01 -2.597304041180e-01 
 5.485383459302e-01  8.498284154050e-02 -1.376290406351e-01 
 1.425440550327e-01  4.556737160439e-01 -1.051995202028e+00 
-5.376390631631e-03  5.957859872950e-02  1.303590393073e-02 
 2.609606323704e-01 -3.348772687405e-01 -7.602534797529e-01 
-2.318420682399e-02 -4.050110124988e-01 -2.995527408076e-01 
 1.046562613776e-01  1.093093620605e-01  1.921882622704e-01 
 9.040288803368e-01 -4.878291596175e-01  8.495002008530e-02 
-8.671266209118e-02 -1.221400253232e-01  1.379190531526e-01 
 3.241730055760e-01 -2.354390555684e-01  8.366429010070e-02 
 2.731943729954e-01  3.026036790163e-02  1.522018884048e-03 
 2.956527689944e-02 -8.242021484121e-02  3.514757796415e-01 
-7.907488569076e-02 -1.113906396366e-02  6.739151513552e-01 
 4.307224263596e-01 -2.556626464030e-01 -2.115638160583e-01 
-2.969066180245e-01  2.765248844799e-01  3.873656763478e-01 
 1.889332516398e-01  1.890431411460e-02  2.762277747697e-01 
-2.420624045761e-01  4.301825130366e-01 -6.482268007427e-01 
-1.980324511304e-01 -1.356188274584e-01 -5.787407114924e-02 
-2.773810242866e-02  1.159153266277e-02  1.800488877851e+00 
 5.671576088959e-02 -1.243896649797e-01  5.563979148430e-01 
 4.956301517897e-02  2.202125180581e-01  4.878631999003e-01 
-1.655017997926e-01  2.394966838665e-01  5.303874460947e-01 
 1.094758826566e-01 -7.853228962351e-02  5.334766605666e-01 
 2.128853919474e+00 -3.991470435764e+00 -2.325930794759e-01 
-2.480148357280e-02  5.679497247928e-02  5.877307874052e-01 
 2.490837050173e-01  1.342582712039e+00  8.033031174950e-02 
 3.335208057959e-02  4.268747512704e-02  1.363484529732e-01 
-1.411715779431e-01 -1.577515124361e-01 -5.467348118205e-02 
 5.482030043085e-02 -1.898633648379e-02  3.846410389163e-02 
 3.777009219479e-01 -1.697119956526e-01 -1.883446385835e-01 
-3.221744059354e-01 -6.433754437057e-01  1.088901108164e+00 
-7.263821043713e-01 -2.802414978649e-01  8.521337819952e-03 
-7.359397703944e-02 -5.800743654922e-01  4.596625949320e-01 
-5.606856425364e-02 -9.843678276142e-02  2.952419088996e-01 
-1.406899822042e-01 -4.741678810190e-01  1.672258291847e+00 
-9.627795811702e-02 -1.020995284541e-01  3.358894027603e-01 
-1.183259445507e-01 -1.861476991670e-01  7.551888779593e-01 
 5.016544554545e-01 -3.228012449530e-01  4.296674755789e-01 
-1.675808672114e-01 -2.907363265804e-01  2.734412635690e-01 
 1.013394610850e+00 -2.517636191904e+00  2.204530578219e-01 
-6.430599295314e-02  2.283034875960e-01  2.113101054507e-01 
 3.741326626860e-01  3.491928461642e-01  1.512958102850e-01 
-6.812288491716e-02 -9.319647221176e-03 -1.483252371232e-01 
 2.539145049945e-02 -6.732713985550e-02  8.443178905399e-02 
-3.452551530497e-01 -1.294078523345e-01  3.403182091497e-02 
 5.682184257029e-01 -3.259499206592e-01 -1.877701324678e-03 
-1.709244847009e-01 -2.258637310141e-02  4.408882342451e-01 
-3.741731633725e-01  8.856979977972e-02  2.444703189897e-01 
 6.179415598512e-01  7.912564228306e-02 -1.098668935685e-01 
 4.649981045796e-01  1.977492391779e-01 -1.704676935843e-01 
-9.959409667233e-02 -3.232983946846e-01  1.252193811060e+00 
 2.815020085890e-01 -6.041888758347e-02  3.199756492769e-01 
-6.714029166997e-02 -1.860520256994e-01  5.420141935712e-01 
-5.283084520327e-01 -1.857945142405e-01  3.751271786551e-01 
-3.387075438139e-01  3.507281770445e-01  1.977573902253e-01 
 6.530647835373e-01 -2.134084784052e+00  5.212957106513e-01 
 4.166770093341e-02  1.932099792410e-01 -1.771501141798e-01 
 4.619823501015e-01  2.608079321701e-01  7.356207280810e-02 
-1.134073741583e-02 -1.212451656443e-01  1.398088091446e-01 
 7.176499000843e-02  9.696380012600e-02 -2.246074719679e-02 
 3.242363791345e-01 -2.073790188573e-02 -4.792877609322e-02 
 6.761060358967e-01 -4.069154073224e-01  5.985570012156e-02 
-1.079839889151e-01 -2.203741617091e-03  3.588404778929e-01 
-7.906474722482e-02  5.325839532317e-01 -1.420902097329e-01 
 5.166563422235e-01 -2.301604331651e-02 -5.729521957342e-02 
-6.892902973758e-01 -1.428981475542e-01 -4.852526982170e-02 
 6.375661225698e-02  3.223508476829e-01 -2.217381740950e-01 
 1.347095979794e-02 -4.789171401521e-03 -1.888149506433e-01 
-2.266529322193e-01  7.177443806608e-02  8.312757128215e-02 
-3.514884517920e-02 -3.963101732122e-01 -1.500188732720e-01 
-4.461790462631e-01  1.714422693584e-01  4.012119286987e-02 
 2.153055151387e-01 -1.008626466496e-01 -6.242647340770e-01 
 2.566524194048e-01 -3.568189381680e-01  5.190426646175e-01 
-4.075326560855e-02 -1.550555248212e-01 -1.154641272224e-01 
 7.887444706926e-02 -3.538401951375e-02  6.492260270948e-02 
-2.476959820579e-01 -1.776600864634e-01  4.026402269820e-02 
-4.837286252931e-02  2.004927323938e-01  2.925510853142e-02 
 8.444356551436e-02  2.951690051965e-01 -3.415187199438e-01 
 4.663215598613e-01 -1.510195339280e-03  6.514543031909e-02 
-3.887633263738e-01 -6.158583520921e-01 -1.101712030693e-01 
 5.036327120976e-01  2.949266943230e-01 -2.438422749860e-01 
-2.408607309030e-01 -2.245337970406e-01 -2.046170902945e-01 
 1.168021552236e-01  2.502871349228e-01 -6.323444048956e-01 
 2.447977439977e-01 -8.378380913148e-01  4.737885634216e-01 
 1.162543909018e-01 -3.172750644215e-01  1.526581943324e-01 
 1.684578102626e-01  2.338984710507e-01 -2.367801716742e-01 
 5.147896526158e-02  2.071893481220e-01  1.347217990718e-01 
 4.528299545512e-01 -1.318733638522e+00 -5.841659854296e-02 
 3.595523015913e-01 -4.303718535858e-01  7.060876686902e-02 
 1.409288348912e-01  6.183178528231e-01 -4.222648321337e-02 
-1.436621212039e-01 -8.622195891374e-02  6.029950886784e-02 
 7.254482404770e-02  8.575645693279e-01  3.225682957094e-01 
 2.521607160865e-01 -9.959296366354e-01  1.950826557751e-01 
 4.433027934364e-01 -7.301407849592e-02 -2.586995139408e-01 
 3.184056790873e-01 -3.396118156901e-01  4.384603235900e-01 
-2.203275955390e-01  1.544639833344e-01  6.575369596782e-02 
-8.531745533889e-02 -1.181685230068e-01 -6.722484208576e-02 
-1.472954922449e-02  2.988477513407e-01 -4.519473903596e-01 
 1.159705639108e-01  6.372054462486e-01  2.101143383657e-01 
 3.530306042157e-02  4.737474226854e-02  5.992990846624e-02 
 5.504533663232e-03  1.726641449808e-01 -1.245654898698e-01 
 8.291410596472e-02 -2.994120234136e-01  4.218980308612e-01 
 5.862634169882e-01 -3.042854703761e-02 -1.284405417348e-01 
-8.413646147321e-01 -5.232555485422e-01  1.986948928098e-01 
 6.600827336354e-01  8.305270712621e-02 -1.330863007694e-01 
-9.414930686588e-02  1.424457198645e-01  2.900840586494e-02 
-3.258271793790e-02 -2.173069793271e-01  3.139715915815e-01 
-5.955213045913e-03 -3.108792239333e-01 -1.066154490338e-01 
-9.256286956268e-02  4.200356942510e-01  2.245491330767e-01 
 5.957730600453e-01 -2.402239258923e-02 -2.811674386769e-01 
 5.232281408963e-01 -4.143219072859e-01  4.856088939694e-01 
-2.986148582761e-02  5.135168935838e-01  2.233359798161e-01 
-2.778992965157e-02  7.756884856833e-02 -2.413254361281e-01 
 3.595721426590e-01 -3.500965888928e-01  8.498903296448e-02 
-6.831445406326e-02 -2.140600883005e-01  6.114511908281e-01 
-2.184098044865e-02  3.406424632447e-01  6.393318965234e-02 
 1.309037995504e-02  1.805310962495e-01  4.452929962799e-01 
-1.086997998477e-01  1.615862151821e-01 -6.130068652117e-01 
 3.342713473612e-01 -3.010206776849e-01  1.474904348971e-01 
 6.610269911947e-01 -8.452600773712e-01  1.418612099107e-01 
-2.931928137865e-02 -2.692282104242e-01 -1.566888802073e-01 
-4.166535628619e-01  4.136534586540e-01  3.212224267605e-01 
 3.184428391031e-01 -1.098772709808e-01  5.746249938076e-01 
-4.228711258851e-01 -5.783652172850e-01  1.377456413805e-01 
-4.967740276579e-02  2.220230761492e-01 -4.492698083496e-01 
-2.983348862483e-01  2.229400184644e-02  2.226293821170e-01 
-8.946308189993e-03  1.770602443933e-01  1.592968898283e-02 
-3.812234938974e-02  3.271011498768e-02  3.653550031810e-01 
 2.123271568717e-01  1.238092686729e-01  2.195249383216e-01 
 3.723204232708e-02  4.814545672584e-01 -2.820358046792e-01 
 7.981636825686e-02  2.093091855013e-01 -8.530410248121e-01 
 8.142981860679e-02 -3.982402125091e-01 -5.978076457159e-01 
 8.045840429376e-02 -1.271397246804e-01 -3.277886285394e-01 
-9.585276872520e-02  5.640320603383e-02  1.860554198215e-02 
-1.588341740707e-01  2.030476847235e-01 -2.560052481988e-01 
-9.682967631433e-01  2.057729052654e+00 -4.585292625965e-02 
-2.663654249267e-02  4.568379639016e-02 -3.623782303635e-01 
-2.282508708876e-01 -4.929958712786e-01  7.842868781949e-01 
-4.222303174137e-01  3.131979872255e-01 -1.389449856508e-01 
-3.990793300886e-01  3.863885432223e-01 -1.028261282556e-03 
 1.080021372061e-01 -1.473099767605e-01  2.327632347466e-01 
-2.816261637332e-01  1.490707271972e-01  5.259738173139e-01 
 1.552007229488e-01 -1.778501239446e-01 -6.280057979260e-01 
 3.567183693683e-01 -2.140741230824e-01  3.648815177616e-01 
-1.515666413114e-01 -4.499982725640e-01 -1.021965588105e-01 
-9.232645937380e-02 -3.818192525461e-01 -1.525530032961e-01 
-3.147371233457e-02 -2.896230772894e-01 -6.996758900802e-01 
 1.560161694688e-01 -6.142357729184e-01 -9.140250238150e-01 
-8.722651962938e-02 -1.198024028907e-01 -1.418524704172e-01 
 3.201910468075e-01  4.230465035592e-01  1.243029713771e-01 
 8.539700754395e-02  3.181936757287e-01 -3.242564423481e-01 
-1.128013621870e+00  2.952151236730e+00 -7.917367578179e-02 
-4.058687453824e-01  3.071671187439e-01 -3.243100823483e-01 
-2.234720504712e-02 -1.060891011013e+00 -1.113428478645e-01 
 5.640989543508e-02  3.215530161499e-01  7.919176799056e-01 
 2.810541984032e-01  8.050444662813e-01 -1.798781671388e-01 
 1.178609956328e-01 -4.120297312711e-01  2.165623179317e-01 
-6.856529239662e-01  2.642786134654e-01  7.122305845280e-03 
-4.021789517221e-01  1.778432878648e-01 -9.601297735488e-01 
 3.278443229633e-01 -3.488293486035e-01 -1.706041970231e-01 
 3.676048549795e-01 -6.816545699473e-01  2.622804614665e-02 
 2.918514183449e-01 -4.544908516499e-01 -1.298700536014e-01 
-2.777723873263e-01 -1.373503452763e+00 -7.035868944978e-01 
-1.267763869590e-01  5.460472682259e-01  7.207960595002e-01 
-7.185134119860e-03 -2.382884667618e-01 -4.043460432640e-01 
 4.560743470586e-01  6.298717735319e-02  4.800460112948e-01 
-5.147055271151e-02  7.476869021356e-01 -2.806124793645e-01 
-1.244984954744e+00  1.362583818433e+00  2.445329246361e-02 
 2.428814209819e-01  2.526290919734e-01 -6.540821149817e-03 
-2.631637804677e-01 -8.005612852661e-01  8.389462231476e-02 
 5.418415228868e-01 -7.745175048931e-05 -1.115698745532e-01 
-3.313710504271e-01  1.077131201545e+00 -3.499328153482e-01 
 1.586687183552e-01 -5.674161276767e-01  3.034483327971e-01 
 2.773403578506e-01 -6.781352307740e-02 -5.202880565806e-02 
 4.246095116152e-01  1.749809302063e-01  7.849649223812e-03 
 7.257197738975e-02  8.078194250615e-02  1.877648519414e-01 
 1.877160627932e-01  1.519568027827e+00 -3.803624983053e-01 
-3.826766335477e-02  3.799128852373e-01  1.005435453885e+00 
 2.633174253539e-01  1.294970958343e+00  9.485819217363e-02 
 2.560877901350e-01 -6.952902002151e-01  2.640206930333e-01 
-7.157256093210e-03  2.132245875607e-01  3.230214106239e-01 
 1.158382703222e-01  6.045531307726e-01  8.343773546320e-01 
 1.124000668849e-02  1.011633036036e-01  2.866602473626e-02 
 1.887227464658e-01  6.844249084441e-02  7.592177140508e-03 
-4.470560935464e-01  4.989988880147e-01  5.676499362806e-02 
-7.033810522062e-01  7.604425831765e-01 -1.070322767910e-01 
-9.917875692843e-02 -1.139957223427e+00 -5.533117198632e-02 
-3.031097587427e-01  5.243203748499e-01 -1.238151074790e-01 
 7.513630910343e-02 -3.051534363709e-01  1.553381008849e-01 
-1.620666764957e+00  3.667777403436e-01  3.323675685087e-01 
-4.129304352533e-01  5.170318482925e-01 -7.157212809090e-01 
 2.059152673600e-01 -3.793746684376e-01  6.047924634671e-02 
-1.354085395787e-01 -1.296403231467e+00  5.942142106888e-01 
 1.810470336768e-01 -6.104187105812e-01 -2.224624214912e-01 
-2.966828042125e-01 -1.227506980368e+00  1.123724888428e-01 
-9.756687616148e-02  8.483780179573e-01  8.476744570979e-01 
-1.048327049797e-02 -7.626578094340e-02 -1.674214342905e-01 
 1.205628304084e-01 -8.011156731769e-01 -7.168215841319e-02 
 2.900952408189e-01  3.256119935489e-01 -9.834401216526e-02 
-2.065437528530e-01  1.331265346162e+00 -6.418972934203e-01 
-8.368916812447e-02 -3.925018623492e-03 -6.722324090083e-01 
-1.395542890890e-01 -8.330251342863e-02  5.473079409628e-01 
-3.083429191257e-01 -5.118230800112e-01  2.640890829938e-01 
 7.175584683447e-01 -1.450848943846e-01  2.842089014916e-02 
-2.452672137340e-03  1.046548213066e-01  8.271359819492e-02 
 1.216524467460e-02  9.901664147751e-02  7.467042842933e-02 
 5.512292345876e-02 -1.561228706298e-01 -2.170214840336e+00 
 6.087227182411e-01 -9.918579428152e-01 -3.474213361266e-01 
-5.857756776786e-02  2.125412419321e+00 -6.833173380548e-01 
-1.503927416442e-01  6.790739383869e-01  6.182040140586e-01 
 1.251887832105e-01  7.131205782571e-01  7.255582138983e-01 
 1.781804104582e-01 -6.515746732029e-01 -5.301738703745e-01 
 4.369960331540e-02 -8.528421742454e-02  1.860956056693e-01 
-1.220564871781e-01  8.460166023510e-01  2.876447058102e-01 
-1.813105962168e-01 -2.921827807584e-01  3.198345433007e-02 
-6.606495382466e-03 -9.768036676992e-01 -4.897693593449e-01 
 3.508187378756e-01 -2.097997584341e-01 -4.060503264733e-01 
 3.433540242128e-01 -9.222219766314e-02  7.186588143656e-01 
 8.925901151271e-01 -1.399458359706e-01 -3.297419586952e-01 
 7.042416519809e-01  9.218624325041e-02 -7.817560943671e-02 
 4.453007111603e-03 -6.205770990407e-02 -2.007872453683e-01 
 2.166795982708e+00 -7.565093851831e-01 -3.679354021395e-01 
 8.763214660038e-01 -3.029852788376e-01 -9.052624377393e-01 
 2.482881031170e-01 -4.560823471503e-01 -1.912182700214e-01 
-5.647071292024e-04 -2.082774321238e+00  6.301223885042e-01 
 1.326181044866e-01 -5.912190448687e-01 -4.945940105489e-01 
orbocc
(*)
 0.000000000000e+00  0.000000000000e+00  0.000000000000e+00 
 0.000000000000e+00  0.000000000000e+00  0.000000000000e+00 
 0.000000000000e+00  0.000000000000e+00  0.000000000000e+00 
 0.000000000000e+00  0.000000000000e+00  0.000000000000e+00 
 0.000000000000e+00  0.000000000000e+00  0.000000000000e+00 
 0.000000000000e+00  0.000000000000e+00  0.000000000000e+00 
 0.000000000000e+00  0.000000000000e+00  0.000000000000e+00 
 0.000000000000e+00  0.000000000000e+00  0.000000000000e+00 
 0.000000000000e+00  0.000000000000e+00  0.000000000000e+00 
 0.000000000000e+00  0.000000000000e+00  0.000000000000e+00 
 0.000000000000e+00  0.000000000000e+00  0.000000000000e+00 
 0.000000000000e+00  0.000000000000e+00  0.000000000000e+00 
 0.000000000000e+00  0.000000000000e+00  0.000000000000e+00 
 0.000000000000e+00  0.000000000000e+00  0.000000000000e+00 
 0.000000000000e+00  0.000000000000e+00  0.000000000000e+00 
 0.000000000000e+00  0.000000000000e+00  0.000000000000e+00 