2mocoef
header
1
MO-coefficients from MOLCAS
1
48   48
a
mocoef
(*)
 8.390770717887e-05 -2.033200972319e-05  2.496200888396e-03 
-2.167753921166e-05 -1.228834164538e-04 -3.128969369071e-04 
 2.698698630380e-04 -1.277895210566e-04  1.543338711496e-03 
-9.653187904439e-05 -5.552412834386e-05 -5.578836721363e-04 
-8.213401575888e-05 -8.475879384901e-05  1.001185268111e+00 
 6.020009970238e-03 -7.010652754302e-03 -1.839483739569e-03 
-1.516227548368e-03 -1.649947247221e-03  1.138668603785e-03 
 1.407680462004e-03  2.460368404920e-03  1.415703364185e-04 
-7.122002071744e-05 -3.174896922648e-05 -3.097987480834e-07 
 3.641170923076e-04 -2.722963621627e-04  2.197799963803e-04 
-2.404513592892e-05  3.174682426151e-05 -1.523004907618e-04 
 6.927899212546e-04 -6.415722804225e-05  6.414786487136e-05 
-2.654963514440e-04 -4.436851181106e-05 -4.492795231114e-04 
 4.818526698768e-04 -8.656164102581e-04 -1.951026852183e-04 
 1.180889644116e-04 -6.910225460533e-05  8.751724865607e-05 
-1.156307718305e-04  1.380209181400e-04 -1.969910310867e-04 
 1.001086430026e+00  6.643251597905e-03 -4.143876457980e-03 
 3.924421528465e-04 -6.928990624078e-05  1.902920707089e-03 
-3.656415386949e-04 -1.396244809647e-04  3.394080249131e-04 
-1.539863124857e-04  3.174652391218e-04  1.075114184533e-03 
-1.433486750355e-04 -1.193373046265e-04 -4.167083603036e-05 
 9.208713501252e-04 -3.759604950864e-03 -2.105928517943e-05 
-2.423307839790e-04  4.745892287133e-04  9.750842513330e-04 
 3.403219764562e-04  1.241560143275e-03  4.412110717588e-05 
 1.677612904364e-04 -3.259044271085e-04 -1.852863597147e-04 
-5.060419295489e-05  4.298258096914e-04  5.768773448134e-04 
-2.359466782960e-05  1.529863394933e-04 -8.144034259016e-05 
 7.430872705787e-04 -4.200437927448e-04 -1.759972223482e-04 
 9.706931313137e-05 -2.885185467563e-04  1.191793281188e-03 
-7.140999606239e-06  3.814444540826e-06 -5.308470096355e-05 
 5.592338367276e-05 -6.031442353511e-04  1.642353215235e-03 
 2.041265762605e-04 -2.808037653167e-04 -1.865000975532e-04 
-8.153812075979e-03  4.249090481587e-01 -1.440695106218e-01 
 9.540275405775e-03 -2.784713813771e-02  1.937693352105e-01 
-9.874457737625e-03  8.033084072836e-04 -8.686019388622e-02 
-9.819147109888e-04 -4.770228735924e-03  2.743154142508e-02 
 4.129091618295e-03 -1.146295820449e-03 -9.373832045959e-03 
 7.715866676428e-01 -1.854805052367e-01 -1.092440749830e-01 
-8.147740182625e-02 -1.090969066801e-01  5.041371682724e-02 
 3.066071576839e-02  3.369565893374e-02  1.780663877360e-03 
 2.097291832987e-03  1.023064533918e-02  5.430083912095e-03 
 2.699167299675e-03  4.511561282407e-02 -1.998099850563e-02 
 1.531484426125e-03 -5.099216784507e-03  3.870419548895e-03 
 1.920155939193e-01 -8.986495318932e-02 -1.367324932861e-02 
 1.955109911928e-02 -1.276557690962e-02  3.554286363210e-01 
-1.832365365808e-01  3.729761622991e-02  2.941643607234e-03 
-7.859389251190e-03  9.304296850830e-02 -5.093558196211e-02 
-1.817883724150e-03  4.504816254892e-03  8.912431897052e-03 
 6.273285516203e-03 -7.099209885753e-01  1.069501451514e-01 
-8.211244794957e-02  9.767567509576e-03  1.474955950859e-01 
 3.224062138767e-02 -2.007563697390e-02 -2.863394424290e-02 
 4.719723635692e-03 -4.712756795207e-03  7.709701994363e-04 
-1.769222506523e-03  4.030291283571e-03  1.363072228437e-03 
 2.899032145577e-01 -2.480578092611e-02 -1.315608220600e-01 
-9.342933337229e-02  2.953351043139e-01  4.045678107395e-02 
 3.124293161902e-02 -5.182026211281e-02  2.654078713911e-03 
-4.035056774429e-03 -2.038957726284e-02 -1.726351256525e-03 
 3.811256011991e-03 -2.257009782372e-01  9.459991330550e-02 
-5.385363041079e-03  1.775504634635e-02 -6.028160692858e-03 
 1.907761764595e-01 -8.592642205312e-02 -1.238454608531e-02 
 1.501028166774e-02 -5.974320656635e-03  2.947161315582e-01 
-1.276990743254e-01  2.269566829565e-02  5.131359391971e-05 
 3.109779437328e-03 -4.032820445158e-01  1.840296866127e-01 
 9.841061652337e-03 -1.775713325794e-02 -2.050990912603e-02 
-2.944713009426e-03 -8.298661328836e-02 -1.100350516378e-02 
 2.234544595869e-01 -2.087084330546e-02 -1.918495675049e-03 
-4.954825373232e-02  5.191031342630e-03  6.669934180101e-04 
-1.389506017801e-03 -7.718338092995e-03 -5.163063751036e-03 
 3.254781314497e-02  1.557781986639e-03  5.700753128847e-04 
 1.960883902707e-01  8.305192611913e-02  6.720659762855e-01 
-1.489913692593e-01  5.424361822334e-02 -9.644413249339e-02 
 1.295582869391e-02 -1.895929457167e-02 -1.550848041650e-02 
-3.663564380463e-03  8.201588848318e-03 -1.041183602645e-02 
-2.312612425512e-02 -4.034313944150e-02  2.653899234520e-02 
 1.325583168273e-03  4.020969755356e-03 -7.622432758187e-04 
 4.119784958166e-01 -1.532566662143e-01 -3.716433710513e-04 
 2.610808031823e-02 -1.596554796224e-02 -5.230819056129e-01 
 2.250543845566e-01 -2.336349625977e-02 -1.044115321045e-02 
 1.564859494935e-02  1.245060704052e-02 -1.057472119475e-02 
 1.394397049684e-03  4.381126797748e-03  3.424854559217e-03 
-6.015487139064e-04  1.361119669402e-01  1.393343588722e-01 
-8.501958354656e-01 -3.118367516236e-01  1.722973216784e-02 
-1.078852577328e-01 -4.525578008424e-02  6.561261900931e-02 
 3.624560461866e-03  7.022280713275e-03 -1.758455656189e-03 
-3.519535387658e-04  1.607513833518e-03  5.180630888764e-04 
 4.029564867281e-02  2.160428737450e-02  2.799521909082e-01 
 1.869425165144e-01  7.540858073412e-02  6.395965228540e-02 
 5.822663654134e-02  3.595150523182e-02 -1.154666864080e-02 
 3.473911034946e-03  2.775033401247e-03  2.335892246915e-02 
-6.728965556866e-03 -1.116487342826e-01 -1.120225464468e-03 
-1.395281385879e-02 -1.828601185854e-03 -1.466008947025e-03 
 4.724968513500e-02  9.522198766504e-03  1.009279723138e-02 
 5.491014345309e-03  1.805369410164e-03 -2.692595515252e-01 
 3.031885113080e-02 -1.031191723434e-02  4.727249706423e-03 
-1.295146244463e-02 -9.071002878197e-02  4.795805252212e-02 
-2.005728815853e-02 -1.285226239979e-02 -4.653011109686e-03 
-5.279200271532e-03 -4.650473730822e-03  7.227946020851e-02 
-1.226549486767e-02 -3.332351791243e-01 -4.703131295068e-01 
 9.468796572627e-03  6.145754651018e-02  1.495102069724e-01 
-6.483967053296e-03 -1.414984666852e-02 -2.142110375057e-02 
-1.815096356628e-02 -3.528649621607e-03 -3.738697738047e-03 
-1.700378425515e-01  1.366768149508e-02 -1.508946480866e-01 
-4.077364058706e-01  3.942013904393e-01  1.207259665520e-02 
 3.550725677849e-02 -6.913699767837e-02  6.864374586468e-03 
 6.636289823980e-03 -2.349748421741e-02 -3.964727441986e-03 
-1.444026507857e-03 -4.816429457574e-02  2.383069883573e-02 
-1.011039831995e-03  7.262257908231e-04 -6.809188251219e-03 
 2.760997202553e-01 -1.089131683869e-01 -1.579977053764e-02 
 1.405762112692e-02 -7.036021000833e-03  2.156322963631e-01 
-7.414602530746e-02  1.246274508829e-02 -1.070576497083e-02 
 5.607270761868e-03  4.342089967085e-01 -1.771555000992e-01 
-1.316593122949e-02  1.349321078344e-02  1.469032725519e-02 
 1.289826474675e-03 -7.363122127382e-02 -3.769595616566e-02 
 2.539386853017e-01 -3.387751636841e-01 -1.248934299780e-01 
-2.028284886139e-02  5.490298468269e-03  3.383117713827e-02 
 4.265675375002e-03  4.277434286060e-02  4.262861936002e-03 
-4.093837481102e-03  1.121118786200e-02  4.709999266828e-03 
 2.490411302256e-01  7.023439763099e-02  3.696098850488e-02 
 5.730657182212e-01  1.807713826809e-01  9.659066032155e-03 
 3.733987563412e-02  5.199493142602e-03 -3.494158636293e-03 
-1.453188227707e-03  1.246303260176e-03 -1.352605337178e-02 
 1.150197217855e-02 -4.415261522168e-01  1.033639694838e-01 
-8.786399091146e-04  1.509533605301e-02 -1.018611027469e-02 
-3.124821837747e-01  7.050165426082e-02  1.225160827063e-02 
-5.919397297444e-03  1.608234149487e-02  3.960121227942e-02 
 1.450329590871e-02 -2.414978737733e-04  1.885330367097e-02 
 8.001797110726e-03  4.001289531532e-01 -1.315092675628e-01 
-1.398658128259e-03  4.988933960438e-03  1.424319552838e-02 
 4.860824814578e-03  4.417659100450e-02 -1.249984161051e-01 
 9.086597767799e-02 -4.204599777168e-01  3.961814095362e-01 
-1.531449968305e-02  2.749324526237e-02 -1.100882407046e-01 
 3.702930980489e-03 -1.336993441632e-02  2.230426998731e-02 
 2.062647769020e-03  1.039207047977e-02 -2.664120279536e-03 
-1.463566387381e-01 -3.872422162671e-02 -6.842906392478e-02 
-3.124821872293e-01 -5.036939506933e-01 -4.870511052751e-03 
 1.213757141586e-02  4.468597407859e-02  7.890193207759e-03 
 2.512599837396e-02  1.591834692750e-02  8.234162050780e-03 
-3.738521072111e-03 -4.311902967962e-01  1.412659451674e-01 
-4.855066710394e-03  2.078607349273e-02 -9.180602561033e-03 
-8.238140235750e-02  1.375979955933e-02 -5.782625498589e-04 
-8.199729401218e-03 -8.213503909368e-03 -4.454889390031e-02 
 6.831364541304e-03 -2.648766236463e-03 -9.725967406423e-03 
-1.456021872455e-02  3.245235827739e-02 -2.140051936523e-02 
-5.689883361333e-04 -5.041635135196e-03  8.788493324841e-03 
-4.331186728407e-03  1.683582466412e-01  1.424193066074e-01 
-2.228428160437e-02  3.047416157301e-01 -5.100263036698e-03 
-3.021826232220e-02  2.405374878504e-01 -4.872689424805e-02 
 2.845790400135e-03  2.967980803133e-02 -7.659449027179e-03 
-1.452324221702e-02  6.288368946753e-03  1.774312742365e-02 
-2.464225606739e-01 -5.836316198840e-01 -1.187581677398e-01 
 2.421639742661e-01 -9.994156905222e-02 -8.692626687930e-02 
 1.460721857386e-01 -1.338994323025e-01 -9.373987583110e-03 
-1.991916248152e-02  6.378348621392e-03  9.308543213214e-03 
-9.310881459031e-05 -3.060561892828e-01 -5.620615363322e-01 
 3.411371630458e-03 -3.932371934733e-03  1.048249851035e-02 
 3.933936871551e-01  8.320803571171e-01 -2.137164384885e-03 
-4.872724302543e-03  7.441565251171e-03 -2.802985612157e-03 
 1.688811129587e-01 -1.086867407288e-03  5.738953753510e-03 
 2.369349342626e-05  1.049082691723e-02  1.476996694725e-01 
 5.870440991990e-03 -2.876744986782e-04  7.419923124691e-04 
-2.274163472939e-02  3.046049651775e-01  9.692685361014e-01 
-3.544448810682e-02  2.491665723794e-01 -2.453527238839e-01 
 1.600878962602e-02  2.518087521945e-01 -3.990565483270e-01 
 1.817589900021e-03  5.544519036503e-03  3.829506837998e-03 
-7.791467690512e-03  4.242231628086e-03 -2.088278456899e-02 
 5.644501864413e-02  5.364205350476e-01 -2.008426508552e-02 
-1.918798649931e-01  1.244427419947e-01 -4.183117680025e-02 
-2.124456072817e-01  1.058300689545e-01  4.827301475209e-03 
-1.179424179550e-02  5.698662991045e-04 -1.749017612151e-03 
 1.896839454397e-03 -2.335651674286e-01 -8.935968093308e-01 
 2.765195043595e-03 -8.347305610978e-03 -1.633334523538e-03 
-2.835647827876e-02 -4.411731162419e-01  5.913348061444e-04 
 8.428635942198e-04  1.075796787138e-02 -3.657111505991e-02 
-3.284247909220e-01 -8.513029843142e-03 -3.378859806870e-03 
-1.264966945499e-03 -8.592184693479e-02 -7.140927679598e-01 
 9.107559328167e-04  5.054132826383e-03 -1.041923726878e-02 
-1.657347976243e-02  6.999220163466e-02  4.563425399633e-01 
 1.683176639401e-01 -1.207766811782e-01 -1.055154459593e-01 
 1.947034652393e-01 -2.469113004712e-01 -2.650562525708e-01 
 4.728440982582e-03 -7.498803208928e-03 -2.690228211930e-02 
 7.128364550822e-03  1.128091419791e-02  1.849317805464e-02 
-1.296081405019e-01 -6.074350501072e-01  3.202550777475e-01 
-2.151709570847e-02  2.936387448632e-02  3.680419762985e-01 
 5.022306227557e-02 -7.388527714730e-02  1.919262707588e-03 
 1.212517892038e-02  8.752971702917e-03 -2.070392515691e-02 
-4.342523349918e-03 -3.982708561241e-02  6.834443977524e-02 
-1.762902241987e-03  1.955432243891e-03  6.411481835561e-03 
-1.714947465662e-01 -2.881195939388e-01 -6.168595311835e-03 
 6.421387223603e-03 -3.075882146712e-04  2.042064876669e-01 
 1.545441407190e+00  1.512189320313e-02 -5.260911566748e-03 
 3.616691107996e-04 -1.874267111272e-01 -9.372487506216e-01 
 3.892740406161e-03 -2.488703922016e-03  2.550619700958e-03 
 1.719989020343e-02 -1.353376703725e-01 -9.330894798329e-01 
-1.287765831602e-01  4.143444521043e-01  5.351682812503e-02 
-3.580930912076e-01  6.593534803237e-01  1.186120824058e-01 
 1.236517790550e-02  3.729682532508e-03  5.072635285619e-04 
 3.643115331017e-03  2.013971486093e-02 -2.990419286730e-03 
 3.227871081813e-02  5.846568630759e-02  2.446042872270e-01 
-1.932019886445e-01 -7.338642463768e-02  3.515975349611e-01 
-3.132857662439e-01 -1.167803385638e-01 -4.917145141272e-03 
-1.284140832472e-02 -2.177096262352e-03 -9.081639020877e-06 
-7.862097936108e-03 -1.582839471950e-01 -6.116701223521e-01 
-1.086601577087e-03 -1.016838470553e-02 -2.924871655796e-03 
-4.523511605047e-02 -7.090367162790e-01  3.493300603279e-03 
-3.929444513936e-03  2.916569497872e-03  1.183596122720e-01 
 7.730441489855e-01  5.656759063564e-03  3.449692401217e-03 
-4.943051682369e-03  2.142968187983e-02  1.697743399054e+00 
-5.598132997728e-04  1.106146276878e-02 -2.239788232480e-03 
 7.290765827947e-02  6.461991378164e-02 -2.093203229243e+00 
 1.101037802842e-01 -2.874128310463e-02 -1.008528731114e-01 
-2.214491572404e-01 -1.818566630699e-01 -2.548064430480e+00 
 9.372709414614e-03  1.598224551358e-02 -1.743730006849e-02 
-2.998554214928e-03  1.309931963105e-02 -5.957540462935e-02 
 4.634313739452e-02  2.054637605036e+00  3.763350570873e-02 
 1.208052384452e-01 -3.937123239811e-01 -6.201415526039e-02 
 1.133786569803e-01 -1.178121464742e+00 -1.311653658624e-03 
-2.271215151522e-03  3.942179775634e-02  3.703698876639e-03 
 6.331561025448e-03 -1.221059870427e-01  1.549384823385e-01 
-4.035556215444e-03 -5.789323243570e-03 -2.386376669901e-02 
 2.917996110152e-02  5.152887064130e-01  2.603435721839e-04 
-4.302960897867e-03  2.492215192668e-02 -1.344135531743e-02 
 7.455764576174e-01 -1.380353195019e-03  2.837425336270e-04 
-1.202403939997e-04  1.237791543428e-01 -1.005213250601e+00 
-1.272517394885e-02  1.826236272869e-02 -1.781841248287e-02 
 7.348218829886e-02  3.481485388943e-01 -4.349876193975e-01 
 6.294084192189e-02 -3.928285148892e-02  7.289636081816e-02 
-3.186383066136e-02  1.939241248147e-01  4.070679671739e-01 
-2.478975654319e-02  1.549410535687e-01  2.551662458911e-02 
-6.008906746330e-02  1.414023082788e-02 -2.728046797973e-02 
-2.122003207966e-01  6.196289472675e-02 -4.857269201231e-02 
 3.895404526319e-02 -7.916826711588e-02 -8.648626446470e-02 
-1.713361421596e-01  2.165180998675e-01 -5.016502905427e-02 
-5.662206673150e-02 -3.974857058692e-03  3.087515783232e-02 
-6.005239481146e-02 -9.297201965152e-01  1.203326962836e+00 
-8.139696074754e-03  1.246880134629e-02  4.613723237184e-02 
 1.332166952139e+00 -1.591130851567e+00  1.391398383594e-02 
-5.698747880691e-02  5.674116848706e-02 -5.218752227407e-01 
 5.713718105255e-01  1.063734254212e-02  5.514700441294e-02 
-2.400369430646e-02  8.131004448535e-01 -5.973889253946e-01 
 2.070838303555e-02 -1.097109063765e-02 -4.248581138186e-02 
-1.566101326001e-01 -7.143102408980e-01  5.202561837079e-01 
-1.173476033753e-01  2.667827465204e-01 -8.408379492729e-01 
-4.557792543303e-02 -4.293081301082e-01  8.820489968520e-01 
 5.979832545751e-02  2.767724146275e-02  6.118857626571e-02 
-2.741772601514e-02  1.169035096572e-01 -8.849608976345e-03 
-1.071408744877e-02 -1.094015796030e-01 -2.121357491495e-03 
-2.157890245314e-02  1.374269506177e-02  3.220365186472e-01 
 1.265762876520e-01 -4.905558682973e-01  1.329100109052e-02 
-6.850269871653e-03 -1.087637698739e-01 -1.947537681319e-02 
 5.486456602626e-02 -9.968817318090e-01  1.327546021460e+00 
 1.662766317628e-02 -5.617190375871e-02  4.868454164842e-03 
 3.004049888128e-02  1.648847561565e-01  4.102418646049e-02 
-1.836783087253e-03 -7.163639178385e-02  1.085379178314e+00 
-1.217890369295e+00 -7.698751826011e-02 -9.123849566285e-03 
-9.977053797782e-03 -1.620306838053e-01  3.701477542223e-03 
-2.338293912192e-02  4.768104385187e-02 -1.395764200858e-02 
 1.131760567440e-01  7.543226796558e-01 -7.120684401822e-01 
-3.893541882615e-01  2.093240756706e-02  3.889392536001e-01 
 7.656739412003e-01 -2.115344477699e-01 -8.452854437624e-01 
 1.151045106924e-01 -4.603835674551e-02 -6.273063619055e-02 
 3.860918571664e-03  1.061923530001e-01 -2.173031319903e-02 
-1.481310052431e-01  3.483173886432e-01 -1.016560254346e-01 
-1.520335555837e-01  1.644617008039e-01 -1.204204830310e-01 
 8.845563138305e-02  1.526905341507e-01  1.295735456831e-02 
 7.485829977115e-03  7.851737769148e-02  1.541497282421e-02 
-1.547626017244e-02 -1.311236303618e+00  1.466121399820e+00 
 3.932503528180e-02 -4.628647336518e-02 -2.321561918092e-02 
-3.929334946716e-01  2.879636878307e-01 -3.011959439284e-02 
 2.379252745992e-02  3.706102831735e-02 -4.161438241150e-01 
 4.811869797469e-01  6.444273319926e-02 -1.764673564428e-02 
-2.864105474262e-02 -1.001990270687e+00  4.990784108364e-01 
-2.472080171038e-02  6.278847423893e-02  1.585341935936e-02 
 2.906949583636e-03  1.513028100741e-01 -1.508312794792e-01 
 1.125725942163e+00  7.159721102465e-01  4.471696386264e-02 
-1.312488475188e+00 -1.223039734362e+00  5.378209106986e-02 
 3.447297754952e-02  7.511369990232e-03 -8.549092738543e-02 
 5.596709159412e-02 -4.955210836705e-04 -7.229644954471e-03 
-2.629739668791e-02  2.498050291970e-01 -9.034067405584e-02 
 1.573984480722e-01  2.751721346363e-01 -2.387160517334e-02 
 3.071607769865e-02 -1.627080174211e-01 -1.032153017069e-02 
-3.297635345288e-02  4.781961003426e-02 -3.557481810380e-02 
-3.068272664590e-02 -1.919388483376e-01  5.348555317872e-01 
 3.285298128394e-04 -5.205990119964e-02  2.576999779645e-02 
 1.794857318419e-01 -1.785183204260e-01 -4.358394607429e-02 
-2.431751564189e-02  8.248071701178e-03 -2.436426544292e-01 
-2.444497278751e-01  2.636318933356e-02 -7.064097747679e-03 
 6.894044155799e-02 -5.305522685285e-01  3.877607280129e-01 
 1.154136537773e-02  2.525840382113e-02  4.609331974175e-02 
 1.073140463678e-01  4.171777257623e-01 -1.863938659069e-01 
 4.470480029013e-01 -2.971655738408e-02  2.123099587471e-01 
-9.984528439225e-01  6.379432261984e-01  5.392880912005e-01 
-6.167885480831e-02  2.158424427033e-02  5.552557560705e-02 
-4.390511724489e-02  3.968310542376e-02  7.922690968940e-02 
 2.987666975108e-01 -1.002092159885e+00  1.930604399436e-02 
-7.467137256707e-01 -5.560812353741e-02  3.337711369010e-01 
 5.631707512817e-01  4.616439114582e-01  4.354453542970e-02 
 3.348542802799e-02  4.687312815722e-02 -1.806435857533e-02 
 3.941953700759e-02 -5.717651622468e-01  3.836205240787e-01 
-5.618728527442e-02  3.516208687797e-02  5.773229590448e-02 
-1.132415758614e+00  1.465775367984e+00 -4.869799214365e-02 
 1.593522984369e-01  1.515944674472e-02  2.771473538883e-01 
-5.995618987689e-01  4.750792231735e-02 -5.009476497929e-02 
-2.399087599490e-02  1.005087249912e+00 -2.946016583887e-01 
 1.961953394680e-02 -8.079844353812e-03 -2.834976220118e-02 
 5.708833918943e-02  1.608009222925e-01 -3.802663580032e-01 
-6.103068178086e-01  1.067055658508e+00 -2.335822823538e-01 
 1.095081998638e+00 -1.962937466594e+00 -7.117014605007e-03 
-6.535045220192e-02  1.076721773798e-01  8.623963771709e-02 
-3.795428462327e-03 -1.086216605415e-01  6.526669870996e-02 
 4.532360498420e-01 -3.777472635268e-01  1.662080053718e-01 
-1.476759118567e-01 -1.695015810987e-02 -5.266424400169e-01 
 4.178476439426e-01 -1.952617165813e-01  1.389820619427e-02 
 2.167192496597e-03 -1.065747574622e-02  6.739750414433e-03 
-3.161480971680e-02  5.227459343406e-02  8.633906612602e-01 
 3.094656688681e-02 -9.946790893357e-02  8.419926405565e-02 
-3.378290072107e-01  3.624308265985e-01 -9.883898364880e-02 
 5.207940091349e-02 -1.139049691390e-01 -6.883893400900e-01 
 7.649265606649e-01  7.873646640099e-02 -6.677879527161e-02 
 4.719102053034e-02  5.386619996107e-01 -1.420032031148e+00 
 3.504141577608e-02 -8.537447219537e-02 -1.183992459540e-01 
-6.449751895244e-02 -2.757107925276e-01  1.539873462347e+00 
-1.681348466782e-01  5.090308943536e-01  9.076855400942e-01 
 3.168518840622e-01 -9.110763335173e-01 -9.399314449802e-01 
-2.445438545330e-02  1.739241244401e-01 -2.502205563589e-02 
-1.901712589799e-01  8.226251697593e-02 -4.680331163875e-02 
-4.461550219733e-01  2.768729546812e-01  2.152072591954e-02 
 3.139282499008e-01  3.180711946920e-02  5.281150734433e-01 
-5.050230745164e-01  6.233452828877e-01  1.710381402305e-02 
-5.326808567752e-02  3.347301617917e-02  1.351190877080e-02 
 1.040613639096e-01  3.326173644446e-02  2.119908421461e-01 
 2.548054320322e-03  1.624499714500e-03 -3.301252523571e-02 
-8.000318709708e-02 -3.390882340810e-01  1.356835083774e-01 
-2.212835482529e-02  1.364673955159e-01  1.115672488226e+00 
-8.539782215697e-01 -1.564355475131e-01  6.639907143004e-03 
-8.861294784094e-02  3.030067096055e-01 -1.297961562191e+00 
 1.145529717506e-01 -1.441759971392e-01 -1.324554907002e-01 
 2.825579451379e-01  1.386778551295e+00 -2.708029198866e+00 
-3.800922446289e-02 -1.206699858766e-01 -8.068872341580e-02 
-3.353888571472e-02  5.373743847290e-01  9.491023763341e-02 
-1.306778113587e-02  4.027352524170e-02 -1.708962528615e-01 
 1.124573577830e-01  3.176868028906e-02 -4.005601966240e-02 
-1.461786193635e-01  1.135275855707e+00  9.254964962251e-01 
 3.173643054935e-01  3.022136576419e-01 -1.524009746392e+00 
-5.995457996499e-01 -6.626362083076e-01  4.909177244642e-02 
-1.691886199257e-02  1.951514999422e-02 -2.978042565110e-02 
 1.200559267673e-01 -1.409149108543e-01  3.394796517961e-01 
-1.447833979773e-02 -1.134600471712e-02  5.499594575578e-02 
-3.966100736118e-01  7.125672214353e-01 -1.222866816813e-02 
 3.902920593546e-02  5.321197784671e-02  1.070821865684e-01 
-8.906978508104e-01 -2.948002482566e-01 -5.553265566008e-02 
 1.294292728290e-01  2.760031985948e-01  5.442443133446e-01 
-2.819541119530e-02  5.525516836866e-02  8.634020079709e-02 
 4.268603631206e-01  1.825881421727e+00 -1.547376080284e+00 
 2.404982615514e-02  2.886785280634e-01 -3.805964007457e-01 
-1.485483257756e-02 -5.996181824160e-01  1.491907924670e+00 
 2.693233436463e-02 -1.139435531717e-01  2.416299763296e-01 
 1.190904557328e-01 -1.983815146875e-02 -7.114861644257e-02 
-4.609008326519e-01 -1.125855992376e-01 -6.205530138263e-02 
-1.096932342225e-01 -9.414218362898e-01  2.057252188973e-01 
 1.658883710853e-01  1.828716977910e+00 -6.321687774520e-03 
-1.712702103788e-02 -5.664024022894e-02 -1.119499029091e-02 
 4.532301834202e-02  2.539296581307e-01  3.915207648688e-01 
 1.832644524757e-02 -8.721253168259e-02 -3.037133621664e-02 
 2.304838477994e-01 -6.967716165198e-01  1.028453352044e-01 
-6.547521127587e-02  6.729740270449e-02  4.345145380389e-01 
-6.728929970609e-01 -1.219478939225e-01 -7.082875223044e-03 
-1.291945631941e-02 -1.995809206825e-01  9.099914173722e-01 
-8.942306481648e-02  4.721340283880e-02  6.049083734696e-02 
 4.655973009099e-01  2.065416601082e+00 -3.726530021941e+00 
-1.651825726422e-01  6.470171467787e-02 -2.278030405461e-01 
-9.933208241508e-02  1.997889943927e-01  1.541334904585e-01 
-2.553839898688e-01 -1.477720158845e-02 -4.829105367033e-02 
-1.235608534029e-01  1.303013613061e-01  1.090277041457e-01 
 5.591712372299e-01 -4.686456761139e-01 -5.352998709193e-01 
 3.839570129565e-01  4.280060457501e-01  1.256337449347e+00 
-6.969572438527e-01 -9.112481742554e-01 -7.738064158395e-02 
 7.131151957400e-03  9.102064375202e-02  6.127568647516e-02 
 7.482179999165e-03  2.146503218090e-01  1.331774608686e-01 
-1.268460375527e-01 -8.882282623777e-02 -5.132492195003e-03 
-2.880461667557e-01 -5.347773106789e-02  1.557847790639e-01 
 1.953404944963e-02  4.585740018466e-02  1.487444019459e-01 
 1.040244877686e+00  1.875443301133e-01  1.914072743319e-01 
-3.919429351998e-02  1.492725223311e-01  6.287505152748e-01 
 7.672582556863e-02  5.774817894072e-02  9.998192385477e-02 
 2.039165504957e-01  8.642020996848e-01 -1.550370296818e+00 
 8.386692026479e-03 -9.922919743457e-02 -1.419351816426e-01 
-3.338065952567e-01  5.669420469687e-01  4.681583428807e-01 
 4.503201532476e-01  1.540695156563e-01  6.853132866810e-03 
-7.437357915056e-02 -2.497777703746e-01  6.678744521328e-02 
 3.190616707987e-01 -5.319020824353e-01 -3.027624135398e-01 
 3.960891539746e-01  1.211922212828e-01  9.483130694126e-01 
-7.206364068440e-01 -2.523511353484e-01  1.355970327051e-01 
-8.318279956619e-02  3.899369801647e-02  4.186652871100e-02 
-4.187689236105e-02  1.225244021382e-01 -9.702360848324e-02 
 2.091169553013e-01  1.104436743565e-01  8.613513900897e-02 
-2.840256084589e-01 -4.345613041003e-02 -1.258139368309e-01 
-2.825417699069e-02  2.015259815582e-01  3.124033342195e-01 
 3.022102943885e-01  1.593173515278e-01 -2.585435048998e-01 
-2.833117930281e-02  3.066286409514e-01  4.724687662852e-01 
-1.807556895797e-01 -2.754558929513e-02 -1.141789898492e-02 
 2.028905229717e-01  9.934406919827e-01 -2.727795970748e+00 
-1.376777761428e-01  7.922129657693e-02  2.797849757090e-01 
 2.067632761313e-01 -7.068438365903e-01 -1.634450009453e+00 
 5.607757627527e-02 -1.971649261576e-02 -2.699360086760e-01 
 3.691368648544e-02 -2.527682570172e-01 -1.272710860448e-01 
-6.698249695498e-01  1.750037089460e+00 -1.455339062665e-01 
-7.686190687519e-01  5.042244251002e-01  1.740934106792e-01 
 1.520704334463e+00 -1.699949439544e+00 -6.235712389769e-02 
 1.506039441891e-03  5.155733216452e-02  1.330369935315e-02 
 4.061503008432e-02  2.512021199017e-01  3.553498084810e-02 
 1.329649685954e-01  2.837203335259e-04  5.241621742075e-02 
 7.758251424765e-01 -8.691788940549e-02  1.475286330768e-01 
 1.258802222726e-01 -1.123161175117e-01  6.189217765332e-01 
 1.799364685638e-01 -4.032809724648e-02  1.083736194322e-01 
 1.287035229476e-01 -2.402318274843e-02 -3.874246876227e-01 
-2.029088047648e-01 -9.885987685335e-02  3.418323555995e-02 
 1.013006446215e-01  4.225315729069e-01 -8.611403841201e-01 
 2.350616382442e-01  1.324800038769e-01 -8.990219319311e-02 
-2.048750913933e-01 -4.321545306133e-01  3.879284245897e-02 
 1.829697183203e-01 -2.877496104326e-01  5.419098431782e-02 
-4.681823830722e-01 -4.057687596096e-02  4.606787952673e-02 
 2.318306407538e-01 -3.247720452144e-02  3.950268264134e-01 
-1.136687275490e-01  1.772516960278e-01 -5.330222461000e-01 
 4.774510967848e-01 -2.461369147718e-01 -1.395194104262e-02 
 6.487087557726e-02 -6.117286081084e-03  1.266804910932e-01 
 1.029698004252e-02  2.475654130151e-01 -5.494248226720e-03 
 2.476742984167e-01  1.444810712745e-02 -8.471181959741e-02 
 1.814351736335e-01  1.274401150902e-01  1.272451136802e-01 
 1.114575044981e-01 -5.036346267784e-02 -3.011658145787e-01 
 9.822475151509e-02 -1.121599824941e-01  3.092714692171e-03 
-3.578668880327e-01  1.302181514271e-04  6.647704221223e-02 
 8.921467588882e-02  1.506089692468e-01 -1.590737933126e-02 
-1.514960543527e-01 -6.791547637130e-01  2.322529442245e+00 
 7.955943417809e-02  1.873497508090e-03 -5.108409300386e-02 
 1.791220173391e-01  1.306099581738e-01  8.892596795726e-01 
 1.260169973698e-01  2.424090651911e-01  1.969805267290e-01 
 1.215806141929e-01  1.441665038533e-02  4.074692116721e-01 
 1.804933343993e+00 -3.404295071813e+00  1.866470712084e-01 
 3.762048318392e-02 -2.251017432674e-01 -3.353155684781e-01 
-4.604629439840e-01  9.794984141863e-01 -1.727169113358e-01 
-4.555767495125e-02  3.901112065346e-02 -2.248063389333e-02 
 1.180368059375e-01 -6.969027760125e-02 -4.944836673053e-02 
 1.952447337098e-01  1.420812427633e-01  6.591641403245e-02 
-1.460258889812e-01  1.442759075091e-01  2.818914485325e-01 
 2.998542384346e-01  8.896898376607e-02 -7.925721822362e-02 
-1.732492156283e-02  7.646011912115e-03  4.223046711707e-01 
 3.261200143624e-02 -4.085026797211e-01  2.228205962288e-01 
-1.063986123388e-01 -1.164573834454e-01  2.446524624054e-02 
 1.045450117956e-01  4.519331982246e-01 -8.666875657182e-01 
-1.971311534656e-01  1.666129733547e-01 -1.590663179345e-01 
 4.025556236959e-01 -8.420704294493e-01 -8.714420239006e-02 
 1.580382622358e-01  8.601406049982e-02 -8.015524460904e-02 
 7.768305883715e-02  4.340749407555e-01  2.098548411395e-01 
 8.851719170652e-01 -1.256251420935e+00  1.461427386467e-01 
-5.270718399587e-01  6.411478942052e-02 -2.083365040651e-01 
 1.347807088018e+00 -5.815390090146e-01  8.418195322148e-02 
-1.826501897357e-01  1.823968144883e-02  1.255951787418e-02 
 1.147318174472e-02  8.616472661209e-01 -3.948427623581e-01 
-1.454253883848e-01  5.537203000856e-02 -2.360304786720e-01 
 9.180047092784e-01 -2.157019187041e-01 -2.835164959466e-01 
 1.637793956129e-01  2.891612888464e-01  3.662691291316e-01 
 7.537138664796e-02  8.718889875919e-02 -1.145788405374e-01 
-1.082557479033e-01 -1.323455607576e-01 -7.736017345714e-02 
 1.118958269172e-01 -3.292952507013e-02  1.924073409866e-01 
 1.394803131646e-01  6.948583465607e-01 -5.899790764495e-01 
-2.642247272675e-02  1.872640642385e-01  1.184254214959e-01 
-2.136168148410e-02 -2.700721227943e-01  3.336991313006e-01 
 2.823356737065e-01  8.598725214227e-02  2.884985666032e-02 
 4.985751031249e-02  3.794328794455e-01 -7.516848350792e-02 
-3.686343996147e-01  2.625520902010e-01 -3.835830743785e-02 
-7.771648645807e-02  1.413764286028e-01 -3.157739336399e-02 
 2.045323069652e-02  1.561591742248e-01 -3.912556306372e-02 
 8.453838155034e-02  4.271974521383e-02 -1.039434094744e-01 
 9.490884135128e-03  6.789760189367e-01 -4.474585992964e-01 
-7.126202202622e-02  3.724411694168e-01  9.544294375768e-02 
-9.012051029096e-02  4.849639990901e-03  6.134977304120e-02 
-2.011360922780e-01 -3.612894640032e-01 -1.864463508919e-01 
-2.791615018503e-02  7.879284782591e-03  1.020347382178e-01 
 9.239931539224e-02  3.183515994562e-01 -4.516628407973e-02 
-1.038894477608e-01  3.325536091963e-01 -3.629529182444e-01 
-1.376920270237e-01 -5.471501039000e-01  3.171404901696e-01 
-9.074293042997e-02  7.872394903090e-02 -2.129275157633e-02 
 5.620891810549e-01 -7.894540058765e-01 -1.187490321023e+00 
-1.245094582719e-01  2.319777922330e-01 -7.302798265121e-02 
-1.835990832065e-01 -2.600890310660e-01 -7.466328635118e-02 
-3.053541951778e-01  1.103451455100e+00  1.446827487790e-02 
-8.250837576391e-02 -1.357823529522e-01 -3.738650836879e-01 
 4.557788215475e-01 -3.851198328289e-01 -1.467640723647e-02 
-7.899719140671e-02 -3.152318784613e-02  1.460146923238e-01 
-1.124981817181e-02  1.790741208709e-01 -8.225894020425e-02 
-5.156828380601e-01  1.987543599316e-01  4.732443317959e-01 
 1.987925775482e-01 -1.811086545944e-02  1.635307408233e-01 
 3.127833906221e-01  8.915039997408e-02 -9.818851801447e-02 
 2.141920942886e-01 -4.238476526296e-02 -2.445195252613e-01 
-9.574203883620e-03 -1.159032600701e+00  6.151185690113e-02 
-8.341454804258e-03  3.475743179244e-01 -2.131781736727e-02 
 8.941870913407e-02  2.670135058118e-01 -6.746692785621e-01 
-1.698139737395e-01 -2.642990021607e-02 -1.726751025368e-02 
-8.106481853787e-02 -3.931689499908e-01 -6.701348930927e-01 
 1.266971927286e-01 -2.345849823384e-01 -2.785574994089e-01 
 5.854607524684e-02  8.771539076237e-02  2.390263234642e-01 
 1.104849507546e+00 -7.810436268032e-01  3.817099586010e-02 
-1.499942527895e-01 -3.213123414392e-01  1.027500160891e-01 
 6.359875973928e-01 -1.078357526216e-01  7.453173886815e-02 
 1.013079490506e-01 -3.911008492951e-03 -5.847449783321e-02 
-1.346656262951e-02 -7.013103506444e-02  2.194843760068e-01 
 2.417117467380e-01  1.222137112912e-01  5.252749830824e-01 
 6.452216656271e-01 -3.097296972752e-01  2.104291451649e-01 
-1.495017350256e-01  4.586351474251e-02  4.174514440476e-01 
 3.663759768437e-03  1.484849139022e-01 -1.867674111191e-01 
 2.272303134151e-01  2.344430332081e-01 -4.416627770873e-01 
 5.129727203750e-01  2.457521517171e-02  1.649737410670e-01 
-2.515974179769e-02 -9.458172802905e-02  9.825510528169e-01 
 4.828217742817e-02 -7.640980203395e-02  2.406782507849e-01 
 3.434272538690e-01 -4.825304113852e-02  1.011121381262e+00 
 3.175070417497e-01 -3.946066315959e-01  2.962087474905e-01 
 2.716497078817e-01 -4.086603846813e-02  2.785823838676e-01 
 1.134838720946e+00 -2.691375418861e+00  1.242927837059e-01 
 8.075438998705e-03  4.603194856942e-01 -3.361559509093e-01 
 3.062962085490e-01  1.129083139035e-01  5.493889373199e-02 
 8.615576994408e-02  5.176533629319e-02 -3.790410010306e-02 
-2.211248963770e-02 -8.618006262359e-02  2.817932655733e-01 
-4.868292460110e-01 -3.438763179933e-01 -3.286595435905e-02 
 6.949736686586e-01 -4.028917561996e-01  3.118571978298e-01 
 5.438134459488e-02  1.593527120379e-01  1.560212154577e-01 
-1.168548436339e-01  8.392516988825e-03 -1.369850593339e-01 
-1.690434967167e-02  6.750653206490e-01 -3.966340912644e-01 
-1.209734550133e-01 -9.163136818474e-03 -2.716178116063e-01 
 3.955887559751e-04 -2.790599836146e-02 -1.932984913202e-01 
-5.977932958917e-02  1.334604014359e-01  5.985643646223e-02 
 3.021909523327e-01 -6.824158590140e-01 -4.414669612514e-01 
-2.696833642634e-01 -2.126776560314e-01  3.958267667660e-02 
 1.045081256784e-02  2.456893662614e-02  2.930363831683e-02 
 1.419935227513e-01 -3.939009268461e-02  6.050459628736e-02 
-1.401178035826e-01  2.309256008899e-01  3.130256281575e-01 
 3.245121862433e-01 -4.276500722849e-01  3.805642940923e-02 
 9.955649224933e-02  3.738757401872e-02  4.056227645705e-04 
 9.086153002774e-02  2.718381272793e-02  2.593512812544e-01 
 7.926082710492e-02  9.942172814923e-02  4.701577343855e-01 
 2.692767724014e-01 -2.572372560678e-01 -5.126975320665e-01 
-2.189711077337e-01  4.337216021581e-01  4.164240032411e-01 
 6.564031167227e-02 -6.807082848994e-02  3.693475750531e-01 
-2.447555008857e-01 -1.936359276801e-01 -2.890017217476e-01 
-2.786052595286e-01  6.964119814075e-02 -2.236758663502e-01 
 1.247111934683e-01  4.569925381427e-01  9.136107814213e-02 
 1.153863018269e-01  5.152074131866e-02  1.999558671959e-01 
 2.732865431414e-01  3.024596059904e-01 -5.008650910410e-01 
 1.126734102563e-01  1.509368464010e-01 -9.935505101503e-02 
-1.170898265033e-01  1.336766491864e-01  2.508677431677e-01 
 1.095001944380e+00 -1.305392510759e+00  1.887673610870e-01 
-7.475233645162e-02 -1.890570257291e-01 -6.873415982146e-02 
-7.804459042834e-02  8.133361178535e-01  6.373760041992e-02 
 1.250303364210e-01 -5.143915895741e-03  1.446837013270e-01 
 3.165543594992e-02 -1.062737835724e-01 -9.202906885695e-02 
-3.268021542767e-01 -5.112627561392e-03  1.921804757819e-01 
 2.448897002844e-03 -8.151679589728e-02  4.790001653581e-03 
-4.146733303409e-01 -4.535184868893e-01  2.506074368904e-01 
 1.049801214716e-01 -8.604327459214e-03  5.950297470531e-03 
-3.914064510464e-01 -3.083086565915e-01  1.109142956998e-01 
-2.981205195501e-01 -4.821138517679e-01  3.388099861572e-01 
 3.501503100068e-02  1.244540964021e-01 -4.346471225018e-02 
-1.029098907779e-01 -1.022554488506e-01  2.452493739438e-02 
-2.526754376881e-01  1.897600679744e-01  1.896175636357e-01 
 4.823715017009e-01  7.256185385364e-03 -4.259011961631e-02 
-3.774558088318e-01 -3.838022724287e-01  5.191550694295e-02 
 1.995019843114e-01 -4.605686756392e-01  1.218028106782e-01 
-5.922818832074e-02 -2.751165778130e-01  5.417731901292e-01 
-2.216775955685e-01  2.255960113056e-01  5.305211994041e-02 
-1.056876577881e-01 -1.486274081098e-02 -1.862361490611e-02 
 7.317635031900e-02 -8.079083756749e-02  5.418919853298e-02 
-3.679273634232e-01 -2.011346408753e-01 -7.197952561212e-02 
-2.608096828498e-01  1.084883846105e-01 -3.470033975164e-01 
-1.554594763020e-01 -4.682243897808e-02  4.210218612138e-01 
-2.073808228508e-01  4.710804989544e-02  5.776353364702e-01 
 3.540609373833e-01  8.558754432063e-02  9.881906659170e-02 
 3.552576588876e-01  1.249782025197e-01  6.497838058824e-02 
-6.830892172038e-02 -1.546274328331e-01  2.399434569667e+00 
 1.351359227662e-05 -1.413889199643e-01  8.477136952681e-01 
-1.390461823111e-02 -1.972698952965e-01  9.379061183659e-01 
-2.750802272797e-01  1.248996510134e-01  7.768292801232e-01 
 3.506449917167e-02 -1.498132897661e-01  4.390900107910e-01 
 1.644434622810e+00 -4.503491771110e+00  1.043661335623e-01 
-1.713687726772e-01  5.230781745520e-01  4.954031538217e-01 
 6.750949849389e-01  8.494043206733e-01  1.053983498260e-01 
-1.308454038837e-01  5.187362306589e-02  5.231136758387e-02 
-3.168140484392e-02  8.948644848085e-03  1.799261839232e-02 
 2.119624081190e-01 -8.431997226400e-02 -8.714472885877e-02 
 7.442060562023e-01 -4.507845551218e-01 -1.453627598149e-01 
-2.270944648855e-01 -3.317719095318e-01  1.170592092998e+00 
-7.827046087364e-01 -5.931271818091e-02 -1.561383029961e-01 
 2.056822708083e-01 -5.453982247131e-01  4.560319664809e-01 
 8.369182455318e-02  3.100700085565e-01  1.102508899532e-01 
-2.217141391261e-01 -9.090217227798e-01  6.968030535566e-01 
-7.361406662283e-02  2.999349740461e-01 -1.651092989358e-01 
-2.837255911792e-02  5.114516281527e-03  1.793954147504e-01 
-2.235231218694e-01  3.608198440623e-03 -1.315568230505e-01 
-5.050302001299e-01 -1.120056524221e-02 -1.106638473010e-01 
-2.691023186622e-01  9.105492341039e-01  5.395176372117e-01 
-3.456604208919e-01 -7.010737684195e-02 -3.646408036547e-01 
-1.100088740414e-01 -1.639319899507e-01  4.794245472627e-02 
 1.512137269669e-02  2.030671623419e-02 -8.918963999042e-02 
 1.342771586781e-01 -6.822618028892e-02 -1.612062768802e-01 
-3.056921765060e-02  1.217170127413e-01 -2.872575242301e-01 
-2.507295387209e-01 -2.782161609128e-01  3.890629465449e-01 
-5.171829444944e-01  4.354271130646e-01 -5.416462688050e-01 
 3.704407888893e-01  3.890251515200e-01 -3.440096585196e-02 
 3.641543284645e-01 -1.839362371471e-01  3.150827101273e-01 
-4.376348879158e-01  6.968969136400e-02  7.071649835765e-02 
 1.152517284929e-01  3.549918938632e-01 -6.140573757741e-01 
 1.618987804453e-01 -3.613769176172e-01  3.087378572700e-01 
 7.695002228083e-02 -5.347692443783e-01  6.372085653679e-02 
-2.615077096492e-02 -1.884767219517e-01 -2.136565673363e-02 
-4.974641643478e-01  5.847334696822e-01  1.069689447929e-01 
 2.818164041240e-01 -1.184116046089e+00  1.788830294357e-01 
 3.134654862643e-01 -3.120696455765e-01 -6.709593731213e-02 
 6.342337210599e-01  2.168423542548e-02 -6.408489004886e-02 
-1.625380688340e-01 -6.818179931725e-02 -3.532409552759e-02 
 1.242071140706e-01  5.679314335472e-01  2.089660754233e-01 
 1.642949159890e-01 -5.873157334364e-01  3.598824106698e-01 
 7.708608895018e-01 -1.140564537253e-01 -2.631112301265e-01 
 4.357698446007e-01 -2.778842148570e-01  4.172699513572e-01 
-1.671771643184e-01  2.988472734068e-01 -2.039060971956e-01 
 3.658187981287e-01 -1.688786748491e-02 -1.470519680354e-01 
-4.797251359755e-01 -1.223816890505e-01 -1.782196168715e-01 
 1.072361476500e-01  1.874381303907e-01 -1.285923446951e+00 
 1.511127129643e-02 -2.858849397220e-01 -1.983269623815e-02 
 2.625648675590e-01 -3.628648262651e-01 -4.097993449006e-02 
 1.232401090649e-01  6.052014728147e-01 -3.215503456458e-01 
 3.059100612587e-01  1.253651386158e-02 -1.663564199924e-01 
-5.861537032767e-01  1.402049029127e+00  2.147355409770e-01 
-2.593379704940e-01 -6.996740935229e-02 -4.800619555350e-01 
-3.325445787800e-02  1.492654377738e-01 -2.729551445116e-02 
-1.455774694604e-01  7.327064377412e-02 -1.057998202614e-01 
 2.722969278140e-01  6.079645269355e-01  2.107427850225e-01 
 1.955847953605e-01 -7.310628157791e-01  1.782987657713e-01 
-3.194073275143e-01 -7.947983010977e-02  2.021186748743e-01 
-2.856326804416e-01 -6.134227228870e-03 -5.420899689948e-01 
 4.330656172062e-01  2.159070076677e-01  8.879477956593e-03 
-5.861734927261e-01 -6.970498728814e-02  5.907765170570e-02 
 1.715826656484e-01  4.487464646626e-01 -1.593121176472e-01 
-3.842614681518e-03  2.155375126617e-01  2.970236745230e-01 
 1.762852474147e-01 -1.147696189915e-01  9.559463881221e-02 
-3.164828707047e-02  9.854928095531e-02 -3.802795155075e-01 
 8.290903872406e-03 -2.527737913293e-01  7.886083947250e-01 
 2.339725040081e-01 -1.210254815222e-01 -4.625630692312e-01 
-2.047537590205e+00  1.403228131020e+00  6.621739440141e-01 
 2.287310437096e-01  5.627870187132e-01 -6.346252453372e-01 
 1.135013344398e-01 -4.440402134232e-01 -1.604544616176e-02 
-2.153922922746e-01 -1.407830019557e-01 -3.341507769249e-03 
 4.071984743137e-01 -1.808773661412e-01 -1.276255061059e-01 
-8.808443679006e-02  3.311740140844e-01  1.413539264026e-01 
 2.936918906140e-01 -9.250039619403e-02 -2.989351802446e-02 
 1.078363588965e-01 -1.661094236995e-01 -1.061982093116e-01 
 2.632596375398e-01  6.824325561412e-01 -2.796181948576e-02 
-1.207735726835e-01 -2.680777599064e-01 -1.218753139281e-01 
 3.279175493196e-01 -4.075625870055e-01  1.413737012366e-01 
 2.108003182381e-01  1.095526416964e+00  1.369980355126e+00 
 5.390881726840e-01 -5.915586064695e-01 -5.051728475944e-01 
 2.517359767346e-02  5.057911120221e-02  6.252322598521e-01 
-5.150997871540e-01  2.227242305346e-01 -3.565121665544e-01 
 2.632215022996e-02 -3.712174548164e-01  3.940250968372e-01 
 1.549516618089e+00 -3.019431786523e+00  2.461234918307e-01 
-2.678310125135e-02 -4.108268268250e-01 -1.050160705709e-03 
 2.778458304069e-01  1.109903029193e+00  5.457522677196e-03 
-1.338758745421e-01 -1.774406510386e-01  4.246657726817e-01 
 6.962168769690e-02 -4.031853057068e-01  1.353264212513e-01 
-1.665906895098e-02  2.465964063209e-01 -3.300628115124e-01 
 2.359403195419e-01 -1.690060604499e-01 -4.786668484278e-02 
-1.345232082971e-01 -1.359784581304e-01  7.272589107539e-01 
-3.447553206141e-01  2.678856149179e-01 -5.376971929784e-02 
 4.654345271986e-02 -1.395214320361e+00  2.155006050548e-01 
 2.371603398876e-01 -2.741210482177e-01 -1.096804657341e+00 
-4.208307887587e-02 -2.262166830939e-01 -1.345310762892e-01 
 4.051931281537e-02  1.781558781177e-01  1.781189378961e-01 
 7.667080060317e-02 -3.042610729567e-02 -5.298107246123e-03 
-7.324131470561e-02 -7.351745811160e-02 -9.228019405549e-02 
 2.891924321830e-01  1.728420473147e-01 -1.364231835543e-01 
-5.942479547423e-01  5.319506237392e-01  2.009874088276e-01 
 1.149646708759e-01 -7.173638096640e-02 -4.714790756847e-01 
-4.069011596347e-01  1.335937335391e-02  9.942860885284e-01 
-1.210042398215e-01 -8.904251966866e-02  2.736590702058e-01 
-3.113125859716e-01  4.611108811324e-02  3.314733873126e-02 
 8.654503863540e-02 -2.973006270740e-02  4.040818973228e-02 
-8.427184071598e-03  1.507984184306e-02  3.226858781426e-01 
 2.745947156866e-01 -1.327621870810e-01 -2.176419504444e-01 
 1.402577478407e-01  1.412446366982e-01  7.437861107174e-01 
 3.771466279072e-02  4.332489472422e-01 -1.417038492955e-01 
-1.632227035269e-01  1.689851849162e-01  1.036079676629e-01 
-8.984076052168e-02 -3.147753222875e-01 -6.741545188263e-01 
 2.700201134684e-01 -5.675839054725e-01 -1.165704285161e+00 
-6.305686601186e-02 -1.398670355141e-01 -2.959261292533e-01 
 7.503470320467e-03  3.972071562597e-01  3.431197645790e-01 
-3.816813375296e-01  3.114136728957e-01 -3.463205631346e-01 
-1.136867851657e+00  3.753720648908e+00 -4.283036605355e-01 
-4.645533223059e-01  3.167161852676e-01 -1.728021721246e-01 
-1.541155574871e-01 -1.087220312443e+00  9.208463683116e-02 
-3.356312070486e-01  3.081090345173e-01  2.750960016077e-01 
 2.823445347693e-02  4.850444874868e-01 -5.122419346117e-02 
 7.945289438912e-02 -2.798520903365e-01  3.526236088850e-01 
-8.961452182922e-01  3.186206345395e-01  2.697897234167e-01 
-4.176770859187e-01  2.235961338136e-01 -1.433789546670e+00 
 5.367988711541e-01 -6.198270368756e-01  5.463336294218e-02 
 3.616025200031e-01 -1.135376171796e+00  1.221011265541e-01 
 2.901167791062e-01 -6.615207066686e-01 -3.507096776384e-01 
-7.031613233278e-02 -3.026247722422e-01 -1.885358903571e-01 
 1.927723102886e-01  2.347251143652e-01  3.507868561727e-01 
-1.726111040753e-01  4.681156101462e-03  3.148101239683e-01 
 3.153368422859e-01  3.114241982041e-01  1.998200829385e-01 
 5.089479720293e-01  2.817515036568e-01 -1.563196002444e-01 
-6.394045241829e-01  6.018152718506e-01 -1.984034246594e-02 
-5.792750357244e-02  2.558489266823e-01 -2.542612534639e-01 
-2.404089409778e-01 -3.470719705918e-01 -1.933064672913e-01 
 5.528972535458e-01 -4.214331036365e-01  8.891338607004e-01 
 1.673279184489e-01  3.484436532090e-01 -8.569686759630e-02 
 1.045977386659e-01 -2.776972140851e-01  3.405382074501e-02 
-1.474577565854e-01  2.346104823664e-02 -1.161894175343e-01 
-3.850164122627e-02  2.510981090263e-01 -3.313702297764e-01 
 1.366425667165e-02  1.049418986572e-01 -7.190944490795e-02 
 5.744241864223e-01  5.748793523450e-01  1.948297765028e-02 
 5.161096042145e-02  2.039197036841e-01  2.629819340560e-01 
 3.978455425259e-01  1.836974193917e+00  1.895267274667e-01 
 2.757955209494e-01 -3.656871206916e-01  7.095854350152e-01 
-9.928723891363e-03  7.330946231316e-02  2.120430041104e-01 
-2.537087067415e-02  6.479427120920e-01  7.938991624266e-01 
-3.088039660857e-01  7.792473165262e-02  4.560378344522e-04 
-8.084083746033e-02 -1.277185577791e+00  4.097356610910e-01 
-1.886224094182e-01  5.300347300496e-01  4.415309569190e-01 
-5.950467944934e-01  9.755583808087e-01 -1.708074876808e-01 
 3.667641953792e-02 -8.737122715154e-01 -4.054063551708e-01 
-7.105814581939e-01  2.988788192555e-01 -2.643387873409e-02 
 4.518273060560e-02 -2.578329620354e-01  1.682718196471e-01 
-9.666132459453e-01  7.551760350393e-02  2.368722827547e-01 
-3.097937321030e-01  3.795313056312e-01  6.833827395277e-01 
-2.649701668636e-01  1.581719341420e-01  2.266896579125e-01 
-1.917894168071e-01 -1.239510602482e+00  5.579879424767e-01 
 2.602520949969e-01 -4.509716631906e-01 -2.994756252779e-01 
-2.671631463889e-03 -6.629151609381e-02 -7.386756654018e-02 
-9.960367661406e-02  3.157183185840e-01  9.159712341951e-01 
-8.762146787640e-02  2.247872663316e-01  5.984391521044e-02 
 1.355938507627e-01 -9.482983822692e-01 -1.386467679517e-01 
 4.712239275581e-01  9.807934851615e-02  8.970263724722e-02 
 5.407553197538e-01  5.082685597379e-01 -6.110320961802e-01 
-1.512556320948e-01  2.272604352307e-01 -1.469229851108e-01 
-3.457378812731e-01  6.400705711470e-01 -1.766237840029e-01 
-9.072012728546e-01 -7.239713224701e-01  1.734385316196e-01 
 2.541963031583e-01 -3.338079078063e-01  1.288982971494e-01 
-3.247434153479e-02  2.199146147449e-01 -6.225899777883e-03 
-1.120217936526e+00  3.919240284463e-01  2.580730520445e-01 
-5.670327402270e-01  9.824522722378e-02 -1.742402064191e+00 
 4.701378525969e-01 -7.043720049277e-01 -1.112164457714e-01 
 2.086660505799e-02  1.627731382613e+00 -4.268330062247e-01 
-3.486290342039e-01  4.136128227777e-01  4.446646466814e-01 
 6.551556318028e-02  4.940771788274e-01  8.083380968455e-01 
 2.229824114810e-01 -1.674878811631e-01  2.283595054480e-01 
 8.591896242555e-02 -8.500465128818e-02  4.572569951120e-02 
-1.192010149496e-01  4.705257245039e-01  4.071071935560e-01 
-2.227917034305e-01 -7.601083915518e-02  2.446351934354e-01 
 9.893972388299e-01 -6.384259982299e-01 -1.083085902272e+00 
-8.385728269505e-02  2.680866942610e-01 -5.099028624666e-01 
 1.512121136429e-01  2.652786868284e-01  6.301614927178e-01 
 4.550714332619e-01 -6.500395188855e-01 -5.296056834222e-01 
 9.893006083538e-01  4.891571781037e-02 -4.525493363473e-02 
-6.918049393755e-03 -5.339525776451e-02 -5.472488490762e-02 
 8.948309628171e-01 -2.816540092773e-01 -1.375115784846e-01 
 5.320547156834e-01 -1.870876013337e-01 -2.970014376040e+00 
 1.011639434235e+00 -1.211089582263e+00 -2.348532155002e-01 
 1.438041951067e-01 -1.024469435354e+00  3.091655339690e-01 
 1.827918103814e-01 -2.579049046622e-01 -2.471029186173e-01 
orbocc
(*)
 0.000000000000e+00  0.000000000000e+00  0.000000000000e+00 
 0.000000000000e+00  0.000000000000e+00  0.000000000000e+00 
 0.000000000000e+00  0.000000000000e+00  0.000000000000e+00 
 0.000000000000e+00  0.000000000000e+00  0.000000000000e+00 
 0.000000000000e+00  0.000000000000e+00  0.000000000000e+00 
 0.000000000000e+00  0.000000000000e+00  0.000000000000e+00 
 0.000000000000e+00  0.000000000000e+00  0.000000000000e+00 
 0.000000000000e+00  0.000000000000e+00  0.000000000000e+00 
 0.000000000000e+00  0.000000000000e+00  0.000000000000e+00 
 0.000000000000e+00  0.000000000000e+00  0.000000000000e+00 
 0.000000000000e+00  0.000000000000e+00  0.000000000000e+00 
 0.000000000000e+00  0.000000000000e+00  0.000000000000e+00 
 0.000000000000e+00  0.000000000000e+00  0.000000000000e+00 
 0.000000000000e+00  0.000000000000e+00  0.000000000000e+00 
 0.000000000000e+00  0.000000000000e+00  0.000000000000e+00 
 0.000000000000e+00  0.000000000000e+00  0.000000000000e+00 