2mocoef
header
1
MO-coefficients from MOLCAS
1
48   48
a
mocoef
(*)
 8.969941937692e-05  5.585129639394e-05  2.228307216188e-03 
-1.829778824761e-05 -3.346568658001e-05 -7.157911424942e-05 
 2.649459552876e-04 -1.244715991012e-04  1.375671493708e-03 
-1.034361482513e-04 -6.722886355524e-05 -5.372771051007e-04 
-6.338714246643e-05 -1.063905780058e-04  1.001071167999e+00 
 5.462371350078e-03 -6.471213789617e-03 -1.340284068719e-03 
-1.687887243547e-03 -1.742047474692e-03  8.821061929391e-04 
 1.502847330830e-03  2.438856507774e-03  9.069283315713e-05 
-9.828705722884e-05 -3.979163260858e-05  1.071848778920e-04 
 1.921723530569e-04 -2.947396736459e-04  2.408096054748e-04 
-2.906814124425e-05  4.770436691966e-05 -1.485947846782e-04 
 5.291768190657e-04  5.299738159692e-05  1.060381885317e-04 
-3.548300151217e-04 -5.275068057267e-06 -2.197719199605e-04 
 3.378807228640e-04 -7.416968900051e-04 -2.081627590748e-04 
 5.971280202242e-05 -1.779733783602e-04  1.414705910884e-04 
-1.135754569979e-04  1.572754145618e-04 -2.117644502120e-04 
 1.001183209612e+00  7.208747486207e-03 -4.981229686939e-03 
 7.957032383937e-04  1.048750856118e-04  2.248820098429e-03 
-3.518802748258e-04 -8.151089187645e-05  9.205293629909e-05 
-1.327213426603e-04  3.266247805200e-04  9.769022784922e-04 
-1.237868220136e-04 -9.336424476967e-05  1.067005735117e-04 
 1.214394115624e-03 -3.726939625768e-03 -1.985580423957e-04 
 6.296975308677e-05  4.215193210123e-04  9.471392869350e-04 
 2.900728737566e-04  1.356779762695e-03  2.794925916359e-05 
 1.499857707647e-04 -5.098181942664e-04 -2.120888556904e-04 
-1.893103456594e-05  2.731892067756e-04  6.628067218066e-04 
-3.396093742451e-05  1.936344009825e-04 -1.060451370227e-04 
 4.497840340264e-04 -3.339837865005e-04 -1.571034115077e-04 
 6.339490336502e-05 -2.804830748839e-04  1.168049231763e-03 
 6.093976307608e-05 -2.597951830836e-05 -4.179791717082e-05 
 5.023982275016e-05 -4.972226275075e-04  1.756649546491e-03 
 1.284304184437e-04 -2.285302911841e-04 -1.002301128630e-04 
-8.468528241530e-03  3.866207219515e-01 -1.362441328565e-01 
 1.013759922687e-02  3.283831072400e-03  2.081778238426e-01 
-5.998027244410e-03 -4.956722385988e-03 -9.089480728793e-02 
-5.858404422980e-04 -3.450466913811e-03  2.849180329119e-02 
 4.569009310736e-03 -5.246001787406e-04 -6.199669552113e-03 
 7.930756046573e-01 -1.770410156983e-01 -1.042299968555e-01 
-6.833438763624e-02 -1.313256051938e-01  4.235511144865e-02 
 3.165982595017e-02  3.181070746550e-02  1.781849059209e-03 
 1.817193706428e-03  1.137814824203e-02  5.610940346608e-03 
 1.918576716539e-03  5.696451674915e-02 -2.401408538474e-02 
 1.741022202469e-03 -5.704508137614e-03  4.669481284137e-03 
 1.889309739203e-01 -9.088961451033e-02 -1.351988931987e-02 
 1.933368511349e-02 -1.293920179793e-02  3.441277683633e-01 
-1.795394709461e-01  3.805133528763e-02  5.742234285766e-03 
-5.768534355240e-03  5.572309822266e-02 -3.685798913101e-02 
 8.355557561212e-05  2.916837602684e-03  7.364430129820e-03 
 8.851260955331e-03 -7.000036086661e-01  1.079711962384e-01 
-6.032951709204e-02  1.314069040279e-02  1.225790252924e-01 
 2.101541257392e-02 -2.271516166895e-02 -2.898806873955e-02 
 3.417746034071e-03 -9.164655497672e-03 -9.839363511219e-04 
 4.208994140266e-03  3.377912650179e-03  2.339278292089e-03 
 2.968282157388e-01 -1.351728779441e-02  1.748054948580e-02 
-1.762141737459e-01  2.990026381232e-01  1.193694886594e-02 
 3.787981170765e-02 -5.422327471996e-02 -2.746260298122e-04 
-4.642980809565e-03 -1.979663035122e-02 -2.346114844575e-03 
-2.823146627861e-03 -2.178674075538e-01  9.739718310754e-02 
-5.535275922524e-03  1.806068180294e-02 -5.211182763994e-03 
 3.068885098195e-01 -1.305896026987e-01 -1.368738649524e-02 
 2.112026894749e-02 -1.101209085604e-02  1.565787824765e-01 
-6.784674757885e-02  1.579517991841e-02 -3.605761348249e-03 
 8.148177332167e-03 -4.062445779066e-01  1.800315221889e-01 
 7.107793386335e-03 -1.739121548747e-02 -1.974680541150e-02 
 7.638037399993e-03 -9.266622002528e-02 -1.107651334955e-02 
-1.619235984020e-01  2.789313142640e-01  3.655454502135e-01 
 2.759581568987e-02 -5.071058633843e-02 -1.132380434961e-01 
 5.489668303575e-03  1.037406538782e-02  1.948609814450e-02 
-7.581887593990e-03  1.864328199095e-03  3.311473920457e-03 
-1.180873768427e-02 -4.803684573420e-02 -3.383177168254e-01 
 3.391592224249e-01 -3.006406327005e-01  5.443995034910e-02 
-3.532637317223e-02  5.315943480285e-02  6.457918822228e-03 
-2.110916621061e-03  8.580881554433e-03  1.002665026463e-02 
 1.563348030458e-02  6.175405424586e-02 -2.743008378998e-02 
-1.005189806959e-03 -1.042835890172e-03  5.164760660922e-03 
-4.292725826203e-01  1.717880117931e-01  1.020330908996e-02 
-2.573629184715e-02  1.397549732182e-02  2.111631370006e-01 
-1.048879611263e-01  7.966506070810e-03  1.491048052122e-02 
-1.379381164534e-02 -4.432786575594e-01  1.845331133511e-01 
 8.556139200642e-03 -1.815210805601e-02 -1.768067491497e-02 
 1.498001234083e-03 -1.023922119870e-01 -2.432632331727e-02 
 1.254647865589e-01 -4.346891504564e-01 -1.608751457112e-01 
 2.201586217906e-02  2.529307105447e-02  3.856262802088e-02 
 1.904322364542e-03  2.285145430174e-02  3.154244395360e-03 
-1.885709264280e-02  6.675422632393e-03  1.612154573562e-03 
 8.617647084102e-02  2.298825363829e-02 -3.894285706896e-01 
 3.111126157477e-01  1.927627164423e-01  5.676067602859e-02 
 3.283189816833e-02 -4.109075940040e-03  1.004877177973e-02 
 7.791141404212e-03 -9.704175218168e-03 -5.173868045931e-03 
 1.860043500192e-02 -4.474805192316e-01  1.241890678636e-01 
-3.855566864442e-03  1.602666909340e-02 -1.233567563650e-02 
-3.279634953032e-01  8.771115959434e-02  1.816461212005e-03 
-1.162401788434e-02  1.469779629999e-02  3.806052654344e-01 
-1.372813937432e-01  1.884846092993e-02  1.592655704217e-02 
 2.957027817523e-03  4.026613297437e-01 -1.461716446381e-01 
-4.254475645909e-03  5.049096591379e-03  1.418544195368e-02 
 1.961589988699e-03  1.498401036900e-01  1.129754617191e-01 
-9.016524964095e-01 -3.325837472960e-01  4.730705716112e-02 
-3.568825005829e-02 -1.339871873993e-02  6.244318279548e-02 
 7.871786763239e-03  6.822656026298e-03 -6.655740796183e-03 
-2.975428240211e-03  9.679250024012e-03  3.306082355238e-03 
 5.822992093711e-02 -2.095348519929e-03  2.660080327509e-01 
 2.072233357667e-01  7.974381272030e-02  4.409882618637e-02 
 3.146549644594e-02  3.192539298202e-02 -9.601749035025e-03 
 4.024583146086e-03  3.584497145814e-03  2.196213159818e-02 
-5.899973645323e-03 -1.299543351089e-01  1.800448508871e-02 
-1.623902194396e-02 -1.185203572380e-03 -1.638766399589e-03 
 3.859930914298e-02  6.056635870364e-03  9.615910874933e-03 
 4.125219783939e-03  1.921446966806e-03 -2.614003021071e-01 
 3.059710038842e-02 -1.235098362408e-02  3.883469019851e-03 
-1.663900470062e-02 -3.894217845486e-02  2.144295852679e-02 
-2.063218999156e-02 -9.324127465443e-03 -9.519492880437e-04 
-5.694055504725e-04  6.695213796779e-02  3.188597325232e-02 
-2.600472795341e-01 -7.897790420875e-02 -3.597324378768e-02 
 3.691322692139e-02  3.374795281156e-02  2.571260921431e-02 
-2.331555410691e-03 -2.943102415388e-02 -6.130685951291e-03 
-2.106045251924e-02 -3.697607591535e-03 -6.661271461632e-03 
-3.648003245825e-01 -9.829236749422e-02 -4.567101456324e-01 
-5.977693016514e-01 -7.573529304526e-02  5.757246152039e-02 
 7.616089278794e-03 -1.064815556401e-02  1.552861252137e-02 
 1.219783161368e-02 -1.301517501881e-02  1.330055183276e-02 
 2.228661468564e-04  1.108055888260e-01 -1.781011869585e-02 
-2.603859352765e-03 -3.279203866168e-03  1.839211081802e-04 
 1.167394013259e-01 -2.842116818245e-02 -1.673618182285e-02 
-3.779999503050e-03 -8.578827659013e-03  4.019344733174e-01 
-1.833670599148e-01  2.469839227771e-02 -1.306043666988e-02 
-1.251155850343e-02 -2.144680551673e-02 -6.148422740943e-03 
-6.826360243118e-03  8.134307375984e-04 -8.017319952680e-04 
-4.407341126903e-03 -3.081469602684e-02  1.339247059094e-01 
-1.580140426334e-01  3.265482471753e-01 -4.407006322139e-01 
 3.008380611427e-02 -7.207231143756e-03  1.312764160144e-01 
-4.830665300548e-03  1.085271611403e-02 -2.801199142501e-02 
-1.463232651612e-02 -1.069127106735e-02  2.032868524777e-03 
 6.002307291666e-02 -4.118736468037e-03 -1.649334379023e-01 
 2.085514969392e-01  5.688153800404e-01  2.679162098318e-02 
-5.964921413824e-03 -4.448976360021e-02 -5.121886433045e-04 
-2.148027382667e-02 -2.261713276656e-02 -2.964019963217e-03 
 8.421185622669e-03  4.149635342021e-01 -1.371610029210e-01 
 4.212549536261e-03 -1.947631725309e-02  6.352128377525e-03 
 6.034772616988e-02 -9.949868996966e-03 -4.663878366129e-03 
 5.510195617459e-03  9.138953855993e-03  2.194772234779e-01 
-7.639117277344e-02  1.070074128924e-02  9.867770504312e-03 
 1.443394610346e-02  2.326627767277e-02  2.746896467262e-03 
-2.530410845900e-03  4.977758928233e-03 -7.419375120528e-03 
-6.228050780311e-04 -9.510333429198e-02  4.967518959148e-02 
-1.439946482582e-02 -1.835206698135e-01 -6.035509625541e-02 
 3.068291130237e-03 -1.564522934583e-01 -2.057032962484e-02 
-3.014834468104e-03 -2.352532292833e-02  1.020915376564e-02 
 9.409111088990e-03 -6.059877184289e-03 -2.432834732182e-02 
 2.688649871445e-01  7.864897523682e-01  7.188505526681e-02 
-2.947857170936e-01  1.146951185007e-01  4.348128266533e-02 
-2.150591609129e-01  1.528475306847e-01  9.336510088046e-03 
 1.376253527924e-02 -7.958497134605e-03 -5.565817384895e-03 
-2.406641368914e-04  2.083873432985e-01  3.211230751430e-01 
-2.150890689558e-03  9.440786966632e-04 -1.008853875744e-02 
-3.469760513305e-01 -9.482550089888e-01  2.620464082031e-03 
 2.800342257482e-03 -4.385158245957e-03 -3.083637887064e-02 
-3.930712846691e-01 -1.375488087216e-04 -5.882060211245e-03 
-6.307959050548e-04  6.053577517250e-03 -2.226315952564e-01 
-4.811069911609e-03  2.601975334968e-03 -4.123687881520e-03 
 2.309547640599e-02 -3.219731776531e-01 -9.710823933001e-01 
 6.843504311110e-02 -3.138812914192e-01  1.796465641383e-01 
 5.720583948684e-02 -3.514714263454e-01  3.352701739395e-01 
-1.107885892871e-03 -1.684670592455e-02 -6.053962744702e-03 
 1.211752116088e-02 -1.930736886125e-03  1.632769683118e-02 
-1.024157312469e-02 -4.084519444089e-01  1.318763275155e-01 
 9.342807216701e-02 -8.061129412333e-02  1.446854349816e-01 
 1.461444853297e-01 -7.349079155383e-02 -1.371446318527e-03 
 1.870419029182e-02 -3.189589334640e-03 -7.076931113719e-03 
-1.674510383965e-03  2.732578615560e-01  1.064997629475e+00 
-3.480418430616e-03  7.307095284466e-03  3.456515886370e-04 
-1.178368555678e-01  8.033116301235e-02 -7.565927561545e-04 
 1.340296343601e-03 -1.368548339079e-02  9.442820706928e-02 
 5.683071827379e-01  8.761549755511e-03 -1.037458624190e-03 
 2.042488476610e-03  3.857748181874e-02  4.955546268690e-01 
-2.601333852386e-03 -2.284047871776e-03  1.005355759626e-02 
 1.717450055812e-02 -1.043475948227e-01 -5.310373858613e-01 
-1.085010568722e-01 -6.844223244829e-03  1.303502715755e-01 
-1.301495919903e-01  7.801617049478e-02  3.300357493268e-01 
-7.007434190878e-03  4.484610007608e-03  2.271912923266e-02 
-5.862939065017e-03 -1.389569094034e-02 -9.651003511800e-03 
 9.550264347216e-02  3.717761368019e-01 -3.725465057049e-01 
 9.004319664981e-02 -6.367047137039e-02 -4.199362230190e-01 
 4.512694592365e-02  2.560057256106e-02 -1.609780448235e-03 
-6.309286532424e-03 -5.695987534346e-03  2.019035521147e-02 
 1.649136091621e-03  1.029584194620e-01  2.450931878272e-01 
 1.160709372251e-03  1.553565727906e-03 -3.634119972378e-03 
 1.950717500828e-01  5.674437972657e-01  3.236859387642e-03 
-5.528220243365e-03 -2.967436270984e-03 -2.395524657786e-01 
-1.492662430973e+00 -7.960063608328e-03  5.998798997110e-03 
 1.539383441437e-05  1.715385974034e-01  7.993089841793e-01 
-2.594638168737e-03  1.077042294014e-03  2.201681058347e-03 
-2.130442184292e-02  1.533042723277e-01  1.081504355099e+00 
 1.387391480691e-01 -4.251715721281e-01 -3.793791442917e-02 
 3.494792834778e-01 -7.631838062695e-01 -1.596304644486e-01 
-1.194800239735e-02 -6.052985418808e-03 -6.294233352750e-03 
-1.840431818276e-03 -1.830374939789e-02  4.631351989739e-03 
-5.984287535123e-02 -1.675538929601e-01 -1.727993587988e-01 
 1.468790921035e-01  9.717167294861e-02 -2.541869990975e-01 
 2.791463089530e-01  1.176174419195e-01  5.559692291453e-03 
 1.581195035235e-02  6.678826521025e-03 -3.275762968866e-03 
 4.514312874056e-03  1.437177120369e-01  6.793777006550e-01 
 2.039089550607e-04  9.686865255536e-03  5.559906432601e-03 
 5.381971833048e-03  5.686985339723e-01 -5.458341056859e-03 
 6.414625059572e-03 -2.527160200777e-03 -1.075093580219e-01 
-4.427395784670e-01 -2.125718152136e-04 -4.791286619023e-03 
 3.319045973439e-03 -3.978981014519e-02 -1.954379182178e+00 
 3.687627029384e-03 -1.328608648745e-02 -8.301782620826e-04 
 6.552942460030e-02  8.952376992699e-03 -1.753150238852e+00 
 6.691272050074e-02 -4.400570696509e-02 -2.068577879321e-01 
-1.833213718058e-01 -2.189320342740e-01 -2.345297099642e+00 
 8.254108648020e-03  1.612657934075e-02 -8.470246212811e-03 
-9.988206871590e-04  1.319830770335e-02 -5.137346788307e-02 
 8.166858810814e-02  1.791356711752e+00  4.026255794508e-02 
 1.290495785807e-01 -4.279716615507e-01 -4.914373347285e-02 
 1.312732471193e-01 -1.132251595287e+00  9.346295291385e-04 
 7.540350644960e-04  2.545474388762e-02  3.364571572683e-03 
 9.298652857857e-03 -1.244817919064e-01  2.160169987556e-01 
-3.103234229462e-03 -6.902024741037e-03 -2.054789843890e-02 
 2.300473585898e-02  5.561906526860e-01  2.539232264320e-03 
-3.960421093634e-03  1.722415084268e-02  4.043984626335e-02 
 6.139096701087e-01 -4.828229277663e-03 -2.803412647602e-04 
-1.346652761496e-03  1.257582434648e-01 -1.111445979156e+00 
-1.120555398437e-02  1.761007541579e-02 -1.714357357049e-02 
-1.052836634473e-01 -5.148937941159e-01  7.502888563641e-01 
-1.543602452707e-01  6.052238240263e-02 -2.230076258660e-01 
 7.671885333095e-02 -2.470701731382e-01 -9.959212758269e-02 
 1.764325850147e-02 -1.422844229732e-01 -6.781221588972e-03 
 3.734301006604e-02 -3.583235945465e-03  2.834739014728e-02 
 2.118179872153e-01 -1.934566937240e-01  6.830182170267e-02 
-3.164645526090e-02  6.263627242222e-02  1.632164259673e-01 
 1.555691399676e-01 -1.825594604291e-01  6.001961227275e-02 
 6.308435693705e-02 -2.409707072016e-02 -3.013442043994e-02 
 7.369789367381e-02  8.361294137059e-01 -1.019130282019e+00 
 5.253503245817e-03 -9.687776616809e-03 -4.739752464359e-02 
-1.306996452490e+00  1.573421096314e+00 -5.052389500017e-03 
 6.188181084605e-02 -6.973445976052e-02  8.049080200454e-01 
-9.344778947001e-01 -2.659983096277e-02 -6.130847334559e-02 
 1.270804332252e-02 -6.423749719395e-01  3.940988808827e-01 
-1.958457037153e-02  1.396979477895e-02  3.222573346830e-02 
 1.594867380598e-01  8.337997590947e-01 -8.705569733944e-01 
 1.315272187622e-01 -5.435138384027e-02  8.723959329185e-01 
 1.057877396862e-01 -7.272002283470e-02 -1.441354968975e+00 
 1.573621518941e-03 -7.186831476618e-02 -8.722284978926e-02 
 5.274968234562e-02 -4.644188398638e-02  2.293351558164e-04 
 2.614373740823e-02  4.442028863179e-01 -5.085097350273e-02 
-2.026508316018e-02  1.228744694109e-01 -2.881113508068e-01 
-4.486948089304e-02  1.820466972580e-01 -2.631210202611e-03 
 1.897689061772e-02  1.423979862499e-01 -2.116682979095e-04 
-4.621782468996e-02  3.909069609806e-01 -5.508858596954e-01 
-6.709037738087e-04  1.342106633115e-02 -2.266862612727e-02 
-4.789324998825e-01  3.315967469319e-01 -5.886480319585e-02 
 2.046311376434e-02  5.757365239055e-02 -1.106585804015e+00 
 1.264699887413e+00  9.701760865236e-02 -9.917857533353e-03 
 1.211992322540e-02 -5.765520422294e-01  2.993188912082e-01 
 6.046993375142e-03 -3.605794953111e-03  3.435581997684e-02 
-1.044243813148e-02 -2.581821417555e-01  1.668304239541e-01 
 5.082024662972e-01 -6.987167832499e-02 -5.579341054076e-02 
-7.763246306457e-01  2.476649458194e-01  4.138287256725e-01 
-1.174850475091e-01  2.486727280585e-02  2.038214094424e-02 
 3.341275322056e-02 -1.623628206663e-01  2.671140921664e-02 
 1.768619033749e-01 -2.270407742187e-01  9.039718466520e-02 
 1.505670718475e-01 -1.522193842287e-01 -8.912049075533e-02 
-1.077889447980e-01  2.966322917012e-02 -1.733483474246e-02 
-3.683946290674e-03 -1.762484250591e-02 -8.996192493824e-03 
-1.662786418609e-02  1.585240253890e+00 -1.815027966960e+00 
-3.663087354354e-02  6.466938253784e-02  1.870385677305e-02 
 2.998859426563e-01 -2.698166789924e-01 -1.911163763170e-03 
-2.080293912592e-02 -6.026322832024e-03 -2.196020536927e-01 
 1.714800290866e-01 -1.634533671392e-02  9.184670077367e-03 
 5.148527035533e-02  8.540179148153e-01 -3.204414276075e-01 
 3.274087398414e-02 -6.866178378050e-02 -5.385825687525e-03 
 3.775076267241e-02  2.500009580267e-02 -6.090679011034e-02 
-1.084780388137e+00 -7.035964002806e-01  1.355515124507e-01 
 1.382749451169e+00  1.240170439390e+00 -1.909258778151e-01 
-4.823313233043e-02 -1.085690841665e-02  6.195880160238e-02 
-3.784404327529e-02 -4.659539041154e-02  7.707372427626e-03 
 2.310584139731e-02 -2.059941541112e-01  1.017520775246e-01 
-1.503078777109e-01 -2.870129182069e-01 -1.324140020033e-01 
-3.864996293426e-02  2.900357961916e-01  3.852647760537e-03 
 2.641511882243e-02 -1.874502117330e-02  3.721168165988e-02 
 9.495262710225e-03  4.307853440057e-01 -8.125018728851e-01 
-5.383929189913e-03  6.597419287934e-02 -1.775323895115e-02 
-9.736151089105e-02  1.334481101248e-02  2.215892807761e-02 
 2.037795665173e-02  4.161854706868e-03 -8.741372839714e-02 
 6.046218243742e-01  2.667426213473e-03  1.052689415040e-02 
-5.516194680992e-02  5.521334786094e-01 -2.914717137196e-01 
-1.767997263653e-02 -4.001139376967e-02 -3.443176496199e-02 
 1.034599829749e-01  4.204718590883e-01 -2.160449050772e-01 
 5.121681115652e-01 -2.802251789457e-01  2.871013707461e-01 
-1.092591854116e+00  1.087926474958e+00  4.787512212733e-01 
-3.581016454472e-02  1.020120008966e-03  5.180117284754e-02 
-2.854558179004e-02  4.410738898765e-02  5.678458040245e-02 
 1.506421918199e-01 -8.535344335328e-01  2.639086206567e-03 
-7.515572205556e-01 -1.215317051705e-01  4.095046167716e-01 
 5.462725856983e-01  5.683631951406e-01  4.265831659153e-02 
 3.207964508686e-02  5.015066877954e-02 -1.545017117999e-02 
 4.640294139295e-02 -5.313726817450e-01  1.180163216964e-01 
-4.999169407402e-02  5.931482004813e-02  3.901289304684e-02 
-9.610092888692e-01  1.266582846155e+00 -3.278092024224e-02 
 1.523412653715e-01  3.612804037317e-02  4.459977935756e-01 
-6.792513828336e-01  4.054497752225e-02 -2.094432549793e-02 
-2.851986373508e-02  8.719430472875e-01  5.991532290085e-02 
 9.409851128090e-03  3.868959120188e-03 -1.189572204811e-02 
-7.343568981777e-02 -2.304975689654e-01  6.030233895191e-01 
 4.008291895701e-01 -8.460906361040e-01  5.115802872933e-01 
-6.714383619075e-01  1.474582758604e+00 -4.944573858239e-01 
 5.225020886151e-02 -7.238758569028e-02 -1.078929513440e-01 
-4.550306363331e-02  9.435103392109e-02 -1.015067842525e-01 
-6.440054831208e-01  8.322535192989e-01 -4.789697086722e-02 
 4.093243345225e-01  7.806030439564e-02  4.050706172230e-01 
-6.715302353290e-01  1.757543132392e-01 -8.743634910290e-03 
-2.791447150371e-02  1.102223470019e-02  1.670565200084e-02 
 5.644753057077e-02  1.633688489773e-01 -9.109270940248e-01 
-1.748413666121e-02  1.009439643018e-01 -9.558815702678e-02 
 4.683492098013e-01 -6.523881514329e-01  1.383150154172e-01 
-8.025843919226e-02  1.514303600889e-01  9.293869608341e-01 
-9.001858492797e-01 -1.520271562895e-01  6.296956970600e-02 
-7.179923098713e-02 -4.630332713155e-01  9.166463584031e-01 
-1.464226109977e-03  3.951768627316e-02  8.304108448481e-02 
 1.011508415160e-01  4.384215907828e-01  5.254841590493e-02 
-2.765175554016e-01  7.623349220909e-01  7.186227680878e-01 
 5.032615550582e-01 -1.317326668068e+00 -8.182952944392e-01 
-4.114386370819e-02  2.248478577226e-01 -1.108166335569e-02 
-1.358402252381e-01 -2.123990378936e-03 -3.926060931735e-02 
-3.096784305381e-01  5.493744993946e-01  3.707931288233e-01 
 2.653848957542e-01  7.961675646026e-02 -1.962106572642e-01 
-3.985923429458e-01  2.878476084218e-01  4.436957139274e-02 
-5.314845681024e-02  3.346514068383e-02  2.368162635836e-02 
 1.078724853422e-01  1.441930626218e-02  6.446735541959e-01 
 1.732297618118e-02 -4.294051923796e-02  3.118295920661e-02 
-2.744186513391e-01  5.800029755519e-02  7.517975135222e-02 
 2.136055762169e-02  1.045549978995e-01  8.260032088722e-01 
-8.271861855164e-01 -1.911061601845e-01 -4.818709176402e-02 
-3.877064459301e-02  6.175498656851e-01 -1.473694416312e+00 
 8.860976235536e-02 -1.565385886162e-01 -1.440251896922e-01 
-2.299338150710e-01 -1.156111424433e+00  2.746679912632e+00 
-5.416990543799e-02  3.125975189436e-01  2.919789460518e-01 
 1.581901861362e-01 -8.853809182036e-01 -2.461447574625e-01 
-1.068463284087e-02  3.842005582660e-02  1.668844492498e-01 
-1.470541246943e-01 -2.178244518142e-02  2.761524232995e-02 
 4.361294001813e-03 -9.404740119511e-01 -9.013937052796e-01 
-1.700161267279e-01 -3.659348401235e-01  1.668474497295e+00 
 3.588725943384e-01  9.864511247960e-01 -5.443985982839e-02 
-7.349577569292e-03 -7.667387010141e-03  3.424142342987e-02 
-7.321474054771e-02  2.245868735805e-01 -2.293389517585e-01 
 1.096649662718e-02  4.609314556609e-03 -6.016320751888e-02 
 3.479911827742e-01 -8.772733186204e-01  6.756592201359e-02 
-6.085744710820e-02  1.186627638834e-02  2.491083286219e-01 
 6.197817563742e-01  2.395442149936e-01  8.130421309268e-02 
-1.326067737837e-01 -1.419656862293e-01 -9.245541687335e-01 
 4.856119926329e-02 -1.143479106177e-01 -1.211771700997e-01 
-3.400478275813e-01 -1.479531064979e+00  1.146035884426e+00 
-4.815667520828e-02 -2.201153026276e-01  3.988800268100e-01 
-1.784465569481e-02  4.821994651833e-01 -1.496607428144e+00 
-6.193410905413e-02  1.423584847799e-01 -2.327525345422e-01 
-1.433765865288e-01  3.264925625509e-03  9.408099171677e-02 
 5.430041501722e-01 -1.257844896073e-01 -1.234580887030e-01 
 5.424582473161e-02  1.008959231898e+00  1.832909054667e-01 
-6.961878726389e-02 -1.936180169964e+00 -5.781280909705e-03 
 1.022091126501e-02  5.998409942156e-02  1.164240127784e-02 
-2.790013590228e-02 -1.684120101607e-01 -3.994689899515e-01 
-3.213587385645e-02  8.402055872021e-02  4.359828714348e-02 
-2.223468350543e-01  6.845714852677e-01 -7.123608641244e-02 
 9.050218823910e-02 -6.315892349305e-02 -2.717206603780e-01 
 7.600099219531e-01  1.361593852611e-01  3.895983649465e-02 
 6.786586798197e-03  3.112873812921e-01 -1.006924334596e+00 
 7.247091368969e-02 -7.573408752942e-02 -7.203157102917e-02 
 5.533505724018e-01  2.443453771499e+00 -4.202585582368e+00 
-1.660403705914e-01  5.752469232378e-02 -2.558378743471e-01 
-6.383744765473e-02  2.805020215657e-01  4.163917422570e-01 
-2.245138083470e-01 -2.382877846905e-02 -9.468887718141e-03 
-9.476572303436e-02  1.135825031209e-01  1.042268729391e-01 
 5.146592356632e-01 -4.798829330167e-01 -5.272715288584e-01 
 3.550819840272e-01  3.125284844156e-01  1.227302820128e+00 
-6.954075640259e-01 -6.487308883614e-01 -7.287647402242e-02 
-1.869622953227e-03  8.214488375861e-02  5.311516856623e-02 
 3.474436583891e-02  2.108706621166e-01  2.300312419213e-01 
-1.081832220094e-01 -9.733324891826e-02  2.733575244249e-03 
-3.060916827572e-01 -9.440271047616e-02  1.690391618086e-01 
 2.375526581702e-02  7.087875060211e-02  2.100730084875e-01 
 8.743434551664e-01  1.387107716353e-01  1.993730413115e-01 
-8.071708823676e-03  2.071430456524e-01  8.567014486589e-01 
 4.468878542355e-02  7.543021716479e-02  1.032433100148e-01 
-1.900888477268e-01 -8.176196137479e-01  1.488191207231e+00 
 2.505812715887e-02  1.385781880976e-01  9.912235657580e-02 
 2.583352005317e-01 -6.335233613005e-01 -3.966263171675e-01 
-4.219946815103e-01 -1.476060492580e-01  1.332157321390e-02 
-3.553116905940e-02  2.398151787210e-01 -3.370002192222e-02 
-1.561579356319e-01  2.886980538054e-01  3.634819657255e-01 
-3.653996517576e-01 -8.307759596617e-02 -9.411566963566e-01 
 6.497841616164e-01  1.887918861990e-01 -1.407352944024e-01 
 9.227469209517e-02 -3.649484165538e-02 -1.158748179294e-02 
 5.923900893411e-02 -2.999265347386e-02  5.144786869023e-02 
-1.792808948119e-01 -8.660708241614e-02 -8.121453643577e-02 
 2.392507885433e-01  1.015183927657e-01  1.726524531679e-01 
 7.009191040165e-02 -1.868667304070e-01 -3.292847890535e-01 
-2.228050839716e-01 -1.791811877871e-01  2.800995901800e-01 
-5.564598598363e-02 -2.882088508046e-01 -4.916620202738e-01 
 1.864178698485e-01  3.133460922346e-02 -5.751340656529e-03 
 2.512134898928e-01  1.129986651440e+00 -2.591743598218e+00 
 7.437950425564e-02  1.529247119367e-01  8.072705265107e-02 
 1.137661840397e-02 -8.149034547003e-01 -9.733291003852e-01 
 2.289680159723e-01 -2.286514973847e-01 -1.064846249620e-01 
-2.936106851312e-01 -2.295138191145e-01 -3.948796305633e-02 
-2.123163887162e-01  9.139366446535e-01  1.339485465527e-01 
-5.667393737755e-01  4.204443359454e-01 -1.995497494806e-01 
 1.379014425089e+00 -1.258625978178e+00 -3.331624319740e-02 
 5.168520582421e-02  2.224384034608e-02  1.155403170151e-01 
 1.179505916393e-02  4.068114291066e-01  2.676256905332e-02 
 2.866404120290e-01  1.271116106325e-02 -2.217719323031e-02 
 7.112171660648e-01 -1.164163175516e-02  1.537841631071e-01 
 1.512098594387e-01 -1.030946035498e-01  1.987595777087e-01 
 2.486356653580e-01 -6.212825759723e-02  3.454364364800e-02 
-1.950500118671e-01 -3.030062355036e-02 -1.579419160656e-01 
-8.267801382807e-02  5.221856872018e-02  2.633223876380e-02 
 8.668474875610e-02  4.655109124618e-01 -1.353196445917e+00 
-2.348636979342e-01  2.976442535792e-02  2.748838792544e-01 
 3.002046792063e-01 -4.555915124741e-01 -1.245431393547e+00 
-9.896216474796e-02  1.118991045860e-01 -2.244252622834e-01 
 3.584955239478e-01 -1.015418729041e-01 -1.905423227419e-01 
-9.366878850977e-01  1.716201489817e+00 -3.097751892534e-01 
-5.240169922413e-01  2.008192515324e-01  2.982185384724e-01 
 9.295963633430e-01 -9.845740399961e-01 -5.007766768847e-02 
-3.008968484295e-02  2.348679155193e-02 -9.841899013544e-02 
 3.380034592104e-02  9.193187452715e-02  5.313797645538e-02 
-7.152554024106e-02 -3.962360785195e-02  5.235220604360e-02 
 5.106224262431e-01 -1.970581158760e-01  5.272564394623e-02 
-9.578910044093e-03 -8.628116400909e-02  5.620744463306e-01 
-5.244087024412e-02 -2.405275102900e-02  1.158101074828e-01 
 3.622142116721e-01 -6.574740049750e-02 -3.866224235020e-01 
-1.897767805921e-01 -1.186595968534e-01  3.924868397414e-02 
-1.434937729224e-01 -6.318539012036e-01  2.014988584220e+00 
 6.680630690235e-02 -4.676262951027e-04 -8.465221073298e-02 
 1.367902554623e-01  1.229395430319e-01  8.479876716484e-01 
 1.938223027932e-01  2.270048341133e-01  1.558013865795e-01 
 1.304307524001e-01  6.851672316533e-03  3.824177819027e-01 
 1.696300198925e+00 -3.058905489508e+00  1.601661844217e-01 
 4.716932826350e-02 -2.209386477019e-01 -2.956347798344e-01 
-4.626313969293e-01  8.678411130404e-01 -1.542166575478e-01 
-5.822989307038e-02  4.278671725159e-02 -3.924381414035e-02 
 1.365382445480e-01 -4.099719698748e-02 -5.240878201176e-02 
 2.079937663667e-01  1.254999638200e-01  3.987485431030e-02 
-1.611067494792e-01  1.637718935286e-01  2.687384085783e-01 
 2.819537358821e-01  1.046099303224e-01 -8.175456598505e-02 
-2.300800009281e-02 -3.264328004101e-02  4.301343705764e-01 
 5.926052778368e-02 -3.409922108045e-01  2.117238111899e-01 
-1.430320054645e-01 -1.298788045062e-01  3.592116450370e-02 
-1.011707495519e-01 -4.234210190752e-01  7.766082678265e-01 
 1.902379756984e-01 -1.502099543102e-01  1.219229638945e-01 
-4.455248262851e-01  9.148148381789e-01  1.741958652333e-01 
-9.554070680742e-02 -7.524785886104e-02  6.915481271532e-02 
-7.413589024357e-02 -3.681150381976e-01 -2.514699214039e-01 
-1.052098180827e+00  1.542552529073e+00 -1.413969789257e-01 
 4.827124557498e-01 -4.284438900283e-02  1.550389157517e-01 
-1.384897860158e+00  5.775365159818e-01 -1.036552174311e-01 
 1.985485053138e-01 -1.808593193691e-02 -2.394551542289e-02 
-4.711153861607e-03 -8.069370087801e-01  2.948620488184e-01 
 1.635853959393e-01  1.024060653114e-02  2.171758888708e-01 
-1.022010229623e+00  2.488037949778e-01  3.120581293948e-01 
-1.848911651980e-01 -3.412869162641e-01 -5.144771559584e-01 
-2.727286548913e-02 -9.816070558868e-02  1.125341918288e-01 
 1.004076077783e-01  2.268037398537e-01  1.148788787513e-01 
-1.160714602034e-01  5.312638332267e-02 -2.073372214075e-01 
-1.584681928451e-01 -7.564391906110e-01  7.802002460245e-01 
 3.448034299103e-02 -2.184365153744e-01 -1.024771997208e-01 
-6.303767432069e-02  4.065182651029e-01 -2.973542309849e-01 
-2.877127919436e-01 -1.113354321651e-01 -2.792989315016e-02 
-3.838672781753e-02 -4.554297605325e-01  6.017666601223e-02 
 3.022029980235e-01 -2.223624501981e-01  2.854532252593e-03 
 1.009690343226e-01 -1.560716387931e-01  7.715221652416e-02 
-1.299048524510e-01 -9.181986356368e-02  2.708230245553e-02 
-5.850033282437e-02 -4.371312098190e-02  9.700983108445e-02 
-1.780803038199e-02 -8.464430863263e-01  5.032439446133e-01 
 7.790617918552e-02 -3.627617651248e-01 -5.185924289786e-02 
 1.492031335346e-02  1.964573590929e-02 -7.818544820461e-03 
 1.871233266447e-01  3.127801912933e-01  1.524898086968e-01 
 1.858113168982e-03  3.409444288601e-03 -7.470485175638e-02 
 1.714589188352e-03 -2.925386965044e-01  5.678436342195e-02 
 1.120257498862e-01 -3.173806074411e-01  3.428511073255e-01 
-9.513945377075e-02 -3.727472294024e-01  2.765740204440e-01 
-1.020019557447e-01  4.158238924803e-02 -1.920006037075e-02 
 4.456538343563e-01 -8.998475682917e-01 -1.276193520982e+00 
-8.145126730941e-02  2.054009937811e-01 -1.393544361593e-01 
-1.419032605492e-01 -2.087855207166e-01  1.103677895385e-03 
 3.898628037481e-02  6.672910282251e-01 -4.665211388663e-03 
-1.125389577487e-01 -2.388053102200e-01 -3.086779370212e-01 
 6.019364338322e-01 -3.202710707575e-01 -9.468231967853e-03 
-5.030358558109e-02 -2.252191799860e-02  1.177476574312e-01 
-1.853044456347e-02  1.835468837946e-01 -2.420194344791e-02 
-3.430514750237e-01  2.349347689060e-01  6.114529530657e-01 
 3.789954717210e-01 -1.022706361784e-01  2.732916077208e-01 
 2.777346564079e-01  6.042348141069e-02  3.638470440254e-02 
 1.581849855708e-01  3.281803873720e-02 -3.240166771439e-01 
 1.021187268908e-01 -1.156485264689e+00 -5.812741843265e-02 
 1.089393993778e-01  3.085614148111e-01  8.134440813265e-03 
-1.325547406837e-01 -4.831000479729e-01  1.119770439376e+00 
 1.350084327486e-01 -8.881498723329e-03  1.096780806625e-01 
 4.119523404123e-01  2.460261025697e-02  7.836978421860e-01 
 1.108133807397e-02 -7.871924528183e-02  4.127074231379e-01 
 1.682531487666e-01 -1.781778836866e-01 -1.455301547823e-02 
-1.582461771348e-01 -7.627171060183e-01 -1.232751103620e-02 
 9.207050654349e-02  5.275539267862e-01 -3.483911519027e-01 
-9.701761835819e-02 -6.412256510687e-02 -3.015441711189e-02 
-1.317359099357e-02  3.273597310306e-02  6.106662092450e-02 
-2.093951334789e-02 -8.529317735307e-03  4.889470919801e-02 
-5.459814202908e-01 -2.249304118849e-01 -2.128002515498e-01 
 1.059658029200e-01 -7.044093405141e-02  7.700800317868e-02 
 2.419926941969e-01  1.433433907550e-01 -1.943205057619e-01 
-1.570307387337e-02 -1.342960832709e-01 -6.196116171051e-02 
-2.262284848016e-01  2.017446707339e-02  3.800614144460e-02 
-4.629615832124e-01  8.691041076616e-02 -3.006574235532e-01 
-6.498906516823e-02 -2.040453491025e-01 -2.700652277331e-01 
 3.648291156094e-02  7.956958457650e-02 -2.100857393421e-01 
-1.148946136862e-01 -3.745744376879e-02 -5.196611875065e-01 
-3.018369219258e-01  4.469404604048e-01 -3.384233370350e-02 
-3.138062790910e-01 -1.655854984545e-01 -4.021789153849e-01 
-1.714978044800e+00  2.792300293548e+00 -9.121965409024e-02 
 7.008554118639e-02 -1.352099598009e-01  2.116492898075e-01 
-5.043338098841e-01 -2.307927257145e-01 -7.688561661466e-02 
-1.880041297218e-01 -4.156667403480e-02  1.027697013934e-01 
 4.141719549454e-02  1.380264545953e-01 -2.660470830819e-01 
 1.030187317816e-01  1.767915391457e-01 -1.899109015490e-01 
-8.816137741555e-01  4.623647241450e-01 -4.327354857905e-01 
 1.157669595344e-01 -2.825966672989e-02 -3.405444391749e-01 
 1.142356084637e-01 -1.107605511078e-01  2.850556104670e-01 
-6.946763184324e-02 -9.070007860240e-01  5.414076442673e-01 
-2.002423330700e-01  1.152595414006e-01  7.426744662153e-02 
 1.072169309492e-02  8.841252716298e-02  1.596798036995e-01 
 8.564999791455e-02 -1.059516261635e-01 -4.972659261244e-02 
-2.395855158201e-01  7.554490791350e-01  4.944183570725e-01 
 2.543069311975e-01  2.620652164938e-01 -3.466571091123e-02 
-7.097562344005e-02  3.280350895993e-02 -4.477012273473e-02 
-2.126904707216e-01  6.876457063180e-02 -4.395782022475e-02 
 1.551097264781e-01 -2.097736417691e-01 -3.191545226604e-01 
-4.124127761677e-01  4.904256937263e-01 -5.242368834920e-02 
-1.181525444710e-01 -4.038278414377e-02  2.131429871945e-02 
-7.051422649218e-02  1.949705967680e-03 -3.245325581028e-01 
-1.533005868598e-01 -1.062527234852e-01 -5.420191682755e-01 
-3.630579354098e-01  2.871509474256e-01  4.522851872201e-01 
 2.107405078758e-01 -4.612089761895e-01 -4.364697468043e-01 
-3.158142574927e-02  6.243672988267e-02 -3.581625661873e-01 
 1.470163087633e-01  1.151410635701e-01  4.151829681351e-01 
 1.473107898773e-01 -1.444237947505e-01  2.253290536727e-01 
-1.378257636847e-01 -5.056372444309e-01  3.476492820558e-01 
-1.070701809194e-01 -5.722848472179e-02 -1.055135331434e-01 
-2.579083025418e-01 -2.340342862884e-01  5.943245474213e-01 
-2.000388153617e-01 -1.240876194942e-01  2.035304714023e-01 
 2.180342534258e-01 -9.193131944965e-03 -1.829738526242e-01 
-8.246175191546e-01  7.248145820180e-01 -1.940454124510e-01 
 5.574795737329e-02  2.905500382279e-01 -6.814971571581e-02 
 1.512942806918e-01 -6.184350528991e-01 -6.486018555806e-02 
-1.035438147477e-01  1.376363977772e-02 -1.423218736402e-01 
-5.067921658894e-02  8.740021998991e-02  3.880498514517e-02 
 4.877095612345e-01  7.370697565428e-02 -2.185493886229e-01 
 1.258166902360e-01  2.424065201106e-02  1.361862702091e-01 
 3.955024784967e-01  3.335757749835e-01 -2.908973247979e-01 
-1.608190132663e-01 -2.867713956778e-02 -2.297574098798e-01 
 3.121992346535e-01  2.480325994776e-01 -6.160856111280e-02 
 3.105062197070e-01  4.006755401406e-01 -2.907081916751e-01 
-2.771549354795e-02 -1.258217589395e-01 -2.182904467609e-01 
-1.217558898435e-01 -6.279316732996e-02 -1.255884709973e-01 
-2.170077499605e-01  2.386385530438e-02  2.459991340617e-01 
 5.344781096867e-01 -1.745416299454e-01 -1.090891657245e-01 
-3.631050314716e-01 -3.337785685111e-01 -1.098292830325e-01 
-4.422432416440e-01  6.504960278553e-01  1.705662362112e-01 
-5.436027407891e-03 -1.784816265211e-01  1.923810738164e-01 
-1.973309825760e-01 -2.240392850615e-01  4.374341793593e-02 
-1.011308660169e-01 -1.863740314762e-02 -1.053514346904e-01 
 7.670766949877e-02 -2.870568478501e-02  8.998166312515e-02 
-4.015755407369e-01 -1.883861210279e-01 -9.719287844662e-02 
-2.247226397128e-01  7.998421270611e-02 -1.379161080178e-01 
-9.835583738295e-03  1.919647003803e-01 -8.896302590323e-02 
 4.046674810770e-03  1.039431270385e-01  4.521344823372e-01 
 4.750484255045e-01  3.161713228938e-01 -9.844563945809e-02 
 3.618539589135e-01  2.061622015951e-01 -1.345736279552e-01 
 9.164083104678e-02  2.287749055092e-01 -2.578322318763e+00 
-2.710363537690e-03  1.966068648817e-01 -7.827111937344e-01 
 4.972994269197e-02  8.100878406836e-02 -9.597068048274e-01 
 1.114481791913e-01 -1.263082653235e-01 -7.836512105769e-01 
 1.413213066473e-02  2.366986385246e-01 -4.954665504161e-01 
-1.866621860195e+00  4.683547311325e+00 -7.053832489459e-02 
 1.409486961319e-01 -3.787955875289e-01 -5.796771959564e-01 
-5.629122584074e-01 -1.082557582550e+00 -1.283744049541e-01 
 1.308370071343e-01 -4.078120186841e-02 -6.346955857632e-02 
 4.929144216539e-02  6.567538829764e-02 -2.041194929274e-02 
-8.202247696643e-02  1.078191885383e-01  7.864971081258e-02 
-6.628400949139e-01  3.854098016474e-01  1.873979638331e-01 
 2.648131529871e-01  4.288319726609e-01 -1.217403850498e+00 
 8.399550903505e-01  8.984740765561e-02 -1.872491299306e-02 
-2.879257552698e-01  6.029266820643e-01 -4.600077262092e-01 
-1.880757565475e-01 -2.338243184288e-01 -1.139590744363e-01 
-1.953717195526e-01 -7.649173127087e-01  8.688394787087e-01 
 4.644834877769e-02  2.321275733326e-01 -1.595208169552e-02 
 7.144611571688e-03 -1.142720801267e-01  2.502708700964e-01 
-3.338272308991e-01  2.291262896908e-02  3.466120553864e-02 
-4.628878438459e-01  7.019393157082e-02 -8.247236751993e-02 
-2.297878659105e-01  3.745525869771e-01  6.451404096883e-01 
-3.224584942098e-01  1.291526451029e-01 -4.441886404854e-01 
 7.539138560364e-02 -1.221130449803e-01  5.961499763411e-02 
-2.165546959682e-02 -5.893172751240e-04 -5.298492704972e-02 
 1.729359807158e-01  5.872693621424e-04 -1.298024104601e-01 
 5.218336950111e-02  7.176129465924e-02 -2.394516008573e-01 
-6.858701006931e-02 -3.515261227896e-01  3.765545430654e-01 
-4.860794064235e-01  3.580523819998e-01 -4.044607977444e-01 
 3.309703985449e-01  4.725160855161e-01 -1.149354790351e-01 
 3.130187164591e-01 -2.656569271695e-01  2.822452947513e-01 
-5.252724332096e-01  4.181865198617e-02  4.199249693323e-02 
-1.239042098296e-01 -4.607110843047e-01  2.353722302098e-01 
-2.552176010216e-01  3.807956281425e-01 -3.586490563079e-01 
-4.086512831650e-04  4.174332353554e-01 -1.600922351363e-01 
 9.597315707516e-02  2.865127610134e-01 -7.982668019139e-02 
 4.433717216352e-01 -5.527061804000e-01 -1.686380924425e-01 
-4.897010524325e-01  1.831920060114e+00 -8.533503518981e-02 
-4.224804296390e-01  2.765049535485e-01 -8.319874827335e-02 
-5.774130388365e-01 -1.654909451817e-01  6.287932934972e-02 
 1.014437117929e-01  1.205482844030e-01 -5.215053569691e-02 
-4.974103951001e-02 -4.595601924653e-01 -1.784174230245e-01 
-1.674580503307e-01  4.442804522087e-01 -2.994679591756e-01 
-8.688017082129e-01  1.043937975405e-01  3.455340557873e-01 
-5.096545097917e-01  3.094187694952e-01 -6.241116962258e-01 
 3.221455217131e-01 -2.351396408651e-01  1.642417073398e-01 
-4.428117957786e-01 -3.348332102877e-02  2.370856130132e-01 
 4.942205043790e-01  2.082034153844e-01  2.410855776105e-01 
-1.183179472439e-01 -2.220260011458e-01  1.211733765007e+00 
-6.449161134512e-02  4.400972146043e-01 -1.566396071752e-01 
-2.622785917851e-01  4.249519517855e-01  9.370038228042e-02 
-1.472273285485e-01 -5.205453246971e-01  2.061393145172e-01 
-2.638289136661e-01 -9.527844383835e-02  1.306864185110e-01 
 5.226267497126e-01 -8.418781051076e-01 -2.730078830821e-01 
 9.943717749807e-02  4.953169867574e-02  4.382600551434e-01 
-1.074724876382e-01 -1.461304314284e-01  2.551715219718e-02 
 1.996839770214e-01 -4.909354211015e-02  1.170905740392e-01 
-2.994696967765e-01 -7.304035279372e-01 -2.381122992623e-01 
-2.213873220608e-01  8.387568977460e-01 -2.380268568366e-01 
 5.464172726680e-02  1.154588429529e-01 -1.015023832733e-01 
 1.337162364859e-01  1.199284753403e-01  2.357969155768e-01 
-3.038700171949e-01 -3.278473625387e-01  1.416675548297e-02 
 5.330423505557e-01  1.361065776089e-01 -3.250974255395e-02 
-1.560688985570e-01 -3.969709209372e-01  1.673508358836e-01 
-1.386405438801e-02 -2.707817937556e-01 -4.798396464897e-01 
-1.187105875144e-01 -2.171562811076e-02 -1.562941801242e-01 
 2.485310078867e-02 -1.518836264313e-01  2.563369116266e-01 
-2.151275730861e-02  3.203823568513e-01 -7.271258477461e-01 
-4.052444612742e-01  1.174391585565e-01  3.312159201184e-01 
 1.598707927965e+00 -4.999489184615e-01 -6.192356782954e-01 
-3.605311946070e-01 -4.926868297919e-01  5.227053068827e-01 
-6.405298031193e-02  2.246540435416e-01 -4.519598791819e-02 
 1.505596411389e-01  1.865795596473e-01 -6.690839657900e-02 
-2.942074194028e-01  2.816905451055e-01  1.448789158314e-01 
 9.601663862706e-02 -4.230799146891e-01 -1.340836630732e-01 
-4.348327201675e-01  1.113896688487e-01  7.410514810487e-02 
-2.196812659568e-01  2.428502673660e-01 -1.847394156225e-01 
-1.467290743617e-01 -7.153079822865e-01 -6.428231942387e-02 
 1.314552064150e-01  4.846870939286e-02  1.810537675496e-01 
-3.123480112407e-01  3.730318435074e-01 -2.156713652027e-01 
 8.701799847005e-02  4.330213858478e-01  6.972416175757e-01 
 2.619263017896e-01 -5.578942607123e-02  6.183649368887e-02 
 3.857626936449e-02  1.005825337593e-01  5.589906513450e-01 
-2.570580177661e-01  1.434420588777e-01 -4.430447601013e-01 
 4.558019593116e-01 -1.873955878179e-01  1.943106914732e-01 
 7.130243571012e-01 -1.897495319837e+00  3.225006138129e-01 
 1.371884900940e-01 -3.400729081370e-01 -2.743614185880e-01 
-2.534657919672e-01  8.168861112685e-01  5.310142856842e-01 
 9.936341037028e-02 -2.609277687242e-01  6.150037968724e-01 
-2.746908678650e-01 -2.997331140575e-01  1.287339851794e-01 
 5.535649535563e-02  1.233169519246e-01 -3.009909513470e-01 
 1.051910515538e-01 -1.021484638101e-01  1.491945297781e-01 
 1.233431287269e-01 -9.181845370349e-02  4.611560059935e-01 
-1.901720110959e-01  3.354365047524e-01  4.675001110131e-01 
 1.056222206369e-01 -1.697322712532e-01  8.399453404999e-02 
 1.253665946851e-02  2.292415255142e-01 -5.145365149179e-01 
 9.633947607541e-02  5.274719095409e-01  9.105428177459e-01 
 1.134649160551e-01 -4.034510312464e-02  2.717431908138e-01 
-9.062710552287e-02  1.721830056066e-01  5.322580800069e-01 
-3.723871633948e-02  1.016190790234e-01 -1.498844628171e-01 
 2.158543047708e-01 -3.487697063080e-01  3.352492121940e-01 
 1.277073353763e+00 -2.764490813791e+00  1.008798323916e-01 
 3.406740779686e-02 -1.308515120017e-01  3.226276407263e-01 
 3.113351616557e-01  7.715321040553e-01 -8.079669338308e-01 
 3.394300317666e-01 -2.964881765500e-01  2.506701188061e-01 
 3.383605503687e-01 -3.592368615161e-01  3.637796124615e-02 
-7.252043691983e-02  1.677220188451e-01 -3.197315172310e-01 
 3.018739405563e-01 -1.738250881462e-01 -4.104741941389e-01 
-1.667829987885e-01  7.587835872560e-02  8.589503251228e-01 
-4.525006857495e-01  2.887222754123e-01 -5.061703484835e-01 
 9.116629787047e-02 -2.111000897217e-01  2.091922296769e-01 
 1.470823113436e-01  1.556206500894e-01 -2.820053720450e-01 
 3.958630709292e-02  2.347784476670e-01 -2.843524136713e-01 
 4.030903792216e-01 -7.765513535494e-01 -1.264988246024e+00 
-9.879501596319e-02 -4.654199550700e-02  9.725367704097e-03 
-5.532266455979e-02  3.871942982729e-01  1.455327403801e-01 
-1.210745174777e-01  1.019902058588e-01 -2.169513676599e-01 
-6.535811608652e-01  2.496896544630e+00 -2.582983710540e-01 
-4.414407257712e-01  1.848242754241e-01 -2.502101982011e-01 
 1.269253477114e-02 -6.811580119530e-01 -7.842469653882e-02 
-2.892872601423e-01  2.030331957825e-01  6.136647872654e-01 
 2.413170363456e-01  2.989475774176e-01 -1.831777640222e-02 
 6.030847441587e-02 -1.444391335731e-01  1.698945635307e-01 
-7.392245140976e-01  2.535366224421e-01  1.415018502424e-01 
-4.797081877270e-01  1.494294101368e-01 -1.108842212350e+00 
 3.721018936646e-01 -4.154379695762e-01 -1.466198903839e-01 
 3.498720053162e-01 -1.407372844976e+00  1.695372137867e-01 
 3.399588117815e-01 -6.969905336353e-01 -6.382442465280e-01 
-2.219166374551e-01 -1.062901164695e+00 -7.487821759696e-01 
-1.054944967246e-01  4.710627803759e-01  4.531203284386e-01 
-1.025718709539e-01 -9.722551689022e-02 -1.120316625711e-01 
 5.262663937917e-01  2.000138181527e-01  3.623884425129e-01 
 3.131868136305e-01  5.494923802683e-01 -3.465562331235e-01 
-1.381887014742e+00  2.198302513298e+00 -7.734523003472e-02 
-3.655185652202e-02  3.770885966783e-01 -2.609621848798e-01 
-3.865315524801e-01 -9.206590674078e-01 -4.314496522751e-03 
 5.396587012025e-01 -1.754812757835e-01  5.660614174150e-01 
-2.056616028731e-03  6.710079990500e-01 -1.906164269972e-01 
 1.223291930782e-01 -4.494194762463e-01  2.331628004126e-01 
-2.541511954220e-01  1.041445704128e-01 -3.169333829364e-02 
 7.418761786939e-02  2.813193129049e-01 -6.903110901198e-01 
 2.317284712284e-01 -8.026651781719e-02  7.312700140985e-02 
 4.729212897986e-01  1.164481398627e+00 -1.552011895435e-01 
-5.092041617150e-03  2.834110211669e-01  7.761332947923e-01 
-3.730839302263e-01 -1.753469042395e+00 -1.098694205538e-01 
-3.073516414936e-01  5.218252922639e-01 -4.968903121290e-01 
 2.586712166512e-02 -1.363580953891e-01 -2.598336201919e-01 
-2.933712343594e-03 -6.362221266416e-01 -8.296095636865e-01 
 2.164740570266e-01 -7.164301404168e-02 -1.068455374816e-02 
-1.148732790368e-02  8.029718510894e-01 -2.639770677945e-01 
 2.622297703948e-01 -5.414098613470e-01 -3.753859993697e-01 
 6.424492915721e-01 -9.352716486164e-01  2.265179031336e-01 
 7.814406944559e-02  9.410960268842e-01  3.077536493620e-01 
 6.260530958521e-01 -3.453573027245e-01  4.156968122219e-02 
-5.229063218583e-02  2.661490768100e-01 -1.788213337325e-01 
 1.246475599057e+00 -1.825642480447e-01 -2.848489073718e-01 
 4.069649892140e-01 -4.367822087864e-01 -2.780713553679e-01 
 1.194023629377e-01 -1.746873861559e-02 -2.045174456111e-01 
 1.559649274520e-01  1.364678665541e+00 -6.086654976495e-01 
-2.478479734332e-01  5.459360536347e-01  3.127265875754e-01 
-1.022322071469e-01 -4.195798837038e-01  7.540269583424e-02 
-1.099364920850e-01  5.048389350454e-01  9.758101629751e-01 
-4.613311145445e-02  1.407002306845e-01  9.928833253540e-03 
 1.269352280628e-01 -8.771515616492e-01 -9.949605035669e-02 
 4.216563001023e-01  1.467211061214e-01  8.789254706154e-02 
 5.563311333506e-01  6.850304624421e-01 -7.796498514969e-01 
-2.062789550988e-01  1.653227772246e-01 -3.573684269670e-01 
-2.966416089080e-01  4.912081103385e-01  1.136996219911e-01 
-7.019306797174e-01 -7.796776222211e-01  1.662407648917e-01 
 5.143919407280e-01 -3.105664631354e-01  1.103649987401e-01 
-2.956566410267e-02  1.924034832143e-01  6.717456062798e-03 
-8.136805045805e-01  3.223621356718e-01  2.060874877651e-01 
-3.548284796293e-01  2.439022510855e-02 -2.318166748375e+00 
 6.741629294997e-01 -9.539614574490e-01 -2.210683038650e-01 
-5.130076135342e-03  1.774544501221e+00 -4.919978111668e-01 
-2.918649461774e-01  4.970537349077e-01  4.851389823169e-01 
 8.330438645937e-02  5.905977893385e-01  8.107807406356e-01 
 2.653100171918e-01 -3.745495452705e-01 -1.208079805193e-01 
 7.242276594133e-02 -1.093677546605e-01  1.001162084443e-01 
-1.411786597134e-01  7.142547859740e-01  4.389709332010e-01 
-2.569853802702e-01 -1.330355976603e-01  1.645674105737e-01 
 6.148163282771e-01 -7.332129718623e-01 -8.190493678572e-01 
-5.978782886254e-03  9.673711994385e-02 -4.883022737937e-01 
 2.234263166184e-01  9.201065042794e-02  7.188546831049e-01 
 6.779299883710e-01 -4.781220938115e-01 -4.243537845956e-01 
 8.794662255461e-01  1.309856171781e-01 -7.829856642690e-02 
 8.099964467865e-03 -9.581632487317e-02 -7.906099454743e-02 
 1.282982618639e+00 -4.254874821734e-01 -2.165074096058e-01 
 6.792265415299e-01 -2.165905256865e-01 -2.180885956867e+00 
 7.304307423734e-01 -9.257042263185e-01 -2.448998557289e-01 
 5.933216808130e-02 -1.588533067215e+00  4.748236823530e-01 
 2.327278997147e-01 -4.222078407188e-01 -3.926006010411e-01 
orbocc
(*)
 0.000000000000e+00  0.000000000000e+00  0.000000000000e+00 
 0.000000000000e+00  0.000000000000e+00  0.000000000000e+00 
 0.000000000000e+00  0.000000000000e+00  0.000000000000e+00 
 0.000000000000e+00  0.000000000000e+00  0.000000000000e+00 
 0.000000000000e+00  0.000000000000e+00  0.000000000000e+00 
 0.000000000000e+00  0.000000000000e+00  0.000000000000e+00 
 0.000000000000e+00  0.000000000000e+00  0.000000000000e+00 
 0.000000000000e+00  0.000000000000e+00  0.000000000000e+00 
 0.000000000000e+00  0.000000000000e+00  0.000000000000e+00 
 0.000000000000e+00  0.000000000000e+00  0.000000000000e+00 
 0.000000000000e+00  0.000000000000e+00  0.000000000000e+00 
 0.000000000000e+00  0.000000000000e+00  0.000000000000e+00 
 0.000000000000e+00  0.000000000000e+00  0.000000000000e+00 
 0.000000000000e+00  0.000000000000e+00  0.000000000000e+00 
 0.000000000000e+00  0.000000000000e+00  0.000000000000e+00 
 0.000000000000e+00  0.000000000000e+00  0.000000000000e+00 