2mocoef
header
1
MO-coefficients from MOLCAS
1
26   26
a
mocoef
(*)
 6.558778006623e-05 -6.282161507699e-04  5.733260463443e-03 
 9.044428815039e-05  6.926399819343e-06 -2.797425604498e-04 
-4.063246157950e-04 -6.333594774462e-05  3.027460325974e-03 
 9.959458035085e-01  2.432866397261e-02 -1.427013640883e-02 
-4.405598082816e-04 -8.210836529104e-05 -4.640127791625e-04 
 4.939934255686e-04  5.287291300721e-05  2.088693301897e-03 
-1.634154101158e-04  7.853210726941e-05  2.025385850403e-04 
 1.169354491948e-03 -1.812076023683e-04  2.738776638940e-03 
-1.790209901753e-04 -3.377097988393e-04 
 9.960416346442e-01  2.418517458803e-02 -1.145985607178e-02 
 1.905698322770e-04 -4.250106433303e-04  1.206513387516e-03 
-2.593454048933e-04  3.118045895286e-04 -4.541750547041e-04 
-2.938523388119e-04 -3.259068537758e-04  1.771743930971e-03 
 6.010367003948e-07  4.095201392800e-05  3.833333369926e-04 
 1.285349861526e-04 -1.733805961297e-05 -3.656198743672e-04 
-3.856345471698e-04  2.891609486338e-03 -5.009774866782e-05 
 2.571569034034e-04 -3.667034309193e-05  2.699655213147e-04 
-2.655689084423e-04  2.199415428439e-03 
-9.665174051426e-02  2.006683302203e-01  3.743727505391e-02 
-2.121959324602e-03 -9.093933934061e-03  1.092661634712e-01 
-2.096346617605e-02 -2.125935712460e-03 -2.951003218959e-02 
-1.976131008105e-01  4.255941467881e-01  4.050809718869e-01 
-4.921280979858e-02 -6.720450304884e-03 -2.750680945013e-02 
 2.171156978258e-02 -1.459106873938e-03 -2.175191661825e-02 
 4.734387733644e-02  1.539044119450e-02  8.193501123721e-02 
-5.219622684719e-03  1.682845688982e-01 -2.242687787762e-03 
 3.651059742375e-02 -3.655092092381e-04 
 1.596833223347e-01 -3.394285502574e-01 -2.816198389330e-01 
-5.267831137351e-02  2.450976351100e-02  1.486359381818e-04 
-7.957215767530e-03  1.345261255769e-02  1.204043921683e-02 
-5.680696635510e-02  1.251373913058e-01  1.676527615726e-01 
-2.002988947963e-01 -1.098379547613e-02  2.841277544235e-01 
-7.269795477057e-02 -6.310704637354e-03  9.206706431427e-02 
-1.568827840461e-01 -2.759765528974e-02  2.173314945425e-02 
-2.858043727553e-03  2.233028396689e-01  1.954802998116e-02 
-1.021192866271e-01 -2.708727159278e-02 
 6.221824101876e-02 -1.260725871784e-01 -1.901078304175e-01 
 1.500877421979e-01  1.549951306581e-02  1.096693808313e-01 
 4.053263454194e-02  8.231427509906e-03  8.692820798363e-03 
-4.029624604007e-02  8.061995762876e-02  1.961241591432e-01 
 4.361298858846e-01  1.926484994802e-02  4.892303197164e-03 
 2.730830088244e-01  8.804367471741e-03  4.862773254375e-03 
-3.988396981774e-02 -8.851292324580e-03  2.066067846307e-01 
 4.426050331288e-02 -1.668493120949e-01 -7.803863839910e-03 
-1.360905897982e-01 -5.372610803671e-02 
-7.911465539404e-03 -3.557765869457e-04  1.383482046381e-01 
-3.679747375453e-01  6.466822751209e-03 -1.893873054900e-01 
-2.717217583209e-01  2.017099632588e-04 -1.232786288684e-02 
 1.147080041223e-02 -3.519017208539e-02 -4.830348753852e-02 
 2.015664227123e-01  1.287604886957e-02  2.222886232046e-01 
 1.847485357874e-01  7.284051068204e-03  1.558963500120e-01 
-1.326953903329e-01 -9.592436848247e-03  1.695483418912e-01 
 8.087856293410e-02 -6.427753158070e-02 -1.262965973679e-02 
 2.682473472115e-01  1.324041789547e-01 
-9.052874293953e-03  2.234137263323e-02  1.923274667028e-02 
 1.905610202136e-02  3.056325374133e-01 -1.796380140125e-02 
 1.526777620286e-02  1.453769404727e-01 -1.084541903861e-02 
-2.455768460353e-04  1.408518945059e-03  7.262524566719e-04 
-2.956513591208e-02  5.435652004148e-01  1.792659917051e-02 
-2.232217037206e-02  3.770299050353e-01  8.741107341275e-03 
 1.207835714701e-02  7.240124333260e-03 -4.294891302493e-03 
-2.483708061176e-03  5.397301272744e-03  5.064965119193e-03 
-5.700255084532e-03 -2.564258146504e-03 
 2.634879870402e-02 -4.467499425813e-02 -1.854888653697e-01 
-2.647786261646e-01  3.142819125923e-02  3.523354437675e-01 
-1.092500478041e-01  1.464576492116e-02  4.267352510705e-02 
-2.086190783036e-02  5.089698615326e-02  8.402538877916e-02 
 5.989586135368e-03  1.922479645581e-02 -3.733386824808e-01 
-7.424075421294e-03  5.103006821364e-03 -2.014914061567e-01 
-2.668368557110e-01 -1.075700738920e-01 -6.986566643671e-02 
-1.466019153965e-02 -1.117114542002e-01 -3.142579616779e-02 
 1.806444409064e-02 -4.540586862322e-04 
 1.612242773977e-02 -3.971927405664e-02 -7.038961366713e-02 
-1.590210915560e-02 -5.872108600563e-01  2.404830596502e-02 
-1.855651087247e-02 -5.280343786129e-01  1.967026162088e-02 
-3.768389293985e-03  1.103038199806e-02  1.300703313213e-02 
-1.212860665620e-02  3.954429073320e-01 -4.302599149724e-03 
-1.494372202384e-02  4.105900773872e-01  2.277087025814e-03 
 2.498988116405e-02  2.494822412504e-02  5.606485611686e-03 
 6.472015842119e-03 -1.142745388875e-02 -1.099567122304e-02 
 1.002356646391e-02  1.214192665533e-02 
 1.352165690323e-02 -3.095331979575e-02 -3.124054743429e-01 
-3.082494106274e-02  9.616602384262e-03  8.755278936494e-02 
-6.539190877664e-02  4.310440611473e-02  3.461177447497e-01 
 8.988640681251e-02 -1.456050902727e-01 -1.282224376972e+00 
-2.030719401314e-01 -5.269662735820e-03 -1.412054642266e-01 
-4.221406998150e-01 -1.980647181653e-02 -3.390858080206e-01 
 2.895775624589e-02  4.829612492159e-01  1.552156083310e-01 
 1.360893343081e+00  2.393164500732e-02  4.120604196572e-01 
-1.972888133788e-02  7.769009701005e-02 
 8.233511251803e-02 -1.370805470798e-01 -1.189828890645e+00 
 2.037073649296e-01  2.237830865791e-02  1.243951091630e-01 
 5.234745733774e-01  5.964542044340e-02  4.412205884318e-01 
 1.141477454961e-02 -7.610942183401e-03 -4.698351225404e-01 
 1.556814284016e-01  3.756099951824e-03 -1.142030578364e-03 
 4.467894961599e-01  1.144593539007e-02 -1.646778434720e-01 
 2.370081087329e-02  3.159554152317e-01 -7.662989627928e-02 
-5.075470818897e-01  4.402899440178e-02  1.008010275831e+00 
 1.099044638826e-01  1.480496307025e+00 
 9.804319565519e-02 -1.374730527799e-01 -1.731299827205e+00 
-1.063735393104e-01  3.266757835437e-02  4.271160943311e-02 
-3.496958813580e-01  1.319073950559e-01  9.149552510007e-02 
-6.860765864209e-02  9.921397805549e-02  1.379216369311e+00 
-1.260111936576e-01 -1.719626414629e-02  3.857160564957e-03 
-4.611940474827e-01 -6.884414780411e-02 -4.413223572263e-02 
 5.863187652349e-02  1.550490676889e+00  2.287907692446e-02 
 1.333922153811e-01 -3.573920203474e-02 -1.536972262066e+00 
 4.546467375337e-02  4.575059720387e-01 
-1.613029090009e-02  3.638884279261e-02  5.661926522723e-01 
 2.953013398465e-01 -2.129847400806e-02 -1.900722315421e-02 
 1.701912859537e+00 -8.229670723584e-02 -2.064792191596e-01 
-1.141263393651e-02  7.461840261064e-03  5.881368989394e-01 
-1.999238361727e-01 -7.557484182926e-03  3.107278270769e-02 
-9.973822437391e-01 -9.940245800374e-03  9.772338363857e-02 
 9.254356349328e-03 -2.069436157470e+00  2.024001673127e-02 
 6.953376400932e-01  4.989924959736e-02 -1.421040419613e+00 
 3.961189691992e-02  1.377659252707e+00 
-6.654648108579e-02 -4.509249026803e-03  2.255766579360e+00 
-5.858820555815e-02  7.942413561375e-03  1.211856570609e-01 
-3.078574266255e-01  1.274758537658e-02  2.462586709665e+00 
 5.456259523271e-02 -4.982182188971e-02 -1.802940775707e+00 
-1.757253599286e-02 -5.059276446175e-03  3.090439705399e-01 
-1.882567847259e-01 -5.266375021308e-02  1.803344528276e+00 
 3.194834714350e-02  5.719937403116e-01 -5.882285594785e-02 
-4.228492875819e-01 -1.932876942998e-02 -1.005517761987e+00 
 1.017414869660e-01 -1.472057745110e-01 
-9.864741725901e-03 -1.350262211760e-02  1.968340752966e-01 
 5.934966483154e-03  9.925309713608e-01  3.639616279173e-02 
 9.362100668689e-02 -1.158075263277e+00 -7.695355640166e-02 
 3.319387000696e-03 -8.039911018143e-03 -2.965893765743e-02 
-3.691267404659e-02  2.241364709462e-01  8.367926136237e-03 
 3.818196203589e-02  1.646158640925e-02  3.577804112379e-02 
-9.411302546171e-02 -1.268097547150e-01 -2.906616297141e-02 
 1.537803071889e-02  2.984012439223e-02 -1.584851466486e-02 
-2.912138399303e-02  1.234052347582e-02 
 2.615963290926e-02 -3.225248395135e-01 -9.929345822903e-01 
 9.385517619987e-02  7.159572007222e-02 -9.754814331186e-01 
-4.549737585457e-01 -2.603330120697e-02  4.905776726541e-01 
-4.930960733931e-02  5.313079245258e-02  2.015286611595e-01 
 7.791331770134e-02  8.305787112154e-03  9.165315151993e-02 
 6.316456045430e-02  8.784619311817e-03 -1.348943305243e+00 
 2.726659349041e-01  2.555643097384e-01  2.480485484144e-01 
 2.766171491064e-02  2.993799904905e-03  3.794144820139e-01 
 1.272763964794e-02 -1.619789844365e-01 
-2.607804673509e-02 -6.143679701264e-01  7.482088619700e-01 
-5.281420396105e-01 -9.153725678354e-02 -2.299856821266e-01 
 1.532816897755e+00 -8.649787133368e-03 -3.507212635751e-01 
-6.250253102958e-03 -3.326464985290e-02 -1.491547315799e-01 
-9.236346576961e-02  3.494603106989e-02  1.850132322298e-01 
 2.775655880514e-01  1.715762592864e-02 -7.383421004021e-01 
-6.194068606292e-01 -8.040475371814e-01 -3.577477157273e-01 
 1.918012625252e-01  3.204344647590e-01  4.119330654790e-01 
 3.832064883561e-02  3.808711435477e-01 
 4.317151820076e-02  1.029161817456e+00 -2.113264876296e+00 
-3.811732393913e-01  4.625418758172e-02 -8.313471944539e-02 
 7.848037114940e-01 -3.556563088377e-03 -1.372576913865e-01 
-6.678336761872e-03  3.053780330063e-01 -1.643522284628e-01 
-5.256137481788e-02 -2.432602976308e-02 -1.655951952483e-01 
 3.671103047256e-01  5.800521229417e-02 -4.590201399968e-01 
 3.102218941847e-01 -8.264763708184e-02 -3.038061884498e-02 
 3.967126931943e-02  3.497420635391e-01  5.658469774886e-01 
 7.828212599828e-01  2.254802347605e-01 
-3.204590762648e-03 -6.927531199620e-02  1.560504143095e-01 
-4.433444299759e-03  2.144098749322e-01 -8.632341327547e-03 
 4.761152077383e-02 -6.731605950226e-01 -2.909012477738e-02 
 3.342643170397e-04 -4.428057537008e-03 -4.734250686853e-02 
 3.365668269644e-02 -9.450647382254e-01 -7.573003355651e-03 
-1.303358167687e-02  1.292177858995e+00 -1.572489766863e-03 
-4.954713552187e-02 -6.999781898991e-02 -4.343726344812e-02 
 3.266233063878e-02  2.180077442829e-02  2.777012711506e-02 
-2.630008244360e-02 -8.765545764332e-03 
 5.257478438782e-02 -2.320274914650e-01  7.326772488447e-01 
-2.484861098799e-02  2.917445332262e-02 -2.964365296749e-01 
 3.029291826866e-01 -1.535058938683e-02  3.416114717317e-01 
-6.670695011577e-02  2.371441427748e-01  8.394219542706e-02 
 3.221959251913e-01  2.784117606517e-02 -3.285157864156e-01 
-9.131694639546e-01 -7.854059210902e-02  8.758172734206e-01 
 1.451104441379e-01 -3.349227426871e-01 -9.735085960474e-01 
 9.612747892889e-01 -5.037319794796e-01 -7.429184573129e-01 
 1.290869957435e-01  2.137119699675e-02 
-3.135885549972e-04  4.012463330378e-01 -1.622332665592e-01 
-8.068173255320e-01  1.399425645449e-02 -2.884100579790e-01 
 1.844732527101e+00 -3.225335541098e-02  5.652979902495e-01 
-2.818340516944e-04 -1.385886451751e-01  4.944773586822e-01 
-1.103439531165e-01 -8.693173511808e-03 -3.888800617965e-01 
-5.710722929687e-01 -1.560207793567e-02  9.861580564720e-01 
 1.757563547923e-01 -8.597659463630e-01  3.354666633635e-01 
-6.155183459096e-01 -3.592244499750e-01 -5.253165700235e-01 
-7.218737715361e-01  1.874077311371e+00 
-4.756892640314e-02  9.562062203544e-01 -2.213729137764e+00 
-2.085748506732e-01 -8.340129768990e-03  1.857589109323e-01 
 5.398358960633e-01  2.807484925757e-02 -5.420564796032e-01 
-3.334871313342e-04  2.187642031784e-01  1.307369646088e-01 
 5.881645566817e-01  1.364740965785e-02  6.700010090478e-01 
-9.439017897093e-01 -1.452242321914e-02 -1.212273782075e+00 
 3.820028400355e-03  7.043228600841e-02 -2.420420463270e-01 
 1.098001916711e+00  1.048586569127e-01 -7.705958067527e-02 
-4.477370396648e-01  8.767744520118e-01 
-2.357640229685e-02  1.160391519225e+00 -2.143675743811e+00 
 5.714222157853e-01 -8.676449365549e-02 -5.021114999719e-01 
-1.639456076021e+00  1.581743377074e-01  7.989453257225e-01 
-5.837001706576e-03  1.012134150203e-01 -2.020033481447e-01 
-3.523295530094e-01 -2.361019482036e-03 -1.786655574247e-01 
 1.128282306819e+00  8.088776735274e-04  3.087205264829e-01 
-8.025191517728e-01  2.343653410608e+00 -2.918689360386e-01 
-2.995838688019e-01  2.212787114734e-02  3.335109729034e-01 
-2.721886210866e-01  8.459777746336e-02 
 4.779718857072e-03  8.816699317114e-02 -1.003173324180e+00 
-1.324238662974e-01  1.575568867732e-02  2.078130148610e-01 
-6.580170404278e-01  1.876353905230e-02 -6.509836239066e-01 
-3.520353522773e-02  3.278436627017e-01 -1.880459650848e-01 
-8.248776856179e-01 -4.686861976119e-02  5.803658568471e-01 
 1.591967010922e+00  6.288309587410e-02 -1.019468480423e+00 
 4.848951475358e-01 -4.896908681458e-02 -3.517538594449e-01 
-1.501653207335e-01 -7.652019154499e-01  1.855799874119e+00 
-1.160028557687e-01 -2.339280821112e-01 
-8.761649487072e-03 -5.328259964764e-01  3.279371463549e+00 
 2.673389319556e-02 -7.358786353910e-03  5.528046182020e-02 
-7.894095715314e-01 -2.543677776190e-02  1.594350205155e+00 
 1.308635535783e-02  1.907841189205e+00 -5.190089858271e+00 
-3.276264558179e-03  6.517398910724e-03 -2.376910145161e-01 
 5.959056122112e-01  1.148582758455e-02  1.314556265874e+00 
 2.911004802452e-02  1.748406139427e-01  1.951463992249e-01 
 7.332379311665e-02  3.841761244887e-01  7.725668075662e-01 
-3.823232086745e-01 -3.278896651973e-01 
 7.388406573636e-03 -1.210630295319e-01 -4.495242121383e-01 
-1.662223161555e-02  1.049059324001e-03  1.427163193881e-02 
-2.471633111908e+00  8.987324081288e-02  2.248453648338e-01 
 2.966541321680e-02 -5.428860151716e-01  2.296004177089e-02 
-8.138837350336e-02  2.015397947305e-02 -2.037159039400e-01 
 2.296032989044e+00  2.366570844997e-02 -1.097168125101e-01 
 7.606706266842e-01  1.011767800337e+00 -6.906484195963e-01 
-3.169601971542e-01  1.155253430645e+00  3.441667857404e-01 
-5.937351783760e-01 -6.154396485720e-01 
orbocc
(*)
 0.000000000000e+00  0.000000000000e+00  0.000000000000e+00 
 0.000000000000e+00  0.000000000000e+00  0.000000000000e+00 
 0.000000000000e+00  0.000000000000e+00  0.000000000000e+00 
 0.000000000000e+00  0.000000000000e+00  0.000000000000e+00 
 0.000000000000e+00  0.000000000000e+00  0.000000000000e+00 
 0.000000000000e+00  0.000000000000e+00  0.000000000000e+00 
 0.000000000000e+00  0.000000000000e+00  0.000000000000e+00 
 0.000000000000e+00  0.000000000000e+00  0.000000000000e+00 
 0.000000000000e+00  0.000000000000e+00 