2mocoef
header
1
MO-coefficients from MOLCAS
1
26   26
a
mocoef
(*)
 7.317387486129e-05 -6.397679340195e-04  5.775045638204e-03 
 9.604465447783e-05 -1.067066134484e-05 -3.080856240459e-04 
-3.985001328703e-04 -8.164920385863e-05  3.033695455451e-03 
 9.959365370512e-01  2.434175593093e-02 -1.423174337292e-02 
-3.875103751923e-04 -7.751809362850e-05 -4.933264588363e-04 
 4.882622963547e-04  5.724397155774e-05  2.154615981583e-03 
-1.583753922624e-04  7.596520838736e-05  2.134996450706e-04 
 1.174325261266e-03 -1.741905060093e-04  2.701192353517e-03 
-1.735003014769e-04 -3.285985649204e-04 
 9.961085875777e-01  2.387477326823e-02 -1.153021961856e-02 
 1.780281916805e-04 -1.962923387510e-04  1.096623068343e-03 
-1.854107089326e-04  3.257276975673e-04 -6.187999413309e-04 
-3.050313599907e-04 -3.250354788705e-04  1.941244818224e-03 
 6.663894810065e-05  4.706867285738e-05  4.717415208046e-04 
 1.805675061057e-04 -1.015369162557e-05 -3.891119290870e-04 
-2.187423806340e-04  2.834631516090e-03 -9.841858741763e-07 
 2.899364674622e-04 -3.321267642608e-05  3.063437952379e-04 
-1.902161316921e-04  2.217989187272e-03 
-1.005932970705e-01  2.125278930787e-01  4.105554011114e-02 
 3.681305329415e-03 -7.267275969148e-03  1.099627136275e-01 
-1.921817723496e-02 -1.267202591833e-03 -3.184659505375e-02 
-1.958677340047e-01  4.178963411184e-01  4.052101427846e-01 
-3.699745537754e-02 -3.819662219755e-03 -2.897319992688e-02 
 2.810023102192e-02  6.609996138612e-04 -2.226933096054e-02 
 5.309367097504e-02  1.641225943290e-02  8.562340362931e-02 
-2.707993775465e-03  1.604838108902e-01 -7.736949396042e-04 
 3.703495360485e-02 -8.977239189031e-04 
 1.597183772282e-01 -3.470141689290e-01 -2.894409678686e-01 
-4.715856315379e-02  1.481928896662e-02  2.065719786947e-02 
-3.110294482392e-03  7.088134922286e-03  1.503452164781e-02 
-6.360511310194e-02  1.387335978547e-01  1.845074985835e-01 
-1.983506500350e-01 -2.134345843645e-02  2.648688330401e-01 
-7.367580583454e-02 -1.315101208981e-02  7.976884879305e-02 
-1.580767734031e-01 -2.688964636706e-02  2.096659593607e-02 
-4.303323120351e-03  2.225036900508e-01  2.047459525211e-02 
-1.105762755727e-01 -3.031753624801e-02 
 6.415786999253e-02 -1.301297470933e-01 -2.195636377828e-01 
 1.098500867789e-01  2.044965537068e-02  1.992189607491e-01 
 2.978743827904e-02  8.737932383538e-03  2.207703951349e-02 
-3.949345221050e-02  7.905245155888e-02  1.946111730312e-01 
 4.186832574093e-01  2.817675567730e-02 -9.160683000751e-02 
 2.579617023280e-01  1.474959394939e-02 -4.682446617673e-02 
-8.901802949801e-02 -3.294438689610e-02  1.763489752310e-01 
 3.901793991927e-02 -1.902872938414e-01 -1.468857136768e-02 
-1.376788812187e-01 -5.318936166525e-02 
-5.651509158867e-03  1.058605901367e-03  1.111449072477e-01 
 2.875045429529e-01 -3.290724714696e-02 -3.378766575230e-01 
 1.062323313002e-01 -1.297733544921e-02 -4.775606987792e-02 
 1.151740142406e-02 -3.157386448571e-02 -2.531295253535e-02 
 9.267125926819e-02 -3.147594114547e-02  3.659712048757e-01 
 7.117504910466e-02 -1.667746898688e-02  1.898166392842e-01 
 2.427503059690e-01  1.011233179985e-01  1.191747718163e-01 
 3.085544339483e-02  7.209161879966e-02  3.126990392094e-02 
-4.180936569998e-02 -4.366901501767e-03 
-2.965278572836e-03  9.471796124070e-03 -5.706070956537e-03 
 6.217777010034e-02  1.966820378545e-01 -6.614462481651e-03 
 4.001147956183e-02  6.135210260551e-02 -5.454670816924e-03 
-1.222911831022e-03  4.407402846996e-03  4.163189031264e-03 
-5.693870421204e-02  5.833361874601e-01  1.314182422126e-02 
-4.540541856645e-02  4.472480536156e-01  2.337385496937e-03 
 3.543986500215e-02  1.777955585212e-02 -1.940258162088e-02 
-1.002705696293e-02  1.862659200952e-02  6.907236785048e-03 
-3.398556765203e-02 -1.519757049407e-02 
 4.338885824623e-04 -1.751063769606e-02  1.045452359097e-01 
-3.760742671324e-01  3.183954980275e-02 -1.805477595517e-01 
-2.626740546353e-01  1.099063404155e-02 -1.603051459807e-02 
 7.100622810889e-03 -2.501319375516e-02 -2.752407481534e-02 
 2.054766041657e-01  7.309305479787e-02  2.140051894508e-01 
 1.950649184701e-01  5.298876754673e-02  1.441388811446e-01 
-1.442378005951e-01 -1.377665592714e-02  1.739747976099e-01 
 8.332518385038e-02 -6.464759327244e-02 -8.867332055028e-03 
 2.585840233663e-01  1.290274812704e-01 
 1.467751513172e-02 -3.414097942944e-02 -6.430483646053e-02 
-2.058613471301e-02 -6.136288358537e-01  2.295634611311e-02 
-2.593739012399e-02 -5.741527329777e-01  2.285744018717e-02 
-3.138612150845e-03  8.953530605784e-03  8.465271954728e-03 
-4.376562722825e-03  2.782201496431e-01 -8.196935220869e-03 
-1.121995430013e-02  3.799015892116e-01  2.649892158617e-03 
 2.109434072933e-02  2.495112940782e-02  6.174890290006e-03 
 6.636061153002e-03 -1.308513489940e-02 -1.172032161656e-02 
 1.108187111397e-02  8.106632607390e-03 
 1.860947354302e-02 -4.179400049011e-02 -3.818157883693e-01 
-2.839540362306e-02  1.086661951081e-02  1.009758444202e-01 
-6.693811615012e-02  4.989651351550e-02  4.059415055190e-01 
 9.020388329445e-02 -1.427412177683e-01 -1.309035257599e+00 
-1.950980704030e-01 -5.661890608824e-03 -1.330980656799e-01 
-4.102496773016e-01 -2.142969025642e-02 -3.241983824785e-01 
 3.384367693649e-02  5.642449251083e-01  1.468581458216e-01 
 1.328798021833e+00  2.310109548015e-02  4.223434768289e-01 
-1.235850167049e-02  1.468902584674e-01 
 8.607695672521e-02 -1.476559192091e-01 -1.230406385482e+00 
 2.156453933528e-01  2.108239179174e-02  1.289327647554e-01 
 5.499685120908e-01  6.037146587543e-02  4.267496218720e-01 
 2.354662850084e-03  5.490386732877e-03 -2.957632963130e-01 
 1.450277121555e-01  3.110007378715e-03  8.238356389644e-03 
 3.976560194862e-01  8.429230968660e-03 -1.285058032838e-01 
 2.649895465516e-02  3.159309029376e-01 -8.097167572288e-02 
-5.424752812606e-01  3.979385740572e-02  8.134336602365e-01 
 1.203589078541e-01  1.542787229324e+00 
 9.323055185448e-02 -1.336731733394e-01 -1.688597274253e+00 
-1.460626316378e-01  3.061213495873e-02  3.910514433473e-02 
-4.991552930726e-01  1.314831885852e-01  3.964207900709e-02 
-7.084983803991e-02  9.981445291614e-02  1.409224622196e+00 
-1.127146710054e-01 -1.588450785415e-02 -2.530250222881e-03 
-4.026094998359e-01 -6.673414816339e-02 -4.434632100717e-02 
 5.728627976852e-02  1.656885761380e+00  2.092688663057e-02 
 8.296858409430e-02 -4.207238443487e-02 -1.485426400166e+00 
 3.422042542882e-02  2.489823189148e-01 
-1.067305377452e-02  3.371838515847e-02  4.378218704671e-01 
 2.839658157649e-01 -2.097222962769e-02 -2.193032168884e-02 
 1.627543105244e+00 -7.369431965022e-02 -2.546989415910e-01 
-1.735931955766e-02  1.436327275505e-02  7.353247069302e-01 
-2.182457615932e-01 -8.270899320332e-03  2.215114771714e-02 
-1.057269635498e+00 -1.521784619548e-02  7.144613842478e-02 
 1.028706553926e-02 -1.944972033925e+00  2.790350821721e-02 
 7.513841991768e-01  4.359276184200e-02 -1.566724427989e+00 
 3.870038204590e-02  1.332254410509e+00 
-6.628679081128e-02 -2.440599741832e-03  2.255862772892e+00 
-5.678210572720e-02  8.363265088761e-03  1.135661568058e-01 
-2.829667139057e-01  1.223588062050e-02  2.452357210928e+00 
 5.278260463999e-02 -4.348111265414e-02 -1.765431488949e+00 
-1.944684347750e-02 -6.350801690548e-03  3.166751917835e-01 
-2.031278744967e-01 -5.373509188901e-02  1.807753750159e+00 
 3.741489156290e-02  5.438807150332e-01 -5.354169896093e-02 
-4.296308716924e-01 -1.394929794323e-02 -1.053692183559e+00 
 1.060240562377e-01 -1.291502328267e-01 
-9.663393781058e-03  1.729776506442e-02  1.640542864102e-01 
 1.577607419192e-02  1.005971344613e+00  5.279535014285e-02 
 6.622598006096e-02 -1.162945959950e+00 -7.864650068917e-02 
 4.173415547183e-03 -6.574108391857e-03 -2.555890622681e-02 
-3.423729011286e-02  2.079632291633e-01  5.226925285254e-03 
 2.910951224793e-02  4.034633071766e-02  5.980120743921e-02 
-7.779847368517e-02 -1.101708701115e-01 -2.136239391352e-02 
 1.341494368997e-02  2.461908498660e-02 -2.657223910242e-02 
-2.576957315040e-02  7.970741979164e-03 
 2.935694819814e-02 -3.254729968152e-01 -9.823448463237e-01 
 8.901418491075e-02  8.396333007529e-02 -9.971511641595e-01 
-4.386079409845e-01 -3.713767461646e-02  5.286327013707e-01 
-5.260641943966e-02  5.789542977499e-02  2.150859664427e-01 
 7.683834378380e-02  9.184058469795e-03  5.197517310704e-02 
 5.152652703963e-02  9.040585720990e-03 -1.286191518633e+00 
 2.624265297594e-01  2.692952155921e-01  2.118735945113e-01 
 3.685952262409e-02 -1.438950227167e-02  3.454453860394e-01 
 1.343927831308e-02 -1.370134515000e-01 
-2.576087246263e-02 -6.355756351680e-01  8.384696108776e-01 
-5.417249438584e-01 -6.360091911394e-02 -2.288953745300e-01 
 1.615321131967e+00 -4.771382382660e-02 -3.342225107360e-01 
-6.502678591782e-03 -3.729005660613e-02 -1.413461518260e-01 
-9.499557930393e-02  3.812085773849e-02  1.653937912084e-01 
 2.330111916776e-01  2.141462350585e-02 -6.729400615494e-01 
-6.156199062173e-01 -8.737869605449e-01 -3.539444316458e-01 
 1.798391216438e-01  3.003254927874e-01  3.711070318927e-01 
 2.350584106883e-02  4.331450007946e-01 
 4.339128453975e-02  1.066737068470e+00 -2.210903802027e+00 
-4.078132197199e-01  3.634003227528e-02 -8.923826829659e-02 
 8.810144578555e-01  1.112542278051e-02 -1.562025704721e-01 
-8.055763373116e-03  2.954240669710e-01 -9.492787386936e-02 
-4.576540068087e-02 -1.810082268473e-02 -1.617615130399e-01 
 3.178567068906e-01  4.612022416330e-02 -4.725689666139e-01 
 3.049677676690e-01 -1.136398980820e-01 -4.204474700821e-02 
 5.862362484544e-02  3.284896810009e-01  5.483168363967e-01 
 7.554698073180e-01  3.180560105860e-01 
-2.829335432340e-03 -5.979423417482e-02  1.448748433532e-01 
-5.418444739096e-03  2.117289975333e-01 -8.466250151152e-03 
 4.830719092843e-02 -6.370672590976e-01 -2.759085937743e-02 
 2.724314424772e-04 -2.040004082237e-03 -4.816645843574e-02 
 3.381400154196e-02 -9.631546555132e-01 -1.204680965999e-02 
-1.129262277530e-02  1.277429879317e+00  5.220553591776e-03 
-4.334215124954e-02 -6.923297431862e-02 -4.583699691219e-02 
 3.242506444221e-02  2.146122082239e-02  2.854589121011e-02 
-1.898196326550e-02 -1.011245494062e-02 
 5.224437640206e-02 -2.519183081374e-01  8.714752846406e-01 
-1.728131277467e-02  2.799344073585e-02 -2.575091228743e-01 
 2.876298756814e-01 -1.560064922832e-02  3.596136208145e-01 
-6.444860955764e-02  2.300919746743e-01  5.485454471147e-02 
 3.092966369814e-01  3.135266645880e-02 -3.558557227183e-01 
-9.010438007830e-01 -8.319126691148e-02  9.901763468847e-01 
 1.394407946992e-01 -3.432277292921e-01 -9.673422125862e-01 
 9.199661196554e-01 -5.107455267042e-01 -7.708643516442e-01 
 1.300680183344e-01  8.128420820265e-04 
-1.666723185396e-02  6.778173412721e-01 -8.477543868467e-01 
-8.034326954212e-01  1.011473974271e-02 -1.912793871398e-01 
 1.866156478128e+00 -1.825609821725e-02  3.527855320209e-01 
-9.801182888839e-05 -6.426870408519e-02  5.144205797689e-01 
 1.002316551206e-01 -4.722173000950e-03 -1.328726153521e-01 
-8.693775312285e-01 -2.154679539237e-02  5.480347414936e-01 
 1.740252376869e-01 -7.766954594149e-01  2.293789602092e-01 
-2.037186386249e-01 -3.214785417337e-01 -5.422049314083e-01 
-8.608891952761e-01  2.055919280448e+00 
-4.358235999921e-02  7.662419194699e-01 -2.090216841411e+00 
 9.486390884749e-02 -1.669987337171e-02  2.239524754348e-01 
-1.628935128669e-01  4.437743524538e-02 -6.778972771566e-01 
-3.714926790888e-03  2.435938915193e-01  2.071202962622e-03 
 5.847172804897e-01  1.434907736322e-02  7.617500013218e-01 
-6.645497499296e-01 -8.358549406354e-03 -1.486547191317e+00 
-8.731655161743e-02  4.250692354152e-01 -3.859764532378e-01 
 1.252440810356e+00  2.050916046322e-01  1.077456971920e-01 
-1.841304278883e-01  1.896401163418e-01 
-2.200440322165e-02  1.126565957011e+00 -2.030438090985e+00 
 5.633294881541e-01 -8.616329446108e-02 -5.014223457211e-01 
-1.593617865479e+00  1.571657839495e-01  8.313600958748e-01 
-4.487338931595e-03  7.632203401315e-02 -1.813320893665e-01 
-3.526470259483e-01 -2.089944400106e-03 -2.186862600381e-01 
 1.096650440615e+00 -1.970325349508e-03  4.027120936207e-01 
-8.261943744664e-01  2.328500308917e+00 -2.769622376408e-01 
-3.349700708225e-01  2.871172680045e-02  2.670243065093e-01 
-2.655551076784e-01  9.450699934537e-02 
-4.804338435790e-03 -1.060952896381e-01  1.076306850516e+00 
 1.136406679090e-01 -1.267476098767e-02 -1.870827298172e-01 
 7.420438803017e-01 -2.460750522934e-02  6.382387773761e-01 
 3.545790579888e-02 -2.966308013709e-01  1.291207171832e-01 
 8.383494272074e-01  4.589231315840e-02 -5.721386014295e-01 
-1.656121632030e+00 -6.227316507758e-02  1.021342187887e+00 
-4.766953851843e-01 -2.603748356980e-02  3.767218873662e-01 
 1.663900530185e-01  7.497082700318e-01 -1.852297894770e+00 
 1.260763481264e-01  2.499859857868e-01 
-8.777944019309e-03 -5.113133707682e-01  3.205751545598e+00 
 2.535853556086e-02 -6.835533509562e-03  5.850257041761e-02 
-8.345926119860e-01 -2.380423071749e-02  1.579784091813e+00 
 1.244447719490e-02  1.909340666345e+00 -5.185795935450e+00 
-1.170444332503e-02  6.528588463214e-03 -2.300343465543e-01 
 6.517252578110e-01  1.350251816517e-02  1.278778189144e+00 
 4.451095834798e-02  2.014537513748e-01  1.793792900748e-01 
 7.474725826428e-02  3.987266683433e-01  8.072897999580e-01 
-3.886203365210e-01 -3.349339270699e-01 
 7.418308023272e-03 -1.134770098883e-01 -4.796343505252e-01 
-1.345034096405e-02  2.127897565960e-04  9.420776765646e-03 
-2.443557781998e+00  8.971436081178e-02  2.123040927845e-01 
 3.035274335147e-02 -5.758194069213e-01  9.624039039989e-02 
-6.991838070162e-02  2.126944131726e-02 -2.123524412410e-01 
 2.265949235634e+00  2.220348069033e-02 -1.116913203938e-01 
 7.472340518012e-01  1.009535156831e+00 -6.894262392048e-01 
-3.157588354818e-01  1.167459279167e+00  3.051941506203e-01 
-5.802786408434e-01 -6.081758110622e-01 
orbocc
(*)
 0.000000000000e+00  0.000000000000e+00  0.000000000000e+00 
 0.000000000000e+00  0.000000000000e+00  0.000000000000e+00 
 0.000000000000e+00  0.000000000000e+00  0.000000000000e+00 
 0.000000000000e+00  0.000000000000e+00  0.000000000000e+00 
 0.000000000000e+00  0.000000000000e+00  0.000000000000e+00 
 0.000000000000e+00  0.000000000000e+00  0.000000000000e+00 
 0.000000000000e+00  0.000000000000e+00  0.000000000000e+00 
 0.000000000000e+00  0.000000000000e+00  0.000000000000e+00 
 0.000000000000e+00  0.000000000000e+00 