2mocoef
header
1
MO-coefficients from MOLCAS
1
48   48
a
mocoef
(*)
 3.658691277160e-05 -1.270351840820e-04  2.768889309574e-03 
-1.915062702986e-06  2.181377317973e-05 -2.183233876153e-04 
 1.822518605025e-04  9.134740379723e-06  1.479379327657e-03 
 3.822532149847e-05  1.632934327399e-05 -4.448294122436e-04 
-5.169274500858e-05  1.667318765905e-04  1.001054026289e+00 
 5.665572603704e-03 -6.483136279514e-03  2.260194168914e-05 
 3.001831688731e-04 -5.959292044285e-04 -1.550770542334e-04 
-2.387920333674e-04  1.965791064870e-03 -4.859875868995e-05 
 4.548736518334e-05  8.490469322390e-05 -1.413781344487e-04 
 2.285450223771e-04 -5.918975031968e-04  2.165852021051e-04 
 3.033227388433e-05 -4.150552486671e-06 -4.807957702097e-05 
 1.322257939019e-05  2.750439121592e-04  4.716169779014e-04 
 7.789969539962e-06  9.513089746931e-05 -4.911411799789e-04 
 5.355486125236e-04 -5.372177256654e-04  1.005316482745e-04 
 1.940409787631e-04 -3.225882843812e-04  2.724222340550e-04 
 2.282531223063e-05  7.414320504872e-06 -1.753061334938e-04 
 1.001159595696e+00  7.149701358627e-03 -4.554990659127e-03 
 2.064799259779e-04 -1.431655700800e-05  1.392472844654e-03 
-2.165352416012e-04 -8.168813499085e-06  4.086213864177e-04 
 9.118171087066e-05 -2.202288943543e-07  3.547419417699e-04 
 2.100749622046e-04  8.129153302711e-04 -1.896946202989e-05 
 7.159269339210e-04 -2.540395523660e-03  6.905413988837e-05 
-1.084473315280e-05  2.561602481211e-04 -1.770747513700e-04 
-1.282017604811e-05  1.741283084738e-03  1.580530465526e-05 
 8.682633462776e-06 -3.921743483500e-04  9.801786627977e-05 
-2.903573544755e-04 -8.234905102767e-04  1.829229589590e-03 
 2.676190103336e-04  2.138574144760e-05 -3.108075195255e-04 
 5.311893917440e-04 -3.184643099430e-04 -3.668043288817e-05 
-7.911600566344e-07 -3.448346894072e-04  2.512418524094e-04 
-2.252753891824e-04  4.098457173034e-05 -1.261194176634e-05 
-3.457913678829e-04 -7.283143174701e-04  1.484071395602e-03 
-3.985911337714e-04 -2.654566950218e-05 -3.757594720601e-04 
-1.175049056156e-02  4.164887929906e-01 -1.585024651952e-01 
 1.469029647949e-02  1.559428085469e-03  1.518473506743e-01 
-1.361084498791e-02  6.065582577211e-04 -7.727277711232e-02 
-3.929194554184e-04  4.024290678324e-04  2.640806579426e-02 
 2.324482986540e-05 -7.610004468318e-04 -1.225551721244e-02 
 7.795984924172e-01 -1.336623353069e-01  1.347728150788e-02 
 1.442336892795e-02 -4.368491856450e-02  2.922316728448e-03 
-5.899272675885e-03 -1.299733791474e-02 -3.348013510156e-04 
-2.186158062551e-04  1.110066151848e-02 -1.360751001116e-03 
 3.502031174656e-03  1.426157362763e-01 -6.987673058006e-02 
-1.191765354024e-02 -8.627505434859e-04  6.903696709818e-03 
 2.544830431962e-01 -1.212671991363e-01 -2.790217429823e-02 
 8.019490098405e-04 -1.270844606944e-02  2.571720666379e-01 
-1.235240590744e-01  2.493793593105e-02 -3.569698583307e-03 
-1.573575646630e-02  1.005323466130e-01 -5.341126219840e-02 
 8.984040601161e-03  5.581775115016e-04  7.917175259813e-03 
 6.196072905797e-03 -7.104841352066e-01  1.571013402023e-01 
-4.995327178058e-02  1.151469609317e-03  1.041796124906e-01 
 2.630907513521e-02  6.208423329828e-04 -6.775257198856e-03 
-8.810086636982e-04  9.383271991027e-04  5.493735843163e-03 
-3.638680678458e-03 -8.824642771830e-03 -1.031002033463e-03 
 3.362904829243e-01 -3.963855268940e-02 -7.240227764576e-02 
 2.066385461964e-02  3.149777704501e-01  1.420689221864e-02 
-5.980338961696e-03 -6.355571314360e-02 -9.506153611161e-04 
 1.388340789273e-03 -1.408188379657e-02 -4.334441179840e-04 
 2.841052189967e-03 -3.788620360146e-01  1.789705025397e-01 
 2.662485193662e-02  1.833302434325e-03 -8.438348159834e-03 
 1.839586959897e-01 -8.776810730210e-02 -1.934408420377e-02 
 7.764695542733e-04 -2.572436197892e-03  3.182983790856e-01 
-1.461710251683e-01  2.480046378948e-02 -3.717228383083e-03 
-1.476986544731e-02 -3.019631919809e-01  1.430806413303e-01 
-2.150722261668e-02 -1.307859143923e-03 -1.091647430782e-02 
 4.612183500219e-05 -1.180554276317e-01  1.320944584901e-02 
 2.327223811496e-01 -1.354378040517e-02  8.425687156455e-02 
-3.907241740494e-02  3.021404309557e-03 -1.662073514127e-02 
 5.881105724034e-05 -3.084625979967e-03  3.648331617292e-03 
 2.920487769266e-02 -8.920491863733e-06  1.038561743456e-03 
 2.862481841788e-02 -5.012228632872e-04  6.582503378552e-01 
-6.898224721125e-02 -4.529895481462e-02 -1.096663870125e-01 
 7.454157365418e-03  1.537030404021e-02  3.207388103071e-03 
-2.609036195305e-04 -2.364532091659e-03  4.259598343450e-03 
 1.680339240132e-03  6.143515111561e-02 -4.522173729420e-02 
-4.517642504092e-03 -9.117926537255e-04  1.642993317923e-03 
 4.891091884388e-01 -2.031750074302e-01 -2.521343598015e-02 
-1.282510688522e-03 -2.555292669769e-02 -4.720266683561e-01 
 1.954998570550e-01 -1.941702131661e-02  4.171909652909e-03 
 2.594180810853e-02 -2.054306406398e-01  1.059094654042e-01 
-1.509328230280e-02 -1.529270903358e-03 -6.266237850837e-03 
-5.899452164749e-03 -3.314902476007e-03  4.917512553358e-02 
 4.839887486221e-01  6.959563790488e-02 -4.338756626693e-01 
-1.182723869998e-01 -1.708803500024e-02  1.303678360275e-01 
 1.212629633746e-03  5.866958781182e-03 -3.312053551020e-02 
-1.033071811095e-02  1.067952911130e-02 -1.956525286237e-03 
-1.014607676439e-01  1.176468154681e-02 -9.198143532213e-02 
 1.241388951566e-01  4.646049401585e-01  2.154871865728e-02 
-4.010344915234e-03 -7.356443247493e-02 -1.003455476946e-03 
-7.202274313358e-04 -1.275074857656e-02 -1.603707197430e-02 
 4.021869575764e-03  5.866343296291e-01 -2.237280306672e-01 
-2.574641764817e-02 -1.002272753558e-03  7.687183667540e-03 
 4.115357915378e-02 -2.746206251855e-02 -8.072176052823e-03 
 3.186389569159e-03  5.003339572914e-03  3.223272571947e-01 
-1.101737369170e-01  1.637347400444e-02 -4.760586762686e-04 
-5.686688367346e-03 -1.640441967883e-01  6.158927756549e-02 
-9.388813926763e-04  7.674034012045e-04 -1.263001002288e-02 
 4.640600286571e-04  7.801995352162e-03  5.294015566660e-04 
-1.192212678832e-01  2.792283052017e-01  2.881441211880e-02 
 2.067527506700e-02 -5.850085628135e-02 -7.411355106962e-03 
 6.497612617083e-04  4.000125396493e-02  3.510202364861e-03 
 8.522112683340e-03  1.622699567822e-04 -7.873787460020e-04 
-3.535251916449e-02 -1.147989698605e-02  1.222106799018e-01 
 8.292776261236e-01 -4.475906692823e-02 -4.318461365117e-03 
 4.271574925993e-02  2.002269660355e-03  1.437515875303e-03 
-1.711934741874e-02 -1.148114011184e-03  4.401343501906e-03 
-2.268015866566e-03 -1.109110999660e-01  3.844523236100e-02 
 3.192660270813e-03  7.691058688285e-03 -2.311935797227e-03 
 7.307160631461e-02 -2.308619403116e-02 -2.290743430824e-03 
 2.094422218851e-02 -3.799711525129e-03 -4.094226778968e-02 
 1.084293546957e-02  2.240531955151e-03  2.144072828063e-02 
-1.286434573618e-04  8.620333192739e-02 -2.881479695736e-02 
 9.577354518910e-04  6.734482712943e-03  2.856069152405e-03 
-3.413900286942e-03  1.709481729987e-02  9.629017513783e-02 
-4.363539047287e-01 -5.822481720588e-02 -4.438109177698e-01 
 8.769581675487e-02  1.130995678560e-02  1.320238330695e-01 
 7.991305664256e-04 -3.468352612986e-03 -2.350340547502e-02 
 1.884162832604e-02  8.709038374507e-03 -5.553558200844e-04 
-6.168888238497e-02 -1.101896960588e-03  2.292088814316e-01 
-9.369134710836e-02  4.164019074695e-01 -2.962295713215e-02 
 3.077972168632e-04 -5.160204117152e-02  5.518379963991e-04 
 3.608140457274e-03 -1.395408913887e-02  1.528384107381e-02 
 5.060934701045e-03 -2.107335877097e-01  8.561735884591e-02 
 5.518356237421e-03 -3.437451013663e-04 -1.291837588435e-02 
 3.748420394322e-01 -1.264137650366e-01 -1.998482919844e-02 
-1.915716918551e-03 -5.499405603676e-03 -2.580832023313e-02 
-3.670151607725e-03  7.367251853425e-03 -2.366468955827e-03 
 8.338027457354e-03  5.646631563870e-01 -2.111829163532e-01 
 2.291830574844e-02  9.244455901610e-04  1.228644666459e-02 
 1.132298869054e-03  7.011971229255e-03 -1.349266548121e-02 
 5.953374437696e-02 -9.411940722677e-01  5.431174736587e-03 
 9.259575967697e-03 -9.534046103657e-02 -7.102531079587e-03 
-2.191041911560e-03  1.211199268433e-02  1.669569164542e-04 
 3.284678410626e-03  6.139587431144e-04 -2.297145428964e-04 
-1.857196537589e-02 -1.208273365088e-02  1.444669335342e-02 
 3.850352387882e-01 -1.430670678994e-02  1.177775240669e-02 
 1.704774027245e-01 -7.161683633394e-03 -3.516033617883e-04 
 1.996812335763e-02  5.359864069312e-04 -4.405168336858e-03 
-4.461520499001e-04 -1.360933390565e-02 -3.565658943551e-03 
 1.780552682629e-03 -2.475010419002e-02  4.283927418594e-04 
-1.472884285411e-02 -3.296835317403e-04  6.036231503916e-04 
 1.201107986510e-02 -6.905280247225e-04  5.576082795918e-02 
-5.841968017130e-03  2.006676393331e-03  1.268116728687e-02 
-8.035588925170e-04  1.764632302117e-02  1.133915629521e-03 
 1.355119149924e-03 -2.242634502846e-02 -3.942633217837e-05 
 1.782983189690e-02 -1.224211556659e-01 -8.312900151837e-01 
-5.042333379862e-02 -3.769569123189e-03  2.069683988062e-01 
-1.473989021246e-01 -2.517674672606e-03  2.362875678888e-01 
-1.572578236668e-03 -9.023156402778e-04 -9.707737952404e-03 
-3.527037402701e-03 -5.126674896256e-04  3.072850698124e-02 
-2.453836689946e-01 -9.138236636407e-01 -8.818093631891e-02 
-2.368688787093e-02 -1.634277159398e-01 -6.153303373647e-02 
-2.243858058904e-02 -2.556413835178e-01  1.236321219312e-03 
-1.665915795932e-03 -4.286516934480e-03  4.755293692738e-03 
-2.253357408701e-03  9.811484765432e-02  7.182203974917e-01 
 1.184657290373e-03 -3.736574823889e-04  1.220362636706e-02 
 1.844566893680e-01  7.792993033106e-01 -4.070121434380e-03 
 2.571081844038e-04 -5.259530305989e-03  1.302098102703e-01 
 5.525133255810e-01  6.425477544220e-03 -2.477670188313e-03 
-8.987107454397e-03  4.096932953397e-02  3.942197820392e-01 
-4.798191142885e-03  9.992017910170e-05  1.229131889519e-02 
 1.488070510513e-02 -2.178837060225e-01 -7.169171258239e-01 
 3.011775747603e-01  2.495711429702e-02  1.209808908441e-01 
 5.739633559677e-01  5.481958022457e-02  2.534149951162e-01 
 1.290510739623e-04 -3.245323142885e-04  6.274351728554e-03 
 2.062666796189e-02  3.418764655400e-03 -2.389635398642e-03 
 7.903127632044e-02  1.116519259897e-01  2.586858777664e-01 
-2.398194663796e-02 -2.129763524252e-02  2.201365573584e-01 
-3.820526612324e-02 -3.268768309951e-03  8.575485906969e-04 
-1.603515513191e-04 -4.302029942681e-03 -2.033538259805e-02 
 1.740154844944e-03  2.100241011951e-02 -2.891030158383e-01 
 6.361298266123e-04  4.635408082378e-04  3.376285437464e-03 
-1.733411564231e-01 -8.167986479931e-01  2.166470386702e-03 
-4.168691288832e-04 -7.684901647033e-03  8.945263318390e-02 
 5.182291270529e-01 -2.409083407753e-03 -5.805847680297e-05 
-1.556113674354e-03  2.181669955142e-01  1.451537047071e+00 
-4.961688280094e-06  9.415892599089e-04  8.318220679408e-04 
 2.355892954598e-02 -2.838661279754e-01 -1.153020574250e+00 
-1.109337538001e-01 -8.903301946586e-03  5.090341643555e-02 
-2.732429237773e-01 -3.880413484688e-02  1.949358301613e-01 
 1.210126157070e-03  1.524790788111e-03  9.329338020595e-03 
-8.707803741982e-03 -5.793390785010e-03 -2.171935270170e-02 
 1.809710736976e-01  6.781774884269e-01 -2.028822699807e-01 
 3.887610199383e-02  6.139899866032e-02 -2.236555979554e-01 
 4.867216781869e-02  9.439766601288e-02 -4.611620683530e-04 
 5.773075916274e-04 -9.637542983880e-03  3.937624241468e-03 
 7.829544887702e-03  1.400806665167e-01  1.338014866163e+00 
-7.500356414281e-03 -3.492950000626e-04  2.152846015804e-03 
-1.853027063217e-02  8.571387677076e-03  8.875160595476e-03 
 1.129771453219e-03 -7.190245236006e-03 -1.679003149213e-01 
-1.082185117145e+00 -1.340654674218e-02  7.813068755090e-04 
-1.950548421634e-03  9.341277537987e-02  4.430772872589e-01 
 2.880057968679e-03 -9.862579196790e-04 -1.187266513103e-03 
-4.857044726330e-03  3.476465182945e-02  4.389367606413e-01 
 3.612830515347e-01  3.845564688364e-02  8.698645434999e-03 
 1.112424227897e+00  4.849732954383e-02  6.034922231676e-02 
 2.379054682748e-03  1.057238329222e-03 -2.199504488502e-05 
 4.730030318918e-04  1.125045661032e-02  7.640661797913e-03 
 2.442918039873e-03 -1.580184623689e-01 -3.145675898400e-01 
 2.077465843738e-02 -1.436581273284e-02 -6.292626233742e-01 
 1.991236615807e-02  5.284200882550e-02 -2.619568683993e-03 
-6.202491846748e-04  3.233869883906e-03 -1.736899525676e-02 
-2.499573265626e-03  2.499499326690e-02 -1.908574869178e+00 
 6.777768583207e-03  1.084334686332e-03 -1.818442888919e-03 
 7.307955999171e-02  1.132006305389e+00 -1.422935150063e-02 
-5.170095763513e-04 -6.652417747816e-03 -3.678273217516e-02 
-9.477199474044e-01 -7.993899949674e-03  1.139929356823e-03 
 1.021120426124e-02  2.508303515006e-02  1.290731602492e+00 
-1.207121705170e-03 -4.085042423088e-04 -1.733783086235e-03 
 5.061464974165e-02  8.651640598633e-03 -1.780917882692e+00 
 1.413062056241e-02 -4.847689190563e-03 -1.551792225509e-01 
 8.912710784880e-02  3.648580473260e-02 -2.117469088629e+00 
-7.587124675508e-03 -1.405649471922e-03  3.633121911311e-03 
-8.102031943895e-03 -5.014096796777e-02 -5.177984808188e-02 
 3.635985113697e-02  1.604905597852e+00 -2.220886449997e-02 
-1.041279180792e-02 -4.005153789417e-01 -2.255240736393e-02 
-6.271401161483e-03 -1.135408555122e+00 -2.393596972482e-03 
-8.659690076618e-04  2.325253599687e-02 -3.077559588664e-03 
 6.345732147836e-03 -2.959051964950e-01  4.742539272551e-02 
-1.960232349829e-02 -2.019714213875e-03 -3.655845406370e-03 
 1.195637442599e-03  5.663346547166e-01 -7.360064177201e-04 
-4.079620953590e-04  1.493518265159e-02  5.759136817168e-03 
 5.933756025063e-01 -6.367579516552e-05  6.944154215273e-04 
 1.550269748189e-02 -1.982317648167e-01 -3.577377804856e-02 
 2.862611041479e-02  2.635484552968e-03 -1.440276905547e-02 
-9.134602321685e-02 -2.703522627062e-01  5.279942321127e-01 
 4.594673502875e-02 -1.483161271716e-03 -2.030157663227e-01 
-3.142789178562e-01 -5.852903499705e-02  3.511121561025e-01 
-1.242648742651e-02  4.725719599393e-03  7.341503439160e-03 
-1.941592915297e-01 -1.206891456794e-01 -1.880037680898e-02 
-9.246300899661e-02 -8.617422979244e-02 -6.772074779310e-02 
 4.952569502120e-02  1.202981329974e-01 -4.126641401098e-02 
 5.859974233420e-03  9.900372074618e-02  1.050076796795e-02 
-5.720682757967e-03 -2.977079312449e-02  9.929558036812e-02 
-9.762484271404e-03  4.488031439388e-02  3.562786226276e-02 
-3.671855232305e-02 -4.131276541488e-03 -6.106420835575e-02 
 6.991527316700e-01 -8.054613216830e-01  1.503397587506e-02 
 7.316580169399e-03  7.272864084779e-02 -8.618663971173e-01 
 6.960489595399e-01  2.325992761018e-02 -2.328060283210e-03 
-9.125156919101e-02 -1.452161560033e+00  1.340222710718e+00 
 6.670638616375e-02  3.525576424850e-04  6.356363093670e-02 
-6.554668280384e-02  6.043201655799e-03  9.543199713733e-01 
-1.874169322427e-01  9.219144477071e-02  3.621284875174e-01 
 7.122084193844e-01 -8.027137985493e-02  1.364864836450e-01 
-2.475024951594e-02  4.424873955976e-03 -1.202242879571e-02 
 7.431661364349e-02 -2.207422708202e-01 -1.227115020633e-02 
-1.801375197953e-01 -3.075890799681e-01  1.295079492424e-01 
 8.481198762240e-03  2.501667890664e-01 -1.312339148057e-01 
-1.753756701206e-03  5.614139937080e-01 -5.164616132358e-03 
-7.122926728075e-04  3.906004728670e-02 -6.751461681148e-02 
-5.379721937812e-02 -1.310001558126e+00  7.652200431401e-01 
-7.991923125253e-02 -1.724542814428e-04  4.918803289942e-02 
-8.965970103264e-01  6.650685426507e-01 -5.895678835413e-02 
-3.210698248849e-03 -2.486045385404e-02  1.286063114389e-01 
-4.671249627000e-01  2.138020222521e-02  4.441518305373e-03 
 9.492369861878e-02 -6.604942732668e-01  9.199069646713e-01 
 6.389330855470e-02  6.057369006902e-03  2.470714982605e-03 
 1.932386082777e-02  5.708389813333e-02 -1.252643224932e-01 
-7.920821108191e-02  1.402266059014e+00  5.729209474241e-02 
 5.068683235423e-02 -1.821297631521e+00 -1.222389742349e-01 
 1.448081452644e-03  5.836423663823e-02  5.704356692178e-04 
-4.246563224919e-03  2.570799902738e-02 -2.149314903967e-04 
 2.719514338531e-03  5.233116861891e-02  2.826323621409e-02 
 1.744607419578e-01 -3.611597710921e-02 -4.099247713818e-02 
 5.944179144528e-02  6.877777415710e-03  8.342521890452e-04 
-5.710099625896e-02  3.087332436803e-03  6.457009523419e-03 
 1.475082580498e-03  1.328957108588e-01 -6.877196083184e-02 
 7.136996098822e-03  4.815214862472e-02 -6.248723022166e-03 
 4.105989023024e-02 -4.549612276177e-02 -2.371609303907e-03 
-2.212268210071e-02  2.826704778379e-03 -7.389473715934e-02 
 1.307139680622e-01 -7.227514463017e-06 -1.788756955121e-02 
 7.507860099196e-03  6.835034484711e-02 -1.178749687480e-01 
-1.329980373037e-02  1.696119505981e-02  6.941016696687e-04 
 2.172064066874e-01  1.009417797672e+00 -1.052381639223e+00 
-3.715432224242e-02 -1.002876745756e-01  1.239064092588e+00 
-2.836483172726e-01  9.590313332067e-02 -1.490020366176e+00 
 1.685971609109e-02 -3.789569228608e-03 -1.335607866447e-01 
-8.449955666067e-02  8.295508863594e-02 -2.059785306654e-02 
-2.295465285661e-01  7.178819535838e-01 -3.532717387949e-02 
-5.478868503219e-03  1.221220957847e-01  8.761626414361e-02 
 1.772845564773e-02  2.802477158854e-01  1.976691933064e-03 
 3.223037883952e-03  1.449554201632e-01  3.790032706250e-02 
 2.192041188687e-02  5.239503147318e-01 -3.074490293002e-01 
 8.479396574445e-02  2.354609200468e-03  1.744802070191e-03 
 9.654618039869e-02 -1.344171337360e-01 -1.620194489870e-02 
 5.946843992958e-03  1.557141194726e-01 -3.107373976062e-01 
 2.338226628959e-01  4.428222928907e-02 -4.940337650583e-03 
 9.595508058635e-02 -5.406477490313e-02 -1.508280710838e-01 
-5.844228138134e-02 -6.113534785042e-03  3.254805720035e-02 
-4.150088990412e-02 -3.647049112386e-01  4.056323973901e-01 
 1.579120408969e-01 -4.706074794851e-02 -1.701933878928e-01 
-4.113911548438e-01  2.392833713010e-02  5.493979624269e-02 
 1.972428057680e-02  1.622890897799e-02  6.088137058672e-02 
 2.479118871968e-03  3.238054205979e-02  6.004629301542e-02 
 5.782713827134e-01 -5.138773093574e-01  3.109805586704e-02 
 5.388490108885e-02  2.336479354223e-02  1.239589730725e-02 
-2.332222189654e-02  1.697031515737e-01  2.793039541632e-02 
-1.392759263475e-02 -1.649265009216e-02  2.211972190643e-02 
-1.634591624704e-01  3.743770775818e-01 -2.421282618845e-01 
 2.193812162499e-02 -1.952211689306e-03 -3.206079757807e-02 
-1.392362013055e+00  1.325020879349e+00 -1.730899192092e-01 
 1.726755660354e-02  6.080034908769e-03 -1.416023079059e+00 
 1.255298181253e+00  1.726420343300e-01 -1.163410224264e-02 
-5.026565182688e-02  2.940227883310e-01 -5.706725817304e-01 
-4.309789253902e-02 -7.325310933158e-03 -2.468169345886e-02 
 6.366830277016e-02  2.344782082885e-01 -2.080252980154e-01 
-1.321591719205e+00 -7.376049065789e-02 -1.803080888326e-01 
 3.198899679956e+00  1.751682687821e-01  3.459569734531e-01 
 1.372169440513e-02 -1.739331322550e-02 -1.437358101445e-02 
-2.030860964695e-01  7.514015789282e-02  1.787921921484e-02 
 1.259096469606e-01 -1.760423391987e-01 -6.209388842198e-02 
-4.759470617694e-02 -3.277285464425e-02 -2.310256869181e-01 
 4.180862995912e-02 -2.956968601863e-02  3.585909825127e-03 
 1.940237367358e-03 -7.133541096060e-03  4.366264499298e-02 
-1.597581680480e-02  2.276776524959e-01 -1.925574953303e+00 
 2.176850698146e-01  1.474791097689e-02 -6.533319900250e-02 
-6.972369351329e-02 -2.273951005537e-02  2.231165862370e-04 
 3.744053780753e-03 -3.456562266025e-02 -1.791242249529e-01 
 3.308345026084e-01  4.331144930121e-02 -4.792036342885e-03 
 2.150461801010e-02 -3.682683094861e-03  1.709701045822e+00 
 1.761118096614e-01  9.831754987662e-03  8.757542046605e-02 
-2.541068173676e-01 -1.115117781993e+00  2.155906855303e+00 
 4.605294834725e-02  3.143851059599e-02  2.225742804530e-01 
 4.798292777227e-01 -3.563972285158e-02 -7.659981634841e-02 
 3.793535596174e-03  2.418091059938e-02 -3.034626601580e-02 
 1.253215945757e-02 -1.847432845436e-02 -4.407233167972e-02 
-2.259149146528e-01  2.270897620978e-03 -9.903982469666e-01 
-9.785702381269e-02  9.885402122859e-03  1.383903795966e+00 
 8.935741113218e-02  2.755721617206e-01  2.281568146337e-02 
-2.018303293985e-02 -3.480841532896e-02  1.435780851118e-01 
-3.575790332185e-04 -7.426816412897e-01  3.755107103046e-02 
 5.291849870247e-02 -9.628106278888e-05  7.146153761846e-02 
 3.893915254821e-01 -1.288924517369e+00  2.292764529264e-01 
 6.139511833012e-03  1.246468190483e-01 -5.115901167312e-01 
 1.132765233616e+00  1.566669111024e-01 -4.682111791890e-02 
-1.604370003916e-01  6.701961726146e-01 -7.669069372584e-01 
-3.334799646708e-02 -9.936878362852e-03 -1.245528677825e-01 
 7.870513204840e-02  3.606606402327e-01 -8.088163160085e-01 
 6.429431270531e-02  1.939391202656e-01 -7.212034749129e-02 
-2.369769717417e-01 -6.207234092081e-01 -1.154244615436e-02 
 2.057213219675e-02 -1.282123090112e-01 -1.429254923860e-02 
-1.430443699915e-02 -2.702344304950e-02  9.001190817698e-03 
 7.871535710713e-02  1.135051331483e-01 -1.794269571675e-02 
-1.409696141517e+00  9.943625707964e-02  2.254028139903e-02 
 1.912820131215e+00 -2.219851548035e-01  4.854972721684e-03 
 4.091733873565e-02  1.131135152796e-02 -8.431370440756e-03 
-5.307406590525e-03  4.881909520133e-02  2.317273365955e-01 
-3.201348388560e-02  7.366715054111e-03  1.856233256345e-02 
-8.555873966313e-02  1.506980166755e-01 -2.549801757456e-02 
 2.594301804029e-02  1.153684768798e-02 -6.381462945662e-02 
-5.657124512349e-03 -8.088579877939e-03  1.090715725305e-02 
 2.747414616861e-02 -3.170337313320e-02  5.326056640926e-02 
 1.792431065089e-02 -3.472980706488e-02  1.445564363184e-02 
 6.737117869456e-01  3.055021892908e+00 -5.209815969881e+00 
 8.690903207823e-02 -1.901040002070e-03 -4.174511058443e-01 
-3.038101198779e-01  3.040031111233e-02  7.810214004868e-01 
-1.084947424912e-02  2.320617696799e-02  1.428364334965e-01 
 3.738865366738e-03 -1.423068502250e-01  6.635285821069e-02 
 3.403893908959e-01 -1.711929525191e-01 -3.861217823571e-01 
 1.487818523019e-01  3.554932224520e-02  6.805946426695e-01 
-2.198920461088e-01 -1.981483034190e-01  1.853774528312e-02 
-1.648608017872e-02  4.535511348288e-02  4.874744852602e-02 
 3.254311811227e-03 -1.599501534450e-01  1.590585973474e+00 
-2.124889989546e-01 -1.392600736685e-02  1.108538207986e-01 
 4.459557106214e-02 -4.112236949194e-01  3.956902558614e-02 
 9.456990815483e-03  9.258443845624e-02 -1.608174067698e-01 
 5.730964710242e-01  1.304554350322e-01 -4.275483088323e-02 
-3.205167708810e-02  2.155428256620e-01  7.661286602053e-01 
 1.665287508878e-01  1.118453256354e-02  5.954258782801e-02 
-3.117400903647e-03 -1.503148300430e-01  1.901804688375e+00 
 1.120551456596e-02 -2.461632012916e-02 -1.766598542239e-01 
 5.200043169087e-02 -1.108562280790e-02  1.685775902196e+00 
 7.048183930626e-02 -9.298287373073e-03  3.385463485995e-01 
-2.736675510786e-02 -6.868685137386e-02 -4.858190829788e-02 
-2.970955461519e-01 -4.139104559840e-01  7.613919779705e-03 
-7.619242212284e-02 -1.181907098073e+00 -9.193849440874e-02 
 1.470167548956e-01  2.943150576412e+00  3.862347381779e-03 
 1.458061186540e-02 -7.078308404271e-02 -8.215557467509e-03 
 3.244864210797e-02 -1.012843500578e-02  2.420578568843e-01 
-2.389730404492e-02  3.190869978787e-02 -9.264035470819e-02 
-1.194802311729e-01 -6.935446469157e-01  1.325363171602e-01 
 2.121376952832e-02  1.090733811410e-01 -2.386188210372e-01 
-8.046252308309e-01 -1.548561285684e-01  2.741109920227e-02 
 1.571954997713e-01  3.429609458870e-02  2.521116231369e-01 
 1.990470657987e-03 -3.653655213849e-02 -4.760614789630e-02 
 4.843160036765e-03  2.135008974327e-05  2.217624096207e-01 
 2.724531900529e-03  7.828281659471e-02 -2.119173203922e-02 
-1.618549291149e-01 -1.145801066105e-01  2.441873141783e-01 
-6.166408502093e-01 -6.971405313859e-02  5.049393416190e-02 
-3.010413782440e-02  5.976116993726e-02  1.314554138400e-02 
 5.544579476624e-02 -2.025611048518e-01 -6.865181149767e-02 
-5.777200563341e-02 -1.517599312127e-01  2.364677393370e-01 
 1.133093913023e-01  3.918898775851e-01 -1.202351542619e-01 
 1.544059677852e-02 -4.774143998780e-03  8.223350351798e-03 
-4.210152474779e-03  6.919978493569e-02  7.477928155739e-02 
 2.090725104964e-02 -2.981094752844e-01 -1.609877604768e-02 
-1.427025364295e-01 -5.638261723478e-02  1.480433436737e-02 
-1.048734969907e-01  2.659498111646e-02  4.605194263000e-02 
-8.492724555629e-02  1.999817504660e-02  1.148275615618e-01 
-6.446110160984e-03 -4.771816293394e-02  1.997472283146e-02 
-1.867708990683e-02  3.259068331254e-01 -8.023605277076e-04 
 2.928621299475e-02  1.452502796829e-01 -3.634728347650e-02 
-3.509415627806e-02 -1.364205094456e-01  3.997695032466e-02 
 8.104856611612e-01  2.792863979411e-01  8.758462449641e-02 
-1.075038413314e-01  6.392101243614e-01  3.267598095716e-03 
 4.939927008890e-02  1.585125964568e-02 -3.348394383731e-02 
-1.617351488295e-01  1.994631491033e-01  2.671931445960e-01 
-2.810481141628e-01  1.951886796421e-02 -1.004262221072e+00 
 2.131295616988e-01  1.519311822180e-01  2.173153005518e-02 
-2.115604186167e-01  4.569298403430e-03 -3.029274336910e-03 
 2.118028027699e-02 -3.027586689259e-01 -1.344599365873e-01 
-3.027457150331e-03 -2.048485046370e-01  1.194570542315e-02 
 3.759269175983e-01 -4.726664443340e-02 -6.577796809497e-02 
-1.098889218089e-01 -3.521145055054e-03 -5.160681330940e-01 
 1.249026654021e-02 -1.561700169593e-01 -2.921294753609e-01 
-1.371524672316e-02  3.151113092002e-01  1.342832088267e-01 
 1.802500329517e-02 -1.356302431483e-01 -4.370807819444e-02 
-3.514094349259e-03  3.792878854830e-03  1.276764338330e-01 
-2.339944796230e-02  4.998668918128e-02  2.134233887117e-02 
 6.812684486964e-01 -8.234687313810e-02  2.826845563590e-02 
-6.994883085178e-02 -2.061132757933e-01 -9.858423508762e-03 
 9.294412273607e-02  3.654180065588e-02 -3.802811048964e-02 
-1.775405396715e-01  2.144484399799e-01  1.916839484265e-01 
 8.350079402947e-02  1.830479225822e-02 -8.438691540885e-01 
-1.531821449456e-02  7.555332631853e-02  2.713327813051e-01 
 6.230013210672e-02  6.178926175562e-05 -4.575108608236e-03 
 3.553707053262e-02 -2.886924551787e-01 -1.293079088582e-01 
-6.939952323424e-03 -8.711398979231e-02  2.041072288741e-02 
 3.676997776489e-01 -8.161940581299e-02 -3.153186637159e-02 
 6.002213492788e-01 -2.331699992748e-02 -4.768301062588e-01 
 7.723273865381e-02 -9.228418106841e-02 -4.039200577967e-01 
 3.579688098484e-02  2.166822635134e-01  9.347265400515e-02 
-1.292031349827e-02  2.170081774031e-01 -3.432235879874e-02 
-1.269585753063e-01 -5.619451976564e-01  1.145834955364e+00 
 8.522003247572e-02  5.935798783608e-04  6.351790845686e-03 
-1.766421705959e+00 -1.296264332289e-02 -8.208031930315e-04 
 4.404287606948e-04  1.925509913442e-01  1.097707649245e-01 
-1.429763489759e-01  1.079449829392e-01  2.267934739638e-01 
 9.940769742905e-01 -1.713356865523e+00 -4.703942462011e-01 
-6.574276946612e-02 -1.276877633163e-01  1.919413025057e+00 
-2.644530376904e-02  1.396942414563e-01  8.878284082889e-02 
-6.442653574902e-02  9.067883432630e-03 -9.463928977008e-02 
 5.623329882561e-02  5.109855069446e-01  2.380907591278e-01 
 1.604478389596e-02 -8.134190159410e-02 -7.230913558437e-02 
-7.000042053716e-01  1.836992678168e-01  1.811018957386e-01 
 1.142110331731e-01 -2.224966785833e-01  1.128591155762e+00 
-1.776711891644e-01  2.585330786085e-01 -3.033513217095e-01 
 1.510133633349e-01 -9.444604653098e-01 -2.073926446368e-01 
-9.600338866787e-02 -4.163433602973e-02  2.282053058607e-01 
-1.153355131124e-01 -4.527601903340e-01  2.570315654722e+00 
-6.564053713064e-02 -6.486136459415e-03  2.602741949234e-01 
 1.289678947078e+00  2.719754464058e-02  1.287418860763e+00 
-2.631295145627e-02 -7.846025691069e-02  2.922159830713e-01 
-6.386506942270e-02 -2.403786255798e-01  7.076728069771e-01 
 2.931249120096e+00 -5.978298314313e+00  1.870013529244e-01 
 3.854810400708e-03 -2.724869763065e-02 -8.674272222210e-01 
 4.925019980076e-03  6.543330991108e-01 -2.715832754763e-02 
 1.390179660313e-02  7.902074911080e-02  7.303814269405e-02 
 5.363756994351e-02 -4.918747556233e-01 -4.341763928887e-01 
-4.691587511294e-02  3.541899115044e-02 -2.096486559495e-01 
 1.113845016979e+00 -2.127398617975e-01 -2.823799132046e-01 
-5.041001819142e-02  1.785212012482e-02  3.799747891679e-01 
 8.127696756181e-03  1.315959109455e-01 -5.484025508849e-02 
-1.004759044898e-01  7.431372182329e-01 -4.818489622884e-02 
-1.497301938363e-01 -1.258702373228e-02 -1.224622228507e-02 
-1.023082099598e-01 -4.617281683329e-01  1.283511236753e+00 
 5.760139410601e-02  8.894091236781e-03  5.275594006202e-02 
-1.403985901927e+00 -1.069289819890e-01  3.242415192065e-01 
 1.871352075258e-03  8.644014799606e-03  2.144830589834e-01 
 3.460863203091e-01  2.209652432236e-02  2.371311740546e-01 
 9.878750155802e-01 -2.044629688451e+00 -5.855633389340e-02 
-2.821024390142e-02 -1.320598921517e-01  4.608207396525e-01 
 3.683891143754e-02  4.722893252970e-01  1.693503892753e-03 
-5.885897226149e-03  3.188031646512e-02 -2.565619281674e-02 
 7.952426918850e-02  9.016133761580e-01 -5.100412289743e-02 
 3.050947347106e-01  2.833373990821e-02  4.455963882757e-01 
 6.457705082920e-02 -1.083548210966e-02 -1.230876609395e-01 
-7.047524561454e-03  1.324717278046e-01  3.848275638209e-01 
-1.562358346764e-01  3.083635940259e-02 -4.726291779767e-02 
-1.466704779132e-01 -1.154749049669e+00  1.452123423813e-01 
 3.475891996149e-01  1.530508095881e-02 -3.064117594785e-01 
-2.115759361310e-01 -8.116666332759e-01  2.131768695007e+00 
-1.461422145767e-02 -2.792016837083e-02 -1.974140370885e-02 
 1.160560428200e+00 -9.124506632445e-04 -2.754486841525e-02 
 7.927419727661e-02 -8.877720836943e-02  1.535475855223e-01 
-6.351634807370e-03  6.658190907173e-01  4.192450384454e-02 
 1.709755667013e-01 -6.588065996854e-01  3.553357964755e-02 
-7.097396385059e-03 -2.444603575606e-01 -6.252496072089e-01 
 1.194892354123e-01  7.826941909390e-01 -1.877283002652e-02 
-5.873077170564e-03  1.388988741361e-02  1.363240044093e-02 
 1.936669093758e-01 -1.521842582153e+00  1.832787879834e-01 
-9.495354643164e-02  5.706592613115e-02  3.381373500597e-01 
 1.651007067559e-01 -7.158807448850e-02 -1.911213595950e-01 
-1.157033393013e-01  2.940977763406e-02 -5.217677638613e-01 
 1.316872461442e-01 -3.606817448682e-02  1.914127014421e-02 
-1.238824479012e-01 -3.859728274760e-01  5.086061720508e-01 
-1.497113075307e-01  2.443806967793e-02  4.915967541561e-01 
 1.119042994990e-01  3.036820441290e-01 -1.737914752201e+00 
-8.393391201041e-02  3.318543914345e-02 -4.193746638356e-01 
-4.105633555602e-01  2.070808247112e-02 -7.790685613001e-01 
-4.089358972009e-02  5.307197756875e-02 -5.737432221611e-01 
 9.661912184861e-02 -3.816979769688e-01  1.000072641879e-01 
 6.062057359664e-01  7.733233622482e-01 -2.458739086251e-01 
 3.730889113016e-02 -4.379322874996e-01  1.035756664606e+00 
-1.257806101074e-01 -5.754731653074e-01  4.290437524984e-03 
-1.030481066609e-02 -3.710613491984e-02 -7.516014339397e-02 
-1.178023557075e-01  5.147320121044e-01 -8.240297101688e-02 
 8.637880305888e-02 -3.995248511931e-02  7.352310078765e-02 
-4.659945105674e-01  2.028534429321e-01 -1.626859814190e-01 
 1.093919432764e-01  5.369468422182e-01  6.157089248876e-01 
-1.651923792878e-02 -3.114250776609e-01 -3.517878573245e-02 
-1.809663542769e-01 -2.305472008413e-02 -9.479719316265e-02 
-1.832694191513e-01 -4.302418239571e-02  4.468485992711e-01 
 3.401758768734e-02  1.268781535881e-01 -3.237138692899e-01 
 2.030792020366e-02 -3.329965710581e-01 -7.677789905874e-03 
-1.763150388069e-01 -3.803282719408e-01 -6.346932448637e-02 
 4.781532512751e-02  1.280103186143e-01 -4.981364782138e-02 
 2.786422481858e-02 -7.641839124059e-02 -3.627396968434e-02 
-1.375125535542e-01  3.670429118334e-01 -2.359912153142e-02 
-1.220748900261e-01 -1.218680883269e-02  1.316449541263e-01 
 5.933859160779e-01 -1.035631571868e-02  1.047908292615e-02 
-1.424684307567e-01 -8.482101040736e-03 -2.547251528578e-02 
-1.464957522605e-02  2.055436201697e-01 -1.437021991512e-02 
-3.263579867019e-02  6.377426513068e-01 -6.446469468885e-02 
-1.269679963738e-01  3.802567173019e-02  2.594339703050e-02 
-3.444948456219e-01  3.523147952980e-03 -6.829109616260e-02 
 3.485341477559e-02 -7.189763980153e-02 -3.247481089545e-01 
-1.626257014267e-02 -3.341287608022e-02 -3.068636754813e-02 
-5.044539773821e-02  7.855011914689e-01  1.020562851796e-03 
 8.024039044600e-05  1.168050170495e-01  7.113473015710e-01 
-1.166176350175e-01  4.035229040047e-02  4.395284623648e-01 
-7.711525607996e-01 -1.108350541745e-01  4.399519414199e-01 
-3.388144925310e-02 -2.564133197747e-01  3.771800730700e-01 
-7.087339643688e-02  1.579658671096e-01 -1.560080726318e-01 
-8.043763819843e-01 -2.696602845080e-02 -3.910752508379e-01 
 4.532330380896e-02  2.765533505679e-01  1.672803056198e+00 
 1.780636643421e-01  5.590711689790e-01 -4.716106524575e-02 
-2.106807092787e-02 -1.161162600923e-02 -5.753328933354e-02 
 7.861852195353e-02  2.046796868562e-01  2.366505079506e-01 
-1.030048713646e-01 -5.572820230682e-02 -4.055189724676e-01 
-1.092500869334e+00  2.135209020231e-01 -2.410309447781e-01 
-1.015315460754e-01  7.646532393926e-02  5.986114211880e-01 
-1.974958226858e-01 -4.068404800087e-01 -3.096359641414e-01 
-6.231275169863e-01 -3.155104553859e-01 -7.676991137665e-02 
 5.937046792944e-02 -1.855020576596e-01 -1.453935910209e-01 
-7.201015368963e-02 -2.368423306455e-01  6.717677366586e-01 
-4.737887260795e-02 -7.071596959452e-02  1.197448771677e-01 
-3.260261522514e-01  1.890597417874e-01  2.506561365264e-01 
-2.621659111552e-03  6.415020758359e-01  2.479516782256e-01 
-2.480080714836e-01  1.369627245929e-01  3.641780153027e-02 
 8.340169703302e-02 -7.318999153018e-01 -2.477524603738e-01 
-1.364679943790e-01  2.262274778981e-01  9.121117212933e-01 
-6.594903374791e-01 -6.398075272590e-02 -3.729652844409e-03 
 1.886774793834e-03  1.043259542847e-02  5.161714343131e-02 
 1.152740233735e-02 -1.256321956292e-01  2.088624307215e-01 
-6.329094189771e-02  2.615732245216e-01 -2.078640834171e-03 
-3.839072240248e-01  9.076437626645e-02 -1.900325237380e-01 
 6.194346403118e-01  1.050797341894e-01  7.696827544388e-01 
-2.812271609943e-01 -1.177851083923e-01  5.855243733095e-01 
-1.445719755396e-01 -6.744220534814e-02 -1.237435488354e-01 
 4.355110464509e-03  2.830877313334e-01 -1.027364318122e-01 
-1.083185574808e-01 -4.753424355163e-01 -5.682650210785e-01 
-4.765946147049e-02  2.190187465919e-02 -5.017076043822e-01 
-7.281179294361e-01 -5.789309843091e-02 -2.279091120536e-01 
 9.342290616531e-02 -1.329757209935e-01 -7.849471641223e-02 
-6.415635835293e-01  4.966032388989e-02 -5.522844525864e-02 
-1.691126295978e-01  8.664524830369e-01 -3.338355136225e-01 
 1.215114173969e-01  1.576912315630e-01  1.146114583059e+00 
 7.887343134193e-02 -1.207879617020e+00  3.370726661290e-02 
 2.730504809471e-02  3.416516654995e-02  2.244297115483e-01 
-3.437793744902e-02 -1.899419186029e-01  5.686734069746e-01 
 1.507310071804e-02 -1.257291087856e-01  4.409352856811e-01 
-5.369603709422e-01  3.193157370803e-01 -3.213569464452e-01 
-1.865361691536e-01  2.694633567145e-01  9.737630957448e-01 
-3.360427537551e-01 -1.654960021782e-01 -2.605480490680e-01 
 4.673253414279e-01  2.076819289510e-01 -5.639053003458e-01 
 5.338593647091e-03  1.033047930042e-02 -3.401168344997e-01 
-2.540308770210e-01 -1.036024354113e+00  4.517178073267e-01 
 7.588394653516e-02  5.262970319579e-02 -1.451284590186e-01 
 4.034644414279e-01  2.989360244076e-02  2.024453251673e-01 
 3.015010263831e-01  1.198524676791e-02  3.712166511663e-01 
 2.370614347107e-01  1.860532969841e-01 -5.908210203994e-02 
-2.400393203760e-01  2.270809059936e-01  1.560822971515e-01 
 1.889209121798e-03  7.035177858966e-01 -1.931025852069e-01 
-1.247578551000e-02 -1.485161778788e+00  1.136728889188e-01 
 1.666417072201e-03  3.907026016375e-02 -1.247750356745e-01 
-2.043434822348e-01 -1.075613413206e-01 -1.971025790859e-01 
-6.635855830091e-02 -2.858689506471e-01 -3.669097997633e-01 
 4.973557242161e-01 -3.037777918066e-01  7.144023672856e-02 
-1.103813265619e-01  7.017264651137e-01  3.867777611626e-01 
-5.741308242674e-02  1.310266865518e-01  1.936868532524e-02 
 2.895288022926e-01 -1.171022816842e-02  3.102865753004e-01 
 1.328632108715e-01  1.846919802653e-01  1.931162565493e-01 
 8.909125134778e-02  3.925278446537e-01  2.238759946983e-01 
-3.503322951096e-02  1.058458212208e-01  2.101110521396e-01 
-1.614402253788e-01 -1.692268079063e-03  7.337910329487e-02 
 8.622009144316e-01 -1.034536305361e-02 -2.652899372401e-02 
-1.064358934206e-02 -1.684080747583e-01  6.957611262547e-02 
 2.518772206692e-01 -6.534779855791e-01 -1.284378929785e-01 
-3.185177958362e-02 -1.805277780547e-01  1.770936489852e-01 
-9.385444758133e-03  7.591028494140e-01  2.859055873167e-01 
-4.436969114668e-02 -2.889685828843e-02  1.980597753562e-02 
 6.488398385282e-02  6.322489832108e-02  2.812937358197e-02 
 7.191780536424e-02 -8.183910737559e-01  3.887941385153e-02 
-1.564647469432e-01  6.827196860866e-02 -4.074199636984e-02 
-1.974893131287e-01 -2.850823911000e-01 -3.228049694119e-02 
-6.158886096482e-02 -1.013777213492e-01  2.715506247651e-01 
-2.218895105458e-01 -8.870792479834e-02 -4.350919567190e-02 
-8.274248973230e-02  5.514669529404e-01 -3.352861553405e-02 
 1.568426296345e-01  8.700925874642e-01  3.613036789910e-01 
-2.267733673406e-01 -3.181100784162e-02 -1.224073586787e-01 
-1.410158597614e-01 -2.960945179769e-02 -3.193449795293e-02 
-2.404335890527e-02 -8.818662024184e-02  8.304639534647e-01 
-6.348224794343e-02 -9.281501443565e-02 -7.556688612679e-02 
-3.447007608365e-01  1.495573781494e-01  2.503441276180e-01 
 4.897303826113e-03  6.805328070915e-01 -1.311698294607e-02 
 4.403662735880e-02  1.132129864051e-01 -1.543943924869e-02 
-7.451053021600e-02 -4.631958597972e-02 -9.915527954056e-03 
-1.992321051076e-01  1.276526728904e-01 -2.146999727349e-01 
 4.763706747101e-01  3.187669317642e-02  4.961219842325e-01 
-1.669712996261e-01 -9.601220814305e-02  3.913032007099e-01 
 1.687929379932e-02 -5.597781334317e-02 -5.773113443786e-02 
-3.054650459197e-02 -2.098700778388e-01 -1.276270872371e-02 
-1.856271350703e-01 -2.987939385273e-01 -3.102302207794e-01 
-7.496920115413e-01 -6.764634482177e-02  1.401221163653e-01 
-9.573259880174e-02 -4.768921840475e-01  1.480974912397e+00 
 3.842155211765e-01 -3.610006201646e-02  8.981257552712e-01 
 3.314846975738e-02 -2.841943538993e-02  5.071469640310e-01 
-8.155259821065e-02 -1.861501018698e-01  1.819735467125e-01 
-1.664416620371e-01 -6.256574585404e-02  4.400960170258e-01 
 1.886284757842e+00 -2.605883419223e+00 -2.097748467024e-01 
 8.040512935169e-02  3.410163540462e-01 -3.506277379045e-02 
 5.878668257418e-02  1.332055978925e+00 -1.790726795931e-02 
-1.602169677333e-01 -1.163781931929e-01  1.321599182134e-01 
-3.746594150026e-01 -2.590759880572e-02  5.158565659948e-02 
-2.243241518538e-01  2.230181271010e-02  9.812100202950e-02 
-3.742786264591e-02 -1.977567849752e-01  4.284991672529e-01 
 1.744432217588e-02 -3.111340269308e-01 -3.228892599393e-01 
-2.844407042057e-01 -7.331869807007e-01  6.615151429137e-02 
 7.968791893107e-02  5.084125407662e-01  1.124454643277e-01 
 6.366899233228e-01 -2.560147713322e-02  2.574609521253e-01 
 1.107825324539e-01  4.491902581307e-01 -8.802778428168e-01 
 1.005308208905e+00  4.320301271196e-02 -1.010072095234e-01 
 4.043002018150e-02  1.719469481829e-02 -3.132524604024e-01 
-1.241627680889e-01  5.973667571008e-03  2.372887651629e-01 
 2.599662846641e-01 -1.858105428182e-01 -2.174878113055e-01 
-9.815355409199e-01  1.180659298978e+00 -9.073011557574e-01 
 4.610315331847e-02  2.324501888824e-01 -3.408221288781e-01 
 1.008455112165e-02 -7.229861327280e-01  9.898098804220e-02 
 3.916349602582e-02  1.584908916802e-02  1.057081015221e-01 
 3.115903295346e-02 -1.809696443432e-01 -4.626453318166e-01 
 5.867964789070e-01  1.046061791456e-01 -2.617524795502e-01 
 7.500678199573e-01  1.802497667881e-01 -6.746842975478e-01 
-7.883498053233e-02 -4.075806414280e-01 -4.829278227929e-01 
-2.146280436727e-02 -1.855918117441e-01  1.117512749950e-01 
 5.015036971703e-01  4.221989908061e-01  1.189528540301e-01 
 1.368430208614e-01 -4.961795468272e-02  5.253474563461e-01 
 2.111841191240e-02  1.241648491897e-01  4.287291571749e-01 
-1.508041368133e-01  1.296874434141e-01  2.265873509656e-01 
-3.829511070987e-02  2.089228426039e-02  1.544695941703e-01 
-3.241301529719e-01  4.702726867140e-01  8.936364036560e-02 
-1.377389642786e-02  6.036518416490e-02  1.022465837680e-01 
 4.213700022339e-01 -7.131708275683e-01  2.951895461324e-02 
-1.260435893147e-03  7.009195121711e-02  1.478537251153e-01 
-6.650812834862e-02  4.828211700299e-01  6.966419794513e-01 
 8.087297835410e-01 -9.024064884822e-02 -2.864407890427e-02 
-2.732506388635e-02  6.696562813836e-02  3.985965568638e-02 
-9.265551114102e-02  2.407444996786e-01  2.975522376090e-02 
-1.798467837505e-01 -4.324303544711e-02  1.320175301201e-01 
-5.406936093196e-01  4.094824984957e-03 -1.266847269372e-02 
-5.001948055610e-02 -1.586016339590e-01  7.774158339022e-02 
-1.316795667950e-01 -1.247258859722e-01  1.713499081966e-02 
-3.745357290790e-02 -1.060327352228e-01 -3.860086296717e-02 
 3.863424611541e-03  9.784541618284e-02  2.825322779579e-01 
-5.531258279333e-01 -2.162505212070e-01 -2.731744813131e-01 
 1.287698476205e-02 -5.730594733282e-03  1.269397776962e-01 
-3.196728778595e-01 -3.876998086347e-01 -1.892241421194e-01 
 3.653522405048e-01  2.675063241094e-01  1.009014089444e-01 
 4.735357169689e-01 -2.328536950050e-01 -2.773115319946e-01 
 2.889283769091e-02  5.892672655689e-02 -1.079275932795e-02 
 7.187919436292e-02  9.151128798831e-04  6.370512913028e-01 
-6.929450798361e-01  4.433517212602e-02 -1.513062413887e-01 
 2.002831649914e-01  1.131595971419e-01  4.676943236107e-02 
-1.808665292165e-01  1.873893414369e-01 -1.388870964780e-01 
 3.976679296950e-02  3.828323667916e-02 -3.030598990202e-02 
-1.595684325514e-01  6.274032961017e-02 -3.465448777334e-01 
 4.109701651255e-02 -1.500415107276e-01  5.719371542698e-01 
 2.122340804437e-01 -8.423242542418e-01  1.917105300994e-01 
-4.062270198875e-01 -2.627191736764e-01 -3.478929153325e-01 
 3.184600443901e-02 -3.785176541674e-02 -9.761592627882e-01 
 1.333681678067e+00  3.347314419592e-02 -5.331205257884e-02 
-4.156109135718e-01 -7.420184639322e-03 -2.291455966584e-01 
-1.712784808650e-01 -1.943951705644e-01 -3.731543337097e-02 
-1.150049453721e+00 -2.626753395726e-01 -1.904185112397e-01 
-8.049786510904e-01  9.894436562122e-01  7.807941680479e-01 
-6.711745721973e-02 -2.130376730752e-01  7.038690570209e-01 
-3.228486474023e-02 -4.945174937627e-01  4.107387331439e-01 
-3.171309107549e-01  1.290420490712e-01  1.505376183737e-01 
 3.628166701901e-02 -9.576818635525e-01  3.800020270602e-01 
 6.747152800673e-01  1.205677658026e-01  1.497629377725e-01 
-8.421512858119e-01  1.339519654266e-01  2.301729869162e-01 
-8.447707442209e-02  2.702991314663e-01  1.375220623193e+00 
-1.791837730292e-01  5.386330155644e-01  1.199412128907e-01 
-5.616694661157e-01  1.690799111157e+00 -5.877203973552e-01 
 8.567722267387e-01 -3.460214809641e-02  4.132857485187e-01 
-1.682165150280e-01 -7.559297854288e-01 -1.603377454975e-01 
-8.743315072285e-01 -1.049947236527e-01  1.125539821050e+00 
 2.081792881173e-01  1.886371141841e-02 -2.445273477010e-01 
-1.670042885250e-01 -8.049544713505e-02  7.954340102483e-01 
 9.989558943812e-02 -7.423847034290e-01 -1.398180579352e-01 
-8.917088290641e-01 -1.118071495628e+00 -3.709508563743e-02 
-7.430757234335e-02 -1.394393171415e-01 -2.529334928672e-01 
 1.701108951592e-02 -1.977408114975e-01  1.649054947492e-01 
-1.692734764297e-01 -5.933528922461e-01 -1.210035530399e-01 
-5.209445276209e-01  2.020687046518e+00 -6.722638773246e-01 
-8.860861999511e-01 -2.157258615433e-02  5.523464142856e-01 
 1.427118565123e+00 -4.291810803844e-01 -7.472680986741e-01 
-2.456327203877e-02 -1.989998866419e-01  1.067352915626e+00 
-3.821714421671e-01  6.387760294671e-01 -3.328833306520e-02 
-1.892187560277e-01  6.822269150628e-01 -2.857209439043e-01 
 1.690742536958e-01 -3.463010754946e-02  3.526736761645e-01 
-3.836148802879e-01 -1.909084455202e+00 -6.806467112009e-01 
-6.607496885189e-01 -2.472715126312e-02 -6.926627232920e-01 
 4.682442297000e-02  4.335637565283e-03 -3.752939710863e-01 
-9.472427658867e-02  4.627370973281e-02 -1.750791660852e-01 
 3.151099694349e-01 -5.440265016952e-01 -2.865932960398e-01 
-1.076912628994e+00  2.341309765737e+00 -8.600607862093e-02 
-9.258023406649e-03 -2.607103648942e-01 -6.664507729602e-02 
-2.026183240349e-04 -9.424891216367e-01  8.144749286617e-02 
 2.086040980388e-02  1.172277431688e+00  1.144997764842e-01 
-2.251234820162e-01  1.633516108715e+00 -5.817348901840e-01 
-6.948546250354e-01 -3.049656557900e-02  2.740676333853e-01 
 3.042397714607e-01  1.596691395106e-02 -5.913345785390e-02 
-3.266607062487e-02 -3.549479928366e-01  1.218021107775e-01 
 4.200106684287e-03 -8.605842266994e-02  1.833384958864e-02 
-2.825919538764e-01  2.988684575660e-01 -2.056209787968e-01 
 4.202247173304e-02 -6.465392129208e-03  2.419697287870e-01 
-1.426726592239e-01 -8.255534291798e-01 -1.517170248098e+00 
-5.187611827630e-01 -3.364420821640e-02  5.156231727845e-01 
-1.739191146842e-01 -3.854404981105e-03 -4.323561683132e-01 
-9.866914850913e-02  1.491653692387e-02  5.241211792744e-01 
 1.538508282665e-01 -1.010863311902e+00 -2.035846894950e-01 
-5.546795767974e-01  2.810755937618e+00  2.361189687071e-01 
 5.295569374886e-02  8.291796265982e-01  2.953148316176e-01 
 1.317414846893e-02 -4.112748930336e-01 -7.220006134645e-02 
 3.438282397273e-02 -3.096708505064e-01  2.788244583729e-01 
 1.081827964114e+00  2.201529999284e+00 -5.588222432461e-01 
-7.234602638701e-01 -6.778402380070e-02  3.944367745058e-01 
-2.080275512571e+00  7.477583943191e-01  7.625715587775e-01 
 5.007885286950e-03  5.367169990386e-01 -1.108278360039e+00 
 4.281242977132e-01 -2.725542247521e-01  1.013801667667e-01 
 4.753745900287e-01  9.784836778833e-01 -3.440459966737e-01 
 2.725715593968e-01  3.067986285399e-02  5.183637804118e-01 
 2.487884366782e-02  2.581845013799e-01  5.902437569024e-01 
-1.686109757659e-01 -3.769012293522e-02  1.166818701587e-02 
-4.874155838210e-01  5.224091080380e-03  5.453740160154e-02 
 3.355512077317e-03  2.103785822113e-02 -2.501651614041e-02 
 9.979722226896e-01  3.380284473300e-01  2.153520127905e-02 
-2.137855601442e-02 -9.692422150592e-01  7.314986796952e-01 
-1.144293016233e-01 -2.763550894995e-01  6.588204619578e-01 
-4.595596169168e-02  4.341927797572e-02  1.380852610503e-01 
-1.087844706548e-01 -1.796589621791e-01  1.526545936765e+00 
-2.194034017992e-01  2.134357897297e-01 -2.006380939899e-02 
-1.386811852976e-01  6.940817462592e-03 -4.226389429945e-01 
-1.227629446457e+00  4.892349618891e-01  5.174788191795e-01 
 9.672942675705e-04  1.069344982049e-01  2.517562306109e+00 
-9.746620243159e-01  8.397829777598e-01 -1.801464836564e-01 
-4.987195940612e-01 -1.328650874715e+00  3.665899007340e-01 
-4.873064370996e-01 -5.862450467368e-02 -1.094922950406e-01 
orbocc
(*)
 0.000000000000e+00  0.000000000000e+00  0.000000000000e+00 
 0.000000000000e+00  0.000000000000e+00  0.000000000000e+00 
 0.000000000000e+00  0.000000000000e+00  0.000000000000e+00 
 0.000000000000e+00  0.000000000000e+00  0.000000000000e+00 
 0.000000000000e+00  0.000000000000e+00  0.000000000000e+00 
 0.000000000000e+00  0.000000000000e+00  0.000000000000e+00 
 0.000000000000e+00  0.000000000000e+00  0.000000000000e+00 
 0.000000000000e+00  0.000000000000e+00  0.000000000000e+00 
 0.000000000000e+00  0.000000000000e+00  0.000000000000e+00 
 0.000000000000e+00  0.000000000000e+00  0.000000000000e+00 
 0.000000000000e+00  0.000000000000e+00  0.000000000000e+00 
 0.000000000000e+00  0.000000000000e+00  0.000000000000e+00 
 0.000000000000e+00  0.000000000000e+00  0.000000000000e+00 
 0.000000000000e+00  0.000000000000e+00  0.000000000000e+00 
 0.000000000000e+00  0.000000000000e+00  0.000000000000e+00 
 0.000000000000e+00  0.000000000000e+00  0.000000000000e+00 