2mocoef
header
1
MO-coefficients from MOLCAS
1
48   48
a
mocoef
(*)
 3.278410376539e-05 -1.207667815897e-04  2.742244107072e-03 
-1.582240471948e-06 -4.513961767284e-06 -1.598125911836e-04 
 1.830699142413e-04  3.926846306772e-06  1.456649595547e-03 
 3.815469703252e-05  1.738432453042e-05 -4.304225368137e-04 
-5.146302482879e-05  1.689541380775e-04  1.001055799665e+00 
 5.646490430714e-03 -6.465485981647e-03  1.294933730126e-05 
 3.101801202430e-04 -5.435638625202e-04 -1.552472428669e-04 
-2.168651216297e-04  1.903166401073e-03 -4.745027309070e-05 
 4.550136431900e-05  9.290948899876e-05 -1.338629569993e-04 
 2.581025229868e-04 -6.056861548524e-04  2.200071220010e-04 
 3.130412697234e-05 -4.630247676412e-06 -4.538709091791e-05 
-4.605746994415e-05  3.022546988002e-04  4.875582041153e-04 
 8.736262200171e-06  1.034290688730e-04 -5.384137872049e-04 
 5.594469627557e-04 -5.508357385661e-04  1.049591259576e-04 
 2.047694198845e-04 -3.456293743536e-04  2.799476147802e-04 
 2.023823948179e-05  6.704359981415e-06 -1.727386959404e-04 
 1.001289123680e+00  8.019177559503e-03 -5.151875547085e-03 
 2.058182629619e-04 -1.570586136496e-05  1.691529975057e-03 
-2.040872016490e-04 -8.683621091811e-06  3.279423882340e-04 
 7.657654206178e-05 -5.689676355554e-07  2.831084182576e-04 
 2.198099641948e-04  7.154907319741e-04 -1.825374182391e-06 
 7.832290031794e-04 -2.604783382562e-03  1.135252616040e-05 
-2.974972015808e-05  1.844643301008e-05 -1.765572791979e-04 
-1.269888618266e-05  1.811137676856e-03  1.692813696313e-05 
 8.885960981971e-06 -4.181760447559e-04  1.010684285149e-04 
-2.860216153976e-04 -1.029126803078e-03  1.943999966443e-03 
 3.184069813620e-04  2.433246582575e-05 -3.254277564412e-04 
 3.944370509806e-04 -2.682551034439e-04 -2.586588786261e-05 
-1.364393546433e-06 -3.492751054049e-04  1.708766726628e-04 
-1.934106128068e-04  3.639701063092e-05 -1.264760201857e-05 
-3.511122214503e-04 -9.630443651978e-04  1.605628756397e-03 
-4.521136243632e-04 -3.037490611426e-05 -4.029818697177e-04 
-1.303530183959e-02  3.898576140511e-01 -1.499332125334e-01 
 1.217074808247e-02 -1.001061129439e-04  1.617232566478e-01 
-1.253893797571e-02  3.838450941659e-04 -7.878413855353e-02 
-4.224713539356e-04  4.141302077060e-04  2.648456372127e-02 
-3.025274841928e-04 -1.094366698654e-03 -1.051606680997e-02 
 8.002227598383e-01 -1.415471225891e-01  5.973363949038e-03 
 1.673824550981e-02 -5.286528079375e-02  3.974076730393e-03 
-5.770700895116e-03 -1.141080055795e-02 -2.774841099215e-04 
-1.761979173515e-04  1.137711155471e-02 -1.331910540525e-03 
 3.917879322314e-03  1.283858462046e-01 -6.294010747470e-02 
-1.077371461695e-02 -8.384294021830e-04  6.888273935483e-03 
 2.491923746814e-01 -1.209985178318e-01 -2.804989816134e-02 
 8.788503010342e-04 -1.278548980633e-02  2.623328268123e-01 
-1.275196933659e-01  2.552247048013e-02 -3.643400704779e-03 
-1.650442167690e-02  8.809743182253e-02 -4.790131374550e-02 
 8.049503782201e-03  4.500229169348e-04  7.643187267659e-03 
 9.905320459151e-03 -6.951370583565e-01  1.530081269904e-01 
-5.925499734857e-02  3.853164819534e-04  5.537501817700e-02 
 2.666134615132e-02  2.545349226810e-04  6.895767252348e-03 
-6.530330528072e-04  9.904612321701e-04  2.504743658731e-03 
-3.530703268942e-03 -7.191255818009e-03 -1.904230344570e-04 
 3.127343670556e-01 -3.744286208106e-02 -7.002399398739e-02 
 2.170608696671e-02  3.611685778883e-01  1.457102995763e-02 
-5.880104727268e-03 -6.873496854151e-02 -9.486566300578e-04 
 1.581039394887e-03 -1.517447635718e-02 -3.925522412241e-05 
 2.890451886526e-03 -3.742137316585e-01  1.752257721581e-01 
 2.605939699634e-02  1.779152485778e-03 -9.156400772361e-03 
 1.956777852353e-01 -9.194369831734e-02 -2.019629958780e-02 
 8.120747128864e-04 -2.057667288267e-03  3.282537646102e-01 
-1.517847316416e-01  2.594947193001e-02 -3.821316715085e-03 
-1.450200647896e-02 -2.755272771539e-01  1.307495252186e-01 
-1.999347168831e-02 -1.208491848521e-03 -1.068593552380e-02 
 1.090849349552e-04 -1.163895477525e-01  1.623394383964e-02 
 2.742704545066e-01  1.501578551593e-03  3.912100357677e-02 
-4.792558186531e-02  2.577123291352e-04 -3.531206853163e-03 
 1.680526302323e-04 -1.387793599008e-03  4.102931581230e-04 
 2.791410752651e-02  9.801089698373e-04  8.130308181649e-04 
 2.513375833172e-02 -3.250577652977e-04  6.500315875969e-01 
-3.718472922117e-02  7.092084964678e-03 -1.094244722279e-01 
 7.810051677533e-03  7.138072352510e-03  3.015772777678e-03 
-7.986404436532e-04 -3.632513315092e-03  2.846291162343e-03 
 2.039162012176e-03  1.244511935297e-01 -6.689356390263e-02 
-7.049981174435e-03 -8.194209417065e-04  2.637774044615e-03 
 4.939182817873e-01 -2.098804865794e-01 -2.678921811026e-02 
-5.170143760503e-04 -2.508734209867e-02 -4.314826384811e-01 
 1.836048741971e-01 -1.747565235605e-02  4.588422444272e-03 
 2.517003942493e-02 -2.281323902941e-01  1.110080366062e-01 
-1.517332118606e-02 -1.285489172285e-03 -7.752585578763e-03 
-3.723569281247e-03  7.467507171878e-02  9.642790422812e-02 
-4.145990557458e-01 -2.370520390000e-02 -4.383709832005e-01 
 7.138379348399e-02  5.339896720802e-03  1.311654036111e-01 
 9.052175982982e-04  5.042074114028e-04 -2.528898795022e-02 
 1.658231099692e-02  7.350974089313e-03 -1.314701213742e-03 
-8.298586278292e-02 -7.455852592255e-03  2.422967529132e-01 
-1.789320430168e-02  4.210812091868e-01 -3.230777003782e-02 
 3.838243473536e-03 -4.788367817408e-02  5.828472775808e-04 
 1.575432661054e-03 -1.259444476499e-02  1.609781853107e-02 
 4.399259147510e-03 -1.736574499550e-01  6.945654377406e-02 
 3.107705307185e-03  3.091203546142e-04 -1.203595360846e-02 
 3.734917526689e-01 -1.291750839034e-01 -2.033533093072e-02 
-9.822805213742e-05 -5.093303229351e-03 -3.283656124336e-02 
-2.733138131972e-05  7.288539684735e-03 -4.048801621464e-04 
 8.734948158263e-03  5.819397344768e-01 -2.197930050391e-01 
 2.434287853407e-02  1.606857392011e-03  1.327792571377e-02 
-6.841687988318e-05  6.988880571281e-03 -2.382865397007e-03 
-4.774325203388e-02  4.427073954329e-01  2.395231100793e-02 
 1.438348611929e-04 -6.027613647016e-02 -5.674772139106e-03 
 9.361765827741e-04  3.410233322451e-02  2.278085876124e-03 
 3.848755280907e-03  1.840012808687e-04 -9.895194974499e-04 
-3.749053996379e-02 -7.695058213663e-03  6.730236109803e-02 
 7.871397181931e-01 -3.693304344114e-02  2.405760296837e-03 
 4.093844919340e-03 -7.892911852624e-05  1.100807346808e-03 
-1.690505064734e-02 -9.982334202410e-04  1.916154046884e-03 
-2.046444135460e-03 -3.390516756928e-02  1.106671244721e-02 
 8.158869623919e-05  1.158426852173e-02 -5.533640338563e-04 
 2.705438861115e-02 -6.995734866831e-03 -3.996625205060e-04 
 1.964455316844e-02 -1.808689676364e-03  1.822066648294e-03 
-5.012090368794e-03  3.548375464593e-03  1.998750425422e-02 
-2.071494560257e-03  1.961082853436e-02 -6.493531822151e-03 
-1.010956729151e-03  1.056890992085e-02  6.745233652520e-04 
 5.744968274050e-03 -4.812652460910e-02 -4.715611725345e-02 
-4.687062149975e-01 -4.007427638004e-02  4.081484451063e-01 
 1.057100437349e-01  1.234823476619e-02 -1.239555644271e-01 
-9.994886042323e-04 -1.902280070263e-03  3.293865583506e-02 
 1.215124892842e-02 -8.456715060710e-03  2.817457019752e-03 
 1.098275243519e-01 -5.586102181122e-03  1.796643649903e-01 
-5.142672382418e-02 -4.575147812592e-01 -3.660698391823e-02 
 9.118913177955e-03  6.939686790163e-02  1.462750887296e-03 
-1.114442176794e-03  1.017745317142e-02  1.834110152425e-02 
-3.455922933840e-03 -6.061774588061e-01  2.306435393759e-01 
 2.670422246154e-02  1.634603596231e-03 -9.230977834761e-03 
 3.573591202339e-02 -3.054373713619e-03  4.130344222959e-03 
-1.297046294042e-03 -8.108737765903e-03 -3.700629196144e-01 
 1.317946807278e-01 -1.800664193876e-02  2.749304968370e-03 
 7.980788775484e-03  1.559501630202e-01 -5.428472387535e-02 
-6.246725203708e-04 -1.920149981912e-04  1.189842792390e-02 
 9.662973612549e-04  7.137483950907e-03 -1.198071182856e-02 
 4.829780516758e-02 -9.026214729260e-01  6.776149766789e-03 
 4.336667153540e-03 -6.701946890362e-02 -7.577962274561e-03 
-1.316746431716e-03  1.686389517757e-02  6.503940499561e-04 
 3.870724513154e-03  5.865392936907e-04 -8.638684940536e-04 
-2.969258905538e-02 -1.188417355301e-02  3.170736090833e-02 
 5.455445766180e-01 -2.195327511037e-02  9.045200854951e-03 
 1.210706004765e-01 -5.988301488046e-03 -1.605754142837e-04 
 2.493996569161e-02  6.957699079391e-04 -3.819516608055e-03 
 2.653577573152e-04 -2.250543166923e-02  4.965040035008e-03 
 2.409145595996e-03 -2.731102219865e-02  1.178999647338e-04 
-5.697385006968e-03 -2.513020821186e-03  3.747970554785e-04 
 1.587487055786e-02 -9.658858365614e-04  5.673268476819e-02 
-7.482904308484e-03  2.669838546879e-03  1.678620012121e-02 
-1.032975698336e-03  2.297386045159e-02 -5.897509490929e-03 
 1.725609221245e-03 -2.468662377331e-02  1.892022109785e-04 
 1.622254245667e-02 -7.550801336757e-02 -6.900369226056e-01 
-5.309546220021e-02 -2.586848812041e-03  1.802412902704e-01 
-1.443138997705e-01 -1.652070935809e-03  1.724306630007e-01 
-1.743326232611e-03 -9.505117457285e-04 -9.141655405027e-03 
-3.937994858941e-03 -1.638723422946e-03  3.040552844678e-02 
-2.699587657849e-01 -9.477029052361e-01 -9.182748819447e-02 
-2.649368629004e-02 -1.803223009180e-01 -6.248642473953e-02 
-2.438700919995e-02 -2.768774719065e-01  1.084095948197e-03 
-1.715783072849e-03 -3.490322777454e-03  5.528665732959e-03 
-1.935361782261e-03  7.312087464425e-02  5.768046500109e-01 
 1.486875394804e-03 -3.042449327594e-04  1.144631040952e-02 
 2.077344448290e-01  8.466063502351e-01 -3.691082107658e-03 
 1.066945704515e-04 -3.757648597051e-03  1.435828288370e-01 
 6.099365979200e-01  6.208900655328e-03 -2.436538747150e-03 
-8.259978625593e-03  1.210056450738e-02  2.639359318667e-01 
-4.660491793857e-03  1.934169275959e-04  1.194927287161e-02 
 1.142570261226e-02 -1.415002775103e-01 -4.883883497248e-01 
 2.788840437161e-01  2.286282234970e-02  1.058517226165e-01 
 5.567927105736e-01  5.737246010014e-02  2.075819844569e-01 
-5.023334647632e-04 -6.455499331724e-04  3.584717861759e-03 
 2.040996484243e-02  3.031280299060e-03  4.149571936266e-03 
 2.167831188251e-02 -9.144095638926e-02  3.256715684551e-01 
-3.459163650599e-02 -4.316015166764e-02  3.013126911740e-01 
-5.078455266217e-02 -4.491425527792e-02  1.027036506458e-03 
-3.873330925481e-04 -2.465524276359e-03 -2.023517896563e-02 
-2.017841621366e-04 -1.042290543364e-02 -4.474086809379e-01 
 2.023029308929e-03  4.769163171791e-04  3.210832762501e-03 
-1.643248495789e-01 -8.306294699313e-01 -1.535850985185e-04 
-6.525392902341e-04 -7.126329371131e-03  1.438464289395e-01 
 8.582041556517e-01  8.999819724932e-04 -2.879396614417e-04 
-8.131352934262e-04  1.782333687301e-01  1.230920945598e+00 
-4.974441853192e-04  1.186255295695e-03  2.050054022250e-03 
 3.135954319356e-02 -3.274542626811e-01 -1.382477131387e+00 
-2.384256661628e-02 -2.749776055193e-03  9.127471888566e-02 
-1.039021866983e-01 -2.148708471752e-02  3.075660078709e-01 
 6.545977025725e-04  1.227505223687e-03  9.448925571902e-03 
-3.267309089010e-03 -6.238682836546e-03 -1.611601808815e-02 
 1.698331037449e-01  5.487356986531e-01 -1.533956112931e-01 
 3.022965562600e-02  4.285570822343e-02 -1.861436834138e-01 
 3.505348329536e-02  6.091460947612e-02  5.323744024426e-05 
 3.287220809153e-04 -1.185181540140e-02 -1.099304588007e-03 
 7.337644293981e-03  1.484706811463e-01  1.243843174790e+00 
-7.439670724258e-03 -3.371934697467e-04  4.464043943533e-03 
-3.234348724278e-02 -7.029279269193e-02  7.970279722365e-03 
 1.126167885639e-03 -1.062444248656e-02 -1.270015112368e-01 
-8.805863935648e-01 -1.209714509232e-02  2.672412533917e-04 
-5.020400138835e-03  1.449117493311e-01  8.853386069048e-01 
 2.458258561328e-03 -7.493141399492e-04  6.111417909512e-04 
-5.736396516655e-03  3.488586651023e-02  4.629172501333e-01 
 3.751066075891e-01  3.642580916417e-02  1.133230750990e-02 
 1.186734597282e+00  5.682858460963e-02  5.251452286255e-02 
 2.274886470313e-03  8.364372961986e-04 -8.182904136131e-05 
 3.053872642328e-03  1.191566380705e-02  7.711334476130e-03 
 1.473259844745e-03 -1.624706518638e-01 -2.846291434808e-01 
 1.893780103910e-02 -1.922477566045e-02 -5.970705971773e-01 
 1.482758445618e-02  4.986088898515e-02 -2.509946839053e-03 
-5.085947542417e-04  3.742014240031e-03 -1.997160311927e-02 
-2.564247614329e-03  2.244865956987e-02 -2.018052801475e+00 
 7.562395584368e-03  1.053018547462e-03 -2.256712242030e-03 
 6.106090526630e-02  1.059747465121e+00 -1.381891935019e-02 
-5.628795835297e-04 -6.087638445300e-03 -2.475986342232e-02 
-8.590612291199e-01 -7.196984504170e-03  1.108705054509e-03 
 1.038557621441e-02  2.773933752580e-02  1.364542668963e+00 
-1.366435412939e-03 -3.734515670263e-04 -1.783356954484e-03 
 5.290180155294e-02  1.322086050884e-02 -1.795742469094e+00 
 1.209590622456e-02 -4.312325479172e-03 -1.671361788504e-01 
 8.312663411005e-02  3.564674692681e-02 -2.120815814793e+00 
-7.210664504279e-03 -1.322727350781e-03 -7.539040163651e-04 
-7.477783177000e-03 -4.734370790505e-02 -4.964500602946e-02 
 5.336595955196e-02  1.619079947603e+00 -2.155988153793e-02 
-1.102985610634e-02 -3.967262653470e-01 -1.777472333663e-02 
-5.097995258621e-03 -1.134236576313e+00 -2.480177995173e-03 
-7.481348962674e-04  2.155613507870e-02 -3.171021215656e-03 
 7.195394618386e-03 -2.795742046180e-01  4.640838350697e-02 
-1.895856881549e-02 -1.930253013542e-03 -4.358839823882e-03 
 6.985678171906e-03  5.423305597907e-01 -6.441398895389e-05 
-5.486873865500e-04  1.488204758977e-02  1.365203672878e-02 
 5.751871413795e-01 -8.148208477016e-04  7.049574059245e-04 
 1.532744280346e-02 -1.774570236180e-01 -6.044440330185e-02 
 2.839932049272e-02  2.638980541782e-03 -1.521868516295e-02 
-7.880416376804e-02 -2.385999530978e-01  4.058838154377e-01 
 6.673892421121e-02 -7.968494018251e-03 -1.934830587896e-01 
-3.618598018286e-01 -5.177996780644e-02  2.740176613328e-01 
-9.523766806283e-03  4.685241795273e-03  4.902621810714e-03 
-1.956931079953e-01 -9.829504952038e-02 -1.925113283705e-02 
-8.400857052140e-02 -2.730836863931e-02 -9.586941147808e-02 
 5.097621773057e-02  1.074890835689e-01 -2.102703658502e-02 
 3.357254097066e-03  4.565852582265e-02  1.180140028110e-02 
-6.166633307970e-03 -2.902139400612e-02  1.094037739878e-01 
-6.378983921041e-03  1.588890507739e-01 -4.488855829690e-02 
-2.819555315917e-02 -4.016414920881e-03 -6.294298213274e-02 
 7.748692007250e-01 -8.661846124527e-01  1.903967639051e-02 
 8.168053630209e-03  8.214918100692e-02 -9.113827072961e-01 
 7.853725505113e-01  2.594793985658e-02 -3.759512537444e-03 
-1.010632203818e-01 -1.380065000696e+00  1.243587423636e+00 
 6.042105136324e-02 -1.985338651689e-04  6.201324514132e-02 
-6.597132598139e-02 -2.396054728712e-03  9.278085727230e-01 
-1.744252187770e-01  7.752293863081e-02  3.455421965860e-01 
 6.279220919382e-01 -7.208368655568e-02  1.226863464583e-01 
-2.354550590546e-02  5.084820794390e-03 -6.322777036512e-03 
 5.287645395226e-02 -2.210757460349e-01 -1.233077996745e-02 
-1.513129874243e-01 -3.022409848555e-01  1.362824256628e-01 
 1.648019646916e-02  2.498463535531e-01 -1.409468607055e-01 
-3.006735710066e-03  5.663688399859e-01 -2.466119263930e-03 
-1.725463744923e-03  4.038612573639e-02 -5.845953145129e-02 
-6.735587754967e-02 -1.256579244937e+00  7.541390567031e-01 
-8.061133762140e-02 -1.049899330953e-03  4.025650114860e-02 
-9.605002202910e-01  7.297795171922e-01 -7.243228660234e-02 
-1.040792608952e-03 -1.650164908645e-02 -5.830146996136e-02 
-3.082720676718e-01  3.677501504842e-02  3.976101659943e-03 
 8.918362508073e-02 -7.731938178640e-01  9.909026335656e-01 
 6.713327131646e-02  5.593282671528e-03  8.562949009357e-03 
 1.933589277599e-02  5.511649430999e-02 -1.168352035120e-01 
-7.717258987205e-02  1.386007139349e+00  5.893538674475e-02 
 4.909233851050e-02 -1.816231267172e+00 -1.202573574176e-01 
 1.523023972607e-03  5.860961961303e-02  1.207129534486e-03 
-3.192347642916e-03  2.540088405972e-02  6.945055087642e-04 
 9.825455681578e-03  4.368735972362e-02  2.921555650090e-02 
 1.862378603633e-01 -3.731448281589e-02 -4.433165720135e-02 
 4.496861315062e-02  1.766441002651e-02  1.138335841884e-03 
-5.789119567255e-02  3.375332599973e-03  6.398729456604e-03 
-5.851433396454e-04  1.342253713116e-01 -6.900019301193e-02 
 7.467426832171e-03  4.813937589464e-02 -6.397364460429e-03 
 1.869817144873e-02 -2.376426441227e-02 -4.805384918801e-03 
-2.215862243424e-02  3.019773426280e-03 -8.961288419647e-02 
 1.384176847544e-01  2.157831194006e-03 -1.781576817820e-02 
 8.260994496426e-03  7.379101206474e-02 -1.242001610576e-01 
-1.416377226164e-02  1.638497819814e-02  1.914619602328e-04 
 2.095224552377e-01  9.016281095088e-01 -9.968055781067e-01 
 1.236930147545e-02 -1.193192827131e-01  1.123540020547e+00 
-3.892104936444e-01  1.131365810316e-01 -1.386655053285e+00 
 2.246895987480e-02 -4.639182097099e-04 -1.059149707970e-01 
-7.564048187486e-02  9.839856832740e-02 -1.957430634401e-03 
-4.698582435114e-02  5.546652430247e-01 -3.902851340939e-02 
 5.640008212339e-03  7.891615750616e-02  1.041383485068e-01 
 1.324911082579e-02  3.323892880794e-01  9.539594121587e-03 
-8.554965931520e-05  1.385753392381e-01  4.342551041288e-02 
-2.058198756893e-02  6.447254589167e-01 -3.606422821338e-01 
 9.186149047715e-02  1.611123885850e-03 -5.454674989289e-03 
-2.852182673825e-01  2.200987809474e-01 -5.879104157780e-02 
 1.082604301690e-02  1.567423145107e-01 -6.778464130580e-01 
 5.703562760929e-01  8.912620834910e-02 -8.057126995279e-03 
 8.224534114586e-02  1.092574470564e-01 -3.537767483212e-01 
-7.202685449226e-02 -8.049262287122e-03  2.171866878562e-02 
-9.016795594633e-02 -6.075948498616e-01  5.635175129380e-01 
 1.574420907914e-01 -4.050701269655e-02 -5.377301061737e-01 
-3.122203307986e-01  2.569115501556e-02  4.449485748040e-01 
 1.493200479366e-02  1.469982162269e-02  9.124341290304e-02 
 2.054328854413e-02  2.503682623843e-02  6.631414574125e-02 
 6.385165069139e-01 -6.734928947200e-01  2.627764799608e-02 
 5.134427888161e-02 -1.126520325454e-02 -4.185798756948e-03 
-2.880140978501e-02  8.758931641780e-03  2.667513576741e-02 
-1.349607383722e-02 -6.099686816619e-02  1.553757510109e-02 
-1.589574718033e-01  3.094063210360e-01 -2.322323786519e-01 
 4.959395650090e-03 -3.114673907778e-03 -3.361865151241e-02 
-1.296391163224e+00  1.270409234452e+00 -1.560903868543e-01 
 1.553067884584e-02 -3.968243697567e-02 -1.275760314054e+00 
 1.186621663978e+00  1.521662262539e-01 -9.999078043373e-03 
-8.529655095998e-02  3.594854932476e-01 -5.541954061671e-01 
-2.696113084954e-02 -5.456838027563e-03 -3.192343402238e-02 
 6.116271829169e-02  2.275602348506e-01 -1.826810738543e-01 
-1.319017096116e+00 -6.973711518463e-02 -1.729215415951e-01 
 3.192712578647e+00  1.632579785008e-01  3.446015114917e-01 
 1.337011531965e-02 -1.855273830093e-02 -1.712117155566e-02 
-2.071204569343e-01  7.322532883571e-02  1.702052278883e-02 
 1.161184939585e-01 -1.737653393205e-01 -1.032435451225e-01 
-6.585237972191e-02 -2.854336438457e-02 -1.672552805735e-01 
 6.663504423123e-02 -2.901613561363e-02  4.138312697598e-03 
 1.930025248404e-03 -8.004463804852e-03  5.019814311800e-02 
-1.352019958451e-02  1.865870606554e-01 -1.882368927368e+00 
 2.227666647786e-01  1.508778774986e-02 -6.297668227051e-02 
-3.709503967323e-02 -8.878527342291e-02  1.185595620210e-02 
 4.183304213313e-03 -3.259337624308e-02 -1.727482968200e-01 
 3.543629979579e-01  4.831987240329e-02 -6.500765356537e-03 
 1.865924527042e-02  2.331378610101e-02  1.672119658846e+00 
 1.812929018946e-01  9.813033507589e-03  8.720080914574e-02 
-1.670030074910e-01 -7.179382225157e-01  1.471483908177e+00 
 1.031251877688e-01  4.387211578161e-02  1.711127667301e-01 
 3.095503718108e-01 -7.386093943619e-02  2.066295038816e-02 
 1.335821722012e-03  1.879753065638e-02 -1.034242088289e-02 
 2.330868458247e-02 -4.008932989333e-02 -3.809359104563e-02 
-1.941417601979e-01  1.998934469457e-03 -1.027791067795e+00 
-1.411394820980e-01  1.255262753828e-02  1.489314991886e+00 
 1.528237441502e-01  2.611571416389e-01  2.419204547027e-02 
-1.960113731041e-02 -2.823414270373e-02  1.397402969206e-01 
-6.409689651377e-05 -7.837974495579e-01  3.385278452762e-01 
 1.490528398974e-02 -2.158484218648e-03  8.776525983351e-02 
 3.561893199642e-01 -1.309997163941e+00  2.318591650649e-01 
 8.119598663963e-03  1.329550850985e-01 -4.987463587285e-01 
 1.159404646583e+00  1.680721514436e-01 -4.917570551450e-02 
-1.570038826250e-01  6.861580427421e-01 -7.192006103938e-01 
-1.941995877702e-02 -9.342456192826e-03 -1.184771842694e-01 
 3.018565370524e-02  1.409321621071e-01 -4.461098352470e-01 
 6.901042384583e-02  1.840976791856e-01 -4.134495996441e-02 
-2.603060292910e-01 -6.380358425922e-01 -8.087163564790e-02 
 1.649039915531e-02 -1.266709960872e-01 -2.452281647571e-02 
-1.277188949322e-02 -1.410264133844e-02  6.506492204652e-03 
 6.315451585920e-02  1.160307869306e-01  5.383216656059e-02 
-1.394407653220e+00  9.964046362291e-02 -8.677943876446e-02 
 1.922112229704e+00 -2.236795909517e-01  1.929595332557e-03 
 4.141589809833e-02  8.981974088150e-03 -1.762230591940e-02 
-5.658586377935e-03  9.231898942641e-02  1.086921553038e-01 
-1.817598115387e-02  6.349897918106e-03  6.992060149909e-03 
-9.788883467091e-02  2.344413592846e-01 -3.817791773926e-02 
 2.580316057771e-02 -5.114534883793e-04 -2.706404144033e-02 
-9.617553148758e-02 -2.422247578748e-02  1.881101200969e-02 
 3.429716185226e-02 -7.769965488381e-02  1.821474016005e-03 
 3.090233757224e-03 -3.284678982170e-02  1.332460183101e-02 
 6.978008569202e-01  3.172934877023e+00 -5.516407364181e+00 
 8.677600451212e-02  1.202700793107e-02 -4.490972710376e-01 
-3.939893603817e-01 -1.572818088192e-02  7.297168297253e-01 
-1.277264286453e-02  8.710330425997e-03  1.341245386289e-01 
 3.619699061781e-03 -1.396243672973e-01  8.297141024690e-02 
 4.201158928982e-01 -2.186799519804e-01 -2.586425369632e-01 
 5.193832001081e-02  8.754438317083e-02  5.126522907329e-01 
-8.575658873940e-02 -3.755408670005e-01  1.579014654900e-02 
-1.072669458106e-02  5.365217616178e-02  2.757852835008e-02 
 3.420214757704e-03 -5.098281022240e-02  1.565084026833e+00 
-2.233662242998e-01 -1.438715964812e-02  1.063278761512e-01 
 9.636092755070e-03 -2.090150369555e-01  2.473586714821e-03 
 1.017654386947e-02  6.930962457268e-02 -5.573996058735e-02 
 4.415821837369e-01  1.155885093468e-01 -3.795764844789e-02 
-1.597385237055e-02  1.287138457638e-01  8.310072117443e-01 
 1.725369016704e-01  1.141199514429e-02  7.980049824045e-02 
 2.581935665133e-02 -2.493927238929e-02  1.640801358170e+00 
 1.565281203956e-02 -2.225290722179e-02 -2.388697756235e-01 
 2.930558392999e-02 -1.571181260459e-02  1.738906404546e+00 
 5.356028214496e-02 -1.058862829746e-02  3.374112308885e-01 
-2.593292741751e-02 -7.203869095950e-02 -5.187280144492e-02 
-2.992248893641e-01 -3.628535924200e-01  2.164997312568e-03 
-7.980786632734e-02 -1.186316887732e+00 -7.882768639865e-02 
 1.534586674686e-01  2.923069820437e+00  2.684064549676e-03 
 1.459234909949e-02 -7.403956571427e-02 -7.730791992479e-03 
 3.032445450596e-02 -7.105055392453e-03  3.151806101126e-01 
-3.510140063030e-02  2.357343749832e-02 -8.661490617775e-02 
-1.381414617907e-01 -6.904538861964e-01  1.314130658173e-01 
 2.095586980432e-02  1.093370639724e-01 -2.560473122881e-01 
-7.895618654800e-01 -1.514524195259e-01  2.850280021767e-02 
 1.553984387756e-01  2.909455986470e-02  3.015624388419e-01 
 1.230528964892e-02 -2.796446571267e-02 -4.293474455346e-02 
 4.304469979408e-03 -1.616077011052e-04  1.710379371868e-01 
 3.723149818348e-03  7.811512822583e-02 -2.197706623063e-02 
-1.925480833484e-01 -1.134784677480e-01  2.024535478306e-01 
-6.066261398839e-01 -7.300341123043e-02  4.146871769204e-02 
-3.218001093980e-02  5.955174172617e-02  1.527991037610e-02 
 6.725564493807e-02 -1.968938691299e-01 -7.346709873643e-02 
-4.405385043658e-02 -1.244146672162e-01  2.685235381020e-01 
 9.298601066776e-02  3.136450944731e-01 -1.321165783793e-01 
 1.736816956929e-02 -3.530230247287e-03  8.691606922972e-03 
-6.337492397528e-03  8.316266122878e-02  7.268525366550e-02 
 2.189550526791e-02 -2.958088841602e-01 -1.453267439716e-02 
-1.526009518027e-01 -3.550072906300e-02  1.202619368181e-02 
-1.235642667482e-01  2.487913881735e-02  7.391077997922e-02 
-7.108046576753e-02  2.799768407372e-02  1.350877668179e-01 
-1.216584709321e-02 -6.121312191995e-02  1.204233163584e-02 
-1.848898882988e-02  3.280757491683e-01  1.750079206211e-03 
 3.186344238607e-02  1.592258354929e-01 -3.794918148035e-02 
-4.048964356591e-02 -1.347184585803e-01  4.365067700844e-02 
 9.028105761089e-01  2.621056014716e-01  9.736409058653e-02 
-1.256812812817e-01  5.997913715424e-01  2.755656894551e-03 
 6.058250890030e-02  1.818476192100e-02 -3.784547704741e-02 
-1.819104730317e-01  2.217695133591e-01  2.814012388105e-01 
-2.591669779669e-01  2.101580546754e-02 -1.089116480978e+00 
 2.254595374007e-01  1.669713344891e-01  4.074942962591e-02 
-2.126584902898e-01  5.149159718334e-03 -9.471043774209e-04 
 2.407529668542e-02 -3.420450474272e-01 -1.446604105977e-01 
-3.761305207366e-03 -2.169752613134e-01  1.588736344469e-02 
 4.128985889670e-01 -6.138389951196e-02 -7.090712953132e-02 
-6.968282379882e-02 -7.177783328486e-04 -5.749053588371e-01 
 2.889534326345e-02 -1.678364104913e-01 -3.307707036270e-01 
-1.676003552551e-02  3.520112866101e-01  1.463258179282e-01 
 1.787295378225e-02 -1.076890879588e-01 -4.932806086102e-02 
-1.017443816168e-02 -2.830459845651e-02  1.582264532552e-01 
-1.782120668089e-02  6.668807700392e-02  1.672886047259e-02 
 5.215225617559e-01 -1.089110731199e-01  1.429875705366e-02 
-8.196555713948e-02 -2.505769745532e-01 -7.556676746461e-03 
 8.065981652633e-02  3.912180708991e-02 -2.832994111051e-02 
-1.326401203611e-01  1.511143361353e-01  1.432471192548e-01 
 1.000483757023e-01  1.159377431506e-02 -6.528448715409e-01 
-3.769550763395e-02  6.080860004110e-02  2.674847337754e-01 
 8.223247893694e-02 -8.175272669237e-05 -8.252082331746e-03 
 3.476334436727e-02 -2.312361248761e-01 -1.046596510329e-01 
-4.760490761082e-03 -8.035037264127e-02  1.641703045139e-02 
 2.916319488659e-01 -6.668845194902e-02 -1.699725039668e-02 
 6.121455853474e-01 -3.025240611194e-02 -3.734026399131e-01 
 6.575576154950e-02 -6.734771838455e-02 -3.820979694191e-01 
 4.208554405533e-02  1.502372119445e-01  6.737252894248e-02 
-1.828146789110e-02  2.356195342828e-01 -2.228514921121e-02 
-1.305624429945e-01 -5.814097457960e-01  1.200339016897e+00 
 9.050979471829e-02 -6.243777451872e-03  8.306402334439e-03 
-1.776941635891e+00 -8.273290292517e-03  2.257788154770e-02 
-3.070026342589e-03  2.056092821982e-01  1.107450434793e-01 
-1.475555224823e-01  9.718566637268e-02  2.386460641991e-01 
 1.042819749498e+00 -1.809366237250e+00 -4.573175768262e-01 
-7.022461321526e-02 -1.328692957761e-01  1.894979462165e+00 
-1.441037709227e-02  1.548366972886e-01  7.680722773867e-02 
-7.313138909562e-02  9.372095149193e-03 -9.364270189432e-02 
 5.564274851297e-02  5.300764214912e-01  2.231520857290e-01 
 1.809744659690e-02 -8.130188002177e-02 -8.015954984916e-02 
-6.781618631645e-01  1.831364236845e-01  1.781240427096e-01 
 8.277528725851e-02 -2.249486338359e-01  1.131101336668e+00 
-1.827979153425e-01  2.632385765711e-01 -2.977895501050e-01 
 1.546797168149e-01 -9.376662907191e-01 -2.183039740057e-01 
-9.698849268958e-02 -5.133598854385e-02  2.215713573705e-01 
-1.351475712685e-01 -5.420338546232e-01  2.779017495969e+00 
-6.211531130747e-02 -4.469648155410e-03  2.555424557693e-01 
 1.187073830637e+00  1.556593515391e-02  1.328680802249e+00 
-2.320861869386e-02 -8.351418672585e-02  3.074646015393e-01 
-2.235965568929e-02 -2.270732777127e-01  7.259546723408e-01 
 3.004837269011e+00 -6.144636041654e+00  1.838231987883e-01 
 3.214872163515e-03 -6.013112725974e-02 -8.491868680308e-01 
 8.148547077560e-03  7.377278948434e-01 -2.779523787315e-02 
 1.704655015435e-02  8.213619597100e-02  7.265408964654e-02 
 6.387866104692e-02 -4.376235154842e-01 -4.405953825603e-01 
-1.420220109192e-02  4.063468160290e-02 -1.556610276341e-01 
 1.123018335918e+00 -2.234847478455e-01 -2.984708495569e-01 
-5.021916533878e-02  4.396949513968e-02  3.927142112231e-01 
-1.196275859031e-02  1.278826018709e-01 -5.365454746940e-02 
-1.138259675402e-01  6.178045028547e-01 -2.024193294846e-02 
-1.138399281323e-01 -8.356534048918e-03 -4.455219944730e-02 
-9.195353468232e-02 -4.243966409459e-01  1.007893235828e+00 
 6.248451209900e-02  1.007974967590e-02  1.843808695075e-02 
-1.542020883797e+00 -1.096295979774e-01  1.775234177374e-01 
 5.347297246267e-03  1.655339154195e-02  1.754279286159e-01 
 3.439459478268e-01  4.947885485067e-02  1.588331914448e-01 
 6.643552869415e-01 -1.377151980974e+00 -8.188958182387e-02 
-2.706011481190e-02 -1.343574810497e-01  5.801015464192e-01 
 3.402821525863e-02  3.953902324193e-01  4.625353898091e-03 
-7.447017739150e-03  2.313489478765e-02 -3.629375617217e-02 
 7.534693493347e-02  9.406848870771e-01  2.402996940287e-03 
 3.095628016599e-01  2.484066400488e-02  4.671815976684e-01 
-7.548267558864e-02  1.802534103762e-02 -9.635972323370e-02 
-7.444119327991e-04  1.366754004165e-01  3.569815520502e-01 
-1.567870519320e-01  1.313303550758e-02 -4.289736678313e-02 
-1.403908103099e-01 -1.224944985807e+00  1.413359899837e-01 
 3.620130713005e-01  1.656169078031e-02 -3.008998134553e-01 
-2.011019930758e-01 -7.781666145950e-01  1.995052921469e+00 
-1.871404242928e-02 -2.788601023872e-02 -3.931407193478e-02 
 1.104013877389e+00 -6.884210548209e-03 -9.098313689590e-02 
 7.791531620840e-02 -8.991024164430e-02  1.196079907934e-01 
-3.298319725168e-03  6.452358541073e-01  3.135313087574e-02 
 1.345511201223e-01 -5.100025994307e-01  1.275161803884e-02 
-5.791988145083e-03 -2.714019219541e-01 -5.390470287896e-01 
 1.229727470548e-01  7.593942173181e-01 -1.623228148353e-02 
-6.393497209310e-03  1.067213437824e-02  7.472103198589e-03 
 1.974361733835e-01 -1.472709770735e+00  1.825533648982e-01 
-9.227003979143e-02  5.887008116086e-02  3.391034016193e-01 
 1.034396328569e-01 -4.591211139651e-02 -1.962865360382e-01 
-1.133755982826e-01  3.793048845622e-02 -4.992009968979e-01 
 1.354587877905e-01 -4.997492214235e-02  8.628421790392e-03 
-1.381678958369e-01 -3.937404190012e-01  4.936813336905e-01 
-1.599826310846e-01  2.764244438497e-02  5.148128326005e-01 
 1.108171010512e-01  3.113995426578e-01 -1.735421132747e+00 
-9.389523419931e-02  3.727199937222e-02 -3.849417747308e-01 
-5.225680820170e-01  2.372300777207e-02 -7.325145738316e-01 
-4.262445307576e-02  6.118952742270e-02 -5.325984313896e-01 
 6.809630982877e-02 -3.831586297269e-01  8.773046724409e-02 
 5.398736383917e-01  7.749305929939e-01 -2.838312741066e-01 
 3.866100597937e-02 -3.671210807286e-01  1.232201430751e+00 
-1.477039775059e-01 -6.211386066679e-01  2.954247358234e-03 
-1.120949707706e-02 -4.317470761037e-02 -7.757619367756e-02 
-1.316869421852e-01  5.665448653753e-01 -5.373086579805e-02 
 7.747588407387e-02 -4.573798410632e-02  2.986392828149e-02 
-5.654304325145e-01  2.192467245981e-01 -1.748889999784e-01 
 1.284574961128e-01  5.591932931645e-01  7.378546544131e-01 
-5.632608045813e-02 -3.431126995397e-01 -3.689923878169e-02 
-2.089867225473e-01 -2.667335768603e-02 -1.276957392263e-01 
-1.697573504271e-01 -5.083157944343e-02  4.123411592864e-01 
 3.985376863895e-02  1.508928053389e-01 -3.759492596917e-01 
 1.701960526437e-02 -3.280413299299e-01 -4.505336011062e-03 
-2.098356733915e-01 -4.010026596815e-01 -6.605231837754e-02 
 4.987092172990e-02  6.235832244134e-02 -5.385096183058e-02 
 3.190599132059e-02 -8.699506970726e-02 -4.585507585377e-02 
-1.779335217760e-01  4.344359626826e-01 -2.899972833055e-02 
-1.003541629072e-01 -9.150764629438e-03  1.731549381840e-01 
 6.448008408053e-01 -1.312370446950e-02  1.048628242679e-02 
-1.409810619851e-01 -9.831700196683e-03 -2.893454970160e-02 
-1.733961878251e-02  2.360037442085e-01 -1.129977512151e-02 
-3.124684606169e-02  6.119606894396e-01 -7.944517698363e-02 
-1.607015308101e-01  4.606220293685e-02  2.480586160548e-02 
-3.915143682326e-01  9.851870179143e-03 -6.814064666214e-02 
 3.792940010075e-02 -8.716711227708e-02 -3.805991632957e-01 
-2.797183486548e-02 -3.323749135152e-02 -3.944604312208e-02 
-4.696283874526e-02  7.554763661338e-01 -6.016471132564e-03 
-1.633217717912e-03  1.198736574916e-01  8.216378854180e-01 
-1.139717117683e-01  5.241735309296e-02  4.655776583604e-01 
-7.786813193308e-01 -9.168298343636e-02  4.925375459554e-01 
-3.363219789975e-02 -2.436203418536e-01  4.061346556918e-01 
-1.129968745777e-01  1.789210161028e-01 -1.575577299457e-01 
-8.238972941455e-01 -1.181124803843e-01 -3.930169030645e-01 
 4.398440905466e-02  2.808316654196e-01  1.658695799557e+00 
 1.356864289882e-01  6.310429598332e-01 -5.044065737511e-02 
-8.080808165950e-03 -2.376777288815e-03 -3.997489531771e-02 
 9.784730107071e-02  1.622788207431e-01  2.650492330473e-01 
-1.036901184183e-01 -7.015529139167e-02 -3.920449920332e-01 
-1.097854851564e+00  2.211437666261e-01 -2.456790759845e-01 
-7.033559339875e-02  1.670755850600e-02  5.943366955770e-01 
-2.105140060003e-01 -3.878678974261e-01 -2.729551843408e-01 
-6.150156804676e-01 -3.004973475916e-01 -1.001023598231e-01 
 6.890690016525e-02 -2.049996839849e-01 -1.941954434321e-01 
-6.984631061811e-02 -2.285924591475e-01  7.018339036665e-01 
-3.480706421540e-02 -1.038540585890e-01  1.256028062907e-01 
-2.872640214588e-01  1.688554499056e-01  2.572630097755e-01 
 6.508879042003e-03  6.599006282452e-01  2.447257965773e-01 
-2.387789928753e-01  1.392308979287e-01  3.884145745299e-02 
 9.362832503362e-02 -7.529518447180e-01 -2.307025437497e-01 
-1.473517633118e-01  2.115835238056e-01  8.072590118868e-01 
-6.164697686730e-01 -1.529872447372e-02 -1.305604474555e-03 
-2.447874134948e-02  1.282162761157e-02  5.440586588031e-02 
 1.886431944607e-02 -1.407364442954e-01  1.957562481106e-01 
-6.364437645485e-02  3.055199158518e-01  2.782340963897e-03 
-3.352934406381e-01  8.055088112897e-02 -1.721177134844e-01 
 5.934441575528e-01  6.430225739435e-02  6.938364862844e-01 
-2.650992062298e-01 -9.852555796881e-02  5.774174238619e-01 
-1.232654360434e-01 -6.510302745167e-02 -1.109657492856e-01 
 2.298072408889e-03  3.459587838803e-01 -1.051702258045e-01 
-1.256260988541e-01 -5.466826681884e-01 -5.212421414568e-01 
-2.705476135746e-02  2.663322405135e-02 -5.093287892981e-01 
-6.785849222936e-01 -4.693684807841e-02 -2.121114066643e-01 
 9.231020168696e-02 -1.216781784521e-01 -5.374096488827e-02 
-6.220949173121e-01  7.080261893886e-02 -5.939198767198e-02 
-1.869927293754e-01  8.770471472134e-01 -3.362009085527e-01 
 1.203514765280e-01  1.996995758300e-01  1.086131591798e+00 
 6.134683829535e-02 -1.289420904637e+00  3.662246873298e-02 
 3.467887828517e-02  3.326094496344e-02  2.284769121293e-01 
-4.348700167531e-02 -2.163616975106e-01  5.512405286165e-01 
 8.757505642204e-03 -1.272577771584e-01  4.220284272519e-01 
-4.782163304525e-01  3.019457096809e-01 -3.222600586494e-01 
-1.773608586809e-01  2.885833942302e-01  9.630609333946e-01 
-3.381163625442e-01 -1.521469088113e-01 -2.417625216646e-01 
 5.060499712884e-01  2.123342934708e-01 -5.337937165113e-01 
 1.981936456049e-02  6.488698465082e-03 -3.255207079323e-01 
-2.621250512304e-01 -1.062648947937e+00  5.816918548188e-01 
 6.686198048101e-02  4.365394341362e-02 -1.143271625995e-01 
 4.342282067356e-01  3.163713955506e-02  2.490782165591e-01 
 2.352138441303e-01  1.568643769050e-02  4.089440137612e-01 
 2.521083352568e-01  2.249136801954e-01 -6.831646182896e-02 
-2.871731626209e-01  1.956466191007e-01  1.775041588621e-01 
-2.548302633855e-03  7.189132058892e-01 -2.065195590362e-01 
-1.576093768603e-02 -1.419689860010e+00  9.515100966673e-02 
 2.186754746677e-03  4.005252011333e-02 -1.404940918233e-01 
-1.962536616265e-01 -1.290222910108e-01 -2.038498042529e-01 
-8.097477543646e-02 -2.190084954087e-01 -3.958903686114e-01 
 4.845767216097e-01 -3.197417941239e-01  8.567804039646e-02 
-8.682932702411e-02  7.021387883186e-01  3.564671131281e-01 
-4.467941540300e-02  1.366494435416e-01  1.223402792534e-02 
 2.530660067731e-01 -3.648381345977e-02  3.373001979176e-01 
 1.393336982874e-01  1.392949689515e-01  1.948891243150e-01 
 7.148960606618e-02  3.192600939612e-01  2.335053620371e-01 
-2.549408447722e-02  1.096209913505e-01  1.928260254556e-01 
-1.402314999058e-01 -2.241444109765e-04  8.002699937005e-02 
 8.735137994761e-01 -1.561025322440e-02 -7.288531068926e-03 
 3.423171176211e-03 -1.593114052253e-01  6.869103442897e-02 
 2.511540929359e-01 -6.342324778976e-01 -1.256458844824e-01 
-2.756405817366e-02 -1.288272088499e-01  1.648045109835e-01 
-7.249849313518e-03  6.345136972643e-01  3.170299044188e-01 
-4.440831142682e-02 -2.493153204677e-02  1.315508951387e-02 
 4.807955427284e-02  5.905537368425e-02  1.568007567758e-02 
 6.953795842012e-02 -8.321803775729e-01  1.755026662496e-02 
-1.150276974618e-01  4.920729632921e-02 -3.801746032863e-02 
-2.193937457569e-01 -2.343956315011e-01 -5.571595191054e-04 
-7.042825167860e-02 -9.672518544118e-02  2.760440499000e-01 
-1.864840211875e-01 -8.427022819230e-02 -2.668331901931e-02 
-7.166033026741e-02  5.529599611405e-01 -2.109215826379e-02 
 1.403378172645e-01  7.928700149625e-01  5.838940658708e-01 
-2.088269399366e-01 -3.643655364598e-02 -2.294701696622e-02 
-1.424711897420e-01 -3.387447049458e-02  5.070535081523e-02 
-2.815093794128e-02 -1.108729297886e-01  8.385999707089e-01 
-9.671175867217e-02 -8.464159842544e-02 -1.410730037237e-02 
-7.839268086687e-02 -2.141684576351e-01  2.485513273622e-01 
 1.475029551648e-02  7.023708470102e-01  6.001981857918e-03 
 4.991085350025e-02  3.048851794326e-01 -2.130672376553e-02 
-9.128220516185e-02 -5.166361549397e-02  6.564153003846e-03 
-2.384463374824e-01  1.089987422197e-01 -1.809994485126e-01 
 4.330206354040e-01  3.065211427578e-02  5.124477718091e-01 
-2.044604913868e-01 -1.218727350490e-01  4.598285320613e-01 
 2.056669750284e-02 -8.131545296748e-02 -7.537145823735e-02 
-6.614802284120e-02 -2.921275106708e-01 -9.569734524877e-03 
-1.909119495014e-01 -2.604154024530e-01 -2.962291517486e-01 
-6.744473638931e-01 -6.930091900824e-02  1.456473684257e-01 
-1.153514188959e-01 -5.782516843248e-01  1.489404354106e+00 
 4.017071451208e-01 -3.406228609287e-02  9.051567826356e-01 
 5.835490901448e-02 -2.579204271805e-02  5.180111850123e-01 
-8.303134085789e-02 -1.790060433121e-01  8.297506885545e-02 
-1.334468906164e-01 -2.995080667266e-02  4.490268104749e-01 
 1.925844457620e+00 -2.624307479314e+00 -2.505047973033e-01 
 8.280796363024e-02  2.662574632966e-01 -5.346461542047e-02 
 5.660522400937e-02  1.332751656233e+00 -1.642406906676e-02 
-1.491966030792e-01 -1.036788748718e-01  1.289909328500e-01 
-3.419778973180e-01 -5.597451069025e-02  7.362298814656e-02 
-2.791597302275e-01  2.315334316572e-02  2.670375979091e-02 
-7.477855804529e-03 -1.879924661226e-01  3.818022765098e-01 
 1.327014352206e-02 -3.082467309735e-01 -3.527468956232e-01 
-2.739342964269e-01 -7.156824158740e-01  7.010552082072e-02 
 1.087680410120e-01  4.977054955439e-01  1.646299085105e-01 
 7.039399575983e-01 -2.454288819122e-02  2.309060220761e-01 
 1.129577524605e-01  4.679133387040e-01 -8.491054917883e-01 
 9.571111096111e-01  3.673481950898e-02 -1.019996393014e-01 
 4.891876183657e-02  1.631283290132e-02 -3.060806997087e-01 
-1.390847465494e-01  1.664495999007e-03  2.674722909586e-01 
 3.024495149211e-01 -1.873316425480e-01 -2.146551780351e-01 
-9.697224641502e-01  1.151328525654e+00 -9.120396064454e-01 
 4.635798394684e-02  2.582104555522e-01 -3.764665285865e-01 
 1.448837498347e-02 -7.131171855867e-01  1.080945489776e-01 
 3.195312463826e-02  1.401327692229e-02  8.925916491757e-02 
 2.108899245110e-02 -1.286513195606e-01 -4.888344174663e-01 
 5.753920869629e-01  1.140055671768e-01 -2.556623577721e-01 
 7.869537990712e-01  1.657103919930e-01 -6.671249924124e-01 
-8.226894631118e-02 -4.106226526150e-01 -5.229438726529e-01 
-1.533561694127e-02 -1.989496729150e-01  1.209536710288e-01 
 5.038357859920e-01  3.667199746522e-01  1.282251519068e-01 
 9.125139039871e-02 -6.128887538052e-02  5.231905604700e-01 
 2.084368738737e-02  1.238693059003e-01  4.342516081696e-01 
-1.556996370099e-01  1.269425799574e-01  2.191115921059e-01 
-4.115510538713e-02  2.302897887840e-02  1.574194267673e-01 
-3.427658903418e-01  4.750392818248e-01  8.259161848205e-02 
-1.896222819809e-02  6.901800472304e-02  1.034960644684e-01 
 4.282171755874e-01 -7.112984986938e-01  3.673466445330e-02 
-7.700702734773e-03  6.817717144739e-02  1.565204258395e-01 
-6.996273893663e-02  4.838739164136e-01  7.008941632833e-01 
 7.974514643072e-01 -8.579244077206e-02 -3.011661358840e-02 
-2.141584878669e-02  5.662356460328e-02  4.827860474367e-02 
-9.299117582145e-02  2.571007889965e-01  2.848527592642e-02 
-1.948143721133e-01 -4.150511292148e-02  1.388994438553e-01 
-5.353322705200e-01  1.019783741607e-02 -7.764739091826e-03 
-4.900523285427e-02 -1.563549064087e-01  8.601247866807e-02 
-1.346427725010e-01 -1.323921324697e-01  1.642634935772e-02 
-3.960495613079e-02 -1.148679258478e-01 -4.654337964456e-02 
 4.009273475544e-03  9.367380229306e-02  2.397161382059e-01 
-5.433118166775e-01 -2.208203281402e-01 -2.835418681324e-01 
 4.593723214044e-03 -8.006636167318e-03  1.181613979977e-01 
-3.317004405406e-01 -4.060726027866e-01 -1.969935896295e-01 
 3.270871001334e-01  2.616726419169e-01  9.286677690083e-02 
 4.419892708701e-01 -1.745615294405e-01 -2.355424870688e-01 
 3.220024418179e-02  4.757527877784e-02  1.140030096412e-02 
 7.482295926854e-02 -1.763231028526e-02  6.301787007292e-01 
-7.088047036324e-01  4.636775297041e-02 -1.550415327560e-01 
 2.089812583505e-01  9.628085998407e-02  6.381989263809e-02 
-1.725186406612e-01  1.949460011318e-01 -1.274309034064e-01 
-1.218311980715e-03  4.223186729015e-02 -1.477460227580e-02 
-1.528593745649e-01  8.363377101718e-02 -3.115106980927e-01 
 4.596768966208e-02 -1.267215395653e-01  5.637015740681e-01 
 1.918687583082e-01 -8.015991534568e-01  1.711486760839e-01 
-3.886593221459e-01 -2.711110752038e-01 -3.480319548734e-01 
 1.801592359196e-02 -1.063726954341e-01 -9.994461288050e-01 
 1.325151614397e+00  3.305725437139e-02 -7.106250061898e-03 
-4.150839348652e-01 -7.091656616285e-03 -2.506150255874e-01 
-1.776237493925e-01 -1.927838571405e-01  3.382531484689e-04 
-1.137796096632e+00 -3.122760557209e-01 -2.020423737313e-01 
-8.665152653460e-01  9.735243034063e-01  7.685696802712e-01 
-6.839823598970e-02 -2.218478453337e-01  6.919262695938e-01 
-3.243315429047e-02 -5.238916507658e-01  4.003094946142e-01 
-3.111802377804e-01  1.233224999203e-01  1.726060119870e-01 
-2.753358700383e-03 -8.484064653162e-01  3.349864468739e-01 
 6.341455021427e-01  1.179294747934e-01  1.744772849485e-01 
-7.711995900887e-01  1.208805923954e-01  1.939242818735e-01 
-8.033066693718e-02  2.422033144792e-01  1.442827595917e+00 
-2.084815450219e-01  5.639737095385e-01  1.027717821599e-01 
-5.706625309755e-01  1.749879229417e+00 -6.057649211084e-01 
 8.788768215618e-01 -3.330535259665e-02  4.508489594756e-01 
-1.420183459981e-01 -6.117125838506e-01  4.156987751853e-03 
-8.793789524906e-01 -1.050585460408e-01  1.173221438604e+00 
 2.271509425609e-01  1.861427969202e-02 -1.895809735881e-01 
-1.532226150372e-01 -7.720365767962e-02  8.002904382297e-01 
 1.202008499480e-01 -6.657583014416e-01 -1.012782494310e-01 
-7.450882351377e-01 -1.430655406047e+00 -6.088744129431e-02 
-7.092678511391e-02 -1.273050724696e-01 -2.779343264192e-01 
 1.805855585847e-02 -7.926261794650e-02  1.461323027654e-01 
-1.577627158032e-01 -6.657988114287e-01 -1.371760562170e-01 
-5.383829113990e-01  1.893994835212e+00 -6.337693560006e-01 
-8.517269201096e-01 -2.139008714406e-02  5.192901028776e-01 
 1.477359652827e+00 -4.549730293776e-01 -7.577068343575e-01 
-1.999994971515e-02 -2.005878411420e-01  1.035267999921e+00 
-3.896314517161e-01  6.222078614952e-01 -4.227057356088e-02 
-1.674782992796e-01  5.621097250995e-01 -2.388315523284e-01 
 1.239524881872e-01 -3.507059683140e-02  3.026904595597e-01 
-3.925623542106e-01 -1.943255499725e+00 -6.297473832522e-01 
-7.396778978297e-01 -3.188595088130e-02 -6.392432944297e-01 
 7.419091395094e-02  5.886305967429e-03 -3.753479526659e-01 
-1.001060159205e-01  4.464665887948e-02 -1.432238694176e-01 
 3.428977162275e-01 -5.598556746295e-01 -2.838127773380e-01 
-1.089083273048e+00  2.175631172277e+00 -1.066735358374e-01 
-1.407306536110e-02 -2.904366629627e-01 -1.015672683075e-01 
 1.079838346213e-03 -9.367847810143e-01  8.543458733581e-02 
 1.443868507123e-02  1.135995187129e+00  9.627033854132e-02 
-2.836288545405e-01  1.730364764453e+00 -6.190728438253e-01 
-7.496909197163e-01 -3.224688223305e-02  2.959509372028e-01 
 4.568933615682e-01 -3.056580766037e-02 -1.265642319713e-01 
-3.232730237571e-02 -3.804380375988e-01  1.906912888451e-01 
-2.546961429287e-02 -4.853928739788e-02  1.146821364491e-02 
-2.931409560220e-01  2.767462184997e-01 -2.024764836201e-01 
 2.608878491637e-02 -9.311576105448e-03  2.392294732777e-01 
-1.549777883820e-01 -8.855786349670e-01 -1.532671163847e+00 
-5.564463869312e-01 -3.625600456201e-02  5.340278383999e-01 
-1.696631239406e-01 -3.227371403203e-03 -4.470251574434e-01 
-1.040980894124e-01  1.506316777399e-02  5.422501958166e-01 
 1.681317178398e-01 -1.044865884879e+00 -2.125669843943e-01 
-5.980888938431e-01  2.821626017486e+00  2.351662453722e-01 
 4.995491697651e-02  8.184148647249e-01  2.911043973810e-01 
 1.330232278715e-02 -4.338346850988e-01 -6.759851387661e-02 
 3.190618491117e-02 -3.009901393775e-01  2.845347240460e-01 
 1.058983356278e+00  2.295980959805e+00 -5.926723429907e-01 
-7.612399143250e-01 -6.981629022724e-02  4.125550154445e-01 
-2.038286734909e+00  7.364036836587e-01  7.445784939683e-01 
 4.256603388212e-03  5.232224120588e-01 -1.065133284979e+00 
 4.126798556823e-01 -2.554931895167e-01  9.840263778625e-02 
 4.612153584270e-01  1.000247723220e+00 -3.554044609857e-01 
 2.767484943847e-01  3.033639000421e-02  5.335459876128e-01 
 2.608507663781e-02  2.669733353897e-01  6.073949190232e-01 
-1.766768766718e-01 -3.846075480018e-02  7.038223087419e-03 
-4.827933316390e-01  5.275600521765e-03  5.960584608348e-02 
 4.462853769330e-03  2.163544611735e-02 -2.873728300835e-02 
 1.013985328879e+00  3.490618705915e-01  2.453533291721e-02 
-9.325963371249e-03 -9.874471596312e-01  7.192596953609e-01 
-1.131870136502e-01 -2.759540270638e-01  6.512017735603e-01 
-4.558711699888e-02  5.060344888241e-02  1.363394492576e-01 
-1.077021784912e-01 -1.784271141659e-01  1.522429113957e+00 
-2.212609555721e-01  2.078944892098e-01 -2.073759632672e-02 
-1.390815929004e-01  7.057365459381e-03 -4.300153196551e-01 
-1.212751389444e+00  4.850353799497e-01  5.137204649413e-01 
 1.144124661508e-03  1.032551879232e-01  2.500674640423e+00 
-9.709149450039e-01  8.340268335813e-01 -1.794883359073e-01 
-4.942604326317e-01 -1.356799089072e+00  3.780702994188e-01 
-4.982375693968e-01 -5.947673691433e-02 -1.161524555700e-01 
orbocc
(*)
 0.000000000000e+00  0.000000000000e+00  0.000000000000e+00 
 0.000000000000e+00  0.000000000000e+00  0.000000000000e+00 
 0.000000000000e+00  0.000000000000e+00  0.000000000000e+00 
 0.000000000000e+00  0.000000000000e+00  0.000000000000e+00 
 0.000000000000e+00  0.000000000000e+00  0.000000000000e+00 
 0.000000000000e+00  0.000000000000e+00  0.000000000000e+00 
 0.000000000000e+00  0.000000000000e+00  0.000000000000e+00 
 0.000000000000e+00  0.000000000000e+00  0.000000000000e+00 
 0.000000000000e+00  0.000000000000e+00  0.000000000000e+00 
 0.000000000000e+00  0.000000000000e+00  0.000000000000e+00 
 0.000000000000e+00  0.000000000000e+00  0.000000000000e+00 
 0.000000000000e+00  0.000000000000e+00  0.000000000000e+00 
 0.000000000000e+00  0.000000000000e+00  0.000000000000e+00 
 0.000000000000e+00  0.000000000000e+00  0.000000000000e+00 
 0.000000000000e+00  0.000000000000e+00  0.000000000000e+00 
 0.000000000000e+00  0.000000000000e+00  0.000000000000e+00 