2mocoef
header
1
MO-coefficients from MOLCAS
1
48   48
a
mocoef
(*)
 3.574960967314e-05 -1.777850058777e-04  2.894805206597e-03 
-6.216456486919e-05  6.633741241058e-07 -3.138524166563e-04 
 3.312674802503e-04 -5.182626360127e-05  1.636369200289e-03 
-2.664493858870e-05  3.271899721131e-05 -4.778063033013e-04 
-5.974509659445e-05  1.357842492997e-04  1.001088499967e+00 
 5.820842559873e-03 -6.887842662599e-03  1.198429576814e-04 
 3.662648130189e-04 -8.539066638613e-04 -4.930053713808e-05 
-3.286940115022e-04  2.098582641733e-03  3.924258487974e-05 
 2.459545220643e-05  6.857209844114e-05  6.723152920451e-05 
 2.298310738856e-04 -5.387425100946e-04  1.459515839230e-04 
 4.777672364932e-05 -1.272402933645e-05 -3.055982719465e-05 
-1.744179910322e-04  3.855029379169e-04  5.181876177559e-04 
 8.144375829249e-05  1.289599896945e-04  5.368804239978e-05 
 2.188583399658e-04 -4.303397245914e-04  2.377813390324e-05 
 1.122123245366e-04 -1.805822013663e-04  2.934794934461e-04 
 8.806366691738e-05  5.902354456923e-06 -1.746732643971e-04 
 1.001267599783e+00  7.772465072596e-03 -4.539391601046e-03 
-1.742137467077e-04 -2.737631561174e-04  1.566769480159e-03 
 5.227210346444e-04  2.477617726096e-04  6.854699580234e-04 
-6.554674352016e-05  9.068010698049e-06  5.810443470320e-04 
 4.568468583812e-04  7.711885297500e-04 -8.363167237639e-05 
 7.696970370424e-04 -3.343123484179e-03 -7.362245772805e-05 
 7.904809603718e-05  3.504257890283e-04 -1.985728508123e-04 
-1.229581535829e-04  1.904124773999e-03 -3.225902556387e-05 
 2.898643003422e-05 -3.413269790502e-04  1.518087795360e-04 
-3.571361021595e-04 -6.267416630992e-04  1.283997250913e-03 
 3.343228937668e-04 -9.394029878589e-05 -3.259815141051e-04 
 6.942421534032e-04 -4.252514017346e-04 -6.205448060941e-05 
 3.689832005826e-06 -3.844882853434e-04  5.128846651767e-04 
-3.318002605587e-04  1.163138717852e-04  1.329321321846e-05 
-3.757737838473e-04 -9.604349544716e-04  2.106193032030e-03 
-3.741996144286e-04 -7.121646113276e-05 -3.098847048829e-04 
-1.299468657998e-02  4.391916395406e-01 -1.645355142794e-01 
 2.545809109212e-03 -7.176849057210e-03  1.702276423089e-01 
 1.247879736295e-03  4.447413508288e-03 -8.203613780656e-02 
 2.642128085587e-04 -5.169454154459e-04  2.806885115823e-02 
 2.762088288295e-03 -5.455468545210e-04 -1.210908394455e-02 
 7.768270206742e-01 -1.387493043842e-01  6.561178965999e-03 
 2.031565706211e-02 -7.368753306850e-02 -1.062160958881e-02 
-6.006166077648e-03  9.285725269063e-03  2.233198669072e-04 
-6.949501590085e-04  1.183674851046e-02  9.098846728479e-04 
 3.465079016390e-03  1.192077378155e-01 -6.130671318219e-02 
-1.203213489683e-02  1.777974391686e-03  5.842987577023e-03 
 2.540605514615e-01 -1.230814382369e-01 -2.666625553339e-02 
-3.054771661333e-03 -1.414718644090e-02  2.160654681114e-01 
-1.052263183514e-01  2.424647202716e-02  4.182720827889e-04 
-1.235666904772e-02  1.218965480283e-01 -6.056894081705e-02 
 7.996714966697e-03  3.220290824931e-04  1.005562328217e-02 
 7.608624319100e-03 -6.982549492306e-01  1.538297985764e-01 
 2.556904770280e-02  2.703971955613e-02  1.313991981712e-01 
-9.145878924575e-03 -7.185469803156e-03 -1.671477137431e-02 
 3.954968833254e-04 -3.642123062529e-04  6.740237589761e-03 
 6.351795535874e-04 -8.173139983987e-03 -4.526711690054e-04 
 3.553222071908e-01 -3.097495351893e-02  6.283084710547e-02 
 7.999702763257e-03  3.073447478880e-01 -1.560621932433e-02 
-7.077355345935e-03 -5.354327216205e-02  9.374715868515e-04 
 1.245777172081e-03 -1.517480201598e-02  2.349244947804e-04 
 3.751554489074e-03 -3.092687952685e-01  1.413919112298e-01 
 2.324444900347e-02 -2.809193092408e-03 -5.643296169932e-03 
 2.934808849733e-01 -1.358938724477e-01 -2.432863297105e-02 
-3.201001832422e-03 -8.705583140659e-03  1.967487376900e-01 
-9.274012007339e-02  1.926161454887e-02  5.828171911870e-05 
-5.685253135289e-03 -3.858101001010e-01  1.846370038623e-01 
-2.506549653491e-02 -1.000351987282e-03 -1.490520464843e-02 
-6.066321932128e-05  4.667404203591e-02  6.939353366135e-03 
 2.467616070657e-01  9.468716061655e-03 -5.703790868812e-02 
-4.721507011587e-02 -2.364582548440e-03  1.900627354044e-02 
-1.887343793742e-03  3.103788866285e-03 -4.205241908004e-03 
 3.225484715405e-02  4.488650633693e-03 -4.566314929518e-04 
-4.805363528520e-02 -1.726794287437e-02  6.601376444133e-01 
 5.478441473124e-02  4.832772941552e-03 -1.133963516625e-01 
-6.163412069126e-03 -3.259362374627e-03  3.569820839081e-03 
-7.339645556647e-05 -1.724898275144e-03  6.425656050872e-04 
 2.026600305557e-04  1.819407138324e-01 -9.518311834028e-02 
-1.139152429315e-02  2.600865240631e-03  4.035946152132e-03 
 4.809270381320e-01 -2.011475718824e-01 -2.494303399905e-02 
-4.218272364534e-03 -2.412006136777e-02 -4.755077883489e-01 
 1.962030409125e-01 -2.632703697958e-02  1.658909328620e-03 
 2.551030958067e-02 -8.337351090199e-02  5.485635157704e-02 
-7.617365468302e-03 -6.061483165956e-04 -4.203893704878e-03 
-5.972660468214e-03 -1.716088648956e-03  7.822645923428e-02 
-4.047615104711e-01  3.942393113037e-02 -5.049997565650e-01 
 1.010123083780e-01 -1.137602575305e-02  1.659919121139e-01 
 3.042402170278e-03  8.539219097339e-03 -2.669600139246e-02 
 1.231268472723e-02  8.245923820124e-03 -6.805641135419e-04 
-5.381197684080e-02  2.001825786585e-02  1.184926813400e-01 
 1.024719380239e-01  4.956778336968e-01 -2.628953024540e-02 
-6.216974852953e-04 -7.694297674146e-02  1.508925405216e-03 
 7.830350632403e-04 -1.732082167226e-02  1.183012870317e-02 
 5.958873532585e-03 -1.547123391698e-01  6.167993093445e-02 
 3.757443284553e-03 -8.655226637075e-04 -1.095286884183e-02 
 3.259595321286e-01 -1.144627500680e-01 -1.797047482737e-02 
-4.782547068996e-04 -1.032702954425e-03  7.341859995690e-02 
-3.894226819010e-02  9.541376565228e-03  2.338473831917e-03 
 5.057795258054e-03  5.609760662821e-01 -2.175170611055e-01 
 2.290070597456e-02  3.094303726062e-03  1.327041894853e-02 
 6.017812887927e-04  2.270862818461e-02 -4.415387764111e-05 
 1.047511258642e-01  3.034374285791e-01  2.733228725526e-02 
-1.532392099728e-02 -6.942588439790e-02 -1.027317734108e-02 
 1.279712483715e-03  4.239089062180e-02  2.898603782663e-03 
-6.752429867785e-03  3.526322746387e-03 -1.032573274780e-03 
-5.257962762025e-02 -1.442532669345e-02 -1.030542276048e-01 
 8.278536777288e-01 -1.631148680501e-02  3.191359573151e-03 
 3.530439474652e-02  1.931684495513e-03 -4.951493178059e-04 
-1.985021534082e-02 -1.226381078613e-03 -3.725069627885e-03 
-3.092557370595e-03  8.144880942546e-02 -2.497155283946e-02 
-1.175583396375e-03  7.176287380045e-03  1.536190335156e-03 
-3.230301750149e-02  9.054821398026e-03 -1.614572322623e-03 
 2.152708852521e-02 -6.672585559867e-04  7.334258224886e-02 
-2.183376886370e-02  2.849171625258e-03  1.935681219091e-02 
-3.668105689235e-03 -9.958703677070e-02  3.880733585787e-02 
-3.576012784187e-03  7.998971962875e-03 -3.701558443460e-03 
 3.258577211411e-03  1.177557823107e-02 -7.986336607576e-02 
-5.062703178466e-01  7.034270366833e-02  3.764467764769e-01 
 9.299997705598e-02 -1.265066839341e-02 -1.095838640955e-01 
 5.355205216782e-03  1.671789083769e-03  2.848945389227e-02 
 1.857345834865e-02 -1.016689882894e-02  1.222530624089e-03 
 6.535401892259e-02 -2.018340764983e-02  2.040820655206e-01 
 9.428076985491e-02 -4.022225747968e-01 -2.384779787734e-02 
-4.593082376314e-03  5.160626744835e-02  9.490741515109e-04 
-5.132053751928e-03  1.193897923229e-02  1.976350947549e-02 
-5.316148311301e-03 -5.989260216803e-01  2.143811158075e-01 
 2.446709162276e-02 -3.861328978926e-03 -8.764003751481e-03 
 7.450912181922e-02 -1.372297135587e-02  1.078973799258e-03 
 1.892070989300e-03 -8.652515136877e-03 -3.698710638449e-01 
 1.135848689288e-01 -1.836978570380e-02  2.172674424866e-03 
 5.976553501415e-03  2.150332579771e-01 -8.181543032848e-02 
 5.957864437743e-05  2.197392754338e-03  1.492527043327e-02 
-8.501653984284e-04 -6.957233805135e-02 -5.146582616704e-02 
-4.978235592712e-02 -9.263846091667e-01  4.329113141797e-02 
-7.037654870532e-03 -1.146314671456e-01 -7.421337529020e-03 
 2.139909817391e-04  1.513698059910e-02  1.866481192471e-03 
-2.523095226434e-03  3.358562198722e-03  3.975080240785e-05 
-1.019478566949e-02 -1.520042341872e-02 -1.284484090438e-02 
 4.038031298447e-01 -2.573394037608e-02 -8.415493429768e-03 
 1.884549427961e-01 -6.617656850205e-03  8.819015431332e-04 
 1.957217786861e-02  4.563027289239e-04  3.336616251144e-03 
 5.496603732946e-04  6.072736860798e-02 -5.932617022334e-03 
-3.243274670306e-03 -2.103228863891e-02  1.492077208646e-03 
 5.104854220310e-02 -5.154148559558e-03 -1.963574800116e-03 
 1.305865338040e-02 -8.138199299922e-04 -3.499199947609e-03 
-1.683238000368e-03 -4.475689025500e-04  1.238539165048e-02 
-1.046736849412e-03  3.990031781863e-02 -1.181032874872e-02 
 8.446009775159e-04 -2.553946175997e-02  2.672863868749e-03 
 1.582978217714e-02 -1.115820891296e-01 -7.630961216431e-01 
-8.111248748175e-02  2.878099731768e-02  1.926735460546e-01 
-1.491380367971e-01  6.511189544510e-02  2.049706404333e-01 
 1.739996491303e-03 -2.747399425469e-03 -1.205784217490e-02 
-5.519651175410e-03  1.833327821376e-03  2.942959606562e-02 
-2.672190977278e-01 -8.865495637688e-01  1.225383432843e-02 
-4.122481687228e-02 -1.856897744326e-01  2.503779731817e-02 
-4.730753627050e-02 -2.731864450637e-01 -9.404960135036e-04 
-1.967352745681e-03 -2.032016106034e-03  6.492137590912e-04 
 5.112863053969e-04  8.668456206742e-02  6.052252419697e-01 
 3.052199357534e-03  9.682663671454e-04  1.138837160572e-02 
 1.959138560564e-01  6.764060466272e-01 -2.837843769030e-03 
-2.380453149791e-03 -7.181220763942e-03  1.927402296860e-01 
 6.546237966537e-01  2.623858571034e-03 -5.131077159546e-04 
-8.169206241983e-03  2.530628922725e-02  3.771131433804e-01 
-4.212497378786e-03  7.798349706249e-04  1.265780775274e-02 
-4.991790139585e-03  4.838187581718e-02  1.832670391425e-01 
 3.033219973566e-01 -2.855909443550e-02 -1.641947086087e-02 
 5.604304565483e-01 -5.501310376094e-02  3.977593164701e-02 
-2.693024209417e-03 -3.760432884291e-04  2.499560264467e-03 
 2.323145785586e-02  1.972432800643e-03  8.126902483334e-03 
-3.759063929206e-02 -2.092010852274e-01  3.515620222563e-01 
 2.028019449656e-02 -6.655710892189e-02  3.253809973525e-01 
 3.294463705891e-02 -2.604938105852e-02  2.391423547084e-03 
-4.142334965272e-05  2.038202199964e-03 -2.169061070552e-02 
-8.607376569902e-04 -1.447872349920e-01 -1.011321375993e+00 
 2.433963193180e-03 -1.047191117199e-03 -1.190688102340e-03 
-1.019870880731e-01 -6.931379528910e-01 -1.222753153210e-03 
 6.427242170735e-04 -2.665433309923e-03  2.163735542282e-01 
 9.809333166976e-01  1.405049784464e-03 -5.164132428582e-05 
 2.783442974436e-03  6.372112686326e-02  7.039876207724e-01 
 5.935444638032e-04 -1.508585066106e-03 -6.556566171221e-04 
 2.917659250237e-02 -3.385035918730e-01 -1.430533636443e+00 
 4.732341210176e-02  5.158778766795e-02  1.397342093198e-01 
 1.624080739130e-01  7.322621380328e-02  3.941659327504e-01 
-1.798607307577e-03  4.457280524843e-04  1.238742494450e-02 
-1.041433790626e-03 -5.719843966942e-03 -1.498828373766e-02 
 1.814003992825e-01  5.094263250025e-01  5.018938636270e-02 
 1.816848735323e-02  3.881941623624e-02  4.125750060363e-02 
 3.301977171778e-03  6.812434651183e-02 -6.283032921301e-04 
-2.033395543769e-03 -1.082160676835e-02 -6.837269531937e-03 
 6.124623736781e-03  1.166629516936e-01  8.565284625707e-01 
-3.509809617684e-03  1.035613776754e-03  1.176781533604e-03 
-1.217492467203e-01 -6.911570627261e-01  8.124261718085e-03 
-5.602440074983e-04 -6.922096438485e-03 -6.582897159323e-02 
-3.099181491064e-01 -7.581514330129e-03  6.243875055298e-04 
-5.667925862469e-03  1.549226319067e-01  1.464023982269e+00 
 6.215492675512e-03  2.166947171463e-03  4.182097691388e-03 
 2.825618084634e-03 -2.190934303902e-03 -1.822497511890e-01 
 3.748844714964e-01 -3.552551555141e-02  1.564496824505e-02 
 1.127081265438e+00 -3.166512747600e-02  1.206730718789e-02 
 1.194732288713e-03 -2.166226604695e-03  4.484937898593e-03 
 4.412797821186e-03 -6.393657418905e-03  5.862865198339e-03 
 2.186543636003e-03 -1.647411528470e-01 -3.024914739680e-01 
-2.239522777068e-02 -5.790346015984e-02 -6.430371084096e-01 
-2.212820387981e-02 -5.386324061525e-02 -3.619805426334e-04 
 2.649807271471e-04  5.107773052577e-03 -1.778848075145e-02 
-6.622455335716e-03 -6.916554013118e-02 -1.549542078594e+00 
-1.947829862853e-04  2.882382299319e-03 -3.393498197307e-03 
 3.420643150046e-02  1.180323892607e+00 -1.779663498243e-02 
 1.564396780127e-03 -6.302446806990e-03 -4.922152560378e-02 
-7.664473181570e-01 -6.333662412157e-03 -1.845377249185e-03 
 9.795663730568e-03 -2.779892852312e-02  1.652433621878e+00 
 4.587005318862e-03 -3.533983502358e-03 -2.508263386225e-03 
 6.089154454413e-02  6.798201158280e-02 -2.057094611319e+00 
-3.540793223118e-02 -2.323865543058e-02 -9.852030293149e-02 
-2.131514139832e-01  5.993252005280e-02 -2.317075800269e+00 
 8.237099120245e-03  8.337903162843e-04 -4.324305821273e-03 
 2.141735535882e-03 -4.636406625734e-02 -5.978690145000e-02 
 3.268965081574e-03  1.920071148567e+00  2.238258785664e-02 
-1.031718919956e-03 -3.847624405597e-01 -1.933111960936e-02 
 3.015827885117e-02 -1.153532215375e+00  1.889637128331e-03 
-1.744363503399e-04  3.108882170496e-02 -4.332918302496e-03 
 1.482278327909e-02 -3.449564009745e-01  4.807217813996e-01 
-1.828101977746e-02  2.310963122423e-03  8.586005741709e-04 
 1.125332365745e-02  4.892444785901e-01  5.071702433035e-03 
 4.168792851006e-05  1.256121760332e-02  8.860031718542e-02 
 5.538872957953e-01 -6.949208500920e-03 -1.003774387444e-06 
 2.510039145674e-02 -5.480819116715e-02 -5.602519576537e-01 
 3.089207217809e-02  5.285606591786e-04 -1.137629020446e-02 
-5.951671276053e-02 -8.865991761551e-02  5.708278785417e-01 
 3.609132185546e-02  5.062366719869e-02  2.150432628377e-01 
-3.667199522946e-01 -1.099362758410e-01 -3.456316443204e-01 
-8.556431798669e-03  1.188237457101e-04 -2.171166600146e-02 
-1.824692102982e-01 -1.372021946902e-01 -4.980593673544e-03 
-3.342944996460e-02 -2.287520955867e-02 -8.306520142648e-02 
 1.858777354619e-02  1.642860483554e-01  7.737142481976e-02 
 1.103137354766e-02  2.113124476121e-01  4.043895938182e-03 
-6.150807018163e-04  2.416998040575e-02  8.713232429175e-02 
-5.298720579374e-02 -1.527200675455e-01  1.617057370667e-01 
-3.001760691935e-02 -7.977819463971e-03 -6.359207308629e-02 
 1.767356578000e-01 -3.271297374703e-01 -2.659124259419e-02 
 3.934441034836e-03  1.031721562707e-01 -1.203791504109e+00 
 1.120479253250e+00  5.468343398420e-02 -5.291919769482e-04 
-5.171552499830e-02 -1.305405102407e+00  8.987182125613e-01 
 6.969101641671e-02  3.517832291607e-03  6.631417164513e-02 
-1.492652412921e-03  8.224474174772e-02  6.021845033882e-01 
-5.507688281888e-02  4.577892024132e-01  2.078181001131e-01 
 4.928143545576e-01 -6.898585809889e-01  2.695370958747e-01 
 2.696538744405e-02  3.087159206321e-02  2.592783665772e-02 
 1.511177716881e-01 -1.211763604886e-01  1.518532904998e-02 
 9.533724938126e-02 -5.504739557764e-01  1.148590151151e-01 
 1.240416702374e-01  1.000170796019e-01 -1.114741740330e-01 
 9.019821462346e-03  6.302873982269e-01 -1.727908525823e-02 
-2.762952309922e-02  2.508251210916e-02 -7.272682348091e-02 
-9.998048450322e-02 -1.014672631560e+00  7.500376511121e-01 
-3.609855279099e-02  1.159552143962e-02  3.969901712769e-02 
-1.370042103578e+00  1.098729557918e+00 -1.072624569638e-01 
-1.131055102936e-02 -5.303746678203e-02 -3.390195148267e-01 
 1.094820552928e-01  5.855474268462e-02  1.657538887328e-03 
 1.021319018423e-01  1.913347265298e-01 -9.669063346322e-03 
-5.423403967475e-03 -1.613523303143e-03 -2.911066031657e-02 
 1.404186444762e-01  4.431749506949e-01 -7.379359912036e-01 
-1.269312102438e-01 -6.679448235340e-01  5.505836742020e-01 
 8.715676743449e-02  9.041208581643e-01 -8.059293500778e-01 
-2.921267658693e-02 -1.552965756280e-02 -4.544015227511e-02 
 2.840527851734e-03  1.312742215512e-01  3.208733351507e-02 
 2.571214446889e-01  1.487764309318e-01 -4.453473737412e-02 
-8.680271801265e-02  1.520577972012e-04  1.013424344874e-01 
-1.937954593068e-02  1.600190644797e-01 -1.026459019785e-02 
 2.206043856393e-02  7.752498941343e-02  1.991762714405e-02 
-6.499753557184e-02  8.369142616348e-01 -7.639980215073e-01 
 8.107495000258e-02 -2.002891612913e-02 -8.958735593907e-04 
-7.206111938137e-01  6.413096598929e-01 -8.264804529990e-02 
 2.587137407932e-03  5.459336922841e-02 -8.746123245850e-01 
 9.683758967027e-01  9.804303548763e-02  1.700955628521e-02 
 4.509264865268e-02  6.223393009757e-01 -5.949169903918e-01 
-7.415655558883e-02 -1.378065682548e-02 -4.837454044639e-03 
 1.239069627819e-01  4.259687581820e-01 -7.728775531993e-01 
 1.621832456598e-02  1.138289556906e+00  2.915262107388e-01 
-2.163998681279e-01 -1.416852865102e+00 -6.849595115505e-01 
-2.548939876129e-02  5.091551037501e-02 -3.071938197352e-02 
-5.370146299708e-02  1.522164134874e-01  1.115431478606e-02 
 7.278106524564e-02  3.283622966190e-01 -1.085502278762e-01 
 1.256530009338e-01 -1.063429620457e-01  1.506480621279e-01 
 2.610781393755e-02 -9.297908798269e-02  2.030741076965e-03 
-5.308061014303e-02  3.370493500253e-02  3.949981526042e-02 
 1.554864086277e-02  8.991598612247e-01 -8.501994171934e-01 
 8.590019016632e-02  1.531323142655e-02 -2.224499285215e-02 
 1.828008148324e-01 -3.711692027944e-02  1.531197825872e-02 
-2.150112531458e-02  6.380221509318e-02 -2.314313286879e-01 
 3.918342405597e-01  2.217996486333e-02 -2.519969021916e-02 
-1.249597742545e-02  3.363449540443e-01 -4.458862203105e-01 
-5.678037018986e-02  4.042581700235e-02 -1.127911585647e-02 
-1.504587251631e-01 -9.055542150282e-01  3.101887420041e-01 
 1.720061638316e-01  8.339330228763e-02 -1.080410966976e+00 
-3.115343911343e-01 -8.065376626819e-02  7.778014998697e-01 
-5.983895446586e-03  7.556169474320e-03  1.450932183834e-01 
-1.929205219115e-02  2.686215926681e-02  5.946331467983e-02 
 6.225621038696e-01 -5.541938095309e-01 -1.524814913829e-01 
 3.691335777831e-02 -8.764099295060e-02  1.947814194130e-01 
-2.176151898186e-02 -5.914111090622e-01 -1.012120527031e-02 
-4.644764952017e-03 -1.152568945872e-01  1.798019845958e-02 
-1.078339275726e-01  3.185827856292e-01 -2.212502159770e-01 
-1.369382908147e-02  5.976082332663e-03 -3.377734595461e-02 
-5.129977338976e-01  6.127573760288e-01 -6.839835542033e-02 
 1.405749606062e-03 -7.923708509363e-02 -8.957817185171e-01 
 1.100522682870e+00  9.921131150583e-02  5.114401602960e-03 
-1.505894429783e-01  2.701074771401e-01 -3.763761814254e-01 
 1.697709770808e-02  6.436837201282e-03 -3.816170515776e-02 
-8.973667693277e-02 -3.887517360159e-01  4.825805246903e-01 
-1.312065708095e+00  6.116811861718e-02 -1.086393078129e-01 
 3.357996410085e+00 -1.542481191707e-01  4.374972994784e-01 
 4.312953455380e-03  6.091017449069e-03 -4.009394884227e-02 
-1.828565411144e-01  1.226686286755e-02 -6.719274882651e-03 
-3.123752059226e-02 -2.060223808048e-01 -1.066924913191e-01 
 8.513284895472e-04 -6.121590271285e-03 -2.412787542830e-01 
 6.105793975411e-03 -3.105097949129e-02  1.373785112560e-02 
-3.440742164936e-03 -2.231499401534e-02  5.007326256790e-02 
-7.182856413078e-03 -3.429338255845e-02 -1.767884698940e+00 
 2.062989365433e-01 -9.668600178488e-03 -6.060055226651e-02 
 1.461423008472e-01 -2.907016322232e-01  3.907224217647e-02 
 2.320345478952e-02 -4.729385622049e-02 -1.286035654289e-01 
 3.305611139072e-01  2.483849560156e-02 -1.701546651586e-02 
 1.610450404739e-02  6.171916162761e-02  1.694543203696e+00 
 1.593752933861e-01 -1.065782407915e-02  8.558055297065e-02 
 1.844072636261e-01  8.511083163505e-01 -1.195366595385e+00 
 1.987904441856e-01 -5.241640111068e-02  1.465253460973e-02 
 1.022818053851e-01  9.220396458426e-02  4.333089586886e-01 
 9.474571319019e-02 -1.624512131891e-02  3.820681472466e-02 
 2.720559304673e-03 -6.776887726387e-02  2.919855141385e-03 
-5.696981939409e-02 -5.025866836753e-02 -1.004418626980e+00 
 1.836254965492e-02  1.606722634238e-02  1.459272363318e+00 
-3.176189178856e-03  1.968792052276e-01  4.073613756250e-02 
 1.281202855620e-02  1.551273207651e-02  1.189009998620e-01 
 2.836131919839e-02 -7.543128072537e-01  1.056814957558e+00 
-6.781119943299e-02  4.445546038335e-02  1.094697914997e-01 
 5.306426475847e-01 -1.443591063159e+00  2.395060448955e-01 
 5.350055798184e-02  1.413344491508e-01 -3.931089357554e-01 
 1.060499788594e+00  1.929272436442e-01 -2.308549899709e-02 
-8.568969735821e-02  7.554709841872e-01 -2.503204981287e-01 
 3.299452909393e-02 -1.876516944200e-02 -5.573859416596e-02 
 1.835602524834e-02  8.834911805404e-02 -2.432739368540e-01 
 8.726551198591e-03  2.331571951295e-01 -3.694319615131e-02 
 4.402435619776e-02 -6.825316684634e-01  3.474301907296e-02 
 2.128386114621e-03 -1.593231282205e-01 -2.477735889701e-02 
 9.269809015002e-03 -1.898706092519e-02  2.092255554013e-03 
 3.680395435004e-02  7.828866344425e-02  3.673819363733e-02 
-1.402681002915e+00  2.961350410656e-02 -3.868381374441e-02 
 1.943797903746e+00 -4.686235667197e-02  1.850670457736e-04 
 3.609626415610e-02  3.422376002553e-03  3.379625094152e-03 
-2.974850489186e-03 -3.800242199046e-02  7.356302888817e-02 
-5.086623962567e-03  1.416595952878e-02 -1.377828968503e-02 
-6.752988736706e-02 -2.583825211580e-02  1.815084271605e-02 
 1.099486131148e-02  2.698889675192e-02 -8.603810729853e-02 
 8.006996697194e-02  3.542398108980e-03  4.245654800586e-02 
 1.572533755797e-02  5.840622852417e-02  2.229887943100e-02 
 7.987780795119e-03 -3.252000849624e-02  4.449040357236e-04 
 6.841743946019e-01  3.117765876598e+00 -5.742327182935e+00 
-1.054931873586e-01 -2.221009588323e-02 -4.995967713033e-01 
 1.348572898620e-01  1.484635863738e-01  5.929477069631e-01 
-4.527869879596e-02 -1.432868681282e-02  4.883896474771e-02 
-1.151267602057e-01 -9.762477615440e-02  6.562419127315e-02 
 3.664922282829e-01  1.009941691000e-01  1.932863282937e-01 
 4.724555073012e-02  1.788234408076e-01 -2.524240070923e-01 
-6.398639486049e-02 -6.784678056208e-01 -2.352297717997e-02 
-5.762516946029e-03  6.921189638616e-02 -3.784642524724e-02 
 9.578266339224e-04  2.252996644325e-01  7.662002962034e-01 
-1.472465501853e-01  1.659071690191e-02  4.760508226451e-02 
-1.590402538063e-01  4.247302255889e-01 -1.077489094879e-01 
-4.397962952500e-02  4.955222223619e-03  7.768890940355e-02 
-1.191652121034e-02  1.618939526460e-02  1.606579582100e-02 
 5.650898166611e-02 -1.614848925393e-01  1.547043888158e+00 
 2.148679136168e-01  4.473606387046e-02  1.662727546842e-01 
 8.486334760485e-02  2.059783588225e-01  1.362124919218e+00 
-4.517195211008e-02 -5.218037106802e-02 -3.089057205563e-01 
 2.295873342691e-01  5.114706802951e-02  1.930693334877e+00 
-5.484541878596e-02 -1.866869127921e-02  3.776823970824e-01 
-8.669457228307e-03 -6.579359316955e-02 -4.444608852851e-02 
-2.597577504126e-01 -6.940557535658e-01  7.624493125286e-02 
-1.793256245203e-02 -1.199022874947e+00 -1.135811372364e-01 
 2.108997822125e-02  2.839196966055e+00 -3.334642786926e-03 
 1.300396848482e-02 -1.046679911480e-01  8.518732718448e-03 
 3.195091015180e-02  1.016890995544e-01  1.895937528406e-01 
-3.569907105382e-02 -2.198805611248e-02 -1.107174265487e-01 
-6.902309313284e-02 -7.644252621466e-01  1.277852685334e-01 
 1.884389322294e-02  8.899643307868e-02 -1.255337833803e-01 
-7.632880971003e-01 -1.501432394387e-01  1.911005578792e-02 
 1.023579776923e-01 -2.807235451637e-02  6.015303404894e-01 
 2.629541865303e-02  2.246009023440e-02 -2.814501833506e-02 
-6.512122532464e-02 -2.730855481667e-01  2.136046855702e-01 
-9.332581966799e-02  5.842865482099e-03  1.835669788084e-02 
-4.204309866195e-01 -1.580318600343e-02 -3.389105750741e-01 
-5.628407438189e-01 -2.090697367556e-02 -4.820073906304e-02 
-2.138084977208e-03 -7.822484568809e-02 -3.833812525668e-02 
-1.567324283808e-01  4.710046154555e-01 -3.375167035980e-01 
-7.612330386449e-03  7.200713453018e-02  1.029808502447e+00 
 7.498626671642e-02 -2.564642467843e-01 -1.308186245169e-01 
 2.028771186865e-02 -7.502170036062e-04 -3.563459631629e-03 
 8.678090110567e-03  1.590900913536e-01 -9.672037465019e-02 
 1.992772210515e-02 -3.034223646714e-01  9.449169115545e-02 
-4.225131114208e-01  2.370319760106e-02  1.079937967363e-01 
-1.123710160175e-01  3.234599478710e-02  4.037739310760e-01 
 3.674565667992e-02  8.010354255979e-02  1.540284279979e-01 
-1.497888435530e-02 -2.475454078108e-01 -1.187211536716e-01 
 5.872710796637e-02  2.386402295395e-01 -3.856406920248e-02 
 2.942668689269e-03  1.344699007470e-02  3.633432614940e-02 
-3.248920611304e-03 -1.165535697204e-01  3.034272198720e-02 
-3.812194187117e-01  2.629021709562e-01 -5.019327494296e-02 
 4.933816469704e-02  5.947702805626e-01  2.984656629408e-02 
-8.435609790164e-02 -4.246890017351e-03  4.029440596952e-03 
 1.917065421813e-02  2.766168779984e-02 -1.265318306810e-01 
-2.825904796039e-01 -2.844631702369e-03  5.889400778759e-01 
 1.635457613019e-01  3.503174436923e-02 -1.383393568437e-01 
-1.836925128253e-01 -5.589303797648e-03  9.249224593605e-03 
 2.738177269477e-02  1.211685520931e-01  4.635121797406e-02 
-1.595817367834e-02 -3.518013889424e-02 -5.072380073963e-02 
-3.159517991026e-01  5.091193126565e-02  1.112932323081e-01 
-4.308228934047e-01 -1.837864641289e-02  2.795844229045e-01 
-6.197472422810e-02  2.398220545496e-02  7.645455172850e-02 
-3.079999818757e-02 -1.327604631811e-01 -7.685706663146e-02 
 2.826369943485e-02 -2.976160749893e-01  5.880492392705e-03 
 5.190910780395e-02  2.201413263544e-01 -4.631964074820e-01 
 1.963435196733e-02 -7.393266895759e-02  7.770155163150e-03 
 1.687546099617e-01  1.663263616091e-01  6.964279730487e-02 
-1.637021478950e-01  3.670058906378e-01 -4.635209419938e-03 
 9.513458753632e-02 -9.138975863430e-02  5.922646785227e-03 
 2.053950245340e-02 -1.416356710604e-02  6.920302795221e-02 
-2.395965224941e-01  5.347109784169e-02 -3.737659433701e-01 
 1.448065331099e-01 -1.031097826492e-01  2.250653928257e-01 
-1.252790502843e-01  3.120798439365e-03 -6.252190679980e-03 
-3.331670922161e-02  5.611768851673e-02  2.902591599485e-03 
-5.145125215108e-02 -2.714552778823e-01 -3.598490102911e-02 
 2.489227737373e-01 -6.307831018672e-02 -2.453866482566e-02 
 3.280039911902e-01 -3.793429396051e-02 -1.858959317751e-01 
 6.586418886852e-02 -1.070001616530e-02 -5.758212778318e-01 
 3.209509038819e-02  1.592277698729e-01  4.983074336039e-02 
 1.119886680139e-02  3.852089213930e-02 -4.782202723578e-02 
-9.945503179652e-02 -4.327963098845e-01  1.413459912512e+00 
 1.046497036204e-02 -1.032968689256e-03  1.866585787547e-02 
-1.603396377486e+00 -5.584793551241e-02 -7.082435899127e-02 
 1.088387408569e-01 -8.427928090838e-02  1.122432003892e-01 
-1.148150420895e-01  7.587106752431e-02  2.528042218016e-01 
 1.106280787986e+00 -1.789373492350e+00 -4.178111249213e-01 
-6.219415959019e-03 -1.542790536040e-01  1.815146009473e+00 
 8.531699171589e-02  3.528598270004e-01  8.313205808930e-02 
 6.205514231817e-03  2.127922321664e-02 -1.285817215074e-01 
 3.556401563663e-02  4.554326391141e-01  1.192846227499e-01 
-2.933594419723e-02  6.389853373145e-02 -1.031889667157e-01 
-7.173815743584e-01  2.353459838287e-01  1.649038865260e-01 
 1.333238250278e-01 -2.764261767576e-01  1.023050194407e+00 
-2.412609010797e-01  3.651807836254e-01 -1.260805211114e-01 
 2.299892094234e-01 -9.934665931999e-01 -2.460442884571e-01 
-1.141765581773e-01 -4.954753270599e-03  2.883691396249e-01 
-9.173186645629e-02 -3.777486493199e-01  2.767472301827e+00 
-6.634013550859e-02  1.457007751631e-02  3.011565739490e-01 
 7.762981919850e-01 -5.795791447023e-02  1.489151468871e+00 
-1.979603320039e-02 -5.860951870186e-02  3.675280367076e-01 
 9.434920320956e-02 -2.318676911583e-01  7.453018407412e-01 
 3.080570190673e+00 -6.515714049688e+00  4.046531118831e-02 
 6.629048301173e-03  1.140803173815e-02 -4.348228673062e-01 
-6.547090116106e-02  8.663584990417e-01 -1.504789657801e-02 
 9.108730165316e-03  8.887597562585e-02  3.790021014779e-02 
 7.745893884644e-02 -7.457745908699e-02 -4.241257541054e-01 
 7.987117308602e-02 -8.064269942962e-02 -4.085300384883e-02 
 9.802179437747e-01 -1.878841591396e-01 -2.972916540776e-01 
-1.421146242807e-01  7.251630416888e-02  5.094651912774e-01 
-1.172825621772e-01  1.234111407994e-01 -7.316387857723e-03 
-1.268174550189e-01  2.544007182362e-01  1.536330162160e-01 
-9.004421568478e-03 -2.163957036314e-02 -1.334339291017e-01 
-2.555593607408e-02 -9.974902295370e-02  4.455805249077e-02 
 4.025550587915e-02 -9.474070941596e-03 -7.299053851486e-02 
-1.942648053020e+00  4.775896504795e-02 -5.574447886583e-01 
 1.242882608517e-01 -1.823850063214e-02  8.680096065743e-03 
 2.626323364975e-01  1.839439742095e-02 -7.906717961172e-02 
-3.021265840474e-01  9.137493645252e-01 -1.849222481775e-01 
-1.676899008996e-02 -1.031956215258e-01  1.092043610116e+00 
 8.529923629133e-02  9.280411528282e-03  4.701497752215e-02 
-6.993733730161e-03  2.340281096665e-02 -6.115196450635e-02 
 3.427230617529e-02  1.048860048261e+00  2.316996351639e-02 
 3.288166202032e-01  1.067202450116e-01  5.040636314635e-01 
-5.974427012822e-01  1.704350738568e-01 -1.201949324321e-02 
 5.303899011272e-02  1.344704461820e-01  3.732981144903e-01 
-1.681908778054e-01 -1.120686880547e-02 -9.477145268119e-02 
-1.033678530517e-01 -1.364445727373e+00 -6.817454268247e-02 
 4.055788972975e-01 -1.301884231097e-01 -2.378764389123e-01 
-2.033481806797e-01 -7.502896250689e-01  2.595853989414e+00 
-1.339667152900e-01 -7.861599522566e-02  1.715224504959e-01 
 9.270657790412e-01 -2.056638366031e-01  3.364894746367e-01 
-1.176216024602e-01  4.452456747930e-02  2.986158354344e-01 
-2.449651082334e-02  7.269539337648e-01  4.349658002378e-02 
 1.041660543607e-01 -1.316892203593e+00  7.555124468247e-02 
-1.265995305126e-01 -1.462349566566e-01 -4.419174796975e-01 
 2.780154782434e-01  1.111626406749e+00 -5.917140736848e-03 
-6.282436757064e-02  2.718704146696e-02  1.314686211580e-02 
 2.286335653862e-01 -1.372688462432e+00  3.380589650975e-01 
-7.111304454227e-02  3.796961895013e-02  3.086533236074e-01 
 3.256417916733e-02 -1.012476304233e-01 -1.464121046979e-01 
-1.179215200108e-01 -9.492064681913e-02 -3.900385003050e-01 
 8.045824380069e-02 -1.717219766364e-02 -1.621479679782e-01 
-2.778552591616e-01 -5.872500871080e-01  4.995621045010e-01 
-5.636180547363e-02  1.569755302741e-01  1.918961622768e-01 
-2.419554089518e-03 -1.126633454190e-01 -6.519856001466e-01 
-1.143815420587e-01  9.958273322154e-02 -3.143308205210e-01 
-3.399893140156e-01  1.028545604342e-01 -5.721256932009e-01 
 5.671206790078e-02 -2.628870935864e-02 -2.594534309685e-01 
-1.088246462773e-01 -1.017092131573e-01  6.487555808517e-02 
 4.170469248614e-01  5.807821883262e-01 -4.611498023537e-01 
 2.950411209169e-02 -3.050874682621e-01  1.568231137402e+00 
-5.504721391331e-02 -2.983855430745e-01 -6.043083923415e-03 
 2.686517647982e-02 -4.485762771911e-02 -1.388782984126e-02 
-5.582158386709e-02  2.637089808088e-02  1.192888355140e-01 
-5.310594132589e-02 -1.984730097273e-01  8.004335588149e-02 
-8.704268856584e-01  2.769221745988e-01 -3.000788373446e-01 
 1.401668793330e-01  5.495072726315e-01  8.899376961166e-01 
-1.843880788245e-01 -3.492584897591e-01 -3.081357754387e-02 
-2.591560583232e-01 -3.617031119718e-02 -1.731660419882e-01 
-2.087421375086e-01 -2.059712941950e-01  4.603935291107e-01 
-1.356528249748e-02  1.469935547127e-02  4.295281384532e-01 
-1.053953468018e-01 -2.630933525063e-01  3.032674094064e-01 
-7.742889260679e-01 -2.279634255006e-01  2.769730087518e-01 
 7.594337704695e-03  5.362909777420e-02  2.247701684962e-01 
-2.610027128028e-01 -6.987358595621e-02 -7.529127403977e-02 
-3.785273120465e-01 -2.362222031249e-02 -4.205090398565e-01 
-1.087531644674e-01  3.613964329776e-01  1.803938195673e+00 
 4.474085643709e-01 -1.410666832031e-03  4.288296195342e-03 
-6.183889251394e-02  5.825354673490e-03  2.041944225877e-02 
-5.184867721328e-02  2.095787663612e-01  1.661549917000e-01 
-1.129604549049e-02  5.156906415643e-01 -3.281196925273e-01 
-1.094046636830e+00  2.550827684299e-01 -1.305833676972e-01 
-1.161481494333e-01  1.245455759456e-01  9.998507095473e-01 
-3.873620431434e-01 -2.447724157835e-01 -2.789836914097e-01 
-2.562952189698e-01  3.399737826792e-02 -3.516508210995e-01 
 8.751928501844e-02  4.944484616874e-01 -2.542775546498e-01 
-1.332673474973e-02 -1.797527114693e-01 -9.233620293674e-01 
 6.411626963678e-02 -1.720419936321e-01 -4.869227830250e-01 
 4.532756080413e-01 -2.743952966873e-01 -4.883909321261e-01 
-1.340825914385e-03 -1.045930262218e-01 -4.505339721714e-01 
 2.359505796534e-01 -2.346583685711e-01  5.731756279141e-02 
 3.840098242173e-01  7.493950336965e-01  1.793351200551e-01 
 2.350546471741e-02 -3.808121998881e-01 -9.838383186804e-01 
 5.932563980817e-01 -4.786819230005e-01 -9.976442756683e-03 
-6.878657323113e-02 -3.859197365372e-02 -1.371710535258e-02 
-6.617909395998e-02  4.024750437380e-02 -2.284827579922e-01 
 9.825824997846e-02  2.766739871192e-01  1.553594727560e-01 
 5.540514076905e-01 -6.575792682509e-02  1.358969853233e-01 
-5.867613330850e-01  2.010024974605e-01 -5.467274816193e-01 
 2.841079418410e-01  8.427597308298e-02 -4.563583301829e-01 
 2.798652858434e-01  9.918932234611e-02  1.262760761712e-01 
-1.463976017900e-01  3.320317880386e-01  2.654497559201e-01 
-1.031038001215e-01 -4.556662287860e-01  4.390084076104e-01 
 1.697167821252e-02 -1.229897872136e-01 -1.277604506659e-01 
 3.537815533600e-01  6.867802128782e-02  8.523698305922e-03 
-2.085157801779e-01  6.374870997089e-01 -7.693821363034e-02 
 2.134516871444e-01  1.054918199509e-02  1.829155395738e-01 
 8.125433383368e-01 -9.519987391172e-01  1.020688708788e-01 
-1.489450817534e-01 -6.108670399627e-02 -5.611631891590e-01 
-4.745988644740e-01 -2.511587248099e-01 -2.762226608476e-02 
-5.453221713955e-02  2.310144745511e-03 -3.973527696660e-02 
-6.669519363907e-02 -2.134045928292e-01 -5.797830771350e-02 
 5.737375667447e-02  5.340134735170e-01  3.182024604823e-02 
 6.871712985117e-01 -2.330695972417e-01 -3.024309704098e-02 
 4.944373055701e-01  2.185369073345e-01 -6.767004708350e-02 
 3.858085704360e-02  5.990697353325e-02  4.865162769505e-01 
 1.720706615151e-01 -1.588276888462e-01  2.391272383413e-01 
-1.724993563124e-02  3.181945226142e-01  1.755247181820e-01 
-1.699129956848e-01 -7.420540092105e-01  1.499221837831e-01 
-7.451054173602e-03  6.054314981839e-02 -3.156309332581e-01 
-3.617810257029e-01  1.107231388961e-02 -5.099989274493e-02 
-1.745760502547e-01 -1.093199556412e-02  1.255552831507e-01 
-5.753011316447e-01  8.875231416939e-02 -5.674513659002e-03 
 7.131190648177e-02  3.422597523693e-01 -1.305394128449e-01 
 3.687242189568e-03  2.371732060577e-01  2.923322134906e-01 
 2.286383420269e-02 -9.449680826227e-01 -6.887679184120e-02 
 3.673328605164e-02  6.434876397348e-03  1.862562741377e-01 
-8.856077108195e-02 -2.820057160585e-01  4.245839333538e-01 
-2.100756152338e-02  9.702853813295e-02  4.806775586567e-01 
-2.395538132251e-02  1.109210348681e-01 -1.557303792340e-01 
 2.670736204660e-02  1.746118264604e-01  4.664578217253e-01 
-2.960990527569e-01 -6.331855978229e-02 -1.248932580376e-01 
 7.078676065801e-01  3.605323591274e-01 -5.286976050015e-01 
 1.558252947070e-02 -2.046073445640e-01 -2.387147148461e-01 
-5.432614952301e-02 -2.292242288774e-01  6.351704486774e-03 
 9.168450432790e-02 -1.168188657407e-01 -1.046752743981e-01 
-3.064315472160e-01  5.934269248717e-02 -1.048028173775e-01 
 8.517915319736e-01  1.545279313201e-01  4.485817014068e-02 
-6.483346649469e-02  8.642877644709e-02 -1.652163900634e-02 
-2.711301240855e-02  2.874384687446e-01 -1.243355464784e-01 
-8.764552723225e-02  9.117998128584e-02  1.721081160637e-01 
-4.574462337817e-03 -3.204665989744e-01  2.806909798476e-01 
-1.487885649594e-01  5.047004507169e-03  6.447963413108e-02 
-4.139678570065e-02  1.653879733172e-01 -3.494346099591e-02 
-1.772412299549e-02 -6.135315353386e-01  1.324938129517e-01 
-7.667182029843e-02  1.007218862458e-01 -4.291228342600e-02 
-1.332891841614e-01  6.317161051651e-02  1.345484288852e-01 
-1.228438813350e-01 -7.419352431801e-02  3.340964124429e-01 
 2.180191379949e-01 -1.638190098519e-01 -2.163648096903e-02 
 2.679556364047e-02  7.527979693350e-01 -2.957783882004e-02 
-2.942786051079e-01 -1.135939880379e+00  7.606957881303e-01 
 5.080624140800e-02  8.271552947246e-02  1.031688571379e-02 
 3.374140033263e-01  2.056277675373e-02  3.367362889919e-01 
-1.030237214233e-03 -1.267461648020e-01  4.057969826243e-01 
 3.076140985326e-01  3.802660840635e-01 -1.138233800351e-01 
-4.768131172157e-01  3.104265564870e-01  1.556513989293e-01 
 9.188156330646e-02  6.857883355599e-01 -2.516036567253e-01 
-5.556506888724e-04 -1.176379445237e+00 -3.291473066980e-02 
 9.385201086811e-02  4.501824889277e-02 -1.841788167667e-01 
-1.501681085586e-01 -1.429220193342e-01 -1.088860288450e-01 
-1.526448709604e-01 -1.586468807843e-01 -4.532703621189e-01 
 3.966769840450e-01 -2.683101926977e-01  9.516264808074e-02 
-1.297723741389e-01  6.412889693098e-01  9.962749104319e-02 
-1.252400427146e-02  1.252889523497e-01 -1.246432444695e-01 
 2.517265402786e-01 -2.132047262056e-01  4.702979594583e-01 
 2.473853727517e-01 -1.451722296766e-01  1.450709827461e-01 
 5.411006131466e-02  3.544281003019e-01  1.256305955156e+00 
 3.396060757983e-01 -8.817024941519e-02  4.036533350533e-01 
 2.902679460839e-01 -6.651085294794e-02  3.033321082970e-01 
-1.010367563540e-01 -1.810415320221e-01  6.373120202557e-01 
 5.155695937101e-02 -2.686212750037e-02  1.737201056880e-01 
 7.882010066561e-01 -1.335224156914e+00 -3.606147514737e-02 
 3.274027195982e-02  7.173456729460e-01 -4.808409982333e-01 
 6.973781222358e-02  8.621432339307e-01 -5.283852504596e-02 
-1.847014650798e-01 -2.992264156979e-02  1.162900488769e-02 
-2.985511539208e-01 -1.815109364199e-01 -2.758130119521e-01 
 3.262932109892e-01  7.841760727592e-05  2.106796820721e-01 
 1.370836755057e-01 -2.595814978115e-01  5.808868099064e-01 
 4.183911275387e-02 -3.215666038740e-01 -4.998501340308e-01 
-1.916313041313e-01 -7.010589535028e-01  1.639763719951e-03 
-5.968743158645e-02  6.099474390302e-02  1.205972299301e-01 
-1.680878981829e-01 -6.840273244790e-02  4.142716422753e-01 
-1.638254393255e-01 -8.958100371985e-01  8.983340203807e-01 
-1.176716580438e-01  1.399918537712e-01  6.143641762624e-01 
 1.523270306269e-02 -5.119030193828e-02  4.039596216679e-01 
-3.097982720557e-02 -7.564619670997e-02 -4.766715507138e-01 
 3.220206423090e-01  2.498178351823e-02  3.607730550409e-01 
 1.595518311047e+00 -1.902687825996e+00 -5.210726321510e-01 
 4.126851130942e-02 -2.980613159058e-01 -1.861123809173e-01 
-1.767753735599e-02  1.097551996582e+00  9.602385315972e-02 
 6.437693835079e-02 -2.500071911456e-02  6.609770703555e-02 
-7.195299786612e-02  4.049855237627e-01  1.437347250841e-01 
-7.498120389380e-01  8.035025880235e-02 -1.404319586115e-01 
 2.279430007541e-01 -9.730016490757e-02  6.640177890439e-02 
-1.170190391094e-01 -3.303216982019e-01 -4.961779017023e-01 
-1.917018219333e-01 -5.638366400077e-01  3.434997121596e-02 
 2.013972034009e-01  5.449595989627e-02  3.158348784752e-01 
 6.585634145840e-01 -6.541765162223e-02 -9.012399571670e-02 
-1.135265272500e-02  7.446569447413e-02 -2.750722402362e-01 
 1.090665091127e+00  2.919459321796e-03 -1.489806680212e-01 
 6.108757637400e-02  1.028510111508e-02 -2.338694932416e-01 
-2.475770123958e-01  1.399887509439e-01  3.187238536173e-02 
 2.106422477301e-01  1.204039054896e-01 -2.532113298748e-01 
-1.095847537990e+00  1.168170417875e+00 -9.272945461100e-01 
-7.176222380075e-02  2.198764738393e-02 -3.660809559170e-01 
-5.514923462747e-02 -5.304254460478e-01  8.206034277583e-02 
 1.729107070929e-01  1.771128407027e-02  8.522847906280e-02 
 1.169719847607e-01 -6.283189711225e-01 -2.669830266122e-01 
 6.619576822927e-01  7.523534217649e-03 -3.748751031845e-01 
 7.622014612226e-01  1.569464311278e-01 -7.075263888248e-01 
-1.946683784803e-01 -3.912162355082e-01 -5.710295794780e-01 
 4.102836478833e-02 -2.343481697996e-01  4.545846621020e-02 
 4.431225995450e-01  2.227800806348e-01  2.240246679059e-01 
 1.502164073553e-01 -7.587031338010e-02  4.107556336122e-01 
 3.776841740578e-02  1.618762912126e-01 -7.681002906564e-02 
-7.201799817066e-01  1.682575347999e-01 -2.213609951887e-03 
 1.092747173047e-01  3.159370395129e-04 -5.960843466136e-02 
-2.553910328328e-01  2.773833968036e-01  3.858929545135e-01 
 1.927362642455e-01 -1.709854120642e-01 -9.390314522332e-02 
-4.158590617454e-01  2.573817822274e-01 -7.559760596545e-03 
-8.624111201755e-03  1.754147402516e-01  4.379258762937e-03 
-5.628509465089e-02 -5.088968992951e-02  8.531089580089e-01 
 4.714303160608e-01  8.626687124462e-03 -1.367695860368e-01 
-1.689549165398e-01  6.010762263924e-01 -1.466622883619e-01 
-2.987674513053e-01  2.376785433688e-01  2.473024782381e-01 
 6.202526587515e-02 -3.344771327633e-02  3.041623620729e-02 
-5.474337231978e-01 -1.082801285862e-02  2.442235636475e-02 
-1.759621370678e-02 -1.547243608839e-02  2.820047160480e-01 
-1.207620755083e-01 -4.087080933229e-01 -8.925301322060e-03 
-4.204808457605e-01 -1.492120550435e-01 -9.380375536345e-03 
-4.313413922759e-02 -1.919564447982e-01 -3.129914971436e-01 
-2.158342448526e-01 -2.108944423471e-01 -1.823623424738e-01 
 1.067440515886e-01 -3.977627291340e-02 -3.423724906251e-02 
-3.415431463411e-01 -7.092464056229e-01 -2.342689547420e-02 
 1.815906112897e-01 -4.822699359943e-02 -1.134799090442e-01 
-4.823163713052e-01  5.985011424074e-01 -1.718289942385e-01 
 7.026834961393e-02 -5.808019703244e-03 -2.773267896290e-02 
 1.708361093365e-01 -4.743929677482e-01  3.824509068439e-01 
-1.000908737949e+00  1.809326304856e-03 -2.632520182098e-02 
 4.131892778971e-02  1.748788125144e-01 -5.595440978152e-02 
-1.437838225527e-01  1.626822869371e-01 -1.076915247742e-01 
 2.241850905449e-01  2.198919884108e-02 -2.650464214660e-01 
-4.441199363604e-02  9.240110228482e-02 -1.502413337722e-02 
 5.134786397611e-02  8.098463837057e-02  3.500004123676e-01 
 1.109642681531e-01 -9.835451741823e-02  5.493902737370e-02 
-7.624061473004e-02 -3.420720876944e-01 -3.916016277021e-02 
-1.270571690350e-01 -6.505628119647e-01 -2.252488288554e-01 
 2.546417197298e-01  9.246194711367e-02  1.401827033560e+00 
-1.430603990130e-01 -1.333868398213e-02 -3.033282731491e-01 
 1.027903413046e-01 -7.583041915935e-02  8.100588093954e-01 
-1.356996311469e-01 -7.960901122566e-01 -1.438143374011e-01 
-8.837756429535e-01 -9.512013442035e-01  1.564815827416e-01 
-8.815107687303e-02  7.784094585039e-02  4.881936129471e-02 
 1.888271077978e-02 -3.655807441022e-02 -1.227612105077e-01 
-5.034257751693e-02 -5.045559440125e-01  1.716310934303e-01 
-5.106990488651e-01  1.277305858374e+00 -4.332854448956e-01 
-5.645477899891e-01  1.015303875968e-01  4.191287975373e-01 
 8.014637676103e-01 -2.840999644158e-01 -4.719097212248e-01 
-3.158276636318e-02 -1.876906153016e-01  1.116910892163e+00 
-3.629000099180e-01  6.698924634531e-01 -4.736116119090e-02 
-2.646712626925e-01  1.523376142906e+00 -4.797617076672e-01 
 5.314573151453e-01  8.554394955545e-02  7.612859553232e-01 
-3.564564586583e-02 -1.139458453009e-01  5.238273960479e-01 
 1.494010847460e+00 -7.103019149518e-02  3.395119162354e-01 
-2.941970747736e-01 -2.579735410620e-02  9.806680449899e-02 
-3.343073993922e-01 -1.972408653184e-02 -5.021482201673e-01 
-1.098451418573e+00  3.074492125583e-01  2.436897444686e-01 
 1.001795177101e+00 -1.076810553920e+00  6.743784176751e-01 
 8.051322983387e-02 -2.460492670470e-01  8.118192851785e-01 
 4.974812306936e-02  4.472316539150e-01  4.603502335878e-01 
 2.347311473164e-02 -1.122687537517e-01  2.099183190670e-01 
-7.639147588101e-02 -1.766870292639e+00  6.233896360230e-01 
 8.563372890553e-01 -4.996239238881e-02 -2.244342467258e-01 
-1.226047940971e+00  1.836930375746e-01  4.818594571425e-01 
-1.155913531222e-01  3.329175824748e-01  1.020486591697e+00 
-1.842358438130e-01  3.172813960102e-01  1.279778359844e-01 
-3.135103867886e-01  1.492477249373e+00 -4.668145925013e-01 
 8.930724043861e-01 -7.667057356509e-02  1.427537806949e-01 
-4.512538422289e-01 -2.200094189364e+00 -1.089228951801e+00 
 3.607873423396e-01  1.272397867411e-01 -8.270785423099e-01 
-2.640760526639e-01 -5.178372455116e-03 -5.278483890292e-01 
 1.785550554648e-02  3.130767792832e-02 -3.101667919219e-01 
-2.921709062582e-01 -5.717627465217e-01 -3.191136667334e-01 
-1.151168304149e+00  3.163264363346e+00  2.057257301603e-01 
 1.100059565086e-02 -3.229839175130e-01  1.299288684648e-01 
 2.263712888232e-02 -1.307931186228e+00  8.052398276460e-03 
-2.273280717552e-02  1.212172183107e+00  2.143308861849e-01 
-3.825650258319e-02  7.030872304733e-01 -2.459006886183e-01 
-2.355029502451e-01  7.704960769958e-02  1.815833960324e-01 
-2.774776102227e-01  2.180908607136e-01  1.254561663352e-01 
 3.326740339457e-02 -1.542769291204e-01  3.549862183579e-01 
 5.251829068810e-02  1.365574873294e-01 -1.811167607843e-03 
-2.486852876316e-01  1.364496093525e+00 -6.009531387704e-01 
 4.697464647511e-01  5.443810749711e-02  4.917325267303e-01 
-7.351304399531e-02 -4.759597586371e-01 -1.367768972017e+00 
 1.157390702864e-01  8.483125346543e-02  4.890593732992e-01 
-3.332462378023e-01  2.719434164155e-02 -4.043570643647e-01 
 3.604156074183e-02  1.703873564472e-03  4.709079941112e-01 
 4.579752986096e-02 -7.959095347025e-01 -2.111289325891e-01 
-5.458775957241e-01  2.903732328377e+00  3.834696866923e-01 
 8.862929253671e-02  8.564901906391e-01  1.653206941324e-01 
 4.153857562093e-02 -3.472199902589e-01  1.549179766740e-01 
 7.938700744275e-02 -4.195573579474e-01  2.712162565244e-01 
 1.202464016641e+00  1.265979374233e+00 -2.552656160085e-01 
-4.235314508247e-01  1.394551015074e-01  2.150458696418e-01 
-2.362858696176e+00  8.578258018009e-01  8.273987905425e-01 
 1.688087772178e-01  6.116079414655e-01 -1.197254888734e+00 
 4.539658986156e-01 -4.317635720170e-01  2.762519462652e-02 
 4.595848579110e-01  1.076490278366e+00 -3.531867135346e-01 
 2.437561353927e-01  3.886851653016e-02  5.507408526667e-01 
 1.045770594999e-01  5.873357979496e-01  7.609999184507e-01 
-4.108597289456e-01 -2.706475105263e-02 -4.130222475217e-01 
-3.555969489651e-01 -1.663745999060e-02  1.219922310776e-01 
-1.784854528471e-02 -1.015488155968e-04 -3.318412965729e-02 
 1.202142412251e+00  4.615777494314e-01  8.985238791317e-02 
 3.035250033209e-01 -7.114955534048e-01  5.115651241401e-01 
 5.026353455749e-02  1.778771058575e-02  5.802130030452e-01 
 1.581141779278e-02  1.205370120218e-01  5.886169029716e-02 
 6.037563104683e-02 -2.692645139510e-02  1.483205527238e+00 
-1.604665927611e-01  8.197718795788e-02 -3.296394211573e-02 
-9.485170119859e-02  1.854606622078e-02 -3.772178492409e-01 
-1.416753461500e+00  5.894796463893e-01  6.065737933927e-01 
 9.259407900773e-02  5.437846602170e-02  1.641724989280e+00 
-6.654355948789e-01  7.098186447728e-01 -2.881350905922e-02 
-2.236912010678e-01 -2.095028295151e+00  6.422841780061e-01 
-6.633722311595e-01 -9.602256413401e-02 -2.570478559071e-01 
orbocc
(*)
 0.000000000000e+00  0.000000000000e+00  0.000000000000e+00 
 0.000000000000e+00  0.000000000000e+00  0.000000000000e+00 
 0.000000000000e+00  0.000000000000e+00  0.000000000000e+00 
 0.000000000000e+00  0.000000000000e+00  0.000000000000e+00 
 0.000000000000e+00  0.000000000000e+00  0.000000000000e+00 
 0.000000000000e+00  0.000000000000e+00  0.000000000000e+00 
 0.000000000000e+00  0.000000000000e+00  0.000000000000e+00 
 0.000000000000e+00  0.000000000000e+00  0.000000000000e+00 
 0.000000000000e+00  0.000000000000e+00  0.000000000000e+00 
 0.000000000000e+00  0.000000000000e+00  0.000000000000e+00 
 0.000000000000e+00  0.000000000000e+00  0.000000000000e+00 
 0.000000000000e+00  0.000000000000e+00  0.000000000000e+00 
 0.000000000000e+00  0.000000000000e+00  0.000000000000e+00 
 0.000000000000e+00  0.000000000000e+00  0.000000000000e+00 
 0.000000000000e+00  0.000000000000e+00  0.000000000000e+00 
 0.000000000000e+00  0.000000000000e+00  0.000000000000e+00 