2mocoef
header
1
MO-coefficients from MOLCAS
1
48   48
a
mocoef
(*)
 3.268992939879e-05 -1.651665731995e-04  2.873595730346e-03 
-3.965088804138e-05 -1.389858476854e-05 -2.349156224464e-04 
 3.235894198145e-04 -5.808345774476e-05  1.610461184425e-03 
-2.675052412354e-05  3.318976081949e-05 -4.640444650446e-04 
-5.821427348032e-05  1.409108365064e-04  1.001092794785e+00 
 5.814360792951e-03 -6.899066031741e-03  1.383761759915e-04 
 3.743165922522e-04 -8.405943569420e-04 -6.090488165271e-05 
-2.935597179503e-04  2.059378211459e-03  3.773627446508e-05 
 2.203973926135e-05  7.333978862813e-05  6.400071872630e-05 
 2.549439843317e-04 -5.412527610154e-04  1.455620266249e-04 
 4.835744305018e-05 -1.306304081844e-05 -2.767459090152e-05 
-2.384070206915e-04  4.151505844164e-04  5.350206719131e-04 
 8.645946534368e-05  1.362965494193e-04  8.395362780691e-06 
 2.383260624932e-04 -4.399496543487e-04  2.519928502783e-05 
 1.166041386864e-04 -2.364568266966e-04  3.146330070183e-04 
 8.265483522894e-05  5.571278710026e-06 -1.740948393249e-04 
 1.001404436720e+00  8.674242782781e-03 -5.106465904643e-03 
-1.695716362778e-04 -6.310804963072e-04  1.883323677552e-03 
 5.105900436860e-04  3.882883535321e-04  6.090704773432e-04 
-5.203967207376e-05 -9.110165739099e-06  5.223250420732e-04 
 4.783088335045e-04  6.776361324015e-04 -6.251848432714e-05 
 8.290214463203e-04 -3.478520440292e-03 -5.438505703479e-05 
 3.300255609959e-05  1.459572344965e-04 -1.916273708971e-04 
-1.152619547853e-04  2.002991648537e-03 -3.442106346307e-05 
 2.386140116464e-05 -3.765793275000e-04  1.530540628512e-04 
-3.534373338094e-04 -7.823720503345e-04  1.374202188108e-03 
 3.850364236262e-04 -1.021248659541e-04 -3.406417261449e-04 
 6.194673594774e-04 -4.036940986548e-04 -5.522608480162e-05 
 3.342001406545e-06 -3.936967679477e-04  4.098582703459e-04 
-2.979509203290e-04  1.088773241927e-04  1.183814098379e-05 
-3.847623085696e-04 -1.226012728287e-03  2.247128948122e-03 
-4.311284114631e-04 -7.488279586395e-05 -3.453729459474e-04 
-1.433956689450e-02  4.152250502472e-01 -1.573007058192e-01 
 8.666442193662e-03 -1.338184343277e-02  1.824237694503e-01 
-8.552347791157e-04  4.588369154464e-03 -8.476299835299e-02 
 1.920150193956e-04 -1.128308230318e-03  2.818452512760e-02 
 2.906519802038e-03 -8.148860061527e-04 -1.036817709686e-02 
 7.956498539354e-01 -1.463813493220e-01  1.020645521000e-02 
 1.825804942267e-02 -8.724174431949e-02 -1.094757680795e-02 
-5.851672488235e-03  1.173685042530e-02  1.637924227180e-04 
-4.385660070536e-04  1.224878041499e-02  7.668035988791e-04 
 3.943197148895e-03  1.130033716319e-01 -5.812436440484e-02 
-1.136624343119e-02  1.469445146989e-03  6.101322492156e-03 
 2.545672529111e-01 -1.252384485552e-01 -2.704519910454e-02 
-3.173870058141e-03 -1.469132780730e-02  2.116683619894e-01 
-1.050010213196e-01  2.427652390862e-02  3.975769708528e-04 
-1.256822590534e-02  1.030935216397e-01 -5.219692171296e-02 
 6.821810801357e-03 -5.456538068912e-05  9.521520080192e-03 
 1.122363391003e-02 -6.835929758755e-01  1.499811247096e-01 
 2.810810252659e-02  3.998968635270e-02  8.140787503683e-02 
-8.035804275209e-03 -8.633697445397e-03 -2.264857498337e-03 
 1.925077707326e-04  8.165439834580e-04  3.895674553111e-03 
 3.410424297877e-04 -6.424180175215e-03  3.818631925730e-04 
 3.372466286893e-01 -2.781993392346e-02  5.640250580358e-02 
 2.541852726349e-02  3.556884832280e-01 -1.561288890094e-02 
-6.936287378248e-03 -5.936663001198e-02  9.126256373593e-04 
 8.021400100047e-04 -1.654230053570e-02 -2.204385771998e-06 
 3.852469275824e-03 -2.925001168306e-01  1.338450599139e-01 
 2.237101563328e-02 -2.217613263511e-03 -6.012764827259e-03 
 3.011908790729e-01 -1.401590446862e-01 -2.526881761082e-02 
-2.856328004143e-03 -8.039280542456e-03  2.149670828140e-01 
-9.988093972202e-02  2.058719524712e-02  4.297803545053e-04 
-5.585562755856e-03 -3.703979941080e-01  1.755876093751e-01 
-2.383444186824e-02 -3.924457457449e-04 -1.503877430692e-02 
 2.904229911623e-04  3.678051288542e-02  3.432237397734e-03 
 2.819855079973e-01 -3.255195569343e-03 -1.824204553161e-02 
-5.428413349788e-02 -7.899738244304e-05  6.342693756093e-03 
-2.762831102801e-03  1.308666175659e-03 -2.348989471515e-03 
 3.068055823416e-02  3.708780643470e-03 -5.597464568990e-04 
-4.812010735788e-02 -1.710306379028e-02  6.490527365638e-01 
 2.669937457420e-02 -3.032713056776e-02 -1.126838927610e-01 
-6.547534602071e-03  1.906732153387e-03  3.224675319218e-03 
 4.886894240139e-04 -6.200970212762e-04 -5.909842848279e-04 
-6.194970814239e-05  2.069866665471e-01 -1.010093214453e-01 
-1.185432228031e-02  2.514645378485e-03  5.328247852387e-03 
 4.493480188268e-01 -1.926836857593e-01 -2.359669870017e-02 
-4.763786123312e-03 -2.382739734729e-02 -4.740276620551e-01 
 2.004521453654e-01 -2.732985426182e-02  1.099237442658e-03 
 2.508552777690e-02 -1.424461649559e-01  7.559009762867e-02 
-9.694502961252e-03 -1.145380499863e-03 -5.908580957144e-03 
-5.971310485460e-03  5.392845580236e-02  7.496120333503e-02 
-3.996409351967e-01  9.335194270933e-03 -4.761717800524e-01 
 9.092807837253e-02 -6.838351618377e-03  1.571310248062e-01 
 3.413968252783e-03  4.765849059350e-03 -2.679774051777e-02 
 1.394239878633e-02  5.955693991895e-03 -1.203571122313e-03 
-5.730155082182e-02  1.074602446745e-02  1.940178647722e-01 
 3.389557191031e-02  4.735036069543e-01 -3.888443695228e-02 
-4.072120654979e-03 -6.979282775518e-02  1.840480801657e-03 
 2.361399123381e-03 -1.507254275256e-02  1.387886768357e-02 
 5.278658283183e-03 -1.502097577741e-01  5.451935623744e-02 
 2.245946506203e-03 -1.262477401117e-03 -1.054518594445e-02 
 3.650269853105e-01 -1.328774097967e-01 -2.003859638785e-02 
-2.610428516605e-03 -2.871118695848e-03  1.344680367894e-03 
-1.210228124286e-02  5.735051144739e-03  7.672759123869e-04 
 7.855548867199e-03  5.858223127296e-01 -2.276739677211e-01 
 2.393436831941e-02  1.977666716427e-03  1.517618073661e-02 
 5.276450335945e-04  5.561958502582e-02  1.018560235053e-03 
 3.304653431347e-02  4.566659110906e-01  8.116355846447e-03 
 2.362013341285e-03 -6.895421209349e-02 -4.712601028548e-03 
 1.820083670021e-03  3.575717347920e-02  2.872882820264e-03 
-2.227288077032e-03  2.676653007218e-03 -9.578216218593e-04 
-5.290116128274e-02 -1.377862310328e-02 -5.073532460897e-02 
 7.834416317465e-01 -1.932600110315e-02 -3.403859455799e-03 
-4.343954322877e-03  2.498445079530e-03 -3.695848141604e-05 
-1.920704310979e-02 -1.104037748408e-03 -1.148043687499e-03 
-2.618001868233e-03  1.125964785230e-02 -3.727602386428e-03 
 1.110444823430e-03  1.012218706522e-02 -8.766326398660e-05 
 8.647629168372e-03 -5.912040322888e-03 -3.256266254440e-03 
 2.001103284799e-02 -2.006016716714e-03  2.524436134154e-02 
-6.217970829074e-03  7.548762034889e-04  1.809792632872e-02 
-1.634498340382e-03 -2.734928431765e-02  9.787551781833e-03 
-1.197639220136e-03  1.248916533578e-02 -1.123692751214e-03 
 3.463082850676e-03 -3.525766536614e-02 -8.289554464404e-02 
-4.779933267498e-01  3.336197661705e-02  3.811638249523e-01 
 7.527968493003e-02 -5.035373890170e-03 -1.144894214438e-01 
 5.475048957189e-03 -2.845551865983e-03  2.975120564259e-02 
 1.609590201289e-02 -9.240643604315e-03  1.996063799456e-03 
 8.800497487007e-02 -1.299850306300e-02  2.219882761434e-01 
 1.565432754110e-02 -4.165283875710e-01 -2.801408316557e-02 
-7.539404602128e-03  4.945152798377e-02  9.665489318252e-04 
-2.754397879447e-03  1.109368545529e-02  2.057331869555e-02 
-4.703781992773e-03 -6.107699688061e-01  2.188948161695e-01 
 2.538347582262e-02 -4.096775960096e-03 -9.495861214631e-03 
 8.308159091601e-02 -1.858162159822e-02  7.244784674519e-04 
-1.755115824509e-04 -8.961210415403e-03 -3.780436291929e-01 
 1.199211081568e-01 -1.933193117993e-02  4.353503235722e-04 
 5.762279612223e-03  1.776954769255e-01 -6.686157089212e-02 
-1.701481091872e-03  1.022221715603e-03  1.368072777943e-02 
-2.357045925129e-03 -7.988249420067e-02 -4.460167465247e-02 
-4.075784942828e-02 -8.887933413936e-01  4.449500129462e-02 
-4.158490208274e-03 -8.324021775865e-02 -1.123538542180e-02 
 5.483140910694e-04  1.888658390575e-02  2.242245970685e-03 
-2.792515716577e-03  3.925721587555e-03 -4.669666435321e-04 
-2.187395159697e-02 -1.278967580083e-02 -2.660103346949e-02 
 5.611116561292e-01 -2.912566032237e-02 -6.033581797249e-03 
 1.342003457542e-01 -6.372628547351e-03  1.432954964220e-03 
 2.511719099466e-02  8.446439795794e-04  2.766402823422e-03 
 1.461722201196e-03  6.866087926092e-02 -1.291132633680e-02 
-3.799324112948e-03 -2.336698876869e-02  2.117658298662e-03 
 5.405842351634e-02 -7.376270375877e-03 -2.664655777341e-03 
 1.699630855108e-02 -1.045189494493e-03  7.071139420427e-03 
-4.239014521926e-03  3.003496314414e-05  1.577383044870e-02 
-1.361190130225e-03  3.473650711827e-02 -7.351285372880e-03 
 3.598220293943e-04 -2.761151909331e-02  2.626641422483e-03 
 1.490514725503e-02 -7.687422753635e-02 -6.636722114030e-01 
-6.388531466204e-02  2.440407281839e-02  1.692240900114e-01 
-1.268994325762e-01  5.437360132699e-02  1.506475307768e-01 
 1.953147723273e-03 -2.895133661249e-03 -1.117973406837e-02 
-4.397379892545e-03  9.307002470493e-04  2.860323133585e-02 
-2.870375806363e-01 -9.025751372543e-01  2.317944289347e-02 
-4.191533415947e-02 -2.024427277317e-01  3.189519005381e-02 
-4.566336773398e-02 -2.917044329090e-01 -6.796873769326e-04 
-1.917446274898e-03 -1.613760979691e-03 -4.789019792615e-05 
 1.223844913727e-03  5.871823349383e-02  4.706462977458e-01 
 3.199102059681e-03  9.087634971253e-04  1.103162487617e-02 
 2.091122284204e-01  7.047715786985e-01 -2.085889380377e-03 
-2.308053370469e-03 -6.507941406518e-03  2.184692923385e-01 
 7.196859438039e-01  1.896083684620e-03 -6.687682449218e-04 
-7.219610979506e-03  1.300918112735e-02  2.984864034199e-01 
-4.152292437691e-03  6.292240371037e-04  1.199742388846e-02 
-5.624288893335e-03  4.375564986575e-02  1.973236527984e-01 
 2.713247255383e-01 -2.627337444678e-02 -2.243113016076e-02 
 5.160625489349e-01 -5.272614842893e-02  2.760375307339e-02 
-3.450539716834e-03 -1.832427527184e-04  2.652388596298e-03 
 2.192007406493e-02  2.396628655880e-03  5.425477579331e-03 
-2.062293140617e-02 -1.317479160420e-01  3.777311507860e-01 
 2.343614977781e-02 -5.434855079002e-02  3.557374775261e-01 
 3.642247050870e-02 -7.793742496523e-03  2.249745737135e-03 
 9.448395175920e-05  1.752082872837e-03 -2.150904522964e-02 
-1.639932599863e-04 -1.359698141412e-01 -9.247512915254e-01 
 2.474575053453e-03 -1.161381762479e-03 -1.806435394519e-03 
-1.222683308926e-01 -8.134004705710e-01 -7.300721432487e-04 
 6.249763901515e-04 -3.231925829001e-03  2.144306540410e-01 
 9.821073522216e-01  4.327598323880e-04  4.418759943199e-05 
 4.260730471085e-03  6.406802093031e-02  6.133996805122e-01 
 7.747191277422e-04 -1.388820982317e-03 -8.402338646026e-04 
 3.389697717462e-02 -3.353099449360e-01 -1.512309720440e+00 
 2.194952871432e-02  5.732796287326e-02  1.427417845709e-01 
 1.065821388213e-01  8.067940738247e-02  4.361174139716e-01 
-1.296288423596e-03  2.635876310761e-05  1.146249569861e-02 
-2.948465428330e-03 -7.187193272351e-03 -1.127284228985e-02 
 1.629585802351e-01  4.213363842193e-01  5.312988973808e-02 
 1.492886070164e-02  3.117069383138e-02  5.349622206403e-02 
-1.577767352100e-03  4.180424381205e-02 -8.990159467501e-04 
-2.404871087285e-03 -1.214250052410e-02 -6.128006457036e-03 
 6.102337911347e-03  1.230870523772e-01  9.828221345725e-01 
-3.678604594965e-03  1.198398908653e-03  2.496894062386e-03 
-1.021376352333e-01 -6.473177500848e-01  7.695510542722e-03 
-1.036121073806e-03 -8.985709250782e-03 -4.884498013309e-02 
-2.532535539413e-01 -6.881399743021e-03  6.493087022924e-04 
-7.775104876741e-03  1.506204377592e-01  1.443936628069e+00 
 6.375786666493e-03  2.413821185154e-03  5.633171020372e-03 
 3.677060248184e-03 -6.710243675058e-03 -2.026237220907e-01 
 3.858688203992e-01 -3.224726627328e-02  1.668161077296e-02 
 1.192623007610e+00 -3.642822213768e-02  3.270402932462e-02 
-3.027696766514e-04 -2.026793207354e-03  4.647963826415e-03 
 6.938681911613e-03 -5.579186412766e-03  5.931324595233e-03 
 9.385261088004e-03 -1.579076707247e-01 -2.754367403888e-01 
-2.122042518694e-02 -5.904199209145e-02 -6.153680994213e-01 
-1.891524862633e-02 -4.466438141062e-02  5.729605880107e-06 
 1.115134762147e-04  4.799633563523e-03 -2.054292370609e-02 
-6.510215632887e-03 -6.574549977413e-02 -1.612462895547e+00 
 2.199480962944e-04  2.896015282068e-03 -3.842130250088e-03 
 2.102751003720e-02  1.096099106991e+00 -1.693440070705e-02 
 1.849788155237e-03 -6.305898310122e-03 -4.011646402712e-02 
-7.128332185674e-01 -6.039479279750e-03 -2.014619805578e-03 
 1.006399990144e-02 -2.192413436233e-02  1.752563019668e+00 
 4.516738121111e-03 -3.474917190878e-03 -2.343856415098e-03 
 6.263739394124e-02  7.092228402980e-02 -2.070623799266e+00 
-3.343094614744e-02 -2.123597724248e-02 -1.108371500464e-01 
-2.118006747133e-01  6.085953566088e-02 -2.313696347429e+00 
 8.011292160512e-03  1.569335572159e-03 -8.373974391179e-03 
 2.754702233664e-03 -4.417622238110e-02 -5.752846887575e-02 
 1.851542606036e-02  1.927706788016e+00  2.056937932165e-02 
-3.437328170029e-03 -3.820059773427e-01 -2.395226493851e-02 
 3.053317215515e-02 -1.154117337271e+00  1.941049482194e-03 
 1.333384756965e-04  2.945891087473e-02 -4.893803638232e-03 
 1.597496075904e-02 -3.319390658466e-01  4.710524883546e-01 
-1.815977963074e-02  2.600768965857e-03  2.700101343559e-04 
 1.750005760940e-02  4.805779564127e-01  5.766418427462e-03 
-1.593931660986e-04  1.201726958055e-02  1.035688645973e-01 
 5.203059687868e-01 -7.629286024049e-03 -2.348739325209e-04 
 2.581219942778e-02 -3.610744306182e-02 -5.685136628997e-01 
 3.040472987850e-02  7.366713703450e-04 -1.209214793858e-02 
-4.260420087406e-02 -4.098537562563e-02  4.431354823284e-01 
 3.745786201177e-02  4.669970486331e-02  2.426498608151e-01 
-3.508566585089e-01 -1.040175339787e-01 -4.192001224624e-01 
-9.102561307535e-03  1.141283384757e-03 -2.032641209740e-02 
-1.737106866805e-01 -1.224050935945e-01 -1.351365023029e-03 
 8.793770877724e-03 -5.226631294256e-03 -1.037068392617e-01 
 2.094082133750e-02  1.512614909956e-01  9.786170277137e-02 
 1.134919796618e-02  2.104194432718e-01  3.102236930972e-03 
-1.270637445129e-03  3.085007171836e-02  9.038341115112e-02 
-6.402354749828e-02 -9.154159892321e-02  1.084976286427e-01 
-2.366512304143e-02 -7.817544421437e-03 -6.198857325276e-02 
 6.845908927641e-02 -2.275513733781e-01 -3.680040450190e-02 
 3.968020204744e-03  1.094207150011e-01 -1.333984843690e+00 
 1.275452959256e+00  6.846411747650e-02  9.530470701689e-05 
-5.054701346975e-02 -1.212624360869e+00  8.207365956033e-01 
 6.273330756603e-02  3.769188115310e-03  6.185096260302e-02 
 3.588409844394e-02  1.731664038607e-01  3.200549377168e-01 
-8.585262562263e-02  1.898125552602e-01  2.849574363456e-01 
 4.789722531983e-01 -3.264002872279e-01  8.757495581951e-02 
 1.658237180300e-02  2.206241272761e-02  2.022018490279e-02 
 1.522080413825e-01 -7.184357317699e-02  2.494718849549e-02 
 1.889890221691e-01 -4.919837558257e-01  1.170113296944e-01 
 9.266910502783e-02  7.600263357322e-02 -8.911086988575e-02 
-3.276621073088e-03  6.077334715244e-01 -2.095346171780e-02 
-1.795583526856e-02  4.081471788088e-02 -7.227250860934e-02 
-1.160396843450e-01 -7.264507611036e-01  5.225168616135e-01 
-1.412242947088e-02  5.097152241949e-03  3.981610975364e-02 
-1.575503322480e+00  1.313744924404e+00 -1.298533797893e-01 
-9.794466691309e-03 -4.860029162901e-02 -5.272381493671e-01 
 3.366345978392e-01  8.139451377006e-02  8.608515825562e-03 
 1.116372992736e-01  4.198949926492e-01 -2.289097649366e-01 
-2.745840891198e-02 -6.642675624685e-03 -3.207143482748e-02 
 1.475658545463e-01  4.138732012556e-01 -1.015885938088e+00 
-9.196352984971e-02 -6.217908427023e-01  4.080587042988e-01 
-8.262861473807e-02  8.937815803774e-01 -8.235792455697e-01 
-3.672884253079e-02 -1.813342107477e-02 -4.410797965083e-02 
-3.400821017407e-02  1.853621611539e-01  3.281062212351e-02 
 2.684389280676e-01  2.950339719669e-01 -9.644329331619e-02 
-1.091520831265e-01 -6.777992261247e-02  1.598715606519e-01 
-1.175596233110e-02 -7.881158978173e-02 -5.039105657776e-03 
 2.257639090573e-02  6.239795284892e-02  4.007371012851e-02 
-3.114421567471e-02  1.223099251656e+00 -1.043332128513e+00 
 9.919481403310e-02 -1.930345274429e-02 -1.100430802326e-02 
-2.956024568938e-01  3.233678411864e-01 -4.488431241790e-02 
 3.176418679979e-03  6.490903745437e-02 -7.149647000712e-01 
 9.087351974665e-01  7.927932695884e-02  1.304672310620e-02 
 7.241814024059e-03  6.940525423382e-01 -6.935526895369e-01 
-8.010140521165e-02 -7.778444293948e-03 -4.866562499809e-03 
 1.038526915652e-01  3.495386103567e-01 -6.147189744783e-01 
 2.735389317408e-02  1.216823253515e+00  2.165830598322e-01 
-1.791948269211e-01 -1.542556614825e+00 -5.279895092862e-01 
-1.924291767078e-02  5.484035262499e-02 -1.893452659473e-02 
-3.639486504589e-02  1.316880343225e-01  1.153486671870e-02 
 7.151927078098e-02  2.384167280715e-01 -1.029241660849e-01 
 1.529700666803e-01 -1.141588805839e-01  1.439115066855e-01 
 1.555888074637e-02 -5.593191021376e-02  1.811193429160e-03 
-5.771348685544e-02  2.367019687234e-02  3.103373663476e-02 
 1.477297229392e-02  7.391058155205e-01 -7.151951898844e-01 
 7.644775786031e-02  1.770262713976e-02 -1.784029824667e-02 
 1.468348122756e-01 -2.431629893979e-02  1.724003150803e-02 
-2.243764358655e-02  5.170006229852e-02 -1.530013494569e-01 
 2.922644710765e-01  1.700957912176e-02 -2.720666927596e-02 
-1.174519030011e-02  3.321796762531e-01 -4.175726567719e-01 
-5.222895527033e-02  4.107306542122e-02 -1.693819339252e-02 
-1.657951181826e-01 -9.583495968219e-01  3.657731451049e-01 
 1.637907635559e-01  8.322074533495e-02 -1.120632843226e+00 
-2.644003309123e-01 -8.434927722284e-02  8.066211151145e-01 
-2.688633059155e-03  7.677288937388e-03  1.380401548056e-01 
-1.825781402739e-02  2.049709945821e-02  5.966247108743e-02 
 6.080941956225e-01 -5.658424137720e-01 -1.537820728271e-01 
 3.774435290124e-02 -4.964282561406e-02  1.890609705055e-01 
-2.552128078980e-02 -6.778355912737e-01 -8.891270652640e-03 
-3.804381866260e-03 -1.257119078845e-01  1.561814072220e-02 
-1.009180970709e-01  2.636440597743e-01 -2.147021624813e-01 
-1.694600529169e-02  6.728667738477e-03 -3.137883853363e-02 
-4.297051971769e-01  5.572712475255e-01 -6.038375394245e-02 
 2.502684999090e-03 -9.148148025989e-02 -7.871240521097e-01 
 1.019556353760e+00  9.193106919982e-02  4.387769421442e-03 
-1.608242811370e-01  2.555385629770e-01 -3.496240044141e-01 
 2.339548748306e-02  5.617995011607e-03 -3.770009115251e-02 
-8.387179381236e-02 -3.577447204302e-01  4.560098292612e-01 
-1.303140771335e+00  5.625891186296e-02 -8.167457083637e-02 
 3.344684902877e+00 -1.461535718387e-01  4.237364902982e-01 
 7.209486783416e-03  5.972983188698e-03 -4.357082631371e-02 
-1.845910309653e-01  9.739495872505e-03 -9.042296001211e-03 
-4.912177495484e-02 -1.855489791820e-01 -1.546832230674e-01 
 3.570959930787e-03  2.022405460937e-03 -1.670372972580e-01 
 2.606534345330e-03 -1.865472394656e-02  1.631804080456e-02 
-3.009798741412e-03 -2.016415622062e-02  5.656128593612e-02 
-5.619668625866e-03 -8.721408882475e-02 -1.696251389018e+00 
 2.095440671912e-01 -9.084306601016e-03 -5.627568195636e-02 
 1.667248634486e-01 -3.572823169630e-01  5.177892193375e-02 
 2.734816008382e-02 -4.356056215899e-02 -1.404810698275e-01 
 3.714563943726e-01  3.444908366406e-02 -1.928868802715e-02 
 1.728747371473e-02  1.048314388313e-01  1.647410520252e+00 
 1.623669376036e-01 -1.136462948714e-02  8.517380605527e-02 
 1.451573136663e-01  6.730886102442e-01 -8.431169308479e-01 
 2.602181604124e-01 -6.052872494810e-02  4.517127282281e-02 
-6.487796464329e-02  1.093046165071e-01  3.916254679974e-01 
 8.404850515624e-02 -1.161945231234e-02  4.012910022985e-02 
 2.378153510339e-02 -6.484369410265e-02 -1.679837126777e-03 
-8.174933204480e-02 -5.041495710725e-02 -1.011351641682e+00 
 4.816612917293e-02 -3.638651803130e-03  1.513452682707e+00 
-4.561309011090e-02  2.592309843540e-01  3.895157741222e-02 
 1.268151300569e-02  1.259513810921e-02  1.117501813517e-01 
 2.832824570882e-02 -7.792703546818e-01  1.102973083746e+00 
-7.149240605911e-02  3.828748556777e-02  1.120711271894e-01 
 4.973112123971e-01 -1.439424718084e+00  2.444575851430e-01 
 5.252435478402e-02  1.391110609634e-01 -3.579740762029e-01 
 1.018358466341e+00  1.908198467745e-01 -2.158686600854e-02 
-8.429751224882e-02  7.593817762958e-01 -4.224273706482e-01 
 1.254416159683e-02 -1.608797729299e-02 -6.996061112848e-02 
 9.051707000499e-03  4.608834959954e-02 -1.617875024016e-01 
 1.317696066558e-02  2.227711036241e-01 -2.563921470979e-02 
 4.444444819414e-02 -7.014536311913e-01  3.134768159260e-02 
 2.677387685795e-03 -1.534339569645e-01 -2.440653443923e-02 
 1.162198264094e-02 -1.823137837583e-02  2.177188964958e-03 
 3.339025164885e-02  6.507801530864e-02  6.442754262815e-03 
-1.384773260666e+00  3.003347653856e-02  6.648853631411e-03 
 1.948019653345e+00 -3.813891820924e-02  1.009672458186e-03 
 3.466322194272e-02  2.498596302897e-03  6.477507861330e-03 
-2.782617434172e-03 -6.147808997811e-02  8.328261591519e-02 
-3.816308754486e-03  1.298805070469e-02 -1.083433580308e-02 
-5.255780792763e-02 -6.446370572020e-02  2.547512634143e-02 
 1.444225597164e-02  2.929124722393e-02 -9.108066681672e-02 
 1.065092786197e-01  9.039997643904e-03  4.308915674154e-02 
 1.218583813372e-02  7.948263529590e-02 -1.433400286444e-02 
 4.994222899553e-03 -3.252722557154e-02 -4.081171315843e-03 
 6.755825314366e-01  3.106252896131e+00 -5.873490251894e+00 
-9.198045081767e-02 -9.950544596132e-03 -4.618642043815e-01 
 1.250730248522e-01  1.244643825285e-01  4.170199548348e-01 
-3.409897719298e-02 -1.564008375564e-02  1.401637592241e-02 
-1.160056633645e-01 -9.591992644156e-02  7.895009290660e-02 
 4.242506926014e-01  1.001690188972e-01  1.195170094440e-01 
 2.826938232444e-02  3.096773875633e-01 -1.441358347619e-01 
-3.364423050192e-02 -9.744437478404e-01 -2.185085370584e-02 
-6.011069178068e-03  8.242128717724e-02 -3.013721749147e-02 
 6.725183746183e-04  1.795097592485e-01  7.767871802677e-01 
-1.474058551021e-01  2.127812417553e-02  6.534661324434e-02 
-1.018767763061e-01  4.116481236730e-01 -1.061166877173e-01 
-4.554126005861e-02  4.213978900274e-03  8.532040818854e-02 
 1.316831011954e-01  4.601736525214e-02  1.463824549407e-02 
 3.928555307034e-02 -1.020235267809e-01  1.444163326795e+00 
 2.169177223346e-01  4.122542423509e-02  1.670163086481e-01 
 1.561036738554e-01  5.263244340007e-01  7.002338887935e-01 
-5.488300188549e-02 -5.333913482054e-02 -4.100371086005e-01 
 2.549595694711e-01  6.596566684980e-02  2.007319470696e+00 
-4.747878082857e-02 -2.011225923560e-02  3.747660577828e-01 
-2.329168387632e-02 -7.443552574289e-02 -4.093908912728e-02 
-2.245116103225e-01 -6.370163033722e-01  9.890106564244e-02 
-1.986645874784e-02 -1.176405165550e+00 -1.572990443822e-01 
 2.247903457436e-02  2.725140406534e+00 -4.346235269642e-03 
 1.282792748030e-02 -1.029012151763e-01  5.223878996765e-03 
 2.916694725870e-02  1.244980552207e-01  2.726258895673e-01 
-5.345885323726e-02 -1.336386698164e-02 -1.047619781541e-01 
-8.692427343465e-02 -7.106168776524e-01  1.133091420812e-01 
 1.586075640731e-02  8.628514754921e-02 -1.433269698376e-01 
-7.422186853033e-01 -1.481549912826e-01  1.997760938268e-02 
 1.030129111510e-01 -3.730968188140e-02  7.725683888683e-01 
 5.423528046969e-02  2.292701049568e-02 -7.685816885869e-03 
-6.908199100572e-02 -2.944719169888e-01  2.766701603308e-01 
-9.941698234360e-02  4.475281766523e-03  1.468887982033e-02 
-4.558077857258e-01 -1.120976048757e-02 -3.260363805489e-01 
-5.511444444810e-01 -1.786109534606e-02 -4.158188075264e-02 
-1.106106800769e-02 -7.386290035637e-02 -4.085964571314e-02 
-1.665229436921e-01  4.774317756411e-01 -3.204174134911e-01 
-2.142078022999e-03  4.764993108640e-02  1.039554943225e+00 
 6.680808461011e-02 -2.064386055786e-01 -1.436590912698e-01 
 2.023112925592e-02 -3.325272933136e-03 -6.864448589606e-03 
 9.806742414380e-03  1.850954172713e-01 -1.107054863222e-01 
 2.238016210638e-02 -3.013934894105e-01  8.834933454398e-02 
-4.593466761675e-01  4.430443436620e-02  1.100956656900e-01 
-1.331277214729e-01  3.101449779216e-02  4.272815139170e-01 
-3.211033236720e-03  7.495369459823e-02  1.747692208441e-01 
-1.130714761070e-02 -2.821590245168e-01 -1.110267163012e-01 
 5.909936786219e-02  2.343776931818e-01 -3.477787917128e-02 
-9.507929648949e-03 -3.975280984419e-02  1.648304186009e-01 
-5.815975259973e-03 -1.018289142911e-01  3.170621190784e-02 
-3.733275026142e-01  2.112011103729e-01 -4.885970341094e-02 
 1.052804317729e-01  4.809947620813e-01  3.093889294297e-02 
-1.026389862544e-01  1.833792595800e-02  5.607995914663e-03 
 2.549785836819e-02 -7.498623412086e-03 -1.258742219966e-01 
-2.043322653913e-01 -1.669648797233e-02  6.075075379918e-01 
 1.291466504801e-01  7.305432010607e-02 -1.837840979885e-01 
-1.560286194459e-01 -6.287990978040e-03  1.232355093560e-02 
 3.452040497839e-02  9.380970998370e-02  3.655985624794e-02 
-3.440574832374e-03  3.845204552538e-02 -4.600370803491e-02 
-3.403653946061e-01  5.983334877475e-02  1.105852364289e-01 
-5.028674953522e-01 -1.088665194751e-02  2.910376422592e-01 
-7.164305120103e-02  2.225347097393e-02  2.001181770598e-01 
-3.901885806997e-02 -1.506468764377e-01 -8.042757062808e-02 
 2.162510803152e-02 -3.040515330365e-01  1.659751819606e-02 
 4.731754008061e-02  2.014335256433e-01 -3.948649037832e-01 
 1.649992957104e-02 -1.061352447554e-01  1.555733688206e-02 
-6.235424690732e-03  2.199794909234e-01  4.377553036185e-02 
-1.581124609150e-01  4.856731179817e-01  6.148616006603e-03 
 6.711134465452e-02 -8.612232564823e-02  1.051385445900e-02 
 4.209997030766e-02 -2.932209303860e-02  1.660649583007e-02 
-2.865056165222e-01  4.410376585685e-02 -1.299396884975e-01 
 1.898904083223e-01 -7.599234895761e-02  1.835059405156e-01 
-1.716907214137e-01  1.981073410016e-03 -8.805638514254e-03 
-2.437047552396e-02  1.038189472321e-01  2.395094115224e-02 
-5.378305558420e-02 -2.779307045119e-01 -4.373120909439e-02 
 1.174285658439e-01 -3.600652895429e-02  1.177027638310e-02 
 2.108514347269e-01 -4.896642779850e-02 -6.982989578067e-02 
 3.668576725361e-02  6.463318557072e-03 -5.482380917503e-01 
 2.953981638624e-02  7.405106793642e-02  1.989438984736e-02 
 1.791920295662e-02 -2.854464522971e-02 -3.792932614095e-02 
-1.020411988433e-01 -4.460041436049e-01  1.453441985218e+00 
 1.595652016738e-02  2.768291224505e-03  1.920370158882e-02 
-1.614191677714e+00 -6.008125408587e-02 -5.543075142779e-02 
 1.153874481427e-01 -9.646568213540e-02  1.125545061381e-01 
-1.183009223130e-01  7.140086111342e-02  2.575309328630e-01 
 1.124083821121e+00 -1.835045773361e+00 -4.040607215807e-01 
 2.382729886653e-03 -1.574969304704e-01  1.785669982430e+00 
 7.379033832125e-02  3.651522591199e-01  7.703061376257e-02 
 1.256927032804e-02  2.095686604697e-02 -1.279014758306e-01 
 3.655111955330e-02  4.702144083717e-01  1.082022976220e-01 
-2.548650383093e-02  7.586550773395e-02 -1.075811835448e-01 
-6.962445379650e-01  2.316328256074e-01  1.664864877313e-01 
 1.246743829948e-01 -2.807718019358e-01  1.013336518397e+00 
-2.438185687455e-01  3.688499588112e-01 -1.054264684502e-01 
 2.361581549297e-01 -9.944536169215e-01 -2.516799030963e-01 
-1.126007507473e-01 -7.517907092993e-03  2.811742153116e-01 
-1.026025345188e-01 -4.269796474400e-01  2.866395320205e+00 
-7.267370211179e-02  1.288922640962e-02  2.919272931057e-01 
 8.370554171109e-01 -6.201445590709e-02  1.512859529408e+00 
-2.669486634627e-02 -5.526397681202e-02  3.634275392118e-01 
 9.434915202361e-02 -2.190599917212e-01  7.459242827674e-01 
 3.080849139115e+00 -6.534477173897e+00  4.149612474979e-02 
 4.328573954446e-03 -1.028406667951e-02 -4.596640218115e-01 
-6.230265067229e-02  9.064901053895e-01 -1.454641483796e-02 
 9.230460848880e-03  8.834932809059e-02  4.003438126693e-02 
 8.077130474391e-02 -1.291855978743e-01 -4.188778822929e-01 
 7.714057627946e-02 -8.336572937515e-02 -3.985658877926e-02 
 9.866025972587e-01 -2.001166065069e-01 -3.017663877812e-01 
-1.426238354981e-01  8.225695639059e-02  4.928994051236e-01 
-1.181244572804e-01  1.180263905927e-01 -1.169112286065e-02 
-1.264365334772e-01  2.611132475151e-01  1.652678285544e-01 
-1.596219568045e-02 -1.459944741053e-02 -1.287527854307e-01 
-2.940390069310e-02 -1.157487252992e-01  9.214513080663e-02 
 3.475411001033e-02 -1.010048867334e-02 -7.214585396870e-02 
-1.941922947614e+00  4.408408521546e-02 -5.490102469764e-01 
 1.239174572252e-01 -2.072026517354e-02  1.269635824969e-02 
 2.507572426180e-01  2.295999329068e-02 -7.133558393385e-02 
-2.690488179875e-01  8.478400428364e-01 -1.928409642375e-01 
-1.730696890990e-02 -1.058022217464e-01  1.136712787786e+00 
 9.062145875776e-02  1.911468086183e-02  4.570889846204e-02 
-6.769711248687e-03  2.442450416200e-02 -6.295767278696e-02 
 3.747229581402e-02  1.028287647659e+00  3.144048392496e-02 
 3.298711303887e-01  1.091756401573e-01  5.061933304736e-01 
-6.206268632318e-01  1.779738128649e-01 -2.322277063309e-02 
 4.940609096200e-02  1.437641457696e-01  4.058130944680e-01 
-1.737041999617e-01 -1.552312724331e-02 -9.683629946963e-02 
-1.166118727555e-01 -1.362512525546e+00 -7.441495846089e-02 
 4.042071515862e-01 -1.305897501160e-01 -2.327922995215e-01 
-1.943977632773e-01 -7.200197912167e-01  2.495977029936e+00 
-1.376496944210e-01 -8.135335665493e-02  1.598432261257e-01 
 9.124967877710e-01 -2.112845221414e-01  2.893457395944e-01 
-1.130337025013e-01  2.926743194695e-02  2.746999191085e-01 
-2.995283585125e-02  7.147956076492e-01  2.875230218683e-02 
 4.481261265443e-02 -1.167610138858e+00  6.622098831974e-02 
-1.200155390263e-01 -1.708020627409e-01 -4.048392749140e-01 
 2.950939127481e-01  1.112692752786e+00 -5.903024574895e-03 
-6.297887012044e-02  2.623339145283e-02  1.157898393181e-02 
 2.370687788483e-01 -1.353342704314e+00  3.341111658855e-01 
-7.553490396744e-02  3.724870884476e-02  3.019547470717e-01 
-1.528755106758e-02 -8.151626891780e-02 -1.428769058574e-01 
-1.289751981053e-01 -1.073938951695e-01 -3.956950579641e-01 
 9.232486172780e-02 -1.603844588554e-02 -1.742090155347e-01 
-2.902111548231e-01 -5.726726260324e-01  4.832592441955e-01 
-6.862813284625e-02  1.613815540000e-01  2.064018775546e-01 
-6.248907702788e-03 -1.146873027080e-01 -5.754401009543e-01 
-1.263397144011e-01  7.471243586211e-02 -2.611340792355e-01 
-4.411831127895e-01  8.721023200157e-02 -5.202517083146e-01 
 5.582652949039e-02 -1.013135057774e-02 -2.156017336001e-01 
-1.557011730357e-01 -9.995309926477e-02  5.288482230730e-02 
 3.538412310443e-01  5.614550927944e-01 -5.166936110391e-01 
 1.398383919918e-02 -2.335059290120e-01  1.813688202520e+00 
-2.916178164704e-02 -3.119872961848e-01 -6.095660477743e-03 
 2.231657647800e-02 -4.658889968550e-02 -1.188099119853e-02 
-6.559042481317e-02  4.173437930342e-02  1.487331289962e-01 
-6.274488099937e-02 -1.416511736901e-01  2.267151995578e-02 
-1.011125690228e+00  3.066677868444e-01 -3.136376695373e-01 
 1.514770953176e-01  5.538239224035e-01  1.033958923789e+00 
-2.430811178431e-01 -3.746108013273e-01 -4.225686678614e-02 
-2.795078842792e-01 -2.264286317544e-02 -2.211137326083e-01 
-1.953549300686e-01 -1.567193939762e-01  4.251054031203e-01 
-6.608222311857e-03  5.292298091216e-02  4.575202646931e-01 
-8.755018432966e-02 -2.696327336333e-01  3.345503940630e-01 
-7.283238935683e-01 -2.500869955371e-01  3.394774123700e-01 
 1.026260632713e-02  7.942139650900e-03  2.460413771693e-01 
-2.556867490612e-01 -6.478157400785e-02 -8.979348850033e-02 
-4.542461823154e-01 -3.449618947007e-02 -3.675417001515e-01 
-9.520843628538e-02  3.844462964714e-01  1.609182632817e+00 
 4.910650000529e-01  4.619806809485e-02  5.210124280359e-03 
-6.013424388610e-02  1.348264853933e-02  2.684068211394e-02 
-4.247459403310e-02  2.151790820924e-01  1.459905484403e-01 
-6.706909233358e-03  5.071423375462e-01 -3.409348205752e-01 
-1.005787582836e+00  2.314924873493e-01 -8.917458506217e-02 
-1.747968677523e-01  4.554175120745e-02  8.752560820067e-01 
-3.593951098598e-01 -2.058719845334e-01 -3.126398301411e-01 
-2.243652483012e-01  6.148691382965e-02 -3.396059810383e-01 
 1.075668165724e-01  4.978549008152e-01 -3.113013603678e-01 
-1.287133058612e-02 -1.786245225650e-01 -1.010494562142e+00 
 6.100657381486e-02 -1.433679611833e-01 -4.993002415983e-01 
 4.015328503945e-01 -2.698382067131e-01 -5.174003758570e-01 
 1.401935554244e-02 -1.767144968152e-01 -4.422775594205e-01 
 2.062532177136e-01 -2.328243118365e-01  3.711332805395e-02 
 3.036840241203e-01  9.148649837429e-01  1.608648613801e-01 
 4.809277336254e-02 -3.552494101183e-01 -8.931231299317e-01 
 6.199562711820e-01 -5.457729620904e-01 -9.609522009107e-03 
-4.966592772946e-02 -4.601144622695e-02 -1.272317857232e-02 
-7.534872540768e-02  6.242706260680e-02 -2.112890317457e-01 
 8.629730368092e-02  2.070864380678e-01  1.645509820527e-01 
 4.816849764940e-01 -4.103844181758e-02  1.314583752187e-01 
-6.195541700893e-01  2.215260701068e-01 -5.019255007251e-01 
 2.684506219097e-01  7.081324738402e-02 -4.993336323681e-01 
 2.895602827878e-01  1.213317110169e-01  9.194212695191e-02 
-1.464684646337e-01  2.679856452893e-01  2.657493754044e-01 
-1.202289642255e-01 -5.313110911047e-01  4.465058128008e-01 
 1.348908452092e-02 -1.638726974836e-01 -1.605452035147e-01 
 3.460536027228e-01  2.821814495869e-02 -1.062838614904e-02 
-2.055640842364e-01  6.272125947090e-01 -8.294425453190e-02 
 1.948227028364e-01  1.058386697356e-02  1.773327795567e-01 
 7.992978646569e-01 -8.600429319611e-01  9.912861867525e-02 
-1.501866866585e-01 -4.676768513452e-02 -5.495745692555e-01 
-3.790895121047e-01 -3.335717727119e-01 -3.082404490496e-02 
-7.943780666114e-02 -2.394031501397e-03 -3.481584839914e-02 
-7.893383303527e-02 -2.301090815657e-01 -4.546365173045e-02 
 6.136494010630e-02  5.817676092433e-01  5.047516796384e-02 
 6.723835050754e-01 -2.249856026735e-01 -2.402168901672e-02 
 4.232423035479e-01  2.536207253722e-01 -5.124799752214e-02 
 2.960916984404e-02  5.379322736500e-02  4.154065805179e-01 
 2.149973063254e-01 -1.486927319430e-01  2.187765122280e-01 
-1.940582874938e-02  3.807189157339e-01  1.709478438927e-01 
-1.759946353699e-01 -7.601512769525e-01  2.286971570851e-01 
 1.772080183251e-03  7.016529079445e-02 -2.919451900285e-01 
-3.751149331944e-01  1.720892210244e-02 -2.115734083065e-02 
-1.459711961092e-01 -2.929893013928e-02  1.568347188901e-01 
-5.760462287352e-01  1.216690476414e-01 -1.959596669414e-02 
 5.596908916987e-03  3.557785371429e-01 -1.487826736233e-01 
 5.290815696246e-03  2.625987856728e-01  3.141368673495e-01 
 2.257805335357e-02 -9.194358796138e-01 -6.463748061852e-02 
 3.986034004138e-02  6.436755877474e-03  1.933096817219e-01 
-8.097318015586e-02 -2.930151377832e-01  4.312583238901e-01 
-3.290890362956e-02  4.630703818230e-02  4.686110946185e-01 
-4.835767680036e-02  1.182278341877e-01 -1.623785265723e-01 
 1.830465748256e-02  1.561848456891e-01  4.605673253597e-01 
-3.069502791193e-01 -7.091230256381e-02 -1.221453682450e-01 
 7.038384918183e-01  3.387678452522e-01 -5.159511000816e-01 
 2.976560754987e-02 -2.099154928520e-01 -2.502591962794e-01 
-2.180562103455e-02 -1.013706736691e-01 -6.378682867333e-02 
 9.059556747183e-02 -1.287181461142e-01 -9.370064161199e-02 
-3.294017338396e-01  5.233001345349e-02 -1.341440964212e-01 
 8.452342664315e-01  1.493833163874e-01  4.498773463897e-03 
-7.365083653209e-02  4.800879526125e-02 -7.241324612075e-03 
 9.710593886352e-03  2.556653203347e-01 -1.493299436786e-01 
-8.983598927351e-02  2.151548626937e-02  1.879186619079e-01 
 6.774910197722e-03 -1.731315841858e-01  3.037645223906e-01 
-1.663135281817e-01 -6.625977709921e-04  7.857437585520e-02 
-2.617909112013e-02  1.860065169917e-01 -3.572977733730e-02 
-4.106220570588e-03 -5.941573567295e-01  1.613957101515e-01 
-1.150941329804e-01  1.261900065330e-01 -4.937038050919e-02 
-1.389944400067e-01 -1.103744122244e-02  1.016416783022e-01 
-1.157228360165e-01 -9.481431731162e-02  3.453122675018e-01 
 1.773943125537e-01 -1.533684927765e-01 -5.087797093868e-02 
 3.552443078329e-03  7.573032256542e-01 -3.436654122250e-02 
-2.960498301606e-01 -1.141063818027e+00  8.091187789528e-01 
 4.228393160985e-02  7.533781463101e-02  1.306547966581e-02 
 3.079822040008e-01  3.004408459980e-02  3.456765307729e-01 
 8.890453632414e-02 -1.120890208867e-01  4.231564113285e-01 
 2.912809361269e-01  4.042383982722e-01 -1.211485805258e-01 
-5.099125114077e-01  3.245849490280e-01  1.617410865884e-01 
 8.071068110322e-02  6.874653418333e-01 -2.104747269807e-01 
-6.829235727047e-03 -1.152058445743e+00 -1.548197205507e-03 
 8.238670489432e-02  4.904242333302e-02 -1.856408157172e-01 
-1.412216358696e-01 -1.376350522608e-01 -1.041652361041e-01 
-1.573374947880e-01 -2.308658091527e-01 -4.436682648521e-01 
 3.503038544669e-01 -2.554396895836e-01  9.533942006652e-02 
-1.335266868277e-01  6.366504627690e-01  1.164804327415e-01 
-1.849279872487e-02  1.297190595698e-01 -8.563744653760e-02 
 2.379243624520e-01 -2.432005698242e-01  4.673276892604e-01 
 2.479575616577e-01 -7.495309079165e-02  1.288008245576e-01 
 3.946613369570e-02  2.764939289347e-01  1.373858146153e+00 
 2.947465242203e-01 -7.664084290963e-02  4.414557308924e-01 
 2.937256841784e-01 -7.147015647669e-02  3.560316164470e-01 
-9.845966540914e-02 -1.934313885286e-01  5.973092497652e-01 
 7.206691909288e-02 -1.018363152607e-02  2.111512131875e-01 
 9.536563359738e-01 -1.530932154944e+00 -4.395136280306e-02 
 4.274150778656e-02  6.901571022014e-01 -4.836160207475e-01 
 6.935328174853e-02  9.720046235631e-01 -5.319078530129e-02 
-1.775503103115e-01 -2.196066217073e-02  1.016363287879e-02 
-3.002502652776e-01 -1.574747739030e-01 -2.475973038333e-01 
 2.545077301674e-01  2.033611100369e-03  2.038347835559e-01 
 1.253825905037e-01 -2.739884473292e-01  6.119882759843e-01 
 4.023293154469e-02 -3.286638706601e-01 -5.252167237366e-01 
-2.063204356502e-01 -7.381664982006e-01 -3.303631007494e-03 
-5.936541368104e-02  3.310371778607e-02  1.481270557917e-01 
-1.257385518445e-01 -7.689924205555e-02  3.851295831234e-01 
-1.678898809484e-01 -9.097173765416e-01  8.037540593078e-01 
-8.102044841674e-02  1.507134376415e-01  5.699315351923e-01 
 1.399543174116e-02 -4.538640598795e-02  3.631406217929e-01 
-4.983314677050e-02 -4.510392754892e-02 -5.142399828632e-01 
 3.498284560468e-01  4.418034437112e-02  3.263792696033e-01 
 1.442682197684e+00 -1.703958432911e+00 -5.808221671337e-01 
 3.282233461527e-02 -3.365369086983e-01 -1.962208689927e-01 
-3.010245419655e-02  9.900707021376e-01  1.122586709514e-01 
 1.020092572193e-01 -2.026563347507e-02  6.015186835303e-02 
-4.091629507269e-02  3.722086460009e-01  1.362090602409e-01 
-7.236194188769e-01  8.566563807629e-02 -1.870082944876e-01 
 2.841503231093e-01 -7.298856355618e-02 -2.234620157448e-02 
-1.391478499701e-01 -3.290926282827e-01 -5.193276105769e-01 
-1.679491614235e-01 -5.317100846991e-01  3.848776469258e-02 
 2.346765562183e-01  3.489762817039e-02  3.361278867487e-01 
 6.662413360762e-01 -7.218506991706e-02 -9.257959214083e-02 
 2.170789607235e-03  1.503941222309e-01 -3.033645344193e-01 
 1.070378480770e+00 -5.853739678204e-03 -1.807105582645e-01 
 8.171814091833e-02  1.267420806356e-02 -2.499548205448e-01 
-2.557169558231e-01  1.412284892271e-01  1.092808650191e-01 
 2.257934490308e-01  1.087717260340e-01 -2.779545364260e-01 
-1.203714259509e+00  1.265742120234e+00 -8.975075317634e-01 
-7.554996766410e-02  7.985847114230e-02 -4.019071543686e-01 
-5.453978042351e-02 -5.917199501108e-01  8.219480570451e-02 
 1.634882300769e-01  1.879715141853e-02  6.510703634588e-02 
 1.049566429948e-01 -6.146620846529e-01 -3.028041728781e-01 
 6.997279852971e-01  1.258052142281e-02 -3.551265480413e-01 
 7.932380417715e-01  1.425751154514e-01 -6.983205565600e-01 
-1.926199048935e-01 -3.783570712593e-01 -5.779487453897e-01 
 5.382693701451e-02 -2.215343426385e-01  4.839326943038e-02 
 4.271054106453e-01  1.818002228267e-01  2.222808563280e-01 
 7.530032309766e-02 -8.113935368280e-02  4.334779281506e-01 
 3.900247964660e-02  1.685260612464e-01 -5.562844512718e-02 
-7.024195387354e-01  1.672259110213e-01 -3.015565977597e-03 
 1.067224127143e-01  2.355446737886e-04 -5.176399724313e-02 
-2.721146920559e-01  2.815918801339e-01  3.739403279341e-01 
 1.477819408244e-01 -1.618884486612e-01 -8.336376040327e-02 
-3.710763045267e-01  2.125535188464e-01  3.600109997488e-02 
-9.240852372716e-03  1.690675391283e-01  3.803610557453e-02 
-5.611368248263e-02 -3.370149314625e-02  8.574584674621e-01 
 4.706551351375e-01  1.106090803230e-02 -1.357465525877e-01 
-1.728630447567e-01  5.462619822894e-01 -1.222190492460e-01 
-2.738113624968e-01  2.429112033267e-01  2.506879290032e-01 
 9.749011515629e-03 -3.232605644890e-02  5.903877438792e-02 
-5.396593445565e-01  7.908690057434e-03  6.913890893447e-02 
-2.132263767893e-02  1.376396553104e-05  2.817268744073e-01 
-1.420719902475e-01 -3.728469848872e-01 -2.969107065596e-02 
-4.074681978636e-01 -1.557851536696e-01 -1.576269529201e-02 
 4.424460057339e-02  1.986498589616e-01  3.019376936779e-01 
 2.154638445014e-01  2.097817616077e-01  1.683115248470e-01 
-1.098751890122e-01  4.331905724575e-02  2.816273528347e-02 
 3.548888329829e-01  7.229974435310e-01  2.125502297378e-02 
-1.726664735558e-01  5.234193647022e-02  1.094224638556e-01 
 4.657264387155e-01 -5.687639846116e-01  1.615603372533e-01 
-7.944222311205e-02  4.864781761127e-03  2.436371467673e-02 
-1.745663064586e-01  4.596188720381e-01 -3.825919052388e-01 
 9.967090870158e-01  1.924392323706e-03  2.880394848735e-02 
-3.563193866497e-02 -1.749482728750e-01  5.294874851354e-02 
 1.478373341212e-01 -1.688584459917e-01  1.055735328123e-01 
-2.170189372549e-01 -1.809848586845e-02  2.559246491946e-01 
 4.751525843422e-02 -9.415028664774e-02  7.320430201586e-03 
-4.890915656974e-02 -8.186011793041e-02 -3.437914312276e-01 
-1.039261876775e-01  7.809324021760e-02 -4.926242321459e-02 
 6.678789387423e-02  3.543740072298e-01  3.602326090758e-02 
-1.170075911220e-01 -5.971330238865e-01 -1.267466541174e-01 
 2.527395411362e-01  8.920377096543e-02  1.430689366449e+00 
-1.349850812617e-01 -1.534061501371e-02 -2.747605903333e-01 
 9.973944057809e-02 -7.565488939619e-02  8.135389227054e-01 
-1.265133578563e-01 -7.638566419433e-01 -1.242005686718e-01 
-8.113243694435e-01 -1.134428544017e+00  1.509063551720e-01 
-8.754904726459e-02  7.866150641790e-02  5.182364288409e-02 
 1.710979932367e-02  2.745975238927e-02 -1.189215659212e-01 
-4.573973724066e-02 -5.243426960423e-01  1.736918276220e-01 
-5.361888258502e-01  1.231224461556e+00 -4.219162129090e-01 
-5.502980805031e-01  9.698705298082e-02  4.078353478668e-01 
 8.276905607581e-01 -3.019323310811e-01 -4.711710514568e-01 
-3.770759846669e-02 -1.966833320571e-01  1.142001960965e+00 
-3.816280935744e-01  6.697675433712e-01 -4.664352437081e-02 
-2.726947803538e-01  1.469994282326e+00 -4.581611822731e-01 
 5.213949435186e-01  8.254710329051e-02  7.416064221837e-01 
-3.126539860731e-02 -8.904741657334e-02  5.383197376845e-01 
 1.532149996895e+00 -7.550335122385e-02  3.368529281664e-01 
-3.017567121602e-01 -2.527337257322e-02  1.014116548409e-01 
-3.343800487104e-01 -2.032759855052e-02 -5.141960724931e-01 
-1.085068513333e+00  3.271244266375e-01  2.463431190376e-01 
 1.013908976393e+00 -1.080425625754e+00  6.589888541230e-01 
 8.029969503178e-02 -2.416454222774e-01  8.063436183567e-01 
 4.912843534536e-02  4.565009856991e-01  4.367970856536e-01 
 2.237124583049e-02 -1.219289361790e-01  2.298085267780e-01 
-5.999495176545e-02 -1.807567170666e+00  6.307873495763e-01 
 8.778087116257e-01 -5.560347148506e-02 -2.439787814060e-01 
-1.241301651975e+00  1.961944702331e-01  4.825417936649e-01 
-1.016321252362e-01  3.289586467667e-01  1.000955039772e+00 
-1.844386108658e-01  3.083969059794e-01  1.184600242732e-01 
-2.960762352288e-01  1.472213397536e+00 -4.519082457583e-01 
 8.941975339999e-01 -7.612631489287e-02  1.403381664254e-01 
-4.544486549582e-01 -2.216668040346e+00 -1.069276487233e+00 
 3.798610164130e-01  1.282651203325e-01 -8.102327816399e-01 
-2.707062898939e-01 -6.344695026956e-03 -5.300806936849e-01 
 1.668695973763e-02  2.969970863824e-02 -3.102410508681e-01 
-2.959183447686e-01 -5.749448840170e-01 -3.153882157662e-01 
-1.144179358925e+00  3.094929100022e+00  2.097740942063e-01 
 8.604053861399e-03 -3.407050472752e-01  1.390274169167e-01 
 2.314718323446e-02 -1.305548126221e+00  6.903356867017e-03 
-2.470615628700e-02  1.203847894163e+00  2.276745566848e-01 
-6.670766540489e-02  7.006470054097e-01 -2.478856116093e-01 
-2.354497491851e-01  7.726527699065e-02  1.821356084780e-01 
-2.473393788408e-01  2.081245377729e-01  1.111936074902e-01 
 2.995478037178e-02 -1.619287759579e-01  4.129444525195e-01 
 3.391639347428e-02  1.634079907043e-01 -2.582152148687e-03 
-2.605286298552e-01  1.385896943836e+00 -6.088051694102e-01 
 4.833486502742e-01  5.470173502374e-02  5.017356004820e-01 
-7.915700874035e-02 -5.041912174122e-01 -1.378068878685e+00 
 1.113962422368e-01  8.881680121909e-02  4.965272146777e-01 
-3.435063018837e-01  2.673916217500e-02 -4.153577208845e-01 
 3.833050773088e-02  1.548327145022e-03  4.836391752499e-01 
 6.414543614912e-02 -8.145656250099e-01 -2.174421016775e-01 
-5.753719922174e-01  2.922099027142e+00  3.892224070314e-01 
 8.680349119332e-02  8.556544216322e-01  1.718030479519e-01 
 4.209273879707e-02 -3.634806772740e-01  1.532374836159e-01 
 7.983849298325e-02 -4.127968540055e-01  2.952902112865e-01 
 1.189954830679e+00  1.310235119731e+00 -2.711202229266e-01 
-4.412860952002e-01  1.436375539264e-01  2.195914193065e-01 
-2.362383424768e+00  8.606777639700e-01  8.269622222187e-01 
 1.691601732637e-01  6.046532435334e-01 -1.157642630400e+00 
 4.394634917728e-01 -4.127139864257e-01  2.645329005423e-02 
 4.509267373423e-01  1.082760853418e+00 -3.581376431507e-01 
 2.438072262230e-01  3.940726853104e-02  5.656455258893e-01 
 1.095582410196e-01  6.136294103661e-01  7.824573016113e-01 
-4.313963072910e-01 -2.910427336781e-02 -4.280742035310e-01 
-3.438160188791e-01 -1.661329188935e-02  1.326760734210e-01 
-1.769728289710e-02 -1.172210703957e-05 -3.755588482091e-02 
 1.220456565759e+00  4.799373882925e-01  9.270548635830e-02 
 3.117085179477e-01 -7.515116696276e-01  4.941969128596e-01 
 4.875213750943e-02  1.021484532714e-02  5.678252711224e-01 
 1.460148179923e-02  1.291155169696e-01  5.545123893025e-02 
 5.915554826364e-02 -2.484564168842e-02  1.473002131131e+00 
-1.716586078287e-01  6.953373687487e-02 -3.223430167740e-02 
-9.225026250027e-02  1.677502552389e-02 -3.836689116114e-01 
-1.373249544260e+00  5.750128982267e-01  5.923244674205e-01 
 9.016166254523e-02  4.591804217502e-02  1.634066098374e+00 
-6.656332695072e-01  7.071091089750e-01 -2.899853127655e-02 
-2.234909920560e-01 -2.148176264755e+00  6.634194553741e-01 
-6.814691101037e-01 -9.784579884196e-02 -2.724613484178e-01 
orbocc
(*)
 0.000000000000e+00  0.000000000000e+00  0.000000000000e+00 
 0.000000000000e+00  0.000000000000e+00  0.000000000000e+00 
 0.000000000000e+00  0.000000000000e+00  0.000000000000e+00 
 0.000000000000e+00  0.000000000000e+00  0.000000000000e+00 
 0.000000000000e+00  0.000000000000e+00  0.000000000000e+00 
 0.000000000000e+00  0.000000000000e+00  0.000000000000e+00 
 0.000000000000e+00  0.000000000000e+00  0.000000000000e+00 
 0.000000000000e+00  0.000000000000e+00  0.000000000000e+00 
 0.000000000000e+00  0.000000000000e+00  0.000000000000e+00 
 0.000000000000e+00  0.000000000000e+00  0.000000000000e+00 
 0.000000000000e+00  0.000000000000e+00  0.000000000000e+00 
 0.000000000000e+00  0.000000000000e+00  0.000000000000e+00 
 0.000000000000e+00  0.000000000000e+00  0.000000000000e+00 
 0.000000000000e+00  0.000000000000e+00  0.000000000000e+00 
 0.000000000000e+00  0.000000000000e+00  0.000000000000e+00 
 0.000000000000e+00  0.000000000000e+00  0.000000000000e+00 