2mocoef
header
1
MO-coefficients from MOLCAS
1
26   26
a
mocoef
(*)
 6.509001384495e-05 -6.447686063992e-04  6.108943117689e-03 
-6.708660323013e-05 -4.768904134361e-06 -2.963815718835e-04 
 6.039039528697e-04  4.969073823889e-05  3.353587061024e-03 
 9.960536410306e-01  2.354850944426e-02 -1.333154681689e-02 
-9.698195715435e-05 -3.974713765085e-05 -7.225123925910e-04 
 1.287052067028e-04  3.707345046164e-05  2.701596260192e-03 
-2.334689344677e-04 -3.080881069720e-04  2.617037722514e-04 
 9.261482923465e-04  3.427688138008e-05  1.594042161742e-03 
-1.395401581164e-04  2.528459114681e-04 
 9.960078235729e-01  2.437363263262e-02 -1.140102426886e-02 
 7.345615868443e-05  1.999978550383e-04  1.366008738369e-03 
-2.579652570631e-04 -1.536930553316e-04 -3.093521085457e-04 
-3.284456734894e-04 -3.056465440135e-04  1.643096580123e-03 
 5.922316428345e-05 -1.526510210009e-05  3.989872953575e-04 
 3.655770106569e-04  5.750346420421e-06 -1.919809619004e-04 
-3.090569131762e-04  2.484390151328e-03 -6.859053820026e-05 
 8.759056796763e-05  1.860298286636e-05  4.142099574882e-04 
-2.467312394513e-04  2.639080884829e-03 
-1.098525867649e-01  2.272991198179e-01  4.462743881972e-02 
 7.701457771126e-03  4.750966661623e-03  1.306872117437e-01 
-7.200227728848e-03  1.393803316028e-03 -3.790448801722e-02 
-1.917297074295e-01  4.130503328874e-01  4.358968351361e-01 
-2.423108773917e-02 -8.083450470123e-04 -8.756564186076e-02 
 6.602295877720e-03 -1.364619698348e-03 -2.923108099311e-02 
 4.590450140116e-02  1.249182363504e-02  6.327272642277e-02 
 1.778696811604e-03  1.079734675576e-01 -3.793610106107e-03 
 4.481056952545e-02 -5.252650509289e-03 
 1.602450700198e-01 -3.366993915585e-01 -3.213329577739e-01 
 1.183432891396e-02 -1.183193934342e-02  6.770780714762e-02 
-5.592077801922e-03 -7.148730840093e-03  9.377115624767e-03 
-7.886581040820e-02  1.678617858290e-01  2.927580465135e-01 
-1.290965302312e-01  2.012485063272e-03  2.374924690552e-01 
-6.995742014777e-02  2.006738803145e-03  9.013771702498e-02 
-1.303997633279e-01 -3.315146632789e-02  4.484092626909e-02 
 6.745850106780e-03  1.723940539850e-01  2.443097397389e-02 
-1.722965273545e-01 -4.655634541826e-02 
 3.797544266860e-02 -7.397828592621e-02 -1.246037284064e-01 
 2.873189377471e-01 -1.614350622341e-03  1.947224682109e-01 
 8.571583085769e-02 -8.847694866279e-04  2.567149748654e-02 
-2.127970356349e-02  4.674641061626e-02  7.407266302912e-02 
 3.361149012954e-01 -8.978418657467e-03 -1.573862488476e-01 
 2.289809090185e-01 -6.168937876158e-03 -7.988674593184e-02 
 4.818342770674e-02  2.601267227768e-02  9.168302742296e-02 
 2.092404336876e-02 -1.693888683302e-01 -2.737583437636e-02 
-2.138298591500e-01 -8.855688654201e-02 
 1.693041560649e-02 -2.992860422664e-02 -4.366842213762e-02 
-3.369453593424e-01 -1.460973960014e-02 -4.188912721459e-02 
-2.863517316762e-01 -6.527718621392e-03 -2.898583400100e-02 
-2.004172080161e-02  3.327191337105e-02  1.231025982004e-01 
 3.225315959809e-01 -1.516447656656e-02  8.315204423029e-02 
 3.078706597878e-01 -8.848600017977e-03  4.064875832323e-02 
-2.081110841499e-01 -8.845879965747e-02  1.949946325198e-01 
 1.013470182536e-01 -1.387879743646e-01 -4.507710072125e-02 
 1.833015640074e-01  2.996900415154e-02 
 4.352459836310e-03 -9.702461595607e-03 -1.072303374842e-02 
-1.473474688645e-02  2.797288677504e-01  7.069926615017e-03 
-1.403933611499e-02  1.222421950996e-01  3.465695468539e-03 
-1.957212623808e-03  5.064629066606e-03  6.291039442690e-03 
 2.154297821152e-02  5.608276185428e-01 -7.615703879967e-03 
 1.840337766667e-02  3.936131003247e-01 -4.614499008065e-03 
-7.978937172368e-03 -6.108612708579e-03  1.650052447438e-06 
 6.319795072780e-04 -3.400968786329e-03 -3.595322006308e-03 
 3.535709655750e-03  2.102272716462e-04 
 1.144922191486e-02 -5.607426272456e-03 -1.920552077749e-01 
-1.779639683691e-01 -1.323858026330e-02  3.505151373392e-01 
-9.364793699675e-02 -8.991725805954e-03  3.703894517857e-02 
-5.929463039406e-03  2.701109945842e-02  2.212236227590e-02 
-1.063320827927e-01 -6.709670084327e-03 -4.128289066072e-01 
-8.289153662151e-02  1.891560613793e-04 -2.475913575885e-01 
-2.053102344384e-01 -1.197791832965e-01 -1.338810231548e-01 
-5.126924451072e-02 -6.985415629564e-02 -4.196496985481e-02 
-3.837591233981e-02 -3.017646866489e-02 
-7.549791539866e-03  1.800885842794e-02  3.418344699927e-02 
 2.070522330268e-02 -5.976104096363e-01 -1.389245203259e-02 
 2.233279561421e-02 -5.491912560094e-01 -8.609180885883e-03 
-9.013162716443e-05 -1.250379017955e-04  3.744325217384e-03 
 1.297465963920e-02  3.699067346964e-01  5.679818671616e-03 
 1.086947805879e-02  4.058460323370e-01  1.862185493311e-03 
-1.497651835123e-02 -2.063676261357e-02 -1.148917259341e-02 
-1.747408287790e-02  6.617141157058e-03  8.515425111532e-03 
-2.164825992684e-03  9.295540950366e-04 
-1.690079590529e-03  3.512558665656e-03 -1.152405910438e-01 
-4.309174130455e-02 -1.115717679941e-02  9.767156023555e-02 
-9.579763854072e-02 -3.209042051978e-02  1.999051319839e-01 
 9.298361146345e-02 -1.675788731918e-01 -9.771128684794e-01 
-1.966526033230e-01  1.558685392152e-02 -1.615545536520e-01 
-3.367012760296e-01  3.206652737033e-02 -3.085225507282e-01 
 3.555806244694e-02  3.026977375380e-01  2.208743843019e-01 
 1.158082074282e+00  6.019241293481e-02  3.278023799499e-01 
-4.514834870050e-02 -4.155605697679e-02 
 3.790463005142e-03 -1.985051001478e-02 -1.037974517360e-01 
 1.215063358364e-01  7.312349146360e-03  3.408416171211e-02 
 2.840176204640e-01  2.542106941921e-02  2.791620252270e-01 
 5.594925533803e-02 -8.235866673249e-02 -9.858084284183e-01 
 2.863906212215e-01 -1.392820758705e-02 -7.182009471564e-02 
 7.440453252427e-01 -3.642737533704e-02 -1.566003628176e-01 
-4.747687859876e-02 -3.343717520369e-01 -5.457813069397e-02 
-4.014924843126e-01  1.204646418768e-01  1.612180675464e+00 
 2.994461278527e-02  6.238772812929e-01 
 1.216666940056e-01 -1.875642933389e-01 -1.949881930923e+00 
-1.455509079909e-01 -2.518668306802e-02  1.185677741253e-01 
-4.489504555918e-01 -8.220058353207e-02  5.253761258387e-01 
-2.977362955947e-02  5.416548542606e-02  2.965345564387e-01 
 4.938169026741e-02  2.192286014249e-03  5.879717801372e-03 
 1.862855638139e-01  2.016306422407e-02 -1.309611717252e-01 
 8.158280731386e-02  1.699666875656e+00 -4.647791305383e-02 
-2.809084154675e-01 -2.877325024029e-02 -5.732899528513e-02 
 5.338681048259e-02  9.838670300594e-01 
 4.744100820107e-02 -5.213250405217e-02 -1.372811201395e+00 
 3.186385825111e-01  1.068468199994e-02  1.404757446304e-02 
 1.694033571102e+00  2.422785708506e-02 -1.000213948343e-01 
-2.366810671272e-02  3.934474474475e-02  5.566838955800e-01 
-1.504757144374e-01  4.330768082226e-03 -6.299122828736e-02 
-7.615276859030e-01  3.431153114535e-03 -3.167527742452e-01 
-2.378221049323e-02 -1.193408271972e+00  9.987210503234e-06 
 5.250296196411e-01  3.599548418596e-02 -6.154600061112e-01 
 1.403642323865e-04  2.381432602661e+00 
-6.132671773559e-02 -3.468093448878e-02  2.153905746323e+00 
 6.373983041789e-02  8.882546623610e-04  1.132190353197e-01 
 5.667784138867e-01  2.009866676102e-02  2.548912802291e+00 
 6.250281840650e-02 -5.964796511151e-02 -2.217060035400e+00 
-6.268781299796e-02  2.726374822185e-03  2.849626993164e-01 
-2.763824750910e-01  2.377373315500e-02  1.707302194853e+00 
 6.446459610760e-02 -2.724536601699e-01 -7.567666527786e-02 
-2.057255109107e-01 -6.437261013250e-02 -7.708152185346e-01 
 1.803101703312e-02  9.396258906291e-01 
 1.926676348454e-02 -2.823167445401e-01 -9.350506964813e-01 
-2.274115338294e-01  3.009382696562e-01 -7.777468521496e-01 
 7.336085437059e-01 -3.347361029229e-01  4.085003378638e-01 
-4.145666856924e-02  7.379487993831e-02  1.590531997436e-01 
-2.364527278740e-02  6.515232488966e-02  1.438434975141e-01 
 7.957703411184e-03 -1.409197567201e-02 -1.247805920806e+00 
-9.207704648830e-02 -1.833836374810e-01 -2.197693620077e-01 
 4.139752993194e-01  3.119903801335e-01  9.146501417442e-02 
 3.248577052489e-01  3.181389380978e-01 
-2.728855203174e-03  9.336897047824e-02  2.739238239949e-01 
 2.145155354914e-02  9.479680558721e-01  2.698376043703e-01 
-1.378506973477e-01 -1.071556158879e+00 -1.133218910303e-01 
 1.332321599476e-02 -1.848232317304e-02 -7.215859835523e-02 
 2.868560196080e-02  2.413047299182e-01 -5.118148441813e-02 
-3.880668481399e-02 -2.511921840476e-02  4.330318639607e-01 
 3.897378689712e-02  5.974560809625e-02  3.599508450171e-02 
-1.148819305667e-01 -1.082004686268e-01 -2.115125461410e-02 
-8.022100279671e-02 -5.717694429763e-02 
 1.012882463493e-02  4.430255754109e-01 -1.068237906524e-01 
-5.707041812117e-01 -4.375385549713e-02  4.158556617460e-01 
 1.797886851415e+00  7.179032432970e-02  1.689189657162e-01 
 2.046675976049e-02  7.639180406381e-02 -5.518193914531e-01 
 1.061937023331e-02 -4.944027414771e-02 -1.764201788330e-01 
-3.434219049350e-01  4.052430628488e-02  8.376385737684e-01 
-2.258019691175e-01 -5.552446375739e-01 -5.982252139119e-01 
 4.420202639370e-01  7.838572216327e-02 -1.248203355231e-01 
 4.037859840733e-01  8.606804949642e-01 
 2.910149233079e-02  9.327880834107e-01 -1.775587144766e+00 
-2.368255512228e-02 -8.714890398426e-03  3.408337358624e-02 
 1.402279057818e-01 -2.102869647156e-02  3.745440887959e-01 
 2.186950458680e-02  4.730437160273e-02  1.389530378384e-01 
-1.910313058668e-01  4.045248086528e-02 -1.549529225787e-01 
 4.290866139672e-01 -4.218045122564e-02  4.889295208825e-02 
 4.644716688665e-01  1.237400768652e-01  6.957835403826e-01 
-8.105393725927e-01  3.922601200321e-01  1.580919126979e-02 
 4.723261233754e-01  4.716119019377e-01 
-1.556993465049e-02 -1.336749021519e-01  2.652383689088e-01 
-6.480929040420e-02  2.481034592781e-01  7.232061566031e-02 
 8.368425708910e-02 -6.696811039065e-01 -4.708702408169e-02 
 1.634876570089e-02 -1.301620347483e-01  8.920966883343e-02 
-1.301178628481e-01 -8.948452948073e-01  5.972216244164e-02 
 2.262456766896e-01  1.224419802374e+00 -3.001330668779e-02 
-1.551107272440e-01  5.895039119637e-03  2.084555010415e-01 
-3.011354248462e-01  1.293311514965e-01 -4.784138420178e-03 
-6.588814902959e-02  7.780949963324e-03 
 5.647524929382e-02  5.090338413124e-01 -1.085614226698e+00 
 2.958526789816e-01  5.952747398578e-02 -2.815436703560e-01 
-5.938506279143e-01 -2.440221105175e-01  1.871606478999e-01 
-5.376593678377e-02  4.233308216885e-01 -2.006831489109e-01 
 2.750425359366e-01 -2.844236208187e-01 -1.912090620645e-01 
-4.933566132488e-01  4.151091103442e-01  2.183713517253e-02 
 6.001612700355e-01  1.541045070565e-01 -5.067215771101e-01 
 8.082374553447e-01 -4.481552093860e-01  7.623781376274e-02 
 2.148527505095e-01 -1.074294993418e-01 
-5.383546616813e-02  7.166475101161e-01 -1.375402412698e+00 
 3.043784458606e-01  2.011014915629e-02  3.593747245400e-01 
-6.423808789843e-01 -4.520036992406e-02 -4.365390027158e-01 
 2.911773467079e-02  6.839126487720e-02  1.523972936706e-01 
 5.920215567063e-01 -2.648576250697e-02  5.573167717943e-01 
-5.220814196050e-01  3.620349773379e-02 -8.168394299280e-01 
-2.219384278395e-01  7.313750585063e-01 -1.672503242612e-01 
 7.382328061618e-01  6.836911827479e-01 -5.505994788877e-01 
-1.823358397666e-02 -1.776708280335e-01 
-1.427415396673e-02  8.086782686876e-01 -1.208975504846e+00 
 6.855683958352e-01  4.118100300150e-02 -2.557450703973e-01 
-1.401633804508e+00 -5.822685337353e-02  3.561325320395e-01 
-3.948195892073e-03  9.939610083907e-02 -1.084525849800e-01 
-4.654821358134e-01  2.139421401118e-02 -1.302568720343e-01 
 9.239524835207e-01 -3.259311981272e-02  2.963452911016e-01 
-8.555868201936e-01  1.824883592052e+00 -1.698476005817e-01 
-2.824846332069e-01 -1.700007268743e-01  3.858844811762e-01 
 1.592756975238e-01 -4.354268666221e-01 
-2.751284813949e-02  4.962640835970e-01 -1.568808962682e+00 
-2.452787308607e-01 -6.892944817961e-03  3.267737166246e-01 
 3.053524975131e-01  7.306664640201e-03 -8.642456929328e-01 
-2.436262124218e-02  4.099287946451e-01 -1.101999702102e-01 
-4.607522079082e-01  2.180874990122e-02  8.146681809865e-01 
 6.317132173352e-01 -3.405000555689e-02 -1.444667463044e+00 
 2.058244677142e-01 -3.546063180176e-01 -1.077289255210e-02 
 1.948540389910e-01 -5.990788676162e-01  1.493615165241e+00 
-9.794977555805e-02  2.741400916240e-01 
-2.754966853512e-02  1.125317119063e+00 -2.353582300024e+00 
-6.082874690653e-01  5.695832054121e-03 -5.619868470506e-01 
 1.489350141129e+00 -1.124472182652e-02  7.056683091954e-01 
-4.505156049833e-03 -1.405310343488e-01  5.228123592339e-01 
 2.487540166752e-01 -8.061731840541e-03 -1.405045596475e-01 
-8.861556400381e-01  2.001876688675e-02  1.328667188715e-01 
-1.778107381848e-01  5.650717142280e-02  2.075908692214e-01 
-7.600301046968e-02 -2.201350573844e-01 -3.476436752706e-01 
-9.253521176520e-01  2.365165632503e+00 
-9.356233914729e-03 -4.263832421113e-01  3.412741282113e+00 
-1.112301755347e-01  2.817904547455e-03 -7.190393067927e-03 
 1.622500828002e-01  3.421407320784e-02  1.657343948008e+00 
 6.283082351570e-03  1.938937896162e+00 -4.861090419421e+00 
 1.162660671486e-02 -2.974315032857e-03 -2.403806054637e-01 
 2.144969768888e-01  4.952371194451e-03  1.579260334221e+00 
-2.184591564031e-01 -1.247485151812e-01  2.520070650731e-01 
 1.826021869714e-02  3.523515920249e-01  2.642214661978e-01 
-2.701994527527e-01  6.122935765198e-02 
-6.431018902486e-03  1.987985606922e-01  1.396277620604e-01 
-1.148676458746e-02  9.914457395150e-03 -2.037717480529e-02 
-2.573309256315e+00 -3.768110942045e-02 -4.355738487766e-01 
 1.713146672192e-02 -1.046429019007e-01  1.122976414599e-01 
-5.378033829097e-01  1.448742050034e-02 -1.275790390488e-01 
 2.548846986980e+00 -5.029340639721e-02 -2.626684524946e-02 
 6.022013191349e-01  6.494056557017e-01 -7.645552863833e-01 
-2.425100986835e-01  8.323160068743e-01  4.161336177980e-01 
-7.530154033534e-01 -1.073969171318e+00 
orbocc
(*)
 0.000000000000e+00  0.000000000000e+00  0.000000000000e+00 
 0.000000000000e+00  0.000000000000e+00  0.000000000000e+00 
 0.000000000000e+00  0.000000000000e+00  0.000000000000e+00 
 0.000000000000e+00  0.000000000000e+00  0.000000000000e+00 
 0.000000000000e+00  0.000000000000e+00  0.000000000000e+00 
 0.000000000000e+00  0.000000000000e+00  0.000000000000e+00 
 0.000000000000e+00  0.000000000000e+00  0.000000000000e+00 
 0.000000000000e+00  0.000000000000e+00  0.000000000000e+00 
 0.000000000000e+00  0.000000000000e+00 