2mocoef
header
1
MO-coefficients from MOLCAS
1
26   26
a
mocoef
(*)
 7.380207540412e-05 -6.540718968080e-04  6.187944174376e-03 
-7.368014817963e-05 -1.313348543928e-06 -3.290011431471e-04 
 5.791735002846e-04  5.398943922850e-05  3.381205790952e-03 
 9.960456140584e-01  2.354912297609e-02 -1.330355899737e-02 
-6.177584084891e-05 -3.854503482331e-05 -8.359112723517e-04 
 1.766281983256e-04  3.982992712607e-05  2.825998861626e-03 
-2.361545033736e-04 -3.000881458946e-04  2.923823833503e-04 
 9.133920161000e-04  2.575463448557e-05  1.559503807492e-03 
-1.316519078461e-04  2.528601008237e-04 
 9.960728295993e-01  2.408562049115e-02 -1.158916624234e-02 
 1.356195374388e-04  1.038797503740e-04  1.166937316680e-03 
-6.826584785907e-05 -1.572603690014e-04 -3.617557767299e-04 
-3.415666028534e-04 -3.021573732361e-04  1.819673310445e-03 
 1.184962035633e-05 -2.277336222312e-05  3.562673454350e-04 
 2.646911538617e-04 -1.806897338268e-06 -2.877584910091e-04 
-1.456795131743e-04  2.490859385478e-03 -9.434909462956e-05 
 8.240856690871e-05  3.255545998197e-05  4.359638454715e-04 
-2.462283589615e-04  2.696427525227e-03 
-1.161268307238e-01  2.454463524433e-01  5.460409551736e-02 
 1.247976074603e-02  4.039317999482e-03  1.354166419681e-01 
-4.797575906031e-03  1.153283957894e-03 -3.877352905845e-02 
-1.878674475431e-01  4.004768088325e-01  4.254224740985e-01 
-1.695263153691e-02 -2.120047447460e-03 -9.522631206409e-02 
 9.735180506803e-03 -2.386942810565e-03 -3.277032287236e-02 
 5.189597889845e-02  1.319706796234e-02  6.282960962748e-02 
 4.018288813903e-03  9.996834283617e-02 -3.209540995637e-03 
 4.748678595201e-02 -6.144882710502e-03 
 1.595560241477e-01 -3.444584599413e-01 -3.262471598739e-01 
 2.736775349801e-02 -6.645848261784e-03  8.973689692391e-02 
-5.385517004398e-03 -3.930004094332e-03  1.251708047094e-02 
-8.709330280896e-02  1.830968040619e-01  3.121470089409e-01 
-9.843656172529e-02  7.856212734399e-03  2.200251882943e-01 
-4.765269779558e-02  5.952560362476e-03  7.959564016224e-02 
-1.276907557599e-01 -2.805381410463e-02  5.722859208234e-02 
 1.247465259044e-02  1.603953074471e-01  2.464140051719e-02 
-1.836026235010e-01 -4.865261781549e-02 
 2.767359962320e-02 -4.924559883914e-02 -1.164580905754e-01 
 2.595957361187e-01 -3.778813135791e-03  2.557034711062e-01 
 7.152953213988e-02 -1.372639432703e-03  3.920246704240e-02 
-1.194959605553e-02  2.846117717651e-02  3.385315772904e-02 
 3.161919021881e-01 -1.551660558513e-02 -2.361564410699e-01 
 2.110325700277e-01 -1.065820436897e-02 -1.176441463942e-01 
 2.177341433270e-02  4.328670847898e-03  6.187936710629e-02 
 1.272879528415e-02 -1.917760732826e-01 -4.043308209757e-02 
-2.059074984663e-01 -8.320537451315e-02 
-3.478516168281e-03 -1.107125342820e-02  1.393919258899e-01 
 2.089366976252e-01  1.896085048417e-02 -3.325860989815e-01 
 8.717625657085e-02  9.806698348031e-03 -4.952917263451e-02 
 4.316166294616e-04 -1.489637478779e-02  1.949732904972e-02 
 1.831407028128e-01  2.062152960476e-02  3.685076652772e-01 
 1.419526342869e-01  1.108067552406e-02  2.119765100653e-01 
 1.964542905272e-01  1.115161017739e-01  1.589972971211e-01 
 6.653849526771e-02  2.885464624637e-02  3.586901282384e-02 
 1.693401020165e-02  1.936737797787e-02 
 2.027171594704e-03 -3.492081864069e-03 -8.272288774461e-03 
-3.569569145657e-02  1.915031639093e-01  1.522185205164e-02 
-2.701651000352e-02  5.315588373552e-02  2.718289094351e-03 
-2.387781453980e-03  5.981640943147e-03  8.726452635138e-03 
 3.824825476469e-02  5.884774005348e-01 -2.033464002174e-02 
 3.477543063780e-02  4.559550440342e-01 -1.129593311121e-02 
-2.603999457822e-02 -1.839625108412e-02  4.700695216973e-03 
 3.012014674508e-03 -1.496375817774e-02 -7.147813580600e-03 
 1.395021580492e-02  2.153358462291e-03 
 1.494763991890e-02 -2.519527125079e-02 -4.849199615430e-02 
-3.559151178136e-01 -2.786823495563e-02 -1.935310643088e-02 
-2.743134440954e-01 -1.133271225242e-02 -1.768124807695e-02 
-1.924016420448e-02  3.222249962322e-02  1.110642030735e-01 
 3.084618299089e-01 -4.740075623279e-02  5.397475267730e-02 
 3.041331096270e-01 -3.349218471489e-02  2.698440558829e-02 
-2.193408500212e-01 -9.682912368203e-02  1.822754652899e-01 
 9.986065890110e-02 -1.411441266056e-01 -4.799926276814e-02 
 1.873657288065e-01  3.813445756573e-02 
-6.974793961212e-03  1.575774313266e-02  3.253626006573e-02 
 2.322022792732e-02 -6.131334144097e-01 -1.298228616544e-02 
 2.659959623465e-02 -5.902501230131e-01 -9.955840804432e-03 
 1.628769582165e-04 -9.306866105721e-04  3.530517842412e-03 
 7.283787750315e-03  2.678271631275e-01  6.946865271420e-03 
 8.466021995093e-03  3.903885481464e-01  2.028886362532e-03 
-1.186998549843e-02 -2.035439383276e-02 -9.621238344586e-03 
-1.643173336131e-02  7.936200585423e-03  1.003424421794e-02 
-3.690363356557e-03  2.359072525077e-03 
 2.660060952503e-04 -3.299975831846e-04 -1.299347279080e-01 
-5.492590197433e-02 -1.075114409324e-02  1.071142020726e-01 
-1.314200614139e-01 -3.392975213051e-02  2.442355497154e-01 
 9.419719015420e-02 -1.661849455263e-01 -1.011084229844e+00 
-1.906837637423e-01  1.462137087925e-02 -1.515871356059e-01 
-3.265395490879e-01  3.193058459620e-02 -2.894202923081e-01 
 4.238770283429e-02  3.771738285618e-01  2.116071412976e-01 
 1.144541430731e+00  5.564844884413e-02  3.287895671045e-01 
-4.474904946122e-02 -3.787094034452e-02 
 7.004395243830e-03 -2.751321064294e-02 -1.680886170814e-01 
 1.456706704684e-01  7.140400896999e-03  4.022554313819e-02 
 3.664481158802e-01  2.579799644456e-02  3.357593852564e-01 
 5.565296467424e-02 -7.811248013244e-02 -1.000587832525e+00 
 2.721626840500e-01 -1.323498838600e-02 -6.689863933465e-02 
 7.058718110918e-01 -3.546000439995e-02 -1.437840176902e-01 
-4.706172168562e-02 -3.692838845411e-01 -5.388696672067e-02 
-3.828249975363e-01  1.158252008189e-01  1.563196890024e+00 
 3.389791820395e-02  7.872523138589e-01 
 1.206040884597e-01 -1.941879611846e-01 -1.915707849114e+00 
-1.443504483475e-01 -2.433702492107e-02  1.272337110477e-01 
-4.126382305025e-01 -7.973788609336e-02  5.164444591492e-01 
-3.348117960467e-02  5.899418581072e-02  3.418655266987e-01 
 4.917439642022e-02  2.347830126413e-03  1.066774986490e-02 
 1.702323116475e-01  1.968056895464e-02 -9.746423622404e-02 
 8.753377398703e-02  1.661060011822e+00 -5.201465557925e-02 
-3.121504401356e-01 -3.356451297157e-02 -1.146404318190e-01 
 5.765388514978e-02  1.005532116743e+00 
 4.541494336757e-02 -4.883673836768e-02 -1.345203173449e+00 
 3.214455385717e-01  1.169056547575e-02  1.894725879302e-02 
 1.642265946697e+00  2.219363835487e-02 -1.502010889779e-01 
-2.519332603891e-02  3.739235383686e-02  6.174694401996e-01 
-1.722655919632e-01  4.706273461322e-03 -6.808658893108e-02 
-8.111327873414e-01  5.740435462051e-03 -3.186942621701e-01 
-2.530862025475e-02 -1.174485761116e+00  9.527301278240e-03 
 5.709418131838e-01  2.635133789068e-02 -6.972056420713e-01 
-2.859073602625e-03  2.296672884216e+00 
-6.134656140575e-02 -3.222569280107e-02  2.150335924488e+00 
 6.990927725764e-02  8.777189865698e-04  9.809463684169e-02 
 5.691135390022e-01  1.993270520265e-02  2.543554462964e+00 
 6.066798971290e-02 -4.976280392301e-02 -2.191896500800e+00 
-6.797834254245e-02  3.531432423247e-03  2.955189704218e-01 
-2.936415607522e-01  2.421091659453e-02  1.704241894654e+00 
 7.279551960211e-02 -2.824715055506e-01 -6.669781011439e-02 
-2.077811058299e-01 -5.580743747985e-02 -8.158703822139e-01 
 2.381941640636e-02  9.354884068227e-01 
 1.577697554298e-02 -1.493725550114e-01 -5.695120281593e-01 
-1.557235375854e-01  8.564224577995e-01 -4.339846851710e-01 
 4.799374593185e-01 -9.659622571117e-01  2.616322015339e-01 
-2.445323505710e-02  4.474461859658e-02  8.742217374375e-02 
-7.293048872056e-03  1.816774234741e-01  4.865532863620e-02 
-2.321753396147e-02  1.192503289818e-02 -6.504214504462e-01 
-3.696404325449e-02 -9.643850680795e-02 -1.314762862803e-01 
 2.213803635733e-01  1.530129335193e-01  5.479125442123e-02 
 1.975540081509e-01  2.360589834184e-01 
 1.978899896718e-02 -2.243059115484e-01 -9.008990406564e-01 
-1.656659454637e-01 -5.369930563919e-01 -7.312502097226e-01 
 6.274462989494e-01  6.088891138233e-01  3.931772165877e-01 
-3.951320962018e-02  6.759954975134e-02  1.723971071377e-01 
-4.520050830598e-02 -1.239039337905e-01  8.236768571449e-02 
 1.369179319008e-02 -1.576569934689e-02 -1.093117143952e+00 
-7.422789592866e-02 -1.632138199881e-01 -1.657212732663e-01 
 3.415967666543e-01  2.605937376808e-01  6.957266102000e-02 
 2.860461669647e-01  3.191706914709e-01 
 9.623185414077e-03  5.484322867305e-01 -3.181735978856e-01 
-5.942743593054e-01 -3.561244817602e-02  4.501030853264e-01 
 1.904427520103e+00  6.616251329766e-02  1.899849996833e-01 
 2.692176605716e-02  6.322054023399e-02 -5.209118609209e-01 
-2.766466235088e-02 -3.549989378674e-02 -1.540903324048e-01 
-2.850701083443e-01  2.396175107136e-02  7.998770786060e-01 
-1.722204109024e-01 -6.042589082162e-01 -4.530543674248e-01 
 2.880701921254e-01  1.429213210127e-01 -1.036258260755e-01 
 4.481660390334e-01  9.722847758790e-01 
 3.787584361225e-02  1.010000468227e+00 -2.051483906926e+00 
 1.362887020187e-01 -2.935255173606e-03 -5.012694349488e-02 
-2.891321084972e-01 -4.160331691902e-02  3.140041969992e-01 
 7.796845149043e-03  1.169183239209e-01  2.239309411456e-01 
-1.232892564913e-01  4.870738882546e-02 -1.534822271613e-01 
 3.598370590244e-01 -4.288943291839e-02 -8.346024366225e-02 
 5.921135402107e-01  2.843679011532e-01  6.342524010773e-01 
-6.525245545641e-01  2.678880700984e-01  6.081128625036e-02 
 4.424853340269e-01  2.992001944704e-01 
-4.472909015693e-02 -3.131552344921e-01  5.960141141798e-01 
-2.192414703233e-01  1.257360053354e-01  2.073979583310e-01 
 3.929865118426e-01 -2.923256780743e-01 -1.122761639556e-01 
 4.984194411615e-02 -3.642137616637e-01  2.510404092002e-01 
-3.075237485831e-01 -4.562538313241e-01  1.730130504071e-01 
 5.759584892864e-01  5.851468931947e-01 -1.355122181502e-01 
-4.049450203629e-01 -7.019267133029e-02  6.526470800430e-01 
-9.043552567482e-01  4.655331266914e-01 -3.512095293303e-02 
-1.312560238053e-01  1.121620139230e-01 
 2.734552083064e-02  2.132929810033e-01 -4.300885664373e-01 
 1.533497154827e-01  1.992394888280e-01 -1.304135876924e-01 
-3.313591396393e-01 -5.869985606805e-01  7.804508487124e-02 
-2.799309769591e-02  2.065298925068e-01 -1.135757557358e-01 
 1.226214184575e-01 -8.478517131451e-01 -9.767285725573e-02 
-2.416299840382e-01  1.135294793762e+00  5.292219038793e-02 
 2.575415237209e-01  1.068571184765e-01 -3.104994486335e-01 
 4.536598790212e-01 -2.660123587417e-01  3.670287961750e-02 
 7.958118871055e-02 -8.896029327979e-02 
-5.485739074649e-02  8.114206703823e-01 -1.615325319874e+00 
 3.933972049716e-01  2.543447371187e-02  2.862278852149e-01 
-8.284820774458e-01 -5.199692468492e-02 -4.113578461066e-01 
 2.512106018849e-02  7.213020783324e-02  1.963261788134e-01 
 5.071728299400e-01 -1.951785368023e-02  5.622023029542e-01 
-3.667973689677e-01  2.604983188928e-02 -8.576535103206e-01 
-3.645865722461e-01  9.996306618580e-01 -2.210356114444e-01 
 7.200178585558e-01  6.326262988423e-01 -4.489644762631e-01 
 5.921831826947e-03 -2.375915569671e-01 
 3.270011681294e-03 -6.135799416736e-01  7.169060778933e-01 
-6.344725991181e-01 -3.658115323005e-02  3.138545001318e-01 
 1.257870144443e+00  4.848921994407e-02 -5.333681406368e-01 
 2.872814505839e-03 -2.831278231531e-02  1.420703814074e-01 
 4.894624956808e-01 -2.407037231184e-02  3.197687058422e-01 
-8.818106035857e-01  3.467153434445e-02 -6.509947533306e-01 
 8.573278687573e-01 -1.716601709235e+00  1.344675304048e-01 
 4.241624421976e-01  1.957491241261e-01 -2.545702846021e-01 
-1.701507900821e-01  4.133170578250e-01 
 2.743750852427e-02 -5.926206014208e-01  1.782598168315e+00 
 1.851027315117e-01  1.010936327468e-03 -2.247120793383e-01 
-1.792105464282e-01  1.351042116780e-03  7.813993890063e-01 
 2.811411490190e-02 -3.879105502761e-01  3.298433007763e-02 
 5.265023463583e-01 -2.438297369993e-02 -7.732185236512e-01 
-7.231954664740e-01  3.699618630516e-02  1.401820187614e+00 
-1.040725997159e-01  1.383392129162e-01  2.941930196820e-02 
-1.375402091119e-01  6.603678654483e-01 -1.526795289314e+00 
 1.309833848200e-01 -3.123103525432e-01 
-2.576117261588e-02  1.094612545500e+00 -2.237729063971e+00 
-5.967028008362e-01  6.153662009773e-03 -5.607050578878e-01 
 1.432685861558e+00 -1.303780937606e-02  7.443469535590e-01 
-2.364077075055e-03 -1.519560308005e-01  4.954994127674e-01 
 2.660151549115e-01 -8.765385893408e-03 -1.817293790742e-01 
-8.738699248397e-01  2.149184823434e-02  2.232573280293e-01 
-1.719210476283e-01  7.398461956111e-02  2.014962189730e-01 
-9.489944230821e-02 -1.780277722382e-01 -4.103918426534e-01 
-9.431308554870e-01  2.344364486668e+00 
-9.517059248902e-03 -4.027727555280e-01  3.360915699707e+00 
-1.054590675663e-01  2.630129735707e-03  2.037186028779e-03 
 8.567370429026e-02  3.296692405445e-02  1.622212917730e+00 
 5.608314870334e-03  1.946659164047e+00 -4.847338257291e+00 
-3.202624821619e-03 -2.289612123579e-03 -2.313290610026e-01 
 2.854066992693e-01  3.053378510924e-03  1.544191422771e+00 
-1.974455849376e-01 -1.023479281409e-01  2.323972559265e-01 
 2.210058396254e-02  3.746419809328e-01  2.901476374377e-01 
-2.788158840793e-01  2.622087195029e-02 
-5.437099559270e-03  1.919574262173e-01  9.413542116082e-02 
 1.379380313898e-03  1.013248110157e-02 -1.425314111589e-02 
-2.587564141068e+00 -3.813606986815e-02 -4.755990334073e-01 
 1.721361073393e-02 -1.511543035304e-01  2.174483330063e-01 
-5.453540128203e-01  1.449536669869e-02 -1.255054293124e-01 
 2.558947286548e+00 -5.063273073437e-02 -5.626217837663e-02 
 5.994390402983e-01  6.568083475725e-01 -7.799899092958e-01 
-2.417642439873e-01  8.326068475700e-01  4.096482057058e-01 
-7.234539115518e-01 -1.106281795341e+00 
orbocc
(*)
 0.000000000000e+00  0.000000000000e+00  0.000000000000e+00 
 0.000000000000e+00  0.000000000000e+00  0.000000000000e+00 
 0.000000000000e+00  0.000000000000e+00  0.000000000000e+00 
 0.000000000000e+00  0.000000000000e+00  0.000000000000e+00 
 0.000000000000e+00  0.000000000000e+00  0.000000000000e+00 
 0.000000000000e+00  0.000000000000e+00  0.000000000000e+00 
 0.000000000000e+00  0.000000000000e+00  0.000000000000e+00 
 0.000000000000e+00  0.000000000000e+00  0.000000000000e+00 
 0.000000000000e+00  0.000000000000e+00 