2mocoef
header
1
MO-coefficients from MOLCAS
1
26   26
a
mocoef
(*)
 7.525925595616e-05 -6.452012263585e-04  6.009462706074e-03 
 1.341851206873e-05  9.824802022950e-06 -3.955835756149e-04 
 6.234952781896e-05  2.198807360529e-05  3.126147842012e-03 
 9.959836580824e-01  2.392314666140e-02 -1.363261415354e-02 
 9.229883782213e-05  1.467420631174e-04 -7.252944173098e-04 
-1.448645053814e-04 -1.579163634663e-04  2.414143881251e-03 
-1.708633397404e-04 -1.526991434392e-04  6.759192850006e-05 
 1.642287955768e-03  1.742605524520e-05  1.552364078216e-03 
-1.608801205984e-04 -7.200579437822e-05 
 9.960171057587e-01  2.463522365030e-02 -1.269013759334e-02 
 5.425732215872e-05  2.691580100163e-05  9.199827448819e-04 
 2.481212961526e-04 -1.878340114129e-05 -6.450067683076e-05 
-3.265780432305e-04 -3.418993628102e-04  1.868050753395e-03 
 5.415573695010e-05  7.991229192636e-06  4.815526641823e-04 
-1.420794189398e-04  8.256494003215e-06 -2.131682522716e-04 
-2.264620412960e-04  2.937866623527e-03  1.790043477036e-05 
 2.764889422759e-04 -7.954518636057e-05  1.564197146269e-04 
-1.933293658278e-04  3.259884949511e-03 
-1.138487635292e-01  2.407121584258e-01  5.322614930508e-02 
 5.373977649448e-03  1.632746202970e-03  1.044475477001e-01 
 4.617909258882e-03  8.547760997408e-04 -3.671233665399e-02 
-1.892912524261e-01  4.044685744846e-01  4.199921053363e-01 
 1.600641716058e-02  7.375289577624e-03 -4.755145608964e-02 
 9.890790209810e-03  4.190056453234e-03 -1.672289189450e-02 
 6.084683874014e-02  6.316798878050e-03  1.120894463358e-01 
-4.872482440935e-03  1.011753701890e-01 -5.278833550184e-03 
 5.864779064061e-02  6.949717423261e-03 
 1.668556034720e-01 -3.619626428963e-01 -3.050355410974e-01 
 1.871967430844e-02  7.567773910157e-05  1.101964537333e-01 
 3.849811524118e-03 -1.665566536557e-03  2.206257664328e-02 
-8.445796585269e-02  1.822574459695e-01  2.795882205265e-01 
-1.766935840761e-02  1.026488792739e-02  2.071499596435e-01 
-1.153249799041e-02  7.164811074112e-03  7.596294817604e-02 
-1.623682576542e-01 -3.028940427957e-02  1.017636597437e-01 
 6.130716411024e-03  1.231530047716e-01  1.079677628121e-02 
-1.852862016260e-01 -3.679314567262e-02 
 8.172117417832e-03 -1.622526660739e-02 -4.480793298847e-02 
 2.338106617315e-01 -2.605695997118e-03  9.772658062369e-02 
 3.664512755554e-02  2.715179586292e-04  1.327229286453e-02 
 8.581859855718e-04 -8.625583580081e-04 -2.099039436881e-03 
 4.376795503186e-01 -3.343656780129e-02 -1.054603810672e-01 
 2.881718989091e-01 -2.417520310938e-02 -6.118475893100e-02 
 5.486055556346e-02  2.470574351996e-02  1.632938057344e-01 
 2.360594177047e-02 -2.138272330945e-01 -3.315700580707e-02 
-1.263802557947e-01 -5.086014327209e-02 
-6.093646669122e-03 -5.331317451034e-04  1.291886183167e-01 
 2.436829188350e-01  3.117223913206e-02 -3.755984227049e-01 
 1.178072602401e-01  9.393049757764e-03 -4.824292044049e-02 
 1.828682834571e-02 -4.736254717890e-02 -3.486258468267e-02 
-3.510516541838e-04  5.260904310559e-02  3.953738953501e-01 
-2.551859164514e-02  3.691224797132e-02  2.077077391973e-01 
 2.416657539287e-01  9.732355932888e-02  8.415696515689e-02 
 1.728026206757e-02  1.205254400166e-01  4.212404678545e-02 
-3.565316648561e-03  2.095006362956e-02 
-2.657712490580e-04  6.303850340108e-04 -8.211391804753e-03 
-6.113489924038e-02  1.908667842038e-01  1.966611223952e-02 
-3.546190414871e-02  5.058087194718e-02  2.673322744959e-03 
 4.413875125002e-03 -1.273080829514e-02 -9.845296764463e-03 
 6.680090847637e-02  5.835563115929e-01 -2.659008833910e-02 
 5.435774408288e-02  4.530589278110e-01 -1.679336618347e-02 
-4.046184581619e-02 -1.974196119123e-02  2.029454814562e-02 
 7.399091835852e-03 -2.084047960752e-02 -9.317891037792e-03 
 2.913672363074e-02  1.174191999189e-02 
 4.928652103505e-03 -1.757157413131e-02  3.524190713850e-02 
-3.797580069429e-01 -3.930655532939e-02 -1.833127741168e-01 
-2.150760229685e-01 -1.466475035458e-02 -2.735777395020e-02 
 4.586715699448e-03 -1.472595068167e-02  2.694535328509e-03 
 2.555850812586e-01 -6.558769591048e-02  2.023445703803e-01 
 2.152654880403e-01 -4.493583010408e-02  9.949582463714e-02 
-1.613471693688e-01 -4.092477190456e-02  1.978782420452e-01 
 6.449576646153e-02 -8.256629634698e-02 -2.845191260019e-02 
 2.583157908097e-01  8.423942462898e-02 
-1.901610206905e-03  6.338534101083e-03 -8.590067989070e-05 
 3.192725726404e-02 -6.235796690076e-01 -2.205768030167e-03 
 3.725455044276e-02 -5.771351912746e-01 -5.796147804180e-03 
 2.516003666732e-03 -6.610867691574e-03 -1.123204737241e-02 
 6.852846970284e-03  2.663163966820e-01 -3.870600478286e-03 
 1.125665720838e-02  3.871177117050e-01 -6.031536491447e-03 
-6.878495122923e-03 -1.546149073409e-02 -7.352014991085e-03 
-9.423651071189e-03  1.883089997776e-02  1.998562803484e-02 
 5.517151016486e-03  1.306709337278e-02 
 1.254726449995e-02 -3.527064307440e-02 -3.945392964638e-01 
-1.727990867068e-02 -1.510184835518e-03  1.206529260478e-01 
-3.073890848618e-02  4.935947736065e-03  5.181621251168e-01 
 1.072206011743e-01 -1.677711754886e-01 -1.646190971354e+00 
-2.822589367826e-02 -1.405172046032e-02 -1.314843086675e-01 
-7.650673862992e-02 -3.670132101562e-02 -3.496011296986e-01 
 4.069319096380e-03  4.693080176934e-01  8.680645739218e-02 
 1.119890367298e+00  7.239642999550e-02  9.573562097722e-01 
-1.788188037418e-03  3.873280840017e-01 
-1.869180876158e-02  2.977947552527e-02  2.623593198084e-01 
 1.781473651147e-01  1.330159901176e-02  4.722039561961e-04 
 5.205825041351e-01  7.021716238637e-02 -1.379897033736e-02 
 1.567790582921e-02 -2.630549572643e-02 -2.223377355920e-01 
 2.976296375577e-01 -2.520684621882e-02 -1.350571137789e-02 
 7.953337379614e-01 -7.858538201429e-02 -2.870126609459e-02 
-5.735071494232e-02 -9.454607969996e-01 -8.330064242943e-02 
-1.054976769731e+00  1.027354866565e-01  1.303706187662e+00 
 3.940369524354e-02  6.306618254355e-01 
 1.225989871623e-01 -1.950705847171e-01 -2.491726020300e+00 
 3.713762384756e-03 -4.098186679793e-03  1.028853010278e-01 
 2.429285331133e-02 -9.974519522487e-03  4.558038223578e-01 
-4.556399487290e-02  6.784486123064e-02  6.881734703203e-01 
 5.850859234680e-02  3.825115334887e-03  9.832786859230e-03 
 1.635739023413e-01  5.168379844822e-03 -1.554003619360e-01 
 3.537638217180e-02  1.499249231580e+00 -3.454091819512e-02 
-5.565911620749e-01 -1.765229645960e-02 -1.111203159413e-01 
 4.092385880369e-02  1.657597433918e+00 
 4.283559351638e-03 -1.383068839790e-02 -1.552730948762e-01 
 3.216184242550e-01  2.512992025115e-02 -5.174921866479e-04 
 1.932119374709e+00  8.228658176837e-02  1.052583531133e-01 
-8.528682397654e-04  1.623534690044e-03 -1.291534885921e-02 
-1.905589291933e-01  9.218359855734e-03  1.222454779998e-02 
-9.772021724925e-01  1.216566591342e-02  4.251345815453e-02 
-5.964200643005e-04 -1.942948328395e+00 -8.264549048891e-03 
 8.496766432498e-01  6.899975509787e-03 -9.130435296915e-01 
-8.035477106013e-03  2.200142782150e+00 
-5.952709527705e-02 -1.652150109344e-02  2.161606605584e+00 
-1.196392588719e-02  3.404378569170e-04  9.196914584431e-02 
-1.866787270949e-02 -2.569919348448e-02  2.559164120982e+00 
 5.481838084932e-02 -4.704937743129e-02 -2.000025677221e+00 
 1.203238589853e-02  6.860627064163e-03  3.159664522332e-01 
 1.555737246746e-02  1.685433078890e-02  1.796593599823e+00 
 6.104458742261e-02  3.450102169931e-01 -4.170272758152e-02 
-6.744526986780e-01 -3.402257487114e-02 -6.590921525032e-01 
 6.667621331602e-02  3.016886426435e-01 
-1.361881552012e-03  4.178242463960e-02  6.009872627614e-02 
-7.887868791426e-02  1.001424204031e+00  9.022634500098e-02 
 1.407053345162e-01 -1.145226086783e+00 -3.751242191476e-02 
 5.793583058439e-03 -9.165624885513e-03 -3.050153840426e-02 
 2.007646010863e-02  2.063353101734e-01 -1.834322964786e-02 
-1.423261358270e-02  3.557120557640e-02  1.286848169878e-01 
-2.489337004998e-02 -1.821423326773e-02 -2.335650945582e-02 
-2.964968670747e-02  1.612520351020e-02 -1.303873382982e-03 
 1.142229099627e-02  3.039506883677e-02 
-2.967047041977e-03  1.329114668398e-01 -6.324751311087e-02 
-5.732781735547e-01 -7.514865147693e-02  1.997359236360e-01 
 2.039494440551e+00  1.800316234814e-01 -4.901362405295e-02 
 1.008347001549e-02  6.444820553118e-03 -3.701090259137e-02 
-1.096186067695e-01 -4.678129685245e-02 -1.473899105261e-02 
 9.187041693764e-03 -2.330792442467e-02  2.368903593105e-01 
-4.170351340254e-01 -7.825600468105e-01 -3.697458133242e-01 
 4.981013434854e-02  3.790515449503e-01 -1.710957683287e-01 
 4.083307739274e-01  9.299539403849e-01 
 3.677989463166e-02 -3.063219974641e-01 -1.389183345653e+00 
-1.283308807734e-01  8.084748325601e-02 -9.842233584495e-01 
 5.199235268235e-01 -6.934629336717e-02  3.336910801477e-01 
-5.810298800504e-02  8.764132625359e-02  3.916852447160e-01 
-9.226088543676e-03 -2.298899041371e-03  6.376230672071e-02 
-4.778845079276e-02  2.000695779928e-03 -1.557223645702e+00 
 8.391032335194e-02 -1.365438635135e-01  3.467126966961e-02 
 2.734299122646e-01  1.231464191209e-01  3.340735818633e-01 
 2.580790589316e-01  3.249387414251e-01 
 5.503751381262e-02  1.296258880886e+00 -2.847386601084e+00 
 4.168538396617e-02 -1.053416237749e-02  8.436206590446e-02 
-6.679331834267e-02  3.110901595570e-03  3.175496571263e-01 
 1.073742924114e-03  2.450350291758e-01  5.756918414680e-02 
 2.363943392563e-03 -2.572166270715e-04 -2.007263432130e-01 
-1.638939127671e-02 -7.730449774435e-03  1.922114381086e-02 
 6.037259708925e-01  5.380299091297e-01  1.850242204402e-01 
 1.063872921936e-02  1.501912965855e-01 -2.052766524171e-02 
 5.217478027110e-01  6.011165257126e-01 
-3.944305072366e-03  1.805409888585e-02 -2.616360532643e-02 
 1.143719903118e-02  2.195717334438e-01  3.794964629524e-02 
-8.078978987297e-02 -6.371219489266e-01 -2.553149959814e-02 
 2.107859718074e-03 -7.299088975431e-03  2.783959246280e-02 
-4.514191125040e-02 -9.650315592973e-01  3.892455589031e-02 
 4.251744917519e-02  1.275909709074e+00 -2.635640080267e-02 
 1.401586421405e-02  4.339435261232e-02  5.321714481333e-02 
-3.880649192988e-02 -3.962708245121e-03 -2.338782956152e-02 
-2.101400415868e-02 -3.234898176868e-02 
 6.257563225358e-02 -2.029228824996e-01  8.552585379961e-01 
-2.319830672890e-03  4.406308010166e-03 -2.805865839776e-01 
-3.363513673769e-03 -4.949289905514e-02  5.532301747446e-01 
-6.725340703924e-02  2.363801363715e-01 -2.661247986609e-01 
-5.332870985279e-03 -3.830081362418e-02 -4.862727164016e-01 
 4.095050708248e-02  1.018384718814e-01  1.272293879178e+00 
 1.456887117948e-01 -7.157545541586e-02 -8.091354658890e-01 
 1.280678058616e-01 -7.718937511098e-01  1.004250907962e-01 
 1.469672163714e-01 -5.423683931232e-02 
-4.673243506819e-03  1.334230526297e-01 -3.425194898117e-01 
 2.611628070648e-01  6.908412987580e-03  1.754792833176e-03 
-3.206181108267e-01 -2.743239731719e-02 -1.076069348973e-01 
-4.969796011992e-03  7.263352455176e-02 -2.021733749268e-02 
 9.455763058880e-01 -5.543783601593e-02  1.004930631499e-01 
-1.255036478444e+00  7.915346032065e-02 -2.075574567674e-01 
-1.313170922733e-01  3.755510329469e-01 -6.218590898756e-01 
 1.357170173702e+00  5.098357590740e-01 -1.073626202859e+00 
 6.844588556929e-02 -2.806788207937e-01 
 3.440090763491e-02 -7.647886509426e-01  2.181510707599e+00 
-1.978478620786e-01 -1.669708278619e-02 -2.170224814680e-01 
 5.503287236235e-01  1.977961927298e-02  7.924271709093e-01 
 3.536410067193e-02 -4.420315567154e-01  5.821606111166e-02 
 2.059802328764e-01 -3.633648470301e-02 -8.806416862063e-01 
-4.881490457633e-01  5.296711606513e-02  1.528535402062e+00 
 2.038029901073e-01 -6.465031043113e-01  4.557735056180e-01 
-7.126554164453e-01  4.975814051793e-01 -1.205888528581e+00 
-3.502018871059e-02  1.571147210053e-01 
-2.909052724518e-03  1.970735626334e-01 -1.780945714936e-01 
 9.665229082990e-01  5.967929936081e-02 -2.398823360810e-01 
-2.498268078119e+00 -1.098438443153e-01  4.181981211653e-01 
 7.962229828567e-03 -1.169229853645e-01  1.010884153647e-01 
-3.882184224048e-01  2.604976495813e-03 -2.715429626929e-01 
 1.408091995060e+00 -1.943930145124e-02  4.210232350152e-01 
-7.410080632873e-01  2.228394050620e+00 -1.453846715167e-01 
-5.978324515072e-01  3.811104523200e-01  1.392483878425e-02 
 3.790646487740e-01 -1.553551372194e+00 
-3.503057250692e-02  1.353649608158e+00 -2.362194257177e+00 
-3.126217941685e-01 -1.189709451651e-02 -5.708210523907e-01 
 8.791900509558e-01  1.873692094815e-02  8.200368007443e-01 
 5.246083135341e-03 -1.285701163679e-01  3.806631757945e-01 
 1.002949838247e-01 -1.036294825166e-02 -2.216300502343e-01 
-4.734315379539e-01  3.365090653504e-02  4.926914086851e-01 
-5.620115835183e-01  7.494854255263e-01  9.757557704937e-02 
-2.182654136085e-01 -1.536676848977e-01 -3.648692570730e-01 
-8.749354721683e-01  2.039273352553e+00 
-1.058019532852e-02 -3.846774973334e-01  3.245991569518e+00 
-3.285881228764e-02  2.610366545076e-03 -3.183897880973e-02 
-2.132228641846e-01 -4.597444488244e-03  1.522370885098e+00 
 7.174639319546e-03  1.958187108512e+00 -4.916484696363e+00 
-3.314121576954e-02  4.220907250420e-03 -2.211277858596e-01 
 1.794518974916e-01 -4.496443138986e-02  1.306183784498e+00 
-1.488696554753e-01 -1.954244506503e-02  2.429892020522e-01 
 2.624902737489e-01  3.391157006102e-01  3.405829265291e-01 
-3.037839274518e-01 -1.524787960359e-01 
-1.423409787065e-03  6.337532041145e-02 -4.358538653530e-01 
-1.793788221053e-01  2.376444136799e-03 -7.393960532675e-02 
-2.770957842671e+00 -8.546555010389e-02 -1.950805620182e-01 
-3.259276874081e-03 -1.857501061825e-01  5.194187505164e-01 
-3.885265660954e-01  9.359633150145e-03  3.933240438011e-02 
 2.694642595633e+00 -6.120025787133e-02 -3.197628791785e-01 
 7.523544728901e-01  1.049114781201e+00 -8.389830063628e-01 
-4.810087288804e-01  8.021263337414e-01  5.148076906290e-01 
-7.807235432565e-01 -1.019988891018e+00 
orbocc
(*)
 0.000000000000e+00  0.000000000000e+00  0.000000000000e+00 
 0.000000000000e+00  0.000000000000e+00  0.000000000000e+00 
 0.000000000000e+00  0.000000000000e+00  0.000000000000e+00 
 0.000000000000e+00  0.000000000000e+00  0.000000000000e+00 
 0.000000000000e+00  0.000000000000e+00  0.000000000000e+00 
 0.000000000000e+00  0.000000000000e+00  0.000000000000e+00 
 0.000000000000e+00  0.000000000000e+00  0.000000000000e+00 
 0.000000000000e+00  0.000000000000e+00  0.000000000000e+00 
 0.000000000000e+00  0.000000000000e+00 