2mocoef
header
1
MO-coefficients from MOLCAS
1
26   26
a
mocoef
(*)
 7.374612011535e-05 -5.781379062961e-04  5.640911131719e-03 
-7.351898741713e-05  3.537950312766e-06 -3.262743048201e-04 
 5.795262642813e-04 -1.763785938923e-05  3.069750358375e-03 
 9.959284330872e-01  2.439920074866e-02 -1.429851100635e-02 
-2.655042187162e-04 -1.999513586426e-04 -5.688190581405e-04 
 1.111074790329e-04  1.836890605413e-04  2.178494078998e-03 
-2.087347309246e-04 -3.631590748323e-04  8.026175257726e-05 
 1.629911885427e-03 -1.682303471515e-04  2.316193603899e-03 
-1.273541985640e-04  2.515253128475e-04 
 9.960246427869e-01  2.424885585584e-02 -1.131514835586e-02 
 1.309803202983e-05 -9.725080467677e-05  1.139158837425e-03 
-2.190326267877e-04  6.559742534724e-05 -1.399715185586e-04 
-3.025055306536e-04 -2.789727431831e-04  1.372561041744e-03 
 1.766891718866e-05  9.939749916310e-06  3.851631397968e-04 
 2.441895053010e-04  2.241859776907e-05 -3.329018546844e-04 
-3.024028156713e-04  2.490029606460e-03 -3.639092240647e-05 
 1.494756475092e-04  2.103541750755e-05  5.320297538464e-04 
-3.242567377003e-04  2.602916952805e-03 
-9.682460170879e-02  1.996234019854e-01  4.377097432982e-02 
 6.207804998207e-04 -2.017970266306e-03  1.099766165317e-01 
-1.574673859114e-02 -2.767005314811e-04 -3.603744546980e-02 
-1.978811181239e-01  4.281822618644e-01  4.131573161132e-01 
-3.053986435470e-02 -1.308250064346e-02 -2.907381278000e-02 
 1.505324411842e-02 -5.862981734844e-03 -2.043044159759e-02 
 3.882240029020e-02  1.183039366004e-02  1.057561140474e-01 
-1.122249497768e-02  1.522965415658e-01 -5.254625369564e-03 
 4.129576510861e-02 -7.890118904064e-03 
 1.682883891115e-01 -3.577658817004e-01 -3.071246220440e-01 
-6.373115761264e-04  4.659367373019e-03  3.175558638695e-02 
-1.176191849925e-02  4.963725304282e-03  2.002201651659e-02 
-6.226220514268e-02  1.368327623327e-01  1.999066627018e-01 
-1.151726171331e-01 -1.439834747163e-02  2.786313148137e-01 
-4.160085386715e-02 -7.993343753676e-03  9.725518010802e-02 
-1.302960212393e-01 -2.532587083030e-02  6.459943830090e-02 
 2.160152931506e-03  1.838342421078e-01  1.360670573515e-02 
-1.582378241571e-01 -3.793252112060e-02 
 3.569680031397e-02 -7.454064040966e-02 -9.467805220707e-02 
 1.708470590402e-01  2.752933270756e-03  7.333858902037e-02 
 3.394980156831e-02  1.269728734839e-03  1.065084767339e-02 
-2.249155075252e-02  4.548486984296e-02  1.020520486173e-01 
 4.766025114419e-01  9.314234776920e-03 -1.545036564389e-02 
 2.731369680180e-01  3.179241798043e-03 -4.994825180719e-03 
 1.691283973129e-02  1.186079320231e-02  2.195810292809e-01 
 2.895215417852e-02 -2.049578170128e-01 -1.304934119476e-02 
-1.108279996870e-01 -3.791110365618e-02 
-8.738466241695e-03  1.364404158296e-02  9.169115081170e-02 
-3.522395537632e-01  7.364175862201e-04 -2.489822911508e-01 
-2.265592319189e-01  1.366579290222e-03 -4.973547223437e-02 
 6.697429325438e-03 -2.017581310503e-02  1.239211449892e-02 
 1.879944934896e-01  6.511242024794e-04  2.611997627989e-01 
 1.638766027361e-01 -3.195261820835e-04  1.325259453305e-01 
-1.266537860717e-01 -5.112344146609e-02  1.737570371940e-01 
 5.051901481831e-02 -3.782865378795e-02 -9.063381621996e-03 
 2.709532708648e-01  9.170644036476e-02 
-3.861438301865e-04  2.059873289697e-03  4.958286993180e-03 
 8.011637083030e-03  3.044791107578e-01 -1.099654323794e-02 
 7.192040551125e-03  1.419137092542e-01 -4.050689618672e-03 
-5.592678040757e-03  1.571501564602e-02  1.175048583403e-02 
-1.435765841133e-02  5.465437217705e-01  1.911618694428e-02 
-1.093235622422e-02  3.781505510120e-01  1.279048996433e-02 
 5.473488366728e-03  4.776386393494e-03 -4.695080263102e-03 
-8.229182158508e-04  3.898326091555e-04  4.013557322308e-03 
-1.953550816140e-03 -1.273092532062e-04 
 2.319411176947e-02 -3.036245665403e-02 -2.158318494792e-01 
-2.818712022657e-01  1.163635181941e-02  3.311207270988e-01 
-1.825250636325e-01  3.992681570112e-03  3.185191145704e-02 
-2.337822089906e-02  5.407696524476e-02  1.195153565231e-01 
 5.409759668902e-02  1.508360718673e-02 -3.506356965388e-01 
 4.898382615945e-02  6.227906712144e-03 -1.989882780282e-01 
-2.704640036108e-01 -1.337551846420e-01 -3.561215556880e-02 
 2.147119311385e-03 -1.296387735558e-01 -4.124066276997e-02 
 1.550448882093e-02 -1.032516767378e-02 
 4.178924081558e-03 -1.197765863711e-02 -6.668731127159e-03 
-7.568957987669e-03 -5.918323061514e-01  6.312897868675e-03 
-5.686352536404e-03 -5.372464546874e-01  9.934696608083e-03 
-4.535815778195e-03  1.268925562640e-02  1.638107391730e-02 
-5.497781034819e-03  3.917618993699e-01  8.902223496364e-03 
-7.744447816139e-03  4.145511850348e-01  1.106960464500e-02 
 6.240876501167e-03  6.937028262832e-03 -4.384503771754e-03 
-3.114220840353e-03 -1.115950717210e-02 -8.576754765869e-03 
 8.209927254519e-04  1.248126705378e-03 
 2.702928316043e-02 -5.921849065311e-02 -4.438289466027e-01 
-1.083025892470e-01  5.343829476342e-03  1.104712970474e-01 
-2.755158318069e-01  8.438677309507e-03  4.643045215643e-01 
 8.917581601238e-02 -1.381466302928e-01 -1.463768183692e+00 
-1.274836056756e-01  1.151469094387e-02 -1.083972443188e-01 
-2.841262814958e-01  3.163458768356e-02 -3.113941326996e-01 
 4.934617130492e-02  7.683373511077e-01  1.133696865288e-01 
 1.341008104718e+00  1.375457055028e-02  5.220614828782e-01 
-2.526486771902e-02  1.409234731179e-01 
 8.101822411309e-03 -3.558147497894e-02 -1.590705340473e-01 
 2.114299688814e-01 -6.274854429588e-04  3.577364076533e-02 
 5.290455352363e-01 -1.500404464238e-02  3.532593445227e-01 
 4.447986396376e-02 -5.218500735885e-02 -1.100483862803e+00 
 2.219023702809e-01  1.230964865430e-02 -4.691887194138e-02 
 7.646699005687e-01  4.884170021597e-02 -1.378929917593e-01 
-3.967214803377e-02 -5.539521204274e-01 -6.618239683580e-02 
-6.120568988210e-01  7.140512197581e-02  1.837120168425e+00 
 2.496922086920e-02  9.748325219972e-01 
 1.264304465099e-01 -1.846296983684e-01 -2.102252694525e+00 
-6.266324863792e-02  1.043496894521e-02  1.024231571097e-01 
-1.758196847560e-01  3.744535797288e-02  3.439454874863e-01 
-5.813481604530e-02  9.756543576806e-02  8.871557578241e-01 
 5.549221849192e-02 -9.955212028032e-03 -4.013277885546e-03 
 1.613086359817e-01 -2.600517973145e-02 -1.357184364584e-01 
 7.115655708601e-02  1.387462804094e+00 -3.606019151921e-02 
-6.188684313428e-01 -9.970912188159e-03 -2.798536825654e-01 
 6.683443594062e-02  1.254920417606e+00 
 2.612275840705e-02 -2.120552807189e-02 -8.045685033580e-01 
 2.875762761461e-01 -6.302604800611e-03  3.957009416648e-03 
 1.588150997516e+00 -1.573565359546e-02 -1.201633160414e-01 
-1.131416857076e-02  2.068549811964e-02  3.395950156702e-01 
-2.112964335588e-01 -8.013746470025e-04 -7.687659638583e-02 
-1.008952907238e+00 -5.722583198102e-03 -2.655620859046e-01 
-4.560043598396e-02 -1.333876136495e+00 -5.630800042631e-03 
 1.079113456144e+00  4.890575053275e-02 -9.899447437892e-01 
 2.269990495693e-02  1.877832602188e+00 
-5.952478033733e-02 -2.408021262133e-02  2.122117316424e+00 
 5.050625081995e-02 -2.078272703447e-03  1.210609226147e-01 
 4.483047554921e-01  2.626930835287e-02  2.641558412985e+00 
 5.062615558812e-02 -3.870485459252e-02 -1.821055665210e+00 
-4.049644226299e-02 -1.176678527072e-02  3.133007838056e-01 
-2.489047147843e-01 -3.508549589866e-02  1.856308940211e+00 
 6.633630473744e-02 -1.003790553077e-01 -5.211966902601e-02 
-4.427165569120e-01 -2.622008958884e-02 -1.126635472520e+00 
 1.723311222718e-02  9.485765959839e-01 
 9.132550150092e-03 -1.741443052593e-01 -4.391707897383e-01 
-6.598392924922e-02  8.519290084957e-01 -4.560574219294e-01 
 1.949909438386e-01 -9.832907323772e-01  2.673936560878e-01 
-2.027133905865e-02  4.423098845250e-02 -5.064328048042e-02 
-4.222869369851e-02  1.917092314292e-01  7.501454202555e-02 
 1.660791172907e-01  2.682669452964e-02 -7.251398925029e-01 
-3.962966915620e-02 -2.512321893104e-02 -9.327072164873e-03 
 7.755143974065e-02  1.742860429376e-01  2.008564543262e-01 
 1.603360973923e-01  6.499986499392e-02 
 2.001798139140e-02 -2.672353326726e-01 -7.965766204252e-01 
-1.565833386871e-01 -5.265111032238e-01 -7.318551669854e-01 
 4.132460196143e-01  5.942404428309e-01  4.315717603239e-01 
-3.122881304720e-02  6.261172976584e-02 -1.020354307469e-01 
-5.652497580596e-02 -1.062421936803e-01  8.974127633382e-02 
 2.726572722330e-01  1.570639740249e-02 -1.169780700981e+00 
-6.417803675867e-02 -3.047528718614e-02 -3.533750090576e-02 
 1.350526406590e-01  2.897365700871e-01  3.935979493865e-01 
 2.997608744733e-01  1.463795639583e-01 
 8.908058365596e-03  4.537876133003e-01 -1.178179325853e-01 
-5.944616459409e-01  3.309130633959e-02  3.431120994876e-01 
 1.523813670230e+00 -4.106486190875e-02  2.938894523176e-01 
 1.606087220031e-02  3.623908410803e-02 -4.269686568463e-01 
-9.518748827074e-02  7.411338249675e-03 -1.509561574857e-01 
 2.329752867025e-01  4.867384446623e-03  8.065112297866e-01 
-2.591556901576e-01 -3.183977176742e-01 -4.420527375472e-01 
-1.275440664164e-01  1.556723388405e-01  1.303988131168e-01 
 4.981276287677e-01  5.993910698225e-01 
 5.502615165744e-02  1.088184514656e+00 -2.043351956232e+00 
 2.134876394173e-01  9.844442730006e-03 -1.026705074025e-01 
-4.350229879487e-01  8.353453083290e-03  4.105910759850e-01 
-4.815865203155e-03  2.690564369223e-01 -1.657539922805e-01 
-5.075205648751e-03 -1.434328096602e-02 -2.534619146938e-01 
 1.371125844317e-02  2.352072801196e-02  2.854718930432e-02 
 7.439300159415e-01  2.801463776770e-01  2.624205857629e-01 
-2.378914847578e-02  4.150774131722e-02  1.017721325814e-01 
 4.968759859639e-01  1.942597800477e-01 
 1.250383913423e-03 -3.934520830193e-02  8.056046291956e-02 
 5.349654569849e-03  2.163331188396e-01 -2.509555689125e-02 
-1.178904964680e-02 -6.658756682724e-01  1.360865853908e-03 
 7.344436883098e-04 -6.366394227324e-03 -3.612997368113e-02 
 1.915561552838e-02 -9.474918207498e-01 -3.251403612060e-02 
-2.006684554480e-03  1.292774460695e+00  1.422647820195e-02 
-2.247953447692e-02 -6.942362063154e-04 -1.600950311274e-02 
 2.730191908798e-02  1.201845013583e-02  2.624987778734e-02 
-5.464370440869e-03 -3.466613147029e-02 
 6.449374965876e-02 -5.809413751980e-01  1.199693235536e+00 
 4.075421029154e-02  8.187880542557e-03 -4.728448718990e-01 
 8.288172739552e-02  3.202984881177e-02  5.769052727081e-01 
-7.481118087940e-02  1.105598798652e-01  2.556615260871e-01 
 1.898446394179e-01  1.612535146448e-02 -4.914461804248e-01 
-6.398461998288e-01 -1.051173739585e-01  1.104981561636e+00 
 2.096491980086e-01 -2.753611010955e-01 -7.304968669197e-01 
 4.070050485483e-01 -6.476514264826e-01 -6.522035375680e-01 
 7.310473446820e-02 -8.852821158534e-02 
 1.718575564362e-02 -6.825814015799e-01  1.023467212217e+00 
-8.777987984839e-01  1.975642062883e-02  1.143606170794e-01 
 1.960278109630e+00 -3.973742136585e-02 -1.011771816826e-01 
 7.409288871727e-03 -1.233452032942e-01  1.750046591832e-03 
 4.298367532896e-02 -8.458799820816e-03 -3.449957545065e-03 
-7.197199193539e-01  1.451287582627e-02 -1.222060867053e-01 
 8.094236759546e-01 -2.012749171313e+00  4.509493471131e-01 
-1.053982560520e-01 -1.394154154413e-01 -2.822431258990e-02 
-2.406093578350e-01  9.639869482925e-01 
-2.469469175293e-02  6.693656447108e-01 -1.857709287417e+00 
-2.140419249640e-01  1.440947973561e-03  9.934635477233e-02 
 7.887889415237e-01 -4.595239823219e-03 -4.325179600753e-01 
-2.157404877956e-02  3.074994380591e-01 -3.151263285821e-02 
 7.824531203765e-01 -1.083777227272e-02  5.944059545266e-01 
-1.448917071355e+00  1.390913817756e-02 -1.125717495501e+00 
 1.151561956977e-01 -2.748887703537e-01 -5.166281600565e-01 
 1.592889966634e+00  1.583252913308e-02 -3.050527270306e-01 
-1.908073767278e-01  8.097540606932e-01 
-2.377270099441e-02  1.119467196851e+00 -2.073206855719e+00 
-4.157277649744e-01 -6.507801829038e-03 -6.448541514866e-01 
 1.100079364965e+00  1.968890557546e-02  9.715747949944e-01 
-2.600000978734e-03 -1.753631375995e-01  5.690047531751e-01 
-6.232995376956e-02  5.102942785761e-03 -3.075916827464e-01 
-4.954738782939e-01 -3.550001524053e-02  5.248165249755e-01 
-3.585851531984e-01  4.302248660498e-01  2.796390872331e-01 
-4.448607617671e-01 -2.826574471361e-01 -3.587909332047e-01 
-8.146137275006e-01  2.108448660349e+00 
-2.354991363390e-03  3.607251234705e-01 -1.290768942676e+00 
-5.466628754263e-02 -1.656419469895e-03  8.474279231351e-02 
-5.974060359703e-01  6.178755866100e-03 -7.566716802747e-01 
-4.755368112874e-02  4.434216775106e-01 -4.094404103762e-02 
-7.738731546107e-01 -4.983186342623e-02  5.817690913422e-01 
 1.430110309705e+00  4.990219269992e-02 -1.053541860976e+00 
 2.340486969275e-01  8.171556640773e-02 -3.287645557353e-01 
-1.400752487703e-01 -8.442772434959e-01  1.835926708709e+00 
-1.624990387351e-01 -1.848131357152e-01 
-7.519955245428e-03 -3.427349205015e-01  3.032673131870e+00 
-1.124053205275e-01 -7.368279456984e-03 -1.315373789422e-02 
-5.013835515137e-01 -5.960485425613e-03  1.303449814069e+00 
 1.229322447242e-02  1.784737851386e+00 -4.711511275806e+00 
-3.475897986413e-02  4.993869820977e-03 -3.203560095354e-01 
 9.023543000174e-01  5.706853846969e-02  1.292113194563e+00 
-5.013481137271e-03 -3.743893527945e-03 -7.655581966550e-03 
 8.810757247949e-02  5.815296616490e-01  6.437112262106e-01 
-4.659507811557e-01 -1.777428303412e-01 
 6.248469314841e-04  2.361964219378e-01 -1.024624223734e+00 
-9.209335817036e-03 -5.399212738853e-03 -4.975382884496e-02 
-2.451449030005e+00  1.263894170356e-02 -9.583891807272e-01 
 3.505550946262e-03 -8.155821595750e-01  1.920963724050e+00 
-1.685549641468e-01  1.368919618950e-02 -8.972408792333e-02 
 2.503479820923e+00  1.404436950044e-02 -5.262175341688e-01 
 6.409555808644e-01  6.792082445664e-01 -8.846185164130e-01 
-5.632541605144e-01  9.092466472448e-01  3.617354425627e-01 
-6.306671207886e-01 -9.624663234570e-01 
orbocc
(*)
 0.000000000000e+00  0.000000000000e+00  0.000000000000e+00 
 0.000000000000e+00  0.000000000000e+00  0.000000000000e+00 
 0.000000000000e+00  0.000000000000e+00  0.000000000000e+00 
 0.000000000000e+00  0.000000000000e+00  0.000000000000e+00 
 0.000000000000e+00  0.000000000000e+00  0.000000000000e+00 
 0.000000000000e+00  0.000000000000e+00  0.000000000000e+00 
 0.000000000000e+00  0.000000000000e+00  0.000000000000e+00 
 0.000000000000e+00  0.000000000000e+00  0.000000000000e+00 
 0.000000000000e+00  0.000000000000e+00 