2mocoef
header
1
MO-coefficients from MOLCAS
1
26   26
a
mocoef
(*)
 7.094706825876e-05 -6.243799397031e-04  5.994216805166e-03 
 1.635742173228e-13 -6.239969745677e-14 -3.681039697165e-04 
-1.100087988719e-13  2.814503833673e-14  3.148040191591e-03 
 9.959649335002e-01  2.411819197529e-02 -1.399600771476e-02 
-5.108671767699e-13  1.432038729381e-14 -7.029312022955e-04 
 7.580209541732e-13 -3.654040036035e-14  2.358433910791e-03 
-1.737249313886e-04 -8.084585576267e-05  5.935534325473e-06 
 1.707391230973e-03  5.935533977562e-06  1.707391231362e-03 
-1.737249314755e-04 -8.084585577724e-05 
 9.959984825843e-01  2.441408272035e-02 -1.140567893994e-02 
 1.270965998853e-12 -8.320332473610e-14  1.171862472736e-03 
-1.322890201860e-12  3.725871700078e-14  5.617771682099e-06 
-3.439999417337e-04 -3.100472426334e-04  1.465550895004e-03 
-2.492480076999e-13 -4.981801856330e-15  3.655104816255e-04 
 3.076235898698e-13  7.455848868268e-14 -1.635406131278e-04 
-3.470392404564e-04  2.659325359866e-03 -3.819329989147e-05 
 2.343371824044e-04 -3.819330010224e-05  2.343371820917e-04 
-3.470392398738e-04  2.659325359751e-03 
-1.052740792841e-01  2.179908874228e-01  4.901505070132e-02 
 1.391785733209e-11  1.465693764065e-12  1.153229945645e-01 
 1.592137860507e-11 -1.138698101789e-12 -3.542805861670e-02 
-1.946386074573e-01  4.212505102913e-01  4.196842685030e-01 
 4.716891732370e-13  1.947721270598e-12 -4.727674001365e-02 
 2.906745321130e-12 -2.416151705985e-12 -1.683070282085e-02 
 4.531288396596e-02  4.183834203416e-03  1.142570683494e-01 
-8.156937000206e-03  1.142570683372e-01 -8.156937009035e-03 
 4.531288396750e-02  4.183834235918e-03 
 1.667846671212e-01 -3.544937591011e-01 -3.126498066233e-01 
 9.378706218704e-12 -3.805107180352e-12  4.166438245019e-02 
-2.863242511585e-12  6.703130028449e-12  2.097534663198e-02 
-7.224943332681e-02  1.567059509584e-01  2.527154451658e-01 
 4.421826582689e-11  7.058358028437e-13  2.782659852836e-01 
 2.278979553675e-11 -3.594635043470e-12  1.055580694309e-01 
-1.477900750802e-01 -3.089501433641e-02  1.268366042724e-01 
 1.031532237417e-02  1.268366042380e-01  1.031532236374e-02 
-1.477900751021e-01 -3.089501437942e-02 
-1.598342564761e-11  5.181198870197e-11  8.687294510608e-11 
 1.878277677772e-01 -2.842976080432e-08  1.015339897485e-12 
 3.053106647638e-02 -8.597087241355e-08  1.168683801358e-11 
 1.386675915209e-11 -2.860763184442e-11 -7.808763968767e-11 
 4.820534506535e-01  1.013205935880e-06 -1.931076678025e-11 
 3.008688905621e-01  6.413423227957e-07  5.229917631329e-11 
 6.766478093283e-02  3.174353031178e-02  2.101358943753e-01 
 2.576299134882e-02 -2.101358944041e-01 -2.576299134210e-02 
-6.766478089659e-02 -3.174353032858e-02 
-2.020854925680e-02  3.117386980577e-02  1.677500150251e-01 
-3.173319902597e-01  8.415322866419e-07 -2.973080984182e-01 
-2.059216285496e-01  3.439870282052e-07 -3.972065726408e-02 
 1.809801037293e-02 -4.498914663784e-02 -5.731381835633e-02 
 1.389389918591e-01  8.890259354910e-07  3.063667530115e-01 
 1.311718920419e-01  4.301501873292e-07  1.669964400114e-01 
-6.670290929658e-02 -1.342132358915e-02  1.590996518349e-01 
 4.886387744342e-02 -1.001452182902e-02 -9.481686534124e-03 
 2.810707333181e-01  1.119144616155e-01 
-1.570791273910e-13  2.608629989279e-13  7.365437433295e-13 
 1.184661619285e-06  3.114582947793e-01 -4.079433788682e-13 
 9.816308482928e-07  1.430441413514e-01  4.728936391563e-13 
-7.082099073567e-14  2.754178865505e-13  2.629424828199e-13 
-1.699032589624e-06  5.426939155021e-01  1.415822658749e-12 
-1.381168015225e-06  3.749966979074e-01  2.684393217568e-13 
 5.288611088780e-07  3.067839811081e-07 -2.611299905176e-07 
-1.979746715136e-07  2.611299319809e-07  1.979736210239e-07 
-5.288608818983e-07 -3.067840903420e-07 
 2.020828625644e-02 -3.117346403460e-02 -1.677478315232e-01 
-3.173361201248e-01  8.415429935489e-07  2.973042291976e-01 
-2.059243085646e-01  3.439924345760e-07  3.972014020264e-02 
-1.809777484625e-02  4.498856132260e-02  5.731307216065e-02 
 1.389408001713e-01  8.890366007829e-07 -3.063627660417e-01 
 1.311735991812e-01  4.301580784427e-07 -1.669942664579e-01 
-2.810716014287e-01 -1.119146364254e-01  1.001659235855e-02 
 9.482322466323e-03 -1.590997822244e-01 -4.886400065800e-02 
 6.670656719026e-02  1.342277980726e-02 
 3.331426759323e-13 -1.366924318610e-12 -2.241529289953e-12 
-1.166059034719e-06 -5.884752261768e-01  4.704600241312e-13 
-1.142217330823e-06 -5.448563084395e-01 -1.714901391029e-13 
-3.487310613313e-13  1.064393926921e-12  2.437525826239e-12 
-7.888985073290e-07  3.964008795642e-01  9.294585237259e-13 
-8.781304783339e-07  4.297066637394e-01 -3.137454307166e-13 
 4.325042807866e-07  4.883428614092e-07  5.489775880727e-07 
 6.133000673002e-07 -5.489779721985e-07 -6.133028207008e-07 
-4.325042311567e-07 -4.883406195858e-07 
 1.782112906687e-02 -4.607466663064e-02 -3.748139898981e-01 
 2.601062137707e-12  5.143490508483e-12  1.121782087603e-01 
-2.356961921700e-11 -4.289481777891e-12  5.141594859121e-01 
 1.038680011251e-01 -1.601666104292e-01 -1.700020965968e+00 
 1.482291222388e-11  8.789149792373e-12 -1.380953923888e-01 
 5.455096021888e-11 -7.804633154460e-12 -3.732692156930e-01 
 2.288340591637e-03  4.155601905048e-01  7.265196203776e-02 
 1.079929011816e+00  7.265196203236e-02  1.079929011981e+00 
 2.288340588450e-03  4.155601905091e-01 
 5.432452071781e-12 -1.529120635441e-12 -9.792068218553e-11 
 2.105499861635e-01 -6.159524065249e-07 -2.347687257215e-11 
 5.274955127246e-01 -2.958316734574e-06 -2.001909374901e-11 
-7.123329949159e-12  1.717113290745e-11  1.165951621753e-10 
 2.834392107084e-01  1.092817677449e-06  2.836577311488e-11 
 7.982819089371e-01  3.566923057172e-06  1.091678482017e-11 
-5.262236584226e-02 -7.645679495806e-01 -9.554174224176e-02 
-1.214392146645e+00  9.554174223834e-02  1.214392146528e+00 
 5.262236585605e-02  7.645679496772e-01 
 1.283042604285e-01 -1.918235894781e-01 -2.212664725572e+00 
-5.087739005679e-11  2.111609359127e-11  1.139240670710e-01 
-1.497211769740e-11 -4.642176047393e-12  4.308918903244e-01 
-5.077100307458e-02  8.587225844690e-02  7.385289848130e-01 
 1.387636245082e-11  4.553379732552e-11 -1.217172146639e-03 
-3.286264983861e-11 -5.451378002052e-11 -1.442077011940e-01 
 6.151055913255e-02  1.413639267926e+00 -2.285524473649e-02 
-3.647371051902e-01 -2.285524477102e-02 -3.647371053390e-01 
 6.151055916220e-02  1.413639267940e+00 
-4.040036920542e-12  1.468735006124e-12  1.911321934880e-10 
 3.109469706482e-01 -1.110194476831e-06  3.151784065738e-11 
 1.744195689111e+00 -3.220375697463e-06  2.642088801191e-10 
 8.739371908019e-12 -1.510990454278e-11 -2.318026025397e-10 
-2.132189900840e-01 -3.885031679009e-07  1.588724228367e-11 
-1.025347288631e+00 -7.236758043553e-07  1.383869870839e-10 
-2.016027479640e-02 -1.752675390913e+00 -2.466292704927e-02 
 9.815069319523e-01  2.466292704440e-02 -9.815069320348e-01 
 2.016027477081e-02  1.752675390972e+00 
-5.951540329626e-02 -3.679843627862e-02  2.329473121061e+00 
-5.238226508202e-11 -3.635651811780e-11  8.335589721880e-02 
-2.300113540518e-10  2.698795854619e-11  2.645969630794e+00 
 5.411818107170e-02 -4.590708631847e-02 -2.065165823174e+00 
 2.942267716836e-11 -4.287303434804e-11  3.093260989649e-01 
 1.366586612645e-10  4.407387845273e-11  1.846139885004e+00 
 4.568701795884e-02  3.407338448966e-01 -4.350337013610e-02 
-6.995278608728e-01 -4.350337016169e-02 -6.995278606526e-01 
 4.568701799228e-02  3.407338445339e-01 
 3.201675629900e-12 -9.893796478683e-11 -5.852989147388e-10 
 1.609606012071e-06  1.000010757879e+00 -4.227147994006e-10 
-6.337933570468e-07 -1.146130804076e+00  1.587819722321e-10 
-1.885394599209e-11 -3.673078954137e-12  1.683074654833e-10 
-1.427287530376e-06  2.236461230457e-01  1.100224833466e-10 
 1.267055038002e-06  7.891500657766e-03 -7.620976959041e-10 
-5.901332121915e-07 -8.649530405924e-07 -4.955538112342e-07 
 1.095588035741e-06  4.956831026153e-07 -1.095334206585e-06 
 5.902333472433e-07  8.649916687195e-07 
 2.010756958704e-02 -5.081763525945e-01 -1.026772448044e+00 
 1.534209921987e-10 -4.554793685165e-10 -9.644661633538e-01 
-4.943832656339e-10  5.562087483417e-10  1.856890458867e-01 
-5.145335657853e-02  4.489489000159e-02  3.875693502947e-01 
 5.577416746024e-11 -2.115505728754e-11  1.643781307124e-01 
-3.780987057726e-11 -1.085918856839e-10 -1.750299488427e+00 
 7.169178849476e-02 -6.135082418149e-03  1.353394942167e-01 
 3.211675887724e-01  1.353394939871e-01  3.211675887457e-01 
 7.169178828162e-02 -6.135082700042e-03 
 7.720833723979e-12 -1.164060040171e-10 -3.133488132418e-10 
-6.243426144486e-01 -8.532290061932e-07 -2.540304706419e-10 
 1.653768101085e+00 -2.026845276133e-06  9.447508833715e-11 
-1.345586581413e-11  2.621135381845e-11  4.887118515862e-11 
-1.097699599839e-01  1.917881689537e-06  3.142737967662e-11 
 2.244780852278e-01  3.165459139211e-07 -4.756689193097e-10 
-4.508126997071e-01 -4.603678826456e-01 -3.826527507057e-01 
-3.444931348140e-02  3.826527507776e-01  3.444931368408e-02 
 4.508126997893e-01  4.603678826525e-01 
 5.755982037892e-02  1.148027279310e+00 -2.284326134466e+00 
 2.729117426407e-11 -1.446932718262e-10 -1.141541576021e-01 
-2.743287950726e-11  3.422884513844e-10  5.127233082403e-01 
-5.348833128378e-03  2.830859816303e-01 -1.846597603925e-01 
-3.928440024418e-12  3.865948609548e-10 -2.271896579452e-01 
-2.606233472872e-11 -5.441191490240e-10 -1.969724577689e-02 
 6.336414822706e-01  3.293986031983e-01  1.551570868650e-01 
 4.339690864643e-02  1.551570868496e-01  4.339690863476e-02 
 6.336414822275e-01  3.293986031828e-01 
 3.818088774311e-11  2.911086308784e-10 -7.971387690283e-10 
-8.511437130822e-07  2.261647889004e-01 -1.150633946675e-10 
 3.495373736877e-06 -6.808271971399e-01  2.420963244076e-10 
-9.743565727506e-12  2.044251313296e-10 -2.075199676042e-10 
 1.980600102301e-06 -9.490981826424e-01 -1.482545778838e-10 
-1.222187121299e-06  1.298223703405e+00 -7.502767685419e-11 
-1.113496526968e-06 -1.104828979343e-06 -1.615443132438e-06 
 7.268192856096e-08  1.615639834317e-06 -7.260087826997e-08 
 1.114101128229e-06  1.105025885524e-06 
 6.768089282716e-02 -4.603387443703e-01  1.100026504030e+00 
 4.192437392607e-12  1.884840025483e-11 -3.911957115652e-01 
 1.170408078102e-10 -9.005676223080e-12  4.906860996246e-01 
-7.481020000828e-02  1.682808929506e-01 -2.248024628366e-02 
 9.854370226078e-12  3.386573083196e-11 -4.766295709387e-01 
-9.933544989164e-11 -3.815892873259e-11  1.111901815605e+00 
 1.630383132125e-01 -1.944340473236e-01 -7.669921622823e-01 
 6.003839963638e-02 -7.669921622701e-01  6.003839955220e-02 
 1.630383131421e-01 -1.944340471816e-01 
-1.826376288664e-12 -4.467884975910e-11  1.289056914440e-10 
-1.018380512112e+00  2.622465168395e-06  3.462868483337e-12 
 2.296276990654e+00 -4.633651399338e-06  1.428528167100e-11 
 3.474836768717e-12 -2.092048435816e-11 -1.491733771839e-11 
 3.412991181371e-03 -6.104263231220e-07 -1.085615960947e-11 
-7.690923738557e-01  1.939500326695e-07  2.215893191762e-11 
 6.036132191757e-01 -1.762175718315e+00  3.880902074708e-01 
-1.483162007820e-01 -3.880902073842e-01  1.483162007039e-01 
-6.036132191591e-01  1.762175718247e+00 
 2.053136420601e-12 -1.815390352035e-10  5.016418079272e-10 
-1.393796592008e-01  8.088969606700e-07 -1.923661176869e-11 
 7.169357160816e-01 -8.213847681077e-07  1.102368139175e-10 
 1.070700470494e-11 -9.454313651836e-11 -1.365214116757e-11 
 1.059938805948e+00  2.854272334140e-06 -1.219131781655e-10 
-1.788910459508e+00 -4.370649797971e-06  2.447625117127e-10 
 1.048337059140e-01 -4.229648123837e-01 -4.461426862071e-01 
 1.317544621078e+00  4.461426864562e-01 -1.317544621432e+00 
-1.048337058477e-01  4.229648122101e-01 
-4.009216864575e-02  1.295139989245e+00 -2.932359837836e+00 
-7.031955249063e-11 -1.465452292908e-11 -8.933149371740e-02 
 2.151795589278e-10 -1.212481337046e-11 -2.607687982207e-01 
-3.720950773217e-02  4.350458546787e-01 -5.224835298870e-03 
 1.903562585681e-10 -7.203429590973e-11  6.358364129709e-01 
-3.529566107765e-10  8.848780160428e-11 -1.040700154415e+00 
-3.420014887094e-01  8.082276903498e-01 -5.011695139659e-01 
 7.666683051751e-01 -5.011695138367e-01  7.666683047120e-01 
-3.420014888002e-01  8.082276906224e-01 
-1.295498055911e-02  8.013215882850e-01 -9.938547733316e-01 
 1.363894384440e-11  5.197188419447e-13 -6.709793760417e-01 
-2.573623789672e-11 -1.022493795579e-11  1.173008706746e+00 
 1.745724676682e-02 -3.379076583234e-01  4.499101313330e-01 
-5.809508282854e-11 -2.090982403538e-11 -6.809799336462e-01 
 8.821508449089e-11  2.819563448787e-11  1.186453809584e+00 
-5.735879920514e-01  1.112413818908e+00  2.159896242351e-01 
-7.635591155761e-01  2.159896242041e-01 -7.635591154410e-01 
-5.735879920415e-01  1.112413818851e+00 
-4.816636202673e-03 -4.500763351947e-01  3.379205552101e+00 
 3.009376393984e-11  1.026534041700e-11 -1.393716964819e-02 
-8.205031416638e-11  8.842284592575e-12  1.548804447640e+00 
 9.150037062340e-03  1.958133215677e+00 -5.034080586970e+00 
-2.852828052541e-11  5.055403393059e-11 -2.628430300451e-01 
 8.890259367547e-11 -6.262440261284e-11  1.400183687523e+00 
-2.155227944405e-01 -8.199426445999e-02  2.849450574753e-01 
 3.020990517993e-01  2.849450575459e-01  3.020990518396e-01 
-2.155227945169e-01 -8.199426453732e-02 
 2.624551490824e-13  1.623693194147e-11 -1.169224951227e-10 
-2.666712797488e-02 -5.855699197257e-07  1.708340839373e-12 
-2.715794045633e+00  3.544996743054e-06 -5.425630233245e-11 
-7.112488796454e-13 -6.662006188626e-11  1.733163858411e-10 
-3.661593853108e-01 -2.292902245198e-07  4.006213836133e-12 
 2.828665677313e+00  3.335918812399e-06 -4.923338507317e-11 
 6.923876591095e-01  9.037257062934e-01 -8.727777059415e-01 
-5.530313626384e-01  8.727777059188e-01  5.530313626221e-01 
-6.923876590949e-01 -9.037257062930e-01 
orbocc
(*)
 0.000000000000e+00  0.000000000000e+00  0.000000000000e+00 
 0.000000000000e+00  0.000000000000e+00  0.000000000000e+00 
 0.000000000000e+00  0.000000000000e+00  0.000000000000e+00 
 0.000000000000e+00  0.000000000000e+00  0.000000000000e+00 
 0.000000000000e+00  0.000000000000e+00  0.000000000000e+00 
 0.000000000000e+00  0.000000000000e+00  0.000000000000e+00 
 0.000000000000e+00  0.000000000000e+00  0.000000000000e+00 
 0.000000000000e+00  0.000000000000e+00  0.000000000000e+00 
 0.000000000000e+00  0.000000000000e+00 