2mocoef
header
1
MO-coefficients from MOLCAS
1
26   26
a
mocoef
(*)
 6.199503119814e-05 -6.481606213138e-04  5.707022850463e-03 
-4.624957039693e-06 -3.278333687402e-06 -2.733168236523e-04 
-1.497872765797e-04  1.336620786237e-05  2.985663832346e-03 
 9.959632893866e-01  2.410955723924e-02 -1.381711751430e-02 
 2.552025155017e-04  1.628480000354e-04 -3.917938437081e-04 
-1.936725213668e-04 -1.437259163022e-04  1.985257790397e-03 
-1.347074706229e-04 -1.122089707680e-04 -1.742121939151e-04 
 2.311355724650e-03  1.388289149819e-04  1.340852594675e-03 
-1.937711662787e-04 -1.841074099679e-04 
 9.959989754314e-01  2.454397079006e-02 -1.209128425648e-02 
 1.946387123417e-05  1.351147096995e-04  1.240377410016e-03 
-2.247751473727e-04 -1.222223308443e-04 -5.255519387295e-04 
-2.952575430359e-04 -3.655267715905e-04  2.026561214784e-03 
-5.970910139861e-05 -1.099646916914e-05  4.011492079124e-04 
-5.132471840222e-05  7.758392185472e-07 -3.241010676153e-04 
-2.664748201277e-04  3.104377401481e-03 -1.013426381687e-04 
 2.025292864892e-04 -6.317772480841e-05  1.791423608741e-04 
-3.972996272883e-04  2.450755543686e-03 
-1.005093855269e-01  2.097255761170e-01  4.237144350171e-02 
 4.980866507327e-03  3.608590801667e-03  1.113134030473e-01 
 8.687234418299e-03  8.841246166684e-04 -3.089721698673e-02 
-1.957399386130e-01  4.224113151170e-01  4.190759703595e-01 
 2.926986131055e-02  7.743923088924e-03 -3.213560808318e-02 
-1.413981461457e-02  7.265462866839e-03 -1.720955691176e-02 
 5.033789694967e-02  3.595418701803e-04  1.455245061443e-01 
-7.687098780872e-03  9.051900831973e-02 -6.052797528032e-03 
 4.337020422452e-02  1.074465826107e-02 
 1.631660407612e-01 -3.455130609302e-01 -2.708152212499e-01 
-2.003552148355e-02 -1.268103144956e-02  7.921431718050e-03 
 1.456858191949e-02 -4.592091333056e-03  1.051288335465e-02 
-6.464686914593e-02  1.425627730408e-01  2.063185187400e-01 
 1.364051954423e-01 -3.931663629341e-03  2.950316296935e-01 
 4.747891911413e-02  1.885277243439e-03  1.121049766669e-01 
-1.607849727823e-01 -4.201477230704e-02  2.021471464203e-01 
 1.624503694726e-02  5.388481481094e-02 -1.561591585781e-03 
-1.200224582066e-01 -1.705112473233e-02 
-4.222058489448e-02  8.745679508441e-02  1.239014424852e-01 
 2.729472145223e-01  1.974889351680e-02 -1.409936641714e-01 
 7.183319406543e-02  8.661997131885e-03 -1.288064558710e-02 
 2.832775941495e-02 -5.895993191529e-02 -1.256006668212e-01 
 3.874598389635e-01 -2.280633157474e-02  9.486890633209e-02 
 2.373359721489e-01 -1.803397098295e-02  4.682583452407e-02 
 2.001756648056e-01  7.006812107744e-02  1.730819381147e-01 
 1.076133122269e-02 -1.502132917556e-01 -2.408047768675e-02 
-4.258272839833e-02 -2.178006533184e-02 
-3.625627745693e-02  6.152073587202e-02  2.497812670032e-01 
-1.452349103894e-01 -5.750255388502e-05 -3.791704798562e-01 
-8.191640194985e-02 -4.229694156611e-03 -3.710866570226e-02 
 2.904394453725e-02 -7.213862552653e-02 -1.183167501811e-01 
-8.294186238078e-02  3.067648819678e-03  4.035250662739e-01 
-5.418639037855e-02  3.914689492858e-03  2.437899002079e-01 
 7.464928758389e-02  5.122478239052e-02  7.174125397575e-02 
 2.087924173254e-02  1.221302968662e-01  3.349226764987e-02 
 2.156985801061e-01  1.013992774506e-01 
 2.055484386389e-03 -6.277329982036e-03 -5.179769314492e-03 
-3.642945747257e-02  2.803728901120e-01  7.417849375224e-03 
-3.042744981393e-02  1.223007702345e-01  3.865342255030e-03 
 4.854725319719e-03 -1.362846615613e-02 -1.208077429401e-02 
 5.760783668533e-02  5.570726055997e-01 -1.057656151389e-02 
 4.638171386293e-02  3.945838485998e-01 -8.721610893043e-03 
-1.401532591405e-02 -8.371509681514e-03  6.785626400359e-03 
 3.879262780152e-03  1.081428057626e-03 -5.682133768276e-03 
 1.419638162845e-02  8.474092834645e-03 
-1.640003258983e-02  3.423953715298e-02  2.658903441221e-02 
-3.784681983269e-01 -3.870563357656e-02  6.112562463232e-02 
-2.616882113556e-01 -1.378275910878e-02  9.350756027581e-03 
 6.639035613276e-03 -4.592580687007e-03 -6.498141433129e-02 
 3.049661669546e-01 -3.851301765227e-02 -1.061650088798e-01 
 2.415346477702e-01 -1.799692120302e-02 -6.621106782672e-02 
-2.118666222079e-01 -4.644676958063e-02  1.312972459154e-01 
 3.252939596448e-02 -1.998017289830e-01 -7.634909779207e-02 
 2.105362773450e-01  6.772240573117e-02 
-5.508408621903e-03  1.490294405218e-02  1.660662774737e-02 
 4.752452226737e-02 -6.015638724779e-01 -9.078682383938e-03 
 4.267738782715e-02 -5.320755947320e-01 -1.062293920991e-02 
 5.172973859977e-03 -1.531392439637e-02 -1.589234840693e-02 
 3.078032984226e-02  3.658010674013e-01 -8.249638386894e-03 
 3.584516882304e-02  3.921032206079e-01 -5.618433222462e-03 
-1.945283247522e-02 -1.429726716198e-02 -1.465676840440e-02 
-1.605743837003e-02  3.217952835959e-02  3.994517814162e-02 
 9.546029633679e-03  9.867967436789e-03 
 1.830791675260e-02 -3.660589163123e-02 -3.732709831884e-01 
 5.702752833026e-02  1.384356920751e-02  1.123956142309e-01 
 1.326684165686e-01  5.286818471345e-02  3.387843034150e-01 
 8.966993818557e-02 -1.462026721020e-01 -1.282228981594e+00 
 1.793439708219e-01 -4.393526711801e-02 -1.366736806883e-01 
 3.655637763247e-01 -1.020840947960e-01 -3.611813004288e-01 
-1.578377696039e-02  1.019680436242e-01  1.605309579929e-02 
 4.429392419831e-01  1.428466947807e-01  1.345604047719e+00 
 4.321507605824e-02  5.482979195591e-01 
 8.165889754970e-03  2.363433079134e-03  4.289624938204e-02 
 1.682675257900e-01  1.834649564882e-02 -3.986198781115e-02 
 5.397098353601e-01  1.064243641236e-01 -2.597080534097e-01 
-5.468971455316e-02  7.831458293273e-02  1.163471147938e+00 
 2.400415055907e-01 -2.649708604656e-02  3.384322854769e-02 
 7.104318254893e-01 -9.606765011554e-02  1.753486961608e-01 
-1.794379655393e-02 -8.702494439486e-01 -6.891014062247e-02 
-1.827249987887e+00  6.661209871324e-02  5.076856112892e-01 
 4.075033441293e-02  6.377886730719e-01 
 1.211522610127e-01 -1.874705803303e-01 -2.066304061937e+00 
 1.002329150965e-01 -4.465224702441e-03  9.912727748897e-02 
 3.137001385219e-01 -3.826697483934e-02  4.294726804205e-01 
-3.847156848472e-02  5.792348890952e-02  5.202853246012e-01 
-9.401757847113e-02  1.803330324436e-02  3.135349090754e-02 
-2.903471126934e-01  4.263597585447e-02 -8.566140652739e-02 
 7.010106856102e-02  1.116000338639e+00 -1.994868850122e-02 
-1.088998146832e-02 -4.455182430241e-02 -5.872767679576e-01 
 8.093887932325e-02  1.617135335340e+00 
-3.435732654935e-02  4.864151455704e-02  1.115394792151e+00 
 3.006177278972e-01  4.211094511535e-02  3.591734367947e-03 
 1.915765318952e+00  1.708476021975e-01  5.056447559745e-02 
 1.965513891494e-02 -1.876946721418e-02 -6.112750028688e-01 
-1.612428987634e-01  1.860723438343e-02  1.537389078026e-03 
-8.937930362537e-01  1.605295010193e-02  1.308892265246e-01 
 1.884292800487e-02 -2.557669399896e+00 -2.430730913436e-02 
 1.091706202408e+00 -1.339649736835e-02 -6.602072311336e-01 
 2.211863427741e-03  1.437227873165e+00 
-6.809874139726e-02  1.897693083115e-02  2.264736948244e+00 
 2.872963798403e-05 -4.990335170636e-03  1.174189089129e-01 
-2.479966342876e-01 -4.762664959932e-02  2.372948802959e+00 
 5.692328012074e-02 -6.091465681504e-02 -1.791258547070e+00 
 3.003890590093e-02  5.003877437884e-03  3.021102413630e-01 
 2.158287675067e-01  8.962737083040e-03  1.773014362804e+00 
 9.395825005229e-02  3.136669926094e-01 -7.481011881643e-03 
-9.809574317669e-01 -3.981454350788e-02 -3.861336118372e-01 
 7.633546923870e-02 -8.581953358315e-02 
 1.824599375090e-03  4.242642816319e-02 -3.982255024966e-02 
-1.146831912589e-01  9.909500860667e-01  6.581937659512e-02 
 1.383541657758e-01 -1.134972423518e+00 -2.453898758016e-02 
 4.350959872783e-03 -6.339593554364e-03  6.826280620382e-03 
 4.966401359038e-02  2.218322833241e-01 -1.865000158070e-02 
-3.562644357294e-02  3.722214721233e-03  7.325384083699e-02 
 3.803928746213e-03  3.897193934243e-02 -2.253494301820e-03 
-5.491356116018e-02  3.525947826325e-02  6.784961510957e-03 
 2.568936524976e-02  1.227648809884e-02 
 2.592966860154e-02 -3.119544586995e-01 -1.157486979427e+00 
 2.577429185551e-01  7.859202604714e-02 -9.021582805614e-01 
-8.758072056683e-01 -1.724912648899e-01  1.824854050396e-01 
-4.985808490123e-02  8.608692172798e-02  1.633659586049e-01 
 3.659587165838e-02  3.836222761140e-02  9.686151766326e-02 
-1.500037185498e-01  2.274237448362e-02 -1.523921217135e+00 
 2.950418725248e-01  3.888265402412e-01  2.406972867195e-01 
 4.884443270221e-01 -1.971368076751e-01  4.033384535079e-01 
-9.198988675983e-02 -3.248450774381e-01 
 9.096693917911e-04 -3.967857436559e-01  4.457604486220e-01 
-5.090775323134e-01  9.709345434299e-04 -5.265087219231e-01 
 1.695524643351e+00  1.424352296837e-01  2.982817624768e-01 
-2.633700505884e-02 -5.284482111089e-02  2.290481958868e-01 
-1.349064485754e-01 -9.515741952428e-02  4.503442440522e-02 
 2.333913148725e-01  1.828153162673e-02 -3.852675989324e-01 
-3.739960010247e-01 -9.376380969427e-01 -3.788983992031e-01 
-4.891114192919e-03  4.257103740679e-01 -1.357951018999e-01 
 3.138690271884e-01  5.851656252796e-01 
 5.626110996742e-02  1.126025925591e+00 -2.649583497577e+00 
-3.553311035028e-02 -2.132621522831e-02 -7.508589179210e-02 
-1.762283362093e-01 -4.775323456966e-02 -6.520157390038e-02 
-1.100005555375e-02  2.475404237241e-01  2.902983955283e-01 
-2.066974821681e-02 -7.301983481983e-02 -2.053781442258e-01 
 4.491464752989e-02  7.929878697771e-02 -3.705749603520e-01 
 5.108129547139e-01  5.179462748661e-01  9.564131215115e-02 
 2.184291307835e-01  3.164837253220e-01 -5.468454875135e-02 
 7.064090996944e-01 -1.788741757500e-02 
-7.326942088400e-03 -3.088877835344e-02  4.126590396539e-02 
 4.349472946582e-02  2.257368334225e-01  7.584413244637e-02 
-1.840070688137e-01 -6.841109997781e-01 -6.897214162037e-02 
 3.557773172233e-03 -8.418973892745e-03 -2.032798695287e-02 
-7.774483741223e-02 -9.339901235687e-01  6.885914787356e-02 
 4.857505368743e-02  1.284455533185e+00 -6.054961248054e-02 
 1.446671958223e-02  7.376285987465e-02  7.853179057448e-02 
 2.378064364521e-03 -6.556468110700e-02  1.352137320634e-02 
-8.398473526155e-02 -6.628561783596e-02 
 5.405151924434e-02 -1.693531567741e-01  9.041209996213e-01 
 4.726388574964e-02  2.873655449718e-02 -1.792352387016e-01 
-3.548524161271e-01 -8.269267532547e-02  4.600301075956e-01 
-6.164254514705e-02  2.402017713910e-01 -8.834151485824e-02 
-3.256448264850e-01  3.860715226437e-03 -3.809673709648e-01 
 8.670715343287e-01  1.909564150085e-02  1.271655479671e+00 
 8.233414752799e-02  1.450100313606e-01 -5.742012526655e-01 
-7.398958921148e-01 -9.249332779161e-01  7.745522131400e-01 
 2.646369219313e-01 -4.044653891882e-01 
-3.980345912956e-02  7.655742866496e-01 -1.813194897173e+00 
-4.989737840139e-01 -3.720787955012e-02  1.764538602504e-01 
 1.166909289296e+00  1.241290304297e-01 -5.421339992244e-01 
-3.254198682234e-03  2.923854581824e-01 -1.742657894803e-01 
-5.056114929888e-01  9.649630586134e-02  6.139762949922e-01 
 3.195404140026e-01 -1.483653846538e-01 -1.250549826948e+00 
 4.390136651036e-02 -5.462477768723e-01  3.090813034174e-01 
 6.020633491070e-02 -4.785742598917e-01  1.200291448585e+00 
-2.760953837331e-01  1.102510714713e+00 
-2.619702411498e-05  6.418192622722e-01 -5.587833850755e-01 
-6.764316028158e-01 -6.143515867916e-02 -4.176785579096e-01 
 1.761856491202e+00  8.534984882717e-02  8.192068186031e-01 
-3.648037913246e-03  1.766571014456e-02 -1.536452288582e-01 
 4.527988487257e-01 -6.798946135967e-02 -4.688202535551e-01 
-1.171987016717e+00  1.325214843400e-01  9.768571904450e-01 
 7.241514171475e-02 -5.469525932525e-01  7.874923924339e-03 
 7.678064979054e-02 -1.689069308321e-01 -6.816459965545e-01 
-7.047507093265e-01  1.937948294919e+00 
-2.309627093587e-02  7.780945287489e-01 -1.244151841995e+00 
 5.069353884902e-01  8.129022786484e-02 -3.830023368491e-01 
-1.958249854862e+00 -1.721500908283e-01  7.630880288699e-01 
 2.390064326257e-02 -3.055111104416e-01  5.787249008838e-01 
-6.232012837247e-01  3.755270308974e-02 -3.841129686017e-01 
 1.677091833822e+00 -7.845101025661e-02  7.868805203098e-01 
-6.100167480180e-01  2.203819601960e+00  2.471115942365e-01 
-1.465068782470e+00  3.184201887560e-01  9.842747599088e-02 
-4.018857436589e-01 -1.628163251680e-01 
-2.572451018985e-02  1.017298944984e+00 -2.347805562201e+00 
 4.631455126928e-01  5.698966413634e-02 -8.394813712912e-02 
-8.367384548930e-01 -1.043848542993e-01 -2.313094945257e-01 
-3.232173048771e-02  2.610700462185e-01  2.545092226787e-01 
 4.739112131681e-01 -3.854833350002e-02  4.890101891712e-01 
-3.107109074715e-01  5.498276389999e-02 -6.309315889160e-01 
-6.040683707873e-01  1.455788931155e+00 -9.110662912992e-01 
 1.069241462809e+00 -9.487889807545e-02 -6.895500503793e-02 
-4.809375529949e-03 -4.707662702912e-02 
-1.573132769771e-02 -4.230207137941e-01  3.241292300727e+00 
 1.201412089998e-01  1.289525822792e-02 -2.570189010088e-02 
 4.821901622706e-01  4.398378567423e-02  1.521192338321e+00 
 1.137066843222e-02  1.896991196016e+00 -4.979052632590e+00 
 1.707975652742e-02  2.876257378854e-03 -2.247061839640e-01 
-5.247278671024e-01 -2.422679397732e-02  1.204675218349e+00 
-4.436269904993e-01 -2.613872270705e-01  3.909742102890e-01 
 6.523879760569e-01  2.094366489841e-01  1.094548255546e-01 
-2.523512975079e-02  3.571961276272e-02 
 8.384191464282e-03 -2.203411448996e-01  4.035643295905e-01 
-1.144971885911e-01 -2.657177165944e-03  1.146365904935e-01 
-2.772623844834e+00 -1.735694435714e-01  2.288235648709e-01 
-1.783541033095e-02  4.896831671742e-01 -5.660001363529e-01 
-2.162488771576e-01  1.629935081864e-02  9.809013316518e-02 
 2.330496403491e+00 -9.397264120569e-02  3.361977293102e-01 
 8.760392800633e-01  1.018373704678e+00 -8.889360456166e-01 
-4.281869197393e-01  6.714415105451e-01  3.664196224324e-01 
-7.647335458560e-01 -9.112521797905e-01 
orbocc
(*)
 0.000000000000e+00  0.000000000000e+00  0.000000000000e+00 
 0.000000000000e+00  0.000000000000e+00  0.000000000000e+00 
 0.000000000000e+00  0.000000000000e+00  0.000000000000e+00 
 0.000000000000e+00  0.000000000000e+00  0.000000000000e+00 
 0.000000000000e+00  0.000000000000e+00  0.000000000000e+00 
 0.000000000000e+00  0.000000000000e+00  0.000000000000e+00 
 0.000000000000e+00  0.000000000000e+00  0.000000000000e+00 
 0.000000000000e+00  0.000000000000e+00  0.000000000000e+00 
 0.000000000000e+00  0.000000000000e+00 