2mocoef
header
1
MO-coefficients from MOLCAS
1
48   48
a
mocoef
(*)
 6.564909458839e-05 -8.046886909865e-05  2.565173768087e-03 
 2.210099767424e-05  3.864796691981e-06 -3.018086880017e-04 
-2.414894336963e-04  5.862135753608e-05  1.967972902893e-03 
-6.736920251139e-05 -1.558259194534e-05 -5.715962659653e-04 
 2.722043490321e-05  8.583837148866e-05  1.001165003744e+00 
 6.172772466767e-03 -7.218193849622e-03 -2.201345986483e-04 
-4.128457266941e-05 -8.447912877931e-04  1.195262419276e-04 
 4.456722896973e-05  2.205223416373e-03  7.645974364129e-05 
-7.317632106502e-06  1.838417459281e-04 -1.457201945315e-04 
 2.479213588025e-04  4.006054811933e-05  3.321841469082e-04 
-1.903881790061e-04  5.515651684503e-06 -2.059071237899e-04 
-6.951932593997e-05  2.187738914552e-04  4.471827677000e-04 
 7.813523720675e-05  1.136913151668e-04 -4.112896022385e-04 
 4.421136393911e-04 -5.866335187796e-04 -9.459524252767e-05 
 1.429077255673e-04 -3.522909652198e-04  2.304079945561e-04 
 7.756109923048e-05 -2.946522067335e-05 -2.020917350616e-04 
 1.001493820680e+00  9.138119601239e-03 -5.008863451335e-03 
 3.050764913560e-04  6.650464575393e-04  2.104019005048e-03 
-4.329556854992e-04 -4.759115027634e-04  1.371055638003e-03 
-5.661248034028e-05 -3.743140829582e-05  1.140897795186e-03 
-3.517554880201e-04  3.364026945752e-04 -1.248045463026e-04 
 6.678926934551e-04 -4.295792673305e-03  1.398911343808e-04 
-4.856276714113e-05  3.705607288599e-04  2.480886108181e-04 
 1.449323696478e-04  2.539315763383e-03 -7.147604972385e-05 
-4.330666090430e-05 -4.950477712664e-04 -9.357210808137e-05 
-3.104521964288e-04 -9.451234797396e-04  2.188097317456e-03 
 4.507255210725e-04  1.159599371110e-05 -2.787550126528e-04 
 2.084936845273e-04 -3.208533961679e-04 -3.540929436763e-05 
-2.919294697467e-05 -4.132244549683e-04  6.358955445906e-04 
-4.617890537760e-04  3.529823457640e-05 -1.097046002529e-05 
-4.653999424568e-04 -2.273231125999e-04  1.361157311784e-03 
-2.302382278085e-04  9.019164109607e-05 -1.576963538676e-04 
-1.486565798421e-02  4.013895984741e-01 -1.576657625942e-01 
-1.302703006930e-04  1.437131843135e-02  1.860510894999e-01 
-2.295584749629e-03 -4.564588393638e-03 -8.818306118170e-02 
 9.307439649443e-04  1.814550033716e-03  2.907393169301e-02 
-2.068983706756e-03 -9.330644744781e-04 -1.088777319022e-02 
 8.097355273684e-01 -1.536182756882e-01 -4.974939098467e-03 
-1.374353034034e-03 -7.958462807583e-02  1.583386735814e-02 
 2.659621249748e-03  3.632266248887e-03  4.006220306309e-04 
 6.765458626033e-05  1.291046526676e-02 -1.316504847504e-03 
 3.201044921245e-03  8.856031039634e-02 -4.495367846376e-02 
-3.779667826185e-03  5.671480721450e-04  9.689055873803e-03 
 2.183342089072e-01 -1.078162363214e-01 -2.416875254345e-02 
-4.465635687880e-03 -1.438369054762e-02  2.667094672276e-01 
-1.308387993260e-01  2.739487649917e-02  4.415502366144e-03 
-1.568240428615e-02  9.259416411456e-02 -4.945422585852e-02 
 7.472815831478e-03 -1.877905137254e-03  8.184970042968e-03 
 1.278656908468e-02 -6.779278898668e-01  1.625136533705e-01 
-9.877836908331e-03 -4.751711794120e-02  1.050374984566e-01 
-1.017655685064e-03  1.121679601778e-02 -1.513386155131e-02 
 8.462311131452e-04  7.748841847178e-05  2.146464932485e-03 
-4.778616806625e-03 -4.450986203979e-03 -5.463062810603e-05 
 2.986416024423e-01 -3.750498084068e-02 -1.176283841387e-01 
-1.822109760391e-02  3.497470207701e-01  3.282009136481e-02 
 7.059958467573e-03 -6.371630163344e-02  1.249475522973e-03 
 5.197064077816e-04 -1.592998355669e-02 -2.078914510791e-03 
 3.327565287683e-03 -3.559909802193e-01  1.709612319004e-01 
 2.288069616177e-02 -1.584683318116e-03 -1.747471519239e-02 
 1.642727781222e-01 -7.885719225487e-02 -1.800153786644e-02 
-3.060037212044e-03 -5.198516242747e-03  3.430675806657e-01 
-1.579851140412e-01  2.631621059291e-02  4.318075711169e-03 
-1.179049427495e-02 -3.331641606641e-01  1.480526201689e-01 
-2.179445135990e-02  5.028720341879e-03 -1.147468918739e-02 
 2.470080136110e-03 -9.807111493897e-02 -1.517633870328e-02 
 2.237191845891e-01 -9.858783566035e-03  1.785765104106e-01 
-4.227265759357e-02 -1.180871719458e-03 -6.233960491979e-02 
 3.474924596280e-03  4.532840226314e-03  9.325020361476e-03 
 3.145618133620e-02 -4.718506499618e-03  1.182911577762e-03 
 7.110876341763e-02  2.519340899107e-02  6.547722605912e-01 
 7.765355984713e-02 -1.142409774972e-01 -1.145935002897e-01 
-1.500335258801e-02  2.077535223020e-02 -3.778393135704e-04 
 2.055087625350e-03  4.335858335030e-03  3.385279920205e-03 
-2.093698957236e-03 -2.033426723036e-02 -5.799478581803e-03 
 3.825138451160e-04 -4.995327236808e-04  3.942518548725e-03 
 4.161802072412e-01 -1.742981712732e-01 -1.906660567997e-02 
-4.288983865073e-03 -2.715869372371e-02 -5.080941695100e-01 
 2.187210966210e-01 -2.512179970627e-02 -4.798456952700e-03 
 2.316297127290e-02 -2.452964817616e-01  1.158173866041e-01 
-1.518204385327e-02  5.659913437745e-03 -5.448290208470e-03 
-2.476180439185e-03 -3.078565603327e-02  5.734320919058e-02 
-5.503739920717e-01  8.226464919122e-02 -2.530240044039e-01 
 7.700557154652e-02 -2.240118926199e-02  8.324495988598e-02 
-8.021891462260e-03 -2.728722945785e-03 -1.985948485152e-02 
 2.511088999548e-02  4.018785582599e-03 -1.673179379572e-03 
-3.712073624520e-02  1.942439672786e-02  2.681877498352e-01 
 5.957533434210e-02  3.117705535855e-01 -2.985079582939e-02 
-2.086797688695e-02 -4.662438706624e-02  9.448277288653e-04 
-8.467329038768e-04 -7.310623308795e-03  2.404002585579e-02 
 2.527404022345e-03 -3.163818371317e-01  1.127982992824e-01 
-1.267315025132e-03  1.805460302344e-03 -1.786880136805e-02 
 3.986144777342e-01 -1.293654171244e-01 -1.898866808805e-02 
-3.751286226060e-03 -1.158086705259e-02 -1.485454712553e-01 
 3.800298211779e-02  5.069467809728e-04  1.794405257885e-04 
 1.120027360546e-02  5.956209323190e-01 -2.142330490533e-01 
 1.836384754684e-02 -6.546772496211e-03  1.661270786088e-02 
-7.784114068950e-04 -5.233404421183e-02 -3.152439699238e-03 
 8.269557276357e-02  4.629770194789e-01  2.872993318386e-04 
 7.460893319741e-03 -7.067383334814e-02  7.996480626392e-03 
 1.053330290836e-04  3.553790517806e-02 -2.489765889515e-03 
-8.237738440481e-03 -2.330389598978e-03  1.948878811178e-04 
 1.090242362361e-02  3.244764380778e-03 -1.255208230386e-01 
 7.758280239544e-01 -3.709537784402e-03 -7.022194429660e-03 
-9.583256457739e-03 -4.303692685471e-03  2.785479213244e-04 
-1.860211049904e-02 -1.856489361173e-04 -3.548192556854e-03 
 4.733810466403e-04  5.036070833569e-02 -1.439573704873e-02 
 3.206132695010e-04  1.359213407484e-02  1.354295032755e-03 
-9.427433061057e-03 -7.550884227527e-03 -4.309991109996e-03 
 1.799708137066e-02 -1.001361038202e-03  2.068017297698e-02 
-3.139659558623e-04 -3.503798731513e-03  1.967428845664e-02 
 7.712060581824e-05 -2.706452254619e-02  5.428435724922e-03 
 4.288041280314e-03  1.013757079242e-02 -6.382581921353e-04 
 5.892150247026e-03 -1.967266185816e-02 -7.618131283375e-02 
-3.599627585919e-01  2.721404876761e-02  5.184002873510e-01 
 6.740494295017e-02 -7.639698153465e-03 -1.746743668145e-01 
-2.494438905209e-03  3.975192491215e-03  2.692199128170e-02 
 4.816115791910e-03 -5.381140424670e-03  1.360039501219e-03 
 5.288361114852e-02 -2.030850372993e-02 -4.956523050898e-02 
 2.308622747840e-02 -5.356210165061e-01  5.894421404400e-03 
-1.721558771651e-03  8.989955430619e-02 -1.854491997772e-03 
 1.329232732109e-04  1.508284685428e-02  1.045135285160e-02 
-5.283667388718e-03 -5.562364936017e-01  2.214782126142e-01 
 2.281054199611e-02  3.793067654623e-04 -1.731274286139e-02 
-2.192583791379e-01  1.016898276212e-01  1.922079156471e-02 
 3.978937310258e-03  2.483282412580e-03 -2.091322954927e-01 
 7.155742732063e-02 -1.343490789143e-02 -1.450523756219e-03 
-4.868517266019e-03  4.976908426917e-02 -1.707855903319e-02 
-5.639924602263e-03 -2.743907960589e-04  9.914401427806e-03 
 3.771491477690e-03  1.019014730202e-01  3.504910314058e-02 
-1.201678756036e-01 -8.641976072926e-01 -4.366793612161e-02 
-1.448080968567e-02 -8.737359967896e-02  8.460447615933e-03 
 7.978416800795e-04  2.239047866517e-02 -2.628761105462e-03 
-1.011779369853e-02 -1.949170690761e-03 -1.283443085794e-03 
-2.658436759640e-02 -6.496256981832e-03 -7.431429372718e-02 
 5.603912161936e-01  6.973815752892e-03 -1.500789922263e-02 
 1.287792235272e-01  8.636946681064e-04  4.253949745276e-05 
 2.796277411757e-02 -3.457333300600e-04  9.794154623624e-03 
-7.183533649840e-04  4.022667956928e-03  4.170408598415e-03 
-1.723470275835e-03 -2.646279067285e-02 -2.248905362674e-03 
 8.573921035869e-02 -7.162117914083e-04 -3.881579816168e-03 
 1.661885125020e-02  3.825417843696e-04 -6.665453627063e-02 
 5.445920438263e-03 -3.122012150245e-03  1.640661425681e-02 
-5.292283761533e-04 -1.119894948006e-01  2.014932660589e-02 
-6.695058779994e-03 -2.249445685550e-02 -2.961918351164e-03 
 4.658020351939e-03  5.079876721271e-03 -3.493967431838e-01 
-8.056377459595e-03  1.582816910433e-02  1.347540711142e-01 
 1.332245210252e-02  3.748236885363e-03  1.101014846200e-01 
 4.727544314118e-03  1.101472630618e-03 -1.215232637116e-02 
-5.825270907720e-03  4.759479455854e-04  3.142787893971e-02 
-2.982103059953e-01 -9.941998685607e-01 -1.188613967330e-01 
-3.405161048376e-02 -2.106236636854e-01 -1.043159631355e-01 
-2.545055908180e-02 -2.939252306464e-01 -8.264323954383e-04 
 3.642127360461e-04 -1.322788981285e-04  6.366314825433e-03 
-1.983409078494e-03 -1.365775908022e-02  2.601668928296e-01 
 5.309877670206e-03  1.947641040639e-03  9.325024619167e-03 
 2.661102282165e-01  9.841278511048e-01 -3.788961830109e-03 
-1.425802337028e-03 -1.621600769882e-03  1.462657670237e-01 
 5.848444403300e-01  7.455570106438e-03  7.416234201610e-04 
-5.281882600748e-03 -5.130304413108e-02  1.459686930840e-01 
-3.619434679955e-03  1.307441045745e-03  9.156450031788e-03 
 7.844845027058e-03 -6.012035936240e-02 -3.737313790359e-01 
 2.597291914486e-01 -6.902323095024e-02  5.244532755146e-02 
 4.076520662492e-01 -1.519494946197e-01  9.937181934145e-02 
 2.778933696848e-03  3.048148312827e-03 -6.134224607478e-03 
 2.501246036341e-02 -2.938240597124e-03  6.243229214791e-03 
-4.539606409723e-02 -2.358456134242e-01  3.586087452680e-01 
 8.949545396160e-02 -3.940372416553e-03  3.482730917505e-01 
 1.244698081445e-01 -6.727403899630e-02 -3.745984522473e-03 
 5.389836913647e-04 -2.912238270756e-03 -2.407041481024e-02 
-3.093062873157e-03 -1.148788135633e-01 -3.906451692292e-01 
 2.971406229241e-04 -3.151086405411e-03  2.358138681373e-03 
-2.055022361248e-01 -7.361830859817e-01 -2.735610750242e-03 
-6.856983898590e-04 -7.733394812094e-03  1.820899620667e-01 
 1.113344146732e+00  4.608076653946e-03  3.071852400203e-03 
 1.477162741152e-03  1.271760300807e-01  9.787782907298e-01 
 9.631882922069e-04 -2.356805360828e-03  5.011477659552e-03 
 4.105788620707e-02 -3.090008534508e-01 -1.650758917484e+00 
-5.450052472526e-02 -5.837211188581e-02  1.687071536231e-01 
-1.062688583006e-01 -9.790326540159e-02  5.946977406864e-01 
 2.240418444533e-03  3.884900661515e-03  7.865413080686e-03 
-6.227405064621e-04 -1.156408341785e-02 -1.320116479222e-03 
 1.396794472945e-01  1.687241152498e-01 -5.865552683787e-02 
-5.284877176611e-03 -3.711255922003e-02 -5.744989143813e-02 
 1.217819543327e-02  2.640506652523e-03 -1.930307192696e-03 
 3.213612877191e-03 -1.003996310524e-02  7.227834647567e-03 
 3.490220672912e-03  1.160754786332e-01  1.553209544001e+00 
-1.019393438090e-02 -2.408675133769e-04  1.364903139886e-03 
-1.576582085694e-02 -5.142355063152e-02  5.846467678058e-03 
-7.405699418822e-04 -7.755141707693e-03 -7.683036904451e-02 
-4.585805710641e-01 -5.730934009300e-03  9.984311358650e-04 
-9.281250825446e-03  6.323399460630e-02  1.060260817859e+00 
 9.365642150697e-03 -2.276276584666e-03 -3.014966312724e-03 
-3.455841785484e-03 -8.178615984085e-04  9.412172751581e-02 
 4.064420213508e-01 -9.704595491553e-02 -6.832031137853e-03 
 1.079565669082e+00 -1.356288340466e-01  3.566590428681e-02 
 8.029974289047e-04 -2.359263711433e-03 -3.638978545757e-03 
 1.308378327442e-02  1.024520620441e-03 -4.485385218473e-03 
-4.807725234748e-03  1.285577257998e-01 -2.646932237510e-01 
-2.327324971843e-02  5.621128042523e-02 -5.807905970005e-01 
-1.096464047829e-02  4.597499748646e-02 -2.368988883179e-03 
 1.871291499937e-03 -4.504747952957e-03 -3.220201299985e-02 
 5.871203893527e-03 -6.203792284605e-02 -1.581681702252e+00 
 1.143737147160e-03 -3.697755813906e-03  2.569430715043e-03 
-3.392795107425e-02  7.108215278818e-01 -4.931672632861e-03 
-1.362531510818e-03 -1.472294094257e-02  2.551062116100e-02 
-1.032882449885e+00 -1.455557767198e-02  1.938312143556e-03 
 1.417590436011e-02  7.752245892858e-02  1.666658769115e+00 
 2.043850988720e-05  1.666556126732e-03  3.094728928873e-03 
 7.554307620945e-02  1.099366307746e-01 -2.103057690368e+00 
 6.691705185945e-02  5.351861375087e-03 -5.249246774591e-02 
 1.065688906684e-01 -3.400233484620e-02 -2.565577160892e+00 
 8.864523320745e-03 -5.150305769041e-03 -1.461237144874e-02 
-7.721072631326e-03 -9.970139149605e-03 -5.599795951512e-02 
 4.778185967285e-02  2.066654708549e+00  2.507070089556e-03 
-9.048427714483e-03 -3.998575777775e-01  1.052338285940e-02 
-3.495861429388e-02 -1.242460463064e+00  6.193775271254e-03 
 9.750910749146e-04  3.849329987362e-02  3.274619686399e-03 
 1.405604995428e-02  2.037980049380e-01 -9.497991706151e-01 
-2.450489044709e-02  9.362193410962e-04 -1.647321354092e-02 
 1.073278758810e-01  5.174052775701e-01 -7.653827134813e-04 
 1.710282608699e-03  3.014984887766e-02 -9.177443947820e-03 
 6.307998412005e-01 -7.881132666452e-04 -3.176700389760e-04 
 1.929690580576e-02 -1.122693053552e-01  3.097606779940e-02 
 1.131345730879e-02 -4.963824207997e-03 -6.106520764656e-03 
-9.962506268860e-04 -3.635086512546e-03  2.820179393605e-01 
 1.840899728364e-01 -3.925776429550e-02 -6.193041079762e-02 
-6.354130874308e-01  1.815846451902e-01  6.957897292948e-01 
 2.716090174837e-02 -4.134985612173e-03  2.864935824093e-02 
-2.069212806535e-01  1.224490531230e-02  1.692128492904e-03 
-5.164810656195e-02 -3.916369734878e-01 -1.082167718862e-01 
-1.029177860688e-01 -1.626819896954e-02  1.270392447343e-01 
-9.196320426357e-04  2.799944371191e-01  5.897376458030e-03 
 1.204582972144e-02 -1.205350967129e-02  9.658678865136e-02 
 8.593880625739e-03  9.742497072643e-01 -6.791615905469e-01 
 4.368488540741e-02  8.865309404611e-03 -4.659015163185e-02 
 1.014690939662e+00 -1.144597761904e+00  3.661334490852e-02 
 2.462237383740e-03  7.491708941024e-02 -5.734978608028e-01 
 4.469491124115e-01  3.916802961676e-03 -7.317318431983e-03 
-1.091245293394e-01 -8.189046061774e-01  8.566907631681e-01 
 1.853000313778e-02 -5.058510287237e-03  5.248357385183e-02 
-4.579630299716e-02 -2.891280646733e-01 -1.538399219643e-01 
 1.395166462380e-01  1.164250453199e+00 -2.708489705459e-01 
-1.091697185489e-01 -1.588074826291e+00  4.000432626672e-01 
-4.307998330414e-03  5.447678775188e-02  1.063917720766e-02 
-7.205212070596e-03  5.593385097980e-02 -8.733076850743e-03 
-7.059860478245e-02  3.041524766227e-02 -9.864636286542e-02 
 1.767694191178e-01 -7.741987138610e-02  1.702957057939e-01 
 2.539358588266e-02 -3.158815975137e-01  1.656820645496e-02 
-5.256360849430e-02 -3.746567776945e-02 -2.121699565606e-04 
 6.056098650389e-02  1.640545884457e-01 -1.067700169154e-02 
 5.123640266275e-03  2.771725198634e-02  8.691680716267e-03 
 5.774989821041e-01 -4.644560945957e-01  7.754776919057e-02 
-1.133738585940e-02 -2.953138682254e-02  6.273392162596e-01 
-4.989359027669e-01 -6.131052402202e-02 -2.649053726859e-02 
-4.891493138722e-02  3.592691132215e-01 -7.989571608243e-02 
 1.667660416226e-02  2.153204415063e-02  3.486320717436e-03 
 3.549197621934e-02  2.448004869117e-01  2.481497756021e-01 
 1.448431904469e-01  7.157394404981e-01  4.335590957604e-01 
-2.906837457308e-01 -8.603274538364e-01 -4.431011773667e-01 
 1.138382525682e-02  3.812219993774e-02 -2.808953435525e-02 
-4.358357412025e-02 -1.000594535008e-01  1.172291304744e-02 
 1.217096670228e-01 -1.012794137093e-01 -2.162858032946e-02 
 7.265269226552e-02  1.773556584809e-01 -3.480880761015e-02 
-7.609364872306e-03  4.819189160178e-01 -3.338809089961e-02 
-3.422742309288e-02  6.355922474285e-02  1.049041031313e-02 
-1.076416795724e-01 -1.491155914764e-01  1.358918991159e-02 
-5.638119036941e-04  2.824440896357e-02  5.049305056946e-03 
-9.841044811369e-01  8.793656719561e-01 -1.197510471999e-01 
-3.404746475304e-02  8.538830700171e-02 -1.102597074922e+00 
 7.200980338794e-01  1.298536924554e-01  5.402545885932e-03 
 2.839853061159e-02 -5.693829478338e-01  4.294927999285e-01 
 2.632410619700e-02  1.333999152976e-02  2.808718744226e-02 
-1.491689386893e-01 -9.392147454635e-01  3.875066803169e-01 
-1.387845404040e-01 -5.137925696267e-02 -9.128073186948e-01 
 1.139549076990e-01  1.837217988253e-02  8.997984342806e-01 
-1.242227160054e-02  5.132284067099e-03  1.406137538068e-01 
-3.422994775097e-02  3.952221373452e-02  5.588232488529e-02 
 5.921866841272e-01 -6.749871148542e-01  1.466666889756e-01 
 1.709327975356e-02 -1.258720816723e-02 -1.678395538191e-01 
-2.529244329995e-02 -4.951024010856e-01 -3.941771757793e-02 
-8.491595626489e-03 -1.217808009645e-01 -8.626007965502e-03 
-1.022417224823e-01  6.057151221335e-01 -5.209184751657e-01 
 6.499048026504e-03 -4.156465915399e-03 -4.558413958985e-02 
-9.221978704720e-01  1.115833776606e+00 -9.167741878015e-02 
-2.103511222384e-02 -1.471205862436e-01 -6.290904511473e-01 
 6.309157493498e-01  7.512789439800e-02  1.113505279345e-02 
-9.803930741862e-02  2.899078164182e-01 -1.507217278183e-01 
 9.658933833232e-03 -1.512089370604e-02 -2.561325337117e-03 
 1.876768358146e-01  5.873630231827e-01 -5.137064338913e-01 
 3.376337638197e-02 -2.525717008061e-02  5.727520756164e-01 
 1.233134811700e-01 -9.478438988822e-02  5.118407847128e-02 
-1.074624710493e-01 -3.400834177237e-02  2.472685373401e-02 
-2.041887095503e-02  2.481367635945e-01  5.325334792085e-02 
 2.099100199387e-01 -4.455996625148e-01  5.920835357877e-03 
 4.883161656026e-02 -1.501631653675e-01 -1.337044457309e-01 
 1.258986661045e-02  6.108015340757e-01 -1.663762869294e-02 
 1.038641890882e-02  4.996500569427e-02 -1.353454363138e-04 
 1.647091465872e-03  1.071459069287e+00 -7.741946955753e-01 
 1.639934324913e-01 -2.601033419987e-02 -2.748538164634e-02 
-1.089887310524e-01  4.108250878091e-02 -3.898633204562e-02 
-5.793197171522e-03  5.969650991320e-02 -3.180741360886e-01 
 1.904349744404e-01  2.764657473749e-02  2.301930472882e-02 
 4.600521158155e-02  1.320776570257e+00 -9.238695131611e-01 
-1.606239645656e-01  3.072010001908e-02  5.517300723098e-04 
 3.139520009003e-02  1.282260243037e-01 -1.441282435478e-01 
-1.203474819285e+00  1.023275571364e-01  2.304703351623e-02 
 2.954890870944e+00 -2.645710601129e-01 -2.784416173656e-01 
 1.226401547545e-02  4.695311769744e-02  4.931426316299e-02 
-2.735867992025e-01 -2.627601837126e-02 -7.682156108393e-03 
-2.127563464394e-02  1.565883187700e-01 -2.945415132519e-01 
 1.785741369705e-01 -5.984266406086e-02  4.514673151575e-02 
-1.989684414040e-01  8.291033639242e-02 -9.904039531194e-03 
 7.915829105822e-04  4.041075253328e-03  7.624046927668e-02 
-1.570009309818e-03 -1.887703464598e-01 -1.475815036425e+00 
 1.178268735909e-01 -3.083242198770e-05 -1.311447826612e-01 
 3.330842406913e-01 -6.941983946502e-01  5.118607201626e-02 
-9.606941028420e-03  1.072092520034e-02 -3.274220536069e-01 
 6.801241805420e-01  6.091718739431e-02  2.059290858473e-02 
 6.683993305081e-04  4.060412484247e-02  1.557704294149e+00 
 1.733578392367e-01 -3.685685194134e-02  1.013397999150e-01 
-8.992943109910e-02 -4.405438039125e-01  5.511636626760e-01 
 4.472671865510e-01 -9.754353911715e-02 -1.585568996485e-01 
-4.357141030820e-01  1.355272267696e-01 -9.048813648646e-02 
-7.810791736951e-02 -7.936356551496e-02  1.527951056767e-02 
 6.117436686880e-02 -1.791489336060e-02 -1.551967570970e-04 
 1.015467249708e-01 -6.680020973363e-02 -9.024611623916e-01 
-5.002067203313e-02 -8.293064346719e-02  1.213435412122e+00 
 1.207571510926e-01 -2.550531077474e-02 -1.812986210551e-02 
 4.467352952592e-02 -2.023642254847e-02  1.416913018920e-01 
-5.647846908391e-02 -7.911921461901e-01  8.458186602019e-01 
-3.885832795207e-02 -5.005609224797e-03  9.110691413178e-02 
 4.391087694119e-01 -1.018130737318e+00  1.231835846694e-01 
 4.308973910465e-02  1.412146362121e-01 -7.764058991593e-01 
 1.460380392263e+00  2.054287290568e-01  4.925278979704e-02 
-1.922834207765e-01  6.945493844770e-01 -1.123768556000e+00 
-3.582481291793e-02  4.861421209319e-02 -1.337310564059e-01 
-3.256820131624e-02 -1.536871266752e-01  2.299401791027e-01 
-2.165648351323e-01  2.576401644596e-01  3.564644541415e-02 
 5.801765278799e-01 -7.667456311988e-01 -1.494706028582e-01 
-2.127264774618e-03 -1.591583201294e-01  1.414377437753e-02 
-4.843323134921e-03  1.035702169208e-02 -3.271979651870e-03 
-1.009694978496e-02  4.157168737083e-02  1.042830349302e-01 
-1.355739643377e+00  3.196567877550e-02 -1.559702695061e-01 
 1.932196414290e+00 -6.129134380399e-02  1.765881505587e-03 
 3.278618745358e-02 -2.428572772891e-03  1.109137242500e-02 
-3.042727085449e-03 -2.309650441261e-02 -3.631825792419e-01 
 3.186863547640e-02 -4.377138563132e-02 -2.163058475604e-02 
 2.268426618341e-02 -1.256810790506e-01  1.546560413451e-02 
 6.265611777586e-02  1.272297897989e-03 -3.777667056138e-05 
 1.383695119712e-01  3.108322628780e-02 -3.321844703249e-03 
-9.197349946146e-03  2.203252189095e-03  2.420623879384e-01 
 1.399272463106e-03 -9.372522535466e-03  3.575286030850e-02 
 6.526875391113e-01  3.006654811922e+00 -6.081869313538e+00 
 9.613441980136e-03  3.152344120448e-02 -4.442696185594e-01 
 8.463293416379e-02 -2.126402175343e-01  5.117533640807e-01 
-1.165581432753e-02  1.051208264065e-02 -1.108112563323e-01 
 5.916249802424e-02 -6.103157504390e-03  7.908147943170e-02 
 4.176170543159e-01  1.202929109637e-01 -4.301949658718e-02 
-6.107718640949e-02  4.138191586445e-01  1.561336742014e-02 
 8.550454252105e-02 -1.343067896427e+00 -2.556271981561e-02 
 1.098819149306e-02  9.371994628894e-02  2.873593634710e-02 
-1.516059864636e-03  6.675793427666e-02  1.177467786554e+00 
-1.670931041734e-01 -1.914094156455e-02  1.748249236891e-01 
 1.217470679973e-01  2.408339210475e-01 -7.549825602542e-02 
-3.142644284728e-02  1.045335067205e-02 -5.608401617332e-02 
 4.828195962795e-01  1.121793100018e-01  4.669489611965e-02 
-3.205199097426e-03  1.912223556440e-01  9.499244087482e-01 
 1.347144678170e-01 -5.243034810478e-02  1.081939774769e-01 
 2.401232889755e-01  9.074908457140e-01 -1.551939970136e-01 
 5.737532473672e-02  5.537296110775e-02 -5.224347740248e-01 
-9.794152118954e-02 -1.430493819635e-01  2.203933820032e+00 
-8.662641493936e-02 -2.333664042161e-03  3.333939907878e-01 
 4.535532223872e-02 -1.382455540461e-01 -6.841804319400e-02 
-3.255691695678e-01 -3.343380222677e-01  9.871559005022e-02 
-5.165516108587e-02 -1.067910928801e+00 -3.022308121628e-01 
 9.920038033402e-02  2.541358671531e+00 -1.226213922112e-02 
-2.418471864744e-03 -8.756408081530e-02 -1.785220724452e-02 
 1.788835933687e-02 -6.575764772202e-02  9.218470309224e-01 
-1.109106636098e-01 -3.002412339843e-02  1.929472902581e-02 
-1.708622437019e-01 -5.202859358190e-01  9.346300388945e-02 
 7.274318219219e-03  1.289983270185e-01 -2.786472302974e-01 
-7.785536788024e-01 -1.622984913180e-01 -6.118987150214e-04 
 1.097229915813e-01  3.428173764628e-02  5.967226166131e-01 
 9.385234767656e-02  2.190727958046e-02 -3.195517244679e-02 
-9.142811482081e-02 -3.633345092516e-01  3.912208019313e-05 
 3.716987559808e-02  2.551306368454e-02  4.171174801982e-02 
 5.214757837224e-01 -4.507902786925e-02 -7.169633696150e-01 
-5.503053612873e-01 -5.700470863371e-02 -1.089828516704e-01 
-6.008307041080e-03 -1.683008926142e-01 -3.103984501273e-02 
-1.153540554118e-01  6.715578613405e-01  3.877317908788e-01 
 5.540988970709e-02  2.385965921272e-01 -1.127200459256e+00 
-1.558567804500e-01 -7.652025388873e-01 -1.210457983185e-01 
 7.511286291669e-03  3.272378551332e-03  1.443571337096e-02 
 1.404974685590e-02 -2.162181086816e-01 -2.928402321267e-01 
-5.817476155165e-02 -2.054942793750e-01 -1.509951208217e-02 
 5.168885208181e-01  1.236868240409e-01 -8.209952978400e-02 
-1.290078908122e-01 -1.040091521059e-02 -3.692890816933e-01 
 9.099776559215e-02 -1.248057034243e-01  1.149854733031e-01 
 4.333742391636e-04  9.223125717523e-02 -7.407661144786e-02 
 2.704216767241e-02  3.156319876104e-01  3.816284505514e-02 
-6.282708834920e-03 -1.793502728143e-02  1.697774016788e-01 
 5.295278308108e-02 -1.419669062961e-01 -2.544586569448e-03 
-9.123038845229e-01  3.395665859399e-01  6.017077808158e-02 
-1.841451039395e-01  4.936802160266e-01 -3.260622891846e-03 
-5.856357130075e-02  3.302050704885e-02 -4.187131373638e-02 
-1.927223349723e-01  1.226064679484e-01 -4.212863267654e-01 
-2.984221480338e-01 -4.185488742215e-02  1.405887179515e+00 
 2.810325284876e-01  1.550846839225e-01 -7.215820312394e-02 
-1.669313660569e-01 -2.457171630998e-03 -5.835126963550e-03 
 2.372780160336e-02  2.297228940248e-01  2.225436168289e-01 
-4.197502574904e-03 -2.766453617872e-01 -5.735877146242e-02 
-5.866333291017e-01 -1.583452538258e-02  2.071647444455e-01 
-2.485895652538e-01 -5.147179508565e-03  5.521911753488e-01 
-3.122227984838e-02  1.318270090361e-01 -5.364399724156e-02 
 4.310009490480e-02 -3.157213269125e-01 -2.194692820702e-01 
-6.715010343114e-02 -7.441012224971e-02  9.463003915065e-02 
 4.925012584423e-02  1.906677279341e-01 -5.342585337345e-01 
-5.024315055860e-04 -1.950680151317e-02 -2.614270608076e-02 
 1.772838717566e-01  3.889700682812e-02  4.794889392985e-02 
-7.872251401000e-02  1.415543709889e-01 -1.527024262851e-02 
-3.247454357238e-02 -1.316062647075e-01  2.298169189045e-02 
 1.095185821837e-01 -6.503329410737e-02  4.304124760800e-02 
 4.554463059057e-02  2.485779881554e-02 -1.758362411543e-01 
-9.139383854409e-02 -1.534373077116e-01  2.701666052787e-01 
-2.906894268474e-02  4.662513043127e-03  5.337004892850e-03 
-1.079436918869e-01  6.746262166464e-02 -1.563502836611e-02 
-8.307464380430e-03 -2.028438440996e-01  1.565183296853e-02 
 1.365621840863e-01 -1.128566515709e-02 -1.041327811399e-01 
 4.989819545700e-01 -4.068793341993e-03 -3.222025792860e-02 
 3.257686645233e-02  8.729822512574e-02 -5.647782843011e-01 
 1.964062573761e-02  2.662329449363e-01  1.061489572946e-02 
 1.677844158899e-02  1.203281480970e-01  2.804615881528e-02 
 1.054914771559e-01  4.582651290440e-01 -1.094183787368e+00 
 3.194522163209e-02  4.748573105322e-03  6.532919584351e-02 
-1.279207397652e+00 -1.064030609438e-01  2.362361503578e-01 
-1.367670183462e-01 -3.492952243280e-01 -4.047725746043e-02 
-1.208231663713e-01 -1.593688108134e-01 -1.583004931756e-01 
-7.254709494445e-01  9.556561891738e-01 -4.922006820522e-01 
 1.399135988178e-01  1.289913584017e-01  1.808468757277e+00 
 5.277615808858e-02 -1.582134785920e-01 -3.576112709539e-03 
 1.083703711080e-01 -3.032325299460e-03 -1.114370860200e-01 
-3.883078774409e-02  8.541003711713e-01  1.845532041089e-01 
-1.049528516726e-01  8.830391367539e-02 -2.338007417965e-01 
-8.952302755239e-01  1.610751893920e-01  2.356749140984e-01 
 2.154281700484e-01 -1.175578920465e-01  7.820270057310e-01 
-2.201202661339e-01  1.201566045766e-01  1.116192911733e-01 
 1.648824191412e-01 -2.102250339858e-01 -1.476983501091e-01 
 4.786407137396e-02  1.976429666235e-01  9.171706187918e-02 
-8.188090581588e-02 -3.573811138140e-01  2.808478186684e+00 
 5.680913805615e-02 -1.578472923665e-02  1.783613205956e-01 
-5.073271987820e-01  3.872610278670e-02  1.541976436714e+00 
 2.273539462695e-03 -2.397562027612e-02  4.503614791107e-01 
-5.587204872886e-02 -1.623611892225e-01  7.602994092939e-01 
 3.170269844823e+00 -6.711309286314e+00 -1.650102105567e-02 
 1.788474794205e-02 -1.445107077367e-01  3.989474730489e-01 
 5.640865624878e-02  1.040051237768e+00  2.512997143044e-02 
 1.538458225203e-02  6.420065337939e-02 -1.940704501843e-02 
 9.452585685839e-02 -6.570110267284e-02  3.252189045060e-01 
 4.758810563564e-02  1.739096997851e-03 -1.793441629231e-02 
 5.065141825891e-01 -1.412663535335e-01 -1.578343104485e-01 
-4.885873543298e-02 -9.225660424005e-02  1.033859577690e+00 
-2.555081047300e-01  2.720056128046e-01  8.764888427450e-02 
-3.338279917960e-04 -1.820177982778e-01 -1.377436147780e-01 
-3.803751519036e-02  1.453533163325e-01  7.307046866007e-02 
-2.210733984385e-01 -8.814874772383e-01  1.883095093254e+00 
 7.419575643582e-02  3.809872574932e-02 -1.158811870762e-01 
-2.038725986964e-01  1.952480957321e-01 -9.265670495491e-01 
-2.291719803117e-01 -9.116341574812e-02 -6.060271491285e-02 
-1.164735586889e-01  7.072229328643e-01 -1.389918281256e-02 
-2.372293360498e-03  4.137783345563e-01 -5.432332572072e-02 
 1.003149428375e-01 -4.230708076409e-01  2.254477100415e-01 
-2.744617512706e-01  5.908239133986e-01 -7.898130260103e-03 
 9.189840307789e-02 -2.852609399088e-02 -6.336090636919e-04 
 1.746232427497e-01 -1.216003760614e+00  3.411261307735e-01 
-2.523521884228e-02 -2.171670648686e-02  1.846235117979e-01 
-3.671414638923e-01  1.652541414876e-01 -3.843721385922e-02 
 2.630458991551e-01 -1.319967591317e-01 -1.526169932848e-01 
 6.497676969717e-02  4.701532963450e-02  4.612699646757e-02 
 1.600223682484e-02 -1.166216809498e+00  2.478010635364e-01 
-7.499392710193e-02  4.514229280224e-02  3.971103110987e-01 
 7.216567359497e-02  1.612680194774e-01 -1.342025135798e+00 
 2.228285203385e-02 -8.381040535426e-02 -4.136557635351e-01 
 2.626597185402e-01 -1.480314648407e-01 -8.738456425754e-01 
 1.166054241859e-01  6.380987921967e-03 -4.434883981516e-01 
-1.739283057576e-01 -3.432353472132e-01  7.954434525468e-02 
 5.138838942381e-01  1.008829612576e+00  1.962390324900e-01 
-4.695557376102e-02 -4.365760612256e-01 -6.399247612202e-01 
 1.174119132871e-01 -3.574045662199e-01 -9.233562899458e-03 
-5.326799706586e-02 -7.975555696562e-02  5.454878325807e-02 
-1.127161959215e-01 -1.656143464517e-01 -3.925578194048e-02 
 2.537166200079e-01  1.901151012652e-01  4.322618952770e-01 
 2.719371615103e-01  3.741981857232e-02  3.336222551103e-01 
-1.131325060659e-01 -2.077419618836e-01 -3.442225348727e-01 
 2.023858178225e-01  1.284555746180e-01 -3.569633083267e-02 
 4.231510054398e-01  4.780101647043e-01 -2.756483727074e-01 
-1.750089477365e-01  1.233798595920e-01  1.930827084206e-01 
 7.915029850223e-03 -7.512253337049e-02 -7.618403076044e-01 
-1.383635266539e-01 -3.945109153754e-02 -4.165605327895e-01 
-7.978995334037e-01  1.754701476482e-01 -4.018868809237e-01 
-5.805779026630e-02  3.877095313740e-02 -3.376588331515e-01 
 2.426823091936e-01 -2.001826189301e-01  1.145820048610e-01 
 6.010468682858e-01  1.848295454836e-01 -2.615367094522e-01 
 1.430538119221e-02 -2.578512782917e-01  1.394214693811e+00 
-1.297040957253e-01 -4.677674056084e-01 -4.761265009189e-02 
 5.600886608199e-02 -5.175002659125e-02 -1.335080832346e-01 
-8.496616920467e-02  7.365827804327e-01 -2.825111804173e-01 
 4.359339883483e-01 -2.445739306720e-02  2.010613675029e-01 
-4.841263396918e-01  1.607997098083e-01 -2.069566368885e-01 
 1.679090746044e-01  6.032078914353e-01  8.278228360294e-01 
-8.408106915792e-02 -1.882714256978e-01  1.535921012562e-01 
-2.117145800669e-01 -5.992103126813e-01  1.207754219289e-01 
 8.486895862602e-02  1.357710382211e-02  2.036700805127e-01 
 1.543677444978e-02  1.106025634939e-01  6.868796560462e-01 
 4.654328730941e-02 -7.848577012732e-02  2.282702434910e-01 
-1.139489681177e+00  5.859121288194e-03  4.056164919344e-01 
-1.428716276457e-02 -1.727154314471e-01  1.318483092933e-01 
 1.178277244411e-01  2.318203289835e-01 -1.665770171509e-02 
-1.371898117630e-01 -5.682124994857e-01 -2.066563763756e-02 
 5.014804083814e-02 -2.193427203574e-02  3.842914460520e-01 
 2.653087429517e-01  6.862284083907e-01  3.639864395264e-02 
-3.750753953700e-02  2.325525235498e-03 -2.050077706246e-02 
 8.626242010466e-02  4.100673349230e-01  2.056164121612e-01 
 4.371108879634e-01 -1.297347165502e-01  3.138021103984e-01 
-3.803768355566e-01  1.459727718816e-01  1.735179735024e-01 
-2.027248952121e-01 -2.505595250440e-01  5.726275934730e-02 
-1.525350623823e-01  1.407697770567e-01 -2.104315203447e-01 
-8.530610080749e-02 -7.977399733713e-01  1.117530883157e-01 
 5.512159841999e-01  2.504863357041e-01 -4.602053661965e-01 
 7.603600907729e-02  3.026204031846e-01 -4.848756253224e-01 
-9.513473971855e-02 -2.362198136657e-01 -4.966941310376e-02 
-1.182309471100e-01 -3.675022461975e-01 -1.702190111844e-01 
 9.246723292993e-03 -2.060023386716e-01 -9.598963543915e-02 
-2.960229230516e-01  5.437709069996e-02 -3.184926619798e-02 
-1.560475833975e-01  3.525315109774e-01 -3.477535030061e-01 
-9.427739117690e-02 -1.860812084565e-01  1.160350648694e+00 
 8.831057578449e-01  1.606795873708e-01  4.403480780938e-02 
-9.383647016410e-02  8.196517528072e-03  5.547185471532e-02 
 6.421340701624e-02 -2.734553201187e-01  2.587258968137e-01 
-9.495894289541e-02  3.465172289121e-01 -3.094299365848e-02 
-8.447198203332e-01  3.363886893940e-01 -2.697261504568e-01 
-5.201659691769e-01  1.442719102732e-01  6.663724510905e-01 
-1.750149560443e-01 -2.020403445792e-01 -5.204143279312e-01 
-2.889072865904e-01  2.198735309636e-01 -1.720806224736e-01 
-6.401278670855e-02  3.344586920267e-01  1.351175568559e-01 
 1.813162662551e-01  7.549975028763e-01 -4.422935573701e-01 
-3.085903369234e-02  1.268908925111e-01  1.259634970874e-01 
-5.343433245179e-01  1.524944490848e-01  6.702536842699e-02 
 3.982796748453e-01  1.517998244659e-01 -9.600451771438e-02 
-4.208468157986e-01 -1.459388523715e-01 -2.572874138482e-02 
-1.800674168748e-01 -8.349418929865e-03 -2.900004910421e-01 
-1.072585110053e-01 -2.648700306724e-01  9.907470362838e-01 
-2.607072250763e-01  7.847845729688e-01  1.235680243823e-01 
 6.279837314934e-02 -1.111746101695e-02  9.458197618665e-02 
 7.696721035503e-02 -1.416285843290e-01  4.669534590433e-01 
 7.821949889993e-02 -4.389876020417e-01  1.441245332855e-01 
-8.221404853851e-01  3.859248153421e-01 -2.302902517698e-01 
 1.978578231324e-01 -3.271802465890e-01  3.023566306771e-01 
-1.488863351975e-01 -3.063051160284e-01  4.392899220524e-01 
-2.858016472517e-01  4.301263756470e-01 -5.705028155943e-01 
-3.251644521207e-02  2.260247524949e-01 -1.730396253121e-01 
 8.620705834007e-02  3.311587100706e-01 -5.039795155945e-01 
-4.856221969026e-03 -8.001973690967e-02 -2.825309378189e-02 
 9.644279312493e-01 -1.627429423051e-01 -2.664603939220e-01 
 6.028898296655e-01  1.809451194820e-01 -5.557425454644e-02 
 4.389260861126e-01  1.426450300265e-01 -1.005976451955e-01 
-3.726809249023e-01  9.164113400007e-01  3.190026745153e-01 
 6.770323982513e-03 -1.126248725006e-01 -1.190153438682e+00 
-4.382603752646e-02  2.276017406810e-01  1.846560042962e-01 
 1.261634199215e-02 -2.441354635440e-02 -1.508122240116e-01 
 6.255538346402e-02  2.111142577393e-02 -5.349371893976e-01 
-1.075807673081e-01 -1.709272073861e-01 -2.768059684777e-01 
 3.941060209456e-01 -2.266365353110e-01  2.419537088256e-01 
-1.401790902426e-01  4.728419810943e-03 -1.021261116078e+00 
 4.572424417977e-01  1.498070158729e-01  1.085193122904e-01 
-2.023572713711e-01  1.948936156887e-01  3.746272005505e-01 
 1.693150180562e-02  7.025605182951e-01  4.101153742534e-01 
-1.455184580963e-01 -6.476046788608e-01 -6.682845965161e-02 
-5.788172973745e-03  2.670216700096e-01 -2.600155007590e-01 
 9.517570758923e-03  8.200241236803e-03 -2.497152109442e-01 
 3.601696130678e-01 -5.772127067256e-01 -1.344241083059e-01 
-1.087812073134e-01  6.502444739280e-02  2.323058332628e-02 
 1.675265742227e-01  4.091708081425e-01 -6.314769588423e-02 
 2.220079235360e-01  1.461609801322e-02  1.762081745217e-01 
 9.785597882173e-02 -7.894820896530e-01  1.336981087142e-01 
 2.323602002811e-01  7.228023770078e-03 -1.172543109204e-02 
-1.044427626234e-01 -1.184040776591e-01  4.682203455492e-02 
-1.104616723592e-01 -8.436062427151e-01  1.230476386454e-02 
 6.255927478997e-02  1.261650209338e-02 -1.818242808180e-02 
-4.256763555971e-01  2.943811550069e-01  2.984765539576e-01 
-3.892156169927e-02  5.256499861001e-02 -1.710061315981e-01 
 3.269665138374e-01 -6.213163192358e-03 -5.140491804982e-02 
-5.218970263399e-02 -1.794819943624e-01  5.449209442592e-02 
-2.414266973474e-01 -1.005979191196e+00 -2.091083962123e-01 
-1.719669405484e-01 -1.733906556665e-01 -3.528555489114e-01 
-2.873766506115e-01 -3.529039574212e-02 -2.488099341834e-02 
 2.177379353760e-01  2.905744153677e-01  3.970950182812e-02 
-2.028394912355e-01  3.795311346962e-01 -8.909519360153e-02 
-3.012476385042e-01  9.343847345462e-01 -4.247919153795e-02 
-1.529903595412e-01  3.871485873222e-01  4.844435246603e-01 
 3.721850281431e-03 -1.559000446986e+00  1.183260488228e-03 
-1.559929578945e-01  6.934026464819e-02  8.803189925698e-02 
-8.115951432417e-02 -7.589174636481e-02  3.555479001987e-01 
-1.711305349187e-01  1.442576206703e-01  1.275599702751e-01 
 4.255940773749e-02  1.171893226521e-02 -1.591489632464e-01 
 1.533219512464e-01  5.081092159574e-01  5.715580559880e-01 
-1.331849463909e-01  3.782399977121e-02  2.526891957311e-01 
 5.660174679858e-01  9.273844787474e-02 -2.765463937090e-01 
 2.157841989437e-01  5.498436539604e-01 -2.784001383215e-01 
-1.421460200631e-02  1.484371521094e-02  1.648934885039e+00 
-4.268702881214e-01  9.067138632432e-03  8.357244473997e-01 
-1.823364193953e-01  4.467543210844e-02  3.444321567775e-01 
 5.317777052210e-02 -2.618714333536e-02  4.844981423684e-01 
-1.471307694050e-01  8.642201985009e-02  2.469943435976e-01 
 1.081919639201e+00 -1.916975877214e+00  2.647268895531e-01 
 7.497158385025e-02  6.690018928524e-01  5.821243407515e-01 
 9.058340948842e-02  1.229479659316e+00 -8.015639059804e-02 
 3.076117882278e-02 -5.712584837909e-02 -3.022035943815e-02 
-3.395976009376e-01 -1.585490821520e-02  3.351649119062e-01 
-1.882502722759e-01 -5.444594841399e-02  4.034269821518e-01 
-7.586431325310e-01 -2.054829943193e-01  7.895105015521e-01 
 1.054524995130e-01  1.512415246839e-01  2.621843293480e-01 
-2.607099035342e-01 -5.104996014423e-01 -7.927110236955e-02 
-4.671857271030e-01 -1.589707725738e-01 -1.620899750101e-01 
-6.284105448414e-02  8.583325603181e-02  6.407844368679e-02 
-5.985181049867e-02 -2.632061226994e-01  4.893451823634e-01 
 8.806599440058e-01 -1.104956222531e-01  2.943769571915e-01 
-6.091850573844e-02 -3.125451905522e-04  7.010701322014e-02 
 1.389329442858e-01  2.275965057013e-01  3.504575386571e-01 
 2.064079481132e-01 -2.564851555151e-02  1.220381293822e-01 
 4.824963020825e-01 -7.439809693537e-01 -9.095829783632e-01 
-1.688274725617e-01  3.261271408435e-01 -3.047874837085e-01 
-6.155665836142e-02  7.307996444947e-02  8.548167506716e-02 
 9.883347154276e-02 -3.097404009838e-02  1.206243994276e-01 
-3.285204519164e-01 -1.368601133262e-01 -2.318671972721e-01 
 2.279363065263e-01  6.224973883447e-02 -1.718948981683e-01 
 6.506061241678e-01 -1.556767266383e-02 -2.491364442166e-01 
-1.508058745594e-01 -4.982036039085e-01 -5.666437804794e-01 
-2.117186122860e-01 -6.635518621672e-01 -4.888721443340e-03 
 4.429080503842e-01  4.377722161458e-01  1.799131502641e-01 
 4.328180968657e-01  9.204010898772e-03  5.315992825445e-01 
-1.667525577957e-01 -7.950759083219e-01 -9.564569498809e-02 
 1.090453360490e-01 -1.821542270302e-01  3.989457408391e-01 
-8.537707796779e-02  6.835618056384e-02 -2.564522859675e-01 
-3.060919181683e-01 -1.708800384911e-02  1.222379260109e-02 
-2.205101633436e-01 -1.966969912182e-01 -1.233906317334e-01 
-5.414613239363e-01  4.734136445580e-01  2.702183886602e-01 
-1.756959116916e-02 -1.080291976611e-01  1.677452273102e-01 
-2.417114744575e-02 -2.140348448083e-01  8.888490350496e-01 
-1.860326832077e-01  1.739762522721e-02 -4.733800757900e-02 
-2.714925302420e-01  2.709989919682e-01 -5.259797364725e-03 
-1.766145198966e-01  1.906050522734e-01  2.489759764184e-01 
-6.265627060221e-02 -1.122402114846e-02 -8.847131903591e-03 
-3.212779875201e-01  9.256247924241e-02  4.055585720298e-01 
-9.327169130964e-03  1.955346098089e-01  6.247582679745e-01 
-1.839072388905e-01  5.583836889702e-01 -1.697068147150e-01 
 3.436196520165e-01 -3.183477883118e-01  1.917119852570e-01 
-4.203119682221e-02 -1.642575663908e-02 -1.374548318647e-01 
-6.538294924193e-01  3.077434110096e-01 -2.262038624388e-01 
 2.682619947364e-02 -1.086578456951e-02 -4.683815777311e-01 
-2.181594414062e-01  5.284126690079e-01  5.930918147593e-01 
 2.980333539289e-01 -8.454197034615e-02 -3.429962173048e-01 
-1.488096661200e+00  1.534819626312e+00 -1.011680078995e-01 
-6.040042518117e-02  3.583680626193e-01 -5.071068138023e-02 
-1.438859306808e-01 -9.165412997818e-01  1.154517848509e-01 
 7.896572062580e-01  6.418973310933e-03 -1.546261915388e-01 
-9.417011824892e-02  2.613014713887e-01 -1.260156616633e-01 
 1.982345028164e-01  2.537384723472e-01  5.042052938217e-01 
 3.528236044072e-01  2.752883967086e-02 -2.111743229940e-01 
-2.865434924224e-01 -7.403210246788e-02  9.757107667587e-02 
 5.153385297941e-02  2.083108072000e-01 -7.998429567167e-02 
 4.895418340529e-02 -6.589873058414e-01 -9.864269191267e-02 
-5.701756906567e-01  2.023971762373e-01 -5.161366924483e-02 
-3.121255423012e-01 -1.599751638851e+00 -7.617384581733e-01 
-1.740696933737e-01 -1.735248443448e-01  1.291033954913e+00 
 2.210834321647e-01 -9.179176508649e-03 -3.321612678954e-01 
 3.356966447709e-01  2.515319450457e-01 -1.282133173171e-01 
 7.912214959224e-02 -5.840500777168e-01 -9.690738848716e-02 
-5.394381232693e-01 -4.151330504031e-02  8.663091660351e-03 
-2.436921380010e-02 -3.450615132212e-01 -1.651751668435e-01 
-2.003809983075e-02 -3.769518379696e-01 -4.671687715380e-01 
 1.630937143271e-01 -1.184208657596e-01 -1.614701425644e-01 
-1.545658943651e-01  1.684337722953e+00 -4.232279354478e-01 
-8.117462411898e-01 -2.459328343331e-02  6.911749231688e-01 
 8.243735031530e-01 -2.228292571786e-01 -4.728800956244e-01 
 2.275860633179e-02 -1.920190843240e-01  5.555691518595e-01 
-1.315236167366e-01  4.209639560308e-01 -1.686924666768e-01 
-1.354174035209e-01  1.502174048075e+00 -3.159182230758e-01 
 7.501190634953e-01 -1.341692313152e-01  4.063342505216e-01 
 8.155292005100e-02  1.908993845051e-01  7.267456056864e-02 
 3.577082113611e-01  9.190202710952e-02  4.433937864767e-02 
-2.648516639002e-01 -1.446149174473e-02  8.104115350756e-01 
-1.479155928885e-01  6.709780706962e-01 -8.442179160267e-01 
-3.658772584818e-01  2.301781072109e-01  3.877953380366e-01 
 1.703992313955e+00 -1.610992806199e+00  1.847343878287e-01 
-1.281675149397e-01 -3.720885452844e-01  2.230169678549e-01 
-6.673866363305e-03  1.010875907954e+00  1.627538614364e-01 
 7.498640583495e-01 -3.837988750064e-02  4.022084722651e-02 
 1.537808677424e-01 -1.507366481682e-01  3.597613730680e-01 
-2.865253543052e-01  2.903054473071e-01 -5.353656439923e-01 
-7.362753182720e-01  9.551523599173e-02  4.174155087267e-01 
-9.693579177337e-02  2.020939328455e-01 -1.382205162671e-01 
-5.394570670820e-02 -1.648370828452e-01 -1.220090592675e-01 
 4.456828453970e-02  4.100172868012e-01  7.281055701250e-03 
 5.467413329028e-01 -4.782114762932e-02 -4.135335017411e-01 
-4.035557991745e-02 -1.620035242624e-01 -4.862719151224e-01 
 1.516612451907e+00 -2.394191911558e-01 -2.524322260464e-01 
-2.395347001738e-01 -1.138888393819e-02 -3.573746824614e-01 
 3.058250082883e-01  2.053013170272e-01  6.075358911183e-01 
-1.185950259375e+00 -2.797605465064e-01 -3.489530360142e-01 
-1.383045026683e+00  1.766176622075e+00  7.696039798044e-01 
 9.296641820723e-02  3.727281215666e-01  6.109965096705e-01 
 1.044035169783e-01 -6.807886139697e-01 -1.612254146777e-01 
 2.265428674567e-01  1.160577128026e-01  3.247502897512e-01 
 1.503787104496e-01 -1.740259753972e+00  5.054763473436e-01 
 8.486729423235e-01 -1.189601959960e-02 -3.202273314276e-01 
-1.070994353162e+00  2.201338843121e-01  3.421641797460e-01 
 1.181639149143e-01  4.191715437504e-01  1.124317898628e+00 
-1.310279199095e-01  4.493753987099e-01 -4.791851301865e-02 
-2.964322648054e-01  1.967611533543e+00 -7.107546853855e-01 
 6.840355197685e-01 -2.107154727587e-01  6.978237874953e-01 
-4.169495772380e-01 -1.999654766272e+00 -5.962788921533e-01 
-2.123949842771e-01 -5.796074038324e-02 -1.180677081661e+00 
 1.717756476136e-01  1.263137664770e-03 -2.999014360257e-01 
 2.140607319804e-02 -1.681192730713e-02 -7.337782768672e-01 
 1.843864516045e-01 -1.616129505366e-01 -1.582107039328e-01 
-4.026364908914e-01  2.858879009987e+00 -1.197801125671e-01 
-2.853575636917e-02 -4.372947209525e-01 -7.750346601448e-02 
-2.797990055785e-02 -9.143595426791e-01 -2.042418564211e-02 
 2.773214016250e-02  1.369835599651e+00 -1.308231857875e-01 
 5.061132898985e-02  7.068584161959e-01 -3.892038937445e-01 
-2.840062599093e-01 -1.723907319547e-03  1.892547766360e-01 
-1.402095528338e-01  1.675728266646e-01  1.940858743214e-01 
 3.931477294545e-02 -1.834066326171e-01 -5.345003759307e-01 
 2.873543865603e-01 -3.277302235199e-01 -7.576689911839e-02 
-1.682773805011e-01  1.904525402006e-01 -5.121555753603e-02 
 7.918781198184e-02 -3.908808873830e-02  2.916329233856e-02 
-1.184443919441e-01 -6.397087267431e-01 -1.015587322830e+00 
-2.183151693768e-01 -6.317325115260e-02  4.647084109589e-01 
 2.151122272827e-01 -3.066378860179e-02 -3.770599574995e-01 
 4.858346567081e-02 -1.420941666530e-02  2.041950260922e-01 
 2.750377711488e-01 -5.764430951452e-01 -1.335119201299e-01 
-2.212034932723e-01  2.774115998081e+00 -4.710456680378e-01 
-4.222548829613e-02  8.674202221299e-01 -2.114086551530e-01 
-2.336328909968e-02 -3.054247755362e-01  3.203518125328e-01 
-4.191393957846e-02 -2.284494376049e-01 -5.364622559971e-02 
 1.151754047299e+00  1.142338805305e+00 -3.783532429896e-01 
-2.554522546528e-01  1.895849605842e-03  5.566094176654e-01 
-1.260485994665e+00  5.157556335116e-01  4.612654009776e-01 
 1.175125650901e-01  4.760221598350e-01 -2.478941109492e+00 
 8.720812234528e-01 -7.864354805642e-01 -1.490808774099e-01 
 7.150757217095e-01  6.199337909070e-01 -4.865292940516e-02 
 1.026061510786e-01 -1.359894758920e-01  3.083173820270e-01 
-7.523487880169e-02 -3.845642866550e-01 -3.312661517336e-01 
-6.176990070638e-01  1.128207173889e-01  2.314537083921e-01 
-4.948341838611e-01 -9.140434672650e-03 -5.258216537589e-03 
-7.771173339022e-02 -7.509289084870e-02 -1.685648436541e-01 
 1.410781051978e+00 -1.383592854765e-01 -7.347672795742e-02 
-2.867967477574e-01  2.058678204091e-01  5.594467848624e-01 
 1.600858131885e-01 -2.132047420580e-01  5.610179896865e-01 
 4.606232930295e-02 -7.148323667152e-02  4.254790844485e-02 
 1.483202381059e-01  9.084040937873e-02  1.577736340331e+00 
-4.934144367249e-02  2.050091011506e+00 -6.074808311294e-01 
-5.452181521580e-01 -7.658174062074e-03  4.059758626142e-01 
-1.436909983400e+00  6.351104063547e-01  5.831989270262e-01 
 1.140464964651e-01  2.652105393796e-01  1.949938050880e+00 
-8.342716185264e-01  7.449653186273e-01  1.521872745318e-01 
-2.000854428247e-01 -1.143738236143e+00  3.664110497628e-01 
-3.802756622780e-01  1.689636756559e-01 -6.715896239393e-03 
orbocc
(*)
 0.000000000000e+00  0.000000000000e+00  0.000000000000e+00 
 0.000000000000e+00  0.000000000000e+00  0.000000000000e+00 
 0.000000000000e+00  0.000000000000e+00  0.000000000000e+00 
 0.000000000000e+00  0.000000000000e+00  0.000000000000e+00 
 0.000000000000e+00  0.000000000000e+00  0.000000000000e+00 
 0.000000000000e+00  0.000000000000e+00  0.000000000000e+00 
 0.000000000000e+00  0.000000000000e+00  0.000000000000e+00 
 0.000000000000e+00  0.000000000000e+00  0.000000000000e+00 
 0.000000000000e+00  0.000000000000e+00  0.000000000000e+00 
 0.000000000000e+00  0.000000000000e+00  0.000000000000e+00 
 0.000000000000e+00  0.000000000000e+00  0.000000000000e+00 
 0.000000000000e+00  0.000000000000e+00  0.000000000000e+00 
 0.000000000000e+00  0.000000000000e+00  0.000000000000e+00 
 0.000000000000e+00  0.000000000000e+00  0.000000000000e+00 
 0.000000000000e+00  0.000000000000e+00  0.000000000000e+00 
 0.000000000000e+00  0.000000000000e+00  0.000000000000e+00 