2mocoef
header
1
MO-coefficients from MOLCAS
1
48   48
a
mocoef
(*)
 3.504193983398e-05 -2.160928137579e-04  2.930866509928e-03 
-1.161521635325e-10 -1.075528416195e-09 -4.465196195297e-04 
 3.886122164966e-10 -3.467627425106e-09  1.733112078171e-03 
 1.055886378323e-09  1.287472348005e-09 -5.591586381413e-04 
-5.458828110645e-11  1.292519507482e-04  1.001226117387e+00 
 6.583881651247e-03 -7.306127082426e-03 -9.790359671981e-10 
-1.515843105290e-09 -7.984061013754e-04  1.473729082190e-10 
-1.542371482601e-09  2.184613816537e-03 -1.546006906334e-08 
-1.408302171140e-09  1.932372286292e-04  4.262846167791e-10 
 2.903835499708e-04 -3.420004641999e-04  2.470242201213e-04 
-6.062790490840e-05  1.399978775202e-10 -1.640216993941e-04 
-3.355852106145e-04  4.145597111624e-04  5.610842459391e-04 
 1.200666815518e-09  1.512167973579e-04 -3.355851495506e-04 
 4.145597507028e-04 -5.610843871017e-04 -2.764446297420e-09 
 1.512169114959e-04 -3.420000971435e-04  2.470244823009e-04 
 6.062798137201e-05  6.268796891809e-10 -1.640216160859e-04 
 1.001344599906e+00  8.209137915158e-03 -4.596485624986e-03 
-2.785737253708e-09 -1.474668763744e-08  1.690559162178e-03 
 1.553247709929e-09  1.273046590336e-08  9.753324381506e-04 
 1.641114145856e-08  5.587924139479e-10  7.253767264730e-04 
 2.270459561846e-10  6.888503616960e-04 -1.599793971877e-04 
 6.338002962040e-04 -3.681046965977e-03 -1.722897447129e-09 
 2.712981748856e-09  3.471965849175e-04  9.771396957011e-11 
-6.684465958117e-09  2.283912619725e-03 -1.476698260935e-09 
 2.306592426536e-09 -3.074402402964e-04  6.707670376977e-11 
-3.952391455182e-04 -5.854004031233e-04  1.671845506299e-03 
 2.901190995774e-04 -4.595289790415e-09 -2.796097420159e-04 
 6.153310049740e-04 -4.618105217940e-04 -5.667634027962e-05 
 1.453002366691e-09 -4.549740119221e-04  6.153326764548e-04 
-4.618113819026e-04  5.667642764861e-05  1.303950133812e-09 
-4.549741059361e-04 -5.854002213465e-04  1.671846018174e-03 
-2.901196515231e-04 -1.611327561009e-09 -2.796099703774e-04 
-1.405371487905e-02  4.307095493347e-01 -1.672590911508e-01 
-1.156480165322e-07 -5.899771168301e-07  1.699848765523e-01 
 1.545840280509e-08  2.285018617935e-07 -8.378811754725e-02 
-3.992145202318e-09 -9.658171830719e-08  2.829158041137e-02 
-2.171275204114e-08 -1.187643318787e-03 -1.478221296391e-02 
 7.788800807995e-01 -1.553436957237e-01 -3.601724016256e-07 
 7.786933392720e-08 -6.005326826802e-02  7.326098909245e-08 
 7.707066249012e-08 -3.788543974263e-03 -1.396907229051e-07 
-3.239453270201e-08  1.192336589578e-02  1.071289464302e-09 
 2.919415796030e-03  1.166194478180e-01 -5.942299715366e-02 
-9.312572670163e-03  3.446025714664e-09  8.811397736426e-03 
 2.594521052107e-01 -1.255669719945e-01 -2.749668651172e-02 
 2.190166856477e-07 -1.523316467488e-02  2.594526108938e-01 
-1.255671966987e-01  2.749671153392e-02 -1.299259115701e-07 
-1.523319640363e-02  1.166195646212e-01 -5.942307745355e-02 
 9.312585063926e-03  6.438512332359e-08  8.811401233930e-03 
 8.807651374726e-03 -7.002774044605e-01  1.666205031637e-01 
-1.768428285004e-07  1.050439156578e-06  1.177065132910e-01 
 3.972532086491e-08 -2.908003219869e-07 -1.216994577217e-02 
-1.447042178909e-07 -7.316223482756e-08  5.080278846938e-03 
 4.013780032739e-08 -7.539362152356e-03 -1.598976557370e-03 
 3.271108447042e-01 -4.581295760392e-02  7.625760114229e-07 
-1.061897683215e-06  3.372480169391e-01 -1.528365546233e-07 
 4.613412512111e-08 -6.839306285538e-02 -2.872740004269e-08 
 4.638181623765e-09 -1.546987472165e-02  1.759969694483e-08 
 3.377640202462e-03 -3.457281266753e-01  1.633053728163e-01 
 2.412392829503e-02  3.240776932974e-08 -1.205526155424e-02 
 2.670196810452e-01 -1.251175819240e-01 -2.383536266200e-02 
 1.945737829122e-07 -8.641053747496e-03  2.670185553269e-01 
-1.251171339407e-01  2.383531647444e-02 -1.691632961797e-07 
-8.640994632413e-03 -3.457277364154e-01  1.633052756953e-01 
-2.412392851701e-02 -2.018420173686e-07 -1.205524672935e-02 
-3.506139008411e-08  8.859451553394e-07  1.754846879023e-07 
 2.387269561110e-01 -3.772731439764e-06 -2.493754876492e-06 
-4.242157055221e-02  4.857650597560e-08  7.669857174613e-07 
-1.296927920116e-07 -6.378157078663e-07 -1.411423797688e-07 
 3.490699958129e-02  5.000547137182e-08 -9.679951320148e-09 
-2.953810716919e-07  6.441757879221e-08  6.848542622830e-01 
-1.336007759325e-05  2.171107433598e-06 -1.347569711300e-01 
 2.685555016822e-06 -3.646141797233e-07 -4.402038779153e-08 
 3.031477279214e-07 -5.269198320342e-08  4.739156804318e-03 
 2.734148446389e-08  1.242833509573e-01 -7.630488140054e-02 
-1.042812426595e-02 -7.590422424863e-08  3.784465843951e-03 
 4.981819286176e-01 -2.105421389852e-01 -2.287843653478e-02 
 1.657149882519e-08 -2.749512675356e-02 -4.981802720224e-01 
 2.105414994240e-01 -2.287831131026e-02 -1.283042947457e-07 
 2.749515664009e-02 -1.242803263144e-01  7.630366094064e-02 
-1.042794050752e-02 -2.359315896026e-07 -3.784434627344e-03 
-6.834702323177e-03  5.698506206787e-03  9.859357640368e-02 
-6.525361061518e-05 -5.078929895662e-07 -6.386392529415e-01 
 1.376407909853e-05  2.460760583712e-08  2.016848802378e-01 
 7.800665867656e-08  2.419785782523e-07 -3.705221852480e-02 
 2.463338342874e-06  1.255035593274e-02 -1.787412300708e-03 
-1.073276827359e-01  2.943819775322e-02  1.989728710165e-05 
-6.138741030418e-07  6.268343906919e-01 -3.254216786237e-06 
 3.946791181391e-07 -1.149268061910e-01  4.851062377187e-08 
 6.690456199447e-08 -1.994805018164e-02  2.413199746468e-06 
 7.805615127492e-03  2.977472980774e-01 -1.163745373940e-01 
-1.721764525311e-02  9.478784977733e-09  4.083267889380e-04 
 2.493985466507e-01 -9.584916830144e-02 -1.825980830206e-02 
 1.492245916638e-07  3.032141859655e-03  2.493546365739e-01 
-9.583692918186e-02  1.825876221409e-02 -1.053721953923e-07 
 3.033629357977e-03  2.978545352772e-01 -1.164152361085e-01 
 1.722082163232e-02  1.292876283638e-07  4.121020205259e-04 
 2.000190627156e-08  5.214570400255e-07  6.901726934466e-08 
-3.815332557469e-06  3.261607302693e-01  1.369815231776e-07 
-7.152275456063e-07 -7.804061499014e-02 -1.949401680489e-07 
-1.174333428268e-08  4.386276140273e-02  1.646656776622e-07 
 2.334551546603e-07  1.587026542495e-07  7.271256913074e-09 
 2.647037415806e-07  7.940754494999e-08  8.282726470833e-06 
 8.411648150672e-01  1.738720091013e-06 -1.922370003993e-06 
 2.822200759578e-02  7.832438542823e-08 -8.010436706563e-09 
-1.966049013636e-02 -4.671725593599e-08  4.574493851807e-07 
-1.001198906567e-08 -2.857556352293e-06  3.146484708013e-06 
 1.341689665196e-07  8.069685691347e-03 -1.183317473523e-07 
 8.753175671587e-06  1.312700018378e-06 -1.451354523203e-07 
 2.184782374915e-02 -2.416142971230e-07 -9.103014425173e-06 
-1.152575293720e-06 -1.923474686681e-07  2.184784277834e-02 
 3.543149307945e-07  2.169395366659e-06 -2.624616556036e-06 
-4.136225446126e-08  8.069697564173e-03  7.587531197952e-08 
 6.498358883521e-07 -1.771897028904e-07 -9.601827973257e-06 
-6.681695059747e-01 -4.744317135931e-06  6.139085787024e-05 
 1.410702724614e-01  2.480861783261e-06 -1.939213066363e-05 
 2.517980927090e-07 -3.768103662506e-07  3.560687287324e-06 
 2.697990998878e-02 -1.199196371122e-06  1.756872728632e-07 
 1.017995484042e-05 -2.798337596115e-06  2.344478256936e-01 
-7.608443290553e-06 -6.052597299780e-05 -3.933662424723e-02 
 6.886422776212e-07  1.111341450418e-05 -4.244097560273e-08 
 1.743119224446e-07  1.929457434677e-06  2.530417332332e-02 
-7.555403585551e-07 -5.519760925253e-01  2.082611817939e-01 
 1.605701867743e-02 -1.319290392552e-07 -1.946549683219e-02 
 2.487990857806e-01 -7.228329509369e-02 -6.402437352874e-03 
-7.145631541865e-08 -8.820406249079e-03 -2.488474467284e-01 
 7.230190122924e-02 -6.405980267761e-03 -1.302888104634e-07 
 8.819832934874e-03  5.519192434327e-01 -2.082389862461e-01 
 1.605373546043e-02  1.417846585201e-07  1.946543502247e-02 
-8.391420450514e-08 -3.762038880485e-06 -1.862498956005e-06 
-1.061531342462e-05 -9.282771891523e-01  1.137809372551e-06 
-5.266113372898e-06 -1.275658271393e-01 -8.802698129673e-09 
 2.297642807757e-09  1.745722167494e-02  1.552201834912e-07 
-1.514925030100e-06  1.420559014922e-07  2.499199510512e-08 
 1.005782693432e-06  2.166426895005e-07 -8.674382705551e-06 
 4.141134618340e-01 -1.269143767345e-07 -1.805092471838e-06 
 2.007714575196e-01  3.551388986319e-07  1.380666556082e-09 
 2.182178524779e-02  6.398653301365e-08  8.736499555950e-07 
 4.915748414809e-08  4.044681972775e-06  1.776704313717e-05 
 2.559264872034e-07 -2.402164686782e-02 -6.161889108864e-08 
 3.060598447675e-06  1.397672774671e-05  3.894739187993e-07 
 1.375627476741e-02  1.943746676820e-07 -3.922777201231e-06 
-1.412811869625e-05  3.523783017931e-07  1.375627095325e-02 
-1.874470686413e-07  4.635838894796e-07 -1.833681874479e-05 
 4.596617658142e-07 -2.402165282146e-02  2.038805526703e-07 
 1.512493810492e-02 -1.114660841099e-01 -8.143606215541e-01 
 1.548999386870e-07  7.268686938639e-07  1.899826453569e-01 
 2.657402687126e-07  1.803579393658e-06  2.641322469377e-01 
-8.773898574516e-08 -6.272692591391e-08 -1.006210988086e-02 
 8.994538011288e-09 -1.441833361465e-03  3.200090868225e-02 
-2.457090465150e-01 -9.944342015797e-01  2.049193177203e-07 
 4.502199942578e-07 -1.848000713203e-01  2.040108756284e-07 
 1.126308493907e-07 -2.924081314962e-01  1.017196253505e-07 
-9.545542175355e-09 -3.720642503147e-03 -7.470630484565e-09 
-5.032662833294e-03  3.180377260599e-02  5.532824485508e-01 
 3.031079042719e-03 -5.203932260529e-08  1.100548634226e-02 
 1.497074213783e-01  7.433083095613e-01 -8.207220850803e-03 
 1.008974135434e-07 -7.192465601658e-03  1.497075770327e-01 
 7.433094280252e-01  8.207211763671e-03 -4.644359336168e-08 
-7.192463144324e-03  3.180387893184e-02  5.532833255953e-01 
-3.031081124016e-03  2.444992239892e-08  1.100549076345e-02 
-8.313075716381e-09  1.417219263286e-07  6.172216651598e-07 
 3.289971465383e-01 -1.354195089827e-05 -1.064041212657e-07 
 6.015852271863e-01 -7.489263128441e-06 -2.050101996950e-07 
-8.154269781638e-08  4.374113251725e-07  1.937009492784e-09 
 2.357722310946e-02 -1.090703277675e-09 -1.432682732205e-08 
 1.105089812653e-07  4.653379960546e-07  3.338351206039e-01 
 1.102715013932e-05  1.020139127201e-07  3.087439201630e-01 
 5.580830321622e-06  1.343040516262e-07  9.159282091491e-08 
 4.707362470260e-07  5.236005455986e-09 -2.543282879193e-02 
 4.684379991564e-10 -1.105908374613e-01 -9.541450664010e-01 
 1.311621203568e-03 -4.887666982990e-07 -1.322459204754e-03 
-1.629511255952e-01 -9.082283389073e-01  3.649182808327e-04 
 4.518371166077e-07 -2.538525740541e-03  1.629510068605e-01 
 9.082276544404e-01  3.649039192877e-04  3.545147182611e-07 
 2.538548315208e-03  1.105907799272e-01  9.541441304707e-01 
 1.311619500556e-03 -5.555808713873e-07  1.322445302634e-03 
 3.111944718037e-02 -3.314001958847e-01 -1.475762204760e+00 
 1.396668678547e-07  2.536410137030e-06  1.423668379206e-01 
 2.871962689402e-07  4.273448050325e-06  4.090205049876e-01 
-1.082331942068e-07 -1.092374799163e-07  1.098082021937e-02 
-2.594947811078e-09 -8.799901024314e-03 -1.666459407483e-02 
 1.833975074566e-01  5.700693241952e-01 -2.826666997164e-08 
-8.598202636457e-07  4.041923340764e-02 -7.784369179877e-08 
-1.672144194263e-06  7.752316109127e-02 -2.773303138167e-08 
-1.086806715832e-07 -9.407275645034e-03 -9.742957021388e-09 
 8.616609104879e-03  1.175978644277e-01  1.189354930891e+00 
-7.235535818159e-03  5.842905577367e-08  5.833763413276e-04 
-8.221641911235e-02 -5.267813153003e-01  1.093051749377e-02 
-3.430806265945e-08 -5.848889512164e-03 -8.221639485708e-02 
-5.267814529693e-01 -1.093051697284e-02 -2.493658257363e-09 
-5.848895022114e-03  1.175978749410e-01  1.189355850433e+00 
 7.235530963292e-03  1.374535904750e-07  5.833745737267e-04 
-1.279578211240e-09  6.105132875250e-08  2.058337011713e-07 
 3.712886666747e-01 -4.008885609873e-07 -3.492464612674e-08 
 1.127719929212e+00 -5.846367990402e-07 -1.175507085643e-07 
-8.847956334975e-08 -1.451413988950e-07  3.946897213618e-10 
 5.332828253271e-03 -2.390155695369e-10  1.939919596047e-09 
-5.903477077344e-08 -1.228713300782e-07 -3.072922535907e-01 
 3.644001128578e-07 -4.068810483424e-08 -6.724737631979e-01 
 6.168989048156e-08 -4.141595031819e-08  1.714454625850e-07 
 1.022342382131e-07  2.823116047308e-10 -2.551604788639e-02 
 1.318059090067e-11 -1.839978552127e-02 -1.615450069719e+00 
 7.179132489406e-04  8.320710592514e-08 -5.714502369197e-05 
 1.886286247484e-02  1.064954194013e+00 -1.199185855784e-02 
 1.240797805231e-07 -1.251323163873e-02 -1.886278456294e-02 
-1.064953885522e+00 -1.199184699995e-02 -8.483236821252e-08 
 1.251322880910e-02  1.839973787335e-02  1.615449637271e+00 
 7.179064377459e-04 -1.032085243599e-07  5.713914547499e-05 
 6.564865177817e-02  1.031211703824e-01 -2.173155151320e+00 
-2.059128521943e-08 -6.823399722940e-07 -4.238758711482e-02 
 1.226227036634e-08  2.767630155192e-06 -2.511264702607e+00 
-1.080883356325e-07  1.604173625588e-07 -1.088656734731e-02 
-1.311123125361e-09 -3.878667671143e-02 -5.916406724199e-02 
 9.692608983934e-03  2.024332151031e+00 -6.972977170119e-09 
 7.218783082925e-07 -3.743825651049e-01  5.656377750418e-08 
 2.758886670721e-06 -1.225061835961e+00 -4.667635570809e-08 
-5.213157132576e-08  3.783191246320e-02  3.623089244767e-09 
 1.276037242656e-02 -1.367156249966e-01 -1.916514910892e-01 
-2.310052756942e-02  5.908546186322e-08 -6.904280441711e-03 
 5.907104840102e-03  6.359361271794e-01 -1.098322467835e-03 
-5.532278335310e-08  2.685423009904e-02  5.907077722625e-03 
 6.359362666849e-01  1.098321933508e-03 -4.078395285096e-08 
 2.685422656085e-02 -1.367155841971e-01 -1.916515759596e-01 
 2.310053901828e-02  1.228493644920e-07 -6.904294010332e-03 
-4.220156589601e-08 -1.191214463669e-07  3.664139843271e-07 
 1.149195376549e-01 -3.502585379860e-07 -8.096582958308e-08 
-6.637295344058e-01 -6.073620906844e-08  3.349128455357e-08 
-1.286382538368e-06 -3.168702530416e-08  7.382793696408e-09 
-2.331538916698e-01 -6.745713058030e-08  1.293877578714e-09 
 4.453773924975e-08 -9.743841984928e-08 -1.049863668308e-01 
 8.221168464725e-07  1.015083558338e-07  8.150571040635e-02 
-7.656610673029e-07  6.588862489980e-08 -4.215377972438e-07 
-4.169974245797e-08 -3.601182083868e-09  1.111139771954e-01 
-3.556709732099e-08  9.259895109052e-01 -6.982136538093e-01 
 2.771870891592e-02 -4.029413812004e-07 -6.653528441711e-02 
 8.470430901583e-01 -8.013839377847e-01  2.462869541709e-02 
-2.678226577911e-07  1.035262718605e-01 -8.470437266247e-01 
 8.013844244314e-01  2.462875954459e-02  3.318362737049e-07 
-1.035263039376e-01 -9.259901579430e-01  6.982140742128e-01 
 2.771876094614e-02  4.052444924952e-07  6.653529542256e-02 
-1.263089741121e-01 -2.632027602734e-01  1.218899167555e+00 
-9.453946618681e-08  6.882736919756e-05  6.752576403671e-02 
 2.730060809287e-07 -9.459248266349e-05  8.133051350392e-02 
-3.296644242338e-07  2.630063605694e-06 -1.086503664079e-02 
 7.375845238125e-08 -2.739980957604e-01 -2.784860299647e-02 
-1.608974955973e-01 -1.525074770883e-01  2.975544794192e-08 
 1.066878401147e-05  2.335677657723e-01 -6.009203379846e-08 
 1.358490344219e-06  4.189913663649e-01  7.431314657065e-08 
-2.950766196247e-06  8.304459896897e-03 -3.774554802242e-08 
-6.834111691513e-02 -1.218299500044e+00  9.397222225881e-01 
-1.015857946055e-01  1.439639636884e-06  1.827156509831e-02 
-5.098623751283e-01  2.194412436190e-01 -4.925668137893e-02 
-1.080467938881e-06  1.806794863080e-02 -5.098618577924e-01 
 2.194407258470e-01  4.925667679660e-02 -1.091174004973e-06 
 1.806802956281e-02 -1.218299003276e+00  9.397219467247e-01 
 1.015857941672e-01  1.626984391041e-06  1.827152454696e-02 
 7.233731155844e-06  1.840702781706e-05 -6.082399129410e-05 
 5.018556717469e-07  1.398583480317e+00 -1.699764979404e-06 
-8.976097248661e-06 -1.814022896272e+00 -7.747547114641e-06 
-2.262906598154e-09  6.196471087435e-02  7.043532282291e-07 
 6.355373668404e-07  1.417288297986e-05  1.534081730165e-06 
 8.073747774581e-06  7.058871571726e-06  3.347610271363e-07 
 1.947030997280e-01 -1.224383933342e-05 -6.633736090856e-07 
 2.246098026429e-02 -1.948526762502e-05 -5.066970956743e-10 
-6.556551908298e-02 -4.946716712680e-07  3.474715816359e-08 
 3.552294624901e-06  5.933502892853e-05 -4.074148722748e-05 
 5.218380968780e-06  3.532529283112e-02 -1.242584021451e-06 
 2.837437085696e-05 -1.106515333877e-05  2.621963746690e-06 
-2.444665110527e-02 -7.646020607153e-07  2.643896218233e-05 
-1.387808685043e-05 -2.838739012676e-06 -2.444665710088e-02 
-7.362026979469e-07  5.997830325439e-05 -5.753986853031e-05 
-6.148459474149e-06  3.532528676145e-02 -1.603366783499e-06 
 1.919208376684e-01  8.375206612734e-01 -3.114120582931e-01 
-5.210609727983e-09 -9.201427827330e-07  1.036262092747e+00 
 8.790763961471e-08  1.650175107285e-06 -8.286446819815e-01 
 3.637325512762e-07  5.908610606819e-07 -8.397085045378e-02 
-4.101260458545e-09  7.232075900223e-02  2.534059245183e-02 
 6.532615849245e-02 -1.451893164313e-02 -6.755580018832e-08 
-8.838968002447e-07  8.398411533411e-02  1.253292916371e-08 
-1.655519045318e-06  8.089383016242e-01  1.418795565596e-07 
-2.850940799107e-07  1.188490383732e-01  3.845081309425e-09 
-6.149846218651e-02  3.736960999306e-01 -3.666713353291e-01 
 8.608605856908e-02 -6.746448707810e-08  8.094530669218e-03 
-7.716178835695e-01  5.229474045137e-01 -1.073015507384e-01 
-1.675853101413e-07  1.082060766661e-01 -7.716179506787e-01 
 5.229475079859e-01  1.073015983653e-01 -3.913848175607e-07 
 1.082061049680e-01  3.736962065629e-01 -3.666713444199e-01 
-8.608606567330e-02 -2.558148028764e-07  8.094531237511e-03 
-1.182583312428e-01 -7.762838012141e-01  3.910801989281e-01 
 5.466306746630e-08  3.840295417439e-06 -7.155902255235e-01 
 1.169633878685e-07 -3.190678285343e-06  5.309613211064e-01 
 9.592683385949e-08 -9.968012859072e-08  1.334920309610e-01 
 4.567897912249e-08  2.609263464129e-02  5.259052524034e-02 
 6.389381121273e-01 -5.541550044461e-01 -1.399230198538e-07 
-5.024239548764e-07 -2.329618324739e-02  1.490940859373e-07 
 5.836078135511e-07 -2.774962599618e-01  2.739520856170e-07 
 4.886103827157e-07 -8.826798532816e-02 -1.174825776460e-09 
-1.632042547757e-01  3.676500076437e-01 -3.699151538788e-01 
 6.560416355205e-03  3.128601813102e-07 -3.163485705608e-02 
-1.130044433223e+00  1.143035939436e+00 -1.521818149367e-01 
 1.891338250988e-07 -9.496685300620e-02 -1.130044475082e+00 
 1.143036213535e+00  1.521818733827e-01 -8.869349710426e-08 
-9.496687972903e-02  3.676504947609e-01 -3.699155367636e-01 
-6.560432819947e-03  3.315949726754e-07 -3.163491159533e-02 
 4.353824890376e-08  1.887597067879e-07 -3.910595808436e-07 
-1.309667640627e+00  4.965898715329e-06 -6.020589842589e-08 
 3.313127385094e+00 -6.861698226772e-07  1.147540431898e-07 
-1.321370796613e-07  2.890903373864e-07  2.672354154887e-09 
-2.448397422382e-01  5.473127465454e-09  5.739850260541e-09 
 3.565414242005e-08 -1.386370308947e-08 -1.163926385225e-01 
 5.085496280982e-07 -7.126674449541e-09 -1.811566665750e-01 
-3.278429321406e-06 -3.559030895298e-08  3.152258328079e-07 
-4.405430776510e-07 -1.816530919117e-09  5.112749345814e-02 
 2.794405747881e-09 -1.461472185654e-02 -1.774594792683e+00 
 1.833353638181e-01  2.258824234035e-07 -9.716638535342e-02 
 1.331401901441e-01 -3.930490819640e-01  3.566519150055e-02 
 1.585892718165e-07 -2.052397917857e-02 -1.331401862668e-01 
 3.930490752757e-01  3.566519687284e-02 -6.187607311511e-07 
 2.052398681497e-02  1.461478261036e-02  1.774594944815e+00 
 1.833353922880e-01  5.237739915750e-07  9.716640037113e-02 
-1.101963313402e-08 -1.072022554401e-08  2.148888192948e-07 
 2.385882771210e-01 -3.537200353259e-06  9.058888877185e-08 
-5.398052542631e-02  1.438615408517e-05 -2.911724373016e-09 
 4.238769640276e-06  3.414091655164e-06 -2.073291840509e-08 
 7.071406879766e-03 -1.512663855184e-08 -1.413454543038e-09 
-8.278707289316e-08 -5.851280896950e-08 -1.046644571700e+00 
 2.715791756180e-05  1.573024278566e-08  1.586202479139e+00 
-4.052368023731e-05  6.588557489942e-08 -1.055420398120e-07 
-8.639088794063e-07  8.705394351410e-09  1.666433875750e-01 
 3.639530993634e-08 -7.183369489053e-01  7.207466923684e-01 
-6.897977496920e-03  1.824826025512e-06  1.080557116365e-01 
 4.583593063710e-01 -1.339296421400e+00  2.139555900136e-01 
-7.839470676080e-07  1.778612668912e-01 -4.583588608911e-01 
 1.339295996843e+00  2.139555489834e-01 -1.534831259786e-07 
-1.778612677854e-01  7.183367586877e-01 -7.207465850179e-01 
-6.897974535839e-03 -1.152662673210e-06 -1.080557143814e-01 
 5.100377385321e-06  2.305582779587e-05 -3.657433956939e-05 
 3.003468272331e-06  2.483953611478e-01 -3.406206706523e-06 
 2.235742471262e-06 -7.212309913653e-01  8.578142736004e-06 
-3.575001013324e-09 -1.727498643665e-01  5.396161662865e-07 
-5.813448571361e-07 -1.377827549184e-06  4.204419159287e-07 
 1.794992195330e-06 -2.775351344852e-06 -2.300000216006e-05 
-1.404555543006e+00 -3.853372752701e-06  3.087378731399e-05 
 1.972645484021e+00  5.333326624507e-06 -3.148542995864e-09 
 3.329795700240e-02  3.772533066879e-07  3.451257718207e-06 
 1.099319883494e-07 -1.360625689811e-05  2.142040417120e-05 
-1.455233615216e-06 -1.574072370011e-02  2.229852611239e-06 
 9.832758332069e-06 -2.608930770328e-05  3.998369516700e-06 
 6.564983268806e-03  3.947591904521e-06 -9.348280007116e-06 
 2.533196348737e-05  4.486556002750e-06  6.565037842195e-03 
-3.374817360586e-06  1.453702984102e-05 -4.239428983525e-06 
 1.825188287284e-06 -1.574073070863e-02 -1.943919331406e-06 
 7.021390530816e-01  3.205923001339e+00 -5.982493117817e+00 
 9.258225879927e-08 -2.447790706541e-06 -5.028079444271e-01 
-2.238726028053e-07  1.150943506183e-05  7.508124693702e-01 
 1.845526547083e-07 -1.487797371617e-07  3.743588811767e-02 
 2.892686397819e-08 -1.061085375956e-01  6.613609627256e-02 
 3.580494773119e-01  3.631960187419e-02 -2.317666100386e-08 
 9.537545866078e-06  2.044197533731e-01  4.837095386131e-08 
-1.306686958667e-05 -7.305798230922e-01  1.797394064875e-07 
-3.459315804875e-07  6.830747930909e-02 -3.680401893765e-09 
-3.673519907593e-03  4.477240457336e-02  1.240076191544e+00 
-1.858181775447e-01  1.651403408773e-06  1.207125258510e-01 
-2.901908036961e-02  2.179488183666e-01 -8.095161783082e-02 
 2.685357302985e-07  3.363515489276e-02 -2.901907594901e-02 
 2.179488115248e-01  8.095163165008e-02 -2.720762054293e-07 
 3.363514815127e-02  4.477243864840e-02  1.240075913084e+00 
 1.858181570877e-01  1.713252430942e-06  1.207125122345e-01 
 1.225337987946e-01  3.552034956384e-01  1.221597423462e+00 
 1.993313835150e-08 -1.749534603840e-06 -3.308657739093e-01 
-8.571210705575e-08  3.076503061936e-06  2.036073060203e+00 
 8.668313224316e-07 -9.065140057738e-09  3.808077905479e-01 
 2.767330003354e-09 -9.032948746683e-02 -5.201833391901e-02 
-2.823427836744e-01 -5.632610491063e-01 -1.462731607947e-08 
 4.989330282106e-06 -1.158653015977e+00  3.901324437784e-08 
-1.079790360648e-05  2.950145171285e+00  1.347368048199e-07 
-4.672404989533e-08 -9.682159511884e-02  9.451861639808e-09 
 3.220049796202e-02  2.885769237546e-02  4.643852581260e-01 
-4.795685073553e-02  6.072164929112e-07 -5.526551944687e-02 
-2.281601409315e-01 -7.603419894107e-01  1.522806863608e-01 
-5.659054428870e-07  1.080750655163e-01 -2.281601766524e-01 
-7.603419219500e-01 -1.522806700641e-01 -6.713196374502e-07 
 1.080750974151e-01  2.885762801997e-02  4.643852083711e-01 
 4.795684575018e-02 -9.682162948262e-08 -5.526552658106e-02 
 6.615041720542e-07  2.660726105453e-06  1.180481155039e-07 
-3.197989314059e-06 -8.884095918080e-09 -4.209688231518e-07 
-1.572948006322e-05 -2.788401241347e-08  4.515490109669e-06 
-6.393128236497e-01 -5.232781564052e-08  7.586654822877e-07 
 4.655732474487e-07  6.303462890663e-07  3.179521117449e-07 
 1.264892898604e-06 -4.376732716114e-06 -1.356797571822e-05 
 2.715060089596e-08 -1.750816603615e-06  4.017684912629e-05 
-4.488170682935e-08  5.481177246580e-06 -1.387288704297e-01 
 1.648781721042e-08 -5.371812864521e-09 -2.767143892445e-07 
-1.021865765229e-07  7.204294657769e-06  1.797485751718e-06 
 1.562076150287e-06 -2.993292234328e-01  2.079471007459e-06 
-1.529764068304e-05 -3.838522830877e-06  3.266617104939e-06 
-1.346958109196e-01  6.173075166142e-08  1.442043885613e-05 
 1.756217989836e-06  3.527537997293e-06  1.346958770932e-01 
 5.860000017707e-08 -6.698709224516e-06  7.155356560842e-07 
 1.351572469947e-06  2.993293063823e-01 -2.142350966662e-06 
 1.477795125788e-06  6.295738093741e-06 -1.636705377038e-05 
 3.940030213153e-07 -1.283899331939e-01  6.966306544641e-07 
 1.046087688795e-05  3.029697528373e-01  2.538855421627e-06 
-1.130275555934e-07  6.878861122755e-01  1.117909630516e-06 
 6.251894371877e-07 -3.408550490506e-06  7.053263666328e-07 
 2.668263730074e-06 -4.464288267676e-06  3.185716964849e-06 
-3.556658273420e-01  2.330801504646e-06 -1.402614985680e-05 
 2.159642300650e-01 -7.165285484110e-06  6.216263707656e-08 
-2.141662486249e-01 -2.653506991624e-07  2.224382846279e-07 
-1.033860719308e-06  3.704240052524e-07 -1.586505058503e-06 
-1.848305585401e-06 -2.229919348977e-01 -1.314432640868e-06 
 9.469905923459e-06 -6.652361679677e-07 -2.090329508790e-06 
-2.367144850719e-01  3.630401863902e-07 -4.181898289741e-06 
 1.625816441706e-06 -8.073939796694e-07 -2.367148158512e-01 
-7.669200000083e-07  8.700642058308e-06  2.278752242943e-06 
 2.159163342273e-06 -2.229917829534e-01 -2.726616779155e-06 
-2.935016903966e-07 -1.032842193230e-06  2.402670987117e-06 
 1.915659882071e-07  3.064046708408e-08  1.047697788334e-07 
-4.277031652053e-05 -1.586616860448e-07 -1.132032204627e-06 
-1.019380725317e-01 -2.531417312935e-07 -7.655751217904e-08 
-1.415917432413e-06  9.474817502564e-07 -4.418228796714e-07 
-1.975837467514e-06  3.327785142463e-06 -1.249740777628e-05 
 7.656954160845e-08 -1.900272840155e-07  5.271332686811e-05 
 9.916820966977e-08  5.437905705001e-07  2.826192104518e-01 
 6.915599854936e-08 -4.365457895200e-08 -1.013731875225e-06 
 5.841346735498e-07  1.599751515235e-05  6.957571572794e-06 
-3.527978177402e-07 -1.906901222806e-01 -1.727114375630e-06 
-2.569740868329e-05  4.322429279006e-06  5.317703265842e-06 
 5.567343409649e-01 -5.692635951313e-07  2.386743679196e-05 
-4.145792655666e-06  3.996558331371e-06 -5.567343547914e-01 
 4.107831244808e-07 -1.826180062189e-05 -7.132064595493e-06 
-7.142887785339e-07  1.906903167431e-01  1.788063515413e-06 
-5.655269901919e-08 -2.488078918631e-07  7.615825143625e-07 
 3.739931924892e-02  3.581050154951e-07 -1.307006772032e-09 
-2.054095584548e+00  1.151931806404e-07  2.305091113129e-07 
 8.386562321914e-06  3.498995628442e-06  8.846969906238e-08 
-1.715436003315e-01 -2.766331968972e-09  1.726174309546e-07 
 7.349089385472e-07 -1.517711236240e-06 -5.833826594693e-01 
-2.481854225381e-06 -5.140077509868e-08  2.544834528555e+00 
 5.283731300000e-07  6.646017475020e-08 -3.037422794139e-06 
-1.118485043519e-06  5.971938859982e-09 -1.107119895128e-01 
 1.519795517582e-08  7.585430305269e-01  3.526131805772e-01 
-6.339052601989e-02  5.699288548443e-06 -2.097587542205e-01 
-1.222955681039e+00  2.385452664366e-01  2.653476351574e-01 
-1.000609728264e-05 -1.805103452708e-01  1.222956148554e+00 
-2.385452982926e-01  2.653478175067e-01  6.784575146008e-06 
 1.805103707480e-01 -7.585431482180e-01 -3.526132399449e-01 
-6.339057192601e-02 -8.291037658031e-06  2.097588007757e-01 
-1.271366582985e-01 -5.335535205989e-01  3.339663044935e+00 
-2.341601716338e-08 -1.291296927259e-07  3.017240354511e-01 
 4.083924700427e-07 -2.510096722457e-06  1.427133777069e+00 
-6.054754632100e-08 -2.150903443112e-06  4.606888865313e-01 
 3.585725981749e-08 -1.181109976058e-01  7.637250370002e-01 
 3.171537364351e+00 -6.971377712105e+00  1.508520934248e-07 
 1.202407444431e-06 -1.059325149476e-01 -5.490990979585e-07 
-2.941031311082e-06  1.015510764347e+00 -3.194454082456e-09 
 1.492801201823e-07  7.116919869694e-02  2.159102377371e-08 
 8.634885521507e-02 -1.196091865508e-01 -6.606803646634e-02 
 5.097736627146e-02 -1.330120307635e-06 -2.012633951343e-02 
 8.554992782010e-01 -2.012484151148e-01 -2.444965167846e-01 
 2.152627619760e-06 -7.122139540658e-02  8.554987989809e-01 
-2.012483592141e-01  2.444963893569e-01  7.408344541623e-07 
-7.122148690818e-02 -1.196089279242e-01 -6.606787008479e-02 
-5.097731195449e-02 -1.932811631201e-06 -2.012646813082e-02 
-1.525834783236e-08 -4.885309874475e-08  1.925849481562e-07 
 4.023418184649e-02  1.384170302031e-07  8.921937904308e-08 
-2.012062277926e+00 -1.451258123926e-06  4.186057794973e-08 
 4.111248319648e-06  7.696764372134e-07  3.643748319807e-08 
 3.130640927516e-01  9.764444072193e-08 -4.065485511426e-08 
-1.948286931800e-07  9.521301037994e-08 -1.743377129703e-01 
-4.515007140763e-07  3.506011152387e-08  1.207833620527e+00 
 1.913607520837e-07  9.338083529170e-08  3.777922943958e-07 
-1.291524078655e-07  8.245259674985e-09 -8.179781830736e-02 
 1.421891633208e-08  1.235553565797e+00  8.523140359067e-03 
 4.510579670396e-01  6.177534310970e-06  3.659421828278e-01 
-5.446627733223e-01  1.925464959932e-01  2.872452065898e-02 
-1.376655439355e-06  1.108727306928e-01  5.446626743178e-01 
-1.925465018486e-01  2.872453232952e-02  1.050775816805e-06 
-1.108727904193e-01 -1.235553659347e+00 -8.523090053629e-03 
 4.510580390612e-01 -5.888545776345e-06 -3.659422587400e-01 
-2.204390963724e-01 -8.517486855937e-01  2.224674008281e+00 
 2.341803087277e-08 -2.682062824740e-06 -2.966925980784e-02 
 2.321384562960e-07 -5.964648788249e-06 -3.660057471842e-01 
 1.198600660543e-06  4.096114752847e-06  1.326774836287e-01 
 3.366189762936e-08  8.137542964413e-01 -2.467588484770e-02 
-8.139505026781e-02 -1.070228163592e-01  4.866853433059e-08 
-3.670973259425e-06 -3.016381610097e-01 -2.080219183055e-07 
 7.744641681737e-06  8.501595867342e-01 -1.416776887148e-07 
-3.620453353937e-06 -2.344291236002e-03 -4.004018486301e-09 
 2.095449024651e-01 -1.164172615466e+00  4.070154671914e-01 
 1.611347238401e-02  2.084776280892e-06  3.332564396474e-01 
-2.966884354680e-01  5.565221722372e-02 -5.248320352474e-02 
-4.799749592676e-06 -8.561759305912e-02 -2.966886312982e-01 
 5.565228601736e-02  5.248319463967e-02 -3.447871771053e-06 
-8.561763099237e-02 -1.164172416775e+00  4.070155619437e-01 
-1.611351511390e-02  1.551127909501e-06  3.332565288134e-01 
 6.726013238846e-03 -1.913262766191e-01 -1.367721874355e+00 
 4.177998219841e-08  2.316663347826e-05 -7.086384835703e-01 
-9.400415036656e-08  2.077862138220e-05 -9.376989062037e-01 
-3.785644257314e-08 -3.945510552613e-06 -6.196330592456e-01 
 5.363557674882e-08 -3.804226141996e-01  2.282629110389e-01 
 1.182259051371e+00  4.987213996788e-01  8.937746941802e-10 
 5.989738133721e-06 -6.507463160438e-01 -1.216765375303e-07 
-3.415632761162e-05 -6.320027494456e-01  2.596863769288e-07 
 7.777468652257e-06 -7.636612459242e-02  6.636601704662e-09 
-1.156389891810e-01  1.519393083352e-01 -1.642157339454e-01 
 2.132220783427e-01 -3.911511328986e-05  4.508735552567e-01 
 1.699388586325e-01  1.141076234032e-01  1.048870499734e-02 
 2.138184865545e-05  2.823583700859e-01  1.699386661978e-01 
 1.141076448996e-01 -1.048868944408e-02  2.121835018663e-05 
 2.823584317700e-01  1.519391417896e-01 -1.642156864771e-01 
-2.132219594599e-01 -3.830511376844e-05  4.508734442423e-01 
-2.226940074387e-06 -2.050694281382e-05 -5.931850398652e-05 
-1.101001851149e-06 -3.707116046243e-01 -3.715664131160e-05 
-5.429753216125e-06 -4.090551677454e-01 -4.527385210671e-05 
 6.381566039675e-08 -3.828347880260e-02 -3.250253810587e-05 
 9.519823795202e-07 -2.589108513936e-05  1.501508177646e-05 
 7.427935409141e-05  3.622218690903e-06 -4.109877953782e-06 
-5.117654891266e-02 -2.937491300455e-05  1.958812947166e-05 
 7.973654508156e-01 -4.428977982198e-05 -4.223868394886e-08 
-1.570186365748e-01 -4.178354341417e-06 -1.478185997397e-06 
-9.531219363299e-06  1.376837788153e-05 -1.239181449119e-05 
 1.149157683099e-05  6.123376223093e-01  1.749484495416e-05 
 8.530289517618e-06  4.578059576435e-06 -5.301061660936e-06 
-5.356773614302e-01  2.450501251420e-05  2.810954435415e-05 
 1.268273676878e-06 -4.637201723757e-06 -5.356772737824e-01 
 1.176783705463e-05  7.118592769265e-06 -1.147070215921e-05 
-1.406808324500e-05  6.123376533601e-01  2.409133126913e-05 
 6.597393296921e-08  2.575097595114e-07 -5.305743259066e-08 
-1.683958950403e-01  4.707535050793e-06  5.987266907304e-08 
-5.109659016447e-01  4.274525262998e-06 -1.031514678633e-08 
 4.910448881117e-06  3.948223828203e-07 -4.551838920443e-08 
-1.356416590760e-03 -8.800087248208e-08  4.072818451279e-08 
 1.771787641986e-07 -1.945941042831e-07 -4.315705294724e-01 
 6.193436971567e-07 -1.019725693821e-07  1.922991541924e+00 
-9.933390193351e-06  3.935504369515e-07  1.506540919532e-06 
 1.559776608048e-06 -4.432107049660e-09 -9.855312181960e-02 
-1.917505189524e-08  2.226372363485e-01  3.891536901240e-02 
-6.881496548690e-02 -9.882979164607e-06 -2.493628777803e-01 
-1.029748278532e+00  2.197447149887e-01 -4.323411734247e-01 
 2.546000744399e-06  5.674755726541e-01  1.029748053507e+00 
-2.197446668978e-01 -4.323412854489e-01  9.304290208934e-06 
-5.674757725228e-01 -2.226371485616e-01 -3.891541409669e-02 
-6.881503895218e-02 -4.592240097562e-06  2.493629681925e-01 
-5.579080731958e-06 -2.578630450363e-05 -4.052033431711e-06 
-7.014606596544e-08 -1.850588950792e-01 -1.236027868667e-05 
-4.362565683990e-06  1.073576903026e-01 -8.970901218572e-06 
 4.255228304033e-07  7.600910882559e-01 -5.954184258958e-06 
-3.008479166526e-06 -2.223784556095e-06  3.780273812550e-06 
 1.904882571991e-05  2.787529534013e-06 -2.208339365138e-06 
-3.074863250139e-01 -3.422701939996e-06  7.480085742454e-06 
-4.183660668181e-01 -3.074042488651e-05  1.843512475906e-07 
-7.764653558531e-02 -3.287264000006e-07  6.890716610558e-07 
-4.273311877704e-06 -2.492625095910e-06  2.922883641596e-06 
 6.766485938666e-07  5.089633483899e-01  4.608698447823e-06 
 4.928416430440e-06  6.836256904635e-07 -2.185264243509e-06 
 5.732051285082e-01  1.327728618193e-05  1.473692120242e-05 
-3.003086628451e-06  6.855322648472e-07  5.732053454906e-01 
 1.370038544561e-05 -1.789576929279e-06 -2.086571389170e-06 
-1.451118420802e-06  5.089640325808e-01  1.933138641195e-06 
-6.292424553042e-08 -2.448901537710e-07  1.552240293741e-07 
-1.336163669584e-01  4.745359818419e-07 -6.732163634304e-08 
-1.267196003082e+00 -1.257703110756e-06 -3.345734077301e-09 
-3.322779811262e-05 -2.348880434511e-06  4.891770072992e-08 
-7.693279897816e-01  1.138967699213e-07  2.913744294140e-09 
 3.494074578961e-08  6.753862446261e-08 -4.143426435042e-01 
 1.422629580084e-06  1.280224123514e-07  1.766576466705e+00 
 1.140959954746e-06 -2.784404173357e-07 -1.146252410288e-05 
 2.588704894098e-07  4.156877311647e-10  2.255380795664e-01 
-3.383803408487e-08 -1.326595366951e-01  8.252383287012e-01 
 2.384715265243e-02  2.866648319559e-05  4.707059103961e-01 
-1.071248259145e+00  4.536334906901e-01 -2.952840493880e-01 
 7.751994613855e-06 -1.301183678792e-01  1.071248292806e+00 
-4.536334956529e-01 -2.952840629849e-01 -1.332217835868e-05 
 1.301186090518e-01  1.326593331736e-01 -8.252382310906e-01 
 2.384719379013e-02 -3.066387686089e-05 -4.707058997148e-01 
-4.779529620132e-06 -1.940865144942e-05  6.272756162350e-06 
-2.355362685493e-06  9.959094053493e-08 -3.428276238285e-06 
-6.002799571031e-05 -3.438616251432e-08  9.729187401936e-07 
 8.954514773125e-01 -3.522458024661e-07  4.330689856964e-06 
-2.924568229038e-05  2.401393188889e-06 -4.227827714338e-07 
-1.081036498422e-06  3.534718399102e-06 -1.567026405741e-05 
 1.472920751020e-07  8.696947532490e-06  6.703635145755e-05 
 1.679888732302e-07 -2.520309876146e-05  3.019146516469e-01 
 2.811611441572e-08  6.879019504272e-07  1.094333149305e-05 
-2.526132788393e-06  3.706750588615e-06  3.008639699231e-05 
-3.052054197128e-07 -7.269106234980e-01  2.133437745676e-05 
-3.267024671257e-05  1.641309682966e-05 -1.151079612049e-05 
-2.731904642581e-01 -5.664861748667e-07  4.883030152827e-05 
-2.188195234559e-05 -8.549477067250e-06  2.731899534688e-01 
 1.774122998561e-05 -5.908693647595e-06 -2.851020775221e-05 
 2.732615123391e-06  7.269100821613e-01 -2.267828290351e-05 
-3.721039597174e-01 -1.525981251220e+00  2.134427491881e-01 
 6.187443068045e-08  6.567214651139e-06 -3.655407076739e-01 
 2.114381721102e-07  1.980098751804e-07 -2.787502019958e-02 
-1.146323474010e-05 -1.114391658069e-05  2.641414228813e-01 
 1.559949075400e-07  2.751869354700e-01 -6.691935613583e-02 
-2.101957179393e-01  7.143201613019e-01 -5.829725115507e-08 
 2.624672607606e-06  6.102552385625e-01 -1.213200722660e-07 
 4.894684143506e-06 -2.071305945575e+00 -3.613140174073e-06 
 2.570422856262e-06  5.840561630698e-02 -4.055499783825e-08 
-1.990901369252e-01 -4.588661717743e-02  4.643674518072e-02 
-1.601339358830e-01 -9.880685221701e-07 -3.401893938853e-02 
 5.466513227215e-01 -1.557951188573e-01 -1.123182352272e-01 
-1.708055809397e-06  7.100522836732e-01  5.466510297502e-01 
-1.557949830439e-01  1.123181295567e-01 -8.900044878587e-06 
 7.100521169818e-01 -4.588664602204e-02  4.643707551721e-02 
 1.601339393434e-01 -1.952175149327e-05 -3.401866574705e-02 
 1.635198645092e-02  1.433810758096e-01  1.625925715522e+00 
 2.951869363390e-07 -1.658484524954e-07  8.800476714838e-01 
 2.918426139534e-08 -1.134244312040e-06  3.236208890203e-01 
-8.830487751132e-07 -9.415168006046e-07  7.222893613430e-01 
 7.109778974442e-08 -7.721344746571e-02  2.760039927358e-01 
 1.154407278090e+00 -2.153940378992e+00 -2.782524650460e-07 
-2.901859227107e-06  8.220246877322e-01 -1.881293733032e-07 
-2.152827685303e-06  1.154597607526e+00  1.143089150189e-07 
-9.070020418300e-07 -1.099416207192e-01  2.287411996367e-08 
-4.803546309636e-01  8.953682274184e-02 -3.763052323564e-02 
-1.437090853402e-02  6.278946203751e-07  3.539108417609e-01 
-1.676464405021e-01 -2.749998725944e-01  6.531351033003e-01 
 1.401345959484e-06 -2.115065464021e-01 -1.676469930191e-01 
-2.749998528112e-01 -6.531352929546e-01  1.732917539299e-06 
-2.115062020181e-01  8.953700464384e-02 -3.763035013542e-02 
 1.437111301448e-02 -2.541782706568e-07  3.539110455815e-01 
-3.809192405752e-08 -2.582388157257e-07 -2.372883175055e-07 
 1.270975909990e+00  4.022840727567e-07  9.826968385944e-09 
 9.725025114872e-04  1.558956147302e-07  7.290502787920e-08 
-2.478022116960e-06 -1.127755042478e-06 -3.953208117959e-07 
 1.207864373114e-01 -5.957156411471e-09  5.572132940559e-08 
 2.510307962471e-07 -3.782592720985e-08 -1.056440936145e+00 
 9.892147884495e-07 -3.145393683681e-07 -3.347764194926e-01 
 5.106398291532e-07  1.068275469381e-07 -7.452764580799e-06 
-8.394760725509e-07  2.115894748466e-08  1.591361225585e-01 
 1.678127110863e-07 -5.258614988450e-01 -2.336002217452e-01 
 4.530558739247e-01 -2.214204923225e-06 -4.473858726976e-01 
 7.292518437697e-01  7.362881971032e-02 -4.954389919117e-01 
 5.994239819087e-06 -5.257630224460e-01 -7.292520472405e-01 
-7.362866803402e-02 -4.954388416773e-01 -4.643656034526e-06 
 5.257630698508e-01  5.258617717869e-01  2.336003222782e-01 
 4.530563241356e-01  2.479798258667e-06  4.473855904696e-01 
-2.115012438694e-01 -1.176974687531e+00  5.460703539360e-01 
-2.542161039724e-07  1.217047436818e-05  8.100333504176e-01 
 4.543993475867e-09 -2.192216953031e-06  4.404227596947e-01 
-1.242421355231e-07  1.053619934065e-05 -7.675125227611e-01 
-9.868381584633e-08 -6.529504226852e-02  4.170545022579e-01 
 1.761183991232e+00 -2.087876127036e+00  3.117487959208e-07 
 1.818946912153e-06 -5.364283628883e-01  9.551840688309e-08 
-4.188970945252e-06  9.998397925328e-01 -1.308453121536e-07 
 2.369674323997e-05 -3.177790155834e-02 -4.851597816537e-08 
-6.846123057331e-02  6.331017978075e-01  1.326764879194e-01 
-9.066946520685e-01  3.395398259826e-06 -1.326407090471e-01 
-4.136940214590e-02 -1.230242650462e-01  1.427936507783e-01 
-7.132850104206e-06 -3.103974270608e-02 -4.136896699574e-02 
-1.230242232914e-01 -1.427933628087e-01 -7.076128442428e-06 
-3.104004049974e-02  6.331017106739e-01  1.326763098410e-01 
 9.066944702208e-01  4.948979495408e-06 -1.326408989855e-01 
 5.312611813840e-06  2.906396145331e-05 -1.683231394403e-06 
 3.984600062013e-06  3.070928127336e-01 -2.113663063574e-05 
 1.449228140923e-07 -1.568452825135e-02 -8.025541107461e-06 
 5.641752404644e-07  7.703200603624e-01  1.464870997556e-05 
-1.843468165940e-06  6.212129855268e-06 -5.250846090313e-06 
-2.132380187647e-05  3.160463570503e-05  8.672104120366e-07 
-6.070189829850e-02  1.057277857150e-05  5.533274214783e-07 
-1.216313549147e-01 -1.455499587351e-05 -1.117448567937e-06 
 1.176010448147e+00  4.979092364307e-06  8.926134744654e-07 
 4.119403467990e-06 -2.697076567952e-05  1.207805934197e-06 
 2.425137777592e-05  1.299296924734e-01  2.366774959512e-07 
-3.672790364364e-06  2.988246298838e-06  5.178146950793e-07 
-2.985939530348e-01  1.283004464812e-06 -1.681108413505e-06 
 2.859028350553e-06 -5.726256699447e-07 -2.985950107445e-01 
 2.850714778942e-07 -2.016891426953e-05  5.080339397005e-07 
-2.081326081582e-05  1.299303272917e-01  2.952459106070e-06 
 1.150945835580e-06  5.341044497005e-06  2.831798947024e-06 
-1.793692806306e-07  3.114750251644e-07 -2.193748794946e-06 
 1.150940400041e-05 -2.391958755845e-08  2.761396954995e-06 
-5.360029496925e-01  7.872198085935e-07 -2.136203718648e-06 
 9.482139159602e-06  2.990227815760e-06  1.987316614426e-06 
 8.859116700678e-06 -7.125377934215e-06 -1.131158186078e-05 
-4.805148595852e-08  6.251141681085e-07 -1.383014186944e-05 
-1.090386811347e-07  3.774410232005e-06  1.075533047357e+00 
 1.217303203970e-06 -1.320812070140e-07  3.244760282725e-06 
 2.498035834870e-06 -3.750062704759e-06 -3.871825701430e-06 
-4.154000693194e-07  3.010481859919e-01 -5.295720993908e-06 
 1.270333936708e-05 -1.710794055284e-06 -3.414096558586e-06 
-5.171780506644e-01 -6.284540159266e-06 -1.856286578108e-05 
 2.449481536520e-06 -7.077402247201e-06  5.171773747343e-01 
 7.863430341941e-06 -4.683493815918e-06  7.053651960844e-06 
-2.876312874126e-06 -3.010479050150e-01  5.998240339599e-07 
-2.561306025903e-01 -1.225865928130e+00 -9.369354945167e-01 
 1.655729741312e-06  7.571541156246e-06  9.981581473866e-01 
-4.358249664068e-07 -5.028008036246e-07 -6.813765842660e-01 
-3.340107419487e-06  1.107335080256e-06  7.035841888849e-01 
-1.274933713051e-06 -8.925134519758e-01 -4.708528471741e-01 
-2.158670388499e+00  1.013250027332e+00  8.985323273495e-07 
 4.512939592637e-07 -1.577957607305e-01  7.394304424218e-07 
 1.288369640257e-06 -9.079544486430e-01  4.600858486028e-06 
 6.725654117036e-06 -1.667644143541e-01  2.592339362161e-07 
-4.214056964510e-01  1.524448439621e+00 -5.546039027710e-01 
-4.822567031423e-01  5.267179196950e-06  7.125307453780e-01 
 1.209866379997e+00 -2.996966716680e-01 -7.159872015140e-01 
-1.132123116028e-06 -2.786217753790e-01  1.209868861928e+00 
-2.996970714502e-01  7.159879879073e-01  7.127492751836e-07 
-2.786225436974e-01  1.524451926070e+00 -5.546051483158e-01 
 4.822584190415e-01  4.114942500309e-06  7.125313992933e-01 
 2.427896334223e-07  1.171164841088e-06  8.898379408162e-07 
 1.754360909341e+00  9.889281944849e-07 -9.683716087681e-07 
-4.492109433383e-01 -4.789554948831e-08  6.280720676799e-07 
-9.650378459921e-06 -2.248033171639e-06 -6.214475048516e-07 
-1.396359496239e+00  8.394291803033e-07  4.267518972163e-07 
 1.955580554568e-06 -9.228155702575e-07  9.898926290051e-01 
-3.399189645277e-07  1.544539917769e-07  7.794409902784e-01 
-7.543523881402e-07  8.144564542412e-07  5.556567686513e-06 
-2.673984013373e-06  1.720610845161e-07  2.234088343078e-01 
 3.528531918730e-07 -1.889859727169e+00  6.824140558909e-01 
 9.200539705405e-01 -1.940087068618e-06 -3.463790315870e-01 
-1.308696250005e+00  1.891405521917e-01  4.361263680176e-01 
-4.099357053123e-06  4.288655409215e-01  1.308694076073e+00 
-1.891400187849e-01  4.361250485046e-01  4.057993215899e-06 
-4.288650429846e-01  1.889856817564e+00 -6.824130248101e-01 
 9.200530000493e-01  3.099919381983e-06  3.463777203428e-01 
-4.194877597768e-01 -1.975112909829e+00 -6.068860201988e-01 
-1.428792658659e-08  4.143056607157e-06 -1.210031537832e+00 
 5.178777740128e-09 -2.904105227083e-07 -3.107841595114e-01 
-5.947456892556e-07  8.231267323518e-07 -4.744620438219e-01 
-1.609589155321e-08 -2.770170942987e-01 -2.259089329816e-01 
-7.101821473065e-01  2.936505429538e+00 -2.534552211514e-08 
 4.953806635423e-07 -3.616265522658e-01 -9.997030864925e-09 
 1.958206773492e-06 -9.741382046754e-01  7.204109131735e-07 
-4.575349655634e-06  1.388385781441e+00 -3.260038579189e-08 
-4.257308464767e-02  4.902078532226e-01 -2.497306080815e-01 
-1.562549503037e-01  1.373832244743e-06  1.704890841422e-01 
-1.904711629644e-01  1.770414235950e-01  2.125837952122e-01 
-1.633378435871e-07 -2.523664142571e-01 -1.904712449650e-01 
 1.770414501170e-01 -2.125838219390e-01  7.939986069495e-07 
-2.523663825083e-01  4.902078548152e-01 -2.497306163094e-01 
 1.562549465555e-01  1.495967379306e-06  1.704890630388e-01 
-1.518779623615e-01 -8.458724779180e-01 -1.558094122640e+00 
 2.216518317959e-08  4.882711578759e-06  4.748698256046e-01 
 6.161020932684e-09  1.312115171515e-06 -4.600542291346e-01 
-9.855605849477e-07 -8.116420242248e-07  4.268618406518e-01 
-1.135109389432e-07 -9.059013066162e-01 -1.915751066595e-01 
-4.489810320130e-01  3.277390692286e+00 -1.812228413276e-09 
-2.712493455788e-06  9.874607477603e-01  1.270000640656e-08 
 2.233201377800e-07 -5.457932796063e-01 -1.658785892880e-06 
-1.381034389772e-06 -2.130064987778e-01 -1.086900906504e-07 
 1.216723955658e+00  1.392059462743e+00 -3.839681983765e-01 
-3.608956288901e-01  3.430553010663e-06  5.328802151654e-01 
-1.966060599643e+00  7.687566787325e-01  6.078955727911e-01 
-2.867388447573e-06  5.953467289773e-01 -1.966060717552e+00 
 7.687567633339e-01 -6.078956215356e-01 -9.724467470158e-07 
 5.953467074921e-01  1.392059650784e+00 -3.839682904633e-01 
 3.608956997457e-01  4.648653640720e-06  5.328801925360e-01 
-1.360558404967e-08 -7.450368122828e-08 -8.189422508874e-08 
-3.987061247769e-01 -7.147980726483e-07 -5.106405307016e-09 
-6.203946403990e-01 -3.349418164388e-08 -1.877828480473e-08 
 2.101210840307e-06  5.085804734924e-07 -1.091471715614e-09 
 1.255433664355e+00 -4.314908743054e-08  5.303736831757e-10 
 3.763428102678e-08  2.108223817005e-07  7.578099531729e-01 
-1.181079732216e-06  6.411809040287e-08  6.426294382938e-01 
-3.411241519446e-07 -2.665186417609e-08 -5.142873618543e-06 
-9.712125366789e-07  1.579926120338e-08  1.664101296901e+00 
 8.261388324146e-08  1.288105454398e+00 -3.535800109971e-01 
-4.469325024340e-01  3.027777251873e-06 -5.514690006622e-02 
-1.994479491242e+00  8.448160060039e-01  7.392648020906e-01 
-1.552124710395e-06  2.608315534081e-01  1.994479153693e+00 
-8.448158722060e-01  7.392646746866e-01 -2.622439112677e-07 
-2.608314769723e-01 -1.288105311121e+00  3.535799738584e-01 
-4.469324579941e-01 -4.106156781624e-06  5.514694084108e-02 
orbocc
(*)
 0.000000000000e+00  0.000000000000e+00  0.000000000000e+00 
 0.000000000000e+00  0.000000000000e+00  0.000000000000e+00 
 0.000000000000e+00  0.000000000000e+00  0.000000000000e+00 
 0.000000000000e+00  0.000000000000e+00  0.000000000000e+00 
 0.000000000000e+00  0.000000000000e+00  0.000000000000e+00 
 0.000000000000e+00  0.000000000000e+00  0.000000000000e+00 
 0.000000000000e+00  0.000000000000e+00  0.000000000000e+00 
 0.000000000000e+00  0.000000000000e+00  0.000000000000e+00 
 0.000000000000e+00  0.000000000000e+00  0.000000000000e+00 
 0.000000000000e+00  0.000000000000e+00  0.000000000000e+00 
 0.000000000000e+00  0.000000000000e+00  0.000000000000e+00 
 0.000000000000e+00  0.000000000000e+00  0.000000000000e+00 
 0.000000000000e+00  0.000000000000e+00  0.000000000000e+00 
 0.000000000000e+00  0.000000000000e+00  0.000000000000e+00 
 0.000000000000e+00  0.000000000000e+00  0.000000000000e+00 
 0.000000000000e+00  0.000000000000e+00  0.000000000000e+00 