2mocoef
header
1
MO-coefficients from MOLCAS
1
48   48
a
mocoef
(*)
 7.332513735816e-05 -6.993209314747e-05  2.538503371108e-03 
 4.298729795559e-05  1.268781520393e-05 -2.252550436233e-04 
-2.253772566756e-04  5.542595158776e-05  1.920043314560e-03 
-6.569267361585e-05 -1.320544272475e-05 -5.259365491295e-04 
 1.812153349197e-05  7.522960850614e-05  1.001160316014e+00 
 6.211263228253e-03 -7.198683988244e-03 -1.055706471391e-04 
-3.795552653718e-05 -7.106205357697e-04  5.660276052277e-05 
 5.763190833612e-05  2.097820057891e-03  7.118569383235e-05 
-1.095093280445e-05  2.298563524404e-04 -1.483369389472e-04 
 2.131120604055e-04  1.981232573287e-05  3.278305233347e-04 
-1.789284081622e-04  6.641404618387e-06 -1.998172570985e-04 
-8.397228487841e-05  2.366967221062e-04  4.693887431838e-04 
 8.193896773806e-05  1.319454404552e-04 -4.574188286628e-04 
 4.685198658325e-04 -5.909552764336e-04 -9.430128622953e-05 
 1.476474512315e-04 -3.460103965695e-04  2.307051201547e-04 
 7.751674695322e-05 -3.011843737099e-05 -1.937645766937e-04 
 1.001377582843e+00  8.422318138533e-03 -4.621933057720e-03 
 2.144139038057e-04  2.708937478980e-04  2.082313726827e-03 
-3.573723629581e-04 -3.359042105905e-04  1.329440582791e-03 
-9.829055822682e-05 -4.768243251761e-05  1.211790738341e-03 
-3.213928756660e-04  4.281229528449e-04 -1.486468884330e-04 
 6.847141188484e-04 -4.169769013400e-03  1.759022893603e-04 
-3.351603944804e-05  2.019499979407e-04  2.435164556635e-04 
 1.636161495502e-04  2.500828741987e-03 -7.096660682203e-05 
-4.639166977678e-05 -4.288205697218e-04 -9.587572137554e-05 
-3.179630296785e-04 -7.397708958393e-04  2.061156561935e-03 
 3.946381878020e-04  1.344708087609e-05 -2.225265279037e-04 
 2.059635371466e-04 -3.184787081395e-04 -3.394962284102e-05 
-2.805975960177e-05 -4.055760868546e-04  5.765341856545e-04 
-4.197239945625e-04  3.070107580201e-05 -1.103407527462e-05 
-4.616573521502e-04 -3.123394907742e-04  1.372812136306e-03 
-2.215444052959e-04  8.963627206799e-05 -1.524933788645e-04 
-1.366976478810e-02  4.161556908268e-01 -1.685420985050e-01 
 5.996304825388e-03  4.255613874820e-03  2.228527450240e-01 
-3.021330865235e-03 -4.134111719444e-03 -1.015261285260e-01 
 1.056702746532e-03  1.561721312450e-03  3.178522163032e-02 
-1.619658463457e-03 -1.359447018566e-03 -1.225326009362e-02 
 7.995124462421e-01 -1.480065403263e-01  7.413638579050e-03 
-3.790621752908e-03 -1.157809126965e-01  1.276441174719e-02 
 3.234269743284e-03  1.047249994020e-02  3.309795846988e-04 
 5.725626460863e-04  1.436276558787e-02 -1.426793431525e-03 
 2.192305025981e-03  7.984515909013e-02 -4.188199665536e-02 
-3.202127286765e-03  1.633322536235e-04  9.830937156859e-03 
 2.082194055749e-01 -1.032701723561e-01 -2.315450476363e-02 
-4.316089496225e-03 -1.444416867651e-02  2.407870102111e-01 
-1.190995194426e-01  2.567390219049e-02  4.014895007503e-03 
-1.500682127762e-02  7.597269798639e-02 -4.317539878593e-02 
 6.572044899781e-03 -1.917506728692e-03  8.116839985242e-03 
 1.030299673231e-02 -6.706339124676e-01  1.749645179290e-01 
-1.345220607204e-02 -3.189577001543e-02  6.180559310819e-02 
-1.330056703412e-03  9.965116079873e-03  6.344015912406e-04 
 7.454011813497e-04  5.477830510210e-06 -8.055062738153e-04 
-5.079402889911e-03 -4.624925066302e-03 -9.761099331099e-04 
 3.036983885438e-01 -4.064834093675e-02 -1.233876562792e-01 
-1.085078151871e-02  4.041289236539e-01  3.424046373204e-02 
 5.833634264641e-03 -7.264524815610e-02  1.470261217860e-03 
-2.277611211681e-04 -1.665712003296e-02 -1.920411401029e-03 
 3.728672424273e-03 -3.236392137689e-01  1.586899579125e-01 
 2.090969509864e-02 -9.819881725690e-04 -1.670148533150e-02 
 1.881955575981e-01 -8.892875219644e-02 -2.031483498284e-02 
-3.334047582978e-03 -5.314442019017e-03  3.733274703435e-01 
-1.705303095825e-01  2.848570375762e-02  4.815485781856e-03 
-1.214293002634e-02 -2.988258927783e-01  1.348607750838e-01 
-1.969867800664e-02  4.967662698691e-03 -1.107240915625e-02 
 7.512569862668e-03 -1.489580788845e-01 -4.825275173806e-02 
 9.433903450776e-02 -2.116333057329e-02  5.380913850257e-01 
-1.134629438829e-02  3.388966803359e-03 -1.782308454067e-01 
 3.244833318145e-03  5.586551455004e-03  2.804698157072e-02 
 1.771052263580e-02 -9.329113394311e-03  1.835167169462e-03 
 6.949800457345e-02  4.984068052004e-03  3.480095005630e-01 
 4.456933001069e-02 -4.672205980403e-01 -6.634472089881e-02 
-5.111125887667e-03  7.795486552397e-02 -1.498250746393e-03 
 1.995834740273e-03  1.219155157903e-02  2.026653028878e-03 
-5.285945608849e-03 -3.047883318690e-01  1.172085661888e-01 
 1.655280483153e-02 -8.523981550525e-04 -4.883425787249e-03 
 4.574173163422e-02 -2.425645420553e-02  3.881276567299e-03 
 4.305483845992e-04 -1.413863321658e-02 -4.400699100410e-01 
 1.835031315024e-01 -2.543636866963e-02 -4.327472538149e-03 
 1.072385460066e-02 -3.461186273022e-01  1.489895268484e-01 
-2.160609169376e-02  6.396166787419e-03 -3.864203147356e-03 
-3.292419176271e-03 -2.349051589178e-02  3.699295534363e-02 
 4.117946352533e-01 -5.677917339885e-02 -2.770242161793e-01 
-8.104045735541e-02  9.699410761383e-03  8.989495166627e-02 
 3.490862126190e-03 -2.839804110834e-03 -1.309425077907e-02 
 1.722179115774e-02  1.716843861029e-03 -2.578260781731e-04 
 6.008393386079e-03  3.127743708505e-02  4.822396928256e-01 
-2.768822397506e-02  3.093162785835e-01 -7.802675846615e-02 
-9.686420737834e-03 -5.152173866914e-02  9.282683995672e-04 
 2.411159237828e-03 -7.646598868204e-03 -4.313387502396e-03 
 2.870454064708e-03  3.995388276758e-01 -1.709225209706e-01 
-1.695952468170e-02 -1.351046790949e-03  1.554589561732e-02 
 4.465510907342e-01 -1.906722357682e-01 -2.613149439624e-02 
-7.436392693988e-03 -2.044866905142e-02 -1.915932271603e-01 
 9.535520117231e-02 -6.580040884113e-03 -3.669094683432e-03 
 1.957351591239e-02 -1.745302539610e-01  8.241480690143e-02 
-5.066055950736e-03  2.981712325189e-03 -1.027997988649e-02 
-8.202452199394e-05 -8.069823236632e-03 -1.089263800618e-02 
 3.150002940276e-01  2.353494753933e-01  1.672228309792e-02 
-3.665000554437e-02 -5.741630273008e-02 -7.516634569006e-05 
 3.020760500747e-03  3.807715783907e-02  1.830438045582e-03 
-2.166753983813e-02 -3.175355763217e-03  6.973876910255e-04 
 1.416403223655e-02 -4.497552751555e-03 -2.395139036388e-01 
 7.406616422205e-01 -5.364822519308e-02  4.342951762508e-03 
 3.524242787882e-02  2.531450630358e-03  5.641166481455e-04 
-1.436181170525e-02  5.882709311560e-04 -1.251849346839e-02 
 1.281830901814e-04  2.424346147980e-01 -8.517171705400e-02 
-2.293084860471e-03  7.842197739767e-03  1.012331172086e-02 
-1.394422761190e-01  3.663184720715e-02  1.083128619754e-03 
 2.022904002730e-02  4.329287867872e-03  1.109147226385e-01 
-3.057260478036e-02 -1.400533054666e-03  2.038591199662e-02 
-4.729859522199e-03 -2.682712217805e-01  8.767323970094e-02 
-2.675172338815e-03  8.625992173249e-03 -8.465483937925e-03 
-9.369128265774e-04 -4.284621244205e-02  2.479533174296e-02 
-4.709213420069e-01  2.066945358096e-01 -1.000368572854e-01 
 7.677665431247e-02 -5.005731994897e-02  3.334275318259e-02 
-6.145605248292e-03  1.638630117019e-02 -1.219704986090e-02 
 2.785162877430e-02  1.002993122533e-03 -7.261615848950e-04 
 7.501300897392e-04  1.725329500251e-02  3.130215352663e-01 
 4.103433026208e-01  1.444851973980e-01 -5.189395863538e-02 
-1.077379158990e-02 -2.136119081336e-02  6.982959639744e-04 
-7.537668321972e-03 -2.420901777124e-03  2.195440409951e-02 
 1.234491567084e-03 -3.367945615428e-01  1.211931087071e-01 
 1.720258708296e-03  5.592187077705e-03 -1.630979325229e-02 
 4.027136215371e-01 -1.361874975488e-01 -1.888330778670e-02 
 4.507520247051e-03 -1.687589129485e-02 -2.721106498252e-01 
 9.337422641453e-02 -8.598412865687e-03  7.602881760218e-03 
 1.471310033437e-02  4.657999667666e-01 -1.651950257702e-01 
 1.320350986833e-02 -2.467882554514e-03  1.514815477992e-02 
 1.780418936533e-03  8.559195942984e-02  4.024752963912e-02 
-1.367133674854e-01 -8.879186734423e-01 -4.572238321428e-02 
-2.977077074135e-02 -1.374084577337e-01  4.736357800712e-03 
 1.999000985949e-03  1.527262422132e-02 -1.164019574093e-03 
-8.357251679896e-03  7.123044206880e-04 -1.077490077390e-03 
-2.692043295959e-02 -2.582017236936e-03 -5.148923800869e-02 
 3.945880280187e-01  7.438239397773e-03 -1.737091704513e-02 
 1.770145992390e-01 -2.712219318195e-03 -6.971888522346e-04 
 2.666107282577e-02 -9.666983830364e-04  1.077783857311e-02 
-1.229979390928e-03 -9.775732239962e-03  1.865985732529e-02 
-8.426857241311e-04 -2.589053522353e-02 -2.727471657517e-03 
 8.391709604488e-02  1.123097649082e-02 -2.533090113280e-03 
 1.358243135623e-02  7.278082943041e-04 -7.217624041466e-02 
 2.016851635815e-03 -2.209490419920e-03  1.393512333971e-02 
-1.146008792252e-03 -9.839413643810e-02  5.620757553657e-03 
-6.658107747266e-03 -2.237132973169e-02 -2.501092659226e-03 
 4.467375062010e-03 -5.154810320326e-03 -3.727992391501e-01 
-7.689651781392e-03  1.472625533508e-02  1.412126656094e-01 
 1.403823200285e-02  1.666054514121e-03  1.284922030781e-01 
 4.914469023356e-03  9.732013778166e-04 -1.240082387395e-02 
-6.145063011177e-03  5.397714106856e-04  3.261167586675e-02 
-2.937675734192e-01 -1.005202590579e+00 -1.167680023070e-01 
-3.217668243071e-02 -2.092862121193e-01 -1.048557171496e-01 
-2.513564609395e-02 -2.921781759085e-01 -1.171655539196e-03 
 4.105111514085e-04  2.641337819350e-04  6.016502143361e-03 
-2.888732962381e-03 -1.078026446779e-02  2.880517127251e-01 
 4.856306281512e-03  1.845551211557e-03  9.143369495353e-03 
 2.619044894388e-01  9.778074297451e-01 -3.326965805117e-03 
-1.332467669224e-03 -2.327331581909e-03  1.461129602765e-01 
 5.833964258040e-01  7.437680259447e-03  7.573042609337e-04 
-5.846109121361e-03 -4.883469258930e-02  1.736250251375e-01 
-3.314929537671e-03  1.283313718254e-03  8.994264637051e-03 
 9.225970659766e-03 -8.414311316529e-02 -4.625269712832e-01 
 2.707787248405e-01 -7.732437319630e-02  6.292329160874e-02 
 4.124168080406e-01 -1.659460721711e-01  1.403757448527e-01 
 2.286977873740e-03  3.183859343621e-03 -5.314251610846e-03 
 2.579042900124e-02 -3.604457979354e-03  6.040109553255e-03 
-3.323899835692e-02 -2.179824080718e-01  3.428306206300e-01 
 8.934995257075e-02 -2.677876829606e-03  3.410045832491e-01 
 1.281625662185e-01 -5.966638487560e-02 -3.956912898488e-03 
 7.901882759905e-04 -3.670069712183e-03 -2.353972360264e-02 
-2.816782543507e-03 -1.085348133332e-01 -3.259552516377e-01 
-3.110716858137e-04 -3.043047076107e-03  2.027417567470e-03 
-2.060490110030e-01 -7.351806202967e-01 -2.558928792842e-03 
-5.923823474096e-04 -7.712124017498e-03  1.715647560006e-01 
 1.055233241860e+00  4.116026414532e-03  3.168369012341e-03 
 5.803448779022e-05  1.359405179725e-01  1.076959598381e+00 
 1.653684958917e-03 -2.622390045202e-03  4.888240239047e-03 
 3.785729549844e-02 -3.127322174961e-01 -1.588503650452e+00 
-7.131272320318e-02 -4.971421698278e-02  1.695681187107e-01 
-1.307139948331e-01 -8.915401909099e-02  5.877642260886e-01 
 1.723265819861e-03  3.385171862132e-03  1.002834781622e-02 
-2.732515650391e-03 -1.092789481035e-02 -2.625913492028e-03 
 1.453982994342e-01  1.956246949469e-01 -7.872014167893e-02 
-1.165566527780e-02 -3.130101670184e-02 -8.088758721399e-02 
 3.993341680682e-03  2.289453823180e-02 -1.539528282226e-03 
 2.940614892823e-03 -9.979018102945e-03  8.414710119361e-03 
 3.671564596030e-03  1.236479419941e-01  1.566645946832e+00 
-1.063334149072e-02  1.488587426158e-04  1.769581792855e-03 
-1.020811822717e-02 -2.248139766978e-02  6.039706784820e-03 
-7.445799597620e-04 -7.264923653189e-03 -9.159145170570e-02 
-5.465694092050e-01 -6.124314514546e-03  7.171203970778e-04 
-8.784216133891e-03  5.673735690922e-02  9.901525884904e-01 
 9.393333353651e-03 -2.039596851855e-03 -3.240784171430e-03 
-3.279138203604e-03  3.425024809547e-03  1.023019861646e-01 
 4.051251901320e-01 -1.005479787778e-01 -8.337520211606e-03 
 1.058669091509e+00 -1.293945009166e-01  2.577192726461e-02 
-1.593740729526e-04 -2.795214076403e-03 -3.779087683042e-03 
 1.282942035461e-02  8.201999677212e-04 -4.744654659307e-03 
-4.143475017826e-03  1.382806500427e-01 -2.721510928299e-01 
-2.478864414266e-02  5.547154979058e-02 -5.934179898388e-01 
-1.369135923652e-02  4.516629764554e-02 -2.206350587358e-03 
 2.058320413113e-03 -4.199658993168e-03 -3.111974285544e-02 
 5.872017205509e-03 -6.239172695894e-02 -1.570311087348e+00 
 1.394752778700e-03 -3.627278969017e-03  1.532445266303e-03 
-3.203680576549e-02  7.364914266333e-01 -4.896506591656e-03 
-1.133046963272e-03 -1.411428541847e-02  2.363445165054e-02 
-1.062109379071e+00 -1.476640714362e-02  1.969929802824e-03 
 1.427842888733e-02  7.902865303873e-02  1.630090154677e+00 
-1.662067617103e-04  1.474893262587e-03  3.288857132137e-03 
 7.809918155184e-02  1.182284016289e-01 -2.126058492763e+00 
 6.675716490273e-02  5.275885459158e-03 -4.895607342812e-02 
 1.025344023270e-01 -2.865759932121e-02 -2.561213010331e+00 
 8.639198173002e-03 -4.661820644745e-03 -1.190766406753e-02 
-7.238368389191e-03 -1.049766227683e-02 -5.740963032475e-02 
 4.259060323819e-02  2.072693675708e+00  3.512963446382e-03 
-1.170992557441e-02 -4.031256979906e-01  1.039020938573e-02 
-3.663577210705e-02 -1.239603811557e+00  6.323667668566e-03 
 1.187413690000e-03  3.856089654685e-02  3.180347301735e-03 
 1.417784744282e-02  1.986540243726e-01 -9.310702294754e-01 
-2.360503447539e-02  1.003468260055e-03 -1.472879524361e-02 
 1.053448684790e-01  5.184141279522e-01 -8.717304923055e-05 
 1.659121502435e-03  3.030812105190e-02 -9.314384951421e-03 
 6.315970150995e-01 -1.193543282652e-03 -4.884059893720e-04 
 1.960196571110e-02 -1.094323384474e-01  3.014427974317e-02 
 1.120329128057e-02 -4.898006788685e-03 -5.748647341302e-03 
-1.098477257290e-03 -9.055718685743e-04  2.827683436416e-01 
 1.931948999725e-01 -4.165403673578e-02 -6.250095469901e-02 
-6.591640600068e-01  1.875452594204e-01  6.903532484127e-01 
 2.818250395442e-02 -4.423268324696e-03  2.799669367686e-02 
-2.078678473022e-01  1.130758429784e-02  1.533607898059e-03 
-5.259714083571e-02 -3.866695986957e-01 -1.042557640272e-01 
-1.009265320719e-01 -1.575369379548e-02  1.208610710586e-01 
-5.183391905669e-03  2.794355270990e-01  6.017839757814e-03 
 1.196855284949e-02 -1.164723347308e-02  9.491927929304e-02 
 8.410413380951e-03  9.624296750440e-01 -6.602365623842e-01 
 4.274612000223e-02  8.498529858223e-03 -4.532092810581e-02 
 1.014389236929e+00 -1.136381421013e+00  3.659500292505e-02 
 2.436704159506e-03  7.396962716435e-02 -5.721374780758e-01 
 4.360814827485e-01  3.804819796942e-03 -7.316392897700e-03 
-1.072379668918e-01 -8.279486433188e-01  8.506123089653e-01 
 1.874564594106e-02 -4.730745612909e-03  5.145910737504e-02 
-5.304699412570e-02 -3.277085990895e-01 -9.749580010151e-02 
 1.462075922362e-01  1.229576043505e+00 -2.855440387928e-01 
-1.244299241832e-01 -1.634903684575e+00  4.065600293052e-01 
-3.938714035199e-03  5.831889854529e-02  1.593669986237e-02 
-1.190341503988e-02  4.931237181200e-02 -6.942845014972e-03 
-4.077364689090e-02  4.940226076099e-03 -9.472080783453e-02 
 1.799576213235e-01 -7.281848759286e-02  1.584455284285e-01 
 1.595649376481e-02 -2.979844922535e-01  1.290807675709e-02 
-5.576667297868e-02 -3.828449545086e-02 -1.800351104563e-05 
 4.874802446052e-02  1.680723649604e-01 -2.944111200005e-02 
 4.303730804580e-03  3.144916743293e-02  6.511862903504e-03 
 4.718870384997e-01 -3.580269275572e-01  6.724675071210e-02 
-1.488304385864e-02 -3.048796827019e-02  5.252141176432e-01 
-4.289675348481e-01 -5.033897528198e-02 -2.641446891378e-02 
-5.109074498216e-02  3.150297909755e-01 -4.619756933897e-02 
 2.037213944564e-02  2.284498000369e-02  4.934715778079e-03 
 4.585593860486e-02  3.179022405213e-01  2.570023167515e-01 
 1.490412894515e-01  6.526700863681e-01  5.264962715592e-01 
-3.022707844226e-01 -7.525779663580e-01 -5.541553458366e-01 
 1.277029652289e-02  3.447162578257e-02 -4.083680495444e-02 
-3.987438494738e-02 -1.067582346643e-01  9.584403823118e-03 
 8.470912748299e-02 -6.008776001468e-02 -1.913298610404e-02 
 6.102159426139e-02  1.903769746238e-01 -3.715936314273e-02 
-1.193988433624e-02  5.258364888398e-01 -3.104818540773e-02 
-3.066439166609e-02  7.387166771788e-02  9.858359694188e-03 
-1.022019165075e-01 -1.967760417553e-01  4.086914500815e-02 
-5.233534294437e-04  2.738941495447e-02  7.634295441943e-03 
-9.490768339473e-01  8.337616304540e-01 -1.195059625092e-01 
-3.234588927476e-02  9.713685007559e-02 -1.074834786861e+00 
 6.880957044461e-01  1.271333737664e-01  5.939894972768e-03 
 4.035015235094e-02 -6.096319936965e-01  4.247819130189e-01 
 2.335181303596e-02  1.411056889430e-02  2.743860748987e-02 
-1.564581731764e-01 -9.428616901322e-01  4.431955195142e-01 
-1.345115305976e-01 -4.912076919151e-02 -9.149161927870e-01 
 8.641863703213e-02  3.945947570111e-02  8.546911895865e-01 
-3.679874758302e-03  8.467104893043e-03  1.381891663220e-01 
-3.615330266150e-02  1.006754487517e-02  4.967966491533e-02 
 5.760598553582e-01 -6.277225624169e-01  1.451561186542e-01 
 9.377587362431e-03  9.672919645268e-04 -1.615598909797e-01 
-3.123489630444e-02 -4.670714480201e-01 -4.051516495379e-02 
-8.981973429024e-03 -1.174825381619e-01 -7.112926494206e-03 
-1.114409376084e-01  4.921515242521e-01 -4.437592094539e-01 
-6.130257319322e-03 -1.261888306058e-03 -4.273549869442e-02 
-1.007824000412e+00  1.180203269126e+00 -9.990451852463e-02 
-2.211253975642e-02 -1.395297892943e-01 -7.203832614898e-01 
 6.898325566089e-01  8.496845903284e-02  1.104981622717e-02 
-9.460668867757e-02  1.216736780943e-01 -3.150478723656e-02 
 2.335913962207e-02 -1.716267142414e-02 -1.135478235058e-03 
-1.765306283910e-01 -5.207903515485e-01  5.020166792520e-01 
-3.296909845729e-02  1.674423480619e-02 -5.021145551421e-01 
-1.118131831804e-01  1.050858645261e-01 -1.160827437159e-01 
 1.101995055418e-01  3.413086790414e-02 -3.550524184306e-02 
 2.411418828058e-02 -2.547282854564e-01 -5.761554294898e-02 
-2.553692932662e-01  4.977139197301e-01 -1.683219225361e-02 
-5.046983030815e-02  1.376630200095e-01  1.450235193435e-01 
-1.073017548803e-02 -5.499949549192e-01  1.990388280317e-02 
-8.916218893088e-03 -3.973312841911e-02  1.298621076437e-04 
 6.963396923107e-03 -1.115701688620e+00  8.032453598950e-01 
-1.615068049008e-01  2.536371091501e-02  2.949133480757e-02 
 1.756735630433e-01 -1.294750654972e-01  4.770975097968e-02 
 8.035215367316e-03 -4.812896670469e-02  3.709750865800e-01 
-2.477690696675e-01 -3.491637028911e-02 -2.392475630656e-02 
-3.622625025486e-02 -1.333388160363e+00  9.359617093187e-01 
 1.592162439309e-01 -2.925392551166e-02 -1.789508315272e-03 
 3.927837607268e-02  1.651583177945e-01 -1.994280807662e-01 
-1.222553687488e+00  1.078770085503e-01  3.414884635026e-02 
 2.986246658328e+00 -2.888718853380e-01 -2.775673385436e-01 
 1.427830979904e-02  4.682217914414e-02  4.744510932729e-02 
-2.757762489344e-01 -2.428172208367e-02 -7.602701980247e-03 
-2.528314546916e-02  1.631606152766e-01 -2.565009678985e-01 
 1.591697057498e-01 -5.327569937469e-02 -1.382055133049e-02 
-1.662812426990e-01  8.012846181338e-02 -9.352798544292e-03 
 8.600739851380e-05  5.876618117489e-03  7.094806941791e-02 
 9.833746137290e-05 -1.426246765798e-01 -1.528175174412e+00 
 1.177060792113e-01 -6.744691176276e-04 -1.321406005147e-01 
 3.226013066262e-01 -6.585849609371e-01  4.541711890128e-02 
-1.038772159982e-02  7.516150797191e-03 -3.092570001611e-01 
 6.334134788781e-01  5.411686261566e-02  1.893064325544e-02 
 6.822904075585e-03  8.187468662983e-03  1.625350757620e+00 
 1.721511908660e-01 -3.813129597738e-02  1.062710383076e-01 
-9.565731869189e-02 -4.667099832595e-01  6.227321696679e-01 
 4.006832436717e-01 -8.901401265476e-02 -1.493521523594e-01 
-3.158821061973e-01  1.216620709142e-01 -1.020938278552e-01 
-8.216362532613e-02 -7.911332010719e-02  2.004829879359e-02 
 4.945125315071e-02 -2.337486416857e-02 -2.813423332605e-03 
 8.894465263618e-02 -5.555464309170e-02 -9.094263890947e-01 
-3.980764135346e-02 -9.592844438928e-02  1.192705169927e+00 
 1.089345990070e-01  1.074181584751e-02 -1.857138547100e-02 
 4.476369390694e-02 -2.041586855759e-02  1.456015541398e-01 
-5.683643153248e-02 -8.053648730838e-01  7.786634847116e-01 
-3.279062139045e-02 -5.053004951994e-03  8.277340141749e-02 
 4.569218815741e-01 -1.048317552897e+00  1.270681766074e-01 
 4.332147803434e-02  1.441901769607e-01 -7.984767462553e-01 
 1.470832901264e+00  2.067970832292e-01  5.046453495420e-02 
-1.903802016416e-01  6.908988354051e-01 -1.066629854558e+00 
-2.877721794381e-02  4.939928519321e-02 -1.300975917376e-01 
-4.586031245607e-02 -2.148214098097e-01  3.282892426424e-01 
-1.916534263594e-01  2.776186598764e-01  4.631149009135e-02 
 5.217274309850e-01 -7.581738790890e-01 -1.706495671879e-01 
-1.715116339803e-03 -1.638224482250e-01  1.257373215728e-02 
-9.904093188298e-04  1.245354227930e-02 -3.151676537742e-03 
-9.422932699469e-03  3.481828771137e-02  1.104692850731e-01 
-1.371753449118e+00  3.630412137691e-02 -1.509081999015e-01 
 1.928500332528e+00 -6.659232973045e-02  2.425771606448e-03 
 3.233014152943e-02 -3.335679255697e-03  9.512306607200e-03 
-3.549967682401e-03 -1.482409659163e-02 -3.658643830917e-01 
 3.271167125223e-02 -4.167104012724e-02 -2.162235624055e-02 
 1.385007064855e-02 -1.107612264280e-01  1.455909679567e-02 
 6.487898405359e-02 -2.187007224155e-04  1.000776784536e-02 
 1.279482668406e-01  3.048814797598e-02 -5.473858518759e-03 
-1.109443161841e-02 -2.720663475433e-03  1.944636040352e-01 
-4.758120103987e-03 -7.010281786474e-03  3.259610623159e-02 
 6.685981989869e-01  3.063529704626e+00 -6.078392283605e+00 
 2.392768280730e-02  4.473057750966e-02 -4.867263937622e-01 
 6.011971227425e-02 -2.411873044340e-01  6.752683857323e-01 
-1.793341410550e-02  7.015050962624e-03 -8.822404345546e-02 
 6.507293963118e-02 -1.663589237210e-02  6.965307744683e-02 
 3.757060550942e-01  1.229509117273e-01 -4.665696487637e-02 
-8.741949279856e-02  3.334774074172e-01  1.209554888609e-02 
 1.269188436634e-01 -1.149448167264e+00 -2.578464896614e-02 
 1.129520052358e-02  8.558074123417e-02  2.892712660989e-02 
-1.552448813950e-03  4.310286086525e-02  1.268751176420e+00 
-1.747512700110e-01 -2.085991786463e-02  1.743765049730e-01 
 1.043332416317e-01  1.911980243986e-01 -6.568578675203e-02 
-2.816766737102e-02  2.222299063686e-02 -8.824933348535e-02 
 4.390503815308e-01  1.028923121833e-01  4.550815457104e-02 
 2.237659644731e-03  1.884854483509e-01  9.871777252721e-01 
 1.395848230575e-01 -5.041888331070e-02  1.024980714430e-01 
 1.930404733236e-01  6.926317003013e-01  3.048787602359e-01 
 5.255990205634e-02  5.705067480395e-02 -4.669075294947e-01 
-9.384329587803e-02 -1.336210571665e-01  2.150441357087e+00 
-9.150732058873e-02 -3.784561024686e-03  3.414800015951e-01 
 4.078661490886e-02 -1.397301690401e-01 -7.207894766398e-02 
-3.514867970241e-01 -3.588774265776e-01  1.128353666608e-01 
-5.817466109616e-02 -1.091133271882e+00 -3.225829953491e-01 
 1.060082208593e-01  2.642155515089e+00 -1.031362467315e-02 
-3.053712978723e-03 -9.131109724388e-02 -2.133593398322e-02 
 1.851412423221e-02 -6.949779571777e-02  8.226905443907e-01 
-9.416512369811e-02 -2.966217373332e-02  4.628695844234e-03 
-1.751947783131e-01 -5.336933466623e-01  9.626674412117e-02 
 9.693010226736e-03  1.306683617050e-01 -2.697277881170e-01 
-8.237438390871e-01 -1.724599187329e-01 -4.594606576898e-03 
 1.136443519002e-01  1.536306122931e-02  5.318053706062e-01 
 8.156205753110e-02  2.846819077490e-02 -3.818740895727e-02 
-8.997038219815e-02 -3.549729972174e-01 -3.412038522007e-02 
 3.337114071306e-02  2.263716505054e-02  4.131523445762e-02 
 5.095884461151e-01 -4.495738181044e-02 -7.272010326769e-01 
-5.559782793391e-01 -5.775359940129e-02 -1.126681680956e-01 
-8.061238240973e-03 -1.718524549865e-01 -2.991273841582e-02 
-1.106848715241e-01  6.724000248426e-01  3.910100223978e-01 
 5.751597986971e-02  2.501278076818e-01 -1.117319832167e+00 
-1.545132929727e-01 -7.953262007895e-01 -1.174696125079e-01 
 7.203641086814e-03  4.286154895185e-03  1.215042394324e-02 
 1.357497379124e-02 -2.025301617003e-01 -2.961513587322e-01 
-5.816687338937e-02 -2.014130978185e-01 -1.584790797416e-02 
 5.094270559120e-01  1.385674708588e-01 -8.373264839488e-02 
-1.247414039050e-01 -1.496382380280e-02 -3.519579294370e-01 
 8.715857669032e-02 -1.227359690791e-01  1.099466678862e-01 
 2.411398790449e-03  8.708458300284e-02 -7.247670755129e-02 
 2.715373156745e-02  3.138518999293e-01  4.084651741275e-02 
-7.875532793321e-03 -2.490701561622e-02  1.908862278485e-01 
 5.210116446667e-02 -1.426989078386e-01 -1.412734605878e-03 
-8.940388888273e-01  3.395931865816e-01  5.691658065064e-02 
-1.854404863259e-01  5.017298229269e-01 -2.061113894486e-03 
-5.785465360537e-02  3.532216551791e-02 -3.981029816121e-02 
-1.832384628399e-01  1.077813133472e-01 -4.189555623985e-01 
-3.099115796184e-01 -4.474275299944e-02  1.389597836971e+00 
 2.856294541293e-01  1.619445208816e-01 -7.156433221971e-02 
-1.648921231802e-01 -2.601468371100e-03 -3.572975356853e-03 
 2.358422053357e-02  2.167674606598e-01  2.194051660683e-01 
-1.812991907405e-03 -2.730109611968e-01 -5.443406365129e-02 
-5.766272815468e-01 -2.146174814825e-02  2.058522256741e-01 
-2.495284538628e-01 -2.880897508636e-03  5.426716887470e-01 
-2.602183343804e-02  1.313085166181e-01 -5.538900361462e-02 
 3.954632866374e-02 -3.129778813325e-01 -2.175359737036e-01 
-6.748171629255e-02 -7.622767705010e-02  9.371885080053e-02 
 5.049775645837e-02  1.957108714143e-01 -5.450483888919e-01 
-1.173451547617e-03 -2.225073768104e-02 -2.461033281716e-02 
 1.627536692958e-01  3.945027654742e-02  4.999527300743e-02 
-7.586394739272e-02  1.419841960618e-01 -1.624074626636e-02 
-3.374801708950e-02 -1.332591885971e-01  2.137015489498e-02 
 1.019381960532e-01 -5.554177472178e-02  3.681295855918e-02 
 4.749855225073e-02  2.626676130710e-02 -1.527525321407e-01 
-9.437691512142e-02 -1.541289154503e-01  2.700252606469e-01 
-2.757139877151e-02  4.587683811893e-03  4.090973327932e-03 
-1.079635078305e-01  7.901779324114e-02 -1.545911986771e-02 
-7.906098502619e-03 -1.974815429132e-01  1.365508704313e-02 
 1.254990414686e-01 -9.482857726964e-03 -1.021532743303e-01 
 5.049266108734e-01 -5.402290304373e-03 -2.346601898774e-02 
 3.083660376298e-02  8.884355160800e-02 -5.632956241323e-01 
 2.090497255638e-02  2.670027561400e-01  6.302017766062e-03 
 1.595692103192e-02  1.184149612906e-01  2.854385198532e-02 
 1.049421755642e-01  4.549167984526e-01 -1.070867548201e+00 
 3.102077794089e-02  8.955601681820e-04  6.478517828411e-02 
-1.300551085359e+00 -1.009868828990e-01  2.431913658903e-01 
-1.345035492740e-01 -3.477474348958e-01 -3.881073227695e-02 
-1.248265957081e-01 -1.587085727049e-01 -1.565511496493e-01 
-7.191139913978e-01  9.358662287899e-01 -5.027230948335e-01 
 1.420403029086e-01  1.237547301808e-01  1.843855299545e+00 
 5.649469483144e-02 -1.404736564746e-01 -5.573288551181e-03 
 1.041680729351e-01 -3.451164638947e-03 -1.108856317143e-01 
-3.733650759688e-02  8.591852658840e-01  1.883120594399e-01 
-1.005915104577e-01  8.764306868977e-02 -2.311690621096e-01 
-9.126600797498e-01  1.621248086871e-01  2.406133275043e-01 
 2.081756179944e-01 -1.183959200893e-01  7.989084829763e-01 
-2.252136006458e-01  1.216373961095e-01  1.143975422272e-01 
 1.644278116564e-01 -2.175787053454e-01 -1.540446814827e-01 
 4.687179436778e-02  1.921981073116e-01  9.137230817594e-02 
-7.788423889131e-02 -3.389693076162e-01  2.774586632856e+00 
 5.520336730421e-02 -1.767446859253e-02  1.815640281309e-01 
-5.002201604462e-01  3.870153905382e-02  1.543295299584e+00 
 4.313561218987e-03 -2.203583107495e-02  4.535938075844e-01 
-5.562719176117e-02 -1.637434830841e-01  7.608029440702e-01 
 3.173850721522e+00 -6.718502891966e+00 -1.635456594089e-02 
 1.732409918142e-02 -1.378806845174e-01  3.956037580414e-01 
 5.693524686882e-02  1.027802944887e+00  2.511365104770e-02 
 1.465438506440e-02  6.354448721803e-02 -1.835601749297e-02 
 9.364853323402e-02 -6.195500219463e-02  3.251297128335e-01 
 4.801268229244e-02  2.475430825442e-03 -1.677882160056e-02 
 5.109911073278e-01 -1.401043271250e-01 -1.589186434892e-01 
-5.013405098199e-02 -9.432918317142e-02  1.035837062146e+00 
-2.527110413850e-01  2.730613438292e-01  8.635287348285e-02 
-2.663900033957e-03 -1.718813061990e-01 -1.371251320137e-01 
-3.689847877138e-02  1.441286024275e-01  7.194689436289e-02 
-2.264151433560e-01 -8.933634524745e-01  1.979751063597e+00 
 7.557608667045e-02  4.018230492724e-02 -9.302338107043e-02 
-2.233953817757e-01  2.024413550358e-01 -8.665316223293e-01 
-2.394671097704e-01 -9.469600909325e-02 -3.122182754269e-02 
-1.061889200066e-01  7.298059619665e-01 -1.427670766012e-02 
-1.391415303726e-02  3.213199363604e-01 -6.257527609092e-02 
 1.057063327441e-01 -3.959443715522e-01  2.522925183633e-01 
-2.772198469849e-01  6.124754873944e-01 -7.292863687405e-03 
 9.240996692793e-02 -2.356782622275e-02 -3.636870050954e-03 
 1.777006434289e-01 -1.218021962035e+00  3.522093730853e-01 
-3.663999352503e-02 -2.776299730097e-02  1.610149116174e-01 
-3.700392504671e-01  1.567895544654e-01 -5.213304282420e-02 
 2.656541327232e-01 -1.205596341921e-01 -1.309178742545e-01 
 5.016905258629e-02  4.437253754047e-02  4.326762157130e-02 
-6.609337973111e-06 -1.205882062424e+00  2.699718949816e-01 
-6.059642828269e-02  3.952076956765e-02  3.807293011725e-01 
 6.376224386891e-02  1.255421823981e-01 -1.265924035921e+00 
 2.598735460410e-02 -8.045486300537e-02 -4.228101267451e-01 
 2.759253672371e-01 -1.399672735241e-01 -9.268823602030e-01 
 1.123351158406e-01  4.492517733462e-03 -4.540469994526e-01 
-1.877914702043e-01 -3.106118140020e-01  7.985453073645e-02 
 5.197522256115e-01  1.037175233491e+00  1.906618077247e-01 
-4.606172657461e-02 -4.690441559240e-01 -6.260361288721e-01 
 1.037592637365e-01 -3.198869105961e-01 -8.083335700927e-03 
-4.748850502516e-02 -7.916227560053e-02  5.494096663029e-02 
-1.002929377880e-01 -2.436232313640e-01 -1.978276142760e-02 
 2.438464259595e-01  1.873512166324e-01  4.338537932404e-01 
 2.437930396144e-01  5.124765835039e-02  3.229103709348e-01 
-9.981227882960e-02 -2.131690571220e-01 -3.532374538403e-01 
 2.086509404313e-01  1.234931231354e-01 -3.049954466340e-02 
 4.183023237440e-01  4.450741378611e-01 -2.701207197226e-01 
-1.888610547487e-01  1.254108016893e-01  2.220193414882e-01 
 1.936252019934e-03 -1.072820889416e-01 -8.421956069992e-01 
-1.455418694089e-01 -3.003560181685e-02 -4.469764741032e-01 
-6.118594873278e-01  1.698348898517e-01 -4.627288468587e-01 
-5.950659105745e-02  6.158344821307e-02 -3.561499778584e-01 
 2.314984259255e-01 -2.254657132127e-01  1.165327797137e-01 
 6.201509768285e-01  2.662501191678e-01 -2.506761124224e-01 
 9.406072916135e-03 -2.545703965660e-01  1.308723848620e+00 
-1.646349204190e-01 -5.702392927362e-01 -5.298571182066e-02 
 6.043869708299e-02 -4.906889044630e-02 -1.291232590127e-01 
-9.286252144370e-02  6.730645138544e-01 -3.199579723828e-01 
 3.625743663228e-01  1.770503222313e-03  1.498453869868e-01 
-4.128757437078e-01  1.329180684380e-01 -2.275799821567e-01 
 1.935153934254e-01  6.385019151595e-01  8.027676665881e-01 
-5.443590930666e-02 -1.998742796216e-01  1.782071978041e-01 
-1.967735498182e-01 -4.872829927883e-01  1.132766868807e-01 
 1.718406654647e-03 -2.196070580781e-02  2.730224732127e-01 
 2.048884670989e-02  1.115109964332e-01  5.163086365209e-01 
 1.887185633698e-02 -9.833209212039e-02  1.549440474497e-01 
-1.225811699712e+00  9.440423416779e-03  3.238061809003e-01 
-1.907808955527e-02 -1.725654542426e-01  6.834433203016e-02 
 1.445423157129e-01  1.967022762617e-01  1.632775974467e-03 
-3.905730275931e-02 -5.054171922526e-01 -6.599917586596e-02 
 4.638276544827e-02 -7.068370295286e-02  6.034980127471e-01 
 2.892881293280e-01  6.004456351371e-01  3.080282858463e-02 
-3.683468887183e-02 -6.919783728320e-03 -3.676122557139e-02 
 6.997469655406e-02  5.064611276464e-01  1.621001225693e-01 
 4.926547306963e-01 -1.094729791044e-01  3.427707215057e-01 
-4.644055331203e-01  1.757679688473e-01  1.384717198409e-01 
-2.051104511468e-01 -1.502331288071e-01  1.936314480111e-01 
-1.647387219902e-01  1.068348068713e-01 -2.148646736993e-01 
-1.180824259854e-01 -8.541457665342e-01  1.232626064931e-01 
 5.519307166795e-01  2.697136332270e-01 -4.157703739278e-01 
 7.530793567444e-02  2.997011105177e-01 -4.980662893054e-01 
-9.575105902554e-02 -2.295774988102e-01 -5.434285195852e-02 
-6.727486460965e-02 -3.643139865507e-01 -1.779007308113e-01 
 1.843263198549e-02 -1.995160875873e-01 -9.605235433166e-02 
-3.085655236503e-01  4.976337083660e-02 -3.402196857665e-02 
-1.652005587987e-01  3.742029812321e-01 -3.477152564279e-01 
-9.663898066088e-02 -1.830483457636e-01  1.146496983660e+00 
 8.672003552809e-01  1.418821323717e-01  4.595618018293e-02 
-9.124016796427e-02  8.986504776639e-03  5.713452691771e-02 
 6.267998994583e-02 -3.056880731000e-01  2.606843412632e-01 
-1.200343767619e-01  3.398642722329e-01 -4.957550271364e-02 
-8.308285827182e-01  3.284142625055e-01 -2.808102548382e-01 
-5.098621415473e-01  1.521465880513e-01  6.615826012714e-01 
-1.680545070364e-01 -2.087753937925e-01 -5.075753954828e-01 
-2.899267306789e-01  2.624839073727e-01 -1.838038861351e-01 
-8.805314004830e-02  3.249354254974e-01  1.501594148216e-01 
 1.787216349215e-01  7.440019101643e-01 -4.146120256216e-01 
-2.995308421679e-02  1.278382414855e-01  1.251949431943e-01 
-5.464905437982e-01  1.589806583562e-01  6.773789812015e-02 
 3.995377731073e-01  1.569894817856e-01 -9.485060374508e-02 
-4.091179131163e-01 -1.339443637037e-01 -2.649365199026e-02 
-1.831171944055e-01 -1.089070921526e-02 -2.884242255210e-01 
-1.054838800854e-01 -2.686349943649e-01  9.942335971430e-01 
-2.730106337857e-01  7.952050254163e-01  1.210391801209e-01 
 6.516975504760e-02 -1.222018475410e-02  8.893551571041e-02 
 8.017535140276e-02 -1.377378251409e-01  4.625654715661e-01 
 8.483721170758e-02 -4.474686698380e-01  1.438126826064e-01 
-8.207273481639e-01  3.810942661519e-01 -2.310866673518e-01 
 2.072378095653e-01 -3.199994837618e-01  2.956837510533e-01 
-1.442513301432e-01 -3.038652621665e-01  4.470318415413e-01 
-2.932907836056e-01  4.050284425072e-01 -5.597258029150e-01 
-2.238060865816e-02  2.342216602900e-01 -1.715078180106e-01 
 7.617067000167e-02  2.896778219612e-01 -4.894823098332e-01 
-6.727693696236e-03 -8.258671835060e-02 -3.347632511826e-02 
 9.682824142340e-01 -1.650838701186e-01 -2.652675077249e-01 
 6.036042690348e-01  1.860953851667e-01 -4.935699665394e-02 
 4.403994458794e-01  1.554172359502e-01 -1.027535914837e-01 
-3.797598579908e-01  9.355959363890e-01  3.192870997429e-01 
 3.621499667500e-03 -9.491432877388e-02 -1.197355384234e+00 
-4.379683041483e-02  1.802828904078e-01  1.793070553031e-01 
 1.081303306195e-02 -2.214011530321e-02 -1.474948128632e-01 
 5.903591007431e-02  2.041837949043e-02 -5.330551767240e-01 
-1.193681270617e-01 -1.667698953257e-01 -2.787676549950e-01 
 4.088360271866e-01 -2.315959042081e-01  2.406867306054e-01 
-1.355781787716e-01  1.753180875334e-02 -1.014981853819e+00 
 4.535208902293e-01  1.524698626141e-01  1.087305014565e-01 
-1.804578021042e-01  1.929533676203e-01  3.753000165398e-01 
 2.050432288845e-02  7.144237168264e-01  4.075905302830e-01 
-1.488155601146e-01 -6.612634352109e-01 -7.247766840615e-02 
-6.812625506400e-03  2.640816842678e-01 -2.687728071262e-01 
 1.268604035786e-03  1.037479242956e-02 -2.477120510245e-01 
 3.607712512524e-01 -5.736647634905e-01 -1.351650580063e-01 
-1.138550465073e-01  6.851772551125e-02  2.303543361989e-02 
 1.681174912018e-01  4.164366016878e-01 -6.210466148370e-02 
 2.233325625147e-01  1.953580050030e-02  1.856615090483e-01 
 9.367259796878e-02 -8.156886106570e-01  1.328348594793e-01 
 2.244502803328e-01  9.864606042669e-03 -1.062338059013e-02 
-1.042525152197e-01 -1.206279862767e-01  5.453356089754e-02 
-1.111539103869e-01 -8.478995973335e-01  1.345210264224e-02 
 6.459474091668e-02  1.201073940158e-02 -2.111513023919e-02 
-4.172041964933e-01  3.031876570435e-01  3.106713501819e-01 
-4.077232844240e-02  5.453060427739e-02 -1.639598108629e-01 
 3.359417880494e-01 -5.058096959998e-03 -5.713108809341e-02 
-4.899616593182e-02 -1.746312542451e-01  4.761139268099e-02 
-2.394182459348e-01 -9.947725649781e-01 -2.089575983538e-01 
-1.711167431226e-01 -1.730994199556e-01 -3.526042506113e-01 
-3.069464673229e-01 -3.173147238816e-02 -1.547463051362e-02 
 1.958080178399e-01  2.966121397866e-01  4.245534359453e-02 
-2.137210054133e-01  3.712460588085e-01 -8.607456062544e-02 
-2.904486341945e-01  9.063859552246e-01 -4.594368620876e-02 
-1.589585481820e-01  3.938134731509e-01  5.056341934488e-01 
 3.165218918823e-03 -1.561824848686e+00 -8.215930019151e-03 
-1.568766054033e-01  7.057967288946e-02  9.066573262744e-02 
-8.195253275112e-02 -7.970878663672e-02  3.690897676162e-01 
-1.646994901891e-01  1.634501918040e-01  1.320559515774e-01 
 3.766643579298e-02  1.405354021558e-02 -1.615754475620e-01 
 1.632744664464e-01  5.049145734946e-01  5.931544808608e-01 
-1.433214019957e-01  3.361737423757e-02  2.508375982474e-01 
 5.681687702824e-01  9.347320872679e-02 -2.873893767187e-01 
 2.123510178056e-01  5.348259892601e-01 -2.907060155037e-01 
-1.245543388959e-02  2.267348501502e-02  1.631177883375e+00 
-4.311232349307e-01  1.059173058688e-02  8.275565782970e-01 
-1.825363504913e-01  4.505762875738e-02  3.419008421415e-01 
 5.188701450219e-02 -2.917227830418e-02  4.805364018264e-01 
-1.495665661001e-01  8.341688649860e-02  2.461392619978e-01 
 1.079994782647e+00 -1.905178956838e+00  2.743204173960e-01 
 7.728710869676e-02  6.679606818267e-01  5.838284018386e-01 
 9.008594251674e-02  1.221574380590e+00 -8.069460869549e-02 
 2.995503361437e-02 -5.863217291635e-02 -3.004584780845e-02 
-3.381880594413e-01 -1.766572059491e-02  3.387342845633e-01 
-1.882061216725e-01 -5.590378191547e-02  4.058636829252e-01 
-7.658985245937e-01 -2.028965976002e-01  7.912299493663e-01 
 1.064818351901e-01  1.570212412979e-01  2.667212295565e-01 
-2.572869382747e-01 -5.051572214754e-01 -7.882466232150e-02 
-4.704527424979e-01 -1.596274080751e-01 -1.650077389137e-01 
-6.810499566856e-02  8.389912374250e-02  6.112318309566e-02 
-6.270539955418e-02 -2.765391098347e-01  4.854088852260e-01 
 8.763495280744e-01 -1.113712552903e-01  3.047176064380e-01 
-6.265937964075e-02 -2.559599903783e-04  6.520370284136e-02 
 1.403521310117e-01  2.272200555920e-01  3.545185011558e-01 
 1.979497962906e-01 -3.204232750095e-02  1.211961471714e-01 
 4.791391738978e-01 -7.423667892120e-01 -9.082765040937e-01 
-1.683840671921e-01  3.310994058163e-01 -2.861322704315e-01 
-5.915626767241e-02  6.688223865409e-02  8.604226607921e-02 
 1.009781065655e-01 -3.107469665361e-02  1.206736809655e-01 
-3.349263039080e-01 -1.302130771477e-01 -2.297249531624e-01 
 2.252265840196e-01  6.155597606823e-02 -1.625288538271e-01 
 6.420927574653e-01 -1.615594506930e-02 -2.470499195073e-01 
-1.520454075993e-01 -4.935058278662e-01 -5.483149167488e-01 
-2.151268912943e-01 -6.640343419290e-01 -3.950823200499e-03 
 4.374699683484e-01  4.528854618292e-01  1.727459815002e-01 
 4.386337365442e-01  5.869076627637e-03  5.368802350060e-01 
-1.664129926833e-01 -7.939350416497e-01 -1.091318378423e-01 
 1.088383546875e-01 -1.829177025968e-01  3.993850042085e-01 
-8.301242364405e-02  6.772990672427e-02 -2.565107307328e-01 
-2.997295230850e-01 -1.308731583926e-02  1.091915940532e-02 
-2.256450724697e-01 -1.977923410425e-01 -1.250932625369e-01 
-5.484372574402e-01  4.847359228053e-01  2.782664938796e-01 
-1.881957825724e-02 -1.090009291586e-01  1.676486809296e-01 
-2.406323048256e-02 -2.170155467335e-01  8.887700379268e-01 
-1.840594847197e-01  1.593749647818e-02 -4.839646423379e-02 
-2.683822096349e-01  2.696826394639e-01 -2.304781585038e-03 
-1.780566847154e-01  1.900345276011e-01  2.499291355926e-01 
-6.772165722772e-02 -1.108639061413e-02 -7.119894661667e-03 
-3.196782844396e-01  9.722663322400e-02  4.085008861934e-01 
-7.646357919417e-03  2.005881192705e-01  6.252547501964e-01 
-1.854922357327e-01  5.699002841470e-01 -1.731827768860e-01 
 3.477449621355e-01 -3.154634501758e-01  1.920391273404e-01 
-3.968800216973e-02 -2.959715611110e-03 -1.317870762203e-01 
-6.616964451790e-01  3.096242290907e-01 -2.346214735937e-01 
 2.370478885625e-02 -1.088036928370e-02 -4.730553980226e-01 
-2.196420869727e-01  5.155320883056e-01  5.941652306487e-01 
 3.062305490131e-01 -8.048865150258e-02 -3.433859663752e-01 
-1.490697298747e+00  1.540196928912e+00 -1.044244254487e-01 
-5.610088392072e-02  3.605670955948e-01 -5.060129981571e-02 
-1.427388123499e-01 -9.176057446391e-01  1.187398280589e-01 
 7.842651690110e-01  6.527241951902e-03 -1.535328024316e-01 
-9.524964324638e-02  2.586590131464e-01 -1.268428840464e-01 
 2.027225220358e-01  2.491405158162e-01  5.056177725112e-01 
 3.533210844719e-01  2.894305575062e-02 -2.107375638349e-01 
-2.876837950246e-01 -7.529805122003e-02  9.508379508534e-02 
 5.153758126202e-02  2.065783016129e-01 -7.847058665081e-02 
 5.008126348582e-02 -6.858825432887e-01 -9.373487045015e-02 
-5.843783138146e-01  2.038947939434e-01 -5.524185297515e-02 
-3.130212786868e-01 -1.599648625497e+00 -7.741841543682e-01 
-1.775048282487e-01 -1.723962872785e-01  1.281428497330e+00 
 2.209560485265e-01 -9.780621635205e-03 -3.433185013520e-01 
 3.360062377110e-01  2.479408308612e-01 -1.125092028154e-01 
 7.658867854061e-02 -5.866850650884e-01 -1.061205235990e-01 
-5.775436325244e-01  7.041614490893e-03  1.360506286697e-02 
-2.163370946229e-02 -3.359304651325e-01 -1.610381147879e-01 
-1.964705731987e-02 -4.005266793834e-01 -4.717804016556e-01 
 1.632119037273e-01 -1.180922408108e-01 -1.615820349349e-01 
-1.515583485773e-01  1.677044338456e+00 -4.208615529727e-01 
-8.044418533101e-01 -2.640304603537e-02  7.002584919549e-01 
 8.207131776995e-01 -2.209310424896e-01 -4.737486963238e-01 
 2.414353751214e-02 -1.873796613085e-01  5.634144469541e-01 
-1.298639329542e-01  4.281168195160e-01 -1.707763816787e-01 
-1.362544160122e-01  1.500289283195e+00 -3.201636761757e-01 
 7.422663876775e-01 -1.334414828871e-01  4.116435433208e-01 
 7.842593793115e-02  1.758951008184e-01  6.560999721654e-02 
 3.569252482015e-01  9.209582835973e-02  5.478178721322e-02 
-2.614285343765e-01 -1.570735874896e-02  8.052566783649e-01 
-1.434514541597e-01  6.741909662102e-01 -8.372622051095e-01 
-3.672260992209e-01  2.231385192439e-01  3.839310749793e-01 
 1.687203161452e+00 -1.600415102170e+00  1.860414653756e-01 
-1.269340374652e-01 -3.707685623704e-01  2.221115931232e-01 
-6.301370626484e-03  1.000920727933e+00  1.570917485023e-01 
 7.594059713391e-01 -3.904423536964e-02  3.829561669904e-02 
 1.527525964168e-01 -1.394965409030e-01  3.560498907906e-01 
-2.902976628863e-01  2.900899773400e-01 -5.285212107848e-01 
-7.292111725787e-01  9.386154341067e-02  4.126806323222e-01 
-9.849647177067e-02  2.007564832819e-01 -1.301666732598e-01 
-5.517623566285e-02 -1.590131406316e-01 -1.264474878053e-01 
 4.287773903452e-02  4.275891088266e-01  1.748422626293e-03 
 5.518999678354e-01 -4.879362041449e-02 -4.071101046576e-01 
-3.640161643616e-02 -1.408850020004e-01 -4.845177607339e-01 
 1.508961271063e+00 -2.359859910025e-01 -2.575445154497e-01 
-2.339508738646e-01 -1.214597164263e-02 -3.613245701893e-01 
 3.035673692889e-01  2.027792962599e-01  6.162425426924e-01 
-1.185936975804e+00 -2.773455762531e-01 -3.512234989555e-01 
-1.392772695307e+00  1.779512590764e+00  7.694783552199e-01 
 9.388484691458e-02  3.824954895108e-01  6.056874371702e-01 
 1.035736853582e-01 -6.825643504070e-01 -1.603513333799e-01 
 2.259109225071e-01  1.104847137399e-01  3.204062258972e-01 
 1.566217839441e-01 -1.753970608146e+00  5.068543593712e-01 
 8.590051911796e-01 -1.240699772639e-02 -3.206108174207e-01 
-1.071976748126e+00  2.203048252626e-01  3.423807317481e-01 
 1.183710925704e-01  4.214637135073e-01  1.109348147323e+00 
-1.248050917965e-01  4.466041942510e-01 -4.926910469640e-02 
-2.929504625289e-01  1.952884478271e+00 -7.073028914312e-01 
 6.745471443919e-01 -2.091307407489e-01  6.955245067589e-01 
-4.164046466960e-01 -1.995946355267e+00 -5.936031774705e-01 
-2.065827117377e-01 -5.883528597021e-02 -1.176105847697e+00 
 1.686484663161e-01  1.381470617338e-03 -2.991853022083e-01 
 2.177926334016e-02 -1.576444187522e-02 -7.294097421679e-01 
 1.792757360011e-01 -1.611119072021e-01 -1.590118274395e-01 
-4.065643147896e-01  2.852245756452e+00 -1.151213111212e-01 
-2.810445584488e-02 -4.360929314328e-01 -7.320667922610e-02 
-2.712830687305e-02 -9.108332902159e-01 -2.081156516464e-02 
 2.888053316043e-02  1.371230844242e+00 -1.288425518673e-01 
 4.955663873602e-02  6.994971557729e-01 -3.851706805307e-01 
-2.813335292882e-01 -1.430112528022e-03  1.880255722054e-01 
-1.452545395324e-01  1.680390073889e-01  1.951281636716e-01 
 3.941749584612e-02 -1.829669716634e-01 -5.252220462748e-01 
 2.847797477604e-01 -3.239528214611e-01 -7.531563181406e-02 
-1.721670278570e-01  1.963662458757e-01 -5.373897942793e-02 
 8.191608233880e-02 -3.972125410153e-02  3.105201467930e-02 
-1.184921254645e-01 -6.387878487436e-01 -1.011485030756e+00 
-2.242936601207e-01 -6.181316154208e-02  4.611900437970e-01 
 2.133427732479e-01 -3.062439280183e-02 -3.744814318868e-01 
 4.719131689938e-02 -1.513530356386e-02  2.021405982543e-01 
 2.815494387778e-01 -5.727430802693e-01 -1.326535163166e-01 
-2.177946387113e-01  2.770919280257e+00 -4.748197957463e-01 
-4.255419672730e-02  8.666812703084e-01 -2.105732141096e-01 
-2.337100560687e-02 -3.033747522482e-01  3.210831421139e-01 
-4.226083219317e-02 -2.263743646728e-01 -5.165570902195e-02 
 1.152119380744e+00  1.148252419159e+00 -3.795225745064e-01 
-2.580736572671e-01  1.819463393337e-03  5.580130527682e-01 
-1.260155950742e+00  5.163579240928e-01  4.616661402582e-01 
 1.174340998621e-01  4.742952730349e-01 -2.480524600579e+00 
 8.714069221363e-01 -7.880980116631e-01 -1.490076647711e-01 
 7.158229530208e-01  6.064961469672e-01 -4.473115904475e-02 
 9.825834886562e-02 -1.339505332924e-01  3.051295821802e-01 
-7.519285414694e-02 -3.842072291060e-01 -3.310023691479e-01 
-6.118560405767e-01  1.116979423987e-01  2.306336115027e-01 
-4.967323526565e-01 -9.052227061459e-03 -4.682651102120e-03 
-7.689788336178e-02 -7.527717812507e-02 -1.679481337334e-01 
 1.404406369186e+00 -1.375490166770e-01 -7.396106416555e-02 
-2.894423097491e-01  2.045784592659e-01  5.628161062579e-01 
 1.609611335687e-01 -2.145949544834e-01  5.630069792521e-01 
 4.635824727741e-02 -7.190307164498e-02  4.201678015878e-02 
 1.480358031345e-01  9.099226599446e-02  1.579540369635e+00 
-5.078494504144e-02  2.042415256039e+00 -6.041339984243e-01 
-5.435411774580e-01 -7.923257849296e-03  4.038166612307e-01 
-1.437791336433e+00  6.349364581442e-01  5.827038964443e-01 
 1.141329206770e-01  2.652020632247e-01  1.957969046725e+00 
-8.370346574793e-01  7.471475995434e-01  1.526533851865e-01 
-2.010400632786e-01 -1.137507163297e+00  3.637646517817e-01 
-3.778038001474e-01  1.682606704095e-01 -5.728344195600e-03 
orbocc
(*)
 0.000000000000e+00  0.000000000000e+00  0.000000000000e+00 
 0.000000000000e+00  0.000000000000e+00  0.000000000000e+00 
 0.000000000000e+00  0.000000000000e+00  0.000000000000e+00 
 0.000000000000e+00  0.000000000000e+00  0.000000000000e+00 
 0.000000000000e+00  0.000000000000e+00  0.000000000000e+00 
 0.000000000000e+00  0.000000000000e+00  0.000000000000e+00 
 0.000000000000e+00  0.000000000000e+00  0.000000000000e+00 
 0.000000000000e+00  0.000000000000e+00  0.000000000000e+00 
 0.000000000000e+00  0.000000000000e+00  0.000000000000e+00 
 0.000000000000e+00  0.000000000000e+00  0.000000000000e+00 
 0.000000000000e+00  0.000000000000e+00  0.000000000000e+00 
 0.000000000000e+00  0.000000000000e+00  0.000000000000e+00 
 0.000000000000e+00  0.000000000000e+00  0.000000000000e+00 
 0.000000000000e+00  0.000000000000e+00  0.000000000000e+00 
 0.000000000000e+00  0.000000000000e+00  0.000000000000e+00 
 0.000000000000e+00  0.000000000000e+00  0.000000000000e+00 