2mocoef
header
1
MO-coefficients from MOLCAS
1
48   48
a
mocoef
(*)
-1.134518937824e-04 -3.966830778786e-04  9.966147978984e-04 
-1.238317285230e-04  9.295150030998e-05  1.208506155570e-04 
-1.010750720111e-04 -8.180921331397e-05  7.156017784896e-04 
-6.096805692899e-05  5.550456213630e-05  1.427178790282e-04 
-9.878631760126e-05 -2.207422250904e-06  1.000598994966e+00 
 3.021097046957e-03 -3.212097080372e-03 -9.169252946768e-04 
 9.566782166269e-04 -2.821552275650e-04  6.469085008903e-04 
-3.913095494892e-04  8.528137091275e-04  1.003434224020e-05 
-7.170516231073e-05 -4.933962276942e-04 -9.017118910039e-05 
-3.380089466912e-04 -5.957379935769e-06  1.193160498827e-04 
 4.482762961032e-05 -2.958249742181e-05 -8.094960711313e-05 
 1.135408453147e-04  3.475205160240e-04 -1.524338467115e-04 
-2.049717193380e-04  1.470618335993e-04 -7.472464338575e-04 
 9.606918790023e-04  3.018883009753e-05  7.057335438958e-04 
 4.532378076561e-05 -1.680137616069e-04  1.654181859797e-04 
-5.292262907018e-05  8.774989152993e-05  1.320922815374e-04 
 1.001207792370e+00  6.414971784512e-03 -5.631650250791e-03 
-6.631963120609e-04 -4.727017867878e-04  5.278933890476e-04 
 5.826897550530e-04  3.651604245070e-04 -1.041408052467e-03 
-9.653040313319e-04 -1.473483346228e-03 -2.994186870641e-04 
 1.024913708103e-03 -5.459296987732e-04 -6.988512227514e-05 
-1.254804961623e-04  6.400042785988e-04 -3.536594308105e-05 
 1.691661218989e-05 -5.892140498774e-07 -1.053575004059e-04 
 4.734160341822e-05 -3.837125660284e-04  1.452475420141e-05 
-1.686668180099e-05  1.691304006837e-06  3.772482219189e-05 
-1.891329106152e-05 -2.451027972987e-03  2.288981586516e-03 
-4.570289403146e-04  1.574001919149e-04 -6.213385364436e-04 
 3.049636667007e-05 -3.194647923720e-05  8.942696847841e-06 
 1.194731991103e-05  5.780879779797e-05 -1.418156811728e-04 
 3.969448584559e-04  3.695555314221e-05 -4.646527168943e-05 
-7.175304617674e-05 -2.702555042686e-03  2.656568209348e-03 
 2.256668720945e-04 -9.920435907937e-04  2.330863840396e-04 
-6.764443241427e-03  1.487303733139e-01 -2.618377978628e-02 
-2.669475263453e-02  2.662362744025e-02  2.443256215829e-02 
 7.425784533193e-03 -4.224639340196e-03 -4.266828851520e-03 
 1.862620707459e-05  3.039883374407e-03  1.002081717701e-02 
-2.343420552144e-03  6.266126155433e-05 -7.331310403236e-03 
 8.527707154512e-01 -1.008235909657e-01 -3.106253262429e-02 
 1.071651989715e-01  4.129601206843e-02  2.139193817330e-03 
-5.260499073139e-02 -1.932147203396e-02  9.301041674525e-04 
-1.592879269826e-03  7.559683865551e-04 -3.107009926631e-03 
-7.195163622736e-03  8.159337241299e-02 -3.839104191376e-02 
 2.775537505727e-03 -2.977470059603e-03  6.416131988074e-03 
 2.034246084746e-01 -9.475841673732e-02  7.725503549680e-03 
 1.895680605151e-02 -1.291522123979e-02  4.007909589815e-01 
-1.950775263074e-01 -2.937332909400e-03 -3.854569864142e-02 
-2.664610941118e-03  4.729177107271e-02 -3.382785283445e-02 
-2.270089722899e-03  5.002959000694e-03 -3.203794523793e-03 
 1.258240033675e-02 -7.690562236880e-01  1.436112297315e-01 
 1.501141487363e-01 -1.497742607609e-01  2.112566854234e-01 
-4.503014399537e-02  4.505410545590e-02 -6.928342021933e-02 
 4.493548490398e-03  4.929818824564e-03 -1.083899910522e-03 
-6.291945133658e-03 -1.084549427540e-03  7.835607821769e-05 
 1.801781963455e-01 -9.710050357694e-03 -4.362669845474e-03 
 1.296518300986e-02  5.357982167126e-02  2.200397537818e-03 
-1.594466932533e-02 -1.153389012922e-02  5.010641199313e-04 
 2.081086593439e-05 -5.111026611202e-03 -1.430190008087e-03 
-1.338941970375e-03 -6.071741743185e-01  2.762434617781e-01 
-2.184127161163e-02  2.176589921975e-02 -2.920564137320e-02 
 6.113554625313e-02 -3.120524546840e-02  2.053079226137e-03 
 4.999444873411e-03 -3.311666400570e-03  8.742995337957e-02 
-3.891204329560e-02 -4.959625792005e-04 -8.051903424232e-03 
-8.168087904151e-04 -1.502857227588e-01  9.226696184422e-02 
 8.248486536595e-03 -1.676366738374e-02  1.183121079571e-02 
-2.584958758254e-03 -1.438890066254e-02  2.765542099120e-02 
 3.551912134988e-02  1.758528735424e-02  4.842735368510e-02 
-3.320870721557e-03  1.952699342804e-03 -1.532961628957e-03 
-9.848423207394e-04  7.935243919692e-03  4.458016299979e-03 
-3.670304109239e-04 -1.427782331696e-03 -6.395907375800e-04 
-9.996638482888e-02 -5.904834499255e-02  1.710824205021e-01 
 6.463546055362e-01 -1.916881873114e-01 -1.150497608946e-02 
-8.426856081346e-02  1.829788439176e-02 -7.662123257520e-03 
 6.229256067805e-03 -5.095312506414e-03  5.237975837817e-03 
-9.359157790106e-03 -4.656789567076e-02  1.820895841054e-02 
-5.245488273468e-04  1.782467351348e-03 -8.911641557825e-04 
-5.077155183741e-01  1.823223478293e-01 -1.431539764848e-02 
-2.035137846175e-02  2.636552547521e-02  5.135061948878e-01 
-2.166339526400e-01  1.577718315249e-03 -2.945942923935e-02 
-1.004714439522e-02 -9.863071363912e-03 -7.147218172037e-03 
 2.273324857975e-03 -7.420512335397e-04 -2.529982062887e-03 
-5.105633020529e-03 -1.851800198786e-01 -6.786677077075e-02 
-7.540206355977e-01 -5.057377050830e-01 -1.026140966776e-01 
-3.921640937748e-02 -2.325195198408e-02  2.290813200943e-04 
 7.128234349663e-03 -9.938676397516e-03 -2.031751800475e-03 
-7.824575411561e-03 -8.038363631384e-04  1.098774327957e-04 
 5.079577960735e-02  2.416335987300e-02  1.170883569463e-01 
 2.962482078037e-02 -3.411057394325e-02  1.406218632210e-02 
-2.807191877350e-02  1.560671332367e-03 -6.462113345928e-04 
 8.689117400636e-03 -1.845716650412e-03  9.316949381874e-03 
-3.837196958610e-03  1.192418262119e-01 -4.165684012938e-02 
-1.674409863344e-02 -1.909000266994e-02  3.567842595163e-03 
-1.198398419576e-01  1.978420305513e-02  8.407296834260e-04 
-4.652101547583e-03  3.266516643691e-03  5.920904186996e-02 
-2.564827205925e-02  3.119205088089e-03 -3.310097361869e-03 
 2.155075978125e-03  1.084776798585e-01 -4.674602461046e-03 
-2.754972868150e-02 -9.854334077448e-03 -1.581744399515e-03 
 1.569123033243e-03  1.333456461422e-01  1.591741319647e-03 
 1.136788571478e-01 -2.845113715398e-01 -5.496319621070e-03 
-3.390960213158e-02  5.021751199330e-02 -1.852272668457e-02 
-3.191171881797e-03 -1.472889511835e-03 -2.025656527579e-02 
-6.477238140932e-03 -5.730526192248e-03 -1.840208624461e-04 
-1.877755309106e-01 -8.026929796490e-02 -7.602780928858e-01 
 2.760803212095e-01  1.793151810979e-01 -5.699089063856e-02 
 3.563046695296e-04  5.052851202915e-03 -5.052608698922e-03 
 1.025946583958e-03 -8.731558025601e-03  1.234951126105e-05 
 6.773939579731e-04 -1.108282386970e-01  3.563187612632e-02 
 5.638690182635e-04 -3.515918633145e-03 -4.747505875254e-03 
 1.449870089358e-01 -3.640018560389e-02 -1.144520112874e-02 
 1.299471961949e-02 -4.929655858016e-03  1.802023184921e-01 
-5.904121586784e-02 -2.151805847098e-02 -6.764562975690e-03 
 1.568323440214e-03  2.749143575665e-01 -1.238076175842e-01 
-4.041241714159e-03  6.551040702608e-03 -1.661023431680e-02 
 9.821506011203e-03  1.244322973617e-01 -8.016104858789e-02 
 2.468193569195e-01 -3.171294307263e-01 -2.875168998499e-01 
-1.385531904282e-02  4.900277642314e-02 -6.774301175971e-03 
-4.187579309454e-03 -8.030569022603e-03 -2.599448917971e-02 
 2.027864134833e-02 -8.027560585027e-03  9.057251383188e-03 
-2.095754501050e-02 -7.292214873476e-02  4.003555368730e-01 
 9.213129027027e-02  5.396415062071e-01  4.326319642896e-02 
-1.409666307518e-02  5.318483396394e-02  2.143647956630e-03 
 3.492793281442e-03 -1.539486609604e-02 -4.877400673966e-03 
-5.178651682326e-03  1.709466963530e-02 -2.799298768654e-03 
 5.208281894407e-03 -6.536247831373e-03 -1.001509307564e-02 
 1.007347102027e-01 -3.612587579829e-02  1.147704953825e-02 
 6.076967864233e-03  3.114272523322e-03  1.715978562196e-01 
-5.129060427003e-02  1.119918387572e-02 -8.510891574301e-03 
 1.134623479151e-02  2.795131059440e-01 -8.669324611017e-02 
 2.222415863894e-03  6.079888170256e-03 -1.551315020196e-02 
-5.132646266001e-03  2.874498274140e-01 -5.778132197518e-02 
 2.315033359884e-01 -3.930943471442e-01  3.955462389612e-01 
-7.207671624001e-02  1.165130635749e-01 -1.105371027613e-01 
 1.861812471129e-03 -2.686247713924e-03  6.755731248507e-03 
-8.528871680334e-03 -7.177538296608e-03 -4.144000520345e-03 
-1.123240675204e-02  4.383331545134e-02  1.312447943864e-01 
-1.302655218813e-01 -2.629801148632e-01 -2.710192027525e-03 
 1.323385249951e-02 -7.084200941612e-03 -7.658559658237e-04 
 5.758152425353e-03  1.312167109044e-02 -1.706835946805e-03 
 1.534870854088e-03 -3.400549450923e-01  1.252787214533e-01 
-7.722344135108e-03  4.847645897105e-03 -5.102513972493e-03 
-1.164767269997e-01  4.049268116324e-02 -1.360698251435e-03 
-8.020688087931e-03  3.737255095580e-03 -1.458422102225e-01 
 5.829785033983e-02  3.096816375417e-03  9.387002171676e-03 
-2.094188937983e-03  5.853718602426e-01 -2.629678786980e-01 
-1.213241026499e-02  3.079210039977e-02 -8.451784823142e-03 
-2.254937932582e-03  1.920523441252e-01  1.796906609195e-01 
-2.622620939873e-01  1.730836626746e-01  5.519614348655e-01 
-1.104860035611e-01  8.650037482314e-02  1.999476808493e-01 
-1.973962005548e-03 -3.118734947494e-03 -1.643789549717e-02 
 2.921161454942e-03 -3.046596386996e-03  1.675510309361e-02 
-3.287784992290e-01 -5.343002233326e-01  1.393044383595e-01 
 1.254715097739e-01  3.224717433663e-01  6.430871646436e-02 
 4.652522461679e-02  1.113746848164e-01  2.767706869941e-03 
-2.273203660139e-03  1.694546519321e-02 -5.700839124261e-03 
-1.788696638959e-03 -7.814600378176e-02 -5.383429235449e-02 
-1.472097231728e-02  1.114919323089e-02  1.771574261455e-02 
 3.106918508495e-01  2.794713576482e-01  5.578307492306e-03 
 7.007176117327e-03  1.152984131244e-02  9.592103280671e-02 
 1.586776550616e-01  5.116069440114e-03 -3.343273254335e-03 
 6.542432480290e-03  9.473466543536e-02 -1.222034623116e-01 
-7.343897324617e-03  3.862923538587e-03  7.209630344377e-03 
 2.017370283328e-02 -2.887846226789e-01 -9.927846963232e-01 
 8.755207761440e-02 -1.221398597691e-02 -2.004675647352e-01 
 2.262577119737e-02  1.304507767959e-01 -1.997846084580e-01 
 7.488153011348e-03  1.243181222825e-02  1.387537377810e-03 
-1.654530758315e-03  2.936642125049e-03  2.353688912321e-02 
-1.287862845663e-01 -5.742092180132e-01  7.526738304318e-02 
 4.935772294737e-02 -3.864831035269e-01  6.263127563019e-02 
 4.466463544791e-02 -3.116900851191e-01 -5.690616578015e-04 
-4.627902728946e-03 -1.391583256838e-02  3.685479603516e-03 
-3.593387991505e-03  9.001533521838e-02  4.420970326515e-01 
 9.094487056405e-03 -5.143860019362e-03  1.008371485861e-03 
 1.931998034833e-01  7.179844159545e-01 -9.924305721497e-05 
-1.102805844137e-02 -1.186396504481e-02  1.665427093969e-01 
 3.206378153618e-01  7.277527584467e-04 -1.275634577384e-03 
-1.145170188854e-02  6.323264493719e-02  8.457183960768e-01 
-6.491826645537e-04  2.918837386170e-03 -5.802559139215e-03 
 2.858320910907e-02 -1.961240416133e-01 -1.208320151549e+00 
 9.219622131565e-03  1.209818632675e-01  2.378937292856e-01 
 7.748158147252e-02  1.059754057606e-01  3.158229647510e-01 
-5.939399167588e-03 -1.152650577213e-02 -1.401874614035e-02 
-1.769086551853e-03 -3.933474819990e-03 -8.563508993586e-04 
 1.995512261769e-02 -1.302176698127e-02 -1.400445360694e-01 
-1.691886407101e-01  2.819483385013e-01 -1.305138604302e-01 
-2.289939926665e-01  2.558463162688e-01 -7.297529201418e-03 
 9.264031078152e-03  7.645185734959e-04 -1.598914524113e-03 
 7.850584624482e-03  1.718387155076e-01  1.053415323513e+00 
 5.681236548785e-04  8.629105107381e-03  1.456527365195e-02 
-2.522865684708e-01 -7.307255977016e-01  2.405758309186e-03 
 2.521338300248e-03 -1.651825823810e-03 -1.184084562088e-03 
 4.205803923127e-01 -7.151548056697e-03 -9.034591668831e-03 
 6.184204135113e-03  2.815876480230e-01  6.850412848824e-01 
 5.851842378424e-04  5.415607557142e-03  5.720803396219e-03 
 2.204155733003e-02  1.838564872036e-03 -5.107254385929e-01 
-1.189241426113e-01  3.216172426175e-01  2.591662726896e-03 
-3.750050101545e-01  6.957477948930e-01 -3.711137392864e-01 
-9.167978102961e-03 -4.275845410931e-03 -6.569452920249e-03 
 7.914677975498e-03  6.171163302653e-03 -2.070595070541e-02 
 3.380450909813e-02  5.284560678181e-01 -4.181800237963e-02 
 2.958067513595e-01  1.111516976791e-01  2.559945976606e-02 
 3.975943312576e-01  4.566341289230e-02 -5.728359691275e-03 
 5.647873588301e-03 -7.195273689906e-03 -7.396236415209e-04 
-1.517496204925e-02  1.221620098901e-01 -9.991291363012e-01 
-1.761238667265e-03  1.167591002450e-02  1.069232362255e-03 
-4.695380371945e-02  2.145094811958e-01  4.103287326450e-03 
-7.723062519810e-04 -5.066977581086e-03 -6.672750574825e-02 
-1.263893844650e+00 -3.881147182574e-03  2.173435479761e-02 
 6.080624294516e-03  1.421455868552e-01  1.727549281314e+00 
-1.595666113791e-03  7.110592301123e-03 -1.107368786191e-03 
 7.898286170975e-03 -6.679145773732e-02 -4.309044898538e-01 
 1.509712703868e-01 -1.749402187322e-01  2.617264951333e-01 
 4.396668142005e-01 -6.445047790778e-01  6.814700899928e-01 
-2.612023863356e-03 -2.034095428116e-03  3.344678643104e-03 
-1.909726982009e-03 -6.178105080074e-03 -1.091196849119e-02 
 4.499957759686e-02  3.439992127454e-01  5.931112961396e-02 
 2.677915289463e-01 -2.650218170480e-03  4.512030159101e-02 
 3.517071150012e-01  2.717837257352e-02  1.048377330844e-03 
-1.704660131463e-03  1.834511846355e-03 -5.513640005880e-03 
-6.809877392082e-03  7.818343459337e-02  1.890023024936e+00 
 7.210889076562e-04 -5.998124737082e-03  2.178103219634e-03 
 1.247538719601e-01  4.113485631345e-01 -4.367073778375e-03 
 4.556385481447e-03  8.947395082656e-03 -1.128566709429e-01 
-1.050352677707e+00  3.299120326995e-03  1.133345227908e-02 
-1.274719953350e-03  5.885981336452e-02 -1.186014603729e+00 
 6.623857393703e-03  2.842622395511e-03  6.242666402449e-03 
 1.164419125143e-01  3.173418369852e-01 -4.243361327120e-01 
 1.650510527195e-02 -1.937611615403e-01 -3.489070176629e-01 
 1.480600430854e-01  2.408760543227e-01  5.281294375876e-01 
-1.197219879078e-01 -1.686944500209e-01  1.867303071442e-02 
 1.035533664380e-01 -6.761888990320e-02  1.070704770316e-02 
 2.924832932733e-02 -1.227368276677e-01 -9.375373366883e-02 
 5.748831788797e-02 -1.902419240260e-01  6.862659940166e-02 
-3.208501763524e-01  3.733439981297e-02 -1.046571201596e-03 
 9.230962047122e-03 -2.436464657717e-02 -2.095067275415e-02 
-1.652508454069e-02  1.107065812803e+00 -8.888182327682e-01 
-3.548316397254e-02  4.676248042075e-02 -7.361956954400e-02 
 1.154856914816e-01 -8.655797870666e-02 -2.411697198397e-02 
-2.509153714078e-02  9.027824041409e-03  4.320266576694e-01 
-1.582286467364e-01 -1.084839664210e-02  9.765955299670e-03 
-6.871741050068e-03  1.066330628326e+00 -1.215085702236e+00 
 3.536820248930e-02 -7.435958121390e-02  5.491681715527e-02 
 2.824482431133e-02  1.473968507934e-01  4.673130527455e-02 
 5.498475593361e-01  2.913638046308e-01 -1.734433721507e-01 
-4.857434767576e-01 -5.834557194355e-01  4.050671355989e-01 
-1.414465168359e-02 -6.585245604283e-02  5.240221438531e-03 
 6.054894818328e-03  4.058660124593e-03  3.136978307562e-02 
 2.658019691306e-01 -4.112906114665e-01 -5.627833096788e-02 
-1.149992145331e-01  9.886152449505e-02  2.911146089447e-02 
 1.666824927324e-01  8.721095932222e-02 -4.862927353134e-02 
 7.820147055729e-02  2.676142849767e-03  4.134102893820e-02 
 6.269679369604e-02  2.009639364251e-01  1.154536242963e-02 
 1.606649882604e-02  2.336818427317e-02 -1.883807391222e-02 
-1.770288694923e+00  1.900436349314e+00  2.053326143302e-02 
 7.465977527770e-02 -3.680978371552e-02 -5.395353378982e-01 
 4.121041057660e-01 -3.678632667846e-02 -5.705388437041e-02 
 6.874770081832e-02  2.670688213594e-02 -5.140428123189e-01 
 2.685947873968e-02 -4.574789198794e-03  3.590866948470e-02 
 2.498038471550e-02  1.596486367719e-01 -3.867939992682e-02 
 1.124500321323e+00  5.715646840428e-01 -1.049820868700e-01 
-1.451513535838e+00 -5.893719486105e-01  7.641162443621e-02 
-4.590123726391e-03 -4.222723352996e-03 -2.451508049748e-02 
 2.053761699099e-02 -1.405697020305e-02 -1.316683269119e-02 
-1.694866482383e-01  1.012511357815e-01  2.098275881785e-01 
-2.874845861816e-04 -1.003574902702e-02 -1.020474114683e-01 
-1.900426325281e-01 -8.243437218906e-03  2.652930560119e-02 
-2.383834349458e-02 -3.296689049533e-02 -2.297937526800e-03 
-6.737642824628e-02 -1.364367195116e-01 -4.702730823719e-02 
 2.908217572187e-02  3.442150384724e-02 -1.769285145984e-02 
 6.826359266258e-01 -8.216515294018e-01  4.168508857920e-03 
-7.537868772161e-02 -1.085757390804e-02  7.494441666825e-01 
-4.968129795046e-01  1.828914017260e-02  7.165991196231e-02 
-5.297076506069e-03 -1.130508350593e-02  7.468022091913e-02 
 4.078654609878e-02 -6.166303317353e-03 -3.759260789156e-03 
 8.623237566958e-02  3.160928018143e-01 -2.853118953186e-01 
-3.613972063549e-01  7.933345658061e-01  9.929907573650e-01 
 7.122682397408e-01 -1.412689040629e+00 -1.182779250147e+00 
-4.709629748499e-02 -9.067222484317e-02  7.843889413606e-02 
 6.145732658584e-02 -3.818349459366e-03 -4.923175530703e-02 
-2.386884623782e-01  4.563328163988e-01 -1.321277703176e-01 
-6.243287895925e-02  4.777968736777e-02  1.557965976676e-01 
-4.119840116606e-02 -4.144213270620e-01 -3.039378021968e-03 
 4.489156140986e-02  2.550867164810e-02 -2.982659941410e-02 
-4.032610677770e-02  5.189413215221e-01 -2.280904366093e-01 
-3.518140107537e-02  3.531387092449e-02 -3.877152911733e-02 
-5.717966452991e-02  1.745176659656e-01 -1.033767909036e-02 
 8.125699710653e-03 -9.371767256112e-04  3.174967930185e-01 
 3.475785289704e-02 -1.780936381933e-02  5.978719278095e-02 
 1.052970058201e-01 -3.461761097367e-02 -6.652106355220e-01 
 5.105795719798e-03 -1.795279171814e-03  1.331880922020e-01 
-8.618724102076e-02 -4.132164259554e-01  5.866335365715e-01 
-2.642583669976e-02  5.472908584897e-01 -3.851044125638e-01 
 5.044113309731e-01 -1.623523299268e+00  1.447984023938e+00 
-7.410618619958e-02  4.931353378526e-02  3.864176630861e-02 
 9.864724332159e-02  1.724148135463e-02 -1.553224999908e-03 
 1.823955309375e-02 -1.219159006282e-01 -2.440174303515e-02 
 1.944232124365e-01 -4.615323980666e-01 -1.404766280726e-02 
 3.154696765913e-01  7.845127243031e-01  2.135618981958e-02 
-5.728132213257e-02  4.350383785468e-02 -4.513870984396e-02 
 9.253706197269e-02  5.255641165234e-01  6.373377356997e-01 
-4.346377992110e-02 -3.269300896160e-02  1.362313770550e-02 
 7.172079979805e-01 -8.504583132777e-01 -7.994126766822e-02 
 3.553655236142e-02  1.056447406339e-01 -1.260980550758e+00 
 1.047154892580e+00  1.493532042223e-02 -1.015635705721e-01 
-4.867934345036e-02 -4.009294003840e-01 -6.682859054036e-01 
 1.156905469267e-01 -7.255862271271e-02 -1.830661338787e-02 
-1.133242751614e-01 -6.678367921947e-01  1.166949454906e+00 
 3.455389162938e-01 -1.766885553509e-01  6.994143885653e-01 
-1.168424388331e+00  1.296516643651e+00 -2.204232577795e+00 
-1.381388973171e-01 -7.679266604713e-02  6.784467899516e-02 
 2.879129403832e-02 -1.564886883643e-01 -8.320429597821e-03 
 1.189703308837e-01  3.076674567546e-01  3.152905133044e-01 
 1.279781657342e-01 -3.658094605091e-02 -2.017591267036e-01 
 6.132909749273e-02 -2.590088827004e-01 -4.373634044955e-03 
-4.531659583517e-02  8.399105298121e-02 -1.481788076577e-03 
 6.929669742585e-02 -2.894796985540e-01 -1.816456137491e+00 
-4.633920761983e-02  1.424156125693e-01 -1.151286878622e-01 
 2.884494794160e-01 -2.922916204518e-01 -8.000753602751e-03 
 4.001774217442e-02  7.937306210942e-02 -1.033238302558e+00 
 1.020280468721e+00  1.175610003522e-02 -1.202204455824e-01 
-4.276860441509e-02  8.453830176967e-01  3.666952030997e-01 
-1.824272341103e-02 -7.755268566222e-02 -1.239944971083e-02 
 1.495998724197e-01  6.798389792753e-01 -1.169580261398e+00 
 5.115319606256e-01 -6.320544985023e-01  4.007821775622e-01 
-8.726732753144e-01  1.043672521445e+00 -7.115782011720e-01 
 3.767126581916e-02  1.069732308144e-01  1.441851316030e-01 
 1.495077402547e-01  1.752039748161e-01 -1.400012310857e-02 
-8.028144231421e-02  1.011823124929e-01 -6.858913688270e-01 
 4.601409943821e-02 -1.178850041584e-01  8.494499714372e-01 
 1.148413069328e-01  7.928015632604e-02 -4.152375611824e-03 
-1.731736262153e-02  3.022846183301e-02 -1.577939320204e-02 
 1.565307310690e-02  7.304298426883e-01 -1.220842307798e+00 
-9.835304635636e-02  1.354564943560e-02 -1.091131709547e-01 
 2.047586701732e-01 -1.766566858578e-01  4.484586781865e-02 
 1.755557645518e-02 -1.892913621715e-02 -2.336040208902e-01 
 1.579510817900e-01 -4.310726716349e-02  8.497476659877e-04 
-2.142143917273e-02 -7.396970598558e-01  1.789711632573e+00 
-1.124525058465e-02  2.429381080496e-01 -7.672239933047e-02 
-1.963986694664e-01 -9.323057150684e-01  1.432350181829e+00 
 1.421878355042e-02 -1.771519567789e-01  7.835166309659e-02 
 3.711055457445e-02  3.480470434406e-02  1.675471660657e-01 
-1.840488016782e-01  2.743185323297e-02 -7.653317505106e-02 
 1.437551162658e-01  5.236322809832e-02  2.923061027702e-02 
 1.083950233611e-01  1.115484008036e-01  3.697240866647e-01 
-9.677507890048e-01  8.161378142275e-02 -3.893557512107e-01 
 1.681937674633e+00 -5.700454802064e-02  8.830938244687e-03 
 5.885516977898e-03 -7.087714726341e-02 -3.816478436882e-03 
-7.170935436774e-02  4.265676118392e-01 -6.051362228371e-01 
-1.637159071792e-01  5.657689592050e-02 -5.230970659268e-02 
-7.455391814487e-03  4.962448569442e-01  1.410946485967e-02 
 1.164859294220e-01 -7.991530425331e-02  3.281064724585e-02 
-9.626875935077e-01  4.348605107792e-02  2.882696094970e-01 
-1.757282942952e-02 -3.021576171207e-01  1.412402509781e-01 
 1.128113714049e-01 -3.922261346215e-02 -1.109233045153e-01 
-1.445383169919e-01 -6.581564580149e-01  1.213550551009e+00 
-3.889813284220e-02  3.046419471830e-01 -9.537853396498e-02 
-2.785333044769e-01 -1.976025000530e-01 -1.985801617434e-01 
-2.964047419939e-02  6.989874776066e-02 -8.958462266792e-02 
 4.163178999942e-02 -2.273092807797e-01  4.768842903138e-02 
 2.178126387107e-01 -1.796333737230e-01 -1.082342232810e+00 
-3.201264469765e-01 -1.121059274081e-01  1.460394846682e+00 
 6.054849483041e-01 -3.802833682534e-02 -4.156056179109e-03 
-2.874392633916e-02 -1.917392498234e-02  3.453162960365e-02 
-3.887131430906e-02 -7.153848596153e-01  2.640427496614e-01 
 1.798977548172e-02 -1.027925802356e-02  3.992974719608e-02 
 7.558258866080e-02  4.346735549593e-01  1.326512200330e-01 
 8.219149343752e-02 -4.602449473615e-02  2.034806232910e-02 
-3.640574241334e-01 -1.520579706213e-02  9.557074251130e-02 
-8.526190094769e-02  6.924115433003e-01 -9.723067668722e-01 
 4.016602529806e-02 -1.655559495722e-01  4.362121040296e-03 
 6.585708712200e-01  2.965289521562e+00 -5.131094106622e+00 
-8.591764622222e-02  1.119145170209e-01  8.595683698079e-02 
 7.897280113181e-02  1.698620698470e-01 -2.608617053318e-01 
-1.472403855253e-02  2.700336869820e-01  1.084944713172e-01 
-1.813610651712e-01 -1.026066758317e-01  3.498848412537e-02 
 2.551347870010e-01  1.121217598655e-01  1.659123713661e-01 
-3.870568879123e-01 -2.096236183883e-01 -1.277415944867e-01 
 8.531270910752e-01 -1.019320292200e-01 -9.226564370848e-03 
-2.986759621644e-02  3.889305145924e-02 -1.131206653071e-02 
-7.059079299980e-03 -1.072935928556e-02  1.028465104380e+00 
 1.758154375444e-01 -6.922336702471e-02  1.780917759356e-01 
 2.361728655827e-01 -2.464205068169e-02  9.722159964826e-03 
 5.891354129479e-02 -4.955879289328e-03 -4.573025303887e-01 
 1.092766350445e-01 -1.194301679095e-02  7.479942407243e-02 
 7.115536526499e-03  5.593470823989e-01  8.998541677272e-01 
-2.760453148740e-02  1.365123252284e-01 -1.521123921530e-01 
-1.207027492360e-01 -4.616506869030e-01  9.655852040458e-01 
 3.342171514619e-02 -1.631149795865e-01  4.231065758761e-02 
-1.853129922599e-01  4.371667836413e-01  2.415687137435e-01 
 1.201904769859e-01 -1.563142311710e-01  1.202724033480e-01 
-1.623176715185e-01 -1.261920904760e-02 -1.892033226948e-01 
-8.906818996737e-01  1.436716500173e+00  4.856460726266e-02 
-2.025654154835e-01 -1.114067987373e+00 -2.146011664965e-01 
 2.196828867034e-01  1.845249041232e+00 -2.367277906655e-02 
 6.884952637547e-02  5.104011296574e-02  1.043898710565e-02 
-9.191314594125e-02 -1.420387301540e-01 -1.004459962948e-01 
 4.341091053686e-02  8.498668654431e-02 -1.472997489428e-02 
-3.081516398969e-01 -3.178056082221e-01 -1.924641187664e-03 
-4.585140586145e-02  2.608984789279e-01  2.686176214812e-01 
-8.579667129901e-01 -5.673297528214e-02  2.025292068494e-01 
 9.568223468333e-02 -1.309623113929e-01  3.808723573464e-01 
-1.067856019603e-01  1.321435728219e-02  3.901752820285e-02 
-5.317840625275e-03 -9.174870813371e-02 -1.643364385680e-01 
 7.166091565695e-02 -2.959836319162e-02 -3.257184227360e-01 
-8.074704976598e-02  2.863397840576e-02  3.270107848232e-01 
 3.216750235974e-01 -5.944872848923e-02  2.872184080283e-01 
 1.538487171507e-01 -1.766635441812e-01 -1.425240070540e-01 
-7.119778567159e-01  9.678678553645e-01  2.815030534290e-02 
-2.831063114725e-01  5.110899316646e-01  1.993357987698e-02 
 8.744837749112e-01 -5.832922533837e-01  2.109471651643e-02 
 3.944662904926e-02  2.230855486377e-02 -1.060510630435e-01 
 1.833038326300e-02 -1.869575945922e-02  1.098930176692e-01 
 1.787886628391e-01 -1.105450473075e-01 -2.085566377477e-01 
 3.017558066861e-01 -3.092065066837e-02 -1.260941396326e-01 
 2.021291683053e-01  2.534166712036e-02 -4.042088838043e-01 
-2.577860754936e-01  4.984646311081e-02  1.376742577816e-01 
-3.925667685822e-02  5.633895662745e-02  1.282262368125e-01 
-1.655436060827e-01 -1.543569179577e-02  1.944319965210e-01 
-1.972940492947e-02 -1.397113945422e-01  1.117089568804e-01 
-4.598444923595e-02 -1.029575311141e-02 -2.092909293907e-01 
-2.786756298072e-01  4.580103077781e-01 -3.898279708237e-01 
-3.552531145639e-01  1.024049926443e-01  2.343617763960e-01 
-1.442875137697e-01  2.418092103354e-01 -2.629148497451e-01 
-1.217991480524e+00  1.730274196131e+00  5.266140505513e-02 
 6.930784309675e-02  2.751505728112e-01 -7.927088617548e-03 
-2.511415192760e-02 -2.853689250566e-01 -1.401591525843e-01 
-4.436119514088e-02  7.616126243316e-02  4.136738033962e-02 
-4.706267059953e-02 -6.363008091620e-01  3.917815800634e-02 
-9.528221545508e-03 -1.962167579311e-01 -2.077731259778e-02 
-8.914869560982e-02 -5.889571738908e-02  2.199305494198e-01 
-2.392538543760e-02  1.945311650933e-01 -1.109757310864e-01 
-1.975684302532e-01 -2.209625422564e-01  1.072828059664e-01 
-7.867889368614e-02  6.836645842363e-01 -2.346525964894e-01 
 2.464710125016e-01  1.002208970509e-01  2.125322232269e-01 
 1.617475112839e-03 -3.023124286972e-02 -6.851375587088e-02 
 4.557636123586e-02 -1.082787467404e-01 -1.078427697208e-01 
-1.773093055533e-01  1.498424030668e-01 -1.444970953956e-01 
-2.824044435665e-01 -8.916708981136e-02  4.189477441325e-02 
-3.677500275426e-01  1.233771230711e-01 -2.415850136033e-01 
-1.102362603575e+00  1.567636845038e+00 -3.548280974214e-01 
 3.910949255861e-02  1.182636649509e-01  4.052879642572e-01 
 2.014444854887e-01 -1.947874948307e-01  2.016490962719e-01 
 9.279665069281e-02 -3.174980019349e-02  5.846791381689e-02 
 7.256247522795e-02 -7.334219768154e-02 -7.161928006872e-02 
 4.533712693724e-02  8.705774393466e-02  4.509348090390e-02 
 5.678062325536e-02 -7.839547817072e-02 -3.541955595130e-01 
 3.551528809975e-02 -1.473095082024e-01 -2.732476837528e-01 
-1.404738629715e-01  4.585506235818e-01  6.224036393769e-02 
 1.767876897086e-01  2.640381012386e-02  7.321225376404e-02 
 7.326720436137e-02  3.641421024248e-02  1.186770233132e-02 
 4.457230438450e-02  2.271423541509e-01 -1.750160554047e-01 
 1.723952232237e-02 -5.357437598506e-02  1.517586934540e-01 
-6.344251290468e-01  1.152539184028e+00 -1.156099302803e+00 
 1.109627173601e-01  1.471323175976e-01 -5.372976734215e-02 
 4.639383976530e-01  5.087616896751e-02 -8.215989871369e-02 
-2.865876958240e-01  7.728235828452e-01  9.840769589233e-02 
 1.560535889476e-02 -4.226622266772e-01 -7.704557489780e-02 
-1.862042079386e-01  4.147576756876e-01  2.824560245139e-02 
 8.371467019736e-02 -1.123109045975e-01 -1.213887888683e-01 
 4.480313499318e-02 -1.118796387671e+00 -1.605434893845e-01 
-1.540527708529e-01 -2.661455594618e-01  8.297607576734e-02 
-2.072857335145e-01 -5.707050497465e-02 -3.749988300488e-01 
-4.884098454658e-02 -1.362821719227e-01  3.903025085086e-02 
-1.396333326812e-01  7.631102369164e-03 -1.559303085529e-03 
 1.785129473819e-01  9.654449834762e-01  1.887296260223e-01 
 1.740152551688e-01  9.044496275168e-02  1.963700725518e-01 
 4.395661232511e-02  2.190304471845e-01 -3.658376252446e-01 
 6.792615216241e-02  3.867724064476e-02  4.407801953180e-02 
-3.900401723682e-01  4.061973609767e-01 -3.690687574268e-01 
 1.477732527452e-01 -3.915966752340e-01  3.440888926731e-02 
-1.607673573293e-01  4.554358001322e-01  4.650091796308e-01 
 2.092398415964e+00 -2.804570859170e+00 -9.715142634110e-02 
-2.618892299179e-01 -7.385437689579e-02  1.807997614078e-01 
 3.353933200403e-01 -1.639222439199e-01  4.298414959702e-02 
 3.602610516683e-02  1.203742207334e-01 -2.178077720479e-02 
-1.818214865324e-02 -4.598150362946e-01 -8.395009314390e-03 
-3.248241086889e-02 -1.387329490711e-01  2.361782916903e-02 
 4.579468043838e-01  6.283711109762e-02  5.990434272592e-02 
 2.715031367913e-01  1.480073483633e-01  1.977326534350e-01 
 2.127715486452e-01  1.707574426480e-01 -6.850515741314e-02 
-3.999457411689e-02  4.785276156517e-01  2.698668558740e-01 
 7.216534271644e-02  4.881192455926e-02  1.322632624893e-01 
 1.988630639050e-01  8.288679734100e-01 -1.364419298060e+00 
-3.522508613522e-03  1.329265518519e-01  2.391215379034e-01 
-3.567179128082e-02 -6.099862783734e-02 -7.419934249333e-01 
 2.135522283767e-01 -3.383475769874e-01 -4.517199041313e-01 
-3.452406491594e-02  2.554565471858e-01 -3.650650472518e-01 
-1.517110933833e+00  2.516780473515e+00 -2.091017333596e-03 
 2.641400839041e-02  3.212569275300e-02  1.570897346798e-01 
 3.624132217682e-01 -1.987922078135e-01 -5.734446608424e-02 
-1.486005274896e-01 -2.493068560572e-01  9.715469757548e-02 
 1.397256938596e-01 -3.068586319398e-03 -3.097837990062e-02 
 2.591562024764e-02 -4.155006270182e-02 -4.168799912870e-03 
-8.223701579902e-02 -2.914851113799e-02 -8.462705126658e-02 
 3.056079385807e-02 -4.790486538231e-02 -7.151190199203e-01 
 1.221435463013e-01 -1.012534541976e-01  1.738741764612e-01 
-4.375761036682e-01  2.665949753877e-01  4.548057346443e-02 
-2.874071870154e-02  6.692675001854e-03 -2.515505809539e-02 
 6.535844495934e-02  2.491421237367e-01 -3.949304470210e-01 
-1.020540287842e-01  1.253485334065e-01  2.017957275602e-01 
 1.231469716413e-01  1.610468208258e-01  1.800489826127e-01 
 2.092165979010e-01  1.877836957217e-02  8.193029217445e-02 
 1.165419025366e-02  1.373340609903e-01 -8.790511053550e-02 
-3.787585879315e-01  5.382928828568e-01  1.034484877276e-01 
-4.406078137715e-02 -2.050182683822e-01 -4.320443002060e-01 
 2.537367478964e-01  4.440515994527e-01  1.406052987960e-01 
-8.140868797639e-02  3.535289564125e-02  2.486620919788e-01 
-4.790012713911e-02  2.078684900412e-01 -2.872883575485e-03 
 6.007296332789e-02 -3.477403132279e-01 -3.647588512949e-01 
-2.347106076131e-01  6.320469970548e-02  3.803405192642e-01 
-3.587961443295e-01 -2.039268749123e-01 -3.007974841596e-01 
-1.843620120353e-02  3.434731705872e-01 -4.290393562035e-02 
 7.355839517298e-02  5.253766368711e-01 -2.106288568257e-01 
 9.275578822169e-02 -2.161660372427e-01 -2.521115600639e-01 
 2.582829191597e-02  1.493650513659e-01  1.371335839277e-02 
 2.676839627719e-02  6.220401816492e-02  1.297433730585e-01 
 1.947579514046e-01  6.872997202477e-03  4.757691358933e-02 
-9.528139220135e-02  2.836820440798e-01  7.867019842874e-02 
 7.026494828807e-02 -1.153177332518e-01 -4.541296852401e-02 
-3.014205879976e-01 -1.182668120599e-02  1.887149586620e-01 
 4.724827136605e-01 -2.834562625506e-01 -5.331836234968e-01 
-1.301102352519e+00  6.212090348189e-01  8.013178581657e-02 
-6.439562877665e-02  8.292909317299e-02 -2.815886498520e-02 
-7.578782820732e-02  1.338006987484e-01 -1.435494938359e-03 
-1.763760060166e-01 -1.027041581895e-01  2.331084761602e-02 
-9.282406594684e-01  3.717877083910e-01  5.699655953485e-02 
 5.205210529845e-01  1.362990958664e-01  8.794092776572e-01 
-2.132098023154e-01  4.055849594307e-01  1.354922146627e-02 
-4.632319985723e-01 -1.987914715828e-02 -1.385213068518e-01 
-1.095513179256e-01 -5.420700150304e-02  2.497709697621e-02 
-1.600352364889e-01 -5.937044457749e-01  9.974417423430e-01 
-3.408357650583e-01 -1.402402475512e-01  6.048544142867e-02 
-7.594667488877e-02 -1.691198452032e-01  1.077360938930e-01 
 3.917342381999e-02 -1.665383860481e-01 -2.270788087655e-02 
 3.388362616219e-01 -1.563949373071e-01  3.099200133186e-02 
 1.025545482397e-01 -3.166688552001e-01  7.610349107711e-02 
 8.579692716655e-02 -1.449799653260e-01 -2.095409336470e-01 
-1.258833890505e-01  3.151206756026e-01  3.879848180821e-02 
-3.005469338156e-02 -2.762297950551e-02 -1.238604355142e-03 
-9.628712744947e-03 -4.856083914410e-01  2.588051451120e-01 
 6.037065729594e-01  3.122439207882e-01 -2.491139292027e-02 
-1.612350533513e-01  8.225891228530e-02  1.708099549459e-01 
 4.893912816977e-02 -4.545720424349e-02  1.057639306396e-01 
-2.007402471258e-02  1.702492973928e-01 -1.361214431843e-02 
-1.179216151138e-01 -5.120467402941e-01  1.850028275158e-01 
 5.931052201216e-01  3.720189148764e-01 -5.068967172784e-03 
 1.101760333981e-01  4.139530897083e-01 -1.116284750154e+00 
 1.223907055844e-01 -4.753806151810e-02 -2.023732646702e-01 
 1.496544144805e-01  1.185837038012e-02 -5.760964986997e-01 
 1.676004645938e-02 -7.230280579388e-02 -1.811465388077e-01 
 3.138332957627e-01 -1.147985059482e-01 -1.962654830203e-01 
-7.501555236298e-01  1.515943127043e+00  1.698985147339e-02 
-1.380803868426e-01  2.598157603732e-01 -3.573480216603e-01 
 5.751597265238e-01 -8.351503805888e-01  2.843248105806e-02 
 6.780581349780e-02 -3.502298038168e-02  6.948516072600e-02 
 5.748640393695e-02 -1.814538272323e-01  1.348834867746e-01 
-2.483343128399e-01  9.266779217311e-02  4.278024465687e-01 
 2.319612183789e-01 -1.410480088296e-01  4.831155625136e-01 
-1.780339793416e-01  3.516589999669e-01 -6.465807925013e-01 
 1.964536626164e-01  4.097755482634e-01  2.854273687324e-02 
 2.004102862720e-01 -6.572148051488e-02  3.889672138725e-01 
-2.679198290649e-01  1.890702213601e-01  3.021600519544e-01 
 1.362140389901e-01  5.205072818296e-01 -8.607463857635e-01 
-8.822000756088e-02 -2.107998312323e-02  1.519623548971e-01 
-1.462453140817e-02  2.281099959668e-01 -3.443711776737e-01 
 9.649966050756e-02  1.790891063051e-01 -3.582900004858e-01 
 1.691211457808e-02 -5.957016606858e-02 -1.087255302669e-02 
 5.467541079434e-02  2.682309767349e-01 -1.452288185487e-01 
 1.262563762822e-01  3.781191605682e-01  8.427689086018e-02 
-8.090558659336e-01 -7.990862273323e-01 -6.653072475800e-02 
 6.307281500126e-02 -1.021700001508e-01  2.031127946139e-01 
 1.540768442507e-01  2.676006049737e-01 -2.890545528963e-01 
 1.347916780674e-01 -1.375077411498e-01 -3.378695278097e-01 
 9.593975882278e-03 -2.473282198116e-01 -2.051824393936e-01 
 1.348172180573e-01  7.727616770911e-01  5.138821968964e-01 
-3.319493816145e-02  7.952284592314e-02  9.599948413043e-02 
 2.321762280407e-01  8.716882704744e-02  3.637407639218e-02 
 2.613558062051e-01 -8.244579529618e-02 -2.312819947390e-01 
-2.114084581459e-01 -7.867637886982e-01  1.171205989327e+00 
 2.899872846391e-02  1.010681951816e-01  6.667079074409e-02 
 1.570445303414e-01 -2.699663841884e-01  6.274610646953e-01 
-1.534050670013e-01 -7.061132510302e-02  2.565593612894e-01 
 3.154972688909e-02 -2.600025647919e-01  1.481218044166e-01 
 7.252483851666e-01 -7.910636392186e-01 -8.583826416513e-02 
-3.450952278724e-01  6.601107770749e-02 -1.861198628012e-01 
-2.024965690895e-02  1.023525901931e+00  1.641850042413e-02 
 8.732999142060e-02  1.346873888796e-01  4.413041820773e-01 
-1.336972525543e-01 -4.854102817691e-02  3.226384907965e-01 
-5.270785906792e-02 -2.277045770076e-01  1.122444447344e-01 
-3.669841179341e-01 -2.279248813998e-01 -4.919254960044e-01 
-5.082004447263e-01  1.812179981495e-01  2.047929487400e-01 
-1.039678145967e-01  6.301723500121e-02 -2.316487123153e-02 
-6.339863946114e-01 -5.143151625269e-01  2.016728640791e-01 
-9.906197650798e-02  1.985539752750e-01  5.451734812697e-02 
-3.477616734536e-01 -1.439973030649e+00  1.088940686886e+00 
 1.293611141002e-01  3.112742879650e-01  1.598623430613e-01 
-1.097219849928e-01  3.049262499468e-02  6.964917554987e-02 
-4.363498725308e-01 -3.945474858646e-01 -5.641732601873e-02 
 1.131959632871e-01 -4.303322662037e-02 -3.272303413761e-02 
-1.956299426315e-01 -2.358201576628e-02 -2.942567854245e-02 
 6.656822758511e-02 -3.067430328098e-02  1.097539514081e-01 
-8.574373476727e-02 -8.932720137051e-02 -1.436924337964e-03 
 7.980543363758e-02 -1.112222055539e-01 -1.576261032734e-01 
 1.255839366276e-02 -4.155234387202e-01  3.652762916437e-01 
 2.378504538997e-01 -6.806227495329e-01  1.566747929660e-02 
 1.148993537111e-01 -1.666256358740e-02  1.043276508970e-01 
 1.816577699890e-01  1.331841722430e-02  1.032050863825e-01 
-1.093873100074e-01 -5.660361156475e-02 -7.048130557265e-02 
 1.348392548940e-01 -3.668847083488e-01  4.243871570515e-01 
-4.124094875303e-01  2.087559329924e-01 -5.740339473517e-01 
 4.923770725331e-02  2.560951104378e-01  3.767093521770e-02 
-9.019257227628e-02  7.221512170007e-02 -3.038938810880e-02 
 5.897488176196e-02 -2.054229009411e-01  3.007492957986e-01 
-3.471140743556e-01  2.587399629525e-01 -4.815457651706e-01 
-2.430605046686e-01 -1.208819110139e-01 -4.835717169384e-02 
-1.731161959989e-01 -9.255617198226e-02 -4.183359267266e-02 
-6.180006081101e-01 -1.997047651929e-01 -1.208914260239e-01 
 6.108854942198e-01  4.511590753680e-01 -1.270570888669e-01 
 8.529472297093e-02 -3.576712955491e-01 -2.615835436796e-01 
-2.022000686118e-01  2.309122601443e-01 -1.295235687155e-01 
 1.595898014030e-01 -1.534044616522e-01 -5.754703722606e-01 
 2.459168591614e-02 -1.090278073673e-01  5.335166353673e-02 
-1.201897264910e-01  1.092079678753e-01 -2.485789664002e-01 
 2.126040966482e-01  2.055013103960e-01 -5.097337787991e-01 
-1.524073714272e-01 -2.903800658539e-01  1.579849041856e-01 
-1.475032436998e-01  1.924543462867e-01  5.730362182193e-01 
 4.440604780869e-02  1.181047727787e-01 -5.249722590651e-01 
-1.094630697952e-01  2.868212213921e-01 -2.716094941402e-01 
 1.584428890227e-01 -2.978184136406e-01  5.033936838754e-02 
 3.992307988814e-01 -2.966676665598e-01 -2.455447557699e-01 
-5.269554547074e-01 -7.566251267605e-01 -8.293475955297e-02 
-3.954050375406e-01  3.567201376386e-01  5.633864446014e-02 
 1.992590497767e-02  3.823865109571e-02  1.389212922786e-01 
 3.009687702470e-01 -4.587536570374e-01  6.588569060256e-02 
 6.428375973481e-02  1.784145827078e-01  7.548907295079e-02 
-1.086651526962e-01  4.004812467721e-01 -1.979784407840e-01 
-6.620103756786e-01 -4.149861087604e-01 -8.091179237032e-02 
 3.301004512351e-01  2.525761218956e-02  7.229467625148e-02 
 2.143834942250e-01 -1.699363960286e-01 -2.710756570166e-01 
 1.261662232168e-01 -1.461915734892e-01 -5.923754835610e-02 
 1.035468433515e-01 -1.587437410527e-01  2.096214059913e-01 
 5.674572508768e-01  5.457823062465e-01  1.597682833359e-02 
-1.078033242432e-02  5.066965574663e-03  4.141163654803e-01 
-1.186548518602e-02  2.435330042557e-02  7.922736515050e-02 
-9.222546624955e-02  8.770595176826e-02  1.420955019935e-01 
 2.686389554712e-01 -2.280001724521e-01  5.091473865474e-01 
-1.547417103086e-01 -1.345488734083e-01 -1.066462389240e-02 
 6.532686903927e-03  1.978078560202e-01 -1.097961182251e-01 
-4.496134644037e-02  1.506583488681e-01 -2.380450349528e-01 
-3.505516230335e-01  5.205227965599e-01 -1.379815657689e-01 
 2.448069596760e-01 -1.663655965515e-01 -6.333743216007e-01 
 1.523866811952e-01 -1.477723614382e-01 -9.264029490442e-03 
-3.440043552785e-01  4.090332722000e-02  1.761647703991e-01 
-5.629681682067e-01 -2.467138265361e-02  5.841703391547e-02 
-4.814117236846e-01  2.443121342907e-01  1.880429719597e-01 
-7.533675317295e-02  3.067271515655e-01  5.745513602675e-02 
-4.309197451763e-01 -1.428530425056e-02 -6.719289456956e-02 
 3.844723517358e-01 -1.486774307958e-01 -4.079705967039e-01 
-1.569979130021e-01 -5.720224089404e-01  1.156725457622e+00 
-5.632864675630e-02  1.081583719137e-01 -1.071643465452e-01 
 1.169138975548e-01 -2.131052079394e-01  7.587341826011e-01 
-2.679197998908e-01  9.889000756115e-02 -1.052188316216e-01 
-2.114362932651e-01 -2.775758499877e-01  4.163770981663e-01 
 1.789102056450e+00 -1.850522392565e+00  7.268141646989e-02 
 6.122257137364e-01 -2.197898666851e-01 -2.401219780254e-01 
-2.710487258212e-01  8.037227144024e-01 -1.424855185464e-01 
-2.217193090140e-01 -1.434200868249e-01 -6.335904713982e-02 
 4.389846140101e-01  5.614290468111e-02  1.207533370495e-01 
-1.222033728359e-02 -2.359461274340e-01 -3.063514383014e-01 
-8.699042326461e-02  2.983485400216e-02  1.031043995795e-01 
-1.980775413647e-01 -1.801483145364e-01  1.254138921256e-01 
-3.768107897355e-01  1.790307970558e-01  7.430307020907e-01 
 6.821095312075e-02 -4.300483371724e-01  1.085898222031e-01 
-1.197916827494e-01  2.501970580227e-01  3.817715681090e-01 
-1.188035267444e-01 -3.571134197767e-01  1.163397059126e+00 
 1.603627104780e-01 -3.157504416305e-01  2.136970185296e-01 
 4.931213251766e-02 -1.328259738151e-01  5.724198603206e-01 
 7.449444979965e-03 -1.875752426114e-01  6.020278761674e-01 
-1.322365196290e-01 -2.794091953380e-01  1.554529177227e-01 
 5.271425340311e-01 -1.489055208307e+00  8.840317466328e-02 
-2.250813068543e-01 -1.784590933043e-01 -1.731618477232e-02 
 4.279479757638e-03  4.519214436938e-01  3.818048305957e-01 
-1.188806593672e-01 -7.145632570865e-01  2.984445352404e-01 
 2.881644593149e-01  4.978411938893e-02  1.737775582078e-01 
-2.094168015543e-01 -5.222141476210e-02  2.510827061401e-01 
 1.578615215437e-01 -3.536356452041e-03  1.752326605610e-01 
 2.489002809445e-01  8.603149844075e-02  5.466132783259e-01 
-1.665223957606e-01 -3.425187327972e-01 -3.088527088100e-01 
 7.842346307415e-02 -7.158755274918e-01 -4.031966022966e-02 
 2.291663361064e-01 -2.427966989897e-01  6.362096442107e-02 
 9.536137209807e-02  3.921020642470e-01 -3.754152572094e-01 
-8.302228823760e-02  6.064131251128e-02 -4.915281120318e-02 
-8.174722471388e-02  1.496911585869e-01 -2.215022577677e-01 
-1.809363080743e-01  1.249783152417e-01 -3.025112218499e-01 
 5.866054663315e-02  8.198058117130e-02  6.307213249761e-04 
 6.102326480161e-02  3.019468072504e-01  7.302134894660e-02 
 1.551545224422e-01  4.466645740567e-02  9.387284390734e-02 
-5.195210102393e-02  4.957490759105e-02  8.399778320218e-01 
 5.571115173201e-01  1.493103565642e-01 -1.335833092308e-01 
 1.380922559918e-01 -2.102117437219e-01 -6.504437512373e-02 
 1.044342246564e-01  3.021617278398e-02 -2.622547745522e-01 
-7.409154197693e-02 -2.184910886660e-03  2.126884826786e-01 
-1.306727397508e-01  8.819356932166e-02 -2.137876208557e-01 
 2.486644098095e-02 -5.748775564974e-01  2.636666090279e-01 
-3.963170071905e-01  9.568440973084e-02  1.231814570326e-01 
-1.078713339091e-01  1.176755551488e-02  1.471920984864e-01 
 1.281164678950e-02  8.224398928439e-02 -1.177296170103e-01 
 1.024796057396e+00 -1.654959842916e+00  1.330066654650e+00 
-9.581902941106e-02  1.444320185091e-01 -2.338676542143e-01 
-8.277489196796e-02 -1.201129699281e-01 -5.367378454872e-01 
-2.944314893848e-01 -5.321885137642e-01 -5.167547854443e-02 
-1.790388187150e-01  3.994722920667e-01 -1.363847017849e-02 
 5.601404129557e-02  6.042465669001e-02  3.624136540243e-02 
 7.280349934975e-02 -1.639125646071e-01 -1.963093764734e-02 
 1.991324766961e-02  1.472254232012e-01 -1.021138629774e-01 
-7.615679900474e-02  1.658005161878e+00 -2.073747603906e-01 
 4.751619758541e-01 -8.049876438097e-01  5.762638728782e-01 
-2.843992396696e-02  6.453754076109e-02 -1.063150274061e-03 
-5.478400475922e-02 -2.075096699657e-02 -2.116474090027e-01 
 4.630374998375e-02  8.248337380601e-03  9.272952663194e-02 
 9.928208502944e-03 -1.883441726015e+00  3.120431495592e-01 
 4.787952099059e-01 -8.433286294635e-01  6.391589473716e-01 
 8.988760949126e-02  4.440288602969e-01  5.742686125246e-02 
-1.602743997920e-02 -1.127914830800e-01 -3.383685648115e-02 
-3.738619575749e-03 -4.623003851499e-02  1.068680088891e-01 
-1.515845237942e-01 -1.724356842510e-01  7.202110654958e-02 
 1.306179676539e-01 -5.509110124266e-02  1.708490290856e-01 
 5.512616755160e-01 -1.059702381133e+00  1.309329692451e-01 
 4.464488965331e-01 -1.887224782820e-01  1.914986161333e-01 
 6.675355366899e-01 -2.049709291116e-01 -5.844022565640e-01 
 1.022969928428e+00 -2.257962812321e-01  4.254382681870e-01 
 2.069528278628e-02 -4.262800826642e-01  2.012850156862e-01 
-8.390403537406e-02  1.041409911603e-01 -1.311843663552e-01 
 1.565886004624e+00 -3.644246805109e-01  3.962474232780e-01 
 6.399048720120e-01 -6.835821939247e-01 -7.892741504816e-01 
 1.946806732392e-01  1.894799310469e-01  2.960076295422e-01 
-2.947748127209e-01 -4.763780710047e-01  1.523756458397e-01 
 3.514734384250e-02 -2.622506448406e-01  8.217836481039e-02 
 1.871869867939e-02  6.298228352409e-02 -2.114902974562e-01 
 9.483762848233e-04 -2.869731292156e-02 -5.993752674039e-02 
-4.744650615373e-02  8.244164320025e-02 -6.754604280002e-02 
 4.746487462710e-02 -7.840644060151e-02  7.702356906149e-02 
-5.408703735117e-03  1.763840979032e-02  9.630664629500e-02 
 6.667075340818e-01  1.446932634436e+00 -1.273376370685e-02 
 1.168931657333e+00  2.382905230584e-01  3.397025151584e-02 
 5.214472217533e-01 -3.815977940059e-02  2.059427146217e-01 
-1.625198305550e-02 -6.352888849548e-01 -5.743997621373e-02 
-1.191547775976e+00 -7.089968918467e-02  1.194603337437e-02 
-4.758917139912e-02  3.222769292937e-02  3.696196651638e-02 
-2.854429740686e-01  1.467306352454e-01 -1.338752489829e-01 
-1.143535834902e-01  2.417688866596e-01 -3.481894644524e+00 
 1.164302170413e+00  6.006428190465e-03  1.446295619527e+00 
 2.547611863755e-01  8.645506568278e-02  1.292040133813e-01 
 9.217229822211e-03 -2.743475402608e-03 -3.232836933046e-02 
 6.203393313602e-01  2.983601281108e+00  5.194824135800e-01 
-3.991811348875e-01 -2.869076286930e-01 -5.623992577566e-01 
 7.233173155469e-02  5.108361335007e-02  1.665539238356e-01 
-1.165859486158e+00 -1.538737048623e+00 -2.253492957202e-02 
 9.780466276024e-01 -5.845977207652e-01 -5.017393182298e-02 
-1.877918479345e-01  2.097559819789e-01 -5.104292850246e-02 
-1.475513240680e-02  5.337986694160e-02  4.186325777111e-02 
-1.734838716877e-01  1.005532668892e-02  2.871514229965e-02 
-1.838370821557e-01  1.063391940030e-01 -3.912456439869e-02 
-4.414937379945e-02 -3.807825296589e+00  1.417829908883e+00 
-8.439279530700e-01  4.932846602596e-01 -1.128257055230e+00 
-2.384122569894e-01  8.903792487112e-02 -8.597838423343e-02 
-7.756173132771e-02  7.219491409701e-02  1.488091740387e-01 
-9.392929097830e-02 -1.930111083340e-02 -3.179974550878e-02 
 9.866176057137e-02 -3.368424885804e+00  1.227646425522e+00 
 2.833580712029e-01 -1.260179713349e+00  3.272866073091e-01 
orbocc
(*)
 0.000000000000e+00  0.000000000000e+00  0.000000000000e+00 
 0.000000000000e+00  0.000000000000e+00  0.000000000000e+00 
 0.000000000000e+00  0.000000000000e+00  0.000000000000e+00 
 0.000000000000e+00  0.000000000000e+00  0.000000000000e+00 
 0.000000000000e+00  0.000000000000e+00  0.000000000000e+00 
 0.000000000000e+00  0.000000000000e+00  0.000000000000e+00 
 0.000000000000e+00  0.000000000000e+00  0.000000000000e+00 
 0.000000000000e+00  0.000000000000e+00  0.000000000000e+00 
 0.000000000000e+00  0.000000000000e+00  0.000000000000e+00 
 0.000000000000e+00  0.000000000000e+00  0.000000000000e+00 
 0.000000000000e+00  0.000000000000e+00  0.000000000000e+00 
 0.000000000000e+00  0.000000000000e+00  0.000000000000e+00 
 0.000000000000e+00  0.000000000000e+00  0.000000000000e+00 
 0.000000000000e+00  0.000000000000e+00  0.000000000000e+00 
 0.000000000000e+00  0.000000000000e+00  0.000000000000e+00 
 0.000000000000e+00  0.000000000000e+00  0.000000000000e+00 