2mocoef
header
1
MO-coefficients from MOLCAS
1
48   48
a
mocoef
(*)
-1.101449954379e-04 -3.738093650316e-04  1.028360607450e-03 
-1.427902096464e-04  1.278549938509e-04  1.281074895499e-04 
-4.193950249482e-05 -1.074019125983e-04  6.905811690729e-04 
-5.648272844672e-05  5.305935938336e-05  1.558432933545e-04 
-7.947394866134e-05 -4.596271551222e-06  1.000925098858e+00 
 4.820956906131e-03 -4.079047801982e-03 -5.908533067033e-04 
 6.263167269897e-04  2.436912101647e-04  2.467205205256e-04 
-2.679077402418e-04  6.436663840322e-04  2.525837905883e-04 
-3.123526296372e-04 -4.907291757085e-04 -1.024782260288e-04 
-6.349528894809e-04  7.146407679831e-06  1.110331850948e-04 
 3.555048638374e-05 -2.262244684683e-05 -7.443846774610e-05 
-9.870279681346e-04  9.825499164841e-04 -2.910030592020e-04 
-5.205103393244e-04  4.574136621008e-04 -1.324978398820e-03 
 1.293069166609e-03  6.597319712789e-06  8.519871178809e-04 
 1.500921270522e-04 -2.092358193405e-04  1.159345328480e-04 
-4.252312979644e-05  7.986650026870e-05  1.072749357875e-04 
 1.001075231130e+00  5.729085808072e-03 -5.435195083786e-03 
-6.265635394295e-04 -6.054328277365e-04  8.106861004392e-04 
 5.883028503470e-04  5.093116864910e-04 -1.296230496814e-03 
-8.082101772325e-04 -1.195051515905e-03 -4.167937358907e-04 
 8.231524849005e-04 -5.126456238114e-04 -7.667281431883e-05 
-1.201333188713e-04  7.247824171173e-04 -4.587392256845e-05 
-2.200785749476e-05 -8.383396763393e-05 -8.916434493944e-05 
-1.726455290881e-07 -4.351595859589e-04  2.371772493791e-05 
-1.729844114328e-05  2.156274724967e-06  3.156669999566e-05 
-2.261498886903e-05 -1.919155576318e-03  1.894100473024e-03 
-4.463996181691e-04  1.374612837749e-04 -5.419440385972e-04 
-7.864237930438e-05  2.750939056558e-05  3.599687843643e-06 
 1.261515157923e-05  6.768108251575e-05 -1.555846626127e-04 
 4.507281626278e-04  3.219135292930e-05 -5.616819284342e-05 
-7.205419434904e-05 -2.055381020850e-03  2.420377469515e-03 
 1.268788189469e-04 -8.669716478538e-04  1.017213917702e-04 
-6.047947600733e-03  1.585293299005e-01 -2.821932705102e-02 
-2.012486811910e-02  1.335256537098e-02  3.272299702874e-02 
 4.276328916982e-03 -2.476389558284e-03 -6.952741542189e-03 
-1.661870838546e-04  1.858964778438e-03  9.915440435302e-03 
-2.938606880454e-03 -1.650451281390e-04 -1.473050234442e-02 
 8.313103757975e-01 -1.374980530280e-01 -3.542325744309e-02 
 6.614172340247e-02  5.784776540835e-02  1.180204147607e-02 
-3.669168938666e-02 -3.984142783860e-02  1.792412933584e-03 
-1.165169071509e-03  7.989154173281e-04 -2.017728358414e-03 
-7.774673122903e-03  6.965211532436e-02 -3.341204884170e-02 
 2.757059129676e-03 -2.846818567796e-03  5.797527498113e-03 
 3.109556677002e-01 -1.511969266789e-01  1.035931210845e-02 
 2.958692313183e-02 -1.697404131442e-02  4.006186544578e-01 
-1.959062406372e-01 -4.153846573858e-03 -3.991249100923e-02 
-1.090602330772e-03  6.078360887922e-02 -3.891449200409e-02 
-2.018062732535e-03  5.600485657928e-03 -2.755965301467e-03 
 8.615332926398e-03 -8.306537255357e-01  1.541298191146e-01 
 9.178895031127e-02 -3.611955311934e-02  1.393283991524e-01 
-2.533188716414e-02  6.641688703881e-03 -3.622695119927e-02 
 4.716111940280e-03  5.806184923789e-03  2.839936880186e-04 
-6.172417556723e-03  1.541216236332e-03 -9.234487424444e-04 
 1.821957712145e-01 -2.675590201905e-02 -1.690151274363e-02 
 7.867897162789e-03  8.452346029624e-02  4.967909286126e-03 
-1.014527895439e-02 -1.958090310219e-02  1.102529640436e-03 
-1.776660323755e-03 -6.744083036683e-03  1.163008686289e-04 
-1.504348461305e-03 -5.004097128251e-01  2.373380895169e-01 
-2.011023785589e-02  2.008143648827e-02 -2.513380704446e-02 
 1.073293928824e-01 -5.402631192903e-02  3.204620986791e-03 
 8.875761116603e-03 -4.753190765385e-03  9.724861854606e-02 
-4.326391283645e-02 -9.115423745468e-04 -9.409951714145e-03 
-1.906035108089e-04 -2.922120567866e-01  1.517256008194e-01 
 9.213896508388e-03 -2.377014086260e-02  1.247940021390e-02 
-3.269019248677e-03 -2.837857231009e-02  3.447653503278e-02 
 2.606257517995e-02  2.237241070460e-02  5.073913424013e-02 
-2.151281175852e-03  4.778607548758e-03 -7.792804328513e-04 
-1.094524804342e-03  9.655607626043e-03  6.239434184127e-03 
-4.776169191405e-04 -8.748161782719e-04 -5.372342927252e-04 
-3.905872065793e-02 -2.288969603076e-02  1.577238471436e-01 
 6.724723704467e-01 -1.927531276914e-01 -3.182828137253e-02 
-1.452178905046e-01  4.321568222527e-02 -6.036017751948e-03 
 1.016954765478e-02 -5.242010948846e-03  4.453794034786e-03 
-7.847681646308e-03 -4.781638321881e-02  1.759102602270e-02 
-7.327245427224e-04  1.675061046229e-03 -1.174183286672e-03 
-5.728241357153e-01  2.376795104788e-01 -1.413832773211e-02 
-2.060250293410e-02  2.678539596689e-02  5.482742897345e-01 
-2.394114950199e-01  2.153393133964e-03 -2.843423025880e-02 
-1.389774513566e-02 -1.916555424998e-02 -2.919276870211e-03 
 1.960739991832e-03 -1.459950368326e-03 -2.874589512736e-03 
-5.359034137673e-03 -2.103635832462e-01 -7.386736461386e-02 
-7.794850472396e-01 -4.648556816014e-01 -6.879160857341e-02 
-3.209987060093e-02 -1.443301974966e-02  1.427234345264e-03 
 8.190230187130e-03 -6.802904296891e-03 -1.330939039346e-03 
-5.378388211717e-03 -5.173549722910e-04 -1.294103755349e-04 
 4.819362693182e-02  2.826817000391e-02  1.722471598564e-01 
 1.827067094510e-02 -3.832961819560e-02  1.970775695241e-02 
-3.216212497545e-02  2.509611370004e-03 -4.709213030103e-04 
 8.176635674083e-03 -1.375659622519e-03  8.661706114887e-03 
-3.442265636709e-03  1.431135066528e-01 -4.911840887813e-02 
-1.613850541760e-02 -1.863128431637e-02  5.786135639253e-03 
-1.040723914455e-01  2.903778808917e-02  3.714954865600e-03 
-3.795900673579e-03  2.017057707205e-03  4.744949093100e-02 
-2.110103282381e-02  5.102640516914e-03 -1.843391094418e-03 
 1.318232115549e-03  1.193303504276e-01 -1.142576590585e-02 
-2.845974906965e-02 -7.356040604644e-03 -6.429969003779e-04 
-4.635575995857e-04  4.811358348219e-02  7.619253885565e-03 
 3.357193630756e-02 -2.639699380023e-01  3.418241612008e-02 
-3.845045179581e-02  4.982907252383e-02 -2.669500254091e-02 
-3.472088879368e-04  8.184513084064e-04 -1.443124838490e-02 
-1.277099046127e-02 -3.563611912365e-03 -1.022522925910e-04 
-1.173565061954e-01 -5.909077981645e-02 -8.289076545208e-01 
 2.063750515203e-01 -7.189807026787e-03 -6.948078849283e-02 
 6.106986697892e-03 -7.949175425505e-03 -2.631630648127e-03 
 1.702172437248e-03 -4.247848232960e-03  1.944457491876e-03 
 5.079835310169e-04 -1.315027532856e-01  4.327100399677e-02 
-2.589127269453e-03 -2.188051851122e-03 -3.595060540475e-03 
 7.620888647940e-02 -2.608143034237e-02 -1.989425394143e-02 
 1.076970064207e-02 -5.490213506577e-03  1.140882109992e-01 
-3.822568301227e-02 -2.478298747031e-02 -3.171491199172e-03 
-2.682954412762e-03  2.213629186022e-01 -1.057566815873e-01 
-5.731885606898e-03  6.363744269669e-03 -1.097917099373e-02 
 8.762905933425e-03  1.254960663406e-01 -6.578207938139e-02 
 2.738050662325e-01 -4.352637849205e-01 -1.784269989736e-01 
-3.645336850908e-02  8.677119295523e-02 -2.572862111975e-02 
-3.285905778362e-03 -6.383973153350e-03 -3.034382832224e-02 
 1.495067125527e-02 -1.202768288086e-02  6.676416483290e-03 
-7.239113338551e-02 -1.006231844168e-01  2.202086893738e-01 
 1.446721572690e-01  5.622897913319e-01  2.070615621445e-02 
-1.516626377740e-02  3.559663248584e-02 -6.260165687282e-04 
 4.413029028523e-03 -1.362906433120e-02 -2.804277088228e-03 
-3.374294347037e-03 -1.143806603345e-01  4.887861772000e-02 
 6.424744738230e-04 -3.558599644069e-03 -1.277791455383e-02 
 1.152994317158e-01 -4.818955669141e-02  1.011275631388e-02 
 1.126610362509e-02  5.784914362673e-03  2.036980038310e-01 
-6.735600323242e-02  5.970321922391e-03 -1.038504135387e-02 
 1.227490555606e-02  4.239185355082e-01 -1.565396723782e-01 
-7.142629751657e-04  1.309891130504e-02 -1.680220808118e-02 
-4.851266172095e-03  9.923815051397e-02 -2.928922956854e-02 
 2.176823437503e-01 -3.590394299963e-01  4.453263811789e-01 
-6.628048676441e-02  1.108412266538e-01 -1.048528800859e-01 
 3.409621985680e-03  4.814512992061e-04  1.191058893216e-02 
-1.158146877620e-02 -6.511462782893e-03 -4.665320036869e-03 
 2.440749732863e-02  8.140051425423e-02  1.356019060059e-01 
-1.477115501780e-01 -3.588487468228e-01 -9.813050476723e-04 
 6.651874763634e-03 -8.623343385603e-03 -1.071788356494e-03 
 4.890108780783e-03  1.241303270301e-02 -2.797974018595e-03 
 1.713613233440e-03 -4.392104406069e-01  1.767289934266e-01 
-1.293873905574e-02  9.742697311416e-03 -9.366760345015e-03 
-1.408519727014e-01  5.600221462833e-02 -1.087178673367e-03 
-1.186070887028e-02  1.054333275592e-03 -1.708435442957e-01 
 6.804494037576e-02  3.753174997810e-03  1.079903630177e-02 
-5.166992884557e-03  4.610990769003e-01 -2.108908931506e-01 
-7.746397583556e-03  2.589788135346e-02 -7.917263404052e-04 
-2.825791608866e-03  2.503685328547e-01  2.672040163811e-01 
-2.523011966085e-01  2.060915660130e-01  6.217653825333e-01 
-1.181003362590e-01  9.548416796157e-02  2.441622706562e-01 
-3.047791068803e-03 -7.565514288987e-03 -2.081042436268e-02 
 1.469983145813e-03 -3.456097668835e-03  1.502100568066e-02 
-2.797461800436e-01 -4.880777694218e-01  2.733521180670e-02 
 8.683741764666e-02  4.268286274333e-01  1.718257386592e-02 
 3.443459679587e-02  1.795327040977e-01 -2.483356634633e-05 
 7.599767739534e-04  2.128963590432e-02 -4.276653595459e-03 
 3.106048300451e-03 -9.788963799303e-02 -1.010984553025e-01 
-1.528212159264e-02  1.359473192375e-02  2.006050751901e-02 
 1.724029268261e-01  1.418219290993e-01  4.504950818898e-03 
 1.182557422396e-02  1.230819932270e-02  4.606691751392e-02 
 1.402654332771e-01  1.080451268764e-03 -5.958775270861e-03 
 1.012565507794e-02  9.683557628542e-02 -1.668251245295e-01 
-7.202184677056e-03  3.468918064058e-03  1.085467700389e-02 
 3.184679114939e-02 -3.213118046425e-01 -1.402690858100e+00 
 7.008016166815e-02  9.688028294287e-02  3.539084467370e-02 
 5.188275979487e-02  2.296786427422e-01  1.130379845722e-02 
 1.286733288449e-03  1.694771934710e-03 -8.048314743424e-03 
-7.852495930679e-04  8.479657928773e-04  2.085691980205e-02 
-1.271134236495e-01 -5.977977078251e-01 -1.744199677193e-03 
 1.045600991470e-02 -1.237851277784e-01  1.196400188982e-02 
-7.535779673610e-03 -1.339402667378e-01 -6.548072465690e-03 
 4.858081791647e-03 -8.233421727552e-03  2.852340999682e-03 
 4.358125368545e-03  1.688700808082e-01  8.159277869932e-01 
 4.892896898283e-03  4.080046341885e-03  8.205805282593e-03 
 4.955990023442e-02  4.491403929876e-01  5.105180974433e-03 
 7.509630852232e-04 -1.301731186627e-02  1.158216028162e-01 
 3.891408669800e-01 -2.897528889900e-03 -7.101331257872e-03 
-4.853116353129e-03  2.115787740732e-01  1.108057833499e+00 
 7.558492920801e-04  5.166143606266e-03  1.853798225301e-03 
 1.149502446348e-02 -1.043492794836e-01 -5.625483956836e-01 
 1.044264204508e-01 -1.050477735574e-01  3.218361815727e-01 
 3.442443332825e-01 -4.106028183144e-01  6.435974742035e-01 
-9.747657688825e-03 -1.350739127008e-02 -3.780234980751e-03 
-1.231026198883e-03 -1.052630842543e-02 -1.751347456795e-02 
 1.028468919341e-01  5.190978007566e-01 -9.014760391694e-02 
-8.519006395319e-02  2.395392452032e-01 -1.287067680039e-01 
-1.612516647415e-01  3.050292496484e-01  1.018299968566e-03 
-1.836293596270e-03  5.647543726638e-03 -8.059725592603e-03 
 1.378258944549e-04  1.578727806123e-01  1.604169244374e+00 
-2.668083078430e-03  3.299359454786e-03  6.479648577083e-03 
-1.252626165794e-01 -9.957491938964e-01 -6.192613345486e-03 
-4.669679000347e-03  1.386609376524e-02 -8.443753178705e-02 
-6.063745446055e-02 -2.203982092548e-03  6.287690083674e-05 
 3.457342392434e-03  1.758809517433e-01 -6.786575563079e-01 
 6.923673086337e-03  8.078993265677e-04  8.775582517498e-03 
 2.168141721949e-02 -7.286263408227e-04 -5.541057089824e-01 
-1.244654172725e-01  3.493165328213e-01  3.826427755111e-02 
-3.382081747877e-01  7.114531763488e-01 -2.525804920185e-01 
-1.222429621507e-02 -9.092646005388e-03 -6.300645118138e-03 
 7.086376891121e-03  4.559956453933e-03 -2.742982413986e-02 
 8.209779207852e-02  7.725815765860e-01 -8.366862213484e-02 
 1.803845624670e-01  1.949821568858e-01 -2.843484543309e-02 
 2.431970989355e-01  1.649186588153e-01 -2.471599147335e-03 
 4.357049796553e-03 -3.992591418985e-03 -3.390632276975e-03 
-1.505622919369e-02  1.273537283629e-01 -8.971359968756e-01 
-2.140882454432e-03  1.396416770592e-02  2.080355188108e-03 
-1.012928221415e-01 -3.164611681408e-01 -6.553071306813e-04 
-6.298026137554e-03  2.490717594584e-03 -6.768833556215e-02 
-1.143938554150e+00 -4.852730280298e-03  2.266530196540e-02 
 7.692026631857e-03  1.665362561158e-01  1.725464099114e+00 
-5.610165223322e-04  4.503436560443e-03  2.232832428160e-03 
 3.490307828930e-03  1.672906384865e-02 -2.840824934435e-02 
 1.308702905918e-01 -1.067650966369e-01  1.531148866800e-01 
 2.465495453216e-01 -4.540641577877e-01  3.426743161947e-01 
 1.781656490213e-04 -1.773935751316e-03  4.558143423169e-03 
 1.412199915081e-04 -1.006579031537e-03 -2.591040402871e-03 
 2.784525539599e-03  1.180544051953e-01  9.012726908999e-02 
 3.505113720075e-01 -7.881076059400e-02  1.221121252954e-01 
 5.865530277463e-01 -1.257677732836e-01 -1.919662378883e-03 
 5.989651169913e-03 -1.868912901195e-03 -2.408269939127e-04 
-8.481692557174e-03  4.558465643057e-02  9.830604367349e-01 
 4.429417159835e-04 -4.670933792620e-03 -3.617987226017e-03 
 1.038517568671e-01  1.266532118701e+00  1.545321919766e-03 
 1.159415602377e-02 -2.190733668965e-03 -7.520557311210e-02 
-1.434432510197e+00  3.158970374538e-03  1.780008732853e-02 
 1.912336054491e-03 -3.115769371434e-02 -8.954218666878e-01 
 5.107325146145e-03  2.843941273061e-03  5.044839363375e-03 
 9.701463666578e-02  2.401450331181e-01 -2.876692780062e-01 
 4.540825898924e-02 -2.119031267878e-01 -3.954667823774e-01 
 1.122898716835e-01  2.968817685520e-01  5.806129735063e-01 
-1.205777190366e-01 -1.616270258633e-01  8.733107852417e-03 
 9.695760564600e-02 -7.167330602509e-02  2.001604533940e-02 
 7.562822522356e-02 -2.352111163807e-01 -9.463096004143e-02 
 4.883832227088e-02 -1.909923431135e-01  6.513513289522e-02 
-3.027149412783e-01  7.851021423475e-02 -2.861955959422e-03 
 8.064340200029e-03 -2.643041982463e-02 -1.462516083995e-02 
-1.003418885108e-02  1.186149884497e+00 -1.039791949441e+00 
-2.964741982353e-02  4.910467119443e-02 -6.504222009737e-02 
-5.434066364748e-02  1.045782869617e-01 -2.285620158597e-02 
-1.715208219728e-02 -3.440179266480e-03  3.466932757447e-01 
-8.513023106026e-02 -1.200668078279e-02  8.996665987661e-03 
-1.030861664913e-02  1.025099173924e+00 -1.135237219689e+00 
 3.602961806863e-02 -7.183731348833e-02  4.605051569414e-02 
 1.995483433887e-02  1.389904858258e-01  1.457655671503e-01 
 1.045928712030e+00  6.508530669358e-01 -2.400455356487e-01 
-1.109648270665e+00 -1.080218457727e+00  5.573594160605e-01 
-1.767157773540e-02 -5.644352314632e-02  6.967825762292e-03 
 2.040396733419e-02  3.799731324655e-03  2.169820929083e-03 
 1.032410519733e-01 -1.449989356334e-01  6.871175359168e-02 
-7.371967340283e-02 -1.881639053196e-03 -9.094166683737e-02 
-6.734328014102e-03  2.966463923390e-01 -3.060551398704e-02 
 5.434849629295e-02 -3.353835770015e-04  2.832994264589e-02 
 4.509040183339e-02  1.714364611443e-01  3.583963149817e-02 
 1.645245491630e-02  2.815528596772e-02 -2.230002180013e-02 
-9.503821118760e-01  7.146072226725e-01  2.487582148196e-02 
 5.587795449925e-02 -5.347918270883e-02 -2.943724514982e-01 
 3.390416486394e-01 -2.025225600819e-02 -3.981546822202e-02 
 5.296106333369e-02 -1.577661353908e-01 -3.459764699203e-01 
 5.803715433371e-02 -1.909806387881e-02  2.866618577811e-02 
-3.229712510277e-02 -8.141726439324e-02 -1.059036281994e-02 
 7.154873606071e-01 -4.225529867442e-01 -6.825460918572e-01 
-1.275680839200e+00  1.194200340561e+00  5.434481920790e-01 
 4.244630798211e-02  8.323378944866e-02 -8.453391891857e-02 
-4.946168357223e-02 -3.051655066331e-02  4.409597886003e-02 
 9.492851088171e-02 -3.076541615155e-01  2.357086475176e-01 
 1.135634503679e-02  2.344219962748e-02 -1.221391072201e-01 
-1.935493816048e-02  3.788641131923e-02  2.982957633595e-02 
-6.412754306787e-02 -4.256442056675e-02  1.419103671105e-02 
-4.305867858039e-02 -7.044204367152e-01  1.333696007383e-01 
 3.640895201938e-02  1.942487397175e-03  2.855755539576e-02 
 8.147953068605e-01 -8.032940586884e-01  1.796071374364e-02 
-8.497806417613e-02  3.436394661889e-03  4.848719687240e-01 
-5.800466444094e-01  3.934805700021e-02  4.020179791762e-02 
-9.639770896998e-02  2.629730927615e-01  6.384950384014e-01 
-7.866269843136e-03  4.944287868817e-03 -1.104108967848e-01 
 8.138069834295e-02  3.368631600204e-01 -3.215905864397e-01 
 3.206399188190e-01  6.201157711565e-01  7.166578769880e-01 
-3.895323730268e-01 -8.038094771561e-01 -1.099017195433e+00 
-4.052403399427e-02 -4.436604033861e-02  1.969475627892e-02 
 6.496844278996e-02 -2.656907727897e-02 -2.046233203733e-02 
-2.865796577573e-01  2.684102208333e-01  3.043929578615e-02 
 1.191239868421e-02  5.079697733405e-02  1.178888904179e-01 
-2.118151354806e-01 -5.373666521932e-01  4.348090445035e-02 
-3.067685896474e-02 -1.537324306907e-02 -3.926722023053e-02 
-1.177338012640e-01  2.509506554983e-01 -4.362698353790e-01 
-2.115849262252e-02  4.022213414722e-02 -4.774034092451e-02 
 1.021773350779e+00 -8.756192296844e-01 -2.381610874118e-02 
-1.137104563653e-01  3.002406415042e-02  1.019310349474e+00 
-4.723963681790e-01  1.602677897545e-02  1.340205493378e-01 
 3.324144602371e-02  6.332205218641e-02 -1.898267935687e-01 
 1.438165250772e-02 -7.034896161054e-03  6.817790393511e-02 
 3.074444065105e-02  2.603961762409e-01 -4.474452586078e-01 
-2.510758137470e-01  3.197138614960e-01 -7.924066708099e-01 
 1.020972160162e+00 -1.650082672385e+00  2.384309341014e+00 
 5.901453369237e-02  1.109186605725e-01 -3.857417832440e-02 
 5.038565527735e-02  1.459195769455e-01  2.069191933662e-02 
-8.184160168531e-02 -3.843958437297e-01 -2.549986736512e-01 
 5.347860165369e-02 -1.748095754159e-01  1.734831423255e-01 
 1.098491773868e-01  5.420463766548e-01  2.840372016883e-02 
-2.640567032946e-02 -4.934402623085e-02 -3.190523190722e-02 
-2.774183615329e-02  4.498910284372e-01  1.519096330214e+00 
-4.165644783106e-04 -1.401273933127e-01  9.458162913149e-02 
 5.444982542241e-01 -5.763589942974e-01 -5.629125508422e-02 
-6.428503832594e-02 -9.453832007107e-03  3.014444530924e-01 
-3.706218681196e-01  4.699670271578e-03  5.816714915926e-02 
-2.595339681592e-02 -9.797351499163e-01 -3.042978521408e-01 
 7.752323069715e-02  2.856448083331e-02 -2.816250968727e-02 
-1.992751174066e-01 -9.949513836239e-01  1.566643162547e+00 
 1.245663620473e-01  2.500712784596e-01  1.287963921541e-01 
-2.397380255336e-01 -4.793094825745e-01 -7.351403364041e-02 
-1.823714768368e-01  8.510221487492e-02  1.596979832858e-02 
 1.357590769530e-01 -9.100445408126e-02  8.260076660379e-03 
 8.799689312902e-02  6.921104031531e-02  9.883717796488e-02 
-2.378385254044e-02 -3.823189997984e-01  3.782106518915e-02 
 8.588012789833e-01  3.927227610796e-01  3.530291623242e-02 
-1.140155008873e-01  5.050544050341e-02 -3.977517207723e-02 
 6.098812020188e-02  2.624681879375e-01 -5.643387866035e-01 
-1.068516195124e-01  4.362958080404e-02 -4.379910777970e-02 
 1.017885480171e+00 -7.365871397418e-01 -6.605387020148e-02 
 1.034667394823e-02  1.248918217038e-01 -1.384924561107e+00 
 8.324985581213e-01  3.987186442968e-02 -7.295561314700e-02 
-1.194097306796e-01  1.840510572057e-01 -4.122986200156e-01 
 1.107013620187e-01 -1.389150986021e-01 -1.009985193413e-01 
 5.937207923174e-02  2.818995639291e-01 -5.615303705900e-01 
 5.370672934503e-01 -8.221481393114e-01  3.861348392448e-01 
-9.110617777246e-01  1.340517493466e+00 -6.803742248367e-01 
 1.418410519831e-02  6.139119816948e-02  1.263435064582e-01 
 1.615433551492e-01  2.167189801384e-01 -8.070289990237e-03 
-5.121156705126e-02  5.503063507515e-02 -4.026029428207e-01 
-1.708348255105e-02  1.390496069081e-03  5.167455544657e-01 
 1.785190380425e-01  2.034110832440e-02 -5.559336916082e-03 
 6.228075723294e-04  1.846583303495e-02 -1.232191137440e-02 
 1.584207556491e-02  8.107548909417e-01 -1.538492637430e+00 
-1.304780136350e-01  3.569581182095e-02 -1.275121729215e-01 
 1.202278562277e-01 -1.039408015258e-01  6.468491340281e-03 
 2.584744364469e-02 -2.246085608996e-02 -1.730473881304e-01 
 3.966102290864e-02 -3.664955546188e-02  7.512427284356e-03 
-1.607997282301e-02 -8.988320477435e-01  1.978687805636e+00 
-1.551966441510e-02  2.437592632909e-01 -7.752112813207e-02 
-2.623279984301e-01 -1.189130375533e+00  1.886594769033e+00 
-6.617402068382e-02 -2.140307746176e-01  2.030183761016e-03 
 3.711003463103e-01 -1.003844163402e-01  4.045321161449e-01 
-1.176248862219e-01 -1.112661727188e-01 -8.343074195778e-02 
 3.993364492616e-02  1.770508791449e-01 -1.135651315147e-04 
-5.431557012032e-02  5.930397020021e-02  1.071096686525e+00 
-3.243136581819e-01  2.351616491543e-01 -1.418520409861e+00 
 3.717466619790e-01 -4.660745859635e-02  2.047535299326e-03 
 3.361133682460e-02 -5.436801582729e-02 -4.094849687269e-03 
-3.777005505694e-02  5.451183077861e-01 -5.859487293299e-01 
-1.407290920008e-01  5.546718633956e-02 -4.874885799689e-02 
-2.239813779196e-01  1.423925718089e-01  4.935478489180e-03 
-2.541764540237e-02 -2.207081465049e-02  2.831037220238e-01 
-4.982572852669e-01  7.230552820357e-02  1.121629186487e-01 
 5.197071065380e-02 -5.960174407112e-01  3.942573904908e-02 
 5.796006042978e-02 -1.237624098644e-02 -3.146822910341e-02 
 1.509541562500e-01  6.612243633328e-01 -1.134488326778e+00 
-1.115979103217e-01  5.740083354064e-02  3.925589265194e-02 
 1.122230484535e-01 -6.116009545666e-02 -6.347604967120e-02 
-1.043763579645e-01  1.493390964181e-01 -7.579366101796e-02 
 2.285360822155e-02 -7.912168697749e-02  7.211352974810e-02 
 3.432500791973e-01 -2.871151823368e-01 -2.825891388057e-01 
-9.993717278555e-01  8.276584343537e-02  5.283947923202e-01 
 1.895526251492e+00 -4.326373401644e-01 -3.659771925579e-02 
 6.929561003937e-02 -6.410606934708e-02  4.322946063331e-02 
-5.881659362584e-02 -5.205214777621e-02  3.553963042936e-01 
-1.332839652185e-02 -1.419010044000e-02  7.284480566407e-02 
-2.919288454414e-02  1.137770752333e+00  1.142072953381e-01 
 1.892811034452e-01 -1.954644003228e-01  4.880266440618e-02 
-1.045052617125e+00  9.221827431833e-04  2.796359979647e-01 
 7.733179842863e-03  3.083525657423e-01 -8.272152432117e-02 
 6.757839011665e-02 -1.507802606773e-02 -1.208509264472e-01 
 6.559377179930e-01  2.943899493557e+00 -4.978240410343e+00 
-6.784119591592e-02 -7.861645669572e-03  1.110412846372e-01 
 2.396182214751e-01  2.122014922783e-01 -1.026454511767e-01 
-2.715828563918e-02  1.731647683287e-01  1.793356615498e-01 
-1.560520993856e-01  3.281412718714e-02 -5.452932067004e-04 
 7.918185912571e-02  2.498045256064e-01  6.437405418281e-01 
 6.800917857189e-03 -1.831375152265e-01 -8.134590143324e-01 
 1.410574226545e-01  1.986053581139e-02  1.870250254157e-03 
-4.564371117499e-02  6.304941647264e-02 -3.749480678644e-02 
 1.893801863558e-02  2.875565599833e-01  7.388862592886e-01 
 1.444068411228e-01 -5.041498136226e-02  1.138629594278e-01 
 2.171086121289e-01 -4.361994930685e-01 -2.867705620132e-02 
-5.349516072590e-02  8.054193448633e-02 -5.018377851102e-01 
 5.264641938241e-01  7.179094533708e-03 -4.836157086842e-02 
 2.341010116695e-02  1.299617568207e-01  1.209010960091e+00 
-9.298632409208e-03  1.952270930788e-01 -1.096735552423e-01 
-1.081018904788e-01 -3.933593575607e-01  8.768874289525e-01 
 2.594090008079e-02 -1.331100523669e-01  9.398732816800e-02 
-1.917736202445e-01  4.010891582057e-01  2.749518063295e-01 
 8.569447054328e-02 -1.051254359019e-01  8.242584824342e-02 
-1.450610330321e-01 -7.701227442480e-03 -1.617862828351e-01 
-7.929096883235e-01  1.688474591508e+00 -1.973990595210e-02 
-2.716418213374e-01 -1.148265067954e+00 -1.641955490794e-01 
 2.325154945462e-01  2.017462609719e+00  2.077798092586e-02 
 2.163763247475e-02  1.686852021132e-02 -4.069052244930e-03 
-1.436707858757e-01 -1.235276477550e-01 -4.785997917599e-02 
 1.776038291493e-02  9.323746529427e-02  1.406417589232e-02 
-4.625087005215e-01 -4.183732186328e-01 -2.777625891932e-02 
-1.616424509219e-01  1.894744592922e-01  2.022476456727e-01 
-9.083517941197e-01 -3.947189476473e-02  2.794188953325e-01 
 7.656190908472e-02 -1.437495857127e-01  4.214536812622e-01 
-6.850407068734e-02  9.341918045409e-03 -2.670162742024e-02 
-1.639600170762e-02 -1.263143860540e-01 -5.765393356713e-02 
 5.726895409124e-02 -2.877455854501e-02 -3.054434908885e-01 
 1.166348820448e-02 -4.173596559330e-02  4.937852291259e-01 
 3.543787797591e-01 -8.581867143872e-02  2.940261645829e-01 
 1.827361775636e-01 -1.814262270748e-01 -1.276397437942e-01 
-6.545027122657e-01  9.358665820923e-01  1.841973471584e-01 
-3.234447416225e-01  3.161818754736e-01 -1.851103362295e-01 
 9.907781141316e-01 -2.990820790709e-01  2.519753354275e-02 
 3.119160957029e-02  1.295215948392e-02 -1.041831845183e-01 
-9.529903022409e-03  9.247663570530e-02  1.177435362906e-01 
 1.804696935822e-01 -9.825849719973e-02 -2.339442912648e-01 
 3.337592888762e-01 -6.921843726718e-02 -1.197750381580e-01 
 1.399871427723e-01  7.742906297791e-02 -4.399937677874e-01 
-3.528754113155e-01  5.270617678503e-02  1.594285408448e-01 
-2.161107548548e-02 -3.113139813904e-02  1.436033273015e-01 
-1.902671478543e-01 -3.552906076115e-02  1.587214243963e-01 
-5.542660536348e-02 -3.107999402547e-01  3.055639263727e-01 
-1.727678445305e-02 -4.448370590325e-02 -2.605539597126e-01 
-2.839871966021e-01  3.947857706770e-01 -2.341236178423e-01 
-3.665906174118e-01  6.147727411043e-02  2.583310337522e-01 
-1.802957833467e-01  1.841236495684e-01 -2.861358278149e-01 
-1.349243382305e+00  2.034627317283e+00 -9.657633004119e-02 
 2.925439881255e-02  3.380935453211e-01  1.334582756760e-01 
 5.332106164442e-02 -3.100235967276e-01 -1.007907369671e-01 
-4.967019160824e-02  5.999268454773e-02  4.157960945967e-02 
-6.512087578724e-02 -5.387013056200e-01  2.786407149693e-02 
 1.589988047882e-02 -1.562688902899e-01 -4.561088233655e-02 
-1.402120961965e-01 -8.852663105232e-02  1.997858268038e-01 
-3.538667674235e-02  2.258895101903e-01 -1.816627705862e-01 
-2.744241570502e-01 -1.954211781010e-01  1.615868261134e-01 
-6.908131352017e-02  5.335918616372e-01 -2.018808103104e-01 
 2.398280556204e-01  8.520504312235e-02  2.222069465436e-01 
-2.296504322382e-03 -4.250435293215e-02 -6.705315138275e-02 
 4.765980864097e-02 -1.081008158866e-01 -1.256843285904e-01 
-1.289930270792e-01  3.969275618138e-02 -2.132973776464e-02 
-2.424314725500e-01 -1.055889603469e-01  4.773774316748e-02 
-3.561886409543e-01  7.284838378408e-02 -1.884475855732e-01 
-8.790361078553e-01  1.289835777867e+00 -2.965562630386e-01 
 2.159813757340e-02  1.885146808877e-01  3.698602809978e-01 
 2.315388659723e-01 -2.495445871544e-01  2.026474856204e-01 
 7.156799382113e-02 -1.477566458179e-02  4.670414519104e-02 
 5.463626592058e-02  1.684031805548e-02 -4.453101854654e-02 
 6.832723624550e-02  1.293277331686e-01  4.442687455041e-02 
 9.465757393985e-02 -9.357758687068e-02 -3.994568771292e-01 
 5.019137285192e-02 -1.067178625705e-01 -2.865836435392e-01 
-1.129981251404e-01  4.753245411007e-01  5.049458894322e-02 
 1.687422778965e-01 -1.181611160778e-01  1.306900935720e-01 
 5.155818187476e-02  3.498239056524e-02  6.542586911597e-03 
 3.664605362054e-02  1.600226255109e-01 -1.951095016085e-01 
-4.111012729714e-03 -8.912732621495e-02  1.302701543387e-01 
-4.619759544149e-01  1.048559124313e+00 -9.287542772054e-01 
-1.529330987494e-03  2.837585151570e-01 -1.071337201534e-02 
 5.029698210140e-01 -7.749540281481e-02 -2.271680848511e-01 
-9.460328494346e-01  1.838620912892e+00  1.503219446839e-01 
 9.061085102209e-02 -1.827047614100e-01 -2.067881020950e-01 
-4.350461138601e-01  3.279065412647e-01  3.626741576847e-02 
 4.219891552011e-02 -1.246556189051e-01 -9.503261452210e-02 
 2.729528532381e-02 -8.996604727192e-01 -9.977746867187e-02 
-1.517836845837e-01 -2.639534992228e-01  3.922937246496e-02 
-5.865123235218e-01 -6.578115237047e-02 -3.279157099845e-01 
-1.700309043800e-01 -1.577085200795e-01 -2.444706801942e-03 
-1.919078880448e-01  2.658333638916e-02  3.104844021129e-02 
 1.913971128449e-01  7.618122716445e-01  1.472005947486e-01 
 1.894893669983e-01  6.680468534590e-02  1.391894182513e-01 
 4.843123741220e-02  2.388071359963e-01 -3.442373469661e-01 
 5.321016525415e-02  2.152632907107e-02  1.119544763610e-01 
-4.996135943360e-01  7.102143792101e-01 -5.992884683011e-01 
 1.459376472501e-01 -3.524070044230e-01  4.360397267537e-02 
-1.986392896147e-02  4.601884819604e-01  3.471979764171e-01 
 1.582227141182e+00 -2.202788075914e+00 -4.943421061032e-03 
-2.154433372183e-01 -3.601875375244e-01  1.130817895265e-01 
 3.424750160683e-01  1.564196721177e-01  4.253265729460e-02 
 5.372418929839e-02  7.985041027637e-02 -2.098582078689e-02 
-3.454635576456e-03 -7.505679924689e-01  1.836474482077e-02 
-9.435749152895e-02 -2.665227909311e-01  1.481105052730e-02 
 4.517912751872e-01  7.956556683055e-02 -3.170455214993e-02 
 2.340571642915e-01  6.259064091445e-02  1.607172209746e-01 
 9.962092822306e-02  1.668251367702e-01 -5.858660801393e-02 
-3.535837663440e-02  7.907568261261e-01  1.822369133707e-01 
 1.542979339930e-01  5.724349148691e-02  2.187148334560e-01 
 2.371368201155e-01  9.704966893567e-01 -1.665762140622e+00 
 1.602655691692e-02  1.170188052523e-01  2.083050329195e-01 
-8.692827652479e-03 -5.008615647133e-03 -7.923092278177e-01 
 2.053766176259e-01 -3.058792528906e-01 -4.980460539861e-01 
-1.027726482250e-02  2.463799246169e-01 -4.037629556045e-01 
-1.661724608247e+00  2.987060452530e+00 -1.099230654227e-02 
 1.125875498098e-02  1.657606867235e-01  1.343302938282e-01 
 4.306398309322e-01 -3.693807766423e-01 -3.939485635191e-02 
-1.448092762069e-01 -2.724511673428e-01  1.138770934557e-01 
 1.421737265728e-01  3.293701730944e-02 -3.940627402813e-02 
-5.348831014378e-03 -6.144702721725e-02 -6.565931404759e-03 
-1.275321695106e-01 -8.250032497728e-02 -6.299922813198e-02 
-7.001296059723e-02 -4.817674104565e-03 -9.198060505628e-01 
 1.575633642787e-01 -6.133803019297e-02  1.730949093158e-01 
-3.402488426602e-01  2.898384725646e-01  1.160583630470e-01 
-5.954277211193e-02  1.037406195047e-02 -2.185609656360e-03 
 9.105323553244e-02  3.379341388661e-01 -5.355513942554e-01 
-5.823485247286e-02  1.040676603775e-01  1.621748009160e-01 
 1.795114063842e-01  1.577827688048e-01  3.168230636118e-01 
 1.721715784736e-01  1.255199095897e-01  5.939615141244e-02 
-1.686928009793e-01  1.630153780735e-01 -6.644538316988e-02 
-2.864601275891e-01  3.726761724444e-01 -7.650947221701e-02 
 1.916868929195e-02 -4.573825216188e-02 -2.416845659600e-01 
 5.699220335908e-02  2.708393524412e-01  1.084820172800e-01 
-5.640977117636e-02  7.077544150045e-02  2.700220447357e-01 
-3.616482160810e-02  5.125519164237e-01 -1.456238107025e-01 
 1.089467864004e-03 -3.811681974664e-01 -4.362043959528e-01 
-1.986081966156e-01  1.378943016662e-02  3.141214586690e-01 
-3.088507763784e-01 -1.804617949101e-01 -1.547460063936e-01 
-1.278352387898e-02  2.816481051867e-01 -8.974046720482e-02 
 1.214194255800e-01  5.716782661274e-01 -3.051660873019e-01 
 2.153844928510e-02 -2.651852858634e-01 -3.006283668226e-01 
 1.743380326137e-01  6.762316588963e-01 -1.079814260294e+00 
 2.897778360468e-01  1.070075921987e-01 -7.905526264292e-02 
 1.663469315065e-01  1.984349137557e-01 -1.956314879714e-01 
-7.993425828505e-02  2.870671958830e-01  7.991333399881e-02 
-2.700923511975e-01  5.273998357425e-02 -5.675170974224e-02 
-2.518167383455e-01  4.410346134911e-01  3.352096133961e-02 
 8.969838219858e-02  5.954660204660e-02 -5.793314752847e-02 
-4.923272556919e-01 -1.416164243312e-01 -1.449997408337e-02 
 1.782823095549e-02  5.814240011822e-02 -6.327363688453e-02 
-2.012539021045e-02  4.547691834137e-01 -2.476311624513e-01 
-6.533092257908e-01 -2.328272307988e-01  1.764797403381e-01 
-3.361103402203e-01  9.420022240511e-02 -1.348177287081e-01 
 2.059778321569e-01  1.513975917369e-01  3.125079009315e-01 
-6.485279610700e-02  1.648878157907e-02  7.572031250119e-02 
-1.000694028811e-01  4.761089780876e-01 -1.542331076522e-01 
-5.849611589419e-01 -2.472730212269e-01  1.130141035601e-01 
-2.262553833647e-02 -3.321665036504e-02  2.547495198256e-01 
-1.158421100587e-01  1.756084891736e-02  1.468044546371e-01 
 1.904099258471e-01 -9.071336288674e-02  9.763011616503e-02 
-2.545314348748e-02  2.159077249871e-01 -2.417043540276e-02 
 2.247038573194e-01 -2.218655530081e-01 -5.784713231536e-02 
-2.667506559546e-01  2.049062271966e-01  6.104106533408e-02 
 3.230870062323e-01 -1.817333993191e-01 -6.234217063180e-01 
-1.322960076796e+00  6.561078351821e-01  6.388111122519e-02 
-3.525650940009e-02  4.238900837435e-02  1.125534682553e-01 
-6.076727676429e-02  1.387765974389e-02  8.980871101879e-02 
 9.064722745871e-02  1.771241600852e-03 -2.728132744576e-02 
-1.113584734682e+00  2.343916105814e-01  1.762750343187e-01 
 3.865527871686e-01  2.422702072639e-01  8.828622744664e-01 
-1.872250259303e-01  5.491358043481e-01  1.088305077150e-01 
-5.520895892909e-01 -3.149195238054e-01  6.001142182494e-02 
 1.518781888947e-01  1.146509752371e-01  2.137689362952e-02 
 2.558495682372e-02  6.855780241851e-02 -5.385517430424e-01 
 1.030915277025e-01 -2.515388128182e-02 -2.161750380341e-01 
 2.372915902628e-01 -2.004739327083e-01 -2.467893902192e-01 
-1.730921174170e-02 -1.298050710645e-01 -3.571088335666e-03 
 3.028882283681e-01 -1.096904024106e-01 -1.273974885996e-01 
-4.913575623524e-01  9.941356851043e-01 -9.671137220087e-02 
-1.806757720462e-01  7.564823448266e-02 -2.683542071666e-01 
 9.982066682355e-01 -5.009394575729e-01  5.589943786433e-02 
 6.866583468380e-03  4.256720942478e-02  1.114271690659e-01 
-1.877247646178e-02 -1.742456433281e-01  2.803390696355e-01 
-2.043334917289e-01  1.085341705516e-01  4.671247756143e-01 
 4.117618800318e-01 -7.000072868494e-02  5.492270680047e-01 
-3.091090594759e-01  4.135805954540e-02 -8.802128079025e-01 
 2.023871075311e-01  3.804893677586e-01 -8.874441113485e-02 
 2.462192462268e-01 -1.585322121806e-01  2.423317932961e-01 
-3.024215423797e-01  1.765977763895e-01  3.470093324468e-01 
 1.965929318382e-01  7.085520561636e-01 -1.510162139002e+00 
-2.577866387630e-02 -2.533169328348e-02 -6.502568550437e-02 
-3.285012707385e-02  2.759404153000e-01 -6.790608152997e-01 
 1.895028193720e-01  4.061118270073e-02 -4.220328753345e-01 
 1.042782151113e-01  4.907876928544e-03  1.785881020446e-02 
 1.083148344797e-01  4.157194296210e-01 -1.681962579002e-01 
 1.119673751892e-01  3.308723941604e-01  1.904561986295e-01 
-4.359024201575e-01 -1.503694823616e+00 -6.826811567065e-02 
 4.485795855421e-02 -4.298138021969e-02  7.600640439798e-02 
 1.989116201819e-01  1.164764376650e-01 -2.514678350679e-01 
-7.041609004493e-03 -1.325490841216e-02 -9.714769768950e-02 
 2.765160391551e-01 -1.213587827066e-01  3.709102628250e-02 
 1.833108100800e-01  8.079251882474e-01  2.294662748466e-01 
 6.539068117960e-02  8.175910781859e-02  1.963236846707e-01 
 6.303925546751e-01  2.483834441485e-01  1.318653133657e-01 
 1.808877087420e-01 -1.834471082565e-02 -1.841421701003e-01 
-3.421541889478e-01 -1.439384996630e+00  1.094450458221e+00 
 2.047829668857e-01  2.836529333892e-01  2.136366233024e-01 
-4.623233822367e-02 -4.184343081277e-02  2.316843728173e-01 
-4.403180491857e-01 -4.111607507526e-01 -9.419240220551e-03 
 5.870662578193e-02 -1.176814245221e-01  8.036212240583e-03 
 4.195896371803e-03 -1.813710155549e-01 -3.829485223985e-02 
 3.701698602375e-02 -5.980506916150e-03  3.154905962257e-02 
-1.301586229194e-01  1.140211561211e-01 -1.222877943779e-02 
 9.739726907863e-02 -3.348559593700e-02 -4.112252583055e-02 
-1.129011932905e-02 -2.962116404188e-01  4.401193450066e-01 
 1.829023337577e-01 -7.385718893945e-01  6.497008361416e-02 
 3.074718448476e-02 -8.516747806361e-02 -6.900689600505e-03 
 6.300421767592e-02  7.520125361383e-02  1.460338198597e-01 
-1.343658053220e-01 -1.050750609310e-02 -7.707427461115e-03 
-1.461609954683e-02 -4.485115517652e-01  4.355271809643e-01 
-4.377446370952e-01  2.221203655535e-01 -5.792308854122e-01 
 3.055170272871e-02  1.033454396364e-01 -1.495955188445e-01 
 1.617781961196e-01 -2.734900035261e-01  2.706758404929e-01 
-2.359235059226e-01  4.758806959177e-01 -4.519159073575e-01 
-7.589013822787e-02  3.096798299392e-02  4.029594324149e-01 
 4.933897640418e-01  7.639737435970e-01 -6.937216460020e-02 
-3.213118445912e-01  4.796358608752e-01 -4.088926373493e-02 
 2.476686171519e-01  3.881425044913e-02 -5.825171110667e-02 
-5.391198345754e-01 -9.794237647105e-02 -1.334213861032e-02 
-4.118798586709e-02 -1.748656809191e-02 -2.154798894172e-01 
 1.079002946462e-01 -4.651875625608e-01  1.746387900285e-01 
 4.127125958894e-01  4.210964658844e-01  3.546458067714e-01 
-3.338568354722e-01  1.335530585100e-01  1.496952805322e-01 
 4.539044611721e-02 -9.057796407122e-03  2.735280771298e-01 
-9.059943019239e-02  1.021533570454e-01  1.043745344768e-01 
 4.038199065537e-02  6.236839159352e-01 -3.905322557478e-01 
-3.130562505196e-01 -5.833688625709e-01 -4.334918132971e-01 
 7.179461571445e-03  7.055286503537e-02  1.167077597375e-01 
 9.159022077265e-03 -4.248127685096e-02  1.402692428258e-03 
-3.615343251816e-02  2.213830088466e-02  8.501014281235e-02 
-6.191313969582e-01  4.714865151654e-01 -5.573497136850e-01 
 5.179058916965e-02  2.628592086785e-01  4.053542600038e-02 
 2.094605270054e-01 -3.991865881535e-01 -2.820820887640e-03 
-1.525252674382e-01 -3.135351215212e-01 -5.947966699433e-02 
 2.222665830492e-01  2.268226354118e-01 -1.012943808716e-01 
-9.526198442373e-02 -2.868134287832e-01 -1.153242648652e-01 
-1.679310521563e-02 -4.116026323296e-03 -4.438415192648e-02 
 5.302947138546e-01 -2.074992392452e-02 -5.520326345135e-01 
 1.445040453408e-01 -5.863721700681e-02  9.000583489982e-02 
 9.322821631811e-02  7.465623892755e-02 -4.320633907712e-02 
 1.978586973859e-02  1.365458210105e-01 -1.574156951958e-01 
 1.967089879726e-01 -1.294922017933e-01  1.007930222420e-01 
-5.655164015634e-01  2.917213624989e-03  6.055208587537e-01 
 8.420919409294e-02  3.263085664995e-01 -4.457398080978e-01 
-1.116154145694e-01  1.532314125155e-01 -1.138642882283e-01 
-6.190897529137e-02  4.104719013781e-02 -2.008153048371e-01 
 1.831292885281e-01 -1.691033759124e-01 -7.516688616325e-02 
-2.141050425505e-01 -1.190760260388e-01 -2.591683788571e-01 
-1.106381541527e+00  1.149056157783e+00 -6.156190619759e-02 
 1.102527093714e-01 -1.327106942130e-01 -1.121643397810e-01 
 9.814549121876e-02 -1.879966271992e-01 -1.445529915824e-01 
 7.623068144964e-02 -1.774636304645e-01 -8.070417096844e-01 
-3.709650313702e-02 -2.752281531805e-02 -1.850104959534e-01 
-2.539782184837e-01 -3.253079614004e-02 -1.221577455780e-01 
-4.148050779811e-03  1.119240895539e-01  5.044592465372e-01 
 1.222315459506e-01 -1.065293308169e-01 -2.879384417477e-01 
 1.335131982656e-01  3.268016088415e-01 -1.946377683421e-01 
 1.066770717607e-01  1.635023671626e-01  2.499060051712e-02 
 2.788693321219e-01  1.016477152468e-01 -1.547255051002e-01 
-1.408550624715e-01 -4.179583985906e-01  1.475516512331e+00 
 4.349460967208e-02 -1.594603119872e-01  1.473751621774e-01 
 2.153004070823e-02 -1.255759104966e-01  7.949981802019e-01 
-8.612404466636e-02 -9.171561777883e-02  5.415334424788e-01 
-1.328836890382e-01 -2.418078573929e-01  4.081833496107e-01 
 1.719250768669e+00 -1.942344397189e+00 -2.257410518759e-01 
-3.566499627701e-01  1.552754868204e-01 -2.474738151041e-01 
-2.309028557822e-02  9.235631532530e-01 -2.641893946454e-01 
 7.025133942127e-02 -5.765280981232e-01 -6.476300629012e-02 
 3.388482131889e-01 -7.270254711126e-02  1.729884367741e-01 
-1.510708984390e-01 -3.755943400856e-02  3.262440977809e-02 
-4.174357607698e-01 -1.381437973423e-01 -3.142415168631e-02 
-5.627825178059e-01  3.328409075059e-01  3.993745350098e-01 
-2.061149651222e-01  3.574579457868e-01  8.527040856748e-02 
-3.237581931103e-01 -6.731702515902e-01  6.670693206984e-02 
 1.234281361891e-01 -2.019794912028e-01  2.005569474993e-02 
-1.636728829831e-01 -6.360863133299e-01  1.012421711470e+00 
 4.579238745271e-02 -6.575766356071e-02  1.274508785787e-02 
 8.059674039380e-02 -1.424937893076e-01  4.891876772643e-01 
-3.888472064853e-03 -6.343593731741e-02  1.963732234742e-01 
-1.646206904304e-01 -2.255129431538e-01  2.064482700870e-01 
 7.548414694848e-01 -1.376879265913e+00  2.399168486957e-01 
 8.510689540001e-01 -4.187452112742e-01 -1.355818289489e-01 
-4.541978075257e-01  3.762997501460e-01  8.761041961633e-02 
-5.410265105012e-01 -1.769361447242e-01  7.034646566389e-02 
 4.634082130073e-01  1.423072935049e-01  8.597280573582e-02 
-7.895636074178e-02 -1.551092220501e-01  8.038565172192e-02 
 3.468109476726e-01  9.396284172123e-02  2.901577231833e-01 
 3.521614018245e-01 -4.452880101769e-01  3.496491205752e-01 
-3.715260366450e-01 -1.149526076596e-01  4.885030319310e-01 
 4.985706524612e-01 -3.237882649829e-01 -7.717639768939e-02 
 5.642497430184e-02  6.012044181696e-02  6.939285734126e-02 
 2.407032933170e-02  1.292283827812e-01 -1.531307328694e-02 
 2.757939231147e-01 -5.312701342843e-01  3.675695670711e-01 
 1.167599826206e-02 -1.341738557407e-02 -4.576176824661e-02 
 9.293937260196e-02 -1.383718698512e-01  2.109970159197e-01 
-9.304626450354e-02 -2.030284477541e-01 -2.627873309031e-01 
-1.186538603778e+00  1.838519496883e-01  1.173634027329e-01 
-4.415417206070e-01 -2.773766920415e-01  1.086584308859e-01 
 2.055164419670e-01 -2.980508888747e-01  2.228748839243e-01 
-5.621529634922e-02 -5.813981298220e-01  3.254130892435e-01 
-1.331120811917e-01  3.957528163390e-01 -2.432571141609e-02 
-8.447228901425e-03 -1.307324688730e-01  3.191553127968e-01 
 5.385085555105e-01 -6.166677591083e-02  1.021685471963e-01 
 6.425499619629e-01  2.161092043121e-01  4.036647961151e-01 
 6.806289370009e-02 -2.958275996917e-01 -7.498251834107e-01 
 2.492314676315e-01 -6.140537815207e-01 -3.260514487790e-03 
 2.442709113206e-01 -3.785017016459e-01 -1.611492450371e-03 
 5.630292096648e-02  2.882710292459e-01  3.956524480568e-02 
-1.040203323367e-01  6.201706881788e-02 -9.322911855651e-02 
-4.301318159404e-02  9.204927124197e-02 -1.142177205426e-02 
-1.844018756268e-01 -8.275801106551e-03 -5.230535813271e-02 
 6.402476191240e-02 -5.418838539474e-03  6.143982511127e-02 
 2.715984581986e-01 -1.344669100519e-01  5.975607238391e-02 
 9.532179528379e-02  3.128552553034e-02  8.222356914535e-04 
-7.792852966943e-02  1.474571282279e-01  9.762089652495e-01 
 5.051537232348e-01 -1.068155579336e-01 -1.625196819048e-01 
 3.243454250613e-01 -3.889856631613e-01  5.090584779534e-02 
-6.234015406809e-02  7.314664360339e-02 -2.172677489985e-01 
-8.703959353298e-02 -3.574251947384e-03  4.804058222596e-01 
-1.363316402878e-01  1.880448415286e-01 -5.656245069700e-02 
-2.144168351273e-02 -6.173206783464e-01  2.030289881176e-01 
-3.426858807615e-01 -1.152561493994e-01  1.308958389168e-01 
-4.732707022675e-02 -4.549224683116e-02  8.401677382027e-02 
 3.818991178859e-02  7.971454479256e-02 -4.057325687577e-01 
 9.397749124895e-01 -1.552174607377e+00  1.143648839074e+00 
-4.438981816290e-02  8.301133251639e-02 -1.840511053984e-01 
 1.076000633341e-01  1.460086179084e-01 -5.918508874816e-01 
-4.524331085597e-01 -5.135130811185e-01  3.977432283318e-03 
 6.691651307506e-02  3.644544710281e-01 -4.614538939186e-02 
 7.771716526056e-02  1.480405603927e-01  1.056314967686e-02 
 5.439078194398e-02 -1.336418278909e-01  2.670843224684e-02 
 4.913488777983e-02  2.267111246889e-01 -1.957272534927e-01 
-2.559007734705e-02  1.889420911664e+00 -2.995997774938e-01 
 5.683933349805e-01 -7.813639589081e-01  6.173604421719e-01 
-2.066444273659e-01  1.108627853295e-01  1.449858594863e-02 
-2.074356840120e-01 -1.863892282467e-02 -2.788433780054e-01 
 5.906799402456e-02  1.768806843026e-02  1.904600577413e-01 
-6.471260718317e-02 -1.483727953975e+00  1.978170963649e-01 
 4.186598615052e-01 -7.090759001924e-01  5.843260216274e-01 
 4.169541426099e-01  2.084178400069e+00  4.213947806028e-01 
-1.796809621970e-01 -5.824690270007e-01 -2.604215343116e-01 
 2.938280266434e-02  4.631754683699e-02  1.125117783987e-01 
-8.786390742830e-01 -1.098737013691e+00 -1.407311711088e-01 
 6.409988794168e-01 -5.346679415084e-01  1.542356711973e-02 
-4.614547931787e-03 -2.515931027509e-01  1.850788255026e-01 
 8.852112814598e-01 -2.402495629450e-01  1.370389638003e-01 
 3.728591712129e-01 -1.333108286951e-01 -3.632589262560e-01 
 5.884112245901e-01 -8.212668245132e-02  2.485148476590e-01 
-1.435812302507e-01 -2.328777791182e+00  8.876040323944e-01 
-6.073544176496e-01  2.958356430862e-01 -7.634888143120e-01 
 1.603245836478e+00 -4.482251814238e-01  1.834814734324e-01 
 5.230225337107e-01 -4.373109770645e-01 -1.164774955590e+00 
 2.926576609659e-01  1.189674899291e-01  4.668037115809e-01 
-5.536835474284e-02 -2.687674533548e+00  9.144052518155e-01 
 1.781701630319e-01 -1.140460664724e+00  2.622622251974e-01 
 2.969352117394e-01  1.491014547429e+00  4.375297044192e-01 
-1.791342775499e-01 -3.274186067640e-01 -2.101959013634e-01 
 3.405859876936e-02  1.127080616912e-01  2.074331313377e-02 
-6.723108432693e-01 -8.367984883613e-01 -1.384263559568e-01 
 5.226456050935e-01 -3.996456550477e-01 -8.131212160120e-02 
-2.512060068453e-01  4.594543076017e-01 -2.781033223076e-01 
-1.081050859662e+00  3.444097114523e-01 -9.097000971411e-02 
-6.523692513533e-01  1.186894430973e-01  3.609130662578e-01 
-9.243717213070e-01  3.490074357085e-01 -2.964773056458e-01 
 1.364073310177e-01 -1.874903928165e+00  6.591203681602e-01 
-4.835384366871e-01  2.049412188825e-01 -5.929249515560e-01 
-2.173583418654e+00  6.933525602270e-01 -3.223198353986e-01 
-6.720569119834e-01  4.686684553451e-01  1.718154712362e+00 
-5.319701016493e-01 -1.237705332228e-01 -6.259647381226e-01 
 1.827986698537e-01 -1.999703738335e+00  6.758710668829e-01 
 1.352504464588e-01 -7.857876527326e-01  9.004972911200e-02 
 3.680257752425e-02  1.381762772043e-01 -2.745306765645e-01 
-7.515081108811e-03 -2.860893175060e-02 -5.511935814566e-02 
-4.161093453734e-02  1.446944332252e-01 -1.351693711552e-01 
 1.448640563160e-02 -8.683476380193e-02  3.481966046025e-02 
 3.413490087709e-02  1.340567842280e-02  3.124681120485e-01 
 1.550638611248e+00  1.438940836248e+00 -1.739193212266e-01 
 8.820914688842e-01  5.963607922423e-01  1.644353189878e-02 
 1.478836949265e-01 -9.699557400318e-02  4.477877617011e-01 
-4.005144673650e-01 -6.180268473349e-01 -1.692834001223e-01 
-1.282842384407e+00 -1.356303968636e-01  6.929534953953e-03 
-5.395585166340e-02  2.542414977788e-02  6.656943205468e-03 
-1.841245976737e+00  7.664696592757e-01 -3.498017027560e-01 
-4.634239121223e-01  6.667736997782e-01 -3.666595830842e+00 
 1.381413646543e+00 -3.324676649495e-02  1.385102171028e+00 
 4.040854016933e-01  3.839049475076e-02  1.560205975999e-01 
 9.131660384621e-03 -2.010410466742e-02 -5.857511750487e-02 
orbocc
(*)
 0.000000000000e+00  0.000000000000e+00  0.000000000000e+00 
 0.000000000000e+00  0.000000000000e+00  0.000000000000e+00 
 0.000000000000e+00  0.000000000000e+00  0.000000000000e+00 
 0.000000000000e+00  0.000000000000e+00  0.000000000000e+00 
 0.000000000000e+00  0.000000000000e+00  0.000000000000e+00 
 0.000000000000e+00  0.000000000000e+00  0.000000000000e+00 
 0.000000000000e+00  0.000000000000e+00  0.000000000000e+00 
 0.000000000000e+00  0.000000000000e+00  0.000000000000e+00 
 0.000000000000e+00  0.000000000000e+00  0.000000000000e+00 
 0.000000000000e+00  0.000000000000e+00  0.000000000000e+00 
 0.000000000000e+00  0.000000000000e+00  0.000000000000e+00 
 0.000000000000e+00  0.000000000000e+00  0.000000000000e+00 
 0.000000000000e+00  0.000000000000e+00  0.000000000000e+00 
 0.000000000000e+00  0.000000000000e+00  0.000000000000e+00 
 0.000000000000e+00  0.000000000000e+00  0.000000000000e+00 
 0.000000000000e+00  0.000000000000e+00  0.000000000000e+00 