2mocoef
header
1
MO-coefficients from MOLCAS
1
48   48
a
mocoef
(*)
-1.105630162235e-04 -3.844426020990e-04  9.970304700852e-04 
-1.419158924725e-04  1.231917933675e-04  1.173085737299e-04 
-6.098988278462e-05 -1.026894777023e-04  7.074257056967e-04 
-5.697949524279e-05  5.720805130097e-05  1.493012120343e-04 
-8.943222534554e-05 -3.444383964236e-06  1.000726446645e+00 
 3.775167219567e-03 -3.576264877104e-03 -6.517298232068e-04 
 8.547731563273e-04 -8.981661695538e-06  3.601041991069e-04 
-3.456203347741e-04  7.255873381152e-04  1.312645553598e-04 
-1.659276660146e-04 -4.497760806748e-04 -7.772548534329e-05 
-4.747919054693e-04  2.020600262667e-05  1.106089584391e-04 
 4.069978771882e-05 -2.655326341256e-05 -7.600685502222e-05 
-2.734071720947e-04  5.658759016916e-04 -2.188092790671e-04 
-3.487252490541e-04  2.915222037386e-04 -1.017965932651e-03 
 1.128344624680e-03  1.875440732072e-05  7.719657110746e-04 
 8.311028821366e-05 -1.975044220061e-04  1.488944429603e-04 
-4.783938966151e-05  8.645306110547e-05  1.240650212799e-04 
 1.001139186840e+00  6.081185922615e-03 -5.523820687872e-03 
-6.211930667174e-04 -5.929755659605e-04  7.719056237250e-04 
 5.765490746858e-04  4.498812143707e-04 -1.225463389215e-03 
-8.886268892745e-04 -1.337041023156e-03 -3.657412113709e-04 
 9.213233500148e-04 -5.337736082986e-04 -7.594354879217e-05 
-1.308264617940e-04  6.899809179291e-04 -5.220182041129e-05 
-1.117279559111e-05 -7.735840481875e-05 -1.024426967742e-04 
 1.994272325011e-05 -4.104532663642e-04  1.880827515037e-05 
-1.664996277235e-05  6.896847616739e-06  3.321914267849e-05 
-1.898595776048e-05 -2.226936328887e-03  2.103866100002e-03 
-4.488898031742e-04  1.377509074239e-04 -5.784672635349e-04 
-3.457698085025e-05 -3.646639057863e-06  4.279280400866e-06 
 1.000045666410e-05  6.658354545082e-05 -1.551614761229e-04 
 4.323907899597e-04  3.479354872610e-05 -5.339043672493e-05 
-7.509171305545e-05 -2.334031449535e-03  2.523355657008e-03 
 1.731832977171e-04 -9.332260508524e-04  1.643832248110e-04 
-6.761480137020e-03  1.702689043554e-01 -2.939775816708e-02 
-2.401332802901e-02  1.942217943564e-02  2.933338690779e-02 
 5.935889704604e-03 -2.846073084102e-03 -5.333779283850e-03 
-1.955711560622e-04  2.546623282241e-03  1.022530348772e-02 
-2.592203105535e-03 -8.567024026961e-05 -1.054743646956e-02 
 8.377413203393e-01 -1.165897616451e-01 -3.186801049289e-02 
 9.264494274546e-02  4.480423076803e-02  6.016339341701e-03 
-4.917661147461e-02 -2.768606101046e-02  1.230624227322e-03 
-8.192998225577e-04  1.165003618502e-03 -2.340062339599e-03 
-7.539430696166e-03  8.298116818361e-02 -3.985183037421e-02 
 3.108966505735e-03 -3.256343670258e-03  6.580084230565e-03 
 2.452087804119e-01 -1.174179155444e-01  9.056502821951e-03 
 2.369959526143e-02 -1.471997374300e-02  4.050581662634e-01 
-1.974269275085e-01 -3.351662615735e-03 -3.905672152776e-02 
-2.024576845200e-03  6.246805782225e-02 -4.092353671345e-02 
-2.388474382505e-03  5.912139165602e-03 -3.378471658251e-03 
 1.041592916034e-02 -8.138363725681e-01  1.539893414473e-01 
 1.064249528258e-01 -6.821216548337e-02  1.602264567652e-01 
-3.178530720680e-02  1.996091930557e-02 -4.714256242542e-02 
 4.492611552937e-03  5.753307725507e-03  1.282494503012e-04 
-6.187134431998e-03  6.745175701166e-04 -3.736617016177e-04 
 1.987145640678e-01 -2.054606969567e-02 -1.107839542263e-02 
 2.256314974610e-02  7.422462540338e-02  3.494422984803e-03 
-1.730063568642e-02 -1.538660723702e-02  8.027269773209e-04 
-9.862966506633e-04 -6.298563293130e-03 -4.248147718458e-04 
-1.682273373234e-03 -5.366899428466e-01  2.513216431080e-01 
-2.076797441294e-02  2.081477318481e-02 -2.682274177028e-02 
 8.463162285256e-02 -4.302452636289e-02  2.808199096157e-03 
 7.280495034773e-03 -4.242820158297e-03  1.098749516066e-01 
-4.924127673536e-02 -6.952207877894e-04 -9.978601259860e-03 
-7.026473073085e-04 -2.537324224709e-01  1.360058547181e-01 
 9.354819716869e-03 -2.176959917738e-02  1.301785119329e-02 
-3.182675293274e-03 -1.466258398237e-02  3.185897797491e-02 
 3.034437635755e-02  2.208029632798e-02  5.000813365797e-02 
-2.060895161585e-03  2.227122573894e-03  2.992279840977e-04 
-1.073852719483e-03  8.624254810487e-03  5.604115800674e-03 
-4.473473702683e-04 -1.222594033308e-03 -1.161796720360e-03 
-7.823302055479e-02 -4.378717115378e-02  1.628415709892e-01 
 6.547068189308e-01 -1.973086342071e-01 -2.158434429899e-02 
-1.106315360671e-01  3.036116892456e-02 -6.124084029456e-03 
 7.646602577788e-03 -5.150642573463e-03  4.491347338987e-03 
-8.560259472001e-03 -4.351160454915e-02  1.680101732671e-02 
-5.023550245942e-04  1.672198291827e-03 -7.722428318949e-04 
-5.431322714405e-01  2.114303458626e-01 -1.490380287915e-02 
-2.132556808163e-02  2.723515928163e-02  5.258805955239e-01 
-2.264490193623e-01  1.822047978553e-03 -2.861893085934e-02 
-1.183430100785e-02 -1.356491091105e-02 -7.261148160026e-03 
 2.128898800073e-03 -9.556633253180e-04 -2.800710241249e-03 
-4.912191427788e-03 -1.965981378714e-01 -7.353839547167e-02 
-7.678795248651e-01 -4.847977809255e-01 -8.519217397006e-02 
-3.552375995493e-02 -1.725085785126e-02 -3.063424329533e-04 
 7.885248957933e-03 -7.832567459986e-03 -1.605642171426e-03 
-6.385623141798e-03 -1.079046147936e-03 -1.497218185838e-05 
 5.109406880913e-02  2.652521384906e-02  1.522097748087e-01 
 2.307346860037e-02 -3.536113514795e-02  1.782930043516e-02 
-3.011598980421e-02  2.142956036386e-03 -4.212248427004e-04 
 8.355968464846e-03 -1.667761743849e-03  8.838976053136e-03 
-3.563208984108e-03  1.318185224687e-01 -4.710965143440e-02 
-1.673235698420e-02 -1.909961826495e-02  4.831401991472e-03 
-1.135521983621e-01  2.534651034262e-02  2.184135591330e-03 
-4.438603177117e-03  2.835363095163e-03  5.299206019000e-02 
-2.354160579302e-02  4.309508581703e-03 -2.563079848445e-03 
 1.757529324013e-03  1.154515270038e-01 -7.808582890387e-03 
-2.848725303131e-02 -8.730273679250e-03 -1.164019785617e-03 
-4.207592272292e-03  6.312655676817e-03  4.036058375476e-02 
-6.858269708599e-02 -6.114161328003e-02  1.290948421314e-01 
-2.105012248119e-02  1.164692120674e-02 -1.444110022770e-02 
 6.897923802231e-04  3.404318786404e-03 -6.315445741307e-04 
-1.775701842480e-02  9.812386865192e-04 -3.712880094498e-03 
-1.015562925715e-01 -1.708858766417e-02 -8.442261497405e-01 
 1.403846703747e-01 -2.237377118704e-01 -7.490621906034e-02 
 1.148989602825e-02 -2.460148726535e-02 -3.619181882324e-03 
-7.834338725047e-04  1.967906233587e-03  2.969821227073e-03 
 2.121034756858e-03 -8.876970149905e-02  2.597769591593e-02 
-2.817294352689e-03  1.004602158387e-04  1.806083760671e-03 
 3.708472336932e-02 -5.651512127040e-03 -1.888885464689e-02 
 5.673985699172e-03 -6.748964724395e-03  2.959387286648e-02 
-1.065699385223e-02 -2.431094169582e-02  7.196171238269e-04 
-7.014785122083e-03  4.015492452582e-02 -4.091060797716e-02 
-4.978827223880e-03  8.388459536702e-04 -3.803582143567e-03 
 8.251709343580e-03  1.620755656336e-01 -5.802777873440e-02 
 2.746037960576e-01 -4.861045056716e-01 -1.564824156876e-01 
-4.627900477894e-02  9.303609918915e-02 -3.413434150170e-02 
-4.134785260016e-03 -6.057348759978e-03 -3.330740760535e-02 
 9.491860605242e-03 -1.165411184485e-02  6.774166241761e-03 
-1.221877216639e-01 -1.127268949164e-01 -1.297512804154e-01 
 2.275469142413e-01  5.167043288198e-01 -7.450738803376e-03 
-1.029316140750e-02  3.674819645990e-02 -1.632739622227e-03 
 4.382040781971e-03 -1.520491238886e-02 -2.671217926221e-03 
-3.344456947806e-03 -1.351450706232e-01  5.212590623071e-02 
 1.157326407242e-03 -5.133455343058e-03 -1.260433175008e-02 
 1.464304391914e-01 -5.076480829971e-02  1.843377598360e-03 
 1.346687905675e-02  1.205898267397e-03  2.346104842835e-01 
-7.600699651228e-02 -4.145612315058e-03 -1.038165406769e-02 
 1.008677862015e-02  4.596620072389e-01 -1.783926048272e-01 
-2.363903620795e-03  1.284231798817e-02 -2.196146922489e-02 
-4.625836133405e-03  1.460702819026e-01 -3.523907764834e-02 
 2.209749474345e-01 -3.629037017083e-01  4.361842297872e-01 
-7.064462856792e-02  1.146756345949e-01 -1.110995878498e-01 
 2.929951540417e-03 -5.218175527948e-04  1.063613520831e-02 
-1.048650250697e-02 -6.343448920263e-03 -4.846413112065e-03 
 1.833829405916e-02  6.964932798267e-02  1.428331191119e-01 
-1.554251017318e-01 -3.358589793490e-01  2.287652966247e-04 
 1.088393188191e-02 -1.067647653152e-02 -9.145894105921e-04 
 4.875210057940e-03  1.304992465552e-02 -2.344192959205e-03 
 2.084336618274e-03 -4.145187518984e-01  1.633147242701e-01 
-1.155014205914e-02  8.627000309167e-03 -8.234366864727e-03 
-1.349201737646e-01  4.949585599634e-02 -1.357290288587e-03 
-1.057057956033e-02  2.632169916692e-03 -1.708702713329e-01 
 6.729334252523e-02  3.654807790476e-03  1.040530350617e-02 
-4.169372856669e-03  4.957692870659e-01 -2.246452206539e-01 
-9.249536164213e-03  2.725495479361e-02 -2.913373212552e-03 
-2.376784786146e-03  2.269244635705e-01  2.273413253226e-01 
-2.613860812807e-01  1.989646959166e-01  6.048499215307e-01 
-1.148243530424e-01  9.338654992859e-02  2.284605625965e-01 
-2.803342443500e-03 -6.092691752237e-03 -1.925873940818e-02 
 2.400492339479e-03 -3.374151702891e-03  1.597110920690e-02 
-3.000667010812e-01 -5.051778436012e-01  6.936520844755e-02 
 1.050422894685e-01  3.858941454078e-01  3.703766055979e-02 
 4.022517518103e-02  1.527041064398e-01  1.101767868076e-03 
-1.713010391116e-04  1.954280818418e-02 -4.666212012536e-03 
 1.124147279813e-03 -8.926947039368e-02 -7.672946337966e-02 
-1.549694763983e-02  1.303604566358e-02  1.947424673524e-02 
 2.255430910816e-01  1.957665521830e-01  5.131877759709e-03 
 1.016882221558e-02  1.161586035345e-02  6.209173132962e-02 
 1.450471628114e-01  2.574823705019e-03 -4.612587924562e-03 
 8.649674693919e-03  1.008803169743e-01 -1.503268347693e-01 
-7.410240746788e-03  3.885098251308e-03  9.531708790620e-03 
 2.839280645528e-02 -3.159335498081e-01 -1.305130838170e+00 
 6.756809193174e-02  6.379682431668e-02 -5.274197792669e-02 
 2.855314794594e-02  2.070247134738e-01 -7.877485144200e-02 
 4.171032692126e-03  6.566413669842e-03 -5.391099237391e-03 
-1.371915207322e-03  1.813318995161e-03  2.405821121149e-02 
-1.366233503213e-01 -6.289331886204e-01  2.901461197749e-02 
 2.254335625113e-02 -2.162316499521e-01  3.466013773797e-02 
 9.783661548082e-03 -2.024150489613e-01 -4.489466223287e-03 
 1.453543138470e-03 -1.089869707788e-02  3.343616590880e-03 
 9.640231683367e-04  1.391670774860e-01  6.878050113802e-01 
 6.797309616552e-03  5.714250029799e-04  6.472272062841e-03 
 9.872303537983e-02  5.654080050546e-01  3.711952313311e-03 
-4.004393247257e-03 -1.340915858306e-02  1.436824992920e-01 
 3.971611592820e-01 -1.627935452377e-03 -5.147844095724e-03 
-6.988490472104e-03  1.660650019807e-01  1.070872960116e+00 
-2.764262095309e-04  4.815816454638e-03 -1.754758323386e-03 
 2.056360504935e-02 -1.370823009421e-01 -8.907568438295e-01 
 4.396875776851e-02  3.788802146750e-02  2.980757841392e-01 
 1.967358797760e-01 -1.106635881690e-01  4.947493320009e-01 
-9.794459771559e-03 -1.504823677247e-02 -9.268817798629e-03 
-1.175916713960e-03 -7.138324887218e-03 -1.524398486260e-02 
 8.827802025980e-02  3.838648777421e-01 -1.368546864041e-01 
-1.222852352094e-01  3.094360165254e-01 -1.491589762191e-01 
-1.953700185050e-01  3.318950468875e-01 -3.821668097684e-03 
 4.836370617958e-03  4.600552831291e-03 -5.292733154483e-03 
 4.449077463701e-03  1.709680065861e-01  1.277375363128e+00 
-1.844989863783e-03  7.788005984536e-03  1.063553303924e-02 
-2.169113550522e-01 -1.003497086243e+00 -2.482326463964e-03 
 3.579180572666e-05  7.772003488472e-03 -7.201379309772e-02 
 7.869639992336e-02 -5.400375021032e-03 -3.836652592946e-03 
 6.121395627056e-03  2.443979617986e-01  7.235429565879e-02 
 4.190646787738e-03  3.039712935189e-03  8.522595605006e-03 
 1.897669939392e-02  2.006122465740e-02 -4.028775364403e-01 
-1.593434977295e-01  3.738764492309e-01 -5.735227816911e-02 
-4.635945995479e-01  8.532143726885e-01 -4.895459066690e-01 
-9.250284632744e-03 -5.765297951388e-03 -7.168986523131e-03 
 7.455211487034e-03  7.174391616340e-03 -1.978593042534e-02 
 4.081338760242e-02  5.069865076237e-01 -7.710699829013e-02 
 1.598327036901e-01  1.432015001305e-01 -1.244995651340e-02 
 2.203321436348e-01  8.664655203163e-02 -4.750081171085e-03 
 6.236960760574e-03 -5.967064775184e-03  2.920673354058e-05 
-1.206503560268e-02  9.241333145295e-02 -1.429110373453e+00 
-1.705921558926e-03  1.380120654546e-02  1.219039032992e-03 
-1.031377246305e-01 -1.233249340588e-01  3.415895481151e-03 
-3.047446181150e-03 -4.766230875873e-03 -3.447355254866e-02 
-8.698400861435e-01 -5.200104740994e-03  1.794516561142e-02 
 6.916565899584e-03  1.316695981721e-01  1.989047042317e+00 
-2.914456182529e-03  4.607157893993e-03 -1.021266534556e-03 
 9.754473098278e-03 -1.721584502381e-02 -3.021646771544e-01 
 1.109481030784e-01 -6.721855335523e-02  2.035755887852e-01 
 2.520366592942e-01 -3.800521865227e-01  4.176675999419e-01 
-3.949334630105e-03 -2.855248589971e-03  3.104667523380e-03 
 1.351068242867e-03 -2.448760031590e-03 -1.311745832068e-02 
 3.606747835070e-02  4.207903973900e-01  6.600249816560e-02 
 3.676765586789e-01 -1.990606708843e-02  8.716040020299e-02 
 5.458624935878e-01 -3.703552276094e-02 -2.375807951652e-04 
 1.756280250731e-03 -2.066927836399e-03 -3.712563072010e-03 
-1.331193198056e-02  8.865695731107e-02  1.151781688632e+00 
-1.722801150173e-04 -2.297664050704e-03 -1.390423800157e-03 
 1.131534260713e-01  8.018969324476e-01 -1.331252229307e-03 
 5.469502359166e-03  3.413797930935e-03 -1.014806498193e-01 
-1.540911294258e+00  2.597928567244e-03  2.197917486256e-02 
 1.409060364673e-03  4.131001887550e-02 -6.463601204817e-01 
 5.655490726968e-03  4.203018596305e-03  5.380914457867e-03 
 1.079674660766e-01  2.830210731583e-01 -3.626508108148e-01 
 3.425475685950e-02 -2.061399219426e-01 -3.749830843605e-01 
 1.297263221349e-01  2.693281898291e-01  5.548221350687e-01 
-1.205357709816e-01 -1.661110239512e-01  1.402601513292e-02 
 1.002074187872e-01 -6.982582519253e-02  1.537993366347e-02 
 5.277812387282e-02 -1.846756533221e-01 -9.285311805170e-02 
 5.362190338049e-02 -1.888709136147e-01  6.730604555746e-02 
-3.114771586527e-01  5.415167446130e-02 -1.731692245426e-03 
 8.525755837589e-03 -2.531557987230e-02 -1.787723129961e-02 
-1.273772207946e-02  1.144802735629e+00 -9.591544345332e-01 
-3.271279128985e-02  4.810406087135e-02 -7.030720394234e-02 
 1.136619322381e-02  3.432876047853e-02 -2.402516496419e-02 
-2.165048210503e-02  4.358460664423e-03  3.817942924596e-01 
-1.103173915882e-01 -1.181708628042e-02  9.078716081504e-03 
-7.786494326174e-03  1.049454679068e+00 -1.184293743259e+00 
 3.595381993298e-02 -7.358035451217e-02  5.086849666333e-02 
 2.136184470970e-02  1.324227073027e-01  1.171027545562e-01 
 7.973091220157e-01  4.796950296827e-01 -2.139538637451e-01 
-7.844257750819e-01 -8.557746602870e-01  5.018579280882e-01 
-1.401406131529e-02 -6.396085586096e-02  8.345659539538e-03 
 9.316162695429e-03  6.565470234116e-03  1.655424753876e-02 
 2.012559908458e-01 -2.877361632010e-01  1.712744340266e-03 
-1.048660611044e-01  5.415055715059e-02 -4.039801206571e-02 
 9.559766625134e-02  2.164772915888e-01 -4.540780213483e-02 
 7.488229365983e-02  3.263096391680e-03  3.936962865423e-02 
 6.270265341156e-02  1.797056490243e-01  4.638288498777e-02 
 1.921399997227e-02  2.644603315815e-02 -1.991596809512e-02 
-1.468946123699e+00  1.414296349940e+00  2.612353956587e-02 
 7.932927639945e-02 -4.965680869590e-02 -4.851340325202e-01 
 4.142614935740e-01 -3.155536455103e-02 -5.770082257003e-02 
 6.517848541661e-02 -8.154265344165e-02 -4.427637424003e-01 
 4.225928335026e-02 -9.739959799062e-03  3.536929477340e-02 
 1.455328841186e-02  1.153517135715e-01 -6.868201813743e-02 
 1.023251645501e+00  2.894588231304e-01 -2.217363372987e-01 
-1.453477364481e+00 -5.482488774634e-02  1.052938836258e-01 
 4.537743498128e-03  2.636135700506e-02 -4.395942881379e-02 
 9.827849404372e-03 -2.399911436141e-02  3.621923152661e-03 
-1.331152177341e-01  8.232042246665e-03  2.239567987918e-01 
 2.946277515938e-02 -1.099141928340e-02 -8.684465888045e-02 
-1.932098070023e-01 -5.081390426606e-02  4.014539892860e-02 
-5.407693879117e-02 -3.904263959300e-02 -7.520570380042e-03 
-7.993988170139e-02 -2.878451308471e-01 -6.687861417433e-02 
 2.463072052257e-02  2.493144370596e-02 -8.485929255720e-03 
 1.035816935109e+00 -1.138619259518e+00  1.223761752558e-03 
-1.060108854981e-01  2.873432858778e-03  8.181371101233e-01 
-5.758814082816e-01  3.181480094988e-02  8.306319702660e-02 
-4.151973586414e-02  7.386516927662e-02  2.918370934768e-01 
 2.821844265635e-02 -6.624924350837e-03 -3.757868079659e-02 
 8.418857988671e-02  3.135522302690e-01 -2.386076261314e-01 
-1.525412072914e-01  8.497760953401e-01  9.604880924572e-01 
 4.488374634775e-01 -1.500346473529e+00 -1.139709928288e+00 
-5.662949098269e-02 -8.969021775825e-02  7.255127678382e-02 
 7.600311208363e-02 -5.903618634057e-03 -4.956599220120e-02 
-2.801718227017e-01  4.424557779860e-01 -9.920243550464e-02 
-1.866724568966e-02  1.722105530422e-02  1.408992771904e-01 
-1.173233673038e-01 -3.987941798008e-01  8.647859294755e-03 
 2.616514583801e-02  1.908273610677e-02 -3.578453019132e-02 
-5.366735875259e-02  5.686562741052e-01 -3.154931550623e-01 
-3.527559334420e-02  3.656395913023e-02 -4.947823608256e-02 
 2.107406106002e-01 -1.308179415566e-01 -2.048893324373e-02 
-1.795392579385e-02  1.070240941400e-02  4.177180709891e-01 
 2.821309014385e-02 -1.261386508832e-02  6.957074296148e-02 
 9.233231827094e-02 -7.128178150980e-02 -6.312085704457e-01 
 1.853545884601e-02 -9.604862954815e-03  1.276662473028e-01 
-3.099798615625e-02 -7.016996481502e-02  3.126384694371e-02 
-2.014198800120e-01  4.724674379985e-01 -7.145917596719e-01 
 9.763832275679e-01 -1.908089697060e+00  2.346467204221e+00 
 6.231405833448e-04  1.031282630725e-01 -1.259609168950e-02 
 7.884641082932e-02  1.012884453904e-01  7.201531254906e-03 
-5.721701495203e-02 -2.663963109210e-01 -1.783295250855e-01 
 9.054733549153e-02 -3.489784171466e-01  1.011972088767e-01 
 2.847782780507e-01  7.695136641128e-01  2.937892291183e-02 
-4.465783029858e-02 -1.484426156139e-02 -4.123612791872e-02 
 2.653425888381e-02  5.663288972432e-01  1.378999301249e+00 
-2.364433436526e-02 -1.091507775437e-01  7.170266696964e-02 
 6.267192570647e-01 -7.000136580300e-01 -7.111995789470e-02 
-1.827265556379e-02  4.330351207335e-02 -4.223271199181e-01 
 2.058219706517e-01  1.088998363207e-02 -1.061103598511e-02 
-4.231946161596e-02 -8.311422236870e-01 -6.078508802345e-01 
 1.108218642269e-01 -2.317472729321e-02 -3.388683035739e-02 
-1.818853829919e-01 -9.599776334960e-01  1.546975631744e+00 
 2.347087011255e-01  1.204248865434e-01  3.634086738782e-01 
-6.570931012422e-01  2.189796675127e-01 -9.707952356522e-01 
-1.743654747874e-01 -5.986735890918e-03  5.431727428832e-02 
 8.743368243514e-02 -1.368715455419e-01 -7.973213155743e-03 
 9.992887485874e-02  2.371742562701e-01  2.434472685560e-01 
 9.030926077633e-02 -3.007869906971e-01 -1.386585858467e-01 
 4.698146386466e-01  2.274106411068e-01  1.729272117352e-02 
-8.630767337132e-02  8.180551490316e-02 -2.659019780478e-02 
 9.043934012087e-02  2.328956388172e-02 -1.122601718857e+00 
-7.809619616788e-02  9.943803214447e-02 -8.231072959124e-02 
 6.843065838980e-01 -6.370351285722e-01 -4.768848137416e-02 
 4.506601686452e-02  1.291030651790e-01 -1.482283146555e+00 
 1.169996934150e+00  2.875612730808e-02 -1.293898163415e-01 
-8.503579080193e-02  5.225451547481e-01 -1.616364805795e-01 
 6.043621163283e-02 -1.296505681606e-01 -5.160890069513e-02 
 9.905349905493e-02  4.508281175689e-01 -8.195177804533e-01 
 5.248812572865e-01 -7.296063141199e-01  4.105185582039e-01 
-8.860424398531e-01  1.181903096323e+00 -7.031500652999e-01 
 1.468306315228e-02  8.607566700788e-02  1.359566446343e-01 
 1.664674222776e-01  2.000231477033e-01 -1.033974658249e-02 
-6.363738731809e-02  8.569155228932e-02 -5.129472266014e-01 
-9.863230810428e-03 -6.037395944678e-02  6.485650766411e-01 
 2.122558022895e-01  5.183070315830e-02 -3.367851721210e-03 
-9.462852023741e-03  2.347650004768e-02 -1.637715648857e-02 
 1.594243169527e-02  8.141748860279e-01 -1.430888784806e+00 
-1.237783168109e-01  2.822454557038e-02 -1.243206513134e-01 
 1.886430153337e-01 -1.504887500933e-01  2.051343795602e-02 
 2.501972061490e-02 -2.127409507674e-02 -2.364459576229e-01 
 9.663028855023e-02 -3.989459675893e-02  9.196437717119e-03 
-2.057636821048e-02 -8.413612439584e-01  1.906201678352e+00 
-6.859022538622e-03  2.425372779373e-01 -8.309452323180e-02 
-2.180352068160e-01 -1.011725752843e+00  1.578780265188e+00 
-5.852836004764e-02 -1.686701265432e-01  3.476487864078e-02 
 2.577604531751e-01 -9.917355049383e-02  3.117290361029e-01 
-1.691970774861e-01 -1.872392068466e-02 -1.101011021094e-01 
 1.043770788232e-01  9.971467254534e-02  3.839395598038e-02 
 1.268021513563e-01 -4.777381689521e-02  6.540983196971e-01 
-8.235232073324e-01  2.178116993774e-01 -7.721178150352e-01 
 1.364866916427e+00 -1.984610714282e-01 -1.519728685535e-03 
 3.710676246325e-02 -8.348928626631e-02  8.261565429039e-03 
-6.916411633823e-02  4.666870868198e-01 -5.032883480071e-01 
-1.600751222014e-01  5.229226069306e-02 -3.816895965452e-02 
-1.215644634347e-01  5.818024062331e-01  2.095236832162e-02 
 7.952178564454e-02 -1.038789656288e-01  2.105901629860e-01 
-9.549453790067e-01  5.999709136672e-02  2.523606581182e-01 
 1.835544512353e-02 -4.003099693672e-01 -1.482002522113e-02 
 9.889242423463e-02 -3.884726999877e-02 -9.156481941229e-02 
 1.667710737275e-02  6.200052727460e-02 -6.692182327193e-02 
-4.547870833569e-02  2.295322242742e-01 -2.911933997201e-02 
-1.964327222147e-01 -1.383894271781e-01 -1.965829463450e-01 
-4.606978397156e-02  1.430037719108e-01 -7.717394425069e-02 
 4.641992955416e-02 -1.978632377090e-01  6.689476016892e-02 
 3.073719666571e-01 -2.473738295226e-01 -9.652481986637e-01 
-6.117186139234e-01 -6.563116538246e-02  1.368871666625e+00 
 1.213772982951e+00 -2.120105792759e-01 -1.460059783993e-02 
 1.999225924556e-03 -3.647100700478e-02  3.650908434473e-02 
-4.728878984534e-02 -4.805891084936e-01  3.764324861275e-01 
 1.603446329106e-02 -2.294651988817e-02  6.003435321617e-02 
 1.120561452614e-01  7.061078179735e-01  1.179149334166e-01 
 1.422084211262e-01 -1.167572350741e-01 -3.194810227587e-02 
-6.160767681903e-01 -2.443476809181e-02  1.751778671627e-01 
-6.465976099640e-02  6.110200298436e-01 -5.797976646727e-01 
 4.766163523109e-02 -1.007294855008e-01 -5.785168135475e-02 
 6.782096887642e-01  3.044365123911e+00 -5.235628253524e+00 
-8.477579902479e-02  3.799474167432e-02  1.119572390452e-01 
 1.948726754926e-01  1.861397913684e-01 -1.773860673159e-01 
-3.165240290290e-02  2.348500580225e-01  1.366340988847e-01 
-1.630137990902e-01 -2.668984367204e-02  2.464137379224e-02 
 2.026728682341e-01  1.357977708108e-01  4.440884393802e-01 
-2.993110255000e-01 -1.563695967998e-01 -4.959662227841e-01 
 7.127960273953e-01 -1.277666804983e-01 -8.005021228338e-03 
-2.383983193170e-02  4.146216181687e-02 -2.006820290103e-02 
 3.188921801192e-03  1.948488651160e-01  8.978292827922e-01 
 1.539297545589e-01 -6.001223244625e-02  1.491001917867e-01 
 2.243539824581e-01 -9.827243083472e-02 -9.497141040799e-03 
 2.765735630456e-02  6.675215787184e-03 -4.792915755269e-01 
 2.088055988404e-01  1.220968699994e-03  4.115357714655e-02 
 2.306078259676e-02  3.249500290009e-01  1.102286032053e+00 
-1.140747718726e-02  1.750220839168e-01 -1.473176386832e-01 
-1.088799006724e-01 -4.030801687304e-01  8.735874145715e-01 
 2.736365047647e-02 -1.447645193460e-01  6.508067367252e-02 
-1.771845282625e-01  4.037417456677e-01  2.740170069165e-01 
 1.017347030893e-01 -1.299556796860e-01  1.024945329109e-01 
-1.546512803422e-01 -9.814911846787e-03 -1.800742216496e-01 
-8.562161954757e-01  1.573156580357e+00  2.374484066990e-02 
-2.716038605099e-01 -1.132692988543e+00 -1.987477616133e-01 
 2.923147642666e-01  1.925347637287e+00 -2.224152575757e-03 
 4.441245234790e-02  3.200133488147e-02  2.348406521445e-03 
-1.208669475914e-01 -1.186516920653e-01 -5.979603277384e-02 
 3.184822347567e-02  8.901947945459e-02  1.133652710876e-04 
-3.692195570486e-01 -3.479007220068e-01 -1.152200332736e-02 
-9.783283525946e-02  2.300808292434e-01  2.424591516248e-01 
-9.250237240285e-01 -4.909933566578e-02  2.539071384725e-01 
 8.142847173163e-02 -1.413402041465e-01  4.076990985242e-01 
-8.695261073516e-02  1.226557409933e-02  4.002900372762e-03 
-1.166629435813e-02 -1.133239596686e-01 -1.099177228271e-01 
 6.701671683723e-02 -3.300299409578e-02 -3.166071770045e-01 
-3.668229118087e-02 -3.950690856152e-03  4.129839231590e-01 
 3.398339221836e-01 -7.467825542317e-02  2.882742255869e-01 
 1.699976626340e-01 -1.783734566243e-01 -1.283256635549e-01 
-6.539237498572e-01  9.046098054565e-01  1.031286140750e-01 
-3.097506682736e-01  4.230862821200e-01 -7.376947754812e-02 
 9.483223266967e-01 -4.636348030431e-01  2.309863430865e-02 
 3.941496598546e-02  1.755030983222e-02 -1.041503271653e-01 
 6.492567233720e-03  4.027850651165e-02  1.117595946240e-01 
 1.782922547300e-01 -1.033410159024e-01 -2.217066079691e-01 
 3.307830156615e-01 -4.036117924073e-02 -1.244842911947e-01 
 1.813667990829e-01  4.516750157008e-02 -4.144459543348e-01 
-3.129780158617e-01  5.331654367712e-02  1.475023402699e-01 
-2.756565716301e-02  5.573087846629e-03  1.429815016779e-01 
-1.783458033750e-01 -2.500832304253e-02  1.772871250928e-01 
-3.705903635264e-02 -2.234434123812e-01  2.046534305174e-01 
-3.252421731250e-02 -2.852942288566e-02 -2.369468830754e-01 
-2.830439527613e-01  4.352588876734e-01 -3.110116918651e-01 
-3.611739502300e-01  8.275166224648e-02  2.518952955951e-01 
-1.619867291619e-01  2.159830089621e-01 -2.706528216823e-01 
-1.264420464921e+00  1.839177355137e+00 -1.199712119503e-02 
 4.625726968629e-02  3.144175379466e-01  5.150046498774e-02 
 2.480450480281e-02 -3.092971360370e-01 -1.213164519479e-01 
-4.657324378395e-02  7.286475866551e-02  4.080979566724e-02 
-5.515965956213e-02 -5.919209428142e-01  3.293401101916e-02 
 2.500655091129e-03 -1.815309557733e-01 -3.538816472150e-02 
-9.817687019488e-02 -6.975914254703e-02  2.123178634617e-01 
-2.415674564693e-02  2.099842737054e-01 -1.384095557413e-01 
-2.403002878366e-01 -2.026937182458e-01  1.313988058568e-01 
-7.653486495962e-02  6.173803110303e-01 -2.155204390241e-01 
 2.446772712151e-01  9.319156740806e-02  2.208369816554e-01 
-2.938363822556e-03 -4.766563020595e-02 -5.051160423017e-02 
 4.846968869255e-02 -1.115522334085e-01 -1.191594468272e-01 
-1.567914959863e-01  9.109420419357e-02 -8.067446370522e-02 
-2.664506490237e-01 -1.005088736752e-01  4.229475930445e-02 
-3.681531628568e-01  9.757502119120e-02 -2.187276866887e-01 
-1.007245692970e+00  1.453435198952e+00 -3.500932142083e-01 
 3.288135968220e-02  1.567253894014e-01  4.169664148168e-01 
 2.230060275183e-01 -2.270816618663e-01  2.015843359441e-01 
 8.452941032785e-02 -2.601366434696e-02  5.054795476881e-02 
 6.541882940201e-02 -2.628392164126e-02 -6.040986630016e-02 
 5.723260786801e-02  1.133350893345e-01  4.682526114834e-02 
 8.333250401092e-02 -8.764595880955e-02 -3.738266889819e-01 
 4.449447743809e-02 -1.307632904859e-01 -2.859611717357e-01 
-1.335864513286e-01  4.563748431597e-01  5.998261127606e-02 
 1.712453597099e-01 -5.620591271273e-02  1.019630295844e-01 
 6.070066151923e-02  3.714059508752e-02  1.118224355851e-02 
 4.641820813168e-02  2.218529053260e-01 -2.205214725305e-01 
 1.077059667884e-02 -6.574558160389e-02  1.534812561595e-01 
-5.942729344928e-01  1.162656277101e+00 -1.102924559712e+00 
 6.823455331321e-02  1.787355685167e-01 -3.053751950687e-02 
 4.750838691435e-01  3.226163884942e-02 -1.331795296336e-01 
-5.136229533134e-01  1.149439916696e+00  1.264329367731e-01 
 3.429729446478e-02 -3.561041574357e-01 -1.326327357239e-01 
-2.581663568123e-01  4.083866844263e-01  3.878714891059e-02 
 6.734633512983e-02 -1.132388675083e-01 -1.088335856222e-01 
 3.669773581240e-02 -1.077697014283e+00 -1.311922231224e-01 
-1.622156347566e-01 -2.883517391833e-01  6.417224942678e-02 
-3.389235891415e-01 -5.704938558554e-02 -3.572587704441e-01 
-9.035660180986e-02 -1.374452663848e-01  1.774660828000e-02 
-1.648523671737e-01  3.203860849853e-02  1.428632114706e-02 
 1.753337202050e-01  9.393830640363e-01  1.846775286443e-01 
 1.962824587510e-01  8.350780022286e-02  1.884792937251e-01 
 4.610687264918e-02  2.288992707933e-01 -3.578887904760e-01 
 6.096643947717e-02  4.251437381563e-02  6.938410625535e-02 
-4.007223604913e-01  4.549368496888e-01 -4.104439220466e-01 
 1.520121237272e-01 -3.992542107777e-01  3.196313895084e-02 
-1.352670417252e-01  4.644972021333e-01  4.303337660348e-01 
 1.934028315673e+00 -2.685051480087e+00 -6.775887738627e-02 
-2.474044446331e-01 -2.056585157024e-01  1.730114763089e-01 
 3.746283697999e-01 -3.900095285643e-02  4.016672281749e-02 
 3.998915728067e-02  1.088493058786e-01 -1.352468229243e-02 
-1.059524390845e-02 -5.182543670165e-01  9.917786397286e-03 
-5.050742580147e-02 -1.734411076884e-01  1.981797179662e-02 
 4.998715264350e-01  8.351490652177e-02  4.556947890896e-02 
 2.753571837949e-01  1.083226015749e-01  1.839052185795e-01 
 1.833508948062e-01  1.684549528109e-01 -6.892302693967e-02 
-5.520329826978e-02  5.631972689991e-01  2.154977877938e-01 
 9.180220319683e-02  4.547328350481e-02  1.552259633796e-01 
 2.170138483757e-01  8.921135187041e-01 -1.515218266830e+00 
 4.954763294626e-03  1.263722527740e-01  2.207644505100e-01 
-2.220532638366e-02 -3.733411448249e-02 -7.586293510998e-01 
 2.135289058288e-01 -3.268159988804e-01 -4.750815830449e-01 
-2.634059216374e-02  2.545249879638e-01 -3.907619203373e-01 
-1.613436638929e+00  2.780753576228e+00 -3.869048208997e-03 
 1.284545582778e-02  1.114435854916e-01  1.505025513479e-01 
 4.415213963448e-01 -3.043787993800e-01 -5.191457055722e-02 
-1.460764579760e-01 -2.610444723833e-01  1.110892803053e-01 
 1.438598298887e-01  2.361914215485e-02 -3.660200046213e-02 
 1.647634067326e-02 -5.510559094914e-02 -1.478816641223e-02 
-6.457123968870e-02 -6.926366650835e-02 -6.567741338452e-02 
-3.827347603388e-02 -3.246211371023e-02 -8.535792263340e-01 
 1.426407067106e-01 -9.433427666694e-02  1.720131266015e-01 
-3.806208390825e-01  2.846782624133e-01  7.610159405775e-02 
-4.196194629921e-02  3.957863569091e-03 -2.177046195576e-02 
 6.880019133036e-02  2.539001355513e-01 -4.033539581586e-01 
-8.500891961767e-02  1.122852657707e-01  1.846450546002e-01 
 1.524665377431e-01  1.468679253763e-01  2.757101556279e-01 
 1.833460878118e-01  6.679624862966e-02  7.795809552022e-02 
-7.329227478222e-02  1.440281849449e-01 -7.451345242581e-02 
-3.175214966613e-01  4.429484865924e-01  6.327754279779e-03 
-2.077672622682e-02 -1.242543523812e-01 -3.339077845028e-01 
 1.808550048822e-01  3.688100918073e-01  1.263611209184e-01 
-6.575247657771e-02  5.130170075835e-02  2.657295539728e-01 
-4.542260364614e-02  3.544819934055e-01 -6.181158521211e-02 
 4.498773901383e-02 -3.617685513240e-01 -4.083682555676e-01 
-2.030247494965e-01  2.868948487862e-02  3.446656474276e-01 
-3.548778054220e-01 -1.930841957887e-01 -2.524913057250e-01 
-1.327364440809e-02  3.164723931845e-01 -6.951520485157e-02 
 1.125285796544e-01  5.224518557663e-01 -2.592054339975e-01 
 6.973962244643e-02 -2.433444294422e-01 -2.835912432102e-01 
 1.234195603992e-01  5.113061284799e-01 -6.545206058478e-01 
 1.802189225124e-01  1.130813828957e-01  6.890323480112e-02 
 2.328325310982e-01  9.904635477278e-02 -6.321821522580e-02 
-8.662310597956e-02  3.462656373320e-01  5.157272671294e-02 
-1.032390142727e-01 -4.677575496690e-02 -8.684918739337e-02 
-4.214013089452e-01  4.105790618817e-01  9.709453940904e-02 
 3.247061070967e-01 -1.110186867552e-01 -3.991245732296e-01 
-1.127795100058e+00  3.389079637169e-01  3.969633937071e-02 
-2.871178559871e-02  7.339381535335e-02  3.588489740771e-03 
-5.157604249227e-02  3.910886523663e-01 -1.454167677106e-01 
-4.584082400353e-01 -2.267510653073e-01  6.211567717448e-02 
-8.344660686388e-01  2.456190847576e-01 -2.409334252685e-02 
 3.968566471745e-01  2.053429892819e-01  7.346909042644e-01 
-1.729427565554e-01  3.143333809538e-01  6.823028741697e-02 
-3.898982565016e-01  2.352689722289e-01 -1.617466604152e-01 
-3.879184319699e-01 -1.906842949266e-01  5.298415419785e-02 
-1.206158354181e-01 -4.192894861200e-01  8.396216019689e-01 
-2.795238637096e-01 -6.927512301793e-02  1.532658810852e-01 
 4.628067073839e-02 -1.659236657602e-01  1.416817525167e-01 
 9.475308302927e-03 -3.430210732626e-03 -3.175434481891e-02 
 3.405501004042e-01 -2.010212298068e-01 -1.814359691004e-02 
-1.216967402636e-01 -1.103975575456e-01  1.026123162790e-01 
 2.623691404410e-01 -2.186588965536e-01 -4.717616115026e-01 
-7.852580931512e-01  6.074974095495e-01  6.525149225520e-02 
-5.034363659911e-02  1.450751823817e-03  6.215870734280e-02 
-3.842096394000e-02 -3.087369578344e-01  2.232890836401e-01 
 4.538838037815e-01  1.763116427165e-01 -7.196326943846e-02 
-6.665474234858e-01  1.906575034088e-01  1.821055264191e-01 
 2.366617267860e-01  8.507306064638e-02  5.328374579938e-01 
-1.224167496790e-01  3.998224517774e-01  2.202512446646e-02 
-3.773636726453e-01 -4.980364452904e-01  1.164135779943e-01 
 4.703302968348e-01  2.675450890874e-01 -2.303577119589e-02 
 6.204460530293e-02  2.173131107224e-01 -8.082892341034e-01 
 1.188900636415e-01 -3.532317538243e-02 -2.309596309145e-01 
 1.911735721984e-01 -9.926377268366e-02 -4.017876828165e-01 
 1.671050835693e-03 -1.176942686795e-01 -7.206786818251e-02 
 3.147519503790e-01 -1.090150570452e-01 -1.591112296956e-01 
-6.127821589715e-01  1.260993534126e+00 -2.608239626582e-02 
-1.702802030813e-01  1.495932454978e-01 -3.227561273030e-01 
 8.332086981175e-01 -6.447199926580e-01  4.482492974738e-02 
 3.328906655861e-02  1.339072330157e-02  7.740657348312e-02 
 8.721720050983e-03 -2.044911996967e-01  2.293124712691e-01 
-2.398614122629e-01  1.144406686491e-01  4.778800478691e-01 
 3.059539385197e-01 -8.883015066858e-02  5.322215218242e-01 
-2.494031736360e-01  1.584035528250e-01 -8.059539015668e-01 
 2.072666610755e-01  3.950287994039e-01 -2.177430391894e-02 
 2.160263719131e-01 -1.094488774967e-01  3.264663454938e-01 
-2.964987136371e-01  1.952429310584e-01  3.374013984068e-01 
 1.826462743486e-01  6.756324744609e-01 -1.313608863985e+00 
-4.245935855794e-02 -2.945473606497e-02  2.385822564390e-02 
-2.918621678153e-02  2.676264276247e-01 -5.721389192533e-01 
 1.395708688291e-01  1.135848379279e-01 -4.335328700397e-01 
 5.526432504847e-02 -3.633203372229e-02 -5.272987790094e-03 
 6.068391638285e-02  4.254054506628e-01 -1.673806081668e-01 
 9.181033227939e-02  4.118076143172e-01  1.452980147089e-01 
-5.706266126225e-01 -1.276266572746e+00 -7.215134536597e-02 
 6.246092688899e-02 -8.104727333153e-02  1.346942196465e-01 
 1.895180550916e-01  1.992967343880e-01 -2.908922362631e-01 
 4.353090007830e-02 -7.889089647922e-02 -2.097765343156e-01 
 1.781632612150e-01 -2.042621246605e-01 -5.219798845936e-02 
 1.578986930599e-01  8.149392450125e-01  3.300334258403e-01 
 3.753336823944e-02  9.211600387245e-02  1.501939589874e-01 
 4.660040379747e-01  1.650541876535e-01  1.299210083523e-01 
 1.992750460205e-01 -3.961284777224e-02 -1.777442945740e-01 
-3.726328401450e-01 -1.538899334936e+00  1.251926117475e+00 
 1.698492755732e-01  3.120255059961e-01  1.896578464211e-01 
-5.527239132331e-02 -4.636828364500e-02  2.386074575129e-01 
-4.534788325998e-01 -4.051589970464e-01 -6.941052332035e-04 
 8.741568634087e-02 -1.241543319393e-01  1.392853127422e-02 
 3.213006747294e-02 -2.305792274060e-01 -4.549668445049e-02 
 7.642633787332e-03 -9.576873456076e-04  4.748871620182e-02 
-1.148167277337e-01  1.490958897466e-01 -5.428842852081e-03 
 9.801275367768e-02 -4.919072147074e-02 -2.484623448719e-02 
-1.402300343366e-02 -3.541326335244e-01  4.381590703169e-01 
 1.931326585878e-01 -7.353556325473e-01  5.183813153626e-02 
 2.103349482849e-02 -8.306536582791e-02 -2.835389260620e-02 
 4.812810281552e-02  7.182776706842e-02  1.573351943519e-01 
-1.406940928410e-01 -2.866191895071e-02 -3.086358402416e-02 
-2.608140796336e-02 -4.805736240205e-01  4.552289893562e-01 
-4.294417010591e-01  2.449361868312e-01 -5.544163832828e-01 
 8.358814819634e-02  2.929961105522e-01 -5.548751933438e-01 
 3.980130341260e-02 -8.627412447402e-02  7.230067117770e-02 
-2.144090239540e-01  3.512135204959e-01 -5.476042803581e-01 
-7.263858793608e-02  2.123756216639e-02 -6.098164510929e-02 
 1.874985192585e-01  4.799753587995e-01 -1.989252875137e-01 
-9.292045722143e-01  9.138193685828e-01  6.293881385129e-02 
 3.660045798447e-01 -1.919557960302e-01  1.832198656338e-02 
-1.831738793224e-01 -5.386097583539e-01 -5.594024345152e-02 
-6.262214372666e-02 -1.646257652879e-01 -5.907984543538e-01 
 1.014812483513e-01 -2.658961377731e-01 -7.905225395278e-02 
 2.710751621952e-01  2.019159150492e-01 -2.797747883096e-03 
 1.397790753064e-01  1.986800113835e-01  4.920426312000e-01 
 3.889410129330e-01 -1.541677800938e-01 -6.574338539983e-02 
 2.559457190527e-02  9.718397917303e-02 -3.141831103688e-02 
 4.306414597482e-01  4.908272355900e-01 -1.893117075203e-01 
-1.737877792231e-01 -2.922371245478e-01 -2.445386572813e-01 
 3.952666876559e-02  1.829949286246e-01 -1.181072557586e-01 
-1.402927394513e-01  2.061538727158e-01 -1.998179127968e-01 
 1.157913255332e-01 -2.989725003007e-01  2.771892427822e-01 
-2.318114894163e-01  1.665776235542e-01 -6.512538071705e-01 
-4.150694142737e-01 -4.025512269995e-01 -5.011194911116e-02 
-1.979938652120e-01 -4.861407055683e-02  2.255963219817e-02 
-3.057878645218e-01 -2.551532726596e-01 -3.350175012554e-02 
 6.374392694516e-01  1.190022885312e-01 -9.405478002024e-02 
 2.676636622666e-02 -2.486151951188e-01 -2.295190018136e-01 
-1.423745203831e-01  3.405619063146e-01 -2.112915353916e-01 
-6.257226081557e-02 -3.265617880511e-01 -6.234949126532e-01 
 3.087640734486e-01 -6.044266635169e-02  1.705991495484e-01 
 9.493878617300e-02 -4.226725364192e-02 -3.762889046041e-01 
 1.728723608127e-01  1.149406502411e-01 -3.214945886272e-01 
 9.307174426861e-02 -3.698482019413e-01  2.859510395345e-01 
 4.476472537918e-03  4.372796953602e-01  5.968812882945e-01 
 4.351167359216e-02  1.083131247325e-01 -5.032257400132e-01 
-8.876288165591e-02  2.146348411036e-01 -1.871616793390e-01 
 5.829089178912e-02 -1.106836005181e-01 -1.535020184107e-01 
 5.915675101267e-01 -4.409790302288e-01  1.361875246930e-01 
-3.520769842161e-01 -5.286766280255e-01 -1.520655635602e-01 
-7.107857913177e-01  7.844670881112e-01  6.503468994693e-02 
 2.826717819538e-01  8.622831729154e-02  8.778697834605e-02 
-3.855511789035e-02 -5.200448961290e-01  5.654080145941e-02 
 7.284497140763e-02  2.009547933402e-01 -1.944011113805e-01 
-5.537899728449e-04  1.786605130004e-01 -1.586423570801e-01 
-6.800609523304e-01 -1.986493770186e-01  2.234515119978e-01 
 1.721888325361e-01  1.038745065404e-01  1.868748503029e-01 
 1.910152092020e-01 -1.868771009026e-01 -1.676634246688e-01 
 5.763136395418e-02 -9.049537776812e-02  6.731582237087e-02 
 9.745398349371e-02  7.145916575031e-02  5.175553482848e-02 
 6.627514248498e-01  2.845419689269e-01 -3.976016933139e-01 
-1.855001050446e-02  1.310343810341e-02  5.825888562760e-01 
-7.591442932727e-03 -3.605898351037e-02  1.210150642784e-01 
-6.873325271346e-02  3.948911637078e-02  2.872740740717e-01 
 7.098712204894e-02 -1.098283882150e-01  4.357854768711e-01 
-7.969131576684e-02 -5.250848932667e-02  6.066748521974e-02 
 3.452569328170e-01 -1.505772358969e-01 -2.394867264076e-01 
-4.478535338606e-01  2.368835514149e-01 -2.606986504161e-01 
-6.960638357704e-02  6.822203043563e-01 -2.250119231585e-01 
 2.562801908797e-01 -3.258991353316e-01 -5.067507505106e-01 
 6.045059379475e-02 -1.530081971639e-01  4.384784218108e-02 
-1.680220596115e-01  7.267357297667e-02  5.618690345571e-02 
-6.801755564683e-01 -8.441053190504e-02 -1.723142039287e-02 
-6.298252321766e-01  3.791800442176e-01  1.466718687891e-01 
-2.940451223775e-03  4.252908722399e-01 -1.321899728679e-01 
-5.270191372517e-01 -1.711650883163e-01 -2.468784140884e-03 
 1.987139132183e-01 -1.891056841077e-01 -1.980171930905e-01 
-1.981025943437e-01 -7.113004931270e-01  1.503459690353e+00 
 5.769193692257e-03 -1.661560162328e-02 -1.741750640922e-02 
 9.615107782767e-02 -1.954101235887e-01  8.287170377255e-01 
-1.328249682857e-01 -3.000002554431e-02  2.640211868740e-01 
-1.970627552432e-01 -2.984947711617e-01  4.484289989644e-01 
 1.839038161441e+00 -2.186484800408e+00  8.252267759227e-02 
 6.182895385452e-01 -2.287431937607e-01 -2.454967991446e-01 
-4.035252218298e-01  8.320533358265e-01 -8.728327615273e-02 
-3.357531338358e-01 -2.996757214584e-01 -1.071820298759e-02 
 5.692658437781e-01  1.831591921705e-02  1.704235582253e-01 
-1.204299555877e-01 -1.638533569588e-01 -6.137910887130e-02 
-4.889986367001e-02  3.814533901041e-02  1.740566203232e-01 
-1.189100622269e-01 -1.998915251578e-01  3.664082938125e-01 
-4.322656889693e-01  1.171827075156e-01  6.580965434878e-01 
 1.628042832115e-01 -5.370777789369e-01  1.761574185217e-02 
 1.990342407233e-02  7.669699603626e-02  1.893923387303e-01 
-5.926387378462e-02 -1.550887338881e-01  6.487136218306e-01 
 2.048095282407e-01 -4.016223608063e-01  2.825718681927e-01 
 3.223890754782e-02 -8.655002994599e-02  2.862597223005e-01 
 7.197122677359e-02 -1.975167717035e-01  4.884850784499e-01 
-9.483684616401e-02 -2.301782075754e-01 -4.227300653206e-02 
-3.086111057269e-01 -7.395238752319e-01  8.699567452960e-02 
-4.011564353867e-01 -1.991099220734e-01  5.050901527338e-02 
 1.526329256285e-01  5.070126125766e-02  2.270422835724e-01 
-1.208104431299e-01 -6.897824965663e-01  3.549624485862e-01 
 6.923141578564e-02  1.813117295573e-01  9.116382590320e-02 
-1.398719583969e-01 -6.163776804818e-02  3.118843393516e-01 
 3.787739684329e-01 -4.551157973651e-02  1.296462480100e-01 
 4.569106520860e-01  1.415680142105e-01  5.002743730948e-01 
-3.908526675676e-02 -2.771497365257e-01 -5.933921716070e-01 
 1.966654800069e-01 -6.531568345619e-01 -3.817896184850e-02 
 2.457702515714e-01 -3.189865074002e-01 -2.173750971180e-02 
 6.541460190889e-02  3.047611742698e-01 -7.706402699228e-02 
-5.826030510844e-02  5.617820767717e-03 -2.619522594922e-02 
-6.145688042370e-02  1.139744524155e-01 -7.172781573124e-02 
-1.709932453494e-01  4.745471990513e-02 -1.326106775257e-01 
 3.514969248828e-02  4.509414183970e-03  4.588327576472e-02 
 2.224384781635e-01 -2.829284426702e-02  8.959847840229e-02 
 1.126025882734e-01  3.885584395685e-02  3.903329910494e-02 
-8.171784708452e-02  1.460187299185e-01  9.293706369910e-01 
 5.210977034084e-01 -2.569673425145e-02 -1.347876358562e-01 
 2.532846298767e-01 -2.509605620912e-01  2.629012537641e-04 
 1.365522459649e-02  2.848547531601e-02 -1.978770637208e-01 
-9.619525541926e-02  3.644664255764e-03  3.387687940479e-01 
-1.285708761944e-01  1.455421523360e-01 -8.857967503781e-02 
-1.606752919777e-02 -6.242884996579e-01  2.207613715270e-01 
-3.788207288112e-01 -8.935596557630e-02  1.232254442060e-01 
-4.400331913683e-02 -4.764874808749e-02  1.277719628848e-01 
 2.383220889025e-02  7.492398212563e-02 -2.615699115912e-01 
 1.000349090350e+00 -1.636742772496e+00  1.263855937244e+00 
-7.236984288614e-02  1.185235015528e-01 -2.180987250462e-01 
 1.412733875297e-02 -2.143092973734e-04 -5.649720477421e-01 
-3.785000325970e-01 -5.342604466961e-01 -4.139544556868e-02 
-1.299726538421e-01  4.138582948681e-01 -2.189962047721e-02 
 6.085846338601e-02  8.398208898396e-02  2.555267446961e-02 
 6.369351659408e-02 -1.624687201873e-01 -9.837576065507e-03 
 1.137285555094e-02  1.762592333193e-01 -1.363041859306e-01 
-6.540377118828e-02  1.810073430673e+00 -2.625646695716e-01 
 5.201966532943e-01 -8.042195347810e-01  6.090127448296e-01 
-9.007298231911e-02  8.479105371541e-02 -4.384628167453e-03 
-9.989331521072e-02 -1.803425747589e-02 -2.275590057739e-01 
 5.261018425098e-02  1.509235889513e-02  1.124421393161e-01 
-4.341624164028e-03 -1.715789140309e+00  2.563457893375e-01 
 4.549980660136e-01 -7.922718133224e-01  6.112566416493e-01 
 1.772874068998e-01  8.721830700792e-01  1.206238977746e-01 
-5.839372130124e-02 -2.218545798233e-01 -1.000633398512e-01 
 4.093965607263e-03 -3.391830066670e-02  1.167670898078e-01 
-3.322786588249e-01 -4.093865562060e-01  1.523451501957e-02 
 2.479384748300e-01 -1.763110504151e-01  1.328798062909e-01 
 4.009192150644e-01 -8.154677903767e-01  2.089056597906e-01 
 8.456348333970e-01 -2.828877350148e-01  1.814117521693e-01 
 6.856591575148e-01 -1.762395833656e-01 -5.687848539273e-01 
 1.037072912315e+00 -2.333192850028e-01  4.051389489928e-01 
-7.716281572060e-02 -9.115172230510e-01  3.839725841645e-01 
-2.128303119718e-01  1.470763409888e-01 -2.946234020236e-01 
 2.013147977804e+00 -5.557625335475e-01  3.705571071456e-01 
 7.043081475566e-01 -6.657355027624e-01 -1.303390346478e+00 
 3.405082664120e-01  1.887144237536e-01  5.048768082581e-01 
-2.501236602784e-01 -1.021644094055e+00  3.553678923892e-01 
 7.111208139931e-02 -4.635423305096e-01  1.577821683224e-01 
 5.491258678114e-01  2.684181982476e+00  5.486238008753e-01 
-3.317406457612e-01 -4.268364826816e-01 -4.383448854250e-01 
 5.980487527632e-02  8.895433162834e-02  1.133929874644e-01 
-1.102104910493e+00 -1.422174112856e+00 -1.072975141746e-01 
 8.836229069931e-01 -6.006939203065e-01 -7.475247380812e-02 
-2.698382407049e-01  3.045869050518e-01 -9.437905033667e-02 
-2.266241951482e-01  1.066801121986e-01  9.321653311749e-03 
-3.057339470220e-01  2.750962387628e-02  1.086022984990e-01 
-3.777360922735e-01  1.881716719216e-01 -1.014445589667e-01 
-1.185496822428e-03 -3.331917495908e+00  1.226682501792e+00 
-7.948509848723e-01  4.104401736712e-01 -1.018696146514e+00 
-6.387199035513e-01  2.160916241031e-01 -1.521063663196e-01 
-2.034465492976e-01  1.623219476928e-01  5.167179495085e-01 
-1.975615564440e-01 -4.418216553275e-02 -1.722227483612e-01 
 1.349881374396e-01 -3.244829715615e+00  1.146789817731e+00 
 2.412954713552e-01 -1.255800300266e+00  2.708512847221e-01 
 3.379297099354e-02  1.303358945523e-01 -2.317165869034e-01 
-8.384235123825e-03 -3.339232900645e-02 -6.566675334666e-02 
-4.353534150032e-02  1.104837182086e-01 -9.738158481107e-02 
 1.709941376116e-02 -1.024289985057e-01  5.277197592649e-02 
 2.322825012266e-02  7.059889499741e-03  1.807944112174e-01 
 1.020344450357e+00  1.473278799878e+00 -6.738665440438e-02 
 1.155724837247e+00  3.702257450595e-01  2.318746182055e-02 
 3.318721651447e-01 -6.147830533902e-02  3.219463689129e-01 
-2.004998700144e-01 -6.190238151387e-01 -1.157735343094e-01 
-1.227290337297e+00 -1.457725725026e-01  2.629532757708e-02 
-5.990651196889e-02  3.289576977533e-02  8.146830079486e-03 
-8.383442600571e-01  3.628141521002e-01 -2.342161887909e-01 
-2.485171062180e-01  4.285557862892e-01 -3.667170724190e+00 
 1.296591946528e+00 -1.727968371132e-02  1.447018202121e+00 
 3.296067546195e-01  2.160042455355e-02  1.571441754743e-01 
 1.218273212203e-02 -2.422205129801e-02 -3.732854604417e-02 
orbocc
(*)
 0.000000000000e+00  0.000000000000e+00  0.000000000000e+00 
 0.000000000000e+00  0.000000000000e+00  0.000000000000e+00 
 0.000000000000e+00  0.000000000000e+00  0.000000000000e+00 
 0.000000000000e+00  0.000000000000e+00  0.000000000000e+00 
 0.000000000000e+00  0.000000000000e+00  0.000000000000e+00 
 0.000000000000e+00  0.000000000000e+00  0.000000000000e+00 
 0.000000000000e+00  0.000000000000e+00  0.000000000000e+00 
 0.000000000000e+00  0.000000000000e+00  0.000000000000e+00 
 0.000000000000e+00  0.000000000000e+00  0.000000000000e+00 
 0.000000000000e+00  0.000000000000e+00  0.000000000000e+00 
 0.000000000000e+00  0.000000000000e+00  0.000000000000e+00 
 0.000000000000e+00  0.000000000000e+00  0.000000000000e+00 
 0.000000000000e+00  0.000000000000e+00  0.000000000000e+00 
 0.000000000000e+00  0.000000000000e+00  0.000000000000e+00 
 0.000000000000e+00  0.000000000000e+00  0.000000000000e+00 
 0.000000000000e+00  0.000000000000e+00  0.000000000000e+00 