2mocoef
header
1
MO-coefficients from MOLCAS
1
48   48
a
mocoef
(*)
-1.149441397931e-04  5.978886343043e-05  8.509621787678e-04 
 3.095163252194e-04 -5.390817599259e-04  5.342936000912e-04 
-1.433479668320e-04  7.829891723613e-05  5.541994873988e-04 
-5.317047747361e-05  4.345319917447e-05  1.308296029750e-04 
-8.720673893750e-05 -2.379152925400e-05  1.000767516075e+00 
 3.816583615760e-03 -3.700150852860e-03 -4.570060840504e-04 
 8.180595823200e-04  2.734656494951e-05  2.372013434611e-04 
-3.557354094882e-04  5.796590046788e-04  1.605547661004e-04 
-1.602136591531e-04 -3.946180774187e-04 -7.920287125983e-05 
-5.295507913405e-04 -4.754607320492e-04  2.929126537976e-04 
 3.014190628237e-05 -2.137179876608e-05 -8.710913956737e-05 
-3.878467379472e-04  6.277158866356e-04 -2.289471085423e-04 
-3.693301780762e-04  3.124727849328e-04 -1.297555752651e-03 
 1.280367808823e-03  1.494824747794e-05  8.361611403752e-04 
 8.305005519875e-05  7.329529888518e-04 -2.459168475894e-04 
-5.974741027861e-05  1.298715857551e-04  1.101470978094e-04 
 1.001269241148e+00  6.962839505297e-03 -6.055371059081e-03 
-1.134080328704e-03 -1.170054195622e-03  8.559027633412e-04 
 8.213659896343e-04  7.227480309080e-04 -1.246963734379e-03 
-7.981005318953e-04 -1.479182865398e-03 -4.724724947389e-04 
 1.071284182502e-03 -5.278189568435e-04 -7.292301696313e-05 
-1.734615165441e-04  7.521909229393e-04  9.626614470569e-05 
-8.067783438977e-05 -1.711700240793e-04 -1.120218452739e-04 
 1.354063369609e-05 -4.245983898901e-04  1.814535458270e-05 
-1.322945848472e-05  2.314336609115e-06  3.702486829519e-05 
-2.527971974773e-05 -2.572656483554e-03  2.264440850436e-03 
-5.098351526361e-04  1.984382857381e-04 -6.529363203967e-04 
-1.383408138301e-04  3.998335463158e-05  6.845736840159e-06 
 3.537582434670e-06  6.990697318956e-05 -2.451266506502e-04 
 4.576701722971e-04  4.023528655723e-05 -4.271312615596e-05 
-7.070497274067e-05 -2.301855883559e-03  2.559093012286e-03 
 2.047209741052e-04 -1.016520158772e-03  2.185932121277e-04 
-7.226033749989e-03  1.724480229850e-01 -3.068800836360e-02 
 7.930649201116e-03 -3.536723811725e-02  5.905637266012e-02 
-2.544779617960e-03  1.174603081660e-02 -1.584971479644e-02 
 3.796164979123e-04  1.560603711224e-03  8.858578439926e-03 
-2.870011452388e-03 -1.261740484854e-03 -9.119151069278e-03 
 8.426863525854e-01 -1.220090545632e-01 -2.927230925546e-02 
 8.844407340557e-02  3.406718501774e-02  4.970456684704e-03 
-4.880506681967e-02 -2.531016946270e-02  1.186661584038e-03 
-3.489525795411e-04  2.051160607482e-03 -2.347478578782e-03 
-7.644192525349e-03  3.356359560331e-02 -1.987589428191e-02 
 1.701449544729e-03 -2.463357741595e-03  4.913794332129e-03 
 2.394715328359e-01 -1.170510164609e-01  9.191118255246e-03 
 2.361434908891e-02 -1.465365160053e-02  4.002016456190e-01 
-1.978612392601e-01 -3.308535231128e-03 -3.944915564054e-02 
-2.278281016018e-03  1.247845858319e-01 -6.579970642918e-02 
-3.177715354789e-03  8.323821572341e-03 -4.205998002252e-03 
 1.413260815082e-02 -7.527860342690e-01  1.277562409046e-01 
 1.740774549393e-01 -1.364905944829e-01  2.014238164205e-01 
-4.208652311551e-02  3.891122958066e-02 -6.484193493157e-02 
 4.202056944645e-03  3.913188738172e-03  1.524967653218e-04 
-7.506844345818e-03 -2.471473496422e-03 -4.213615049176e-04 
 1.716049355770e-01 -7.361026810592e-03 -1.694212757184e-02 
-2.858553606143e-02  5.754369920592e-02  3.009680130578e-03 
-7.151687176975e-03 -1.821048558447e-02  9.201497503613e-04 
-6.294027826603e-04 -4.176799970600e-03 -1.250416011613e-03 
-7.977918074240e-04 -6.023805432833e-01  2.694840933586e-01 
-2.090413943445e-02  2.166658900253e-02 -2.843800321381e-02 
 9.674504785928e-02 -4.712527426323e-02  3.048249895200e-03 
 7.070282113724e-03 -4.959845833999e-03  5.179137755822e-02 
-2.352128048851e-02 -6.721614886233e-04 -6.090768614003e-03 
-8.425823109610e-05 -1.531029917211e-01  9.193040610305e-02 
 8.778444360496e-03 -1.676668962528e-02  1.076684058184e-02 
 2.237882368703e-03  5.145619605297e-02 -3.068147273236e-02 
-4.057103466730e-02  1.211632269070e-02 -6.612902692565e-02 
 8.785305940377e-03 -7.693164566927e-03  8.128362110717e-03 
 5.272153651826e-04 -7.645517874692e-03 -5.404011436205e-03 
 1.568005526822e-03  1.611933266461e-03  1.628745889999e-03 
 7.215592352055e-02  4.040050950574e-02 -1.620469955779e-01 
-6.564468673922e-01  2.130700830229e-01  2.315389564738e-02 
 1.154821717723e-01 -2.858928731323e-02  5.504348759588e-03 
-8.156022415738e-03  5.815575724593e-03 -4.615796686555e-03 
 8.825682515161e-03  8.760819964448e-02 -3.548107363935e-02 
 2.067257648729e-03 -2.694920879285e-03  2.682925313845e-03 
 5.435024356731e-01 -2.167292893372e-01  1.530800674791e-02 
 2.237326686599e-02 -2.734608042720e-02 -5.283913683258e-01 
 2.319791504975e-01 -1.406246852848e-03  2.967550540490e-02 
 1.181428748943e-02 -3.757295868279e-03  1.028982382652e-02 
-1.785230710133e-03  8.878588753234e-04  2.306964771769e-03 
 7.601404327408e-03  1.738870445506e-01 -2.898100404389e-02 
 1.727958722221e-01 -3.399561127717e-01 -1.290414811507e-01 
-2.301241778351e-02  6.131129779132e-02  1.190171250646e-03 
-4.003336431051e-03 -7.449834379805e-03 -3.189256928831e-02 
 1.022741098660e-02 -9.626128707027e-03  2.896262576796e-03 
-2.098251455283e-01 -1.220495481970e-01 -1.923999596846e-01 
 2.794311901295e-01  6.580954953530e-01 -4.196945899988e-03 
-1.721728578768e-02  3.094889968688e-02 -3.507219690104e-04 
 4.148756693159e-03 -1.350179531692e-02 -3.912652981581e-03 
-5.776352816701e-03 -5.420610896621e-02  1.888632547264e-02 
 2.079663004094e-03 -5.145896042667e-03 -7.735942476409e-03 
 1.813819297431e-01 -6.417267419568e-02  1.573383011878e-03 
 1.638244532597e-02  1.513367313933e-03  2.548238081268e-01 
-9.038598484242e-02 -5.775016597714e-03 -1.175945533197e-02 
 1.264121223154e-02  3.543611687427e-01 -1.323785380942e-01 
-2.594638634774e-03  9.538233306060e-03 -1.514034935082e-02 
-2.032062526452e-03 -1.668175345837e-01 -6.349362507718e-02 
-5.543568298775e-01 -3.760880524519e-01 -1.352004272375e-01 
-9.743837622268e-03 -8.014242632225e-03  5.834006203155e-03 
 3.249397889370e-03 -8.889706938350e-03 -2.153954403153e-03 
 5.084442325793e-03 -4.184155558121e-04  3.623609086952e-03 
 1.049371297101e-01  1.971980640205e-02  6.595676614296e-01 
-6.924301588045e-02  1.459562117304e-01  3.247528195263e-02 
-2.713779989026e-02  1.128127688437e-02  1.726056706299e-03 
 7.810230462097e-03 -3.215479830172e-03  5.737317887739e-03 
-2.597530637982e-03  1.291367398791e-01 -4.154658038204e-02 
-1.129505580496e-02 -1.378567395278e-02  1.421951497953e-03 
-1.008057305033e-01  1.886837069518e-02  1.303559048123e-02 
-6.057158040530e-03  6.141734171248e-03  2.881505985521e-02 
-1.182857689677e-02  1.831738301410e-02 -2.861757147937e-03 
 6.219931414258e-03  7.401467129269e-02  2.537629552472e-03 
-1.764472371509e-02 -6.746667201430e-03 -4.379846903580e-05 
-5.290798559512e-03  2.778683097898e-01 -6.968788091099e-02 
 2.360957637792e-01 -4.289930133526e-01  3.478858875817e-01 
-6.433019764678e-02  1.144543646528e-01 -1.023539550819e-01 
 3.398653596964e-03 -6.095518102477e-03  3.373173177033e-03 
-6.778596209716e-03 -1.052961706289e-02 -3.614204046528e-03 
-1.134065478649e-01  5.864970621767e-02  8.414177844905e-02 
-1.372817903481e-01 -2.450371103370e-01 -2.613441806649e-03 
 1.764523254675e-02  3.062216032129e-03 -1.310037694959e-03 
 6.012607539434e-03  1.027222067563e-02 -3.258564040303e-03 
 2.013947352546e-03 -3.413998743722e-01  1.253913673150e-01 
-7.862325529376e-03  3.812462526753e-03 -6.368863167536e-03 
-1.186119750254e-01  4.871117783198e-02 -2.634336827249e-03 
-1.019152992202e-02  3.740560965612e-03 -1.873697055099e-01 
 8.467988903791e-02  2.254297391664e-03  1.458943949197e-02 
-1.545218908701e-03  6.132286477108e-01 -2.642573251474e-01 
-1.066718608610e-02  3.093364351874e-02 -7.525393371121e-03 
 6.424279722872e-03  1.515024435278e-01  2.055556314842e-02 
 5.346117322805e-01  3.586048608774e-01  5.184416091618e-03 
 1.492217755396e-02 -1.495949666987e-03  6.398185660914e-03 
-3.300360507202e-03  3.093028200045e-03  3.338015390869e-04 
 1.430270992222e-02 -1.328011021239e-03  3.131667577583e-03 
 3.025996832152e-02 -1.638784229309e-02  5.937247530088e-01 
-1.053473680407e-01  2.325816562821e-01  2.599007530244e-02 
 9.787147375280e-03  1.684342550627e-02  3.008069695936e-03 
-3.959779552371e-03 -2.075680669201e-04 -8.645635096572e-03 
 8.934625410452e-04 -2.982761857731e-02  9.570358206924e-03 
 1.136418825846e-02  1.155951637494e-02 -2.912584187373e-03 
 3.714917863652e-02 -6.440039992267e-03  1.267029008729e-02 
-1.550405298534e-03  4.282629169102e-03 -4.483138929042e-02 
 1.618849498132e-02  1.644764191643e-02  5.146478519824e-04 
 5.053548801312e-03 -7.316557943538e-02  2.199697780713e-02 
 1.826112790433e-02  5.542785111553e-03  3.578377670912e-03 
-6.973813674192e-03  1.778874263867e-01  2.543379251240e-01 
-2.798630343951e-01  1.959792184877e-01  5.888362799293e-01 
-1.329329145731e-01  9.423656019373e-02  2.498751576990e-01 
-1.671295637443e-03 -3.313212348109e-03 -1.135691782574e-02 
-3.558513872393e-03 -2.066690371997e-04  1.400211470145e-02 
-3.030698266905e-01 -5.401748210848e-01  7.250812774623e-02 
 8.165514439005e-02  2.700163906838e-01  3.944528022013e-02 
 3.765641401787e-02  1.098972640416e-01  1.605887144319e-03 
-1.365702222681e-03  2.094416895059e-02 -3.260106878367e-03 
 1.681392478792e-03 -1.012154085303e-01 -6.775278347948e-02 
-1.499916311431e-02  1.176370228258e-02  1.855912723550e-02 
 2.164392687926e-01  2.745830109186e-01  4.221504616701e-03 
 7.958746623021e-03  1.053720011342e-02  4.415513772809e-02 
 2.046305303093e-01  2.911706014149e-03 -3.810252357487e-03 
 4.485676324441e-03  4.816060813902e-02 -1.607369081459e-01 
-8.189787149271e-03  3.220583266472e-03  1.036256855826e-02 
-2.707220523360e-02  2.563855106690e-01  1.056959428353e+00 
-8.182720050446e-02 -1.586434530010e-02  1.654469495252e-01 
-1.278829142006e-02 -1.740851489113e-01  1.918350776834e-01 
-7.591415611789e-03 -1.016892952703e-02  4.432222621468e-03 
-2.964153447591e-05 -3.414795281731e-03 -2.637127729282e-02 
 1.515555181235e-01  7.064559170342e-01 -6.605056785654e-02 
-3.374987819326e-02  2.955310292865e-01 -6.968078668542e-02 
-2.477805500867e-02  2.793038723172e-01  2.636817539140e-03 
 7.469632359364e-04  1.404528247270e-02 -3.997609436548e-03 
 9.182636502123e-04 -9.715152024695e-02 -4.170957041124e-01 
-8.328664007290e-03  3.250033992242e-03 -3.308664492401e-03 
-1.585652903065e-01 -7.574825149466e-01 -3.578017869732e-03 
 5.422272121423e-03  1.452058441415e-02 -1.764439600645e-01 
-4.327549006853e-01  2.932336129319e-04  3.948155220322e-03 
 8.435359386246e-03 -9.334455888950e-02 -9.152960113782e-01 
 4.774341981795e-04 -4.412635932639e-03  4.862778248764e-03 
-2.720064881179e-02  1.854361029599e-01  1.111130803330e+00 
-2.481078435669e-02 -7.987237179053e-02 -2.413988467758e-01 
-1.197643784094e-01 -3.227002618743e-02 -3.802829870858e-01 
 4.727901519648e-03  8.644869517394e-03  9.556739389006e-03 
 4.392650822147e-03  3.830354576651e-03  5.941021561819e-03 
-3.462586906059e-02 -1.040799426412e-01  1.326459934243e-01 
 1.947651253029e-01 -2.509705788427e-01  1.475226661299e-01 
 2.932157220027e-01 -2.674005474150e-01  5.666637654089e-03 
-5.829104719919e-03 -3.316056061476e-03  2.755571600986e-03 
-7.894449200672e-03 -1.541678893812e-01 -1.140058598421e+00 
-1.163162002236e-03 -6.350688534019e-03 -1.409432352448e-02 
 2.239376407136e-01  9.579546574165e-01  8.621443192151e-06 
 9.355903370842e-04 -1.888506937113e-03  1.676560083551e-02 
-5.111421067031e-01  6.498123415831e-03  9.129187600654e-03 
-4.567422376280e-03 -2.388500286279e-01 -4.907240431154e-01 
-1.729800686683e-03 -5.393778101825e-03 -6.923433244829e-03 
 2.541442453522e-02 -3.960823025887e-02 -7.272821615583e-01 
-5.674644329292e-02  2.536021838325e-01  1.247562239572e-01 
-1.949063122310e-01  4.571653264604e-01 -4.427376654144e-02 
-8.450126812583e-03 -3.962381323629e-03 -4.817015260010e-03 
 3.896713282235e-03  5.549777127289e-03 -2.190476267763e-02 
 4.665362029274e-02  6.101041761813e-01 -2.638154183206e-02 
 3.432708534885e-01  1.187459973234e-01  3.207092344267e-02 
 4.730677126885e-01  6.395050102173e-02 -4.835108757359e-03 
 6.392011581360e-03 -4.677019074913e-03 -2.086121427052e-03 
-1.515423748717e-02  1.432445181911e-01 -1.601846049942e-01 
-7.980075212740e-04  8.815290910877e-03  3.364666223419e-03 
-2.470946676559e-02  3.462348341438e-01  2.269427923034e-03 
 7.473524021598e-04 -1.698726967108e-03 -9.517379517941e-02 
-1.561138016456e+00 -3.251135436091e-03  2.225638346774e-02 
 4.711042508182e-03  1.514586505589e-01  1.264908480172e+00 
-1.109884848800e-04  9.291602716371e-03  3.178630275224e-03 
 1.808786789099e-03  6.328586566916e-02  1.429077411585e-01 
-1.934963672583e-01  2.779928877983e-01 -2.243107103453e-01 
-5.378357984538e-01  8.661661870383e-01 -7.305024108819e-01 
-1.516932773433e-03  2.709887572589e-03 -5.203987589772e-03 
 4.942615060801e-03  1.067183785912e-02 -1.384852317330e-03 
-2.016312235043e-02 -4.358199003674e-02 -7.574144735089e-02 
-1.564936300863e-01  6.543436842394e-02 -4.175779894330e-02 
-2.334410791758e-01  2.406906260105e-02 -2.577890715424e-03 
 2.358076080607e-03 -3.092943467422e-03  4.259213464405e-03 
 7.147353444292e-04 -2.781699815045e-02 -2.037056787930e+00 
-1.888161239752e-03  1.015965026096e-02 -1.916693094006e-03 
-1.232051621242e-01 -5.064751237976e-01  4.538613460187e-03 
-5.902768020768e-03 -8.132832028473e-03  7.253031170412e-02 
 5.739799382554e-01 -4.847289390154e-03 -2.434553739441e-03 
 3.627081606229e-03 -6.538536422554e-03  1.747533027391e+00 
-7.997472953370e-03  2.017137203298e-03 -6.345522389640e-03 
-1.103786247363e-01 -2.940721100417e-01  3.893834037993e-01 
 3.759648425552e-03  2.007758441588e-01  3.466248274202e-01 
-1.752280412686e-01 -2.762171060313e-01 -5.126426063401e-01 
 1.178525641527e-01  1.636476867466e-01 -1.191914888158e-02 
-1.010177866966e-01  6.996272251213e-02 -1.436794074658e-02 
-3.674064818520e-02  1.583288855106e-01  1.006236509020e-01 
-6.193785174921e-02  1.851479343010e-01 -8.299469885928e-02 
 3.407197367252e-01 -5.537731565308e-02 -1.180257319326e-03 
-5.544426297687e-03  2.732750549790e-02  2.175304447670e-02 
 2.028814549009e-02 -1.138191014386e+00  9.454696218056e-01 
 3.465632337350e-02 -4.708392718746e-02  6.952374260874e-02 
-1.033451913433e-01  7.809061417205e-02  2.615272374426e-02 
 2.881299494295e-02 -7.115668892529e-03 -4.582883381675e-01 
 1.652861411949e-01  1.115312522260e-02 -1.607830676183e-02 
 9.045572700781e-03 -1.054987802573e+00  1.164464158579e+00 
-3.488307658214e-02  7.478509692468e-02 -5.292297704956e-02 
 1.713879265694e-02  8.622148324220e-02  1.507745324623e-01 
 4.826232696717e-01  3.115955553573e-01 -1.841320732953e-01 
-3.769846025219e-01 -6.652195275822e-01  4.488426486285e-01 
-2.174205036025e-02 -7.602609312068e-02  1.765632494604e-02 
 9.256404937233e-03  2.741830512750e-03  1.672571729490e-02 
 2.421377212473e-01 -2.885278846160e-01 -5.188172791694e-02 
-1.055328866404e-01  4.245093695151e-02 -2.624469633161e-02 
 1.268095379455e-01  2.284287877772e-01 -5.619688684828e-02 
 8.870353879844e-02  1.213642400800e-02  4.200834050396e-02 
 8.296648775254e-02  2.784745216605e-01 -3.525839923490e-02 
 1.009781055847e-02  2.344304378839e-02 -2.124380940028e-02 
-1.726202886377e+00  1.712582383039e+00  2.461195608673e-02 
 1.017234208906e-01 -4.792272104523e-02 -6.791385692006e-01 
 5.407535770350e-01 -3.944049764443e-02 -7.873954635967e-02 
 7.244425724725e-02  5.225480669845e-04 -5.472421165180e-01 
 3.192776950381e-02 -1.369777759530e-02  4.192645198506e-02 
-3.210648673766e-02 -1.918797026921e-01  3.901177205657e-02 
-1.128594150668e+00 -5.653140434410e-01  7.282024749119e-02 
 1.458705687609e+00  5.954140887066e-01 -3.616470145969e-03 
 9.011790665431e-03  1.826601005155e-02  2.749284984366e-02 
-2.256766386493e-02  1.918883675540e-02  2.157095868153e-03 
 1.280358942838e-01 -1.714870816934e-02 -2.074050086811e-01 
 1.894130335614e-02 -3.572612541970e-02  1.014219419293e-01 
 2.062189785878e-01  9.693503546491e-02 -2.518691738016e-02 
 1.764300487156e-02  3.715421465276e-02 -1.092884922992e-03 
 7.494872116778e-02  1.191160737684e-01  9.741439766895e-02 
-2.367996066035e-02 -3.796993514437e-02  2.371247285126e-02 
-5.267819837240e-01  6.264482264914e-01 -9.019900155219e-03 
 8.258983223204e-02  1.703368574075e-02 -8.117821603041e-01 
 4.997375387013e-01 -1.830798069485e-02 -8.383278966440e-02 
-6.958359529831e-03 -2.722520394905e-02  1.142787682176e-02 
-3.917857827370e-02  1.047878258427e-02 -5.257662728969e-03 
 8.684321593407e-02  3.282142352633e-01 -3.129951172273e-01 
-4.155854299835e-01  7.600695235402e-01  9.899419292847e-01 
 7.986848822787e-01 -1.440678102139e+00 -1.074812244904e+00 
-4.165599551188e-02 -8.493970863267e-02  7.669264167635e-02 
 6.330140971863e-02  8.976347554272e-03 -5.138114167857e-02 
-2.652185656924e-01  4.457529703342e-01 -1.763958269408e-01 
-3.463598413327e-02  2.972882754794e-02  1.912999548507e-01 
-7.718315184417e-02 -3.744532435725e-01  4.909279647504e-05 
 4.338626936440e-02  2.346844765079e-02 -3.408024142366e-02 
-4.354173136868e-02  5.866593997586e-01 -1.913284340202e-01 
-3.811237925784e-02  2.514296788551e-02 -3.544323752936e-02 
-3.355320966626e-02  1.328251902916e-01 -1.936171105023e-02 
 1.774008023130e-03  3.105664499097e-03  3.271867552653e-01 
 2.924394285352e-02 -2.131990498537e-02  6.406001532984e-02 
 1.098869204067e-01 -1.626421967620e-01 -5.973604505792e-01 
 6.434257962767e-03  2.962283800726e-03  1.346544660269e-01 
 7.432976712549e-02  3.203053234418e-01 -4.676151225327e-01 
 8.795115322704e-03 -5.026022382238e-01  4.866343767443e-01 
-5.162144597620e-01  1.661093652202e+00 -1.720388820967e+00 
 5.147217194501e-02 -8.214225086528e-02 -2.340008331092e-02 
-1.013474173497e-01 -4.335434843428e-02  6.561652269668e-03 
 6.014538296358e-02  8.269402926079e-02  1.119596388433e-01 
-1.549982750567e-01  4.791821075310e-01 -9.586530606603e-02 
-3.786862738703e-01 -8.672651305843e-01 -3.574657059453e-02 
 7.298941468958e-02 -2.390675030478e-02  5.208169202090e-02 
-5.978092108624e-02 -5.592097374430e-01 -7.726147963977e-01 
 4.350506769254e-02  5.786631517337e-02 -2.945934877123e-02 
-8.314831754873e-01  9.414604591195e-01  8.896891137755e-02 
 4.573636652706e-03 -9.960031918618e-02  9.621774592003e-01 
-6.757226849344e-01 -1.742174302864e-02  6.261161607096e-02 
 6.562745140915e-02  5.844375412342e-01  5.130066654135e-01 
-1.183489930685e-01  5.651274060392e-02  4.210970649820e-02 
-1.180531592157e-01 -6.992341450957e-01  1.148409239896e+00 
 2.743926452833e-01  6.524922487952e-03  6.679140114202e-01 
-9.225274286676e-01  8.202874346422e-01 -1.862790879113e+00 
-1.562511234475e-01 -5.980240664678e-02  6.257904727247e-02 
 4.489955167465e-02 -1.597364303880e-01 -1.267711976834e-02 
 9.553672949760e-02  3.451322817622e-01  3.590759846680e-01 
 8.411169582727e-02 -1.309063421242e-01 -2.603802958319e-01 
 2.483882489847e-01 -1.344928117444e-01  6.374111648230e-03 
-6.410163711458e-02  8.627027881132e-02 -1.333294635334e-02 
 7.080396272279e-02 -1.607334611128e-01 -1.514282640930e+00 
-5.507066930151e-02  1.332923487746e-01 -1.019497697719e-01 
 4.450791854037e-01 -4.064325629445e-01 -2.280503498944e-02 
 3.899197180130e-02  1.114006186816e-01 -1.159939502626e+00 
 1.042366232780e+00  2.428316981089e-02 -1.187959409784e-01 
-5.490412231220e-02  8.340376235053e-01  6.465178337163e-02 
 7.562733016562e-03 -1.055243686326e-01 -1.718788276608e-02 
-1.032546530564e-01 -4.686262680229e-01  8.057248250598e-01 
-5.639669031993e-01  6.689461964765e-01 -4.200437969687e-01 
 1.049145930676e+00 -1.240094991400e+00  9.002652872233e-01 
-2.764693106197e-02 -8.817189239311e-02 -1.310123085454e-01 
-1.467984420885e-01 -1.427024645292e-01  8.612023632542e-03 
 4.346421688873e-02 -8.009310217506e-02  7.517091510751e-01 
-2.291675471565e-02  8.774562666685e-02 -9.941906745360e-01 
-1.592053917787e-01 -1.955035311020e-02  6.361590178721e-03 
 1.420021327337e-02 -3.112075836243e-02  6.310448715496e-03 
-1.651828864101e-02 -5.796579202848e-01  1.366816366416e+00 
 9.907713656047e-02 -3.081035028531e-02  1.172056662013e-01 
-1.917962612524e-01  9.051180501344e-02 -4.263104665340e-02 
-3.294849525146e-02  2.393967565788e-02  2.383720530240e-01 
-1.240151599587e-01  5.197607595871e-02  1.341464289300e-03 
 3.461523517477e-02  5.938612116477e-01 -1.719321895798e+00 
 1.756730422490e-02 -2.211083349806e-01  7.443078248017e-02 
 1.060445246052e-01  5.152886814860e-01 -7.050990253473e-01 
 5.756563540109e-03  2.091440644984e-01 -7.150006970319e-02 
-1.435528287876e-01 -2.876245234993e-02 -2.292734022374e-01 
 1.535375124028e-01 -3.832572452289e-02  5.786107076980e-02 
-1.179301756207e-01 -7.684372782499e-02 -3.926892450332e-02 
-1.408443046744e-01 -3.391706559306e-02 -4.668713878368e-01 
 9.574514816118e-01 -1.317110207470e-01  5.125755527134e-01 
-1.759086627122e+00  1.675969367733e-01  2.736935364559e-03 
-2.858043120682e-02  7.230540620297e-02  1.340005178675e-03 
 6.849027885334e-02 -5.289177221924e-01  4.677916240058e-01 
 1.400404858512e-01 -3.797725525999e-02  3.594023854488e-02 
-2.548114222458e-02 -5.842703628980e-01 -2.798161664478e-02 
-1.172355460306e-01  1.031455792571e-01  3.507921637430e-03 
 9.775844014334e-01 -5.055312843684e-02 -2.873243058573e-01 
-2.059064179185e-03  3.505586290346e-01 -2.978899584720e-01 
-9.392114519394e-02  4.020815587548e-04  1.178525743519e-01 
 6.083430462368e-02  2.854291368823e-01 -5.596752548048e-01 
 1.035223432791e-01 -3.758782357696e-01  9.823813832246e-02 
 1.440230941814e-01  3.223458124513e-01  1.295800387051e-01 
 3.087064074466e-02 -8.347561749249e-02  9.650217641268e-02 
-6.346946646691e-04  2.361953509500e-01 -5.642556833658e-02 
-2.617633124833e-01  2.197630095507e-01  9.373041277225e-01 
 4.658169649289e-01  1.046521838791e-01 -1.335183749084e+00 
-9.334729734058e-01  1.028588237433e-01  1.088948047412e-02 
 3.209489661538e-03  2.695359662442e-02 -4.210081637815e-02 
 4.168656012217e-02  7.143222606331e-01 -5.365410056774e-01 
-4.487494942553e-02  1.746736151693e-02 -6.716328174217e-02 
-9.232583432236e-02 -6.067497958174e-01 -1.094179998655e-01 
-1.202781976738e-01  7.898992799797e-02  1.473579105092e-02 
 5.066856603871e-01  1.851516966411e-02 -1.341288837027e-01 
 6.821729032187e-02 -7.874972003712e-01  1.006302792610e+00 
-3.414831091264e-02  1.656004661534e-01  1.260820144322e-02 
 6.961028700509e-01  3.153174591565e+00 -5.352745113822e+00 
-6.807758641470e-02  6.971663668606e-02  1.016128048820e-01 
 1.141575147412e-01  2.274903721658e-01 -1.891954241158e-01 
 2.347668361140e-02  2.315951930449e-01  1.484860836362e-01 
-1.857795648531e-01 -5.239121474567e-02  1.755814153191e-02 
 1.652358907240e-01  1.940445802115e-01  2.444109988518e-01 
-2.417446894664e-01 -2.979303031065e-01 -2.631442658948e-01 
 5.877652539062e-01  7.786968676866e-02 -1.091785787438e-02 
-2.264407538633e-02  5.038042396749e-02 -1.847902675367e-02 
-4.662129189132e-03  6.285360449196e-02  1.008448791472e+00 
 1.845888275519e-01 -6.771423956780e-02  1.620159552823e-01 
 1.958979897005e-01 -1.414855111359e-01 -1.028012467108e-03 
 1.474142531143e-02  2.779867891546e-02 -4.057229327245e-01 
 1.656816586538e-01 -2.031471313435e-02  4.151485476242e-02 
 2.582851292210e-02  4.239122875540e-01  1.072869595093e+00 
-3.847302011685e-02  1.775521986890e-01 -1.301319597593e-01 
 1.738211998220e-01  6.915193209212e-01 -1.379038340774e+00 
-3.239444824542e-02  1.820246725596e-01 -8.249875044237e-02 
 2.241793234188e-01 -5.053484845326e-01 -1.905534185755e-01 
-8.566546467165e-02  1.415035552160e-01 -8.273356376557e-02 
 1.375815884548e-01 -6.090151194061e-03  1.895117882963e-01 
 9.023600361003e-01 -1.599451332978e+00 -4.305294833796e-02 
 1.865039991330e-01  1.100896749853e+00  2.360929138081e-01 
-8.058564226208e-02 -1.940934424644e+00  6.208081435388e-03 
-4.603144591052e-02 -3.030852407331e-02 -7.767873256211e-03 
 1.209126832643e-01  1.899617268013e-01  1.911600600837e-01 
-7.729456923918e-03 -8.914307977256e-02  1.142143941938e-02 
 4.418166966717e-01  3.624628709583e-01  6.574113464278e-03 
 1.183865322719e-01 -2.327926967634e-01 -3.352989093791e-01 
 9.221691605324e-01  5.621687172943e-02 -2.315328202296e-01 
-8.696608766557e-02  1.388515368002e-01 -3.475329020564e-01 
 7.843827177687e-02 -4.839264151082e-03 -2.026630750186e-02 
 6.596759217987e-03  9.521780065211e-02  1.439212818916e-01 
-7.748550856386e-02  3.864344505544e-02  3.438681881521e-01 
 8.326956005009e-02 -4.594903101952e-02 -3.598942858384e-01 
-3.200585882439e-01  8.696651053481e-02 -2.992825126629e-01 
-1.288838047256e-01  1.657766016238e-01  1.764226947595e-01 
 8.672206226284e-01 -1.222561434371e+00 -4.476258306845e-02 
 2.527553032433e-01 -3.934721287482e-01  6.707188822076e-03 
-8.453240792190e-01  4.286534682229e-01 -2.545894307088e-02 
-4.320290852516e-02 -2.483572511147e-02  1.045900249917e-01 
-8.368888909137e-03  1.952032600105e-02 -1.160538665187e-01 
-1.864949819924e-01  9.927279106858e-02  2.111369697010e-01 
-2.916429679877e-01  8.444637526443e-02  1.414610591109e-01 
-1.765259496236e-01 -7.096813411009e-02  4.147590657985e-01 
 3.213869746770e-01 -5.583617409082e-02 -1.547146868228e-01 
 2.397955664934e-02 -4.130144118720e-02 -1.458752936794e-01 
 1.773228040605e-01  1.490508989231e-02 -1.990629971261e-01 
-2.052293461770e-02 -1.506112904059e-01  9.365033122594e-02 
-5.044577279168e-02  1.033773108338e-02 -2.127679541881e-01 
-1.486189335482e-01  2.537451389348e-01 -2.213252977852e-01 
-3.219381423748e-01  1.091741404574e-01  2.051574185856e-01 
-1.212188254214e-01  1.735582576644e-01 -2.457539963185e-01 
-1.137929504771e+00  1.641910134354e+00  5.273888865838e-02 
 6.582767897006e-02  3.229061707854e-01 -2.515330206031e-02 
-3.883990917099e-02 -3.415909750687e-01 -1.673882565907e-01 
-7.733163320444e-02  7.314887512241e-02  4.721856421276e-02 
-6.150506962502e-02 -4.337964041583e-01  6.648363735623e-02 
-7.631164022867e-04 -1.632665340055e-01 -3.155017297577e-02 
-1.145426064535e-01 -4.901217787007e-02  3.043856048977e-01 
-4.685750008369e-02  2.304119314474e-01 -1.276659455164e-01 
-1.576283538666e-01 -3.023683101465e-01  1.148827290840e-01 
-1.265679031664e-01  5.151612099142e-01 -2.705412628928e-01 
 2.158012496772e-01  7.699391057004e-02  1.787735842578e-01 
 1.268402633278e-02  9.721785041340e-03 -1.511976021868e-01 
 3.503017222111e-02 -1.211574038894e-01 -1.173290043975e-01 
-2.489559758617e-01  3.172589706355e-01 -3.094263079094e-01 
-3.403330375643e-01 -2.340109249742e-02  5.754127289408e-02 
-3.304799476608e-01  1.281942108802e-01 -3.117966644953e-01 
-1.407760247570e+00  2.110951200362e+00 -3.034766221439e-01 
 7.598098083405e-02  1.469079547003e-01  3.510700359091e-01 
 1.137339979016e-01 -2.058820286417e-01  1.766213930604e-01 
 7.303847067509e-02 -3.332918454382e-02  6.245847166065e-02 
 5.942347708918e-02 -2.327289489107e-01 -7.550800417292e-02 
 2.702416886857e-02  4.380602310687e-02  5.615065435137e-02 
-4.928706612655e-02 -1.079064158216e-01 -3.497354422962e-01 
-8.796664092902e-03 -1.099197966207e-01 -3.108662454777e-01 
-1.835135493131e-01  4.074641578735e-01  8.276502062346e-02 
 1.762844240366e-01  1.904455938947e-01  7.000055265522e-02 
 1.363135218638e-01  6.085254004289e-02  4.585016495586e-02 
-2.671604569862e-02 -1.196763455340e-01  7.030301114035e-02 
 2.694843857110e-02  5.282843758020e-02 -1.230221585942e-01 
 3.028790619783e-01 -7.449668525317e-01  7.769728301337e-01 
-2.731320826531e-02 -3.462687628807e-01  7.169668024991e-02 
-5.214484548624e-01  2.016298692061e-01  3.076330200220e-01 
 1.298915719571e+00 -2.189948441988e+00 -1.676314060425e-01 
-1.293966174010e-01  1.845019086286e-01  1.877085067473e-01 
 3.452633211801e-01 -3.211726907383e-01  2.558010885584e-02 
-1.585253173778e-02  1.691945622024e-01  9.720565290584e-02 
-3.974900016838e-02  6.718167054782e-01  1.104315696034e-01 
 1.183075856531e-01  1.783839295948e-01 -3.528965599967e-02 
 4.885956212627e-01  7.993927680643e-02  2.824870041422e-01 
 2.228455170556e-01  1.739148549155e-01  1.218496619539e-01 
 1.869324971244e-01  1.539181786352e-01 -4.130717497454e-02 
-1.350828109780e-01 -5.600863938005e-01 -2.166972022084e-02 
-1.135651110549e-01 -3.791413479725e-02 -7.886757558495e-02 
 3.153243678496e-02  1.754404685901e-01 -1.968299423033e-01 
 5.448996224827e-02 -1.258923258121e-02  9.025557792484e-02 
-6.634149071671e-01  1.004005402087e+00 -8.523153113657e-01 
 1.119454533232e-01 -2.092643446099e-01  7.344885042078e-02 
 1.225129256269e-01  4.018867692363e-01  3.216623028542e-01 
 1.464230265715e+00 -1.881799665715e+00  1.139317873513e-02 
-1.735558716853e-01 -3.186107885496e-01  6.781003844388e-02 
 9.322503173476e-02  1.638336735573e-01  3.775427358485e-02 
 7.723470250024e-02  6.511672531301e-02 -8.177296005327e-02 
-8.685511291587e-03 -1.049908814548e+00 -5.003239616003e-02 
-1.239027872748e-01 -3.014153693349e-01  4.694354133074e-02 
 2.390340556173e-01  4.883711856000e-02 -1.159454374126e-01 
 2.054137101658e-01  5.829845735403e-02  2.791543671193e-01 
 4.103062046269e-02  1.318094760514e-01 -5.691661949506e-02 
 5.474384319233e-02  9.500236250810e-01  2.502316267895e-01 
 2.027549515718e-01  9.602371390237e-02  2.631715778115e-01 
 2.120441132967e-01  8.891705464922e-01 -1.462493368697e+00 
 1.218428366332e-02  1.303149707431e-01  2.403108379967e-01 
-5.275869114410e-02 -2.111305426686e-02 -7.699855855058e-01 
 2.233770544636e-01 -3.678712991347e-01 -4.640442812730e-01 
-3.467221897850e-02  2.870928125422e-01 -3.226407033105e-01 
-1.314457201579e+00  2.334279935199e+00 -9.346169826439e-04 
 5.846806385724e-03  6.137147871654e-02  1.457279422731e-01 
 3.849783459609e-01 -2.322230459424e-01 -4.771840604431e-02 
-1.410125882163e-01 -2.583039041618e-01  1.035249710866e-01 
 1.453804016088e-01 -3.472988287873e-02 -2.091983205337e-02 
 6.036515222081e-03 -5.248802555050e-02  7.141399324566e-03 
-6.146189992879e-02 -4.672413481381e-02 -8.068067068805e-02 
 1.714312823341e-02 -1.592461098764e-02 -7.335051812642e-01 
 1.418843894952e-01 -7.007474275888e-02  1.634474571884e-01 
-4.147236887051e-01  2.797729426723e-01  1.030715163598e-01 
-3.948701360092e-02  1.526067384381e-02  4.155540693644e-03 
-7.231341790949e-02 -2.715988558301e-01  4.553997520553e-01 
 9.776728809617e-02 -1.098367982597e-01 -1.817613492176e-01 
-1.528142370639e-01 -1.415704941070e-01 -2.115451743311e-01 
-2.107691723621e-01 -2.591753560351e-02 -6.270146916197e-02 
 9.569463593993e-03 -1.432256287421e-01  8.591097051874e-02 
 3.569875952344e-01 -5.435796659586e-01 -2.143864557316e-02 
 4.697986258713e-02  1.250685896768e-01  3.691828494578e-01 
-2.951975781273e-01 -3.424187912030e-01 -1.274563971682e-01 
 7.373592622255e-02 -4.339415600904e-02 -2.772466400902e-01 
 4.369808476241e-02 -2.773250748544e-01  2.065852269271e-02 
-5.732201644533e-02  3.485477455503e-01  3.758516110977e-01 
 1.684309303277e-01 -2.269278969416e-02 -3.880223341337e-01 
 3.726518496317e-01  1.953371672846e-01  3.524668519865e-01 
-1.090464082721e-02 -3.343273516421e-01  6.784571009026e-02 
-9.807935787477e-02 -5.169255336849e-01  2.169225753367e-01 
-7.986180941280e-02  2.070942340837e-01  2.387943357656e-01 
 5.511127505014e-02  2.631308529013e-01 -1.894334060571e-01 
 3.746420544428e-02  7.251387485522e-02  1.352677419478e-01 
 2.332866367028e-01  3.056808766917e-02  2.178164882327e-02 
-7.854295457367e-02  3.414382717175e-01  5.459755739294e-02 
 6.622554553320e-02 -1.390494839313e-01 -8.278941345073e-02 
-4.202342364910e-01  2.898748936652e-01  1.405974902325e-01 
 4.113416526390e-01 -2.042366285029e-01 -5.752916064369e-01 
-1.384838386542e+00  6.010123832934e-01  6.359306904911e-02 
-4.720172123004e-02  7.387545078093e-02  2.243840866159e-02 
-7.097321710232e-02  2.237803698371e-01 -3.941213541631e-02 
-2.240873146827e-01 -1.365983556553e-01  1.803381562762e-02 
-1.066516430645e+00  3.129259110229e-01  5.246350356659e-02 
 4.481349959632e-01  2.025543745651e-01  9.153911120156e-01 
-2.155530636897e-01  4.441328644112e-01  6.462345167800e-02 
-5.022098635441e-01  1.209467447363e-02 -1.133584050637e-01 
-1.463094172163e-01 -6.826728282543e-02  2.281195552164e-02 
-1.660198560981e-01 -6.129548368403e-01  1.053006644721e+00 
-3.217185713625e-01 -1.154586188637e-01  8.661592326211e-02 
-5.029073630455e-02 -2.071530010635e-01  1.371390454520e-01 
 3.091611425169e-02 -1.478740359957e-01 -4.308384056546e-02 
 3.706380615783e-01 -1.855474548475e-01  1.551621056394e-02 
 4.644075697072e-02 -2.381065126348e-01  5.470932550444e-02 
 9.544808249187e-02 -1.410857368375e-01 -2.602696902152e-01 
-2.108766618138e-01  3.810428500732e-01  3.768390421538e-02 
-2.722995468755e-02 -3.274261206866e-02  3.520722536071e-02 
-1.354161810455e-02 -4.729892964962e-01  2.784718284841e-01 
 5.880110154941e-01  2.833835731759e-01 -4.612696524344e-02 
-2.382463067782e-01  6.788152840708e-02  1.780802794066e-01 
 5.298880109865e-02 -3.868151028448e-03  1.540078240305e-01 
-3.446857559648e-02  2.263529040815e-01 -8.035634026014e-03 
-1.747879025314e-01 -5.864798317035e-01  1.965945149768e-01 
 5.712626833719e-01  3.462148435447e-01 -9.024604905897e-03 
-8.643844240742e-02 -3.146257877177e-01  9.602411268711e-01 
-1.345943779824e-01  4.078519352838e-02  2.420852461362e-01 
-1.770861962519e-01  6.520498427713e-02  4.844046741212e-01 
-2.736272916645e-03  9.509275837968e-02  1.190733421322e-01 
-3.144836991553e-01  1.132567621981e-01  1.577581837521e-01 
 5.990708462508e-01 -1.284416448322e+00  3.760554524458e-02 
 1.569480575848e-01 -1.826042983957e-01  2.869918283433e-01 
-7.478843152661e-01  7.672526362501e-01 -2.507944537796e-02 
-4.554269911303e-02  4.792628373906e-03 -5.210950914005e-02 
-2.889729796895e-02  1.960317586338e-01 -1.918711019648e-01 
 2.707649547326e-01 -1.206332660393e-01 -4.877847844187e-01 
-3.181924502478e-01  1.029974679632e-01 -4.974390711810e-01 
 2.058908238418e-01 -2.375693656064e-01  7.450260722048e-01 
-2.086760982513e-01 -3.768971811894e-01  7.259962180886e-03 
-2.418166220526e-01  9.451417089322e-02 -3.431037650691e-01 
 3.099690267996e-01 -1.907611407283e-01 -3.494840188496e-01 
-1.667994248869e-01 -6.201213437433e-01  1.191577622919e+00 
 5.180789880920e-02  2.592455725685e-02 -6.436134290711e-02 
 3.916135990962e-02 -2.748375269326e-01  5.174744435004e-01 
-1.351591704824e-01 -1.165385984572e-01  4.101330973825e-01 
-5.374441484951e-02  2.663437733811e-02 -1.393316327061e-02 
-1.360168661925e-01 -2.882640486792e-01  1.616201956133e-01 
-1.127039648118e-01 -3.890094094664e-01 -1.480353433619e-01 
 6.574902429001e-01  1.172273145044e+00  7.448275166099e-02 
-5.202049657796e-02  9.333171467811e-02 -1.517234005346e-01 
-1.984394308326e-01 -1.991528365283e-01  2.837752865894e-01 
-7.761326338703e-02  9.967969311849e-02  2.441980615878e-01 
-1.323088336282e-01  1.989583030124e-01  8.974377172683e-02 
-1.666607176557e-01 -7.977685628110e-01 -4.133959933374e-01 
-7.309159630755e-03 -7.259275523430e-02 -1.586192466547e-01 
-4.322580536457e-01 -1.590777675642e-01 -1.063012525433e-01 
-2.174752288868e-01  6.191220895180e-02  2.284769669580e-01 
 3.629563519865e-01  1.503302612633e+00 -1.196401743783e+00 
-1.652352427197e-01 -3.170031432117e-01 -1.881881334226e-01 
 6.729062602739e-02  3.033328676744e-02 -1.966734749390e-01 
 4.551095319520e-01  4.070104707727e-01  5.859870316578e-03 
-9.046539809311e-02  9.626451926753e-02  1.126101655429e-02 
 8.024359899935e-02  1.179174079304e-01  3.959870456423e-02 
-1.247156305480e-02  1.844789008061e-02 -4.163385598960e-02 
 8.755651319689e-02 -1.187281825442e-01  8.775045232460e-03 
-1.073555931613e-01  6.622184270382e-02  8.459090213690e-02 
 1.902115988100e-02  3.702968267333e-01 -4.255217488506e-01 
-2.008260330894e-01  7.208293500984e-01 -4.639285893745e-02 
-3.472355071950e-02  6.800733462288e-02 -2.197611394512e-02 
-6.891677540717e-02 -5.152048816535e-02 -1.184518307260e-01 
 1.220543178320e-01  1.372823059711e-02  5.388223925866e-02 
 1.079665855205e-02  4.339108546366e-01 -4.390450155222e-01 
 4.343397015059e-01 -2.336876011052e-01  5.654210685824e-01 
 1.210457610451e-01  4.471700410853e-01 -6.919743656946e-01 
-5.300866828125e-03 -5.646991893606e-02  1.367095572231e-02 
-1.818416989287e-01  2.849168293839e-01 -5.049858649596e-01 
 4.116339875875e-03  1.888941339136e-02 -1.426004845708e-01 
 4.551638549759e-02  3.396737660528e-01 -2.090772773362e-01 
-9.716156326061e-01  9.343348497926e-01  7.167215880537e-02 
 3.445677029140e-01 -2.146289202657e-01  1.703404843377e-02 
-8.864155946276e-02 -5.621060123652e-01 -6.828860611001e-02 
-6.431293943207e-02 -1.924911992407e-01 -6.389371126509e-01 
 9.459374046882e-02 -1.381079081993e-01 -1.707360620706e-01 
 1.521084419785e-01  1.641776100694e-01 -9.067307460630e-02 
 1.900032693263e-01  2.057952996402e-01  5.327490739623e-01 
 4.037756491662e-01 -1.750022179281e-01 -1.382546692449e-01 
 6.110040114817e-02  1.106637661210e-01 -6.136255590863e-02 
 4.495611166299e-01  4.486507955485e-01 -1.708695626217e-01 
-3.627933434056e-02 -2.086217712671e-01 -1.539114592952e-01 
-2.341078823771e-02 -1.445246291314e-01 -7.855028109527e-02 
 1.135567642180e-01 -1.391645004940e-01  1.323788180154e-01 
-1.180410796287e-01  2.978901471912e-01 -3.783824257504e-01 
 3.269611335848e-01 -2.571731835329e-01  5.935482924478e-01 
 3.487872140858e-01  3.198789750735e-01  4.468527215457e-04 
-4.412551504684e-02  2.959946571677e-01  2.999659506151e-02 
 4.854038893149e-01  2.026001158004e-01  6.799801046492e-02 
-6.369187662398e-01 -3.267498316589e-01  1.231840189516e-01 
-4.221959754976e-02  3.128464452010e-01  1.248568367036e-01 
 1.674541065534e-01 -3.333957910820e-01  1.660078041455e-01 
-5.114261145840e-02  2.746173424463e-01  6.322816388710e-01 
-1.792408225914e-01  1.215415879778e-01 -3.926938392538e-02 
 3.974559668217e-02 -8.563600120509e-02  2.858624798049e-01 
-1.670040012388e-01 -1.566983328207e-01  3.786250830119e-01 
 3.470640908628e-02  4.353382900045e-01 -2.683605649986e-01 
 9.589842994146e-02 -3.538471180154e-01 -6.646356329083e-01 
-5.698138582242e-02 -1.660982028501e-01  5.870771392053e-01 
 1.242625719762e-01 -2.700525863076e-01  2.425945660663e-01 
-1.123236532043e-01  2.121772690271e-01  8.298483487863e-02 
-5.285676324606e-01  3.740075841011e-01  7.846644492978e-02 
 4.435311352050e-01  6.526999734053e-01  1.498902547091e-01 
 6.791000140528e-01 -7.363751598187e-01 -6.806582319590e-02 
-1.587366973159e-01 -5.571024618788e-02 -1.082984253514e-01 
-1.484255243891e-01  4.953024783821e-01 -6.722135933926e-02 
-9.354634809235e-02 -2.120175378692e-01  1.104671830542e-01 
 7.376364898615e-02 -3.009685560178e-01  2.057298024754e-01 
 6.854614548295e-01  2.957960329940e-01 -6.286021543791e-02 
-2.595163553764e-01 -5.779800704021e-02 -1.325358408252e-01 
-1.869093218397e-01  1.724076503662e-01  2.717765173089e-01 
-1.120628637674e-01  1.132721003986e-01  5.203928284365e-03 
-7.426656249481e-02  4.245950836409e-02 -1.457332012332e-01 
-6.478822473765e-01 -4.243946770281e-01  1.980139429923e-01 
 1.037453394043e-02 -3.211082972762e-02 -4.896045864795e-01 
 1.381970429373e-02  1.991965553666e-02 -1.096983152279e-01 
 7.362289408270e-02 -5.714452318314e-02 -2.348644729780e-01 
-1.520745100937e-01  1.413985298702e-01 -4.782743941052e-01 
 8.409153388627e-02  5.708999192446e-02 -5.080970063001e-02 
-3.026704845376e-01  3.860542990953e-02  2.370366301824e-01 
 3.903674957184e-01 -2.726533401760e-01  2.464880019254e-01 
 1.216195640390e-01 -6.244375152875e-01  2.110839212681e-01 
-2.731914672645e-01  2.438297172985e-01  5.059331037137e-01 
-6.070945142309e-02  1.447817305490e-01 -2.740712493940e-02 
 2.186708670739e-01 -8.846487753160e-02 -1.131253916846e-01 
 6.967241509915e-01  7.444670280785e-02  2.752367216656e-02 
 6.407166296856e-01 -3.565230360179e-01 -1.382478190304e-01 
 4.614244264618e-03 -4.066989787367e-01  8.216158507796e-02 
 5.423717658822e-01  8.896354578121e-02  2.778062171951e-02 
-2.573331716899e-01  1.849164428430e-01  2.731483997536e-01 
-2.087054051415e-01 -7.587778010880e-01  1.538125824772e+00 
-1.235121104529e-02  2.958015964163e-02 -4.989068891773e-02 
 1.098309027154e-01 -2.256454962221e-01  8.675713494874e-01 
-1.317717372897e-01 -3.113666849275e-02  2.420823683845e-01 
-2.336425400336e-01 -3.429162074720e-01  4.499880510171e-01 
 1.848735799916e+00 -2.179837169345e+00  7.586580282650e-02 
 6.070555328666e-01 -2.214959837729e-01 -2.510685003504e-01 
-3.743355629407e-01  8.643425455712e-01 -9.532497487652e-02 
-3.169821865675e-01 -2.737357030514e-01 -2.885657255966e-02 
 5.531026673845e-01  3.630715634049e-02  1.623986176792e-01 
-1.496077300016e-01 -1.974664798165e-01 -8.967575314435e-02 
-5.929016404394e-02  3.257407925423e-02  1.669736365995e-01 
-1.471940387001e-01 -2.082740139775e-01  3.387743173566e-01 
-4.302539835987e-01  1.292505826753e-01  6.615412698588e-01 
 1.354576372373e-01 -5.400250151406e-01  3.894239346988e-02 
 2.714646812380e-02  1.370501561476e-01  2.018103067150e-01 
-7.085947977322e-02 -1.985512293423e-01  7.377559305005e-01 
 1.652982961740e-01 -3.349940642235e-01  2.331123535448e-01 
 3.154518327178e-02 -8.641796308090e-02  3.284016720346e-01 
 8.955916272907e-02 -2.089152919236e-01  5.648574276054e-01 
-9.287905123545e-02 -2.247920417457e-01 -1.914238838058e-02 
-2.123217487506e-01 -8.384339859127e-01  8.724149559996e-02 
-3.777962095577e-01 -1.892521180163e-01  3.457728033668e-02 
 1.085915112457e-01  1.166819860231e-01  2.761243102123e-01 
-9.286081157389e-02 -6.960854661994e-01  3.340215741750e-01 
 1.125778982715e-01  1.044032184394e-01  1.043397247020e-01 
-1.883474257038e-01 -2.813289573373e-02  3.117453791163e-01 
 3.380040491891e-01 -4.393227625318e-02  1.519647756326e-01 
 4.226450034479e-01  1.494081492879e-01  5.349660727608e-01 
-6.303049295543e-02 -3.009121592748e-01 -5.553918003884e-01 
 1.552948166161e-01 -5.861528252954e-01 -5.283522679378e-02 
 2.497801078052e-01 -2.886039200959e-01 -6.812359348254e-02 
-6.921736223331e-02 -3.132276000915e-01  1.351572039752e-01 
 6.173526496437e-02 -1.675432251930e-02  2.947231940362e-02 
 6.376743683583e-02 -1.200365786068e-01  9.378330406821e-02 
 1.810303268464e-01 -8.209720942823e-02  1.822970871616e-01 
-3.294451898718e-02 -2.341079595575e-02 -4.642608998095e-02 
-2.337659452278e-01 -2.173960864512e-02 -8.370759483754e-02 
-1.260446895193e-01 -4.562934191778e-02 -3.705270579725e-02 
 8.093047714545e-02 -1.407244719517e-01 -9.143555508953e-01 
-5.239879917623e-01 -9.104241039868e-03  1.525902732767e-01 
-2.431529848003e-01  2.226953516917e-01  1.867752836918e-02 
-4.311476368225e-02 -2.426641202562e-02  2.203951111553e-01 
 1.157250304646e-01 -5.481253868972e-03 -3.304173496279e-01 
 1.520310333319e-01 -1.415614945337e-01  1.223071340796e-01 
 9.759417959764e-03  6.080588195149e-01 -2.475137234712e-01 
 3.859336096124e-01  4.469387797215e-02 -1.212134530452e-01 
 6.629093437548e-02  2.740715197075e-02 -1.495701955404e-01 
-2.069020649908e-02 -6.801865142424e-02  2.214203808043e-01 
-1.010411381792e+00  1.656819837257e+00 -1.277519668659e+00 
 7.464012154036e-02 -1.214175308275e-01  2.062577859761e-01 
-1.135850827557e-02  1.269070673302e-02  5.448494155176e-01 
 3.782018208748e-01  5.452434314694e-01  4.022876639362e-02 
 1.282065438726e-01 -3.770285511928e-01  2.084110259132e-02 
-4.370133236394e-02 -7.768646179532e-02 -2.428074972182e-02 
-6.016484709188e-02  1.517272718979e-01  1.781769019802e-03 
 6.315442583889e-03 -1.464752355628e-01  1.207899679478e-01 
 6.296064036395e-02 -1.808243152616e+00  2.601496708983e-01 
-5.137547415304e-01  8.065117046634e-01 -6.172750984368e-01 
 9.378561400591e-02 -8.642127147940e-02  6.381773902130e-03 
 8.875307441614e-02  6.124552120587e-03  2.010497344838e-01 
-4.802850350504e-02 -7.424488129191e-03 -9.164141529770e-02 
-7.374540930061e-03  1.757138144798e+00 -2.667210377443e-01 
-4.621825751142e-01  8.060194614594e-01 -6.098126732934e-01 
 1.384012340179e-01  6.825978419176e-01  7.968577721417e-02 
-2.769486761727e-02 -2.032731987376e-01 -6.036035013508e-02 
-6.709984482251e-04 -3.954846530553e-02  1.102337233042e-01 
-2.532326977792e-01 -3.050558150462e-01  2.318516703877e-02 
 1.819537383986e-01 -1.349514296010e-01  1.379621544940e-01 
 4.182316269060e-01 -8.410753321310e-01  2.152577841469e-01 
 8.574657584871e-01 -2.910611175873e-01  1.809391387986e-01 
 7.092964881007e-01 -1.762043515080e-01 -5.722168495862e-01 
 1.061293637826e+00 -2.473307753637e-01  4.106791879847e-01 
-7.494657897755e-02 -6.598965935431e-01  2.947522558012e-01 
-1.516233143939e-01  1.151035249342e-01 -2.169458697575e-01 
 2.055694638651e+00 -5.678482658590e-01  3.832617075190e-01 
 7.192993955369e-01 -6.776662585590e-01 -1.332349375689e+00 
 3.504767666537e-01  1.894334905276e-01  5.145077606052e-01 
-2.600053226037e-01 -7.990418949500e-01  2.732678015429e-01 
 5.625907315556e-02 -3.802362736476e-01  1.430524409430e-01 
 5.597343190839e-01  2.740706012582e+00  5.609809833466e-01 
-3.384518254740e-01 -4.349137972780e-01 -4.478621514261e-01 
 6.170036887653e-02  8.286550845790e-02  1.310157977273e-01 
-1.126342721934e+00 -1.445074625190e+00 -1.023534176953e-01 
 8.971329825256e-01 -6.128453589252e-01 -6.729251915105e-02 
-2.560991277603e-01  1.980009151169e-01 -7.671113031872e-02 
-1.946189071627e-01  7.657951044596e-02  1.978190737213e-02 
-2.639771482509e-01  2.385147434443e-02  6.504377823359e-02 
-2.953455020255e-01  1.785642112229e-01 -7.038027530945e-02 
 2.533728127625e-02 -3.393664111483e+00  1.255743822095e+00 
-8.089183900912e-01  4.205564398992e-01 -1.039932169310e+00 
-4.744719373742e-01  1.656819195990e-01 -1.174638848541e-01 
-1.480456691953e-01  1.070379490579e-01  5.103928918565e-01 
-2.037019965295e-01 -3.260719122187e-02 -1.704338059122e-01 
 1.063502520347e-01 -3.310208876976e+00  1.169848968455e+00 
 2.442810241758e-01 -1.280714500006e+00  2.814341324064e-01 
 4.680620962724e-02  1.939222771458e-01 -2.184538764189e-01 
-1.859870984312e-02 -4.040871691526e-02 -7.925350250699e-02 
-4.262887577741e-02  1.136963852611e-01 -9.388452130058e-02 
-7.795373165235e-03 -1.379508890361e-01  5.473001992893e-02 
 4.484362132012e-02 -6.272208297685e-03  1.791999414123e-01 
 1.014574233705e+00  1.480535182027e+00 -6.877212325765e-02 
 1.150431267745e+00  3.712634572370e-01  2.403910389236e-02 
 3.282459197485e-01 -6.070143745065e-02  3.226968910664e-01 
-2.064117644961e-01 -6.167784141941e-01 -1.163325519100e-01 
-1.226014930258e+00 -2.301750800891e-01  5.670964806969e-02 
-8.145996855343e-02  4.482570431125e-02 -1.555277245166e-02 
-8.475324664289e-01  3.654410489965e-01 -2.370826302326e-01 
-2.515104927857e-01  4.318091153303e-01 -3.656383310425e+00 
 1.289302113140e+00 -1.797144397354e-02  1.444874210395e+00 
 3.322888387868e-01 -5.182799208028e-02  1.849084061233e-01 
 1.795004102185e-02 -5.303984746908e-02 -3.385627618974e-02 
orbocc
(*)
 0.000000000000e+00  0.000000000000e+00  0.000000000000e+00 
 0.000000000000e+00  0.000000000000e+00  0.000000000000e+00 
 0.000000000000e+00  0.000000000000e+00  0.000000000000e+00 
 0.000000000000e+00  0.000000000000e+00  0.000000000000e+00 
 0.000000000000e+00  0.000000000000e+00  0.000000000000e+00 
 0.000000000000e+00  0.000000000000e+00  0.000000000000e+00 
 0.000000000000e+00  0.000000000000e+00  0.000000000000e+00 
 0.000000000000e+00  0.000000000000e+00  0.000000000000e+00 
 0.000000000000e+00  0.000000000000e+00  0.000000000000e+00 
 0.000000000000e+00  0.000000000000e+00  0.000000000000e+00 
 0.000000000000e+00  0.000000000000e+00  0.000000000000e+00 
 0.000000000000e+00  0.000000000000e+00  0.000000000000e+00 
 0.000000000000e+00  0.000000000000e+00  0.000000000000e+00 
 0.000000000000e+00  0.000000000000e+00  0.000000000000e+00 
 0.000000000000e+00  0.000000000000e+00  0.000000000000e+00 
 0.000000000000e+00  0.000000000000e+00  0.000000000000e+00 