2mocoef
header
1
MO-coefficients from MOLCAS
1
48   48
a
mocoef
(*)
-1.126893896212e-04  1.049215747567e-04  8.016551054342e-04 
 3.365225436581e-04 -5.615964184538e-04  5.578911533434e-04 
-1.646450823549e-04  9.451446454350e-05  5.462891169389e-04 
-5.388772186936e-05  4.523504114053e-05  1.238582110788e-04 
-9.118202758709e-05 -2.168978042647e-05  1.000636789199e+00 
 3.051962903484e-03 -3.363799642324e-03 -4.332200481835e-04 
 8.496833876293e-04 -1.263293892577e-04  2.731193169664e-04 
-3.516437228415e-04  5.864222424163e-04  7.537689735204e-05 
-4.614153408135e-05 -3.592359656445e-04 -2.102954195266e-05 
-4.082862558388e-04 -4.744699928733e-04  2.946179455824e-04 
 3.389916876683e-05 -2.460132682436e-05 -8.784754185256e-05 
 4.767960264789e-05  3.937629435235e-04 -1.483789794405e-04 
-2.133778380144e-04  1.646887611846e-04 -1.010877131217e-03 
 1.109860647551e-03  1.799556911567e-05  7.544957052170e-04 
 4.478886489321e-05  7.933999726542e-04 -2.317195651115e-04 
-6.593658668324e-05  1.348140814764e-04  1.182185455699e-04 
 1.001308768147e+00  7.203900729537e-03 -6.072578602918e-03 
-1.082829781809e-03 -1.063446748829e-03  8.004222787967e-04 
 7.924522653177e-04  6.095190120192e-04 -1.161482649730e-03 
-8.517006837860e-04 -1.580703815735e-03 -4.091659112927e-04 
 1.156412888507e-03 -5.312212628359e-04 -7.042758155296e-05 
-1.790808282739e-04  7.152599758567e-04  1.032110681862e-04 
-9.033839133830e-05 -1.842265094314e-04 -1.190742708756e-04 
 4.259334806345e-05 -4.018814874136e-04  1.224715177896e-05 
-1.144422360086e-05  4.680448426519e-06  3.914394249108e-05 
-2.170167901371e-05 -2.864895630672e-03  2.462959705577e-03 
-5.017366079209e-04  2.076957208350e-04 -6.849487039926e-04 
-1.014263728779e-04  1.635358612405e-05  8.852692852688e-06 
 3.482130423386e-06  6.322164479601e-05 -2.692066202571e-04 
 4.464885419099e-04  4.137086401373e-05 -3.587380663712e-05 
-7.143184771577e-05 -2.440208422439e-03  2.579214305235e-03 
 2.482085563140e-04 -1.039695452239e-03  2.697209381055e-04 
-7.851380472888e-03  1.877072684986e-01 -3.250544875691e-02 
 6.678243157984e-03 -3.206826986185e-02  5.857013954974e-02 
-1.729668847400e-03  1.145659757583e-02 -1.548953595386e-02 
 3.304796420113e-04  1.900532292048e-03  9.096335758015e-03 
-2.563133458073e-03 -1.164827558145e-03 -6.822971634285e-03 
 8.440601497145e-01 -1.022257749182e-01 -2.672937185996e-02 
 9.894397574950e-02  2.435259978731e-02  8.241944460025e-04 
-5.066542483206e-02 -1.676387644069e-02  1.200414413880e-03 
-7.996942360693e-04  2.737265134274e-03 -2.825712101730e-03 
-7.412158361514e-03  4.470887358984e-02 -2.519014568445e-02 
 2.018630417923e-03 -2.821405724579e-03  5.650862473074e-03 
 1.946698136451e-01 -9.206660462908e-02  7.833826072772e-03 
 1.841105855148e-02 -1.241681250985e-02  3.888911968957e-01 
-1.915924985713e-01 -2.696254823535e-03 -3.810024161458e-02 
-2.784437138661e-03  1.308503958301e-01 -6.962104962075e-02 
-3.685396679081e-03  8.801981674283e-03 -4.786904465821e-03 
 1.525001452030e-02 -7.440602577770e-01  1.308035518619e-01 
 1.741011524380e-01 -1.454977907896e-01  2.119943313952e-01 
-4.564425092841e-02  4.588971017367e-02 -7.202628076395e-02 
 3.911960531512e-03  4.035692264368e-03  2.051814849544e-04 
-7.498452966727e-03 -2.389215362088e-03 -2.988169949086e-04 
 1.870500971443e-01 -3.812925480194e-03 -1.355571648138e-02 
-1.157523632841e-02  5.016261029532e-02  1.203605121472e-03 
-1.245863290188e-02 -1.501481625408e-02  7.901417544910e-04 
-3.012000687424e-04 -3.840769220483e-03 -1.468223552870e-03 
-1.035623170220e-03 -6.169214383329e-01  2.745057558885e-01 
-2.095054942992e-02  2.203890463814e-02 -2.930910792604e-02 
 7.726112090465e-02 -3.692119324122e-02  2.505686540707e-03 
 5.679507683139e-03 -4.164721775798e-03  6.684496103703e-02 
-3.097583688344e-02 -5.551862399515e-04 -7.053010057466e-03 
-5.424950532296e-04 -1.385933378516e-01  8.646989704906e-02 
 8.893044479543e-03 -1.589784462232e-02  1.116910542488e-02 
 2.236923442002e-03  3.009169133203e-02 -2.493165156192e-02 
-4.189849586574e-02  1.232754224778e-02 -6.837683058465e-02 
 9.599269230917e-03 -6.560045432740e-03  9.491134637710e-03 
 5.144554543413e-04 -6.975996445565e-03 -4.729855173851e-03 
 1.511632707262e-03  1.754478809101e-03  1.167104946245e-03 
 9.734352472333e-02  5.436389108473e-02 -1.640536968613e-01 
-6.419050667921e-01  2.185092413397e-01  1.350126610086e-02 
 8.531358128223e-02 -1.479482246128e-02  5.667257712552e-03 
-7.424087957638e-03  5.624270638677e-03 -5.057758115404e-03 
 8.727994464205e-03  8.044796392541e-02 -3.228589137960e-02 
 1.729287429650e-03 -2.467614807554e-03  2.061314042942e-03 
 5.123276776466e-01 -1.871370372869e-01  1.492510809044e-02 
 2.122538434520e-02 -2.641554283029e-02 -5.093801766318e-01 
 2.179019304184e-01 -1.006064901050e-03  2.979570375344e-02 
 1.039934354313e-02 -1.319610023376e-02  1.473907745569e-02 
-1.590516407259e-03  8.179453724664e-05  2.320301512882e-03 
 7.646569755549e-03  1.802815887031e-01 -2.637544832885e-02 
 1.802596184073e-01 -3.360303438784e-01 -1.195020494091e-01 
-2.265987757577e-02  5.836994001917e-02 -4.159518721363e-04 
-4.252323848219e-03 -7.420292727071e-03 -3.117568916985e-02 
 1.024104452419e-02 -8.970514497397e-03  2.629678343692e-03 
-2.198589759648e-01 -1.134782148780e-01 -1.935310461346e-01 
 2.898414895696e-01  6.486330792484e-01 -7.147078986244e-03 
-1.704115468420e-02  3.766318112031e-02  1.047203937038e-04 
 3.636437910486e-03 -1.387980472193e-02 -4.472682294954e-03 
-6.584221870367e-03 -5.591757531710e-02  1.986503193237e-02 
 2.442214189360e-03 -5.356263374282e-03 -7.833675773420e-03 
 1.905375823307e-01 -5.808183315099e-02  1.894956017413e-03 
 1.452152570585e-02 -1.812131321442e-04  2.585653227437e-01 
-8.853748775059e-02 -5.449872247424e-03 -1.175632655453e-02 
 1.175773382571e-02  3.466191564996e-01 -1.290374589688e-01 
-2.378424354604e-03  8.428198373107e-03 -1.639786348553e-02 
-1.318644682060e-03 -1.537747525373e-01 -6.498751297527e-02 
-5.453288351582e-01 -3.882542552689e-01 -1.462729842868e-01 
-1.005186549374e-02 -1.005843357555e-02  5.709845437314e-03 
 2.893532342809e-03 -8.975494799282e-03 -2.431099458884e-03 
 5.294183644280e-03 -4.079488513500e-04  4.095405993835e-03 
 1.135636052994e-01  1.749433288656e-02  6.526108429853e-01 
-6.919154198067e-02  1.560633192159e-01  3.555850250693e-02 
-2.442693287938e-02  1.160541782339e-02  2.158219431710e-03 
 8.490188310991e-03 -3.718617509419e-03  5.333565269243e-03 
-2.158001585101e-03  1.241138207126e-01 -4.049528783438e-02 
-1.177629647826e-02 -1.426499550358e-02  8.429795520641e-04 
-1.116081870773e-01  1.598477834521e-02  1.045287072218e-02 
-6.114601122867e-03  6.294715180590e-03  2.845766674969e-02 
-1.211341706856e-02  1.728010399219e-02 -3.286327952653e-03 
 6.519710120847e-03  7.069600736048e-02  4.915050429561e-03 
-1.735590580221e-02 -7.386660493374e-03  1.048071553752e-04 
-5.175365661319e-03  2.894719493068e-01 -6.678366613166e-02 
 2.372551292318e-01 -4.202500314244e-01  3.503980058606e-01 
-6.674366025892e-02  1.135859403997e-01 -1.065417463898e-01 
 2.828742896867e-03 -6.213257034251e-03  3.163921863174e-03 
-6.005006732420e-03 -9.552884984341e-03 -3.900365100701e-03 
-1.204413341805e-01  4.866083761819e-02  8.125464453963e-02 
-1.498501192674e-01 -2.354919065339e-01 -6.459059421535e-04 
 2.150550950879e-02  4.422484987918e-04 -1.406259625367e-03 
 6.051388778598e-03  1.059800863817e-02 -3.104302140863e-03 
 2.544630926327e-03 -3.318831122239e-01  1.206639295035e-01 
-7.352899187261e-03  3.629809788453e-03 -5.941721221643e-03 
-1.047001324849e-01  4.030395188780e-02 -2.495571654067e-03 
-8.344902087656e-03  3.825274820216e-03 -1.948901325621e-01 
 8.650078009985e-02  1.964956759011e-03  1.486826787405e-02 
-8.997468961877e-04  6.165985871202e-01 -2.653278624565e-01 
-1.167936614672e-02  3.059806497671e-02 -8.745972661401e-03 
 6.098748596914e-03  1.377544087643e-01  1.789372356495e-02 
 5.318626365766e-01  3.675276341983e-01  6.266004563906e-03 
 1.602724140864e-02  3.374187911888e-04  6.539945066432e-03 
-2.903731652626e-03  2.946635737204e-03 -1.244432587302e-04 
 1.435390347782e-02 -1.365862789643e-03  3.323940208627e-03 
 3.502453415664e-02 -1.580772681234e-02  5.911607620017e-01 
-1.062575642227e-01  2.339798771721e-01  2.848340579138e-02 
 7.722674009758e-03  1.784458841097e-02  3.644089378083e-03 
-3.581995686337e-03 -5.146098890547e-04 -9.039323196992e-03 
 1.128234065543e-03 -2.356959175577e-02  7.475682811514e-03 
 1.204564747906e-02  1.188731974853e-02 -2.562304341155e-03 
 3.634538493961e-02 -4.199503173930e-03  1.083640281041e-02 
-1.041724947853e-03  3.522536283962e-03 -4.766192567808e-02 
 1.695139117376e-02  1.575701074268e-02  9.779117195679e-04 
 4.816455537926e-03 -6.572108821472e-02  2.107765712391e-02 
 1.829250424190e-02  6.463567734825e-03  4.005842700407e-03 
-5.862065199422e-03  1.509681714134e-01  2.013850865672e-01 
-2.802541615630e-01  1.797570111306e-01  5.474675352637e-01 
-1.258684887203e-01  8.975840412625e-02  2.159948822382e-01 
-1.047233254576e-03 -9.523321519576e-04 -9.959194455786e-03 
-2.151254110187e-03 -2.822002708770e-04  1.512363302972e-02 
-3.264269903598e-01 -5.521331633734e-01  1.124724592325e-01 
 1.055606159880e-01  1.908249846129e-01  5.930488286072e-02 
 4.567386561587e-02  6.415833794884e-02  3.397292854775e-03 
-3.913081529688e-03  1.841159516994e-02 -3.661936023935e-03 
-8.104413722460e-04 -9.320019556963e-02 -4.737877028042e-02 
-1.468757155704e-02  1.059954626096e-02  1.752060913151e-02 
 3.016841100838e-01  3.443410630522e-01  3.471576956749e-03 
 4.601762732626e-03  9.997203926238e-03  7.273689061252e-02 
 1.958200260114e-01  4.243248814342e-03 -2.188986382744e-03 
 1.730425390969e-03  4.409984790394e-02 -1.288085870075e-01 
-8.118569637443e-03  3.204074120153e-03  8.746628427238e-03 
-2.083166751060e-02  2.433504627950e-01  8.494332680015e-01 
-1.078088756834e-01  5.129908036211e-02  2.742974837494e-01 
-2.956926740166e-02 -1.011328823228e-01  2.610057834817e-01 
-8.638104063970e-03 -1.302514778259e-02 -4.312624242240e-04 
-8.182424461095e-04 -2.929411138529e-03 -2.301280428722e-02 
 1.239582379677e-01  5.533309943445e-01 -9.719281459820e-02 
-6.296607751582e-02  3.988955614232e-01 -8.667841387329e-02 
-5.298766309900e-02  3.289854357664e-01 -9.288029869490e-04 
 5.769347704625e-03  1.649387362118e-02 -2.534549068826e-03 
 5.318594614087e-03 -8.119808980597e-02 -2.922186010522e-01 
-9.905261785499e-03  7.179024614523e-03  1.663969840850e-03 
-2.289464006586e-01 -7.604490946397e-01  1.506063987324e-04 
 1.147304867914e-02  1.124609120233e-02 -1.856720822705e-01 
-2.897564891007e-01 -1.555324659000e-03  1.891348363719e-04 
 1.117127356405e-02 -3.741210629547e-02 -7.342853615435e-01 
-2.837086201601e-04 -2.395167813565e-03  7.813548163313e-03 
-3.013038351188e-02  2.062134248034e-01  1.216106524111e+00 
-4.711705585702e-03 -1.168267212603e-01 -1.873068044241e-01 
-4.386278317995e-02 -1.355589632412e-01 -2.493225146107e-01 
 1.670433959739e-03  6.091103941149e-03  1.246506730310e-02 
 4.898832716215e-03  1.460647016555e-03 -4.803055494808e-03 
 1.494120893698e-02  1.906791055945e-01  1.302183685186e-01 
 2.278058547533e-01 -2.135713795476e-01  1.281747150007e-01 
 3.005963351118e-01 -1.963425385582e-01  7.721575996864e-03 
-8.504831862287e-03 -3.933199667862e-04 -5.240474280062e-04 
-9.282884028468e-03 -1.443434358986e-01 -9.535707292479e-01 
-2.479641271419e-03 -6.599565893369e-03 -1.546952528532e-02 
 2.449458806609e-01  6.787401815318e-01 -2.777007927114e-03 
-6.183977037025e-04  4.370613126158e-03 -3.945605047296e-02 
-7.202020468210e-01  7.363777625121e-03  1.163132417591e-02 
-4.555579651063e-03 -2.425678056360e-01 -7.674248521004e-01 
 6.740211627091e-04 -6.432292693758e-03 -4.796572937593e-03 
 2.798057720533e-02 -6.943114139238e-02 -8.646433961726e-01 
-4.555342083768e-02  2.265459171799e-01  1.489572009326e-01 
-1.505228991228e-01  3.821270362508e-01  1.888358928121e-02 
-8.146944086831e-03 -3.002612946075e-03 -5.924582641648e-03 
 3.112870146789e-03  4.188722133886e-03 -2.179067179790e-02 
 4.270709880723e-02  5.730550966791e-01 -2.691152443906e-02 
 3.582065185274e-01  1.155293305202e-01  2.127063931026e-02 
 4.663597903924e-01  7.109028669943e-02 -5.178174793734e-03 
 5.353971966426e-03 -4.904546907649e-03 -2.362076546921e-03 
-1.413180239145e-02  1.572991636706e-01  1.098051949751e-01 
-3.609636550472e-04  7.832169040012e-03  5.315504850080e-03 
-1.782803223230e-02  3.043566933157e-01  2.064109933557e-03 
 8.628590873058e-04 -1.471237602514e-03 -1.096828700368e-01 
-1.489185335616e+00 -3.251430524218e-03  2.007017397157e-02 
 3.843292785487e-03  1.779640819414e-01  1.183453933705e+00 
 3.452234895997e-04  1.000417882129e-02  2.360721283353e-03 
 1.118726668706e-03  8.304344485950e-02  2.532265644596e-01 
-1.911440176542e-01  2.852497715170e-01 -2.349986649530e-01 
-5.798687300725e-01  8.957845205412e-01 -8.102281648886e-01 
-1.705990292781e-03  1.847075219200e-03 -4.996429834626e-03 
 5.925190477294e-03  1.065551271871e-02 -4.962020160553e-04 
-3.020314120264e-02 -5.861153861915e-02 -6.385912636731e-02 
-9.569157266880e-02  4.213732076713e-02 -1.592169899629e-02 
-1.212430022385e-01 -2.018887467932e-02 -3.346598777644e-03 
 3.612401073765e-03 -4.792904612284e-03  5.118436021116e-03 
-1.935141279966e-03 -1.956441710520e-02 -2.235762858448e+00 
-2.221119963993e-03  1.053837241227e-02 -3.502622974079e-03 
-1.214007354858e-01 -2.218597574746e-01  5.996845613360e-03 
-4.651160731419e-03 -1.047785176515e-02  7.550982664104e-02 
 3.324881581676e-01 -4.562470262872e-03  1.196271112550e-03 
 4.171275756477e-03 -1.866957005454e-02  1.789084466240e+00 
-7.584072386826e-03  2.051427159749e-03 -6.650206353462e-03 
-1.163677671803e-01 -3.165687230221e-01  4.356803051071e-01 
 1.529740472542e-02  1.894199536160e-01  3.246841232615e-01 
-1.856232442985e-01 -2.471584417315e-01 -4.873322995850e-01 
 1.172548022112e-01  1.648540708930e-01 -1.695244930654e-02 
-1.032572149155e-01  6.720812906692e-02 -8.176428802515e-03 
-7.690766038013e-03  8.533325367727e-02  9.293245316511e-02 
-6.473395776087e-02  1.854606670030e-01 -7.823388466387e-02 
 3.426661261927e-01 -4.319032475209e-02 -1.759672293055e-03 
-5.768722802427e-03  2.580223759744e-02  2.491291153237e-02 
 2.336931834636e-02 -1.100138847710e+00  8.806232392979e-01 
 3.691917534315e-02 -4.603993191330e-02  7.269600961076e-02 
-2.265088701772e-01  2.193379238290e-01  2.513041039138e-02 
 3.070727631376e-02 -1.117612520712e-02 -5.016294690973e-01 
 2.128058563035e-01  9.264457012522e-03 -1.605717231593e-02 
 8.610119623153e-03 -1.065693073340e+00  1.187215834869e+00 
-3.497418783140e-02  7.485959645789e-02 -5.606277532837e-02 
 3.170176390045e-02  1.423940518735e-01  4.682266073032e-02 
 4.184961248353e-01  2.178761146973e-01 -1.638561757191e-01 
-3.121862506792e-01 -5.026413581113e-01  3.769004433458e-01 
-2.365493100097e-02 -7.756247176886e-02  9.929364274466e-03 
 1.179934832896e-02 -2.127898777834e-03  3.183535096350e-02 
 2.776918502858e-01 -4.110643833541e-01 -7.783953361611e-02 
-1.096960488122e-01  8.561265588632e-02  3.699618877451e-02 
 1.606330543420e-01  7.970269610923e-02 -5.172021165773e-02 
 8.269993381389e-02  4.980410730355e-03  4.065376706785e-02 
 6.702291742077e-02  2.862871795505e-01 -6.840701132101e-02 
 9.234458296457e-03  2.448008997024e-02 -2.335068625034e-02 
-1.827418941560e+00  1.980812396460e+00  1.776516591715e-02 
 7.801786685997e-02 -3.352651457160e-02 -5.757657652839e-01 
 4.473054051444e-01 -3.933837376269e-02 -6.184154697086e-02 
 7.148978682169e-02  1.132091078426e-01 -6.167260209720e-01 
 2.439544347785e-02 -1.085036346701e-02  4.160193767773e-02 
-3.415715715615e-02 -1.983598636319e-01  3.801140173265e-02 
-1.102834143959e+00 -6.555620914403e-01  1.548891050739e-03 
 1.389975511191e+00  7.584207117342e-01  5.373093616070e-02 
 8.100665052546e-03  2.451835208022e-02  1.835602351178e-02 
-2.262996108619e-02  1.312494639933e-02  1.491419657928e-02 
 1.683935486529e-01 -1.094511836195e-01 -1.959036926075e-01 
 3.498548600999e-02 -3.245725161514e-02  9.834950183158e-02 
 1.975246615347e-01  8.455342899484e-02 -1.963183259743e-02 
 5.314077153773e-03  3.444676858312e-02 -2.564249260882e-03 
 7.191629233784e-02  8.462381553151e-02  7.237189154959e-02 
-2.809286291871e-02 -4.010092352348e-02  2.350656427329e-02 
-4.232543688477e-01  5.272797382683e-01 -9.223871826087e-03 
 6.911456551745e-02  2.194052652732e-02 -8.220764896620e-01 
 5.337608091418e-01 -1.215795361813e-02 -8.006294988608e-02 
-1.972417437419e-02  8.768030144248e-03  5.988004420471e-02 
-3.855106411566e-02  5.413262158460e-03 -1.743901911113e-02 
 8.691253895972e-02  3.244754043564e-01 -3.453989255816e-01 
-5.355063624719e-01  7.052390205725e-01  1.015066688431e+00 
 9.114206211172e-01 -1.292409751396e+00 -1.156689926388e+00 
-3.471019852831e-02 -8.132499179609e-02  7.564913865713e-02 
 5.043392445928e-02  5.385953030300e-03 -4.987445589149e-02 
-2.396592718975e-01  4.629066450435e-01 -1.773577205908e-01 
-7.853682923369e-02  6.222386050946e-02  1.867524314664e-01 
-1.371352116043e-02 -4.215870688099e-01 -5.592543178591e-03 
 5.105922824207e-02  2.548124769503e-02 -2.966490625666e-02 
-4.142084601096e-02  4.953831941878e-01 -1.497012373612e-01 
-3.757623790459e-02  2.695933983271e-02 -2.789289383410e-02 
-1.328337235545e-01  2.691559325280e-01 -8.594538511017e-03 
 1.311244004533e-02 -5.792118030165e-03  3.263110497382e-01 
-3.232446313164e-02 -2.048329777207e-02  6.525714183626e-02 
 1.119282277114e-01 -9.166806109673e-02 -5.877557665990e-01 
-5.488797730417e-03  8.049433566754e-03  1.332670030126e-01 
 8.066133793732e-02  4.132214121259e-01 -6.299200192712e-01 
-8.816105073985e-02 -5.693586150651e-01  2.043418626163e-01 
-2.287158511978e-01  1.449299833774e+00 -9.776285616507e-01 
 8.745869837876e-02 -2.548776383953e-02 -5.762835234676e-02 
-1.002107792109e-01  6.063960836786e-03  1.103396301477e-02 
 6.572496130133e-03  8.335561366793e-03 -9.644043376629e-03 
-2.298984175701e-01  4.789743307789e-01  1.890888413103e-02 
-2.806284962772e-01 -7.525989197371e-01 -2.225923577776e-02 
 5.992362865401e-02 -5.988848613953e-02  4.786737796604e-02 
-9.825068642608e-02 -5.066528302327e-01 -2.886963802366e-01 
 4.646298556860e-02  4.484476059578e-03  8.353814218001e-03 
-7.704498564565e-01  9.304617200702e-01  8.137389647719e-02 
-3.624201659660e-02 -1.215992494703e-01  1.362428672699e+00 
-1.189543748566e+00 -1.440522359485e-02  1.147875075588e-01 
 4.475053200815e-02  2.632727405566e-01  5.534435578679e-01 
-1.075380969248e-01  7.490454983094e-02  9.096698230701e-03 
-8.236627469619e-02 -5.305123000360e-01  9.444196577000e-01 
 2.964630428338e-01 -2.024224943367e-01  7.742965912975e-01 
-1.136084975980e+00  1.432946392802e+00 -2.417342653231e+00 
-1.242742637424e-01 -9.275978935512e-02  5.901229949755e-02 
 7.636678978543e-03 -1.553081740235e-01 -5.152224846142e-03 
 1.251015354599e-01  3.026739211580e-01  3.820081475452e-01 
 1.127604822883e-01  6.779427320888e-02 -2.906054455242e-01 
-3.777724152348e-02 -4.469835370567e-01 -7.468333463683e-03 
-3.466802211305e-02  7.654162573226e-02  4.719127551998e-03 
 5.356395691207e-02 -3.657872296737e-01 -1.816274015416e+00 
-3.398295663497e-02  1.444360501989e-01 -1.116610514803e-01 
 1.852028116568e-01 -1.722740719451e-01  4.025159007900e-04 
 2.901243081056e-02  6.104530390150e-02 -7.850517023270e-01 
 8.655122282014e-01  1.132707373209e-02 -1.072278346176e-01 
-2.992684779307e-02  9.344751904864e-01  3.858943282840e-01 
-3.931515068316e-02 -6.913339168981e-02  1.700912840987e-03 
-1.355848666414e-01 -6.170131932342e-01  1.015455818142e+00 
-5.384295774571e-01  5.865723565599e-01 -4.176387510202e-01 
 1.009600069253e+00 -1.114973394071e+00  8.985307811892e-01 
-4.477529414174e-02 -9.898353168079e-02 -1.361012497842e-01 
-1.288484639085e-01 -1.278485829364e-01  1.619710915191e-02 
 8.027372650191e-02 -1.256904142432e-01  8.392242600038e-01 
-9.004549434085e-02  1.392739333726e-01 -1.076448822013e+00 
-2.889818083956e-02 -7.431534311633e-02  6.261315196377e-03 
 2.176435835462e-02 -3.735006093213e-02  6.736813390690e-03 
-1.419803679943e-02 -5.260232332353e-01  1.215514283935e+00 
 8.020658458027e-02 -2.013431408748e-02  1.046136932296e-01 
-1.896922146125e-01  1.453410813142e-01 -6.543035355100e-02 
-1.572341879396e-02  1.431969813938e-02  2.257193814581e-01 
-1.841378486299e-01  4.951966465991e-02  1.171661936211e-02 
 3.080621231635e-02  5.347366422792e-01 -1.625637079701e+00 
 2.151815550013e-02 -2.191629088530e-01  6.813255535623e-02 
 1.411458687210e-01  6.876639047629e-01 -1.004586513414e+00 
-6.139677196045e-02  1.967699059330e-01 -1.045181887846e-01 
 7.541751234886e-02 -1.394948729166e-01 -7.173822756231e-02 
 1.677766329505e-01 -5.001349280226e-02  4.555447818261e-02 
-1.420953176118e-01 -3.297050571841e-02 -2.726609588574e-02 
-1.066081268490e-01 -1.755316450772e-01 -2.423156673404e-01 
 1.022557301452e+00 -2.057223744131e-02  2.159653750535e-01 
-1.857036213804e+00  1.594758027178e-02 -6.938367102563e-03 
 9.429853912666e-04  6.042716923647e-02  8.016287544902e-03 
 7.066467808193e-02 -4.201699975171e-01  6.068875394481e-01 
 1.481794467932e-01 -5.171123440056e-02  5.224060700956e-02 
-7.157996234499e-02 -4.723071794679e-01 -2.393890329052e-02 
-1.364192457581e-01  7.140970002479e-02  8.676384545723e-02 
 9.517827047694e-01 -3.855295994436e-02 -3.044584510811e-01 
 2.774440008909e-02  2.390138616947e-01 -3.092032128590e-01 
-1.038157760237e-01  2.123013559172e-02  1.196677433520e-01 
 1.650757162495e-01  7.493186485588e-01 -1.390514738530e+00 
 1.059774469486e-01 -3.996813956053e-01  1.328093782508e-01 
 1.950513236204e-01  3.025409123078e-01  1.563320022417e-01 
 2.839053290482e-02 -3.433631914144e-02  1.029957406056e-01 
 6.602426914466e-03  2.499809658530e-01 -3.900304527978e-02 
-1.840808294829e-01  1.319542033752e-01  9.639647740497e-01 
 2.575979619916e-01  1.351124166670e-01 -1.317965049060e+00 
-4.720345339785e-01 -3.109751832994e-02  4.691919037369e-03 
 2.626682802447e-02  1.313219131657e-02 -4.028375175174e-02 
 3.884516728949e-02  8.653553071358e-01 -4.235573352435e-01 
-4.475311553307e-02  6.413417689608e-03 -5.670001457153e-02 
-3.760785024459e-02 -3.957060603374e-01 -1.244835854302e-01 
-6.920499805232e-02  2.170849584531e-02 -3.701128116846e-02 
 3.259814532417e-01  9.714199692984e-03 -7.729836067046e-02 
 7.886540213964e-02 -8.273016020912e-01  1.208661082168e+00 
-3.006794054827e-02  2.038463994495e-01 -2.600074370217e-02 
 6.571363751962e-01  2.983981369818e+00 -5.109750086173e+00 
-7.705542106195e-02  1.108596199795e-01  8.705225938267e-02 
 4.940677987315e-02  2.166256939419e-01 -2.391884094093e-01 
 2.688817888545e-02  2.445158183406e-01  1.210207627598e-01 
-2.108605907261e-01 -1.013547622410e-01  1.993189401926e-02 
 1.803463486672e-01  2.047850624627e-01  1.459017999929e-01 
-3.202317884950e-01 -3.418177048109e-01 -1.274914473138e-01 
 7.044844461319e-01  1.262594213823e-01 -1.336749064430e-02 
-2.189661544985e-02  4.804613260891e-02 -9.899738229736e-03 
-1.273635327144e-02 -6.386197730085e-02  1.064412586435e+00 
 1.955329612262e-01 -6.675106532163e-02  1.835385104605e-01 
 1.908741349562e-01 -9.601836281705e-02  9.167408159265e-03 
 3.938080238510e-02  2.849077483840e-02 -3.802216835377e-01 
 6.972652874786e-02 -2.410903541887e-02  7.098256845408e-02 
 2.191815113577e-02  5.742955709692e-01  9.174781922725e-01 
-5.342601889980e-02  1.430795799427e-01 -1.363246631867e-01 
 1.914527845862e-01  7.756032072387e-01 -1.528361602700e+00 
-3.368346862060e-02  2.005987165080e-01 -6.270930434182e-02 
 2.019759194691e-01 -5.015742622894e-01 -1.897527949937e-01 
-1.020018200793e-01  1.772431273763e-01 -9.549650166782e-02 
 1.432081760095e-01 -1.230049905727e-02  1.946750218203e-01 
 9.227641242637e-01 -1.424220432368e+00 -1.054187483435e-01 
 1.057756844836e-01  1.077797719608e+00  2.931421686206e-01 
 4.924175231649e-03 -1.861681820415e+00  2.625049173712e-02 
-7.260671292243e-02 -4.625900352067e-02 -1.506593908474e-02 
 9.032772587792e-02  1.750524894459e-01  2.479013136898e-01 
-1.377095277866e-02 -9.205050301526e-02  2.777390206848e-02 
 3.768507787457e-01  3.291159286667e-01  4.029091387317e-03 
 7.154624406327e-02 -2.598663939263e-01 -3.633325577329e-01 
 8.442217893789e-01  5.968499449010e-02 -1.756353215150e-01 
-1.039663257575e-01  1.725084118212e-01 -3.105842287290e-01 
 9.659969072112e-02 -4.755775202425e-03 -5.201723582788e-02 
 1.921735211677e-03  7.846483899495e-02  1.849189553072e-01 
-7.696391134384e-02  3.455775581509e-02  3.452328820888e-01 
 1.105040100078e-01 -6.519459063929e-02 -2.985575045809e-01 
-3.082858845711e-01  7.046441368598e-02 -2.959670094884e-01 
-1.191114700091e-01  1.654518789963e-01  1.793843092931e-01 
 8.758251739898e-01 -1.206185003943e+00  6.200334056682e-03 
 2.501485841871e-01 -4.624321072930e-01 -5.523235259933e-02 
-8.181971627979e-01  5.255587283023e-01 -1.932483868809e-02 
-4.479880916747e-02 -2.937855453899e-02  1.038189107324e-01 
-1.832607252754e-02  6.050479860787e-02 -1.171317350735e-01 
-1.871319458075e-01  1.075373587656e-01  2.016975128966e-01 
-2.770460445466e-01  6.247749584066e-02  1.323149559855e-01 
-1.994948304523e-01 -4.838716362975e-02  4.023866283513e-01 
 2.796739281763e-01 -4.817168880422e-02 -1.462008629756e-01 
 3.529429142640e-02 -8.140581618135e-02 -1.319294985909e-01 
 1.672600637371e-01  8.460062898082e-03 -2.097490473807e-01 
-8.591536142777e-03 -8.936951356259e-02  3.319044446004e-02 
-5.785491414703e-02  1.326765086790e-02 -1.899022437577e-01 
-1.885405381448e-01  3.376911424314e-01 -3.250336312963e-01 
-3.302541380960e-01  1.218442222632e-01  2.029928361009e-01 
-1.150933445211e-01  2.104546649347e-01 -2.459036531412e-01 
-1.132543844929e+00  1.604048252012e+00  9.961719186602e-02 
 8.010367843379e-02  2.727076748933e-01 -6.213529479308e-02 
-6.397569903034e-02 -2.950747949045e-01 -1.723604840799e-01 
-6.759287625910e-02  7.610757021792e-02  4.591049528579e-02 
-5.342113117586e-02 -5.270304011134e-01  6.439802803366e-02 
-1.232333116783e-02 -1.840454513780e-01 -1.781080925881e-02 
-1.014286986668e-01 -4.779599860809e-02  2.797812079227e-01 
-4.220069446314e-02  2.099061578002e-01 -1.056097549195e-01 
-1.474219389338e-01 -2.926104285647e-01  9.890288306656e-02 
-1.142854719635e-01  6.083039606031e-01 -2.645187518822e-01 
 2.309278879650e-01  9.126502070359e-02  1.845340018604e-01 
 1.396575893926e-02  1.972411541083e-02 -1.397479169217e-01 
 3.423034415361e-02 -1.146521450034e-01 -1.002916484940e-01 
-2.539630415739e-01  3.289546872176e-01 -3.365164602248e-01 
-3.268532396718e-01 -3.106638103367e-02  4.777099182711e-02 
-3.273568927703e-01  1.451194769760e-01 -3.079248857232e-01 
-1.386985418600e+00  2.021764194907e+00 -3.074143736646e-01 
 7.082749149918e-02  8.772410208531e-02  3.466490729599e-01 
 1.287965009556e-01 -1.623662666565e-01  1.825246438629e-01 
 8.862994454980e-02 -4.043087719260e-02  6.313568396398e-02 
 7.072654044273e-02 -2.458873079445e-01 -8.636455428295e-02 
 2.209588471006e-02  3.489490982526e-02  5.582399148984e-02 
-2.443158343841e-02 -9.207702325235e-02 -3.481085250851e-01 
 6.478379026239e-04 -1.394634407047e-01 -2.896264206904e-01 
-1.762040947746e-01  4.223562692901e-01  7.520517177132e-02 
 1.840157773020e-01  2.225949916786e-01  5.070814701027e-02 
 1.272563761372e-01  5.621468929469e-02  3.987415478186e-02 
-3.370407612926e-02 -1.772876404047e-01  8.586419664850e-02 
-4.012840610192e-03  4.537712398757e-02 -1.468079908462e-01 
 5.634154608056e-01 -1.057263634743e+00  1.080324009036e+00 
-1.076832303947e-01 -2.115041295733e-01  6.105222746991e-02 
-5.164442891728e-01  2.642586908020e-02  1.220528799893e-01 
 4.680314061100e-01 -9.962299423006e-01 -1.357039974899e-01 
-4.136695276924e-02  3.732129326548e-01  1.033111556390e-01 
 2.226757367980e-01 -3.938470858618e-01  1.217255841236e-02 
-6.351863769579e-02  1.315762065047e-01  1.312136458526e-01 
-4.241882555914e-02  1.046186823445e+00  1.504752954170e-01 
 1.497627663296e-01  2.536064410748e-01 -7.060922948441e-02 
 2.435919348587e-01  5.694400074549e-02  3.408741355715e-01 
 8.829903835752e-02  1.453568918765e-01 -1.925380628923e-02 
 1.455946429607e-01  9.805822568679e-02 -2.642358421741e-03 
-1.553657120901e-01 -8.861095265977e-01 -1.237836050827e-01 
-1.585332210093e-01 -7.839450207386e-02 -1.792068074401e-01 
 2.727525561666e-02  1.536321747410e-01 -2.270451355736e-01 
 6.987513494732e-02  9.356491352007e-03  2.850114830630e-02 
-4.949725098308e-01  6.068762876485e-01 -4.915944348127e-01 
 1.136036243420e-01 -3.288084397972e-01  7.555531729253e-02 
-1.005993606684e-01  4.464093890029e-01  4.515562195938e-01 
 2.026065529548e+00 -2.706717903296e+00 -8.322616489148e-02 
-2.305056633871e-01 -1.199990091870e-01  1.523134529819e-01 
 2.173446904409e-01 -8.423535041042e-02  4.855769317947e-02 
 6.281323289119e-02  1.261489446790e-01 -4.601358619548e-02 
-2.348864657415e-02 -6.599964733896e-01 -3.189373819310e-02 
-5.591374901279e-02 -1.790040771760e-01  3.675793150578e-02 
 3.941107677085e-01  5.292551688790e-02  5.298101185077e-03 
 2.685109806336e-01  1.467392291748e-01  2.849679552105e-01 
 1.529144407597e-01  1.840449103414e-01 -7.317539373685e-02 
 1.531227461284e-02  6.051275020551e-01  2.860590667115e-01 
 1.153871001691e-01  7.506576696832e-02  1.844740554322e-01 
 1.938590741926e-01  8.208979042576e-01 -1.316135498261e+00 
 5.655641343919e-03  1.338137120266e-01  2.488909310458e-01 
-5.869356431674e-02 -5.088442386572e-02 -7.494962519368e-01 
 2.139833998835e-01 -3.638936981342e-01 -4.434894515731e-01 
-4.401186301035e-02  2.771680111704e-01 -3.097417187463e-01 
-1.275634915098e+00  2.160394803320e+00 -2.707815100165e-03 
 3.112508640498e-02  5.786078367185e-03  1.573834731343e-01 
 2.917338114560e-01 -1.580925310780e-01 -5.503408176914e-02 
-1.434992661503e-01 -2.442659639887e-01  8.431075051677e-02 
 1.402015185244e-01 -4.281122245919e-02 -2.397969010399e-02 
 1.443076307658e-02 -3.486723029986e-02  1.674395639812e-02 
-8.791929983003e-02 -1.047494912522e-02 -1.049492308800e-01 
 8.557097032506e-02 -2.574174761014e-02 -6.074081585325e-01 
 1.214543033658e-01 -8.553621470294e-02  1.657430710582e-01 
-4.640575130636e-01  2.513585095038e-01  6.902702308834e-02 
-3.184531242828e-02  1.659403300564e-02 -4.580405173336e-03 
-7.308325777010e-02 -2.857498876848e-01  4.564035402398e-01 
 1.090818034284e-01 -1.286321470625e-01 -2.089013795482e-01 
-1.212965024316e-01 -1.661517314232e-01 -1.154985540081e-01 
-2.290841105028e-01  5.461730801629e-03 -6.485265747670e-02 
-5.211008211448e-02 -1.405525994306e-01  1.022400839696e-01 
 4.366053234107e-01 -6.451072340383e-01 -1.214241934426e-01 
 4.889456648295e-02  2.121575541296e-01  4.624161544358e-01 
-2.906169317539e-01 -4.414032675850e-01 -1.405467729498e-01 
 9.051973656808e-02 -2.544981210333e-02 -2.511904560546e-01 
 4.589970601556e-02 -1.534591419043e-01 -1.872090146534e-02 
-6.019813198367e-02  3.442958182156e-01  3.427211445460e-01 
 2.447849878620e-01 -6.964150758650e-02 -4.008501363045e-01 
 3.533951552493e-01  2.029573233795e-01  3.462566137208e-01 
 7.651489832102e-03 -3.560394040878e-01  3.585922506433e-02 
-4.112614072042e-02 -5.349957870289e-01  1.848534208208e-01 
-9.428195209093e-02  1.933313079074e-01  2.200992690517e-01 
 7.487573384626e-03  7.728461572017e-02  1.369494144327e-01 
 3.442131424014e-03  4.864626876858e-02  1.263152080617e-01 
 1.922020817106e-01 -1.654865877491e-03  7.452572992723e-02 
-1.061515225980e-01  3.018684315445e-01  9.646850921166e-02 
 1.018399055902e-01 -1.451659738673e-01 -3.740410207971e-02 
-2.714398305469e-01 -7.806584676855e-02  1.988750198713e-01 
 4.788194429609e-01 -2.934083365916e-01 -5.471244637474e-01 
-1.328762784558e+00  6.534078241522e-01  7.839439329334e-02 
-6.187474559326e-02  8.882026750894e-02 -4.199955399694e-02 
-8.384903669530e-02  1.013962623784e-01  1.315560695761e-02 
-1.446731643910e-01 -7.802074220827e-02  2.695043596888e-02 
-9.476853287625e-01  3.808807166273e-01  5.662467448034e-02 
 5.183155874530e-01  1.255026245566e-01  9.073827094850e-01 
-2.201294680317e-01  3.993995331794e-01  7.455806186895e-03 
-4.547669049536e-01 -6.199520331668e-02 -1.348034053379e-01 
-7.245563684254e-02 -3.026918015229e-02  2.496960274138e-02 
-1.621108393812e-01 -6.049622801498e-01  9.884305015105e-01 
-3.340083338782e-01 -1.458175020674e-01  3.702388605624e-02 
-8.400912148924e-02 -1.775219500938e-01  8.805195734808e-02 
 3.753958241658e-02 -1.826963687341e-01 -2.796856868623e-02 
 3.425124273240e-01 -1.611042018253e-01  2.752981969364e-02 
 9.369588823754e-02 -2.721779827894e-01  6.597944321889e-02 
 5.437234846909e-02 -1.196431064598e-01 -1.780395526369e-01 
-2.780374656013e-02  2.545045795427e-01  3.120502982974e-02 
-2.199078363918e-02 -3.547555909421e-02 -1.318575771086e-02 
-4.059190081988e-03 -5.045461318895e-01  2.636555177737e-01 
 6.000138790328e-01  3.342643972232e-01  2.422781714567e-03 
-9.657700120287e-02  5.947446684884e-02  1.741762265631e-01 
 2.127219280047e-02 -5.051447030987e-02  3.416278184332e-02 
-3.026149863828e-03  1.461304379839e-01 -1.339775823784e-02 
-8.827808631288e-02 -5.263064548640e-01  2.070901518777e-01 
 5.830371681739e-01  3.891919587377e-01  1.622943769404e-02 
-1.272865002372e-01 -4.832380055797e-01  1.213613536063e+00 
-1.295546895904e-01  4.992476028662e-02  1.944197770598e-01 
-1.421684286614e-01 -3.951529405458e-02  6.205203984413e-01 
-2.027266955629e-02  4.649556137760e-02  2.156014294419e-01 
-3.113942458535e-01  1.192228899957e-01  1.951565994517e-01 
 7.367777076455e-01 -1.524737390932e+00 -3.216650760924e-03 
 1.215697661172e-01 -2.858433320506e-01  3.352358893918e-01 
-4.814846272549e-01  9.015756252215e-01 -1.360370892885e-02 
-7.624785148829e-02  5.225120903146e-02 -6.525780814200e-02 
-7.359322829363e-02  1.572109674536e-01 -1.010875970461e-01 
 2.603134924766e-01 -8.430501336998e-02 -4.134110194097e-01 
-2.295172475389e-01  1.599384200851e-01 -4.491823585347e-01 
 1.506222742542e-01 -4.191073304204e-01  5.822244615336e-01 
-1.913470989324e-01 -3.999454185023e-01 -3.686057135376e-02 
-2.114255069426e-01  5.223742072147e-02 -3.903895037313e-01 
 2.672457108992e-01 -1.762815252693e-01 -2.934709689300e-01 
-1.180712257787e-01 -4.540821178260e-01  7.197315241207e-01 
 1.042010784273e-01  1.582596599282e-02 -1.808649555825e-01 
 1.968232382868e-02 -2.218940407192e-01  2.782834666976e-01 
-9.578526275951e-02 -1.796142017433e-01  3.265839139904e-01 
-1.258971295423e-02  5.458951903706e-02 -9.003498401819e-03 
-1.312810329497e-01 -1.212352123275e-01  1.426143755218e-01 
-1.399644568530e-01 -3.451822783448e-01 -8.984918046645e-02 
 8.594580696832e-01  6.879342423234e-01  6.701566411081e-02 
-5.133557603180e-02  1.022312562194e-01 -2.158051320424e-01 
-1.514392445344e-01 -2.654813445448e-01  2.786308900689e-01 
-1.667484807524e-01  1.484050314440e-01  3.688489639780e-01 
 2.369497011707e-02  2.361576568278e-01  2.371379393589e-01 
-1.369694840024e-01 -7.382735302777e-01 -5.714585289711e-01 
 5.661813255980e-02 -6.001957139547e-02 -9.669507426058e-02 
-2.037764838946e-01 -7.900243264014e-02 -8.122422820217e-03 
-2.871277728845e-01  9.612007793788e-02  2.690486104794e-01 
 1.438790903424e-01  5.110695743032e-01 -9.393274743651e-01 
-5.390602636303e-03 -3.939046917751e-02 -2.874516395187e-02 
-1.748445797034e-01  2.691474478254e-01 -5.887001849765e-01 
 7.459482121411e-02 -1.096861926412e-02 -2.664620042133e-01 
-2.901317253416e-02  2.342650977485e-01 -1.455672433743e-01 
-7.213387930612e-01  7.391277497895e-01  7.706223029633e-02 
 3.542505732195e-01 -6.820846064832e-02  2.005192633434e-01 
-1.210536545975e-02 -1.010435156746e+00 -1.629128437505e-02 
-7.333151458919e-02 -1.642096496291e-01 -4.641765267646e-01 
 1.439643683637e-01 -1.696293366215e-02 -2.548244777597e-01 
 8.695930580005e-02  8.039743578760e-02 -1.225221796692e-01 
 3.716847071542e-01  2.217772002843e-01  5.025328439116e-01 
 5.296664548490e-01 -1.659156872774e-01 -1.655535718863e-01 
 7.515237983635e-02 -7.042319948489e-02  1.423600498998e-02 
 6.434766091777e-01  4.254430667416e-01 -1.189575115603e-01 
 3.781474536821e-02 -1.573370592536e-01 -1.655308565764e-01 
 3.784863564736e-01  1.551634302482e+00 -1.278435654129e+00 
-1.283202175299e-01 -3.300149146108e-01 -1.689974581622e-01 
 7.715963540866e-02  2.571814328657e-02 -1.832666479497e-01 
 4.600718671820e-01  3.971834317768e-01  1.063485835478e-02 
-1.103576859414e-01  9.007215264678e-02  1.322221745519e-02 
 9.329833458395e-02  1.374718597158e-01  4.555635500228e-02 
 2.808700300808e-02  1.916231929173e-02 -6.621166909528e-02 
 5.877972560387e-02 -1.125537856677e-01 -8.227380819447e-04 
-1.068362411248e-01  9.239092978046e-02  8.726890695848e-02 
 2.465218783398e-02  4.102680357390e-01 -4.114331088904e-01 
-2.233104727463e-01  7.096435577628e-01 -2.954401229278e-02 
-4.205942934495e-02  6.115301788336e-02 -1.778348724458e-02 
-7.553694414223e-02 -4.925129590452e-02 -1.212581485677e-01 
 1.117364040900e-01  3.565002017173e-02  9.897224686102e-02 
 9.363321630910e-04  4.461398772140e-01 -4.504760656679e-01 
 4.228218887802e-01 -2.458950229771e-01  5.465560891002e-01 
-6.176724608374e-02 -3.112561683182e-01 -2.009000149605e-02 
 8.317134358948e-02 -3.987486728479e-02  2.262081932986e-03 
-4.141780862707e-02  1.751931315359e-01 -2.781882624700e-01 
 3.100761860276e-01 -2.610642865028e-01  4.017126335568e-01 
 2.278098914910e-01  7.786445542742e-02  6.405818476850e-02 
 2.359218580044e-01  1.630792349240e-02  5.800311678684e-02 
 6.539906172746e-01  1.700913548134e-01  1.364248259644e-01 
-5.683236540190e-01 -4.726124343273e-01  1.477580467720e-01 
-1.009563508108e-01  3.793210866554e-01  3.005888562923e-01 
 2.055165416877e-01 -2.227207327903e-01  1.397407285377e-01 
-1.561545967866e-01  9.631922219803e-02  5.338685979608e-01 
 3.506852683815e-02  1.154548797660e-01 -3.955410028539e-02 
 1.577337368226e-01 -1.513471340138e-01  2.131027930620e-01 
-2.206957656655e-01 -2.353279256673e-01  5.423202824128e-01 
 1.921496193844e-01  2.512064053967e-01 -1.135068525539e-01 
 1.174719182956e-01 -1.259209895404e-01 -5.223020663669e-01 
-6.558137254698e-02 -1.948586854866e-01  7.076972462738e-01 
 1.073793499692e-01 -2.716288850565e-01  2.732839504901e-01 
-1.668966758594e-01  3.012236606212e-01  3.126048469096e-02 
-3.373055070844e-01  2.348108409253e-01  3.720547256923e-01 
 4.787277490031e-01  6.981112729508e-01  1.170693346700e-01 
 5.449427080244e-01 -4.735023920388e-01 -6.800101844133e-02 
 6.081648447235e-02 -1.702187311223e-02 -1.934708997599e-01 
-4.192815829096e-01  5.903510524443e-01 -9.949801133923e-02 
-4.618909393562e-02 -1.978558777909e-01 -1.905582376219e-01 
 1.854259935140e-01 -4.272801654793e-01  2.098281535204e-01 
 5.655113920844e-01  4.028027938277e-01  1.281134167950e-01 
-4.369751026301e-01 -1.660175053661e-02 -4.958156805814e-02 
-3.073500228333e-01  1.828629490224e-01  3.336594401986e-01 
-1.850300445201e-01  2.054763777940e-01  1.561985681066e-01 
-1.617933369943e-01  1.337002635057e-01 -2.207753582894e-01 
-4.774374224272e-01 -5.520882277700e-01 -1.034370633119e-01 
 6.017220372793e-03 -5.731869522945e-03 -3.078592072675e-01 
 3.958150682160e-02 -9.441392914553e-02 -1.190936972594e-02 
 5.697919099742e-02 -3.254730184510e-02 -1.524018402379e-01 
-3.522348733968e-01  2.782488635629e-01 -4.442508446700e-01 
 2.544625595453e-01  2.827827063986e-01  2.585005684388e-03 
-3.763837233163e-02 -2.105032323715e-01  9.306967534780e-02 
-4.482100700583e-02 -1.620879500143e-01  2.073071193688e-01 
 3.386594571436e-01 -4.283291929462e-01  1.212920894549e-01 
-2.507509484056e-01  7.013722805802e-02  5.924802281919e-01 
-1.566633307502e-01  6.684559565447e-02  4.665269017197e-02 
 4.712381787107e-01  4.467519158821e-02 -1.596316074015e-01 
 4.965717144750e-01  1.426013944814e-02 -6.345784271317e-02 
 4.494395188389e-01 -1.818461398557e-01 -1.341063575992e-01 
 8.014025250038e-02 -2.687319198948e-01 -1.390725210662e-01 
 4.047932113313e-01  1.813399917987e-02  2.901840552692e-02 
-4.876418365055e-01  2.513321457310e-02  4.045560210571e-01 
-1.616562489383e-01 -5.948203414168e-01  1.148097696256e+00 
-6.354713682494e-02  1.315752155379e-01 -1.293786316252e-01 
 1.408193083999e-01 -2.593756826617e-01  7.917388140972e-01 
-2.872646250672e-01  1.071189702292e-01 -1.711455792251e-01 
-2.528121776526e-01 -3.328493083017e-01  4.087946221356e-01 
 1.748264617297e+00 -1.865780808126e+00  7.619945751795e-02 
 5.682385844978e-01 -2.382877204166e-01 -2.199103498644e-01 
-1.885384524496e-01  7.816881166640e-01 -1.369013736741e-01 
-2.265647082825e-01 -1.481468884339e-01 -2.227647911646e-02 
 4.053064604323e-01  1.099940574538e-01  1.095301430943e-01 
-2.226436875644e-02 -2.865189957886e-01 -3.507048364239e-01 
-2.421203209007e-02  2.283609096876e-02  1.022965952851e-01 
-1.572756373846e-01 -2.001857695082e-01  9.395736881168e-02 
-3.557548120783e-01  1.596456197564e-01  6.908115765019e-01 
 8.879560931746e-02 -4.714556849920e-01  1.379518631622e-01 
-1.236696676209e-01  3.124862321818e-01  4.390583656676e-01 
-1.096935239606e-01 -3.232766757596e-01  1.123081496261e+00 
 1.306656527326e-01 -2.716209833476e-01  1.819726117769e-01 
 3.708828545186e-02 -1.108111468294e-01  5.468973657184e-01 
 3.756369779280e-03 -1.725043680478e-01  5.930151626371e-01 
-1.301530615713e-01 -2.664160709085e-01  1.530613102565e-01 
 5.262323230835e-01 -1.429310420089e+00  9.096014055331e-02 
-2.084643068299e-01 -1.623746859494e-01 -1.066109261486e-02 
-2.077536701428e-02  4.769506684492e-01  4.992634268616e-01 
-2.771480982783e-02 -6.797003086223e-01  2.581900667235e-01 
 3.096646246810e-01  1.411284491497e-03  1.604374012717e-01 
-2.202381673981e-01 -3.480129176975e-02  2.213725535676e-01 
 1.213221599518e-01 -4.592428031910e-03  2.024029353826e-01 
 2.100995950746e-01  1.058576397863e-01  5.329295683062e-01 
-1.678080669871e-01 -4.156448575140e-01 -2.721559805872e-01 
 1.414576403375e-04 -6.504069430128e-01 -3.384086146057e-02 
 2.219551901415e-01 -2.198927830342e-01  5.145441579822e-02 
-1.137003487745e-01 -4.498649971089e-01  5.515000935958e-01 
 9.730107011334e-02 -8.863276415099e-02  6.458136335010e-02 
 8.759961010709e-02 -1.681261618890e-01  3.041120697642e-01 
 1.978646505918e-01 -1.700015699260e-01  4.137251884273e-01 
-7.825877524108e-02 -1.287931670009e-01  2.130926738799e-02 
 1.110481721251e-02 -5.100377526843e-01 -5.997716304346e-02 
-1.752720257840e-01 -6.356139553417e-02 -9.418895118931e-02 
 4.223512015044e-02  1.340311566595e-02 -7.757348122197e-01 
-5.584203861924e-01 -2.421414982757e-01  1.691061399616e-01 
-8.985579731699e-02  1.917190067578e-01  9.502726617046e-02 
-1.593181412133e-01 -3.164675086586e-02  3.082486229195e-01 
 9.590853958538e-02  2.074221776272e-03 -1.828937361357e-01 
 1.632591766426e-01 -7.991534321333e-02  2.955331949336e-01 
-5.167212459741e-02  5.190629758373e-01 -3.002091444698e-01 
 3.962141657607e-01 -1.854276587003e-01 -1.288356045740e-01 
 1.534225557030e-01 -4.054623617432e-02 -1.641009634819e-01 
-1.045663165571e-02 -7.593615859305e-02  9.359100012137e-02 
-1.030208789173e+00  1.664349649498e+00 -1.336824932535e+00 
 9.810597526616e-02 -1.475012601205e-01  2.271054145767e-01 
 8.403661313289e-02  1.261230316067e-01  5.255075785276e-01 
 2.950602317203e-01  5.380160436366e-01  4.936621689738e-02 
 1.699007122409e-01 -3.790634668100e-01  1.269910503109e-02 
-5.097707424694e-02 -5.857051354907e-02 -3.363438689706e-02 
-6.818364875531e-02  1.533237900340e-01  1.359840411137e-02 
-7.986174423404e-03 -1.325772028349e-01  9.665508684350e-02 
 7.447348006066e-02 -1.656980864118e+00  2.075802499812e-01 
-4.709297990537e-01  8.056920965989e-01 -5.799479832348e-01 
 3.627999939399e-02 -6.611192051319e-02  3.220472131501e-03 
 5.391738136986e-02  1.379277100986e-02  2.020145965562e-01 
-4.409580844194e-02 -4.616394616891e-03 -8.713961385826e-02 
-1.543722536456e-02  1.903455327985e+00 -3.192033197468e-01 
-4.820886915382e-01  8.473849747188e-01 -6.386999842521e-01 
 8.195855587719e-02  4.059826863645e-01  4.676690454200e-02 
-3.559859994766e-03 -1.203695840953e-01 -1.746403299232e-02 
-5.711486251149e-03 -4.517459441285e-02  1.029531921557e-01 
-1.359276697671e-01 -1.495956305598e-01  7.139833363204e-02 
 1.164205625266e-01 -4.757820455464e-02  1.711132827423e-01 
 5.507886447464e-01 -1.063381081412e+00  1.309490621387e-01 
 4.464590764746e-01 -1.901877627154e-01  1.929472720059e-01 
 6.708975141754e-01 -2.058407912546e-01 -5.798357407749e-01 
 1.026529949444e+00 -2.260093260226e-01  4.261099398971e-01 
 2.248703866726e-02 -3.628103534213e-01  1.802107571282e-01 
-6.780652165426e-02  9.508514013295e-02 -1.110937221082e-01 
 1.570456104025e+00 -3.639830636907e-01  3.999358592921e-01 
 6.429987243173e-01 -6.862658875866e-01 -7.882860080982e-01 
 1.945149216391e-01  1.859342277864e-01  2.953503146016e-01 
-2.971490057667e-01 -4.386234055186e-01  1.357324332024e-01 
 3.321067865787e-02 -2.519197530289e-01  8.161420782233e-02 
 1.816439322436e-02  6.058748516541e-02 -2.075820131133e-01 
-1.152890623205e-03 -2.575262259077e-02 -6.256771004555e-02 
-4.804312294705e-02  8.287537256214e-02 -6.546639092320e-02 
 4.886226159057e-02 -7.940459560303e-02  8.186236141128e-02 
-5.633670467187e-03  1.837070115035e-02  9.701725014748e-02 
 6.699642922467e-01  1.443257223148e+00 -1.184264227950e-02 
 1.168367127150e+00  2.368781796276e-01  3.392669835314e-02 
 5.222824590287e-01 -3.591352116105e-02  2.050665364752e-01 
-1.567334778871e-02 -6.383485312931e-01 -5.758383487735e-02 
-1.189535631857e+00 -7.470452146779e-02  1.265867371453e-02 
-4.988224961906e-02  3.416705360675e-02  3.757024662252e-02 
-2.843329811458e-01  1.459883977021e-01 -1.333195006296e-01 
-1.139281168603e-01  2.419860988859e-01 -3.480244987083e+00 
 1.161525825023e+00  5.977708818151e-03  1.447244725970e+00 
 2.544487827422e-01  8.984414209784e-02  1.285445274268e-01 
 9.399999391571e-03 -1.741941929637e-03 -3.496451796152e-02 
 6.214577763591e-01  2.991471015550e+00  5.195516964478e-01 
-4.006050928002e-01 -2.859448251138e-01 -5.657860462131e-01 
 7.291668138335e-02  4.944815970805e-02  1.735988557447e-01 
-1.170350800797e+00 -1.541028623876e+00 -1.850885153470e-02 
 9.786430870472e-01 -5.866191383914e-01 -4.634791796834e-02 
-1.741597510598e-01  1.859945490828e-01 -4.808489261594e-02 
-8.871363317497e-03  4.996426508524e-02  4.299282597518e-02 
-1.640582008955e-01  1.230197198501e-02  2.242793066431e-02 
-1.685083731183e-01  9.939315419197e-02 -3.337060590863e-02 
-4.223231970135e-02 -3.817200575166e+00  1.424610612074e+00 
-8.457077366179e-01  4.947283186683e-01 -1.130512412140e+00 
-2.167628980435e-01  8.314044485892e-02 -7.953944142469e-02 
-6.914693924469e-02  6.342833844670e-02  1.385704510843e-01 
-9.174291307955e-02 -1.737555666705e-02 -2.752288102297e-02 
 9.312789634547e-02 -3.376447825954e+00  1.232827912769e+00 
 2.831029275461e-01 -1.260975209405e+00  3.283277604768e-01 
orbocc
(*)
 0.000000000000e+00  0.000000000000e+00  0.000000000000e+00 
 0.000000000000e+00  0.000000000000e+00  0.000000000000e+00 
 0.000000000000e+00  0.000000000000e+00  0.000000000000e+00 
 0.000000000000e+00  0.000000000000e+00  0.000000000000e+00 
 0.000000000000e+00  0.000000000000e+00  0.000000000000e+00 
 0.000000000000e+00  0.000000000000e+00  0.000000000000e+00 
 0.000000000000e+00  0.000000000000e+00  0.000000000000e+00 
 0.000000000000e+00  0.000000000000e+00  0.000000000000e+00 
 0.000000000000e+00  0.000000000000e+00  0.000000000000e+00 
 0.000000000000e+00  0.000000000000e+00  0.000000000000e+00 
 0.000000000000e+00  0.000000000000e+00  0.000000000000e+00 
 0.000000000000e+00  0.000000000000e+00  0.000000000000e+00 
 0.000000000000e+00  0.000000000000e+00  0.000000000000e+00 
 0.000000000000e+00  0.000000000000e+00  0.000000000000e+00 
 0.000000000000e+00  0.000000000000e+00  0.000000000000e+00 
 0.000000000000e+00  0.000000000000e+00  0.000000000000e+00 