2mocoef
header
1
MO-coefficients from MOLCAS
1
48   48
a
mocoef
(*)
 5.735709942075e-05 -7.590662238777e-05  2.734730725220e-03 
-5.746021509283e-06  1.343192124014e-05 -2.289164841546e-04 
 1.466412272246e-04 -4.568471618072e-05  1.392247608589e-03 
-3.719256381117e-05  4.531443839560e-05 -4.457807866998e-04 
-7.293766174185e-05  1.543573139176e-04  1.001168779095e+00 
 6.247411468379e-03 -6.828104324165e-03  3.535181431756e-04 
 7.470406445415e-04 -6.808242105892e-04 -1.393363693860e-04 
-6.019050979351e-04  1.926576631157e-03  1.046902895271e-04 
 5.564469621388e-05 -8.983838326752e-05  1.343185968613e-06 
 3.766857226230e-04 -5.595451140996e-04  1.443522035980e-04 
 1.102028528427e-05 -6.171041314369e-06  3.577843014822e-05 
-5.945731357534e-04  6.729853289379e-04  6.493940886387e-04 
 1.766180050170e-04  1.900239398969e-04 -1.466409353233e-04 
 3.607719607756e-04 -5.021175918978e-04  8.605553152171e-05 
 1.833130813571e-04 -3.367823796855e-04  2.482990303391e-04 
 5.140781048347e-05 -3.712393754445e-06 -1.431741378247e-04 
 1.001564460866e+00  9.335997572391e-03 -6.586326302481e-03 
 1.096058172801e-04 -2.507301822809e-04  1.351859192535e-03 
-1.650399125444e-04  2.625240382757e-04  4.397786113255e-04 
-1.546070556374e-04 -1.842327763981e-05  1.325034652797e-04 
 5.029878950862e-04  1.175836713677e-03 -6.723801288324e-06 
 8.776467634226e-04 -2.915491302195e-03 -4.726754565748e-05 
 1.070542730144e-04  2.240086570916e-04 -2.406542654098e-04 
-1.470080642649e-04  1.640333126411e-03 -3.802298085277e-05 
 2.961061973904e-05 -3.407907951349e-04  2.120992794195e-04 
-3.828781533649e-04 -1.303701819680e-03  2.407929313858e-03 
 1.449423715980e-04 -9.641012406949e-05 -4.496230709948e-04 
 9.051793486998e-04 -4.742334558664e-04 -6.420341862059e-05 
-1.125488493184e-05 -3.112722872010e-04  5.165319553483e-04 
-3.564071831893e-04  1.446701387754e-04  6.315113066175e-07 
-3.348534361478e-04 -1.518796488873e-03  2.199672254282e-03 
-4.437577253947e-04 -8.543390128563e-05 -4.628220551208e-04 
-1.706602140937e-02  4.242900563189e-01 -1.657557232260e-01 
 2.035565872474e-02 -4.872766418495e-03  1.563909871236e-01 
-1.168115596296e-02  6.560544312122e-03 -7.576788330354e-02 
-1.522512303271e-05  4.602529497106e-04  2.643971414657e-02 
 1.478623879785e-03 -1.641293397782e-03 -1.397935890408e-02 
 7.617147429340e-01 -1.455848447853e-01  3.370055705400e-02 
 3.995469280605e-02 -6.445708592557e-02 -2.487379970789e-02 
-1.491769026946e-02  4.986506084632e-03  8.549264592724e-04 
-9.551530690657e-04  9.964682964044e-03  4.032284629187e-05 
 3.908383888884e-03  1.739571699265e-01 -8.803588637255e-02 
-1.441587364141e-02  2.641439584211e-03  7.331499650382e-03 
 3.058228667944e-01 -1.485575746405e-01 -3.108380563484e-02 
-6.123205683828e-03 -1.334226593765e-02  2.126038611991e-01 
-1.057944376742e-01  2.480102199674e-02 -1.364428384206e-04 
-1.150132058862e-02  1.250519891871e-01 -6.473112870497e-02 
 1.075930094443e-02 -5.312178896814e-05  9.195234838635e-03 
 1.743354202594e-02 -6.855968181505e-01  1.894418296415e-01 
-4.497733208797e-02  3.114701658789e-02  1.447572337233e-01 
 3.822219030585e-02 -1.282621968514e-02 -1.720557326472e-02 
 9.095914222964e-04  2.380353619744e-04  1.179367039794e-02 
 5.470369668695e-04 -7.867656877307e-03 -1.017699899674e-03 
 3.760240539402e-01 -6.446333168792e-02  2.049826470448e-02 
 2.808498206942e-02  2.729832428270e-01 -1.666906580838e-02 
-1.261542214019e-02 -4.117806842513e-02  1.159659651088e-03 
 2.055714281369e-03 -1.629343912249e-02  9.670931608264e-04 
 3.722301845817e-03 -4.291740763364e-01  1.945108609629e-01 
 3.065425906171e-02 -4.293276299313e-03 -7.285540881863e-03 
 2.652333234118e-01 -1.283720690834e-01 -2.291975849130e-02 
-4.538698690759e-03 -2.490820496150e-03  2.244507275191e-01 
-1.069044170353e-01  2.163070047254e-02 -6.027634399687e-04 
-8.182236867173e-03 -3.571686052518e-01  1.791550943305e-01 
-2.794814848967e-02  1.202194458966e-04 -1.208204065883e-02 
-3.588367370027e-04 -4.226911978919e-02  1.261052546142e-02 
 2.871987968429e-01  7.736076792447e-03 -1.392673053793e-02 
-6.771418782755e-02 -5.742482744993e-04  8.400566245305e-03 
-1.934451838256e-03  3.171252375120e-03 -3.004427223913e-03 
 3.087582207151e-02  2.006945802296e-03 -5.583578784313e-04 
-5.359012120922e-02 -3.073183297814e-02  6.467654709081e-01 
 6.437724568510e-02  4.896308896085e-03 -1.353905007728e-01 
-1.317264752556e-02  2.093449922207e-03  7.607467033547e-03 
 4.154106365005e-05 -4.731526374288e-03 -1.507062717391e-05 
 1.245346028240e-03  1.897052821455e-01 -1.023211016270e-01 
-1.113498827995e-02  3.404372515472e-03  4.801117213038e-03 
 5.065137046130e-01 -2.207533359648e-01 -2.549180016946e-02 
-8.421828539507e-03 -2.212802737240e-02 -4.612103742411e-01 
 1.923501316338e-01 -2.501910735795e-02  4.871949148648e-03 
 2.509336729052e-02 -1.804421029822e-01  9.669465015252e-02 
-1.229811062289e-02 -4.586676547610e-04 -5.900140290679e-03 
-8.379161331979e-03 -4.384339295200e-02  3.606003161735e-02 
 4.755916589935e-01 -6.709783773463e-02 -4.342239795697e-01 
-1.533592220430e-01  1.748696962871e-02  1.263438626490e-01 
-4.557260029268e-03 -1.886904086709e-04 -3.499342307465e-02 
-1.694711515438e-02  8.426605700719e-03 -9.338712628757e-04 
-5.054115493492e-02  3.563154365421e-02 -1.917746609643e-01 
-7.565092199097e-02  4.954685763219e-01  4.262358537835e-02 
 1.942479381848e-03 -6.904549282435e-02 -1.870014811309e-03 
 7.239136880693e-03 -1.461698711504e-02 -1.583470185614e-02 
 5.875996008469e-03  5.713152581547e-01 -2.050276880744e-01 
-2.309851076964e-02  4.251073214872e-03  5.651175711920e-03 
-4.367390936548e-02  1.257809968664e-02 -8.246427602081e-04 
-1.246058360895e-03  9.404508889949e-03  3.911402897752e-01 
-1.344102554347e-01  2.101017083156e-02 -3.918542005480e-03 
-4.814589893453e-03 -1.750679283954e-01  6.031162342453e-02 
 2.597585535790e-03 -1.899731394251e-03 -1.383235642567e-02 
 2.291875362287e-04  2.938020600056e-02 -9.798970323184e-03 
 1.309751466091e-01  2.736337087430e-01  5.768014659426e-02 
-3.142480975436e-02 -6.014910785342e-02 -1.609509744487e-02 
 5.195238954475e-04  4.092199335468e-02  3.959774872855e-03 
-8.886413919148e-03  3.193456160530e-03 -1.906021436953e-03 
-9.744924637769e-02 -2.390035685987e-02 -1.376443619766e-01 
 8.207497391212e-01 -6.134861268468e-02  8.399935869273e-03 
 3.640747160004e-02  9.007190420811e-04 -3.730867512476e-04 
-1.949515833973e-02 -1.262433326360e-03 -4.005231293984e-03 
-6.102704108687e-03  9.333460654974e-02 -3.385999743440e-02 
-9.520834380723e-04  8.011905262346e-03  2.606384394299e-03 
-2.615565597062e-02  4.466923873689e-03 -4.188911184024e-03 
 2.383469655914e-02 -4.081286056607e-03  1.072706404373e-01 
-3.607068778584e-02  5.210483972428e-03  1.951803420838e-02 
-6.881120194107e-03 -1.271682229097e-01  4.622651404993e-02 
-3.921885531415e-03  7.520501502345e-03 -3.652214188356e-03 
-4.430189512367e-03  1.565931543057e-02  8.281760127024e-02 
-4.450147986481e-01  7.114907080328e-02 -4.605595952642e-01 
 1.427098519063e-01 -2.250732425178e-02  1.491786719227e-01 
 2.555985887862e-03  1.060090970884e-02 -2.341687458038e-02 
 1.765058695950e-02  7.734272587744e-03 -1.159614520980e-03 
-6.221394262699e-02 -1.104147134187e-02  2.042057239991e-01 
 1.662219119237e-01  4.316051681452e-01 -5.266934408419e-02 
-7.035474780329e-03 -5.871530185977e-02  3.946947588321e-03 
 6.086462874703e-04 -1.757689503618e-02  1.361276862861e-02 
 5.269225904169e-03 -2.201877472014e-01  8.303636837081e-02 
 4.540009100879e-03 -6.526385624841e-04 -1.341626047465e-02 
 3.639407160301e-01 -1.322729153865e-01 -1.824118015398e-02 
-1.463282348720e-03  2.204489771663e-03 -6.715125869918e-03 
-5.631759768535e-03  5.568655430462e-03  4.153519847850e-03 
 7.360642047443e-03  5.806128951374e-01 -2.167418867762e-01 
 2.288281594755e-02  2.726451145839e-03  1.202362113722e-02 
 3.231943758203e-04 -5.108109097902e-02 -5.878843329064e-02 
-5.907010969981e-02 -9.422130537089e-01  2.842565569583e-02 
-9.430156684138e-03 -8.715266974675e-02 -1.546779491509e-02 
-1.578629454410e-03  1.212644731215e-02  1.578570439768e-03 
-2.694572419233e-03  2.820249011162e-03 -3.245641927180e-04 
-2.784982321803e-02 -2.204294117186e-02 -9.271096141300e-03 
 3.822080859083e-01 -3.281825818082e-02 -1.218399163669e-02 
 1.688630132787e-01 -1.476837107751e-02  1.258750312095e-03 
 1.847321404375e-02 -3.603841897540e-04  3.252668587492e-03 
 2.107033348133e-04  5.689311947891e-02 -2.060164994207e-02 
-3.910437475573e-03 -2.672676569585e-02  1.587519769564e-03 
 7.545936556096e-02 -1.283541446442e-02 -3.511635108384e-03 
 1.151545028179e-02 -5.245293875335e-04  1.672723829248e-02 
-2.422635172859e-03  2.831929738253e-04  1.199802417440e-02 
-1.449734210851e-03  3.361145120288e-02 -1.494772149832e-02 
 5.433179226722e-04 -2.554801217759e-02  2.454038265880e-03 
 1.680267929149e-02 -1.212753101286e-01 -8.884199089380e-01 
 3.508222713352e-03  1.242484455289e-02  1.781510205584e-01 
-2.750708577114e-02  5.547658813902e-02  2.138665751238e-01 
 2.029774634067e-03 -3.030585730412e-03 -1.179196000244e-02 
 3.306549072811e-03 -6.092544319951e-04  2.835739276672e-02 
-2.671484810356e-01 -9.104223117523e-01  7.138012242834e-02 
-6.342847528569e-02 -1.633141365717e-01  6.841073450370e-02 
-6.594672440466e-02 -2.545782615789e-01 -1.309504331681e-03 
-2.341775195435e-03 -1.584958715383e-03 -4.493396530818e-03 
-4.852764701962e-04  4.734551946288e-02  5.241746832819e-01 
 1.813645847175e-03  1.122794932048e-03  1.206652383980e-02 
 1.490524060535e-01  5.357465755398e-01 -3.755246987408e-03 
-4.336069584308e-03 -8.000179225412e-03  2.235184485854e-01 
 8.063541414315e-01  2.855619093329e-03 -1.253736408574e-03 
-7.585910792882e-03  5.946787310607e-02  5.813992634021e-01 
-3.249699005204e-03  2.808419643101e-04  1.261595631623e-02 
-6.070135855783e-03  1.522885739528e-02  3.360094834648e-01 
 2.701939791963e-01 -1.019638205346e-02  3.843738853914e-03 
 7.188329214953e-01 -6.714547000781e-02  7.833749454583e-02 
-6.583854265830e-03 -6.530563075735e-04  5.553109480044e-03 
 1.651628530713e-02  8.078941728200e-03 -6.765198820252e-04 
 3.218140627336e-02  8.383461022864e-02  3.358948932315e-01 
 2.464655164661e-02 -2.263981185953e-02  3.501985423403e-01 
 4.764803135576e-02  3.666979620628e-02  4.729496758683e-03 
-2.922334881334e-04  1.443799527801e-04 -1.505077461839e-02 
 3.978011090380e-03 -5.065724246560e-02 -1.275888605303e+00 
 3.349640669179e-03 -1.192554706620e-03 -2.340000643393e-03 
-8.925520567626e-02 -1.052656285240e+00  5.127864484896e-03 
 2.305412102495e-04  7.358590647045e-04  1.301231101621e-01 
 8.122418998667e-01 -6.462133020413e-04  8.825197080942e-05 
 8.514506146355e-04  7.234698047007e-02  9.235341161817e-01 
 5.768224282025e-04  4.961444576376e-04 -9.985269565675e-04 
 2.768142563227e-02 -3.208519686953e-01 -1.674496945958e+00 
 9.741143550556e-02  3.316811893007e-02  1.081695091735e-01 
 2.140459405009e-01  5.697371937164e-02  3.009601962647e-01 
 2.815526621135e-04  1.674242084366e-03  1.258159199026e-02 
-4.588983022422e-03 -1.468773347418e-02 -2.069075748424e-02 
 1.603615759342e-01  6.533247646769e-01 -6.356017950306e-02 
 4.049597842030e-02  4.394201134593e-02 -1.041171607264e-01 
 2.941064226667e-02  3.616613382904e-02 -9.363159204814e-04 
-7.554765232481e-04 -1.139687414138e-02 -6.412223531259e-03 
 8.720330217024e-03  8.364146120600e-02  9.897082308075e-01 
-1.152239519719e-02  3.101689863999e-03  5.708694009257e-03 
-6.704861951393e-02 -5.010030927744e-01  9.732701333050e-03 
 8.912637582675e-04 -3.801598047345e-03 -8.932428047450e-02 
-6.424224191725e-01 -1.158681997419e-02  1.371895007844e-03 
-4.545186105189e-03  9.711540813762e-02  1.603718847307e+00 
 1.024138448814e-02  1.077616733197e-03  4.732928954430e-03 
-8.543849796491e-03  3.299217192344e-02  6.067997055417e-01 
 3.229095809268e-01 -4.894608338321e-02  2.378478323527e-02 
 1.261983822234e+00 -8.569081818361e-02  1.545361139654e-01 
 7.410820225911e-04 -2.629097648981e-03 -1.160438920650e-03 
 8.715576552807e-03  1.050626933460e-02  1.372815793839e-02 
-1.243169775912e-02 -4.434789220547e-01 -2.760248428172e-01 
-4.000009681134e-02 -5.105161526087e-03 -6.281365159649e-01 
-4.058218030686e-02  7.391341754803e-02 -4.129080776947e-03 
 6.064393868323e-04  6.143743591036e-03 -9.531007366298e-03 
-1.068087272408e-02  3.799092951405e-02 -2.330438318012e+00 
 5.360205541575e-03  2.609749835651e-03 -3.335723824598e-03 
 4.959148558232e-02  1.323982697963e+00 -2.214051703970e-02 
-4.732421964503e-04 -3.904742548206e-03 -8.104188650061e-02 
-7.677187182830e-01 -3.084206458293e-03 -2.042395006597e-03 
 5.471735308096e-03 -2.367558015057e-03  1.542754886014e+00 
-4.832922538074e-03 -4.123780978499e-03 -6.653380807694e-04 
 3.846895642026e-02 -1.967505143352e-03 -1.621751908972e+00 
 7.504112618430e-03 -3.518956190989e-02 -1.658231372609e-01 
 1.455142250448e-01  5.195083657624e-02 -2.128437381649e+00 
 1.095982588724e-02 -8.335462563998e-04  9.464736600894e-03 
-9.293046959605e-03 -5.690326125913e-02 -5.144097485267e-02 
 6.884333231875e-03  1.581539264675e+00 -1.808927941880e-02 
-2.128562087316e-02 -4.112563754105e-01 -9.335825984010e-02 
 1.089103429265e-02 -1.079818286075e+00  2.973537597580e-03 
-3.158124151223e-04  2.142596105584e-02 -7.349484668827e-03 
 1.210348599719e-02 -3.408400155347e-01 -6.809506506823e-02 
-1.957593339485e-02  2.779047985676e-03  1.553364420025e-03 
 3.071499194025e-02  6.910352562818e-01  1.947915093168e-03 
 2.515069225552e-03  9.506071707370e-03  5.861867011041e-02 
 4.903290341238e-01 -9.323855322682e-03 -9.190067253655e-05 
 1.836283245837e-02 -1.936084872408e-01 -8.043065944279e-02 
 3.398365221552e-02 -1.957689539546e-03 -8.592305454843e-03 
-6.089849832486e-02 -7.681387943724e-02  8.801004795815e-01 
 3.373498848367e-03  1.312870022139e-01  3.537180485590e-01 
-1.802516125391e-01 -2.573972947534e-01 -1.699782039203e-01 
 1.025935876634e-04  1.626312928767e-02 -5.062576923741e-03 
-1.200827781092e-01 -1.600928819169e-01 -2.359232146483e-03 
 4.985230059790e-03 -2.598677042179e-01 -4.127835182085e-02 
 7.140535625393e-02  1.863215707005e-01  1.102994952914e-01 
 3.183713791350e-02  5.234272904947e-01 -1.036411854216e-03 
-1.257870110874e-02  3.886306197084e-02  5.643706301867e-02 
-9.389793214567e-02 -3.470677520622e-01  2.561509720930e-01 
-4.109927719260e-02  1.642543169501e-03 -2.975320142365e-02 
-5.207605259914e-01  2.220066901606e-01 -7.617090332371e-02 
 7.864418153864e-03  8.174620620551e-02 -1.282910756121e+00 
 1.102597427098e+00  8.646263199049e-02  4.355434649488e-03 
-1.428141294076e-02 -1.032896389591e+00  7.409159195093e-01 
 6.025609946902e-02 -2.868205651092e-04  5.119502883286e-02 
 1.824907359425e-01  7.313804607770e-01 -8.041456251386e-01 
-9.419175437624e-02  3.980061330588e-01  7.665438971222e-01 
 4.514311441836e-01 -5.765605426202e-01 -8.436148019133e-01 
-1.120636584829e-02  2.803060698982e-02 -4.573741543061e-02 
 1.382651305030e-01  7.528290948966e-02 -1.229713884032e-03 
-1.792636862511e-03  2.964132732715e-01  4.282764500341e-02 
 8.016115154027e-02 -2.840065549510e-02  7.901620547346e-02 
 6.494296708137e-02  3.909086144669e-01 -2.543497041218e-02 
-2.527310397017e-02  9.809553863666e-02 -6.201673976021e-02 
-3.619804157392e-02 -8.297171643690e-02 -1.082108742331e-01 
 4.837358841719e-02  1.665300851911e-02  6.581248642481e-02 
-1.038718129511e+00  9.055744649281e-01 -7.152954072681e-02 
-2.366400252551e-02 -3.088318900301e-02  4.906331303002e-02 
-2.334339660562e-02  4.363844861839e-02  7.348786536016e-03 
 1.335501353273e-01  8.845325125278e-01 -5.917784480725e-01 
-8.076277134927e-02  7.869366636146e-03 -4.286237080983e-02 
-6.762843255004e-02 -2.202745993200e-01  5.693567650878e-01 
 7.341172367348e-02  1.274522484577e+00 -3.135022062423e-01 
 8.417301162056e-02 -1.709746124878e+00  4.453977199629e-01 
 1.083417936863e-02  4.877246328922e-02  3.945809805018e-02 
-3.419340364927e-03 -4.066091410749e-02 -4.489751924400e-03 
-7.809455160817e-02 -2.427428420384e-01 -1.437342239657e-02 
 1.536999631155e-01 -6.694103645199e-02 -6.351594546148e-02 
 3.593541997282e-02 -2.389264184026e-03  9.648400761700e-03 
-4.850514645252e-02 -5.110710998259e-02 -5.918126034638e-03 
 2.486904659631e-02 -2.795763485902e-01 -3.330423062678e-02 
-1.805217565464e-02  6.975131668406e-02 -1.091402305197e-02 
 3.322826467815e-01 -1.878822607500e-01  4.219925715626e-02 
-8.865073724697e-03 -2.140939020583e-02  3.460183611747e-01 
-3.809903482402e-01 -4.401397175957e-02 -2.622224920049e-02 
-2.925527772724e-02 -2.440000510716e-01  2.916988909471e-01 
 3.083617623072e-02  3.294053435844e-02 -9.197766151048e-03 
 1.652285856858e-01  4.130370307613e-01 -1.798371958661e+00 
 3.179400680710e-01  2.967408415081e-01 -7.685591403416e-02 
-1.393151935864e+00 -2.338866394301e-01 -7.537572330958e-01 
-5.080710408959e-02  1.142316813469e-02 -4.977240086902e-03 
-1.168746680957e-01  2.172932490036e-01  2.895113553732e-02 
 3.377136913937e-01  4.728974908635e-01 -2.218768651778e-01 
 1.610800723087e-02 -1.156206408137e-01  3.729779359707e-01 
 1.477841309680e-03 -5.626821832001e-01  1.209907889766e-02 
-1.939259391086e-02  7.894240583600e-03  8.534026591108e-02 
-1.750445724239e-02  1.284586812448e+00 -1.948483812343e-01 
 1.138404448037e-01  1.747295859548e-03 -5.902222334159e-02 
 1.572700558202e-01  6.097081697902e-02 -4.837856637106e-03 
-7.893164358608e-03  8.555148046379e-02 -9.068416809195e-01 
 1.211748581227e+00  8.236915544248e-02 -1.490768669003e-02 
-1.079526400524e-01  4.054509352025e-01 -1.059522715523e+00 
-8.010771492724e-02  2.979165513114e-02 -2.773334280617e-03 
-1.467807471588e-01 -8.177519454184e-01  8.513337708595e-01 
 5.276616102927e-02 -6.364365812971e-02 -9.526949197094e-01 
 4.030217584189e-01  3.130155929962e-02  1.223894035571e+00 
 1.355490317994e-02  1.420111456229e-02  1.636511268051e-01 
 1.245568646347e-01 -4.239144939160e-02  6.157796432414e-02 
 5.883397416393e-01 -9.381869735341e-01 -6.286673236468e-02 
 9.537619362092e-02 -1.652076066862e-01  1.005065362795e-01 
-5.950076663946e-02  5.126154253349e-02 -2.971267302948e-02 
-8.130994245064e-03 -9.209073024291e-02 -2.995253746803e-02 
-1.446411759324e-01 -3.076064848737e-01  3.907131437800e-02 
-4.904149279812e-02  6.327338755231e-03 -2.026245489693e-02 
-1.041201485442e+00  8.252307501104e-01 -1.291601855569e-01 
 2.496940266058e-03 -1.254752150163e-01 -6.408313056979e-01 
 6.979674252096e-01  1.093862468069e-01  2.084741081599e-02 
-5.923985377170e-02  5.498472883540e-01 -2.143789044866e-01 
 6.946678328577e-03 -1.259002483710e-02 -8.124766704956e-02 
 7.017475754782e-02  2.791778803256e-01 -2.781690115863e-01 
-1.131330286060e+00  5.188940925461e-02 -9.626985690355e-02 
 3.482346761073e+00 -1.733692646761e-01  3.911262427935e-01 
 2.183296980450e-02  9.395832603577e-03 -3.678222379932e-02 
-2.083080417219e-01  6.975752146500e-02  1.575883919980e-02 
 7.555237661556e-02 -1.388407280240e-01 -3.435939768456e-01 
 1.306734516151e-02  3.713386189121e-02  3.345400769843e-02 
-1.258680052779e-02 -1.025024760519e-01  3.842225148617e-02 
-2.483108210973e-03 -5.497493800263e-03  9.331275228160e-02 
 3.979917682915e-03 -1.142027313427e-01 -1.932351929918e+00 
 1.874464829933e-01  1.291054497494e-03 -3.611300929729e-02 
 3.374674356388e-01 -6.035601588428e-01  8.906688194441e-02 
 5.389556655016e-02  1.551748158265e-02 -4.283009357430e-01 
 7.607686307151e-01  8.976415905172e-02 -4.024726041080e-02 
-1.153814724744e-02  3.430345688718e-01  1.777745881656e+00 
 1.522425463230e-01 -1.771436025473e-02  7.254704675544e-02 
 2.770626591104e-04  1.986216146428e-03 -3.427114433777e-01 
-6.536643624941e-02  2.014074898937e-01 -9.939623526521e-02 
 1.393235663191e-01 -6.437814410798e-01 -2.053632042177e-02 
-2.917103502886e-02 -1.316450199774e-01 -5.137306678482e-02 
-9.886032127415e-04 -1.947556421997e-02 -1.591051535521e-04 
 7.784021057128e-02  2.429700362905e-01  1.419662266960e-01 
-1.378582783449e+00  1.140104334764e-01 -1.177201306437e-01 
 1.939722153987e+00 -2.636517643714e-01 -1.433810412459e-02 
 3.729747063677e-02 -1.650152498668e-03 -6.527842197114e-03 
-8.279984661320e-03  5.317002313520e-02 -7.375478277386e-02 
 1.080702726819e-02  1.170748225099e-02 -2.828654092925e-02 
-2.918420451225e-01  1.881263800184e-01  1.585842406600e-02 
-5.049619304244e-02  3.556253056585e-02 -7.683078924892e-02 
 2.714054981736e-02 -1.508270677943e-02  5.883348051463e-02 
 3.222517095190e-02 -1.431037990647e-02  1.469017897123e-01 
 1.535670032259e-02 -1.983385696251e-02  1.605072599801e-02 
 3.982055520564e-01  1.760306722053e+00 -3.342553738682e+00 
-3.679694682066e-01  2.372485921555e-02 -3.688429114743e-01 
 4.859637015337e-01  6.933931191804e-02  5.650122496090e-01 
-8.915509615497e-02  1.158663410956e-02  1.255854974039e-01 
-1.058122260580e-01 -6.537130479801e-02  3.486819582544e-02 
 2.443598312914e-01 -1.518492041291e-01  7.723895434823e-01 
 1.452308178700e-01 -1.469246451543e-01 -1.262112275064e+00 
-2.197479417242e-01  3.763734482575e-02 -7.125996587759e-02 
-1.615519468119e-02  3.025389762793e-02 -7.739329302060e-02 
-1.813834149458e-02  6.793598271767e-01 -9.430033641128e-02 
-4.709348171720e-02 -6.568488029810e-03 -6.572233396430e-02 
-3.324266876822e-01  1.029238685950e+00 -2.348673844798e-01 
-1.034856098799e-01 -3.810543030447e-02  2.030160735038e-01 
-8.013090821438e-01 -1.451297177685e-01  4.670992412216e-02 
 1.040300336862e-01 -4.085581797134e-01  1.504846259984e+00 
 1.690303275421e-01  3.740615060154e-02  1.600747336154e-01 
 5.035514041709e-01  2.387410059923e+00 -4.555330472384e+00 
 2.476161017410e-01 -4.907395730455e-02 -2.563713440395e-01 
-9.224936285822e-01  1.696478210238e-01  5.716830276602e-01 
-2.186534752541e-02 -4.147298956606e-02  1.300042018666e-01 
-2.235365504623e-02 -2.561136875073e-01  3.761614575344e-02 
 1.435778215843e-01  1.527169326175e-01 -6.331254384494e-01 
-4.009982220159e-02  9.054534404669e-02  1.376996032350e+00 
 1.215394097819e-01 -1.946728615679e-01  7.845181859600e-03 
 1.632939521858e-02  3.775887989229e-02  3.011782987673e-02 
 3.854634532822e-02 -1.742212869365e-01  1.992594838172e+00 
-2.568361380965e-01  1.215884659261e-02  1.536061604475e-01 
-2.254819862587e-02 -7.580060358886e-01  1.656160355295e-01 
-4.429437339985e-03  1.081150492808e-01  1.376707972830e-01 
 4.663387148192e-01  1.479838994232e-01  1.689979774502e-02 
-2.611703780356e-02  2.433339815510e-01  3.807835247494e-01 
 1.870877462580e-01  4.508599392338e-02  2.487614851563e-02 
-5.459618270632e-02 -3.965632882665e-01  2.324732084644e+00 
-3.382630923856e-02 -4.772835418677e-02 -9.815866275599e-02 
 1.606736711100e-02 -4.715904826755e-03  1.564426488929e+00 
-1.095812755115e-01 -4.496666986156e-02  3.090480426374e-01 
-4.437300446926e-02 -8.902492416440e-03 -6.057236950662e-02 
-3.877486737212e-01 -3.394430646016e-01 -1.139773589593e-01 
-1.084946852746e-01 -1.178596825225e+00  3.247490227361e-01 
 2.184570154482e-01  2.819463543664e+00  4.978612906247e-05 
 2.756852895105e-02 -1.072680259476e-01  3.031575386627e-02 
 7.039662992444e-02  7.012222181218e-02  1.222375510343e-01 
 2.180862698601e-02 -5.211753823773e-02 -9.037970690580e-02 
-6.638015945881e-02 -1.043869014756e+00  2.176393345294e-01 
 4.227212159407e-02  7.504360214558e-02 -1.509940184567e-02 
-7.120594585124e-01 -1.354298822438e-01  5.127662082332e-02 
 7.753270416442e-02 -2.937039730194e-02  2.024844102234e-01 
-1.687180219801e-02  4.770356726391e-02 -6.140080729132e-02 
-1.598772535029e-01 -7.143019131968e-01  7.558829490466e-01 
-1.942567514321e-01  6.670870576330e-02 -5.331660096306e-03 
-2.573917913616e-01 -5.797052394244e-02 -6.082214888935e-01 
-5.136851007053e-01 -7.460328653511e-03 -1.164740415801e-01 
-7.378161273211e-02 -1.120316335208e-02 -4.194635690947e-02 
-1.466655371917e-01  5.525003563367e-01 -2.131673159151e-01 
 1.297443346841e-01  2.243385249387e-01  9.772445038127e-01 
-8.652120951849e-02 -7.173178812359e-01 -1.386510213084e-01 
 9.898156162691e-03 -1.362232540216e-02 -9.091242372597e-03 
-1.844349266279e-03  2.346741541732e-01 -5.732438180425e-01 
 1.262314702063e-01 -2.358911627444e-01  6.980195954874e-02 
-6.059897808059e-01  3.767621847914e-01  5.369952302735e-02 
-1.569195699408e-01  2.582824190626e-02  5.598478786047e-01 
 4.219174069127e-03  6.458645896117e-02  1.631605076023e-01 
-6.587603039125e-02 -3.790895168433e-01 -1.253525804253e-01 
 5.832004299110e-02  2.176287149272e-01 -3.437138891982e-02 
 4.136768389673e-02  1.831272559656e-01 -3.346635076744e-01 
 2.651350088929e-02  1.049412508157e-01  1.538050249444e-02 
 7.245691373688e-01 -2.270729090656e-01  1.078642462602e-01 
-2.022391386904e-01 -3.521749264203e-01 -2.883856824973e-02 
 1.732920990820e-01 -8.603080053229e-02  1.841336690782e-02 
 6.771639743947e-02 -2.148406388817e-01  1.927383332078e-01 
 3.232233443969e-02  4.492856321695e-02 -1.077183337360e+00 
 1.168441269469e-02 -7.563043985937e-02  1.776193133842e-01 
 1.041291718327e-01  1.340523923668e-02 -2.596316365566e-02 
-4.941629586880e-02 -1.653948664592e-01 -1.355969209797e-01 
-6.735759960482e-02 -1.307179205188e-01 -8.778110961688e-03 
 6.546501870196e-01 -9.649365310014e-02 -1.361782120958e-01 
 4.398563507504e-01  7.304432376358e-04 -5.374065552221e-01 
 1.429197351291e-01 -2.280284942354e-02 -2.699618339571e-01 
 9.919994846687e-02  3.555862185911e-01  1.561993625563e-01 
-3.226113157477e-02  3.152037414108e-01 -3.119538387206e-02 
 4.643385943010e-02  2.013244426551e-01 -3.060225059334e-01 
 1.834092812744e-03 -7.602693211805e-02  4.353255500715e-02 
-2.656770561084e-02  1.912932156976e-01  1.026504114448e-02 
-1.688429712022e-01  6.397707628325e-01  2.862843436447e-02 
 8.897640246047e-02 -4.119900114594e-02 -5.394450223133e-04 
-9.959007370189e-03  4.083111376505e-02  1.956054701146e-02 
-3.443913426653e-01  2.883841916949e-02 -1.671877222255e-01 
 2.125110109662e-01  4.197663537629e-02  1.006719408363e-01 
-2.120210741306e-01  1.946173074557e-03 -1.360635416643e-02 
-4.591273998408e-04  7.556966267925e-02  5.796962780253e-02 
-4.487018782830e-02 -2.160273083834e-01 -3.531283458026e-02 
 1.169532979774e-01 -5.460777488503e-02  4.673449934285e-02 
 6.770101633484e-02 -1.029680062739e-01 -1.423298656924e-01 
 3.495197943806e-02 -2.701501658974e-02 -4.243376124688e-01 
 1.975217086823e-02 -2.039334839879e-02  4.489901758867e-02 
 1.232940236582e-02 -4.413683931937e-02 -3.716316357217e-02 
-1.551457479325e-01 -6.554214511666e-01  3.121579471677e+00 
-2.020342099539e-02  9.619309389595e-03  2.500434046273e-01 
-2.654752658462e-01 -1.226988783162e-01  9.886308492896e-01 
 7.856318443985e-03 -9.975050719564e-02  3.033175397877e-01 
-5.593412316366e-02 -3.891525392481e-02  6.954648858941e-01 
 2.911325230854e+00 -5.930350532168e+00 -1.791299319147e-01 
-3.150300655546e-02 -1.036087292824e-01  5.002845864759e-01 
 1.505419082499e-02  8.481192544419e-01  2.860667963616e-02 
 6.734757518565e-03  9.524610229485e-02 -3.684924128689e-02 
 7.375470394571e-02  1.008749332440e-02 -2.790544653417e-01 
 1.395264479619e-02 -2.656988654178e-02 -1.485186183952e-01 
 4.918785518090e-01  7.845581384040e-03 -1.076071874855e-01 
-1.156779799161e-01 -1.689786744941e-01  8.852000586841e-01 
-1.506319747705e-01  3.600898935991e-01 -1.482110994099e-01 
 1.009266397683e-01 -3.374790838700e-01 -1.259928522006e-01 
-1.517888186797e-01  2.847341962246e-02  1.299594730852e-01 
-2.932037212166e-02 -1.312095843721e-01 -9.049799851941e-01 
 1.887036694994e-02 -2.557981046968e-02 -2.966343077590e-01 
-1.878047365889e+00  5.432804633609e-02 -9.024338611326e-01 
 7.524952851164e-02 -4.975588531347e-02 -1.009662175847e-01 
-4.415704189367e-02  2.485503812203e-01 -2.767931745804e-01 
-1.101518121167e+00  2.696789473363e+00 -1.701668241870e-01 
-5.015857991134e-03 -5.784253617957e-02  1.189174687275e+00 
 1.004999778427e-01 -4.077853188975e-01  8.199724120635e-02 
 1.066807868089e-02 -3.395357818198e-02 -1.487168891971e-01 
-2.111349077986e-02  5.684698131681e-01  5.725570109145e-01 
 3.082900065195e-02  9.357529549416e-02  1.138324970770e-01 
-9.267239046201e-01  2.716945633169e-01  2.253112865769e-01 
 2.498868258009e-01 -3.862029386755e-01  2.342650052736e-01 
-7.645385788946e-02  2.145897946791e-01 -8.824679939871e-02 
 3.195964975820e-01 -1.188773668766e+00 -1.596695481813e-01 
 1.292836542072e-02  2.685623493193e-02  3.174387682004e-01 
-4.949172241103e-02 -2.255046688457e-01  1.069850665423e+00 
-7.095107042782e-02 -2.660411531680e-02  6.697617969368e-02 
-1.459189862464e+00  2.550932077879e-02  2.187903620082e-01 
 8.135744482431e-02 -8.710178079927e-02  2.006521129461e-01 
 2.596824588804e-01  7.511914240648e-02  1.120077490605e-01 
 4.409236245911e-01 -1.211965151786e+00 -7.454624670523e-02 
-4.633626322708e-02 -1.075393628858e-01  4.573759168494e-01 
 1.327228556633e-01  6.533051504526e-01  5.640892769393e-02 
 6.598920058445e-03  4.452714556760e-02 -3.615866026724e-02 
 8.649572896303e-02  9.134581001529e-01  1.020607058240e-01 
 3.446639170659e-01  6.663577769963e-02  4.507324697531e-01 
-9.405121786752e-02 -1.494356869527e-02 -1.085601113797e-01 
-7.018813724874e-03  1.382917110190e-02  1.503464951766e-01 
-1.328933326413e-01 -2.319383550276e-02 -1.589759585939e-01 
-1.981450257554e-01 -1.253430049846e+00  5.907975771458e-02 
 3.994722733621e-01 -8.207053538662e-02 -3.064099254866e-01 
-1.147095274791e-01 -2.882659017649e-01  2.143376392687e+00 
 1.879867420204e-02 -1.149100595959e-01  2.192517644021e-01 
 1.738723403338e+00 -2.609084199881e-01  5.047053463315e-01 
-1.328432039203e-01 -9.804743235350e-03  3.219070935699e-01 
 1.174073797379e-01  5.147874733681e-01 -6.551304003778e-02 
-4.071062419787e-01 -7.814381167994e-01  3.442496081230e-01 
-8.446072133864e-02  5.362168654475e-02 -1.857533052554e+00 
 2.275755492865e-01  1.096751313748e+00 -3.687204786120e-02 
-4.226460391524e-02  4.791049346335e-02  3.903816096544e-02 
 1.983782106782e-01 -1.388054806499e+00 -2.090032794403e-01 
-1.829942772820e-01  7.554983648245e-02  2.150999188209e-01 
 8.439124332393e-01 -3.158560122521e-01  1.048930887660e-01 
-3.205480400255e-01 -3.868146497960e-01 -1.309148438011e+00 
 3.426283774529e-01  1.157427396832e-01  3.620350895183e-02 
-1.946549776828e-01 -7.474680513741e-02  6.883901211496e-01 
-5.730218964126e-02  2.481709113359e-01  9.801153443014e-02 
-1.157697578630e-01 -4.307212004905e-01  9.422644903744e-01 
-8.792195936474e-02 -3.538715388277e-02 -1.706883170707e-01 
 9.415268186532e-02 -1.201507258308e-01 -9.242960898740e-02 
 6.732494605786e-03 -9.060965993036e-02  1.347201539301e-02 
-1.963491045875e-01  2.626558997924e-01  1.702087275161e-03 
 7.668641841900e-02  5.660277109849e-02 -3.931575287570e-01 
-5.554138463841e-02 -2.150300084264e-01  1.545065723541e+00 
 3.452904918831e-01  3.738366537632e-01 -1.721670359312e-02 
-2.082124870046e-02 -1.861245491166e-02 -1.817765337592e-02 
 9.376525613347e-02 -7.555009295992e-01  2.944875233518e-01 
-1.028368685308e-01 -1.690211216248e-02  1.827588755251e-01 
-1.176949412063e+00  2.521024557036e-01 -3.067566564274e-01 
 6.346586174533e-02  3.107776654315e-01  7.251430430194e-01 
-1.612411532405e-01 -3.568867450114e-01 -3.674530579974e-01 
-4.455446060450e-01 -1.956254480889e-01  5.412388163478e-02 
-1.509731959116e-01  2.867822104485e-02  4.701596463967e-01 
-6.291500719778e-02 -1.764940338086e-01  7.070549561677e-01 
-7.115270698101e-02 -4.604082913390e-01  3.188085917963e-01 
-6.304670014930e-01 -8.594861939486e-02  3.496254850122e-01 
 4.432288857360e-02  2.303801089664e-01  2.742029845680e-01 
-1.861294220393e-01  5.891523419310e-02 -4.544997885343e-02 
-2.610754244932e-01 -2.826583186359e-01 -1.890490036123e-01 
-1.231664592310e-01  4.652428108630e-01  1.133581396780e+00 
 2.147732707743e-01 -1.365781033354e-01  1.297237093309e-02 
-7.068575833866e-02  1.589215858551e-02  3.297524025483e-02 
-6.224194280463e-02  5.667797434205e-02  2.413468728481e-01 
 4.946923638635e-02  6.168432425107e-01 -3.063311995715e-01 
-6.603943585263e-01  8.242608009512e-02 -3.143848806365e-02 
 8.912292262828e-02 -1.395639260337e-02  7.390678086449e-01 
-3.018856460702e-01 -1.207685918897e-01 -7.873073985518e-02 
-7.472833621858e-02 -9.975970954037e-02 -2.553791963437e-01 
 1.007998899559e-01  6.790986523375e-01 -3.262513337938e-01 
 5.869148015828e-02  1.105848927835e-01 -1.558438853925e+00 
 1.894363777277e-02 -1.863577780054e-01 -4.131843649043e-01 
 4.885115847955e-02 -2.128359834091e-01 -4.858011911867e-01 
 3.309375976717e-02 -2.596105353594e-01 -4.642762710278e-01 
 1.098553309571e-02 -3.051417996224e-01 -1.324953619527e-01 
-4.310865176585e-01  1.890509871348e+00  7.711647356968e-02 
 1.601029055128e-01 -3.307188441083e-01 -3.669639292092e-01 
 6.874753061877e-01 -5.136537440688e-01 -1.131339152799e-02 
-1.729619147834e-02 -4.053508476423e-02  1.671781469059e-02 
-4.294042865013e-02  2.824599229089e-01 -9.253275357016e-02 
 8.046015037980e-02  2.206817317568e-01  5.783649118325e-02 
-1.661219550943e-01  2.040423950306e-01  1.703376865893e-01 
-7.076227287226e-01  1.136274417111e-01 -4.417803263265e-01 
 2.287224824308e-01  3.760734597860e-02 -6.504223410576e-01 
 2.669037241301e-01  3.222448224931e-01 -1.182381328808e-01 
-2.907591601471e-02  1.911004983383e-01 -1.625085344902e-02 
 3.265795905300e-02  1.927161114056e-02 -2.940904186410e-01 
 4.170821253399e-02 -2.254401820856e-01 -2.429666652836e-01 
 4.482944816946e-01  4.370687923487e-02 -3.468429311465e-01 
 1.704091598206e-02  4.984696882070e-01 -4.625181881073e-01 
 3.901439186729e-01 -2.236632782653e-01  2.693056383182e-01 
 1.219299449673e+00 -9.585408206425e-01  4.005444638321e-02 
-9.486276450389e-02 -6.301541034950e-01 -8.269071824163e-01 
-2.950423532177e-01  2.642377042672e-01  3.428306797440e-02 
-6.205064369756e-02 -2.134769679933e-02 -5.107799995553e-02 
-1.967143797572e-02  6.798692696806e-02 -3.267266012673e-01 
 9.383338889943e-02  3.665136771420e-01  1.743860782089e-01 
 8.074510452676e-01 -1.366387842162e-01 -3.855413049517e-02 
 1.238326833106e-01  1.622606104637e-01 -3.707810856730e-01 
 1.719781698736e-01  4.208351266072e-02  4.028562741022e-01 
 1.227471461250e-02 -1.249751061009e-01  3.042422167913e-01 
-5.553600245702e-02  4.647918850705e-01  3.884721751250e-01 
-3.009061101842e-01 -1.200678770694e+00  9.734619030984e-01 
 1.730931188468e-01 -2.270037312729e-03 -4.737679374998e-01 
 4.068873523657e-01  3.972828272086e-02  1.717222689760e-01 
-1.900956893140e-01  2.174431867335e-01  2.643956400219e-01 
-3.056646965687e-01  3.086482393720e-01  6.596723015407e-03 
 9.419575829051e-02  2.343929227643e-03 -1.965372877984e-02 
 1.524837980765e-03  2.897754835881e-01 -4.191183776379e-01 
-1.367559779898e-01 -1.062720701071e+00 -5.422806056242e-02 
 5.257561672459e-02  2.127119897099e-02  1.172578255420e-01 
-5.660509720668e-02 -7.879863130299e-01  1.661217703898e-01 
 4.712966831177e-03  1.121247990577e-01  4.846278449575e-01 
 4.466185341747e-01 -7.218860471331e-02 -1.291055076190e-01 
 1.066204766508e-02  4.999866112136e-01  1.038869297217e-01 
-1.367034154347e-01  1.585401916239e-02  4.125573299007e-03 
 7.568372452950e-01  1.945302476153e-01  4.363583931921e-04 
 7.810841908275e-02 -6.505566139925e-02 -2.079914473505e-03 
 1.493617785543e-01  5.573984462411e-01 -5.974921147557e-01 
-7.502352359985e-02  3.548738492624e-02 -2.063890955745e-01 
-5.322785006210e-01 -1.475662131342e-02 -1.538375198320e-01 
 4.555188267738e-01  1.350450573881e-02 -2.950848043928e-01 
-5.746519317655e-01 -9.873779355445e-02  7.140685730971e-02 
 3.758871982838e-01 -5.622340822436e-02 -3.029029713640e-01 
-1.016975264861e-01 -3.079844761581e-01  4.993328639311e-01 
 6.466409918696e-02  5.101607618698e-01  1.651764340957e-01 
-1.365403869559e-01  9.728876552595e-03  2.933217629783e-01 
 1.375951211541e-01  5.245807452379e-02  3.682554748086e-01 
 1.108181443177e-02 -3.797744451475e-01  5.724499644642e-01 
-4.409263118574e-01  3.036031764022e-01 -1.869294625399e-01 
 1.103184142099e-02 -5.321618106397e-01  1.187697622912e-01 
-1.557308790952e-01 -2.194612904922e-01  2.016168066572e-01 
 1.222961389457e-01  1.530760742494e-01 -4.734365454854e-01 
-9.096930711314e-02  3.265027380363e-01 -3.358738394514e-01 
-1.067470067203e-01 -4.309858905317e-01  1.178212951078e-01 
 1.659695724941e-01  1.171370844402e-01 -1.118909157214e-02 
-1.039164700315e-01 -1.217692771591e-02 -1.002876769160e-02 
 9.137974879424e-01 -4.245040360357e-02  2.593021479153e-01 
 3.098030812001e-01  1.891361625364e-01 -1.079027236662e-01 
-4.366801223158e-01  6.538959436956e-01 -9.475584877039e-02 
 4.155221959403e-02  3.158082394623e-01  5.467273671863e-02 
 7.298100980627e-02 -5.816762343351e-01  2.863626777936e-01 
-6.162906002590e-02  4.347230038912e-03 -9.585881891449e-02 
-1.077525524504e-01  3.080235743156e-01 -2.769373039928e-01 
-4.993028019647e-02 -8.428823063271e-01 -2.381787371911e-01 
-6.854393607814e-02  4.748515210793e-02  7.516173994915e-02 
-3.400083033640e-01  3.252233651357e-01  2.613398554160e-02 
-5.225720285998e-02 -4.431994768245e-02  1.467123758874e-01 
 1.172692277995e-01 -2.589141245558e-01  2.550781529058e-01 
 8.115879025739e-02  5.662191334538e-01  2.163788318196e-01 
 1.004002457484e-01  4.434725810699e-01  6.942837775779e-01 
 1.154563703769e-01 -1.436003948536e-01  1.226833896226e-01 
 2.037697058978e-01 -8.554704081601e-02  2.541423773982e-01 
-1.610306427173e-01 -3.255315651059e-01  5.253495502434e-01 
 1.279281474757e-01 -2.253029262497e-01  2.414801353389e-01 
 1.070230853139e+00 -1.204790974001e+00 -8.574146276282e-02 
 1.234548463325e-01  6.280324226643e-01 -5.880587986081e-01 
 1.137549301951e-01  6.129952530890e-01 -5.050246135727e-02 
-3.455164795606e-01 -1.479192640877e-02  7.275848165795e-05 
-2.942593203814e-01  1.963872980688e-01 -3.865829787676e-01 
 2.606937338779e-01  1.160221754976e-01  2.703560518945e-01 
 3.307830602928e-01 -2.545906349409e-01  5.371077897901e-01 
-2.297638429111e-03 -2.744232850946e-01 -6.168176738991e-01 
-1.337706995101e-01 -7.127627875441e-01  5.396280964426e-02 
 4.023526976363e-02  6.917609864431e-02  1.693821552066e-02 
-2.607397935584e-01 -1.220723422299e-01  3.545334608529e-01 
-3.269467248804e-01 -1.373557130246e+00  1.536445665102e+00 
 3.177927163646e-01  8.895811512031e-02  6.812334634618e-01 
 1.290500619039e-01 -9.033442275038e-02  3.354365651087e-01 
-1.540173371839e-01 -1.494916209817e-01 -5.236778892216e-01 
 1.890145822955e-01  2.914536052638e-01  3.286204155007e-01 
 1.464199848227e+00 -1.718018758136e+00 -5.693011925103e-01 
 7.959333744879e-02 -1.773384150787e-01 -8.596943528548e-02 
 2.834620292284e-02  8.632188873219e-01  1.304795412161e-02 
 9.691680937974e-04 -1.382874764087e-02  6.659126228319e-02 
-4.584134032728e-02 -2.333151066923e-01  1.570109709101e-01 
-5.467578444085e-01  4.871681611215e-02 -4.225245434589e-01 
 2.038694908062e-01 -1.069028988690e-01  3.868983949868e-02 
-1.136462528018e-01 -2.349210931265e-01 -4.830610777356e-01 
-1.559360061903e-01 -5.594250425718e-01  2.898734807044e-02 
 2.620379059463e-01  1.489894938619e-01  3.960346169964e-01 
 8.146845560569e-01 -1.421393789799e-01 -5.290078892751e-02 
 1.433317842270e-01  6.169056055527e-01 -4.192385078297e-01 
 4.811924317950e-02  9.436512461755e-02  3.364566914137e-02 
-3.505968193154e-02  5.402853170283e-02 -1.371582212348e-01 
-3.157539476739e-01  4.025487619797e-01  3.295839407652e-01 
 3.307648602868e-01 -1.675456557887e-01 -2.025490521133e-01 
-8.373258785400e-01  7.820468192382e-01 -8.277217615970e-01 
-5.750577608175e-02  2.241344857695e-01 -3.968843006943e-02 
-8.613547879673e-02  2.232014470024e-02  4.389126759846e-01 
 6.932726941675e-01 -2.080187683542e-02 -2.717696316910e-02 
-3.172131973597e-02  2.642378467563e-01 -2.785875688400e-01 
 1.978111648159e-01  2.362585313534e-01 -7.264028912559e-02 
 4.179111014341e-01  8.646294563949e-02 -3.525039156167e-01 
-5.199841286184e-01 -3.590449593840e-01 -5.499272195624e-01 
-8.839227292042e-03 -3.958670693494e-01  1.168055829390e-01 
 1.600825269183e-01 -1.926429459623e-01  8.256804042871e-02 
-2.772098409437e-01 -1.299711271788e-01  2.406132718540e-01 
 1.907095893113e-02  7.302098395086e-02 -7.849881981433e-01 
 2.304618015929e-01 -2.397182044307e-01 -1.344112087531e-01 
 3.445756806382e-02 -3.370547506064e-03 -2.316769185336e-01 
-4.094685040324e-01 -5.131455704605e-01  1.742952082424e-02 
 2.886159323001e-01 -9.913270283512e-02 -3.249637385599e-01 
-1.379468493982e+00  1.385694319223e+00 -6.126154371345e-01 
-7.592680938513e-02 -2.680376470896e-02  9.442425375996e-02 
 1.472857496920e-01 -8.022834300805e-01  2.998885633053e-01 
-8.189114267180e-01 -6.730566496624e-02 -4.901679944604e-03 
 1.734871908828e-01 -5.598367410101e-02 -1.307858493926e-01 
 1.408028449582e-01  2.468605256972e-01 -3.271092722382e-01 
 4.859438167254e-01  1.202419415930e-01 -6.994539971037e-01 
-1.533125215110e-01  9.523272543182e-02 -3.914786811772e-02 
 6.617045444421e-02  1.655309455947e-01  3.172745047540e-01 
 2.585986244163e-01  5.142055434823e-02  1.005108366846e-01 
-2.753585306455e-02 -2.885988178742e-01  1.420392815897e-01 
 1.659348127251e-01  6.264282902294e-01 -7.951467933902e-01 
 1.203563674995e+00 -2.808661058685e-02  2.640090999327e-01 
-2.726676194015e-01  3.388093336514e-02 -2.225715903866e-01 
 2.604827668730e-01  8.066360330728e-02  2.238531659886e-01 
 1.925849127915e-01 -2.138257753146e-01 -1.767538135148e-01 
-7.696177114118e-01  5.569544166705e-01 -5.108155984490e-01 
-1.416185138345e-01  1.452388558720e-01 -3.655664865371e-01 
-6.190788915881e-02 -1.556784379975e-01 -8.337372665766e-01 
 7.820603725658e-02 -1.530553173639e-01  2.819220675846e-01 
 1.833840283266e-01 -2.615396418807e-01 -1.812523738573e-01 
 5.051285867639e-01 -2.245776371504e-01 -2.031683082629e-01 
 7.336900533783e-01 -3.437712427074e-02 -4.493029532777e-01 
 3.279032680690e-01 -3.508626266415e-01 -4.352977916098e-01 
 4.261016425128e-02 -6.366192962373e-02 -2.775827892064e-01 
 3.031429356138e-01  6.639558601715e-01 -3.009893317611e-02 
 2.814415931734e-01  1.897133329957e-01  4.552263658310e-01 
-5.555882386107e-02 -4.132230114755e-01 -1.126642009466e+00 
-7.544272151117e-02  2.377836132087e-02 -1.547919527785e+00 
-2.399357451908e-02  3.053153848337e-02 -2.335771326335e-01 
-8.399037678299e-03  6.410120106155e-02 -7.483140253603e-01 
 3.401700956746e-01  2.132952719153e-01 -1.847463586667e-01 
-4.608145320756e-01  3.195996514637e+00 -1.861114762621e-01 
 1.050061752774e-01 -1.108170908407e-01 -1.557897936784e-01 
-4.137426431495e-02 -1.151035313900e+00 -1.146474497795e-01 
-2.139345862932e-03  1.091585811515e+00 -2.858234221696e-02 
 4.958426778165e-01 -3.669394404553e-01  1.256522507136e-01 
 1.593550024904e-01 -3.289013106004e-02 -3.349174027610e-01 
-5.057019934764e-01  3.831316948618e-01  2.033029990493e-01 
 1.839593598150e-01 -1.149109248643e-02 -9.615188901492e-01 
 4.239253204109e-01 -4.591743840633e-01  3.834056206978e-02 
 1.968268729609e-01 -7.392573558336e-01  2.445173701163e-01 
-3.177170153046e-01 -5.046827367056e-03 -2.095673063579e-01 
-2.009871214695e-01 -1.075893826302e+00 -6.313036530603e-01 
 1.778054340244e+00 -5.576085540920e-02  3.637382023002e-02 
-5.723398849014e-01  2.047447478292e-02 -3.300729870945e-01 
-2.219115020761e-01  5.960145836404e-02 -4.520113856384e-02 
-9.015469806353e-01 -5.030713068317e-01 -1.255460296898e-01 
-5.169740514330e-01  1.081890892443e+00  6.473001116678e-01 
 2.577345018107e-02 -1.785083726807e-01  6.407015207415e-01 
 5.253223660002e-02 -5.112803123146e-01  4.105803436240e-01 
 3.768832888015e-02  4.523907321413e-01  3.935305202693e-01 
-1.972112557898e-01 -6.637239473075e-01  1.953778032972e-01 
 5.258079191027e-01  8.731356586922e-02  1.751104604043e-01 
-9.444468021021e-01  2.694603705293e-01  2.996008782478e-01 
-6.676412938571e-02 -7.802935293269e-02  1.306757098890e+00 
-2.719636050594e-01  4.830545255221e-01  3.446421359632e-02 
-4.386320355044e-01  2.469306971444e+00 -8.978738809459e-01 
 1.054985252237e+00 -5.232744629662e-02  6.287639636767e-01 
-5.523764246411e-01 -2.313307551015e+00  5.866220146575e-01 
-1.376768468805e+00  2.579428564515e-01  1.548986293991e-01 
 3.420212143186e-01 -6.965347660247e-02 -2.293611946348e-01 
 2.229133167466e-01 -4.279913750272e-02  3.129391163563e-01 
 5.036787387302e-01 -6.163646252574e-01 -2.371439294072e-01 
-1.151432467920e+00 -3.096840505803e-01 -4.142282353691e-01 
-2.297171091429e-01 -4.451526778322e-01 -3.101115321087e-01 
-4.469627868515e-02 -3.710997568118e-01 -3.173230336907e-01 
-9.770768294470e-02  6.054630059503e-01  2.301687817076e-01 
-8.508615518357e-01  2.812966149874e+00 -1.174653889431e+00 
-1.116171511192e+00  1.279054906525e-01  3.103366132001e-01 
 2.252826066968e+00 -7.049265495828e-01 -7.745528193029e-01 
-1.832562123688e-01 -5.319841628498e-01  1.049422974232e+00 
-4.503877925426e-01  4.926090328153e-01 -1.191054495149e-01 
-3.423817174372e-01  1.306799849017e-01 -1.922106057726e-01 
-7.412049449372e-02  5.775546066471e-02  2.520071263926e-01 
-1.997150381493e-01 -7.528365260139e-01 -5.207034333148e-02 
-9.464937606589e-01  1.087384158729e-01  2.676514729956e-01 
-2.151801004167e-01 -1.184544411413e-02 -2.207585244878e-01 
 2.162149615899e-02 -5.432241213142e-02  3.642569653014e-01 
 1.127037468890e+00 -3.293223395234e-01  3.656390142570e-02 
 2.399098304123e-01  9.420067800681e-01  8.292297369737e-01 
 2.002984768043e-01  4.939856379167e-01  4.293550745115e-01 
 4.560328453750e-02 -2.253651442477e-01  2.614882025221e-01 
 8.470689298554e-02 -3.455148384231e-01  1.230738039089e+00 
 5.514634861368e-01  2.016581484963e+00 -6.015683204491e-01 
-7.134117222047e-01  1.882758718065e-01 -2.163814871643e-01 
-2.741097874168e+00  1.097844647004e+00  9.998024599845e-01 
 2.967131773757e-01  2.203172462616e-01  6.199277999539e-01 
-2.572629985311e-01  3.267455136774e-01 -2.039925304934e-02 
 1.097679310160e-01 -8.252786988512e-01  2.248540623099e-01 
-3.792983081359e-01 -4.590968874680e-02  2.704155514554e-01 
-6.097557549613e-01 -2.692552717916e+00 -1.040179766131e+00 
-5.845726513345e-01  2.129610700163e-01  7.935669670245e-01 
 2.167329585902e-01 -3.408972499750e-03 -4.783423372170e-01 
 2.274768742090e-01  3.044645461218e-02  7.598367272825e-01 
-6.810490191864e-01 -1.473279889851e+00 -2.342047757539e-01 
-7.320148621517e-01  2.538163063629e+00 -5.007019039058e-02 
 4.649804571195e-02  5.640621208595e-01 -2.825201688228e-01 
 3.592678052155e-02 -4.787757255271e-01 -2.355207334099e-02 
 2.320318537537e-02 -1.896781281430e-01 -7.354426815467e-01 
 7.863812614361e-01  3.242649681699e+00 -1.082002324542e+00 
-9.110263706872e-01  2.115575328272e-01  7.641179494301e-01 
-6.014315564935e-01  2.119741093746e-01  1.027892839460e-01 
 1.292639456650e-01  2.853921579412e-01 -1.732283414922e+00 
 6.879784175335e-01 -6.337841898149e-01  9.586226218289e-02 
 3.674969328860e-01  2.813541352709e+00 -1.046820082964e+00 
 7.676428316954e-01  1.105032794115e-01  6.596657629808e-01 
orbocc
(*)
 0.000000000000e+00  0.000000000000e+00  0.000000000000e+00 
 0.000000000000e+00  0.000000000000e+00  0.000000000000e+00 
 0.000000000000e+00  0.000000000000e+00  0.000000000000e+00 
 0.000000000000e+00  0.000000000000e+00  0.000000000000e+00 
 0.000000000000e+00  0.000000000000e+00  0.000000000000e+00 
 0.000000000000e+00  0.000000000000e+00  0.000000000000e+00 
 0.000000000000e+00  0.000000000000e+00  0.000000000000e+00 
 0.000000000000e+00  0.000000000000e+00  0.000000000000e+00 
 0.000000000000e+00  0.000000000000e+00  0.000000000000e+00 
 0.000000000000e+00  0.000000000000e+00  0.000000000000e+00 
 0.000000000000e+00  0.000000000000e+00  0.000000000000e+00 
 0.000000000000e+00  0.000000000000e+00  0.000000000000e+00 
 0.000000000000e+00  0.000000000000e+00  0.000000000000e+00 
 0.000000000000e+00  0.000000000000e+00  0.000000000000e+00 
 0.000000000000e+00  0.000000000000e+00  0.000000000000e+00 
 0.000000000000e+00  0.000000000000e+00  0.000000000000e+00 