2mocoef
header
1
MO-coefficients from MOLCAS
1
48   48
a
mocoef
(*)
-1.046202461337e-04 -9.316746419568e-04  4.375710948169e-03 
 5.280847068116e-05  4.204465395941e-05 -8.291097469093e-04 
 6.199647853052e-05 -2.581082081699e-04  2.088327499364e-03 
-9.670692547922e-05  8.604749314347e-05 -6.476609039270e-04 
-3.851123162649e-05  1.120522808677e-04  1.001030112970e+00 
 4.865340184489e-03 -7.214513416220e-03  1.566117764151e-03 
-5.620604020001e-04 -2.515883920928e-03 -1.675413731081e-03 
 7.223035764620e-04  3.024858222177e-03  8.290670018495e-05 
 5.249719812322e-05  5.110420050527e-04 -3.019731188103e-04 
 8.283601671968e-05 -4.831994824128e-04  5.614275703772e-06 
-3.039249131610e-05 -1.317850605146e-06  2.659446856761e-04 
 1.145438635476e-04  4.016122911692e-05 -3.142037249398e-06 
 8.200430427368e-06 -4.631587129078e-05  8.740628319996e-04 
-1.142748548244e-04 -7.383732111594e-05  1.384822487322e-04 
-1.602663023176e-04 -4.293189541092e-04  2.744056808226e-04 
 1.102995112112e-05 -3.293765429853e-06 -4.419168036064e-05 
 1.001723858453e+00  1.017757300882e-02 -5.808999313207e-03 
 1.820751622298e-04 -2.550643668703e-04  2.342645926464e-03 
-4.535635637869e-04  1.091349461534e-04 -2.855955240601e-04 
-1.477027316844e-03 -3.821686889303e-04 -2.303837480204e-05 
 2.409320350190e-04  1.266983816575e-03 -4.116163462699e-04 
 1.046555723634e-03 -2.728756217576e-03  5.996692983157e-05 
-6.587975453593e-05  8.478822559216e-05 -5.180225780824e-04 
 1.931853461514e-04  1.737639621052e-03  2.381001641926e-04 
 4.123286511253e-05 -1.033889508561e-04  2.357307828211e-05 
-1.408449279108e-04 -2.763080823443e-03  2.993932469159e-03 
 6.446637490551e-04 -9.273879586619e-05 -3.968106190372e-04 
-1.377941913063e-04 -1.519954753604e-04 -9.079673766129e-05 
 6.706090027078e-05 -4.166866336625e-06  4.210591405126e-04 
-2.639016969458e-04 -8.306358864050e-05  1.135969960411e-04 
-2.464651106478e-04 -2.493745397797e-03  2.248267073782e-03 
-6.670915867576e-04  4.859342856530e-04 -5.235562165811e-04 
-2.494374630945e-02  5.448488583700e-01 -2.486035639508e-01 
-2.015364346831e-02 -2.003046484370e-02  2.615525498176e-01 
 8.967625163102e-04  1.270100992178e-02 -1.315888678938e-01 
 4.675443129039e-03 -3.362900161018e-03  3.180666482923e-02 
-5.543278708800e-03 -3.920236452604e-03 -1.137328949385e-02 
 7.194594582484e-01 -9.926524781620e-02  5.717032639979e-02 
-7.775692710172e-03 -2.233662428913e-01 -6.057279135253e-03 
-5.039549424650e-03  6.112216230572e-02 -2.736994772758e-03 
-1.357177151364e-03  1.946346799240e-02 -6.437135519252e-03 
 8.659991183102e-04  2.027229948693e-01 -1.021101245936e-01 
-1.980091609879e-02  6.029254580368e-03  4.016713805774e-03 
 1.626923491445e-02 -7.448603857840e-03  7.784680134792e-04 
-5.502204212164e-04 -6.191096941008e-04  8.542091643015e-02 
-3.711405397928e-02 -5.404708119361e-03  7.683847610407e-03 
-7.037722622163e-03  1.497002648140e-01 -8.310617374969e-02 
 1.549171420891e-02 -8.769868697099e-03  7.900446743463e-03 
 1.127514843133e-02 -5.450804828422e-01  8.811294780923e-02 
-3.204666013656e-01  7.940584894828e-02  3.349406600843e-01 
 1.252497168144e-01 -3.441771828553e-02 -8.793081901159e-02 
 1.137808851608e-02 -1.102603389470e-03  2.766369745011e-02 
-8.532866891491e-03 -9.694478166503e-03 -1.290069075382e-03 
 4.760134753248e-01 -1.738738886979e-03 -6.188336594947e-02 
 1.940257895624e-03  4.207538120805e-02  1.433454739483e-02 
-4.262424796079e-03 -4.093623557503e-03 -2.848207599484e-03 
-3.541557301145e-03  1.471823735291e-03  7.192538229426e-03 
-1.423122092536e-03 -6.259418684363e-01  2.647931429533e-01 
 3.598776710692e-02 -1.232879662405e-02  9.256438114805e-04 
 2.488058848252e-02 -1.502729522449e-02  7.923200555582e-04 
-2.618786672191e-04 -8.535788788500e-04  9.243467462097e-02 
-3.371692843821e-02 -6.083075757754e-03  6.339991578671e-03 
-1.427287521452e-03 -1.666493694691e-01  9.163390739689e-02 
-1.680728736658e-02  7.528557052532e-03  8.087561373400e-04 
 1.729959785021e-03  2.710577894297e-01 -1.267917606784e-02 
-5.523409670876e-01  2.874382866546e-01 -1.790831006358e-01 
 1.869721371345e-01 -9.064654318303e-02  4.520286492841e-02 
-3.896365388792e-03  5.633323427314e-03 -9.317646970916e-03 
-8.436091873191e-03  2.437191356998e-03  1.681941948698e-03 
-1.463693110966e-01 -2.662395453670e-02 -2.082659734977e-01 
 1.209160166545e-01 -8.053782752188e-02  2.179502033127e-02 
-9.713283770363e-03  1.784443586647e-02  5.240313507016e-03 
-7.564085514758e-03  7.907897630301e-03  1.507717498561e-02 
-3.959478028250e-03 -3.254348702177e-01  1.193948980265e-01 
 1.186209249710e-02 -1.804628943649e-03 -5.943462424335e-03 
-5.378248683294e-03 -4.204742714454e-03 -1.107188238053e-03 
 7.832225997735e-04  1.683678813352e-03 -1.094101730114e-01 
 5.577849476933e-02  5.100373331797e-03 -8.377290674456e-03 
 9.237152203779e-03  6.111700375470e-01 -2.616685515524e-01 
 2.850229975546e-02 -1.604731354394e-02  9.450476703386e-03 
 3.435360708123e-03  2.580091032167e-02 -6.899224066546e-02 
 2.206686912271e-01  2.816704625450e-01  3.111761103935e-01 
-2.086275788140e-02 -4.685327866270e-02 -9.394700810197e-02 
 2.257209774942e-03  4.470943509856e-02  2.207540486854e-02 
 1.495186311353e-03 -5.528171359841e-04  3.395648677996e-03 
 1.393806487160e-02 -4.700607872012e-02  5.758636912191e-02 
 6.381835572797e-01 -2.458824161516e-01 -3.377621014677e-02 
-3.954359255560e-03  4.851149756940e-02  1.798849182151e-02 
-1.988362431088e-02  1.088790174241e-02 -1.936627463178e-02 
 5.559685011335e-03  5.391348634040e-02 -3.176032385929e-02 
 2.809607640759e-04  1.003158341497e-02  5.499390800880e-03 
 1.798379011837e-02 -1.076963334299e-02 -2.925985995684e-04 
-1.945880946193e-04  6.353698871403e-04 -3.857361374131e-01 
 9.872904090566e-02  1.648997064447e-02 -1.319865663001e-02 
 1.473515853413e-02 -1.882963901350e-01  6.011755641882e-02 
-2.714201790386e-03  1.009729924560e-02  1.471839366465e-03 
 4.228883659213e-03  9.246329507180e-02 -1.223218786494e-01 
-1.856880250304e-01  3.021571745915e-02  3.745246297203e-01 
 2.627675389355e-02  1.101950662141e-02 -1.264456315717e-01 
 3.019721422937e-03 -1.583113861691e-02  2.688679674480e-02 
 2.051763459513e-02 -9.731568413678e-03 -8.243350540314e-03 
-3.443149562263e-01 -9.316150796688e-02  5.258418672274e-01 
-2.142239368490e-01 -5.730823112357e-01  2.094966709472e-02 
-1.331615246365e-02  5.833312946183e-02 -6.811062210638e-03 
 1.336931646307e-03  1.568289135639e-02 -1.014551425713e-02 
 2.764029141982e-03 -2.524966988564e-01  8.046029059593e-02 
 6.115367248830e-03 -3.300280903838e-03  8.469523240165e-03 
-1.520042336858e-01  6.079931882721e-02 -6.195162492481e-03 
 4.018303725553e-03  7.133545204572e-03  1.845490533019e-01 
-1.184715564067e-02  1.365338155423e-03  3.669679776802e-03 
-1.073366932101e-02  8.161784678210e-02 -2.713903589704e-02 
 7.842183468228e-04 -1.482117308166e-03  6.691416433747e-03 
 3.009779854510e-03  8.051047286922e-02 -5.193561771261e-02 
-4.496923309085e-02 -4.058157895951e-01  2.475679811812e-01 
 3.998638159521e-02  4.242372596503e-02 -8.080270570717e-02 
 1.105022077336e-02 -2.188034659369e-02  4.856988432877e-03 
-4.228553532953e-02  7.185023750466e-04  3.099085602124e-03 
-4.175024732494e-02 -6.330281615682e-02 -5.402627600906e-01 
-1.936736167170e-01 -4.194771402050e-01 -4.033249368665e-02 
 2.230546081872e-02  5.746004767536e-02  7.447045388599e-03 
 2.694853397443e-02  2.288356809558e-02  1.994596024177e-03 
-6.986734989621e-03  8.969309749879e-02 -5.320438059055e-02 
-6.517230902597e-03 -7.262705030555e-03  1.169455420658e-03 
 1.992914154780e-02 -5.894434134405e-03 -1.435877810043e-04 
-2.220384389656e-04  4.167024427414e-04 -3.797519446258e-01 
 7.596270294286e-02  7.085003493838e-03 -2.055539305684e-02 
 7.829731764249e-03 -2.557338481388e-01  8.416084128213e-02 
-1.156378946687e-02 -2.512876997391e-03 -1.172386469214e-03 
 4.073035095570e-03  3.656852398653e-02 -7.617373027434e-02 
-2.396975704690e-02 -2.663487207972e-02  8.891981541635e-02 
 1.733336280942e-02 -9.199510317262e-03 -2.355828236682e-02 
-1.810158661005e-03 -7.651769938985e-03  1.048428596230e-03 
 1.118979659391e-02 -2.849942914459e-03 -7.572479376873e-03 
-2.619333981199e-01 -1.172500670911e-01  1.637133854711e-01 
-5.250224831225e-02 -1.872927855096e-01  2.257376143320e-02 
-2.223623527279e-03 -2.814131982148e-02 -1.149838788257e-02 
 6.455923193197e-03  4.389078907031e-03 -1.162838254067e-02 
 4.159580237018e-03 -2.857281239166e-02 -1.321233230376e-02 
-1.328264307901e-03 -1.462264170445e-03  6.139279795232e-03 
 1.021541852535e+00  4.402936503935e-02 -1.589231314794e-03 
 2.460293833921e-03 -6.113423956204e-04  1.268894925122e-01 
 2.301511917636e-02  2.678528853203e-03  2.206143337776e-04 
-5.566049959690e-03  4.306349638949e-02  2.266779229940e-02 
-7.510709371363e-04 -2.913354443009e-04  1.854246912302e-03 
 5.131462237948e-03 -2.331509430180e-02 -2.496058342645e-01 
 1.132610250505e-01  3.344867751516e-01  1.177706889958e-01 
-1.965274814223e-02  1.610845577716e-01  1.773932018349e-02 
-2.459969866986e-03  1.286837823354e-02 -1.259002464655e-02 
-3.268303051656e-02  3.846424780122e-03  5.979501515994e-03 
-1.686099149669e-01 -2.077783050154e-01 -4.856328032552e-01 
 6.791513539389e-02 -1.892289225567e-01 -1.963436201011e-01 
 8.873358254001e-03 -1.198488896930e-01 -4.031531490726e-03 
-1.997020959528e-02  3.054282844983e-03  9.469541675501e-03 
-6.348613928554e-03  1.646508596328e-01  2.489150506563e-01 
 3.275285970644e-03  9.982762684739e-03  1.720104614513e-03 
-7.597780638901e-02 -6.565055727719e-02 -3.003502678474e-03 
-1.356665975042e-03 -2.165811061023e-03  5.268808208184e-01 
 4.420515777183e-01  3.941537198440e-03 -1.552448611059e-02 
 1.502433281324e-03 -9.695793951170e-02 -9.300439566491e-02 
 1.718864306170e-03  1.159073646930e-02  1.085271424035e-02 
 9.804344318223e-04 -8.767096382765e-03 -1.512232078845e-01 
-2.763531093096e-01 -4.904861173517e-01 -4.888327159845e-02 
-2.653776798437e-01 -2.918932025457e-01 -3.947145021533e-02 
-3.242766981795e-03  2.615660949810e-02 -1.625458310667e-03 
-7.089534900178e-03 -2.917858428048e-03  4.683091692974e-03 
-6.528292447700e-02 -1.231798165384e-01  4.669534665389e-02 
 5.649632212965e-01 -3.030604345715e-03  5.859615115100e-02 
 3.296186849545e-01 -2.587136257773e-02  7.308329364875e-04 
 3.709075103123e-03  3.532540847205e-03  1.131349233234e-02 
 3.567000743152e-03  1.304134437299e-02  3.296612549886e-01 
-8.826833045464e-03 -2.166989036418e-02 -1.008645868080e-03 
-5.790463566359e-02 -7.388728395493e-02  3.986198102940e-03 
 4.491362786391e-03 -8.566320576332e-04  1.859092633359e-01 
 3.409117555891e-01  1.771237422274e-02 -4.927534299286e-04 
 2.306818208282e-03 -6.396117647529e-02 -1.039175153335e-01 
-9.439039650420e-03 -1.702257062017e-02  1.427582309070e-03 
-2.420514919453e-02  3.511132755709e-01  1.540136586858e+00 
-4.190511508762e-02  7.590821349474e-02 -2.331559911784e-01 
-2.677617498677e-02  1.088950736283e-01 -3.946212396219e-01 
 5.909071102764e-03  7.141002362513e-03  5.825935436084e-03 
-7.198253154399e-03 -7.391116324478e-03 -1.894649046710e-03 
 1.050298316681e-02  1.051015829453e-01 -1.266560948042e-02 
 5.052969205008e-02 -6.884208792779e-02 -1.340948690912e-02 
 1.191297220056e-02  2.560980009219e-02  4.842250416953e-03 
-5.791819776806e-03  1.430628206734e-02  1.220175445162e-03 
-9.340776899638e-03 -2.231843049700e-01 -1.030967701821e+00 
 5.091455013789e-03  1.273784057940e-03 -1.694983679551e-02 
 7.169330374877e-02  4.181101508945e-02  2.170940848871e-03 
-8.248900176965e-04  9.301429966712e-03  1.469529261474e-01 
 2.211393588045e-01 -7.503576972301e-03 -4.197170777172e-03 
 1.333678408079e-02 -2.917831528110e-01 -1.308102113413e+00 
 1.192954948519e-03  2.683155126024e-03 -1.038634477926e-02 
 1.313155828607e-02 -1.925599116011e-02 -7.519242161981e-01 
-3.918268842456e-01  1.705407182516e-01 -4.094201855980e-02 
-1.325387747522e+00  6.560423883568e-01 -2.638100498126e-01 
 1.711909286275e-02  4.516628757617e-04  4.268116902026e-03 
-1.547081801307e-02 -1.070439297516e-02 -8.516690424209e-03 
 3.020895097376e-02  2.464664046553e-01  8.214804534353e-02 
-1.343123837538e-01  1.799015069783e-03  2.424478702298e-01 
-1.500705297965e-01 -1.668897564204e-02  1.299846993932e-03 
 5.629206527557e-03  3.593032465772e-04 -1.065995038553e-03 
 4.041594045666e-03 -8.365488470856e-02  2.674536827143e+00 
-6.928637666766e-03  5.865684127102e-03  4.743144071261e-03 
 9.586303243360e-02  1.037346029887e-01  4.633403983091e-03 
-3.292651525323e-03  2.617564066816e-03 -1.726125472571e-01 
-3.710083871634e-01  9.238467361784e-03  3.805084265636e-03 
-7.154701591124e-03 -1.647966560706e-02 -1.750382484650e+00 
 5.844149683309e-03 -4.259907217968e-03 -3.912419930173e-03 
 2.902749518456e-02 -5.229448767853e-02 -2.307934426879e+00 
 6.142803503356e-02 -8.852964783645e-04 -1.334675191195e-02 
 4.985090134525e-01 -1.987121042359e-02 -1.904624773778e+00 
 6.105327426909e-02  1.338031837453e-02  1.463081372002e-02 
-1.220639160608e-02 -5.728303341770e-02 -5.619035664678e-02 
 5.581490144427e-02  2.079945331574e+00  1.523112435720e-02 
 3.844855462997e-02 -2.741851874777e-01  4.809974810888e-02 
 6.749059386131e-02 -8.109121568285e-01 -2.219324958455e-03 
-4.773206688570e-03  3.366420282279e-02 -1.075670697155e-02 
-2.876752537673e-03 -3.192324066653e-01  2.737893961656e-01 
-2.862283150541e-02  9.728976696463e-03 -1.070162928413e-03 
 4.833888954974e-02  8.388703382443e-02  3.208185833973e-03 
-3.170348421080e-03 -2.611827156295e-03  8.340717035914e-02 
 2.213631019082e-01  9.064121770317e-04 -6.255286412360e-03 
 1.071520766885e-02 -3.770181402942e-01  9.700387237271e-01 
 2.775915851419e-02 -1.179203531092e-02  7.607134133669e-03 
 1.360951855284e-01  4.315582755462e-01 -1.747202154577e+00 
 1.039701766004e-02  8.123911947404e-02  6.569637663721e-02 
-1.551261900826e-02 -1.448678133343e-01 -7.262312815644e-01 
-1.408344937173e-01  2.235100537107e-02 -6.973183452851e-02 
-1.249532404859e-02  1.207471421781e-01 -5.695302436974e-02 
-1.488056412011e-01  1.464952578130e+00 -1.543968473329e-01 
 2.074059320684e-01 -5.562330493740e-02  2.048552637937e-01 
-1.298056428281e-01 -3.741495278224e-01 -7.516556356261e-02 
-3.348966217816e-02  2.108918624424e-02  7.780208479685e-03 
 1.695142888140e-02  6.844287901445e-01 -2.371580125574e-01 
 7.584880657408e-02 -3.268121764874e-02  3.084368253063e-03 
 4.099774044657e-01 -3.388300991779e-01  4.392195176197e-03 
 1.072247295757e-04 -1.424269254641e-02  1.544944147137e+00 
-1.726860142712e+00  2.137369088624e-02 -3.846555080343e-03 
-1.872112228945e-03  6.935081752395e-01 -5.282424172841e-01 
-4.887984347919e-02  1.579599056779e-02  1.310137496887e-02 
 1.841000490230e-01  6.025436604677e-01 -1.791477369292e+00 
 1.450938334077e-01  1.211437796229e-01  3.256395043869e-01 
-1.790011100823e-01 -3.506107356036e-02 -1.263863967348e+00 
-1.415119530349e-01 -5.869035942414e-02 -8.789168288471e-02 
 8.981242925651e-02  1.125380266862e-01  3.286072821343e-02 
 2.758216382341e-01  8.301980630271e-01  1.315748547466e-01 
-1.283095463656e-01  5.987468644510e-02 -1.259884594496e-01 
 2.150758540306e-01 -4.733325298587e-01  1.866420612578e-02 
 4.047282448938e-03  6.405822539729e-02 -4.123099185675e-02 
 2.410886012757e-02  6.515959129233e-01 -5.164590933920e-01 
 7.274148449179e-02 -2.331558011606e-02  3.113381985151e-02 
 1.072207291473e-01 -8.823849477699e-02  1.785780339098e-02 
-2.484139783615e-02  2.453315733280e-02 -1.275460563843e+00 
 1.760666974271e+00 -1.875487019420e-02  1.784514760636e-02 
 2.497218813733e-02  9.396976707315e-01 -9.988030450396e-01 
-8.143084236426e-02  5.096781852775e-02 -2.747366056502e-02 
 7.222169103811e-02  2.912399823624e-01 -5.524344626441e-01 
-5.045956001044e-01 -1.301671782374e+00 -7.733182638084e-02 
 5.248531863249e-01  1.661793284039e+00 -1.374344268646e-01 
-2.471050496744e-02 -3.766485484672e-02 -3.428879094859e-02 
-3.382339445719e-02  4.326530374244e-02 -2.104433948351e-03 
 1.323331666727e-03  2.628033115945e-01 -1.508645221879e-01 
-6.477924074262e-02 -5.016678736593e-02  1.896967963774e-01 
-2.384538224673e-02 -4.946128703518e-02 -1.648986576771e-02 
 6.712872600804e-02  3.035838445391e-02  2.927849192971e-02 
 6.655111616598e-03  1.849664841823e-01 -1.236789812140e-01 
-3.774455876660e-04 -7.612023015206e-02 -2.469253126519e-03 
-1.319796129802e-01  1.695662462250e-01  2.085946838796e-02 
 9.497641579139e-03 -1.532237723116e-03 -1.167385334574e-02 
 1.468665181553e-01  3.812342152870e-02  2.021536401801e-02 
 4.625063642225e-02  1.432883083960e-01 -2.170871925045e-01 
-3.651651305185e-02 -2.759911801042e-02 -1.164985601481e-02 
 1.872716976305e-02  3.043577159078e-02 -9.578361159150e-01 
 1.258171180554e-01  1.053800039415e-01 -2.144038980231e-01 
-6.537399361766e-01  1.346108188452e-01 -3.880519084261e-01 
-4.331142988735e-02  5.206688286600e-02 -1.571967776046e-02 
-6.283694746993e-02  5.996342804199e-02  1.853443820719e-02 
 1.728082476795e-01  3.130984653626e-01 -1.394729543798e-01 
 1.236989567952e-01  7.388152039440e-02  5.674968888105e-01 
-2.886797416265e-01 -7.150920334676e-01  1.835882159538e-02 
-2.934757316369e-02 -2.555640300156e-03  3.409998066753e-02 
-3.777416100250e-03  3.918878785317e-01  1.495237398429e-01 
 4.428676133480e-02 -6.422157484335e-03 -3.111744374945e-02 
-1.812817962106e+00  2.447099406355e+00 -2.485552811425e-02 
 1.511575132115e-02  1.598056606764e-02  8.157935685263e-02 
-1.593967945010e-01 -7.941644122471e-03  5.478228922740e-03 
 3.056142267591e-02  2.337587267923e-02 -4.925036587085e-01 
-9.149059328452e-03 -1.340393678655e-03  2.245087937902e-02 
-3.325632817933e-02 -2.273648962985e-01 -1.628992870354e+00 
-5.044992067683e-02  6.000104441365e-02 -1.242810511522e+00 
 9.664632429709e-01 -3.678898029021e-01  5.474268418478e-01 
-5.024409799217e-02 -7.784659941353e-02  1.392539088367e-01 
 3.332808289111e-02 -2.776610066694e-02 -7.344027303806e-05 
 3.588975015967e-01  7.739384615556e-01  1.297582440955e-01 
-1.213308269030e-01  1.076968193250e-01 -2.600347627287e-01 
 3.989876626648e-01 -1.508486101719e+00 -3.656075823188e-02 
 2.766045114615e-02 -1.060017597533e-01  7.684629212980e-03 
 5.051866136909e-03 -2.925091031440e-02 -4.594709005061e-01 
-2.967529229765e-02 -2.164952548441e-02 -3.402045420614e-02 
 3.845480560194e-01 -2.670088725059e-01 -2.999221866709e-02 
 3.413746439401e-02 -7.179521859868e-02 -1.993658551588e-01 
 5.850662234533e-01  2.007561079087e-02  1.340492344110e-02 
-1.790483803983e-01  4.416019055072e-01  4.149382000341e-01 
 4.719724541981e-02 -1.319124191105e-03 -2.678050343072e-02 
 7.377893818644e-02  3.448149220685e-01  1.252777623026e-01 
-1.169752236406e+00  5.021008168259e-01  1.164773178912e-01 
 3.643956392754e+00 -1.620079264760e+00  2.486622707589e-01 
-3.494050312175e-02  3.609340663937e-02 -7.533832672682e-02 
-9.141431897975e-02  1.043817822067e-02  2.213350549303e-02 
 4.286392490714e-02 -1.512061043080e-01 -1.433191530566e-01 
 1.352606805609e-02  7.741001453448e-02 -1.974217495042e-01 
 1.423780639604e-01  9.983203577615e-02  3.886153687010e-03 
-3.122995155959e-02  5.391896808802e-02  5.361850654487e-02 
-1.967865600330e-02 -1.735054288263e-01 -2.423504823123e+00 
 1.542014620748e-01 -8.779506831439e-02 -3.569816524577e-03 
-1.099848651335e-01  7.747356874421e-02 -2.369536970790e-03 
-4.130238477898e-04  4.614779531517e-02 -2.482671280365e-01 
 2.707174622864e-01 -2.351535427247e-02  1.146568014695e-02 
-2.439500170191e-02  1.254500470055e-01  2.169817895516e+00 
 1.457168813494e-01 -4.819624393815e-02  7.304277249987e-02 
-4.363326870358e-01 -1.943348990252e+00  3.364806381353e+00 
-1.286928570794e-01 -2.696348037085e-01  2.894590749604e-01 
 1.022919998068e+00  3.084914654339e-01 -4.874058168275e-01 
-2.164403124808e-01  5.559789501470e-02 -1.795418720716e-01 
 1.890611552692e-01 -5.639742371064e-03 -2.007622804614e-02 
-9.578222386782e-02  1.713799135682e-01  4.545993984114e-01 
 6.595536323301e-01  3.273848055537e-01 -8.333701574817e-01 
-8.130072878151e-01 -6.380518550730e-01 -4.527600970349e-03 
 3.939421834206e-03 -1.412162583870e-02 -3.049392193726e-02 
-4.914779968364e-02 -5.721644335159e-01 -9.475496368063e-01 
 1.013627574418e-01 -1.053287704315e-01 -1.026832409789e-02 
-1.254431965130e-01  2.425626967378e-01 -3.810894827900e-02 
-4.177963750267e-02 -1.353757005052e-02  4.945607801471e-02 
 1.041566953231e-01 -8.851148269714e-02 -1.119434913743e-01 
-1.010097801544e-01  2.699113575989e-01 -7.807625422322e-01 
-1.534416101253e-01  1.312780078276e-01 -4.090571293681e-02 
 4.135523867232e-01  1.858967692280e+00 -3.111373649083e+00 
-1.740073955499e-01 -1.386185382961e-01 -2.208776001971e-01 
 4.694026648493e-02  4.649693618058e-01  5.605657296628e-01 
 1.371978582513e-01  1.581026562250e-01  1.908981572431e-01 
 2.438234289885e-02 -4.074840240112e-02  3.742782599147e-02 
 1.588564534529e-01 -2.610410526033e-01  8.156035073630e-01 
 6.303416652166e-01  1.173599011294e-02 -1.044155405719e+00 
-1.000078002448e+00  2.231244884950e-01  1.453501455470e-02 
-3.689606845343e-02  2.989929959086e-02  1.953794911370e-02 
 1.328319770673e-02  4.205485087556e-01  7.820726814049e-01 
-1.175847454210e-01  5.272137649797e-02 -7.638498885505e-02 
-1.208994278376e-02 -1.407265516995e-01 -5.914848912710e-02 
-7.086245680418e-02 -3.690258467992e-03 -5.817328917777e-02 
-6.889061706778e-02 -8.809364208529e-02 -4.197273436595e-02 
 9.250379992325e-02 -1.572514686410e-01  8.157596002446e-01 
 1.063554277907e-01 -1.290827621854e-01  9.323185067335e-02 
 3.160714914170e-01  1.640499463964e+00 -3.218039595361e+00 
 1.543382835417e-01 -3.842255956675e-02  2.047555488363e-01 
 1.169852600208e-01 -8.562839526491e-02 -3.091296659824e-01 
-1.326301357240e-02 -2.834502941013e-02 -7.849953789222e-02 
 9.095761443748e-02 -3.938792987562e-01  3.278028929794e-02 
 8.899146415518e-02  4.154353183880e-01 -4.642516028416e-01 
 2.178320331164e-01  5.236647495984e-01  4.132213051146e-01 
-2.294590344687e-01 -6.663796552333e-01 -4.649838935847e-02 
 2.160421471439e-02  9.688538952185e-02 -1.077533500345e-01 
-2.832629760226e-02 -6.273113601804e-01  1.207077357304e+00 
-2.936677087952e-01 -3.715199646667e-02  1.400088701410e-01 
-1.348849132038e-01  3.157991112350e-01  4.632875051444e-02 
-3.500879479762e-02 -1.726713025479e-02  1.517327362730e-01 
-2.699621692013e-01  6.690898156039e-02 -7.159160349913e-02 
-8.387380045389e-02  5.695202927117e-01  1.793836140968e-01 
 1.478453056285e-01  7.745897870983e-02 -2.916916925588e-02 
 4.964132871618e-03  2.393483527398e-01 -1.802014352901e+00 
-4.795377441276e-02 -3.392908301073e-02  2.652719532821e-01 
-3.629912490749e-01  2.267533905497e-01 -1.241742021626e+00 
 7.053230106331e-02  4.073767259198e-02 -3.463634396612e-01 
-4.672414763144e-03 -2.870488410685e-02 -1.659887303224e-02 
-7.832891729102e-02  1.336922071329e+00  3.985975819204e-01 
-5.667988361123e-01  9.322019866150e-01 -2.802914597121e-01 
 8.012802865194e-01 -1.805240176501e+00 -4.293749079090e-02 
-4.665499796831e-02  1.079123033995e-01  4.739102973817e-02 
-2.754277788475e-04  4.428486175371e-01 -2.599158724931e-02 
 3.956501681843e-03  9.635658373128e-03 -5.243004170717e-02 
 2.073306552652e-01 -9.849978594583e-02 -5.555572073513e-02 
 8.430240724115e-02 -6.585050421160e-02  1.713847146208e-01 
 3.847137358489e-01 -4.595802619862e-02  9.051206854632e-02 
 2.139325969262e-02 -7.209400246904e-01  2.684549732507e-01 
-2.331874348202e-03 -2.943738391292e-02  2.267125773594e-01 
-2.443226929634e-02 -1.956024912749e-02 -7.696935058374e-01 
-1.036047272798e-01 -1.595556502692e-02 -3.694667477803e-02 
-1.153956552482e-01  3.017535317011e-01 -4.126796506177e-01 
 3.368960875865e-01  4.562919278828e-02 -1.136647923818e-01 
 1.498755540224e-01  2.859642084207e-01 -1.268951345245e-02 
 6.021122682374e-03  6.778070802870e-01 -4.624811266591e-01 
 4.693485787143e-01  4.096640085766e-01  7.296733388106e-01 
-7.424041280399e-01 -8.777464390398e-01  6.846716868023e-02 
 3.961335060272e-02  1.823883946241e-02 -5.616820402316e-02 
 9.767756300253e-02  7.561630150545e-02  2.008203970578e-02 
 9.543654712965e-02  1.556637626003e-01  2.089474063160e-01 
 3.335715830695e-01 -4.185683614319e-02 -2.008395446936e-02 
-4.032771632415e-02  2.941210988401e-03 -1.997897241284e-01 
 1.252291177129e-01  1.481389724832e-01 -6.586818789445e-02 
-1.567124278349e-02 -1.925951115509e-01  1.146781465444e-01 
-1.345453365377e-02 -2.274214932451e-01 -1.528126910020e-01 
 3.852811526916e-02  2.375537563071e-01 -1.540187123003e-01 
-1.690048801836e-01  2.608358600005e-02  1.307213132416e-01 
 2.076491723832e+00 -9.899614737402e-01 -1.221734233581e-01 
 1.190749296937e-01 -1.067310685265e-01  5.371135288287e-02 
 3.027675907171e-01  1.431770626920e-01 -1.221071615361e-01 
-6.291182431256e-01  8.143995505471e-01  4.214382117981e-01 
-5.781467150290e-01 -5.900054047332e-02 -1.240786767904e+00 
 1.149419981441e+00 -6.716463660876e-05 -4.680472880771e-02 
 3.090702049346e-02  4.456395906479e-03 -8.931046145160e-02 
 3.505360988509e-02 -8.727781188359e-01 -5.873740229076e-01 
-7.401293537213e-02  1.579511309739e-01  1.164871782352e-02 
-8.759870008341e-01  6.086845204675e-01  1.368493283303e-01 
-5.084366139082e-02 -2.081811292174e-01  6.398227623194e-01 
-3.182446027112e-01 -7.767290146763e-03 -9.455341195503e-02 
-9.468509221470e-02  8.540634312196e-01  3.099566046105e-01 
-1.185651010741e-01 -1.268159055684e-01  4.714303255056e-02 
-1.630669303231e-02 -7.925952455526e-02 -4.653345724507e-01 
-1.223699798137e-01  9.740452091737e-02 -7.055588296253e-02 
-1.411788792159e+00  6.889251840803e-01 -5.769162075833e-01 
-1.777561015330e-01 -1.583696070056e-01  3.532559157383e-02 
 1.811104248405e-01 -4.597418094400e-02 -2.104272663429e-01 
-9.831728985951e-01  1.531171187647e+00  1.275218822327e-01 
 5.879660412090e-02 -1.156444770932e-01  5.838561488904e-02 
-1.550085490338e-01 -6.761342878158e-02 -1.101533204215e-01 
 4.244196425614e-02 -4.053238119202e-02 -7.514182557602e-02 
 8.041494232537e-02  1.213595073977e+00  6.408546822154e-02 
 1.217586675125e-01 -2.057193037478e-01  3.426325644659e-01 
-2.140554784703e-01  1.514540575722e-01  8.232160617575e-02 
-8.287996929250e-02 -2.019788386328e-01 -4.046887992205e-02 
 1.442328335327e-02  1.072894704675e-01  1.136121039096e-01 
-1.059672574476e-01 -1.412182473884e+00  7.944781201405e-02 
 2.626390292981e-01 -2.600893547768e-03 -1.034928905658e-01 
-4.260938151549e-02 -1.263692802895e-01  1.347231320936e-01 
 7.889843228023e-02  9.223369935004e-02  1.937782054427e-02 
 4.765209134687e-01 -2.739456761365e-01 -2.276406079764e-01 
 3.458001002259e-02 -3.778634455859e-01 -1.161833011561e-01 
-3.447125305693e-01  8.961060729338e-02 -1.275146443822e-01 
-5.841169277598e-01  8.781017986819e-01  2.665999863103e-01 
 4.833494970696e-01  1.383385465502e-02 -2.305557492538e-01 
-4.249892846365e-01 -6.399057266367e-02 -5.147575527489e-02 
 1.108162371271e-01  2.387194801990e-02  8.424589616472e-02 
 1.996148060563e-01 -5.155392137531e-01 -1.252771724379e-01 
-9.235032433929e-02  7.557464110280e-02 -1.135548231639e-02 
-9.780101963532e-02  8.974580383188e-02  2.610088504118e-02 
-1.554827820091e-01 -1.197828173689e-02 -1.759185929506e-01 
 1.026901334357e-01  4.664025875032e-01  3.437818474588e-01 
-1.216231022764e-01  3.019828573541e-01 -1.346633276113e-02 
-6.153398478593e-02  7.552611898050e-02  2.136868063837e-01 
 5.769704583385e-02  1.887299844831e-01  9.706316042672e-02 
-1.979305675051e-02  9.030309828606e-02  1.332084268666e-01 
-6.292748140803e-01 -5.233051031225e-02  2.373662945120e-01 
 1.572469970657e-01 -5.949846961443e-01 -8.106845755327e-02 
-1.749071815067e-01 -5.569643055262e-02  1.527771039572e-01 
 6.948804876044e-01 -1.172990200028e+00  2.614572705861e-01 
 2.241298160976e-01  9.485537018906e-02 -4.299319731340e-02 
 6.182378061159e-02  2.164232649340e-01  1.547817284188e-02 
 1.790914236074e-01  4.920216945663e-02  1.430911093148e-02 
-1.903401160687e-01  5.405053981721e-01  5.841417111534e-02 
 1.351806533869e-01  6.425802543594e-02 -1.300311269621e-01 
-6.995580341671e-02  7.435998154489e-02  2.068492333359e-01 
 2.160086866900e-01  2.946939300486e-02  3.099558587616e-01 
-2.964776104445e-01 -1.255688167392e-01 -4.006708181077e-01 
-4.221527900338e-02 -2.467690805806e-01 -4.634436295968e-02 
 8.866120285887e-02  5.475773501349e-02 -1.752209558305e-01 
-6.303596983569e-02 -3.499437104608e-01  2.060096806155e+00 
-1.246482717682e-01  6.499326233108e-02  1.855867517890e-01 
 3.935577974027e-01 -3.413393078129e-01  9.309462145213e-01 
 7.932993446268e-02 -3.376473650177e-02  1.326692164147e-01 
 1.832089557600e-01 -1.504833779494e-01  4.038633799894e-01 
 1.815381646700e+00 -3.342366061436e+00  2.459368475464e-01 
-2.299185842398e-01  1.400886272754e-01 -6.522381634885e-01 
 2.765316957277e-01  4.939000596629e-01  9.832874359218e-02 
 4.089565374608e-03  2.669832457123e-02 -2.011818106249e-02 
 1.069999327817e-01  1.630069716812e-01 -5.197474376548e-01 
 1.106473231553e-01 -6.750115940032e-02 -1.268683422232e-01 
-1.230658010839e-01  8.659452896241e-02 -1.950044677660e-01 
-1.173364821194e-01 -6.270848594896e-02  6.323822567272e-01 
-4.934686126552e-01  4.263113456192e-01  1.648122972232e-01 
 4.129369799505e-01  1.190336508712e-01  9.211083531474e-06 
 7.343995475735e-02  1.073035288743e-01 -2.307795198660e-01 
 2.820983205134e-02  1.052806307951e-01 -1.602588134177e+00 
 3.272243986131e-02  2.668069164619e-02 -2.446564912448e-01 
 8.000567615192e-01 -4.574001054326e-01 -4.318588792006e-01 
 9.814064234669e-02 -2.258726074356e-01 -2.311604516466e-01 
 6.443289904057e-02 -8.217505185761e-02 -2.557460191325e-01 
-1.105727832933e+00  2.439063326459e+00 -9.565834642676e-02 
 2.841031917748e-01 -1.541919554131e-01  1.539118943802e-02 
-2.349046318888e-02 -6.478850761515e-01  5.064946159765e-02 
-1.673226548082e-02 -3.477947724615e-02  1.029292026252e-01 
-2.220900519691e-02 -3.817443430490e-01  1.222756698903e-02 
-1.233270773281e-02  9.168477283402e-02  9.063385323359e-03 
 4.450040685257e-03  3.349870076107e-03 -2.556816592885e-01 
 2.844699025736e-01 -3.590380956580e-01 -1.330580787953e-01 
 1.176483941268e-01 -3.346958492431e-01  2.730779902145e-01 
 5.313730346096e-01  6.155074744058e-01  9.110429335985e-02 
 4.065253742839e-02  6.157430764537e-02 -8.506191318692e-02 
 8.764677603307e-02  2.949798680643e-01 -3.228871282955e+00 
 4.010532149079e-03  3.326757174195e-02 -4.800968329090e-01 
-1.346852598873e-01  4.322152491290e-03 -1.034368869696e+00 
 7.501507666500e-02  7.381104855727e-02 -3.633504400035e-01 
 3.043012275445e-02 -8.745622258921e-02 -4.802278919966e-01 
-1.926606442956e+00  4.694075470815e+00  5.156636405749e-02 
-1.930436802248e-01 -2.244642685694e-01  4.386714630360e-01 
 1.545135644353e-01 -9.467786167150e-01  3.772211067679e-01 
 9.692926016345e-02 -7.277860579134e-02 -6.245830164273e-04 
-3.065518299032e-02  3.615711163682e-01  2.375819306436e-01 
 2.430831952169e-02 -1.129032812187e-03 -7.193226739314e-02 
 3.763127944703e-02 -1.481466243838e-02 -1.149669832019e-01 
-4.003414168518e-01  2.335972953607e-01 -5.948377255795e-02 
-1.874738423257e-01  1.674226241063e-01 -4.250097873729e-01 
 2.300877120105e-01  1.668399934366e-01  7.587198572049e-02 
 1.123175662635e-01  1.680890599976e-01  4.180253822303e-02 
 9.106468466310e-03  6.759596710082e-02  9.088563992618e-01 
 2.074454824992e-02 -2.614395084095e-02  3.406795705376e-01 
-5.305863121814e-01  3.012752410897e-02  2.033568540830e-01 
-8.357057020063e-04 -1.907949673474e-01  6.391904273930e-02 
-1.690590584114e-01  2.885759715011e-02  1.183630297480e-01 
 4.363351249738e-01 -1.383366418986e+00 -1.921495847738e-01 
-1.019625620940e-01  4.053925155843e-02  3.855160062974e-01 
 3.579776947494e-01  5.327765161881e-01 -9.581934862784e-02 
-3.223193108446e-03  4.369372765595e-02  2.888989589247e-02 
-2.480453339889e-02  1.013269492965e-01  6.104462343144e-02 
-2.676977039870e-03  5.881470673121e-03 -1.095144520117e-01 
-2.301560061880e-03 -1.063242942280e-02 -6.218208345524e-01 
-4.935952282035e-01 -3.560147486328e-01 -1.831137246779e-02 
 6.961588999869e-02 -2.394958770367e-01 -1.436476697733e-01 
-3.137026133377e-01 -1.407070824870e-01 -2.240400036890e-01 
-1.381058184289e-02 -7.907444018061e-02 -1.295314509383e-01 
-1.324391858664e-01 -5.094077267493e-01  1.359901129562e+00 
 7.210656781975e-03 -6.596423379403e-02 -2.732396701866e-01 
 3.011018003784e-01 -3.830603277922e-01  4.809121332864e-01 
-1.204438775808e-01 -2.852589845536e-01  2.088248069312e-01 
-1.696393717964e-02  1.173783671526e-01  2.046733212586e-01 
 9.084525262575e-01 -1.725287315553e+00 -4.813580323410e-02 
-3.835935704330e-02  1.539720758595e-01 -8.343793471004e-02 
 3.873876209408e-01  2.483611714809e-02 -1.986201630996e-01 
-5.232467904163e-03  6.561810869074e-03  8.514737829483e-03 
 1.391160066005e-01 -5.481416509402e-01  7.689732897330e-02 
 1.572162077389e-02  1.488227346971e-01  4.439305725158e-01 
 2.790861844359e-02 -2.146724964562e-02  2.585977031257e-02 
-3.365063110171e-01  2.997579786963e-01  2.816057963227e-01 
-1.684030712020e-01 -3.738116223802e-01 -5.614803321993e-02 
 3.775049391009e-01 -2.145984886885e-01  3.148518818174e-01 
 3.176700515332e-04  1.216663360194e-01  4.127280523735e-01 
-7.478084488660e-02 -2.749906360065e-01  3.820983828134e-01 
 2.010778454576e-01  4.567613385823e-01  1.363545513153e-02 
 2.518176378122e-01 -3.347406014734e-02  9.889552041139e-02 
-4.620171939448e-02 -2.938925264751e-01 -2.400890066758e-02 
-6.191462815537e-02  5.025411775319e-02 -3.822301850331e-02 
-1.407112437722e-01  1.508232602055e-01  3.622003074676e-02 
 1.905393539983e-02  6.675609521730e-02 -1.045984931125e-01 
-1.866202532302e-02 -7.499533298383e-02  6.623926674877e-02 
 1.616960116842e-02 -7.769029822837e-03  1.573340287929e-02 
-5.332812999793e-03 -3.119210651008e-01  6.720062265220e-02 
-3.122737857431e-01 -6.921722667701e-01 -3.938222665931e-02 
 2.844404824658e-02 -6.496701342393e-02 -3.407957937927e-02 
-4.558170344573e-03  1.283931991406e-01  7.929845648064e-02 
-1.282201307506e-01  1.166635096793e-03 -6.266530986265e-02 
 2.011363077416e-01 -1.261097157716e-01  1.945283389305e-01 
-3.030336821825e-01 -7.024761389006e-01 -3.241545413137e-02 
 9.831124996020e-02  3.108947816581e-01 -1.827053315813e+00 
 3.233387751090e-02  5.243965506154e-03 -1.909821655135e-01 
 1.817380078932e-01 -5.436588062102e-02 -4.263712594564e-01 
 2.404478067290e-01 -1.484246082148e-02 -4.114176874694e-01 
 1.206830878804e-01 -2.985711682121e-01  7.050479527586e-02 
 2.665260139388e-01  6.784025870562e-01  5.638615360044e-02 
 4.874458377166e-03 -1.415460116694e-01 -1.798183780787e-01 
 3.285253119152e-01 -9.022308413393e-01 -2.121387117290e-01 
-2.510925700625e-02 -4.953326530676e-02 -2.785171545850e-02 
-2.100196597833e-01  4.022327272361e-01 -2.268706710088e-01 
 1.131860493675e-01  5.072007136327e-02 -2.192196571421e-01 
-8.004069562841e-02  2.068725568151e-01  3.131041326773e-01 
-4.550347035611e-01  2.300441351112e-01  6.436902585204e-02 
 3.754620817955e-01 -2.552017604888e-01  4.852725515724e-01 
-1.534062740887e-02  3.108358151036e-01 -2.632742053375e-02 
-7.228329766234e-02 -1.553063137027e-01 -3.287107030888e-01 
-1.532427235306e-01 -4.366882301389e-01  1.179395326230e+00 
 5.171928771033e-03 -2.429959246292e-01  7.116600296168e-01 
 1.011832642344e+00 -5.337251064249e-01  3.502635300343e-01 
-2.883528595962e-01 -2.607952474989e-01  4.078810112784e-01 
 1.262471958321e-01  2.633730727764e-01 -2.391748000350e-01 
-1.106078884153e+00  2.154359512357e-01  1.866124183062e-01 
-1.927404759869e-01  5.597464869964e-01 -1.065173222966e+00 
 7.948362334493e-01 -1.165611935293e-01  7.382682134312e-02 
-1.287508708273e-01 -1.594726546299e-02  1.915645139624e-01 
-9.247182508982e-02 -6.329339910964e-01 -2.466402084264e-01 
-1.806106218542e-01  2.518809434827e-01 -2.016032267253e-01 
-1.331988173604e-01 -2.918714532416e-01 -2.900895294296e-01 
 1.302233581603e-01  5.648372990497e-01  3.598060579714e-01 
-5.777848531675e-02 -6.486656855960e-02  2.360184812751e-01 
-9.452364882806e-02  3.376553396671e-02  5.871355737069e-01 
 4.048272124163e-01 -5.643935506899e-02 -3.926750594433e-01 
 1.136122080550e-01  4.280112570804e-01 -3.647967284316e-01 
 9.780679480355e-03 -6.228685104902e-02 -1.866776834405e-01 
 1.723533092958e-01 -3.978462987223e-02 -1.005263186099e-01 
-2.066381202418e-01 -1.215279861253e-01  1.753076277154e-01 
 7.982943906011e-02 -3.657867566883e-01 -1.040787907652e-01 
-4.039883364776e-01  6.800772977963e-01  7.089097318850e-02 
 2.054105718190e-02 -1.191459489530e-01 -3.300820914305e-01 
 4.505214208343e-02  3.716909799163e-01 -4.506835024655e-02 
 1.686904494698e-02  2.126837753352e-02 -9.377771841723e-02 
-6.553176846772e-01  2.606694209900e-01 -2.839863247402e-01 
 2.854056196211e-01  3.363021830611e-01  3.063391449452e-01 
-6.748684191719e-02 -1.617513156306e-01 -3.452195885117e-01 
 1.201835809433e-01  1.435805280353e-01  1.015608640609e-02 
-5.396316972333e-02  3.267267484059e-01  1.053273592417e-01 
-1.419489744461e-02  4.886690216505e-02  4.943694413961e-02 
-3.380886049998e-01 -2.625196892779e-01  3.274637145007e-01 
 3.148837071576e-01  1.165500730171e+00 -9.822891268253e-01 
 1.278793006012e-01 -5.456940430231e-03 -2.828811023032e-01 
 8.848798252328e-01 -4.594002323455e-01 -1.490990022330e-01 
 5.397194661812e-01 -1.359841565030e-01 -2.243845438835e-01 
 1.744946095178e-01 -7.801186750087e-02  1.037580017832e-01 
 3.973516609519e-01 -2.630700582003e-02  4.051494944404e-01 
-1.984987597225e-01 -5.080600997271e-01 -1.295654592469e+00 
 9.239255762344e-01  6.722276829484e-01  6.578476399717e-02 
-1.588847158764e-01  6.613886265931e-02  2.860825445286e-01 
 2.153292216381e-01  1.100352768256e-01 -6.396100847936e-01 
 1.107994039194e-01 -4.273875696362e-01  4.564231558778e-01 
-3.214305336349e-01 -1.538147550912e-01 -3.669440114239e-01 
 2.481826395228e-01  3.944611872379e-01  4.724527809609e-01 
 8.034765079247e-03 -1.365567307282e-01  1.207356431616e-01 
-4.241158208017e-01  5.358241025560e-01 -3.619319730282e-03 
-2.039928051748e-01  2.755750632474e-01 -7.890348881420e-03 
 1.685477096282e-01  9.332664715177e-01 -7.719953758220e-01 
-1.591516142090e-01  1.606976475181e-01  1.318098781288e-01 
-1.057255114486e-01  2.173196982344e-02 -1.466416123655e-01 
 1.772575180817e-01  9.737444705653e-04  7.915022989484e-01 
-3.280069293570e-01  1.987913215462e-01 -3.952869272037e-01 
-1.683968749144e+00  1.487979046262e+00 -9.427654784438e-02 
-5.565465799176e-02  1.087169985192e+00  2.251313523173e-01 
 3.272162220903e-02 -1.339506917280e+00  2.062327110011e-01 
 1.306315950338e-02  8.049746836680e-02  1.094492751404e-03 
-1.273062455990e-01  1.130146369877e-01 -1.164097146542e-01 
 2.503761493779e-01 -3.603108045732e-01  1.596062370067e-01 
 1.025210429049e-01  1.265360944527e-01  2.363936550192e-01 
-1.839231721917e-01 -1.304188450088e-01  8.560895673635e-02 
 4.315153915397e-02 -1.247883617103e-01  1.533510993949e-01 
 6.513427768158e-02  4.651790225514e-02 -4.301664375997e-01 
-4.023476879246e-01  3.925870296865e-01 -2.112508795963e-01 
-7.148877367496e-02 -2.874593978230e-01  2.037746527333e-01 
-5.776850963819e-02  7.122630913962e-02 -2.798120149885e-01 
 2.020074085379e-01 -3.760157919555e-02  1.396915857764e-01 
-4.004122583889e-01  4.277484324740e-01 -2.498266611792e-01 
-7.003281837590e-01 -1.876218520879e-01  1.979680382931e-02 
 1.305574227321e-01  1.059782104742e-01  4.204316291672e-01 
-1.844262462532e-01 -7.158793745898e-02 -1.933665204510e-01 
-1.362781025066e-01 -9.545654081954e-03 -1.136893185072e-01 
-6.336119937284e-02  1.081314369367e-01  3.639326694693e-01 
-1.179082680106e-02 -4.014321410463e-01  2.934736042192e-01 
-2.349155775709e-02  3.480692476582e-01  7.443314144183e-01 
-9.446713026279e-03  1.140937134283e-01  1.549372674441e-01 
-7.395485064575e-02 -1.453384454232e-01 -1.476834785377e-01 
-1.230354383669e-01  2.034065302347e-01 -2.759362062579e-01 
 1.571943590085e-01  1.840953353041e-01 -1.382251322728e-01 
-5.199104227941e-02 -2.623732763118e-01 -6.479778887725e-01 
-2.071027528036e-01 -9.030997876069e-01  1.155926386281e+00 
 4.939094711639e-02  5.687100654271e-02 -3.649216365118e-02 
 2.960526958001e-01 -1.697557711796e-01  2.649699137422e-01 
 5.204820873651e-01  1.438820208431e-01 -1.613070701581e-01 
-7.331311098848e-02  7.831640109062e-01  2.965060357278e-01 
 1.227080252639e+00 -1.787089528352e+00  1.530691080767e-01 
-1.362994521095e-02 -2.551369439828e-01 -2.426944718361e-01 
 1.829957295140e-02  4.132991117743e-01  1.084944380365e-01 
-1.502257950850e-02  1.916028687334e-02  2.916467909154e-02 
-5.952702558265e-01 -3.020316734474e-01  9.316950523194e-02 
-5.614806677233e-01 -5.178749764364e-01  3.041485191557e-01 
 1.262645758439e-02  5.041096674797e-02  8.519071256519e-02 
-1.155238141184e-01 -1.604568218166e-01  1.537644353414e-01 
-9.048827357306e-02  5.308450788505e-02  1.654178360762e-01 
-2.449203371866e-02  3.058270339712e-01  4.264453237366e-02 
 5.245512891271e-01  3.689368837478e-01  8.901559335607e-02 
-3.179501618706e-02 -1.352238218571e-01  1.216836480009e-01 
-3.305792724133e-01 -4.386804956531e-01 -1.360632204265e-01 
-1.475986412333e-01 -2.649990459017e-02 -1.836159914542e-03 
 7.973914410356e-03 -6.853080303679e-01 -2.160897947608e-01 
-5.201818940582e-01 -5.757512242622e-02  5.960268826481e-02 
 2.510782993173e-01 -2.866019378829e-01  1.382821628928e-01 
 1.034874341606e-01 -2.634757641934e-02  2.214577824532e-01 
 3.952266262846e-01  7.110947643177e-02  2.804226735651e-01 
-9.980078219351e-01 -1.850794000966e-01 -5.301876677833e-01 
 4.172876966063e-02  9.342509974106e-02  5.351335342758e-02 
-1.731366632624e-02  1.323371734122e-01  1.629198929239e-01 
 1.129937455462e-02  3.143112659797e-02  7.041322256491e-02 
-4.193773454784e-02 -6.526367186212e-02  7.261209227652e-02 
-4.410545515532e-02  1.282259816734e-02 -3.389971992765e-02 
-4.746726677364e-02 -7.461740188045e-02 -6.042050147185e-02 
-2.590101644598e-02 -4.210742056047e-02 -6.802380412791e-02 
-7.493581513740e-02 -4.192200160806e-01  4.524201549860e-01 
 9.647372574446e-01 -5.472800845725e-01  3.436863286577e-01 
 4.598771529563e-02  1.580183289169e-02  1.468294330462e-02 
-9.852509994213e-02 -9.266323380457e-02  2.611832080533e-01 
 1.271577980370e-01 -4.900093326792e-01  2.585007622804e-01 
 1.023336650391e+00 -1.818141185141e+00 -1.393406098409e-01 
 4.259315650189e-02  8.142278264671e-02 -2.823303196801e-01 
 2.581038825779e-01 -6.986711844113e-02  6.982855929059e-01 
 1.987470553196e-02  8.545717450417e-02  4.158979159139e-01 
 3.065738330723e-02 -3.917208172320e-02 -4.123828878879e-01 
 2.917825185331e-01  1.980992393882e-01  8.957511457490e-02 
 8.031062490346e-02  3.733275393861e-02  2.460438602451e-01 
-1.443240843938e-01 -1.911843001577e-01  4.879115361876e-01 
 5.323039786462e-03 -2.820951467605e-01  3.339527271119e-01 
-2.913742936027e-01  9.995387241949e-01 -1.096735779602e-01 
 4.176125457499e-01 -5.529812029863e-01  4.267250922146e-01 
 8.612357263786e-03 -9.977726231678e-02 -1.386042981711e+00 
 1.765085396823e+00 -7.259435233312e-01 -2.321332877083e-01 
-3.531639251422e-01  1.868465678515e-01 -2.884793772074e-01 
 4.677762723381e-01 -1.727440762624e-02  6.304564426190e-02 
 5.196394871184e-02  7.512045075516e-02 -3.642838919807e-01 
-1.360454231149e+00  2.849405938718e+00 -2.038092043782e-01 
 1.244138401009e-01  2.423342621534e-02  5.542557263931e-01 
-3.486142561541e-01 -7.177786981071e-01 -4.689432226326e-01 
-4.380940684461e-01  3.262005371629e-01  2.527778544300e-01 
-7.265388108905e-02 -1.005556385665e+00  1.902531864039e-01 
 6.939235178515e-01 -4.780347357681e-01 -2.735634743080e-01 
 9.027764926590e-02  3.447140876324e-02  6.838619242287e-02 
-4.494141010777e-02 -4.637521414562e-02 -5.782569330610e-01 
 1.309910945035e-01  3.220728996630e-01 -3.856557067973e-01 
 2.307190000746e-01  1.433142490601e+00 -2.607536217589e-01 
 6.795324926958e-01 -2.054490782333e-01  3.136306302483e-01 
 1.697172797535e-01  5.556618948053e-01 -3.844999246325e-01 
 9.860797664339e-01 -4.676803490664e-01  5.135019647204e-01 
-4.887119540338e-01  1.795156613778e-01 -1.530772186721e-02 
 3.086159500621e-01  6.532431037035e-01  8.167165974897e-02 
-1.417588257780e+00  1.345701122067e-02  5.458258958584e-03 
-2.188898933559e-02 -5.881232245282e-01  3.817445757564e-01 
-1.972955909172e-01  2.216519732343e-01 -1.083042580635e-01 
 6.341404584985e-02  3.639760651723e-01 -1.039750143683e-02 
 4.799434145367e-01 -4.115419578254e-01 -7.448564781436e-01 
 1.456047272580e-01 -6.078623962330e-01  3.026519148876e-01 
 4.933936169284e-01 -2.867861446274e-01  6.729131951481e-01 
-7.793322265617e-02 -3.236926781035e-02 -1.641015538693e-01 
 1.080222810020e-01  9.949458866441e-02  1.292503512263e-01 
-8.424645370667e-02 -1.424957402488e-01  1.311336579830e-01 
-3.385941159786e-02  1.668270012840e+00 -6.441090685656e-01 
 8.376670907841e-01 -4.114522314122e-01 -1.704389787273e-01 
-5.488229211541e-01 -2.256761862294e+00 -2.759697667381e-01 
 1.330341512857e-01  1.447529351961e-01 -1.780136453438e+00 
 3.007410902821e-02 -1.284140466294e-02 -4.140109723974e-02 
-2.010105326092e-01  1.410177189074e-01 -6.527610786870e-01 
-3.095921034556e-02  9.565642025819e-02 -1.388794022140e-01 
-4.015021555243e-01  2.798685049076e+00  1.773901150858e-01 
-3.746452872974e-02 -6.005714551657e-01  4.432311842131e-02 
 2.403660313897e-01 -1.478969514957e+00  1.678368390395e-01 
 1.017186971933e-01  1.270563483754e+00 -5.261804801768e-01 
 7.508550308973e-02 -2.794528122024e-01  1.143775145833e-01 
 1.873295324323e-02  5.910481304411e-02 -7.855631979699e-03 
 3.031300387800e-02  8.038871700635e-02 -1.214605992760e-02 
-7.176545629502e-03  8.465614159351e-02  1.743203472692e-01 
 1.544558815373e-01 -2.023282042953e-01  2.192557384962e-01 
-3.976391509231e-02 -3.042922124565e-01  9.571101309608e-02 
-1.236143441714e-02  1.885379467696e-03 -2.322898359241e-01 
-8.494421641950e-01 -3.719954419109e+00 -8.340955288538e-01 
-1.193357903435e+00  2.545403568280e-01  5.973600714506e-01 
 2.924250092663e-01 -4.913867840879e-02 -4.403120942175e-01 
 1.562219409311e+00  1.646903864446e-01  1.283690061706e+00 
-3.753990036777e-01 -1.413954339637e+00 -3.540165905022e-01 
-1.286371302635e+00  1.893412105119e+00 -4.732937945871e-02 
-1.095447143980e-02  3.735466288521e-01  1.041271232798e-01 
-2.271109275492e-02 -4.731884124362e-01 -1.837741554172e-01 
-4.747827790481e-02  2.548827907998e-02  3.253434976172e-02 
 1.114104981987e-01  5.219805242051e+00 -1.943394546185e+00 
-1.611265365888e+00  4.532881783799e-01  3.203478960697e-01 
-1.548864707870e-02 -1.672575058184e-02 -2.343532623321e-02 
 2.360140942352e-02  4.721279924374e-02 -1.009487052838e-01 
-6.296168042270e-03  1.680478965707e-02 -9.135290348425e-02 
 4.373654306531e-02  3.265904059983e+00 -1.354501014964e+00 
 8.520013048161e-01 -5.819447152933e-01  5.747609776442e-01 
orbocc
(*)
 0.000000000000e+00  0.000000000000e+00  0.000000000000e+00 
 0.000000000000e+00  0.000000000000e+00  0.000000000000e+00 
 0.000000000000e+00  0.000000000000e+00  0.000000000000e+00 
 0.000000000000e+00  0.000000000000e+00  0.000000000000e+00 
 0.000000000000e+00  0.000000000000e+00  0.000000000000e+00 
 0.000000000000e+00  0.000000000000e+00  0.000000000000e+00 
 0.000000000000e+00  0.000000000000e+00  0.000000000000e+00 
 0.000000000000e+00  0.000000000000e+00  0.000000000000e+00 
 0.000000000000e+00  0.000000000000e+00  0.000000000000e+00 
 0.000000000000e+00  0.000000000000e+00  0.000000000000e+00 
 0.000000000000e+00  0.000000000000e+00  0.000000000000e+00 
 0.000000000000e+00  0.000000000000e+00  0.000000000000e+00 
 0.000000000000e+00  0.000000000000e+00  0.000000000000e+00 
 0.000000000000e+00  0.000000000000e+00  0.000000000000e+00 
 0.000000000000e+00  0.000000000000e+00  0.000000000000e+00 
 0.000000000000e+00  0.000000000000e+00  0.000000000000e+00 