2mocoef
header
1
MO-coefficients from MOLCAS
1
48   48
a
mocoef
(*)
-1.187385632654e-04 -9.824828436852e-04  4.506109037843e-03 
 4.454867439687e-05  5.556949088923e-05 -8.272240672358e-04 
-4.652868805259e-05 -2.149389072667e-04  2.051765359901e-03 
-6.549153776889e-05  1.038739307779e-04 -6.303149266289e-04 
-2.387119672384e-06  1.085701799885e-04  1.001068071133e+00 
 5.212561479137e-03 -7.411615036911e-03  1.560001856179e-03 
-4.754864628262e-04 -2.580740765392e-03 -1.641181967607e-03 
 5.290080406042e-04  3.097209878560e-03  3.701223774285e-05 
-5.582474251118e-06  5.320581632965e-04 -2.797044165922e-04 
 8.268208882383e-05 -4.866703587751e-04  3.769882159115e-05 
-4.377364827518e-05  1.639154156684e-07  1.778933313227e-04 
-1.190526742616e-04 -6.524648590441e-06  2.609482491559e-05 
-2.841793326861e-06 -7.058035117161e-05  9.106437136772e-04 
-1.833008225396e-04  3.618639063124e-05  9.106274238176e-07 
-4.370785649213e-05 -4.317720926854e-04  1.811922323497e-04 
-4.928242860511e-06  2.140654425063e-06 -7.796250756987e-06 
 1.001679493219e+00  1.013601834993e-02 -5.960708097626e-03 
 1.443124398777e-04 -2.754746133755e-04  2.035932646624e-03 
-7.011560671390e-04  1.689259505899e-04 -6.800892771775e-05 
-1.267927843233e-03 -2.925153978431e-04 -1.094778830050e-05 
-3.306885020724e-05  1.271418713778e-03 -4.565512717605e-04 
 1.147334555554e-03 -3.018998195940e-03  1.076904342852e-04 
-5.662618386074e-05 -9.369006114924e-05 -5.656094894528e-04 
 2.385603140183e-04  1.735005085148e-03  3.164749947776e-04 
 7.215846739748e-05  3.549059755760e-05 -7.312815743316e-05 
-1.580300912197e-04 -2.397588334816e-03  3.012393014004e-03 
 5.291631502807e-04 -3.256263563396e-05 -3.888639455258e-04 
-7.858543820827e-05 -1.667846956586e-04 -4.593821618221e-05 
 5.447507832605e-05 -5.691948333673e-05  7.621266420292e-04 
-3.811875531405e-04 -1.714265931720e-04  1.830647488842e-04 
-2.399923326577e-04 -2.238134470230e-03  1.979243561641e-03 
-6.813822787999e-04  4.616258437751e-04 -5.327841542803e-04 
-2.621550612766e-02  5.359335383278e-01 -2.349238311811e-01 
-2.600295737743e-02 -2.544486331930e-02  2.562874945511e-01 
 7.181719586105e-03  1.185073860913e-02 -1.261543740990e-01 
 4.368364072303e-03 -4.902854876440e-03  3.051225534703e-02 
-5.577223380954e-03 -4.418915797773e-03 -1.285444012181e-02 
 7.243375136284e-01 -1.086535323943e-01  5.117306107423e-02 
-3.400172101389e-03 -2.126291358121e-01 -1.670276862748e-02 
 2.778821374585e-03  6.468662345144e-02 -2.517769416578e-03 
-1.298879124211e-03  1.895191116049e-02 -6.909708699054e-03 
 1.150253903516e-03  1.899543060975e-01 -9.792912210229e-02 
-1.866902991734e-02  4.593945731266e-03  6.359403853072e-03 
 2.175962890596e-02 -1.258337371964e-02  1.430173380094e-03 
-1.308324349936e-03 -1.205854530311e-03  1.234407881619e-01 
-5.678559956482e-02 -1.017001976111e-02  1.206533899807e-02 
-9.122477934064e-03  1.450092215565e-01 -7.790805522153e-02 
 1.527991649090e-02 -7.976103410193e-03  6.663849839944e-03 
 1.281195178884e-02 -5.534177467568e-01  1.087211406043e-01 
-3.031169682006e-01  5.981729807943e-02  2.996177534446e-01 
 1.305217800285e-01 -3.297885619476e-02 -7.645130441452e-02 
 1.010855891382e-02 -2.460609124104e-03  2.366086079796e-02 
-5.942451666549e-03 -9.507801570245e-03 -2.073425349875e-03 
 4.723595248317e-01  4.857718713356e-03 -8.300103464453e-02 
 6.090444449324e-04  1.059607702164e-01  9.775731720932e-04 
 5.967371955560e-03 -5.858028493962e-03 -4.014711283196e-03 
-2.364833808627e-03 -1.527188388278e-03  7.599730484727e-03 
-1.128881787585e-03 -6.176764713761e-01  2.576209475066e-01 
 3.581625997649e-02 -1.035863776066e-02 -2.985989076535e-03 
 4.357261480613e-02 -2.533708699985e-02  2.687941477841e-03 
-1.816962302912e-03 -2.366902874900e-03  1.111038063073e-01 
-4.536551505260e-02 -9.437471590072e-03  8.019629280479e-03 
 1.178992856417e-03 -1.609823810980e-01  9.019729721634e-02 
-1.659145508391e-02  6.698338694402e-03  6.452344617261e-04 
-1.449510464015e-03 -2.527373841757e-01  1.845948265072e-02 
 5.303784321649e-01 -2.618043714459e-01  1.223071887751e-01 
-1.760667043723e-01  7.775412904672e-02 -2.191121543508e-02 
 2.935628036678e-03 -7.779009901469e-03  6.846392363024e-03 
 1.091564254070e-02 -3.437451197627e-03 -5.515811875091e-04 
 1.405185141548e-01  1.922641508757e-02  2.591825963729e-01 
-1.643831106724e-01  1.237693373687e-01 -2.633877796455e-02 
 1.636515615117e-02 -2.394044570158e-02 -5.686704082253e-03 
 7.795958225187e-03 -9.832510585226e-03 -1.435909208211e-02 
 4.677826691282e-03  3.036485465566e-01 -1.123878662724e-01 
-1.111249666575e-02  7.147029660874e-04  6.619374303214e-03 
-7.627915191774e-03  8.154150069861e-03  4.362232939016e-04 
-6.669527928141e-04  5.335995417623e-04  2.147777895752e-01 
-9.758663738019e-02 -1.039764793302e-02  1.447956959196e-02 
-1.267117656986e-02 -5.614214533117e-01  2.346653097292e-01 
-2.671390503064e-02  1.348570918929e-02 -9.164084461469e-03 
 1.226207009107e-03  1.032329884442e-02 -1.067986896225e-01 
-6.746423483923e-03 -6.182393072811e-02  6.121242376290e-02 
 1.675929567576e-02 -1.161645552821e-02 -2.128088536325e-02 
-4.159109828225e-03 -9.546303988088e-03 -2.784613708650e-03 
 1.403010700626e-02 -3.074614760412e-03 -2.105140285567e-04 
-2.274187648874e-01 -1.479133718758e-01  1.539066657483e-01 
-5.671560698257e-02 -1.379408248492e-01  5.476980621820e-02 
-9.801209746529e-03 -8.514759348761e-02 -1.028009069315e-02 
 7.229083683987e-03  2.434212824160e-03 -1.055510559112e-02 
 3.440151607218e-03 -2.187175285748e-02 -2.166608932989e-02 
-1.380760085225e-03 -2.564847947757e-03  5.429766753618e-03 
 1.010267487774e+00  8.680241144818e-02 -7.094892520144e-03 
 9.212090325499e-03  1.272125480402e-05  1.151814768364e-01 
 2.033780763016e-02  1.760611675963e-03  1.249218366390e-03 
-7.330589901070e-03  4.897095451918e-02  4.859277468693e-02 
-1.765350059646e-03  9.758975173114e-05  1.802202030582e-03 
 5.033993613885e-04  4.630806146947e-02 -8.440853265878e-03 
-1.701868624392e-01 -5.052709677115e-01  1.056831505081e-02 
 4.349773625811e-02  6.015450431462e-02 -1.152596188900e-02 
 9.036589411122e-03 -4.361202334875e-02 -9.543424839660e-03 
-3.226343808281e-02 -2.968731029978e-04  5.981096768886e-04 
-4.593845204236e-02 -2.459322203097e-02 -4.132937740668e-01 
-5.384671046840e-01 -2.118273544594e-01 -1.614139501444e-02 
 8.118501942172e-03  1.437265047689e-02 -5.574781394384e-03 
 3.278854130440e-02  1.356984454475e-02  1.188918426440e-02 
-6.181504494409e-03  2.587429032427e-02 -1.344096541450e-02 
-4.470666041747e-03 -1.233081384950e-02 -1.421651457108e-03 
-5.732186741616e-03  9.764196918091e-03 -1.756779245147e-03 
-9.073105845436e-04  6.292545849608e-04 -5.033234490519e-02 
-5.079788918940e-03 -6.394597424044e-03 -9.512684080138e-03 
-5.801142471919e-03 -8.732937946450e-02  2.550203629247e-02 
-7.138059201364e-03 -8.887753519313e-03 -1.169544742860e-03 
-3.361467414426e-03 -5.884013141401e-02  8.588102419508e-02 
 2.541828028775e-01 -6.342289953990e-02 -2.532746664306e-01 
-3.956375039547e-02 -1.047016949988e-02  9.329165531472e-02 
 2.081527853625e-03  2.002074191103e-02 -1.870771913357e-02 
-3.054350977862e-02  9.860589315664e-03  2.190034363244e-03 
 2.688910572590e-01  1.243932745715e-01 -5.859868709883e-01 
 2.641432566782e-01  4.015495259835e-01 -4.442544678229e-02 
 1.574262109945e-02 -1.902710189372e-02  7.196500659176e-03 
 3.029540786560e-03 -8.916675224686e-03  3.073925932100e-03 
-2.960776467860e-03  3.359160789824e-01 -1.119596561576e-01 
-1.119732840321e-02  3.896638845801e-03 -2.937858206190e-03 
 1.345594417754e-01 -7.381932797648e-02  1.134875299251e-02 
-9.813610056008e-03 -9.709912040001e-03 -3.410097820515e-01 
 6.779953144213e-02  6.958093689776e-03 -1.332376727934e-02 
 1.405638991779e-02 -2.056853247946e-01  5.944075935377e-02 
-4.521943734603e-03  3.058924170022e-03 -6.333249372160e-03 
-3.347923802374e-03 -5.552936108740e-02  1.245081002144e-01 
-1.376769701622e-01  4.666799359007e-02 -5.283139913180e-01 
-2.798297707782e-03 -6.052343225840e-04  1.614876997449e-01 
-1.071469770371e-02 -1.515901320653e-02 -3.002307983110e-02 
 1.785802325535e-02  4.359930074607e-03 -4.463952564091e-05 
 5.584809097887e-02  8.189610852460e-02  9.536617072908e-02 
-2.995977810895e-01  5.784831283799e-01  3.302610444726e-02 
 4.838449164880e-03 -7.981381508201e-02 -1.524649522808e-02 
 1.104870261950e-03 -2.641635658821e-02  1.766882651866e-02 
 9.942667940548e-05 -2.316348517709e-02  2.238312074541e-02 
 1.158660081719e-03 -1.518281394040e-03 -8.509599559803e-03 
 4.832038335493e-03 -6.472752384929e-03  2.322182405725e-03 
-1.892219677062e-03 -1.776162089529e-03  4.588009445217e-01 
-1.222615744849e-01 -1.815128028273e-02  1.797776880647e-02 
-4.656235239375e-03  3.507626530152e-01 -1.142398169943e-01 
 1.172708870850e-02 -6.629964667101e-03 -1.885049938929e-03 
 6.645388874086e-03 -5.704845256683e-02 -3.320230722509e-01 
 1.471354574576e-01  4.780266876671e-01  1.385824279789e-01 
 1.468501183930e-02  2.807789592163e-01  6.516503540192e-02 
-1.466143919199e-03  1.541460497909e-04 -1.165258889847e-02 
-2.490786159981e-02  3.247796520674e-03  6.604638185833e-03 
-1.424076057349e-01 -2.242568473268e-01 -4.423372883757e-01 
-1.449210165600e-01 -1.802416875534e-01 -2.234282262248e-01 
-9.544185907253e-02 -1.371053633896e-01 -5.571947028173e-03 
-1.980262512247e-02 -1.111132274447e-03  5.611450803736e-03 
-5.032687792954e-03  1.518522388296e-01  2.873555476477e-01 
 5.493236745780e-03  1.626505969338e-02  5.612369261236e-03 
-3.384255126485e-02 -2.534971818619e-02 -6.300586115374e-03 
-3.637409679499e-03 -4.761924148420e-03  3.669023147991e-01 
 4.346077054024e-01 -1.624942116945e-03 -1.330370854402e-02 
-1.242207009820e-03 -4.407950573871e-02 -5.783576382368e-02 
 3.565589781645e-03  1.597200817878e-02  1.110828427858e-02 
 5.125495234352e-03 -4.884004669123e-02 -3.554630193633e-01 
-2.448904982937e-01 -3.311423571791e-01 -9.462055543122e-03 
-3.281093902758e-01 -2.256642281507e-01 -7.116846366636e-03 
-5.264570564062e-03  2.454707186578e-02 -4.859886196493e-03 
-1.209857738203e-02 -1.758677631136e-03  7.968113805869e-03 
-1.132941178094e-01 -2.395777128706e-01 -8.911578511282e-02 
 5.268624963332e-01 -4.448327287650e-02 -2.281593494364e-02 
 3.553547640080e-01 -6.590421783462e-02 -9.009937590323e-04 
-1.748200610123e-03  2.572517729505e-03  1.299649584567e-02 
 1.662256485409e-03  5.369653725204e-02  5.761874377956e-01 
-6.302361801682e-03 -1.836975572423e-02  2.484299753135e-03 
-6.448792744288e-02 -1.306413634805e-01  5.805484930300e-03 
 3.563797143438e-03 -3.558196900302e-03  2.479033214171e-01 
 5.990606709926e-01  1.585918465353e-02 -9.904833799841e-04 
-2.147304578828e-03 -5.210251492055e-02 -1.699861292227e-01 
-8.051558061615e-03 -1.160680737921e-02  4.319937746151e-03 
 2.562479128343e-02 -3.252939242495e-01 -1.448964959733e+00 
 1.294223248873e-01 -1.279143539123e-01  2.336062586941e-01 
 2.571332910427e-01 -2.146528139460e-01  3.978384229932e-01 
-2.348669170363e-03 -6.526598044476e-03 -9.992610894491e-04 
 1.172511853458e-02  5.400764141555e-03 -9.371940722031e-05 
 2.197390340043e-02 -1.728089455973e-02  2.863770995320e-02 
-3.666113096261e-02  7.382239476149e-02 -3.914416012406e-03 
-7.201293320446e-03 -1.829428001204e-02 -2.493124962756e-03 
 5.198991903731e-03 -1.180356519179e-02 -1.592050590289e-03 
 9.421408986272e-03  1.975352752176e-01  6.592630557999e-01 
-6.076850224702e-03 -1.698886982597e-03  1.484258035354e-02 
-1.144141385140e-01 -8.987088606653e-02 -3.529542063757e-03 
-1.881862110378e-04 -1.252084770884e-02 -1.237542315664e-01 
-3.150389417470e-01  5.682481771660e-03  5.567208394415e-03 
-8.971803749209e-03  2.746038168740e-01  1.596195653471e+00 
 2.999707098355e-05 -4.252586269837e-03  1.086688045927e-02 
-1.664342446067e-02  6.941571224314e-02  1.106497773302e+00 
 3.689208024486e-01 -1.189858081183e-01 -2.552623077428e-03 
 1.312118004556e+00 -6.003433140028e-01  2.085964270017e-01 
-1.954287663769e-02  1.513845343584e-03 -7.484244446704e-03 
 1.218031622925e-02  1.332461287213e-02  1.418512981477e-02 
-4.980844329435e-02 -3.990677167577e-01 -1.231457904500e-01 
 1.647709566113e-01 -2.730587227456e-03 -3.346557131854e-01 
 2.030776403175e-01  3.260995252881e-02  9.063033606535e-04 
-6.679159216351e-03 -1.032771937495e-03  2.190724088983e-03 
-4.535331871934e-03  9.122614833865e-02 -2.833320117539e+00 
 9.765670606267e-03 -5.784335798643e-03 -6.849198885657e-03 
-8.977766247375e-02 -1.630923343572e-01 -4.618999760177e-03 
 2.715578976249e-03 -4.997140278319e-03  1.538915362846e-01 
 5.995781694614e-01 -9.542487516952e-03 -1.013268796774e-03 
 4.102894087781e-03  7.514643028338e-03  1.408203827010e+00 
-6.113708326877e-03  4.714049598263e-03  4.465736691999e-03 
-2.851242508737e-02  1.737097486734e-02  2.289663509776e+00 
-7.643520885649e-02 -1.322469272568e-02  8.239212608939e-03 
-6.666292677052e-01  2.495831958859e-02  2.033497891361e+00 
-5.428145356178e-02 -1.496421149605e-02 -9.927018077917e-03 
 8.229015844107e-03  6.150165450597e-02  6.000237063735e-02 
-2.727704588968e-02 -2.196362153459e+00  1.832261876081e-02 
-7.545684366827e-02  2.675927774864e-01 -2.985859482429e-02 
-1.062849554428e-01  8.597295966435e-01  5.833030694122e-03 
 8.537856357658e-03 -3.470174340735e-02  1.132790915837e-02 
 3.263425764607e-03  2.748009734427e-01  1.557000329414e-01 
 3.039718633473e-02 -8.548605976062e-03 -1.696726513481e-03 
-5.965143192603e-02 -5.748053957815e-02  1.408075193857e-04 
 2.615173515158e-03  6.884743904988e-04 -8.469393663909e-02 
-4.184979855425e-01 -7.455034871196e-04  1.124213313394e-02 
-1.291263476079e-02  4.054348910176e-01 -1.060532509307e+00 
-2.983735457171e-02  1.010934048999e-02 -7.834165402478e-03 
 6.777218313137e-02  1.700072365095e-01 -1.302256052366e+00 
 3.039134860984e-02  2.484979619556e-01 -1.090199225803e-01 
 3.011148448254e-01 -4.682903020496e-01 -4.274088825159e-01 
-1.235029610519e-01 -9.056279122666e-03 -3.850964609978e-02 
 5.203569228573e-03  9.094346208988e-02 -5.943404314833e-02 
-1.558106274902e-01  1.366097738127e+00 -1.036437955044e-01 
 1.412068673373e-01 -2.171690684594e-02 -4.353042710082e-02 
 1.168900272148e-01 -4.910325039870e-01 -9.015513012427e-02 
-3.299917813190e-02 -8.499374684126e-03  5.218179776715e-03 
 1.714611847791e-02  4.830079072439e-01 -3.945772929919e-01 
 5.465765076030e-02 -1.758983445140e-02 -9.192582382469e-04 
 9.099604285248e-01 -1.007821432055e+00  3.959909241705e-03 
-5.079087002238e-03 -3.166849567316e-02  1.442305267363e+00 
-1.499606188789e+00  3.258000881841e-02 -1.403339609630e-02 
-3.030817712389e-02  6.366575954683e-01 -2.659509068081e-01 
-3.313789779636e-02  1.716649610349e-02  1.325524837563e-02 
-2.140647350123e-01 -7.273500714925e-01  1.868670222817e+00 
-1.560408446449e-01 -4.497775374537e-02 -4.377448248122e-01 
 2.870936863876e-01 -1.081717302920e-01  1.301328316733e+00 
 1.333725918071e-01  4.701456370185e-02  9.361565899923e-02 
-7.880005695634e-02 -1.332279361319e-01 -3.296850937885e-02 
-2.469685114561e-01 -7.824345971746e-01 -1.664481309255e-01 
 1.325711670353e-01  3.745414188373e-03  1.210920441418e-01 
-1.602918238073e-01  2.518373229086e-01 -2.719931751912e-02 
-2.457465985700e-04 -7.463973943035e-02  3.884897000534e-02 
-2.271206599660e-02 -6.924969654947e-01  4.490349233009e-01 
-7.356108268563e-02  2.047554796011e-02 -2.015486083566e-02 
-1.096507720124e-01  6.199802957052e-02 -3.947358986132e-03 
 2.127148952871e-02 -5.376442589540e-02  1.084390938375e+00 
-1.554969285199e+00  3.262281358599e-02 -4.305017084794e-02 
-1.305065471826e-02 -1.036008036182e+00  1.136147676618e+00 
 9.051394846969e-02 -4.654003501800e-02  2.236431455330e-02 
 8.158602511310e-02  2.948396233905e-01 -1.004143430911e+00 
-4.378898464334e-01 -1.181132047306e+00 -1.950969489155e-01 
 4.740906200539e-01  1.501407262315e+00 -2.836963677882e-01 
-5.651951439789e-02 -7.475396283556e-03 -4.669348988218e-02 
-6.974856483508e-02  7.992693788466e-02 -1.257147142127e-02 
-1.405520004294e-04  6.296594320944e-01 -2.530922150587e-01 
 4.545725964974e-02 -4.761381371326e-02  3.892703277435e-01 
-1.225023662119e-01 -3.373326464902e-01 -3.534990496779e-02 
 4.879480258998e-02  2.644234764390e-02  4.000783569737e-02 
 8.908973010813e-03  3.559156902838e-01 -2.877664625480e-01 
 3.025156461146e-02 -8.391018628172e-02 -1.444686397019e-02 
-5.186628636202e-01  7.256897445935e-01  2.653902168573e-02 
 1.394720371083e-02 -1.240393308741e-02  3.496338507988e-01 
-2.290855146929e-01  5.372002179047e-02  8.013390200413e-03 
 4.017953010225e-02  2.659447374795e-01 -3.093832354125e-01 
-3.718604948385e-02 -2.240859507025e-02  3.734788739141e-03 
 3.674345316269e-02  9.088828241418e-02 -8.980503271743e-01 
 1.902371309138e-01  5.365012510488e-01 -3.774277753773e-02 
-5.533313775419e-01 -5.280476568120e-01 -4.562800866958e-01 
-5.673399588639e-02  8.461779326150e-02 -2.412167233997e-02 
-7.015081806337e-02  6.580381110818e-02  5.041104313715e-03 
 9.377867839276e-02  4.194676656624e-01 -1.417250649369e-01 
 2.452340951176e-01  4.786214275050e-02  5.119046305368e-01 
-3.695679406548e-01 -5.115854129307e-01  4.528656769584e-03 
-5.966985159212e-02  2.600721466496e-04  2.466982801167e-02 
-7.371618350545e-04  4.155190888498e-01  1.054353010064e-03 
 5.918662497691e-02  8.260574712590e-03 -2.468710732107e-02 
-1.586727745670e+00  2.171047584054e+00 -2.261943447855e-02 
 4.145680628958e-03  1.315290105283e-02  4.011051058186e-01 
-6.036805146590e-01  1.220971435405e-02 -3.260887324380e-02 
 4.348929397169e-02  1.394284265319e-01 -4.286361771420e-01 
-6.048306094533e-03  9.887025828659e-03  3.908642530713e-02 
 6.000357056627e-02  3.163665934537e-01  1.752566507479e+00 
-1.683194759627e-01 -4.700803041452e-02  1.115284004179e+00 
-1.794385059224e-01  5.989239805916e-02 -1.936646636734e-01 
 3.843350844123e-02  9.877857180010e-02 -1.168323013854e-01 
-7.951260867412e-02  4.689681514957e-02 -3.252586173186e-02 
-5.144433239660e-01 -6.784517780254e-01 -2.033133388175e-01 
 2.261847820679e-01 -2.663939919056e-01  2.489595442332e-01 
-5.136046910865e-01  1.761067922669e+00 -6.233647082397e-03 
-3.035672291559e-02  7.917937082735e-02  9.066502661797e-04 
-2.834345620218e-03 -3.523139150215e-02  1.619348132453e-02 
 6.894363452278e-02 -1.272919712912e-03  3.176254813597e-02 
 2.911718467906e-02 -2.015122460592e-01  3.093700530319e-02 
-4.205398400959e-02  9.192617627911e-02  5.350062741959e-01 
-1.076641226644e+00  4.423796779406e-02 -6.845102436473e-02 
 1.472811006388e-01 -3.445729330569e-01  1.149341958196e-01 
-1.627415787907e-02 -1.834936591344e-02  2.531284917964e-02 
-1.330053468727e-01 -5.863360800827e-01  5.322803684321e-01 
 1.158018213930e+00 -5.146075039822e-01  1.162480470933e-01 
-3.683004967824e+00  1.560956611775e+00 -2.841475315332e-01 
-4.834983058616e-05 -5.351373078643e-03  1.121019636988e-02 
 8.446276813909e-02 -2.610926688564e-04 -3.891867497804e-02 
-1.931068106702e-01  1.126313426692e-01  1.047238332900e-01 
 8.826412618816e-02 -6.289525918852e-02  2.700144006384e-01 
-2.719014379065e-01  1.243221942688e-02 -1.400061906561e-02 
 2.149449157181e-02 -3.949789683510e-02 -4.798783941249e-02 
 9.347830964079e-03  1.746546576665e-01  2.218821651587e+00 
-1.277511860370e-01  6.439212149533e-02  1.085639003333e-02 
-2.427943051865e-02  8.379310991818e-02  1.704298739500e-02 
-4.523723685603e-03 -5.512506910334e-02  3.976474412698e-01 
-4.004118685746e-01  7.197900851012e-03 -2.079161242860e-02 
 3.962076764996e-02 -2.100333645699e-01 -2.204286900896e+00 
-1.801150411100e-01  6.254726840746e-02 -5.277830812836e-02 
-5.115969316985e-01 -2.263344164889e+00  4.051663860994e+00 
-3.833599814606e-02 -6.052884719877e-02  4.393071126792e-01 
 1.171502279634e+00 -2.516265209313e-01 -8.220947028258e-01 
-2.454055034816e-01 -6.262396793109e-02 -2.361208338506e-01 
 1.180071253082e-01 -1.180550339087e-02 -1.088675190843e-02 
-7.628956688462e-02  1.636738589214e-01 -2.898634574685e-01 
 8.397254330970e-02  2.601190810985e-01  2.827018644617e-02 
 7.154049349339e-02 -5.062585948652e-01 -1.153949213906e-02 
 3.227881142803e-02 -7.104912080043e-03 -6.296588255916e-02 
-4.295707895163e-02 -8.814416832457e-01 -1.240620669382e+00 
 1.158753420170e-01 -1.073403612364e-01  6.410994057907e-02 
-2.307191108097e-01  4.179877507862e-01  4.537511379958e-02 
-1.034346458176e-02  8.797257202989e-03  2.080647166866e-02 
 1.320359927773e-01 -1.663200322835e-03 -6.197989638837e-02 
-1.783827097288e-01  5.172547636017e-01 -9.163672894452e-01 
-1.448297594366e-01  1.727085337628e-01 -9.274403034128e-02 
 2.499924340253e-02  1.217254778185e-01 -3.998523031035e-02 
-2.679503874173e-01 -2.852484035964e-01 -4.413860853652e-03 
 9.826982742629e-01  4.918501267564e-01  1.472299477529e-01 
-6.581446669879e-02  1.568089018982e-01  5.051663407082e-02 
 1.556434221008e-01 -5.389029435422e-02  8.461145370891e-03 
 2.051576023057e-02 -6.313446358398e-02  8.786496344728e-01 
 9.439444688938e-01  1.969185954380e-01 -1.360404028197e+00 
-1.305219879889e+00 -2.217780221178e-01 -3.864199158069e-03 
-1.688362891826e-02  7.961032900069e-03 -6.101507954977e-03 
-1.245573389475e-02 -1.122385797875e-01 -2.011416680041e-01 
-2.824767567325e-02 -3.395365729968e-02 -5.725531812682e-02 
-4.373021084874e-02  1.282002051976e-02 -8.987856811209e-02 
-1.049011380267e-01 -1.561332981227e-02  2.192705524642e-02 
-6.463350940304e-03 -7.591460356397e-02 -7.615635378931e-02 
-1.401295319838e-02  1.390441218475e-01  1.723975887615e-01 
-7.282234770420e-03 -6.571199406862e-03  3.609360769392e-02 
-4.055503314216e-01 -1.972160381704e+00  3.404825869131e+00 
-2.025923788625e-01  5.361691977450e-03  2.213813587651e-02 
 1.306247867711e-02  1.158661665653e-01 -1.990138344793e-01 
-1.729191345124e-02  4.716729177332e-02 -7.744068146908e-02 
-1.247939366043e-01  2.944831739560e-01 -1.860563399086e-02 
-4.762162671522e-02 -1.989023788973e-01  5.575728423075e-01 
-2.949517035470e-01 -1.456242590899e-01 -5.051761510874e-01 
 3.980585396242e-01 -1.680681199035e-03  3.900414414769e-02 
-2.478216118826e-02 -5.550399458607e-02  1.123281582108e-01 
-8.999992604147e-03  6.503986189092e-01 -1.517059543155e+00 
 2.937150516573e-01 -2.699574979574e-03 -1.911360583665e-01 
 1.400468013187e-01 -2.406594455112e-01 -6.412508737993e-02 
 9.108899903839e-02 -3.122147979552e-02 -1.297743311481e-01 
 4.882281864797e-01 -1.143845268109e-01  8.906866886788e-02 
 8.699609211971e-02 -6.858310164559e-01 -1.850478383257e-01 
-1.477713189292e-01 -2.365534736588e-02  8.856077802531e-02 
 1.208716452853e-01  8.039583336768e-01 -2.389392134224e+00 
-2.165678195479e-02 -6.115646926267e-02  4.493613368994e-01 
-2.964058385599e-01  1.943403713724e-01 -1.171970715287e+00 
-3.549098192901e-02  6.496944381931e-02 -3.608227039696e-01 
-1.353172763518e-02 -2.375759515963e-01  1.763177433958e-02 
-1.183745352480e-02  1.019798412973e+00  2.050564249847e-01 
-4.022944559135e-01  9.269224177412e-01 -1.456385477758e-01 
 6.190714768795e-01 -1.512311610043e+00 -5.260115875009e-02 
-5.677940178489e-02  1.549202800627e-01  1.450563929190e-02 
-4.455669326941e-02  2.628744188085e-01  2.456149281112e-01 
-9.304847871810e-02 -5.381187012856e-02 -2.462733376940e-02 
 5.485106642498e-02  2.442083968255e-02 -3.430871777760e-02 
 8.433654733306e-02 -7.141173468217e-02  1.851818121162e-01 
 3.209429971591e-01 -1.143110956760e-01  5.315191240544e-02 
 6.284891480352e-02 -5.086341979328e-01  3.223349408156e-01 
 6.477567900699e-02  5.856162418601e-02  2.182208039210e-01 
 5.205839362236e-02  9.574038915627e-02  9.857347005955e-01 
 7.809154333724e-02  3.680964683504e-02 -3.857176719131e-02 
 1.131773621845e-01 -3.479480592729e-01  7.137209033425e-01 
-3.402340379640e-01 -7.454197898124e-02  1.944953097586e-01 
-1.489167476052e-01 -2.824405764958e-01  1.755149559157e-02 
 8.820900782375e-04 -1.024003929507e+00  3.410448646758e-01 
-3.521302671612e-01 -6.174509880119e-01 -6.399307191951e-01 
 6.014916999912e-01  1.291042345701e+00 -6.199271976570e-02 
-1.539332320675e-02 -4.428234886793e-02  2.754156328541e-02 
-9.429792798874e-02 -6.954405538638e-02  1.618651655191e-02 
-9.635833568371e-02 -1.488507040424e-01 -1.774254140929e-01 
-3.601397665023e-01  2.495008545762e-02  6.744675248010e-02 
 1.117288660353e-02 -5.609142700949e-03  2.427250111565e-01 
-2.701226544287e-01 -1.393657555240e-01  8.962979814703e-03 
-3.756352940820e-02  2.154982995537e-01 -4.185586278347e-02 
 3.661212327489e-02  2.271409723786e-01  9.961841454660e-02 
 3.591674944298e-02  2.557821238314e-01 -2.798658785137e-01 
-1.685089492586e-01  2.903964198897e-02  1.892016698174e-01 
 1.380773034269e+00 -5.588841152989e-01 -5.767992537391e-01 
 6.850305239137e-02 -1.485131897491e-01  2.555099760084e-02 
 2.705139612845e-01  1.595970627662e-01 -1.565262192212e-01 
-8.436586019383e-01  1.157710000157e+00  5.116278818440e-01 
-5.417420724670e-01 -2.485778045165e-02 -1.267609652693e+00 
 1.090780178712e+00 -8.979693798288e-02 -9.556937877009e-02 
 2.491552869855e-02  1.519305926280e-02 -6.565486759563e-02 
 1.279326822678e-01 -4.037454448673e-01 -5.987955998040e-01 
-5.113567506414e-02  8.919596922318e-02  1.056257556937e-01 
-9.044713813301e-01  6.205688886729e-01  1.406828388267e-01 
-1.969394461490e-01 -2.116146452151e-01  6.015773572736e-01 
-1.174255091584e-01  9.059043473591e-02  1.220936871336e-01 
-1.752488919723e-01  1.412513189208e-01  3.347271868772e-01 
-5.770253892643e-02 -1.432102869621e-01  1.299467524148e-01 
 3.037422636851e-02  1.750925685328e-01  1.131316496779e-02 
 4.796549400491e-02 -1.033370593978e-01  2.936415457885e-02 
 2.107628074940e+00 -8.628677664103e-01  2.108075283875e-01 
 2.193996725717e-01  1.708228590670e-01 -2.922350358776e-02 
-5.034518438330e-02  3.910965326279e-02  8.402321175152e-02 
 3.914581603240e-01 -4.371648117419e-01  4.609279830479e-02 
-2.805349908212e-01  5.132136264056e-02 -5.433974523912e-01 
 5.979171904829e-01 -1.005690037928e-01  6.011975611463e-02 
-4.403578254478e-02  3.474159744840e-02  3.520901213650e-02 
-8.952393969226e-02 -1.365879094289e+00 -2.863793629617e-01 
-1.835937507949e-01  2.419740728713e-01 -3.122920484525e-01 
-8.243315693740e-02  1.718221370354e-02 -6.922975752390e-03 
 8.133364617180e-02  1.271673801980e-01  2.449580820197e-01 
-8.744679003778e-02 -1.838395893018e-01 -1.773867912486e-01 
 1.185296635717e-01  1.573824802215e+00  3.408292873233e-02 
-2.843546006284e-01 -6.602952653162e-02  1.571750721063e-01 
-1.070671977186e-01 -4.181734274587e-01  8.849687168309e-01 
 9.741251070892e-02  1.249357350680e-02 -4.599955152492e-02 
 5.491729546058e-01 -1.718239511512e-01  3.648810740267e-02 
-7.445768179418e-02  1.576878083696e-01  2.009448688684e-02 
-1.185946306995e-01  1.229567628341e-02 -1.695284072416e-02 
-5.592365321304e-02  6.372724058234e-03 -7.380453913546e-02 
 7.852250665076e-03 -1.375717253530e-02 -5.974585193523e-02 
-1.697711272159e-01  2.665085666830e-02  3.859832028997e-02 
-6.674868466951e-02 -8.280397267325e-03  7.732155612320e-02 
 2.856738606414e-01 -6.575157122421e-01 -1.156928117221e-01 
-1.297514634388e-01 -5.905960890435e-02  3.902432565662e-03 
 1.606352656473e-01 -1.558613591577e-01 -3.536643954772e-01 
-2.853798003968e-01  6.633387466158e-02 -1.904824799325e-01 
 1.195232394516e-01  4.078101393699e-01  4.845717090301e-01 
 1.217041965806e-01  3.467001280630e-01 -7.874526442540e-02 
-6.851929855728e-02  1.010553267176e-01  2.086017235455e-01 
-1.725592890166e-02 -9.180118432311e-02  2.090146816304e-01 
-7.177851515618e-02 -1.003731258469e-01 -2.728348424051e-02 
 1.267144494754e-01  1.696780682327e-01  9.650123525137e-02 
-1.235596293137e-01  6.138548480119e-01  1.918241956784e-01 
 4.017308620510e-01  9.897431151263e-03  6.043142961517e-03 
 1.696093662696e-02 -1.290020408365e-01 -3.084689418555e-01 
-5.584376022189e-01 -1.289298907254e-01  4.621231388676e-02 
 3.833053122761e-01  9.003987109179e-02  3.538353523368e-02 
-1.823445374337e-01 -5.563652178641e-02 -7.623112803946e-02 
-2.191599358384e-02  1.069895599604e-01 -9.033785343168e-02 
 1.210570883458e-02 -1.475931733693e-01  9.199667474984e-02 
-9.104845012362e-03 -3.684246085127e-02 -2.022019781683e-01 
-2.865771666637e-03 -1.356959422049e-01  7.467560571316e-02 
-1.060634653358e-02 -2.015451073494e-01 -2.687697631020e-02 
 1.521523150402e-01 -7.419133359979e-02  1.886183073653e-02 
 2.759035128921e-02 -9.585707581621e-02 -1.317474932955e-01 
 3.029309095598e-03  7.545407746223e-02 -2.814502323382e+00 
 8.319860681620e-02  4.211354585889e-02 -5.071675604535e-01 
-7.448364517009e-03  3.098053713332e-01 -1.196189945165e+00 
-1.533252485811e-01  1.956683716255e-01 -2.004928867517e-01 
-7.197952041987e-02  1.526068166015e-01 -6.163533837610e-01 
-2.634910613722e+00  5.345613771470e+00 -1.951165570128e-01 
 2.232545487885e-01 -2.457680846674e-01  7.064031555644e-01 
-5.250673668512e-01 -8.946836627272e-01  5.456195548928e-02 
-1.860730727025e-02 -7.636365055509e-02  3.850736488281e-02 
-1.379436778796e-02 -2.782097131972e-01  4.718966629576e-01 
-1.392620247011e-01 -3.715790152240e-02  1.993420811027e-01 
 1.998156750968e-01 -1.423405783364e-01  1.718908435968e-01 
 1.266748651217e-01  1.659766950889e-01 -8.655837134188e-01 
 4.896703340712e-01 -1.284144555081e-01 -6.838210252619e-02 
-1.526714085637e-01 -8.342675144989e-02  2.182121571178e-01 
-4.272462979754e-02 -7.511824988472e-02  3.402387690758e-01 
-1.712680383359e-02 -6.561876374752e-02  9.880789202962e-01 
 2.136231265760e-02 -5.015763639388e-02  6.404152814736e-02 
-8.678471439799e-01  4.829295489178e-01  4.004173446809e-01 
-6.941531381734e-02  2.188071072289e-01  1.816395800936e-01 
-1.445240200796e-02  7.679107456927e-02  2.742950627584e-01 
 1.199069947173e+00 -2.287519115545e+00  8.520697592864e-02 
-2.898448984058e-01  2.213724465346e-01 -8.725056779597e-02 
 1.460832823968e-01  2.071482063775e-01 -6.180574078268e-02 
-5.170135564888e-03  1.642400969295e-02 -8.790070520686e-02 
 1.270023960738e-02  3.671587484179e-01  1.377559881331e-01 
 9.941555466162e-03 -1.042611406572e-01  5.889824346904e-02 
 1.080205586514e-01 -1.180184242901e-01  2.728497909636e-01 
-2.815545636315e-01  6.437826757972e-01  2.322454281611e-01 
 3.172230933818e-03  1.059194946550e-01 -9.192750121869e-02 
-3.774743352067e-01 -7.197420432818e-01  7.452985073475e-02 
-6.568723946013e-02 -1.011823131575e-01  1.161073136051e-01 
 5.464172931861e-02  1.766517962951e-01 -2.028569290501e+00 
 1.418657504912e-02 -2.031191431493e-02 -2.405469752168e-01 
-5.381410552349e-01  4.006759433635e-02 -6.316359494153e-01 
 9.332895791004e-02 -1.074376285365e-01 -2.730764470935e-01 
-4.887428857226e-02 -9.215333631168e-02 -2.308607587003e-01 
-9.326744659334e-01  2.498866593378e+00 -7.536260956461e-02 
-2.209663400071e-01 -1.229036019906e-01  6.408594558256e-01 
 4.936684013412e-01 -5.988999133318e-01  1.117390349954e-01 
 8.551265632074e-02 -3.661864462180e-02 -3.832065982107e-03 
-1.059725488861e-01  4.879469730009e-01  1.837316829642e-01 
 6.476867632530e-02  5.373383438597e-02 -9.154279596768e-02 
-1.338683304999e-02  6.299712452232e-02 -4.160175885033e-01 
-6.981977965091e-01  6.729944435574e-02 -8.189415673513e-02 
 2.728724040656e-02 -1.641033649677e-01 -3.862878586791e-01 
-1.638313016153e-02 -1.400537117198e-02 -7.456231832007e-02 
 7.254820710379e-02  6.290168046098e-02 -7.327426012068e-02 
 5.809561879768e-02  1.436171123047e-01 -2.480489490246e+00 
-6.331452743353e-02  4.243056334873e-02 -3.743152315427e-01 
 5.463693645715e-01 -1.431435602400e-01 -6.624531777080e-01 
 1.886203419375e-01  2.022061370796e-01 -3.020207501818e-01 
 2.552905052586e-01 -2.026163399642e-01 -2.566175833872e-01 
-9.741897063606e-01  3.152556200432e+00  3.422619894311e-01 
-2.026955544128e-01 -1.089030029535e-01 -3.834572771341e-01 
 1.191353331519e-01 -1.090697027963e+00  2.820923831276e-01 
 6.439337310683e-02 -7.893037790676e-02 -3.133217189594e-02 
-1.676577094047e-02  4.568105121909e-01 -3.257969830463e-01 
 9.766666159662e-02 -1.651697577359e-02 -1.695755198317e-01 
-1.276680986680e-01  1.490115555216e-01  3.484373627560e-01 
 6.552279717849e-02  2.753155196190e-01  1.555972154822e-01 
-1.506632661028e-01  4.048856772114e-01 -3.162586210631e-03 
 3.878895792881e-01  4.179898415690e-01  1.143751386546e-01 
 1.444220262853e-01  2.414870535042e-01 -1.882720238608e-01 
-4.153624858657e-02 -2.001724573896e-01  1.434550347307e-01 
-7.531044513732e-02 -2.715991962873e-01 -3.217647595626e-01 
 3.323872206909e-01 -2.868671163234e-01  1.180290203516e-01 
 9.714757666276e-04  2.357661405523e-02  1.285317804251e-02 
 9.794029200872e-02 -2.882468019711e-02  1.543543828927e-01 
 6.245987295503e-01 -8.502719953066e-01 -1.257799953313e-01 
 1.309264882661e-01 -7.591001104967e-02 -2.894334687044e-02 
 1.540262780216e-01 -2.938750677370e-01 -2.372436662067e-01 
-4.044114069119e-02 -2.767119306392e-02  1.661359609009e-02 
 3.523714157646e-02 -2.261578364073e-01 -7.278095221939e-02 
 2.090718589594e-01  4.833369364650e-01  3.155290690387e-01 
-3.006480155647e-02  1.423724832302e-01  2.203750637327e-01 
-2.253213752859e-01  1.539107407998e-01  4.873852646882e-02 
 1.897034731051e-01 -4.400625683062e-01  2.654924363707e-01 
 3.519977943038e-01  9.657618540649e-02  1.362363246820e-01 
 1.470479552407e-01  4.111978255777e-01  1.772314628372e-01 
 2.821856923164e-02  1.504681278010e-01  5.011512751583e-01 
-1.528944802470e-01 -3.385304746663e-01  1.491253077454e-01 
-4.856598890508e-01  1.199614208524e-01  9.161210595414e-02 
-8.212700499799e-02  2.445397216402e-01  2.751519082651e-01 
 5.702100658443e-03  1.713954140044e-01 -5.968056010983e-02 
-2.075207599313e-01 -1.330529427910e-01  2.398303784013e-02 
-1.859189506431e-01  8.634948248444e-02  1.455606022303e-01 
-2.441340909545e-02  6.016765608341e-01  1.160201746393e-01 
 8.149262050251e-03  4.234070887958e-02 -2.493473860199e-02 
 4.849411124423e-02  1.488953667670e-01  1.384746999612e-01 
 1.403287094913e-01  4.632350986679e-01  8.366980113102e-02 
 6.068859670779e-02 -1.777175421655e-01 -2.096328150671e-01 
 2.269747555726e-01 -1.422899832181e-01 -3.953945530297e-02 
-2.241941197602e-01  3.067245198660e-01 -3.435313155682e-01 
-3.457697496722e-01 -1.782886137186e-01 -1.286545522507e-01 
 2.360995234428e-01  5.863422983948e-01  2.336991520003e-01 
 1.565542100419e-01  6.002700761467e-01 -1.596952780577e+00 
-1.111396112293e-01 -7.424118423632e-02  1.163099099876e-01 
-6.935890897611e-01  4.889656280115e-01 -4.477238065741e-01 
 1.186500841626e-01  4.546076824377e-01 -2.882729810694e-01 
-8.641884994434e-02 -2.051322601757e-01 -1.926196027266e-02 
-1.934102599603e-01  7.057404016962e-01 -2.131609892127e-01 
 1.731584940862e-01 -1.410025064155e-01  5.880466909021e-01 
-5.309312495659e-01 -2.867698464556e-01 -1.588480072287e-01 
-3.089955027989e-03 -2.148462082859e-02 -9.372988993403e-02 
-1.431707461681e-01  6.313197884396e-01  8.697220975465e-02 
 9.619989664642e-02  2.666005822692e-01 -3.480575994873e-01 
 8.450836665651e-02  1.810108892462e-01  2.187656347570e-01 
-1.713853377328e-01 -2.462763975136e-01 -4.676920107992e-01 
 5.497091656309e-01  1.707343573620e-02  3.969761587455e-01 
-4.810270373115e-01  1.392684920422e-01 -4.472521522640e-01 
-2.375639648528e-02  6.025315604223e-02 -3.547507427974e-01 
 2.106781918588e-01  6.818174502338e-01 -1.154497897578e+00 
-3.685927212892e-02  2.364534329050e-01 -7.589920183352e-01 
-6.386620708480e-01  3.439111671356e-01 -3.062570381125e-01 
 1.882336301588e-01  1.627925995147e-01 -2.144190780082e-01 
-2.181021262279e-02 -4.040210964349e-01  1.811889588378e-01 
 8.838153664023e-01  4.569871984674e-02 -3.280844729020e-02 
 1.037982595825e-01 -5.356751115955e-01  6.196389650086e-01 
-5.894863667296e-01  3.426878335711e-01 -6.024475296788e-02 
 1.005498047196e-01  1.366985546245e-02 -1.612497703974e-01 
-1.757924013068e-01  6.462065201113e-01 -3.508650370368e-02 
 3.427170764190e-01 -1.559409548114e-01  4.378796503343e-01 
 1.435966538183e-01  1.058640163073e-01  7.562482721687e-02 
-7.198523845548e-02 -3.196511343195e-01 -3.062221126706e-01 
 2.443263073026e-02  2.796049245614e-01 -1.423741787894e-01 
 1.282035076922e-02  7.530613887573e-02 -5.068806946627e-01 
-5.469790601073e-01 -4.233109665473e-02  5.246182098025e-01 
 1.424829296346e-01  5.376740089046e-01 -6.055817273065e-01 
 7.617780085708e-02 -2.571691978776e-01 -9.547290214785e-03 
 1.002424698623e+00 -4.172175992200e-01 -1.737922183331e-01 
-1.338314322819e-01 -2.266944586265e-01 -8.528805039259e-03 
 1.575837903221e-01 -3.791613083735e-01 -1.172784327276e-01 
-5.345365107640e-01  8.603762504306e-01  3.507055541801e-01 
-1.708109054948e-01 -2.142037441178e-01 -1.477750669111e+00 
 1.022713191842e+00  3.831994934059e-01 -3.092535928386e-02 
-1.386431836928e-01  9.329859484223e-03  1.338114788748e-01 
-4.163274522983e-01  5.634929977670e-02 -6.286005105969e-01 
 1.878198909398e-01  3.639738412837e-01  2.892858309899e-01 
-4.153338148742e-01 -2.404782678524e-01 -5.489605126050e-01 
 3.594988661051e-01  4.884426413184e-01  6.179635942031e-01 
-6.679715781694e-02  8.039096749539e-02  3.500277851180e-01 
-2.105091259107e-01  3.293138955060e-01  3.239906982499e-01 
-1.086661807331e-01 -2.468075675040e-01 -1.137156093690e-01 
 2.402945392484e-01  8.567150027629e-01 -8.943488367615e-01 
 6.200317397300e-02  5.255619488319e-02 -2.575218970725e-01 
 4.403745980853e-01 -2.197380851218e-01 -2.030691949521e-01 
 6.217301244253e-01  3.480034253945e-02 -4.421020226449e-01 
 4.253259756014e-02  7.946235915714e-02  2.050241018011e-01 
 7.896020370664e-01 -4.875124990430e-01  3.162230312012e-01 
-9.010158797798e-02 -5.765284563236e-01 -8.856023901602e-01 
 6.920837272151e-01  5.857202443025e-01  4.737467466606e-02 
-1.016233312038e-01  3.471116160829e-02  2.730641579485e-01 
 4.286220155117e-01  4.107500327969e-02 -2.589094779620e-01 
-5.062384333489e-02 -5.155024488780e-01  2.911411910055e-01 
-2.819004596291e-01 -9.019606976568e-03 -1.569729922710e-01 
 2.027484594395e-01  1.400938616659e-01  5.326634957766e-01 
-5.664952400671e-03 -3.334510507746e-01  3.101274455415e-03 
-4.117831870268e-01  3.551639187575e-01 -1.223726113706e-01 
-2.967448059202e-02  3.797411405621e-01 -1.845061528383e-01 
-1.868969023003e-01 -1.052079703389e+00  6.844951494132e-01 
 2.516067051247e-01 -1.843758111380e-01 -1.982297957483e-01 
-9.333943427871e-02  5.949669869483e-02  1.563588111417e-01 
-2.211314348685e-01  1.220513715325e-01 -8.179881250862e-01 
 2.006103782640e-01 -2.254376364212e-01  4.406075502566e-01 
 1.895324769531e+00 -1.572874406465e+00  1.042891751393e-01 
 3.659028610385e-02 -1.016690320304e+00  4.519218734929e-02 
-1.659512805495e-01  1.120693953094e+00 -1.805660171030e-01 
 1.758371870315e-02 -1.093294497812e-01 -8.060060331886e-02 
 1.907643944026e-01 -9.973459059101e-02  1.916889551868e-01 
-2.116462808081e-01  3.807361721881e-01 -1.809463215007e-01 
-1.211666422873e-02 -7.282364257276e-02 -9.254505922535e-02 
 1.240770807265e-01 -9.490614489907e-04 -1.929546521882e-01 
-3.776165711329e-02  1.467500150599e-01 -2.208076796336e-01 
-1.288397248018e-03  3.984445187559e-02  3.498691366995e-01 
 4.684663007632e-01 -4.376568259701e-01  1.982002014050e-01 
-1.886392161973e-01 -7.531181281119e-01  8.657988171654e-01 
-5.946139140620e-02  1.017851925777e-01 -1.743961002039e-01 
 2.138592381124e-01 -3.545182561641e-02  1.977370091319e-01 
-2.275793701741e-01  4.473288614369e-01 -1.211852640239e-01 
-7.053524855028e-01  1.163030517254e-01  1.069134833057e-01 
 5.273382816353e-01 -5.852934483647e-01  4.696223289121e-01 
-2.097759565325e-01 -1.325652942997e-02 -1.139533229244e-01 
-2.766419800159e-01  2.352517124198e-02 -1.364599665015e-02 
-1.546242227624e-02  8.652608638606e-02  3.352734571853e-01 
-2.180359880639e-01 -5.510545084948e-01  3.821197358755e-01 
-2.059010486026e-01  1.460687035896e-01  7.460088154808e-01 
 8.788776531440e-02  1.463332732482e-01  2.456673702702e-01 
-2.020719765231e-01 -2.288612782303e-01 -2.298798132526e-01 
-1.357407129869e-01  2.911153397916e-01 -2.151926020663e-01 
 1.126551652779e-01  2.588852532313e-01 -1.754920733066e-01 
 1.449178299037e-01 -1.208395420152e-01 -4.980191844807e-01 
-1.384257639550e-01 -6.519179797789e-01  9.136480960140e-01 
 1.510884574641e-01  3.083289554800e-02  1.612697671942e-01 
 3.193284264870e-01 -1.761989143852e-01  1.600155578548e-01 
 6.885691798487e-01 -3.587826400630e-02 -6.234585629365e-02 
 2.029777850143e-01  6.707169901762e-01  2.388215190409e-01 
 9.506595175818e-01 -1.562501566360e+00  3.399064449784e-03 
 9.936655409031e-02 -2.537269167854e-01 -3.263886597102e-01 
 3.769533651025e-02  5.127568692288e-01  2.536001066514e-02 
 5.250581965307e-02 -3.367541712467e-02 -9.952068501145e-02 
-6.505761038536e-01 -1.243689047013e-01 -1.042257039615e-01 
-4.744095868164e-01 -5.885861789831e-01 -3.122302037726e-02 
-2.814138669913e-02 -4.048305793549e-02 -6.130173146762e-02 
-3.375240930314e-02 -2.623478160300e-02  2.831288577125e-01 
-8.833088251518e-02  3.430385274129e-02  3.218414894567e-01 
-5.560987954937e-02  3.641109328486e-01  1.127755624606e-01 
 5.246369761909e-01  3.432984832495e-01  3.168101390533e-01 
 3.754772854174e-02  1.244508811435e-01 -1.623142494211e-01 
 5.546346837868e-01  3.468523573666e-01  1.970572218413e-01 
 1.685338448370e-01  1.123865639257e-02 -1.302963064681e-02 
-7.037421180296e-02  6.784015103831e-01  2.834824387957e-01 
 4.960435262232e-01 -8.070675576113e-02 -4.729300288158e-02 
-2.078114821597e-01  1.818644460290e-01 -1.759065278241e-01 
-1.177807083760e-01  2.702655989812e-02 -2.841391728642e-01 
-3.297844235151e-01 -8.867830790039e-02 -2.156520126381e-01 
 9.945398035836e-01  2.398352541944e-01  5.644600196245e-01 
-5.125938917672e-03 -9.312389033233e-02 -1.616820142283e-01 
 1.220769998342e-01 -3.638322276823e-02 -1.573481905228e-01 
-1.542174794648e-02 -4.025055423806e-02 -6.603554085917e-02 
 6.913830521170e-02  5.372274035355e-02  5.633164162430e-03 
 4.722849576326e-02 -5.027309111163e-02  7.237510626041e-02 
 1.916640962111e-02  3.054011595556e-01  4.819369149759e-02 
 1.139838298604e-01 -1.030303077499e-01  1.183614017549e-01 
 5.873127380476e-02  5.281012066190e-02 -2.125026572232e-01 
 1.382239637648e+00 -7.894028834042e-01  4.462997476842e-01 
-1.933626976772e-01  1.265902642076e-01 -9.556091251579e-02 
 2.200656353410e-01 -1.423760567398e-01  3.726688086616e-01 
-2.350190292610e-02 -4.893562208270e-01  1.431004573351e-01 
 5.292164079805e-01 -1.279877121995e+00 -2.532346588733e-01 
 1.496236952778e-01  1.402286373219e-01 -9.005239115963e-02 
 1.542878172931e-01  1.078322474751e-02  6.048180817464e-01 
-2.472603811778e-01  3.917973595983e-02  3.937190507270e-01 
-7.093617346893e-03 -8.298145382568e-02 -3.708802591884e-01 
 4.624027961186e-01  2.608655714222e-04  2.235579170871e-02 
 1.149033410480e-01  8.107158797520e-03  2.455345938855e-01 
-1.758377738628e-01 -1.730785335403e-01  5.031961475866e-01 
-6.026241051569e-02 -2.289365760465e-01  2.404889410260e-01 
-2.840309052307e-01  1.546657859104e+00 -3.350554075554e-01 
 6.913363667625e-01 -5.305466547908e-01  4.856882234879e-01 
 4.559400174464e-02  2.748439864683e-01  1.524172356998e+00 
-1.390830393976e+00  3.941047456436e-01  7.133766533289e-01 
 3.113366340871e-01 -1.477321209379e-01  2.497629968312e-01 
-4.034753357939e-01 -2.249900276094e-02  8.170509416975e-02 
 5.781260004728e-02 -1.473744826068e-01  4.404180207030e-01 
 1.582635752559e+00 -3.808498946237e+00  1.468201287426e-03 
 2.247444486367e-03  3.319638624664e-02 -6.493450717559e-01 
 3.756725349150e-01  9.499529604732e-01  7.291055082539e-01 
 4.439728595523e-01 -4.060666705372e-01 -1.003832994449e-01 
 2.641331393548e-02  9.721968695158e-01 -2.986370504934e-01 
-6.113800872789e-01  4.470502701758e-01  2.591769134841e-01 
-7.188631035589e-02 -5.083982702121e-02 -4.959085832586e-03 
 1.623150260157e-02 -4.309379459552e-02  1.088456370899e+00 
-3.383651943094e-01 -4.804279567981e-01  4.932208484691e-01 
-2.189353778661e-01 -9.405890068607e-01  1.754472006208e-01 
-4.621386004983e-01  5.274826673899e-02 -7.949493595217e-02 
 2.907849844896e-01  1.070305475864e+00 -5.320578354616e-01 
 7.692932321481e-01 -3.695112770094e-01  7.294458562863e-01 
-4.716963638336e-01  1.388232227366e-01 -1.028449022668e-02 
 4.074580328601e-01  5.580573474549e-01  3.732100137353e-01 
-1.508458338291e+00 -3.185752343935e-02 -1.011146604072e-01 
-4.574992470432e-01 -4.968461469643e-01  3.177230128471e-01 
-1.754627921031e-01  4.974113177064e-01  5.322353853183e-02 
-5.745727495970e-02  4.186910757187e-01 -1.076093521666e-01 
 4.462942866323e-01 -6.477844241888e-01 -6.916015185397e-01 
 1.750377812927e-01 -6.088492168976e-01  4.105385171370e-01 
 4.990275709653e-01 -3.058685998401e-01  6.761088230315e-01 
-5.351913152453e-02 -3.489632379619e-02 -1.482204765969e-01 
 1.264326153139e-01  4.542933306306e-02  2.129391736879e-02 
-1.369970142416e-01 -9.278532859179e-02  2.776108148433e-02 
 4.817687681222e-02  1.622954297266e+00 -6.577644844497e-01 
 7.780831537092e-01 -3.363115457382e-01 -1.382511416973e-01 
-5.714367740942e-01 -2.345802386912e+00 -1.289644037148e-01 
 1.965985080113e-01  1.092806046922e-01 -1.584763493192e+00 
 2.096912604160e-02 -1.113324071475e-02 -1.887764429923e-02 
-7.650386646762e-02  2.656980182775e-01 -4.945081980798e-01 
-3.278796882994e-01  9.735353208594e-03 -8.686694811502e-02 
-2.506959982687e-01  2.170907538688e+00  2.075177605810e-01 
 5.003414444364e-03 -5.843507886033e-01 -9.618412682162e-02 
 3.472852037469e-01 -1.278489189785e+00  3.310724976410e-01 
 1.853028703361e-01  1.155910131093e+00 -6.862359298384e-01 
 1.007195721994e-01 -1.020410029146e-01  3.881221718514e-05 
 1.043079544392e-02  5.704989071824e-02  1.874706436326e-01 
-4.337365506925e-02  1.040602519581e-01 -2.484476255817e-02 
 1.028386284166e-02  7.143558585297e-02  5.106806437348e-01 
 6.510693125390e-02 -3.779210303318e-01  3.598412704684e-01 
-5.491321823684e-02  1.331380361790e-01 -8.481286693615e-02 
 1.635420538688e-01 -9.904069763163e-02 -2.108954192699e-01 
-8.098702454932e-01 -3.530476881343e+00 -9.665767460810e-01 
-1.367367703853e+00  2.683354159336e-01  7.108906462258e-01 
 3.314629646445e-01 -3.929405261238e-02 -5.033219866851e-01 
 1.373097591004e+00  2.499352830762e-02  1.243576326260e+00 
-7.733898708972e-02 -1.470668073152e+00 -3.950608574455e-01 
-1.417097215726e+00  2.207297376104e+00 -1.118993946014e-01 
-4.906205225469e-03  3.680681114581e-01  2.186803874518e-01 
-5.286442808430e-02 -5.444257856873e-01 -2.503682202855e-01 
-9.631419160257e-02  1.770266405723e-02  9.961708694980e-02 
 1.453094742323e-01  5.165566300911e+00 -1.888663231612e+00 
-1.594887671099e+00  3.639354939577e-01  4.894178263036e-01 
-1.025825200687e-02 -1.687454697047e-02 -1.537070708122e-02 
 2.925742741631e-02  5.234767015925e-02 -2.474070946931e-01 
 5.537215654050e-02  6.276804588980e-02 -1.501477382031e-01 
 3.803234542097e-02  2.804273032205e+00 -1.151684503771e+00 
 7.686913706413e-01 -4.959539080638e-01  5.277474381132e-01 
orbocc
(*)
 0.000000000000e+00  0.000000000000e+00  0.000000000000e+00 
 0.000000000000e+00  0.000000000000e+00  0.000000000000e+00 
 0.000000000000e+00  0.000000000000e+00  0.000000000000e+00 
 0.000000000000e+00  0.000000000000e+00  0.000000000000e+00 
 0.000000000000e+00  0.000000000000e+00  0.000000000000e+00 
 0.000000000000e+00  0.000000000000e+00  0.000000000000e+00 
 0.000000000000e+00  0.000000000000e+00  0.000000000000e+00 
 0.000000000000e+00  0.000000000000e+00  0.000000000000e+00 
 0.000000000000e+00  0.000000000000e+00  0.000000000000e+00 
 0.000000000000e+00  0.000000000000e+00  0.000000000000e+00 
 0.000000000000e+00  0.000000000000e+00  0.000000000000e+00 
 0.000000000000e+00  0.000000000000e+00  0.000000000000e+00 
 0.000000000000e+00  0.000000000000e+00  0.000000000000e+00 
 0.000000000000e+00  0.000000000000e+00  0.000000000000e+00 
 0.000000000000e+00  0.000000000000e+00  0.000000000000e+00 
 0.000000000000e+00  0.000000000000e+00  0.000000000000e+00 