2mocoef
header
1
MO-coefficients from MOLCAS
1
48   48
a
mocoef
(*)
-1.143462485670e-04 -9.581980116077e-04  4.474885552667e-03 
 3.199453987130e-05  4.728009525434e-05 -8.060620204239e-04 
 2.033942019559e-05 -2.401928106861e-04  2.068506643172e-03 
-7.570525992840e-05  9.577166428836e-05 -6.271145895287e-04 
-3.008810752597e-05  1.075084567986e-04  1.001041535938e+00 
 5.005847061852e-03 -7.289209686430e-03  1.554660042161e-03 
-5.338878273908e-04 -2.540588912518e-03 -1.678344042618e-03 
 6.521674777692e-04  3.062317520450e-03  7.076822931467e-05 
 3.286597576578e-05  5.294761441695e-04 -3.011114924923e-04 
 8.259494330301e-05 -4.847679304605e-04  6.822636861352e-06 
-4.367499310961e-05  1.107901871416e-06  2.321347184400e-04 
-1.605903914954e-04  8.336786689874e-06  1.048826089031e-05 
 3.337114006498e-06 -5.786497048720e-05  9.257888619031e-04 
-1.663313215690e-04 -3.856280635851e-05  8.847420791359e-05 
-1.082943039621e-04 -4.235186753120e-04  2.192155996150e-04 
 4.775879195471e-06 -1.684974323956e-06 -2.592424086052e-05 
 1.001733408776e+00  1.036557940092e-02 -6.167690116928e-03 
 2.036849249287e-04 -2.467630558646e-04  2.071240092257e-03 
-6.519881627185e-04  1.523142335928e-04 -1.655236788001e-04 
-1.401824829599e-03 -3.360051883581e-04 -7.415934806188e-05 
 1.297759275660e-04  1.294686970367e-03 -4.379801134551e-04 
 1.088718617121e-03 -2.753330819776e-03  9.680697839356e-05 
-6.513673824585e-05 -7.292686732438e-05 -5.355994993728e-04 
 2.237707002213e-04  1.687543575845e-03  2.789224038917e-04 
 5.867729299154e-05 -7.030488431124e-06 -2.986302479741e-05 
-1.516443734073e-04 -2.647033224588e-03  3.132961551929e-03 
 5.625165996778e-04 -4.626375395787e-05 -4.047473041535e-04 
-1.008278484496e-04 -1.533749492138e-04 -6.933551269442e-05 
 6.184020446615e-05 -2.727085029299e-05  5.597042795567e-04 
-3.077360443058e-04 -1.278692824356e-04  1.531447000351e-04 
-2.547899154850e-04 -2.467282517666e-03  2.141649530847e-03 
-7.121535707952e-04  4.931903043787e-04 -5.365911085780e-04 
-2.684526684611e-02  5.389294840165e-01 -2.391014343882e-01 
-2.096625874917e-02 -2.304725908913e-02  2.549030615082e-01 
 2.324588331760e-03  1.245885635475e-02 -1.269899136244e-01 
 4.561241192500e-03 -3.895206943441e-03  3.056409102486e-02 
-5.754880395551e-03 -4.055728964342e-03 -1.275388930118e-02 
 7.190537759249e-01 -9.962497476904e-02  4.828595899663e-02 
-2.916085522527e-03 -2.142765109378e-01 -1.218899001949e-02 
-6.815587884075e-04  6.404050179083e-02 -2.738540666284e-03 
-1.207280491370e-03  1.904295670722e-02 -6.712937323459e-03 
 1.048042684803e-03  2.040308603503e-01 -1.027015143325e-01 
-1.953523556075e-02  5.372292614445e-03  5.075839068751e-03 
 2.070359181169e-02 -1.129314564535e-02  1.384406920897e-03 
-1.121978167091e-03 -1.219184275467e-03  9.939924500496e-02 
-4.424790816103e-02 -7.325135035703e-03  9.503121956466e-03 
-8.014393203669e-03  1.483150486289e-01 -8.107151804194e-02 
 1.561449620983e-02 -8.420381374078e-03  7.159442427962e-03 
 1.349686076501e-02 -5.354553792390e-01  1.077595611881e-01 
-3.265861855448e-01  7.960513260237e-02  2.896197818519e-01 
 1.399886158573e-01 -4.040039919934e-02 -7.114649481452e-02 
 1.004928511949e-02 -1.352909421370e-03  2.381746400670e-02 
-7.686292526111e-03 -8.989219559463e-03 -2.346304838266e-03 
 4.794788917087e-01  7.850257396892e-03 -9.859891462727e-02 
 1.221176001272e-02  9.906463715050e-02  5.573509432623e-03 
 2.077963184372e-03 -4.550926061556e-03 -3.650299102503e-03 
-3.049173756689e-03 -4.935961007971e-04  7.869237249538e-03 
-1.184579942219e-03 -6.277262075817e-01  2.594545887467e-01 
 3.615249391595e-02 -1.136290178766e-02 -9.988330187567e-04 
 4.265711726796e-02 -2.437605441137e-02  2.449014331025e-03 
-1.502022789575e-03 -2.356888227074e-03  9.545207736280e-02 
-3.670448116991e-02 -7.482149464411e-03  6.929121811730e-03 
 1.954889433103e-04 -1.393779165667e-01  8.244616057020e-02 
-1.575222478286e-02  6.543826402891e-03  7.861253802022e-04 
-1.067124813880e-03 -2.781892816954e-01  1.555584554339e-02 
 5.256778764745e-01 -2.684667616223e-01  1.587662682105e-01 
-1.789451763643e-01  8.332715467394e-02 -3.606206176420e-02 
 4.037885491185e-03 -6.546286664862e-03  8.834525227183e-03 
 9.296465428065e-03 -3.286204601947e-03 -1.407067676928e-03 
 1.642267095463e-01  2.648947157430e-02  2.347007324782e-01 
-1.446633929450e-01  1.110939974542e-01 -2.070539926087e-02 
 1.120992513076e-02 -2.073070892714e-02 -5.726850731293e-03 
 7.276383720550e-03 -8.861125804933e-03 -1.416920277287e-02 
 4.122470289915e-03  2.918319768357e-01 -1.042664252598e-01 
-1.014461951585e-02  8.350624456855e-04  6.145953417782e-03 
 1.861739174306e-04  5.044246165241e-03  1.050574968423e-03 
-9.339691350669e-04 -6.721314622659e-04  1.702765736094e-01 
-7.663004729189e-02 -7.943773386009e-03  1.176911132069e-02 
-1.111871763903e-02 -5.905419670708e-01  2.457210192777e-01 
-2.762507975541e-02  1.461656774095e-02 -9.074359929036e-03 
 2.571309285886e-03  2.516062881639e-02 -1.011682374203e-01 
-1.174286330152e-02 -4.240085710606e-02  6.975630611787e-02 
 1.182697804685e-02 -7.807639703264e-03 -2.430961781504e-02 
-2.936026068085e-03 -8.048012194408e-03 -2.326484943679e-03 
 1.251141979769e-02 -2.559317004291e-03 -1.086715547796e-04 
-2.226931844813e-01 -1.442397344390e-01  1.480264394674e-01 
-5.373682274373e-02 -1.424047046255e-01  5.624441667182e-02 
-1.452079203169e-02 -7.700063046016e-02 -9.163222067849e-03 
 6.418631396104e-03  3.577496803655e-03 -1.070428079391e-02 
 3.601090444109e-03 -1.929207285864e-02 -1.989320467623e-02 
-1.256475828789e-03 -2.065989858814e-03  5.848979974950e-03 
 1.011599236639e+00  8.297130892097e-02 -6.893459413863e-03 
 7.541408347558e-03  2.334713318138e-03  1.034338135156e-01 
 2.709641948877e-02  2.301674008008e-03  4.205455898387e-04 
-5.660427341324e-03  4.861143816196e-02  3.304699673794e-02 
-1.063211345977e-03 -9.802598955521e-05  1.431102033063e-03 
-7.085286112076e-06  3.983550630642e-02  6.493600041259e-03 
-1.936210039068e-01 -4.916716657431e-01 -4.630225652680e-02 
 4.209846675335e-02  5.826487591847e-02  6.065666126876e-03 
 6.931686542775e-03 -4.564652482090e-02 -1.192364423898e-02 
-2.890479579134e-02  7.184489561439e-04  1.769613781410e-04 
-4.421969693069e-02 -1.421753856250e-02 -3.862296580362e-01 
-5.791728136565e-01 -1.362085164110e-01 -1.160007048720e-02 
 6.902446761702e-03  3.592873566535e-03 -7.429305442997e-03 
 3.232726999971e-02  9.310263891715e-03  1.444966910189e-02 
-6.348675297054e-03  1.565431169625e-02 -9.962165226020e-03 
-4.392406587742e-03 -1.272749842421e-02 -2.756185579540e-03 
-4.359826259162e-03  7.411079448025e-03 -1.282061219912e-03 
-9.368465455805e-04  2.472684644405e-04  1.560041587339e-02 
-2.038229438678e-02 -7.449267294660e-03 -5.426663976356e-03 
-5.763705374367e-03 -4.016009371820e-02  1.218512365923e-02 
-5.935685841994e-03 -9.682762694422e-03 -1.399185881240e-03 
-3.310484683209e-03 -4.724239662167e-02  9.261675463590e-02 
 2.427951356227e-01 -7.739333979477e-02 -2.646850654230e-01 
-3.224209102461e-02 -1.004272874854e-02  9.646897303925e-02 
 8.736545090529e-04  1.816949641312e-02 -2.065543450123e-02 
-2.889865812394e-02  9.767872494600e-03  3.369443073650e-03 
 2.594687489445e-01  1.087234864907e-01 -5.935048637096e-01 
 2.619524657476e-01  4.015293304366e-01 -5.518477388880e-02 
 2.364537367050e-02 -1.654068635041e-02  8.104978112589e-03 
 3.828999982023e-03 -8.782885409456e-03  3.070400770030e-03 
-2.309253688661e-03  3.268258562361e-01 -1.129575956970e-01 
-1.092710941694e-02  3.996190097101e-03 -4.986252906325e-03 
 1.269366178638e-01 -6.967129592693e-02  1.024028846265e-02 
-8.063192159596e-03 -1.003222472380e-02 -3.380501313194e-01 
 5.150338534765e-02  5.151721808723e-03 -1.179897924018e-02 
 1.344714842521e-02 -1.867994567114e-01  5.732085299892e-02 
-3.747007406860e-03  2.490638429210e-03 -6.495034540850e-03 
-4.376238287402e-03 -6.233153358462e-02  1.215955851175e-01 
-8.576793347624e-02  9.488717679657e-02 -5.137383536050e-01 
-1.535271552452e-02 -4.315937624061e-03  1.599346797054e-01 
-1.125065492810e-02 -1.003708469989e-02 -2.754393871868e-02 
 2.166572932371e-02  3.767127534288e-03 -1.484697009718e-03 
 6.885863821041e-02  9.315485925894e-02  1.563199564196e-01 
-2.257478076511e-01  6.006616020536e-01  4.051027487182e-02 
-4.476298697608e-03 -7.544432785982e-02 -1.443222335880e-02 
-4.007443229048e-03 -2.709442528632e-02  1.483336326240e-02 
 5.451634998263e-04 -1.383402251778e-02  2.371550825145e-02 
 1.359217990850e-03 -1.285170362768e-04 -7.541204007892e-03 
 5.454703234269e-03 -7.828239967548e-03  2.804944343683e-03 
-1.685663929398e-03 -2.254619014444e-03  4.617739144263e-01 
-1.100948954111e-01 -1.624088829280e-02  1.990240737411e-02 
-7.740063274181e-03  3.293740439904e-01 -1.054461532487e-01 
 1.147876993222e-02 -5.250311849533e-03 -2.106022303365e-03 
 5.832350945024e-03 -4.001452762818e-02 -3.048602956039e-01 
 1.239962118549e-01  3.927470716159e-01  1.269255576553e-01 
-1.162920915039e-02  2.169089787868e-01  3.947794079895e-02 
-1.999102288291e-03  6.984340894281e-03 -1.206481664656e-02 
-2.881874626542e-02  2.984065980248e-03  6.612413240499e-03 
-1.644226057289e-01 -2.264555775214e-01 -4.717031301140e-01 
-2.007649504404e-02 -1.916296375300e-01 -2.219747666688e-01 
-2.805873398132e-02 -1.355832772161e-01 -5.208978135278e-03 
-2.006713185028e-02  8.221833839736e-04  7.865904410820e-03 
-5.073534031696e-03  1.606652330993e-01  2.878672223887e-01 
 3.870280648968e-03  1.265596091796e-02  3.415662173167e-03 
-5.186188684405e-02 -4.931134059185e-02 -4.704957381556e-03 
-3.079847791828e-03 -4.745415188595e-03  4.466805504162e-01 
 4.775356942416e-01  1.492335153407e-03 -1.420573097504e-02 
 1.297958581850e-04 -7.656801111945e-02 -8.755492789409e-02 
 2.254629209405e-03  1.350949051939e-02  1.148874719891e-02 
 2.698920649059e-03 -2.033176304936e-02 -2.325555980141e-01 
-2.593861828887e-01 -4.259459581854e-01 -3.503944414044e-02 
-3.003343512412e-01 -2.766769392220e-01 -3.392135447315e-02 
-4.003510445791e-03  2.530309928781e-02 -2.561495402144e-03 
-8.982151935546e-03 -2.571254277522e-03  5.635606552507e-03 
-8.997735654835e-02 -1.661391498889e-01 -7.081385066421e-03 
 5.566433545091e-01 -2.334151987190e-02  2.676760756107e-02 
 3.576097631459e-01 -4.152600101394e-02 -6.637624023908e-04 
 1.985509791694e-03  3.108003061507e-03  1.171488490443e-02 
 2.084230167837e-03  2.722084870372e-02  4.348809575230e-01 
-7.871494927572e-03 -2.039922557497e-02  1.090956294594e-04 
-5.526031963120e-02 -1.004758983127e-01  6.577726148657e-03 
 5.185037684342e-03 -2.854661583337e-03  2.073103202411e-01 
 4.541363629548e-01  1.663304468759e-02 -4.680100769353e-04 
 2.147008414567e-04 -6.237457285219e-02 -1.451184139450e-01 
-8.952600300296e-03 -1.481773416010e-02  2.583542244154e-03 
 2.591479045250e-02 -3.307190733639e-01 -1.500629304904e+00 
 1.060886649040e-01 -1.126208889508e-01  2.310387778203e-01 
 2.078104603485e-01 -1.937956797478e-01  4.027271965133e-01 
-2.156077203065e-03 -6.515774136735e-03 -1.854995422516e-03 
 9.865282808023e-03  4.312914359849e-03  1.147321512307e-03 
 2.175242443520e-03 -6.947469120599e-02  1.676276838729e-02 
-3.639143009532e-02  6.863703465654e-02 -1.114355753141e-02 
 1.465134725661e-03 -2.792918568783e-02 -3.757063149944e-03 
 5.142559476569e-03 -1.312858160318e-02 -1.023684030778e-03 
 9.038954882586e-03  2.068296455186e-01  7.382586582516e-01 
-7.380814570062e-03 -1.068972475254e-03  1.502226355480e-02 
-1.046848647372e-01 -6.470975610654e-02 -3.221617814833e-03 
 7.058372425699e-04 -1.273626574159e-02 -1.184800018917e-01 
-2.437163030554e-01  5.788558925489e-03  4.856260307454e-03 
-1.060050189283e-02  2.705002906711e-01  1.555390099395e+00 
 6.589832900525e-04 -4.107722164527e-03  1.166856513776e-02 
-1.653770364931e-02  6.329026623164e-02  1.059519735746e+00 
 3.705007877668e-01 -1.401237265882e-01  7.755610997629e-03 
 1.344967915295e+00 -6.335988997530e-01  2.221823638451e-01 
-1.778816696906e-02  6.160388812852e-04 -4.515747559280e-03 
 1.350470950268e-02  1.185090600584e-02  1.113340018548e-02 
-4.018205264121e-02 -3.161562768735e-01 -9.770828425196e-02 
 1.510502584540e-01 -7.312421520362e-03 -2.900841356675e-01 
 1.801858687188e-01  3.062050137251e-02 -6.364050118536e-04 
-6.579213999038e-03 -1.603216517518e-04  2.212304905806e-03 
-4.650805931570e-03  8.354637927775e-02 -2.868868426889e+00 
 8.510523838594e-03 -5.794142633326e-03 -6.907596810263e-03 
-9.070447810384e-02 -1.279902514062e-01 -4.112797272877e-03 
 2.874502681752e-03 -4.580176245473e-03  1.673983169821e-01 
 4.934304301625e-01 -9.813991174891e-03 -2.162717875446e-03 
 5.807097587400e-03 -3.000337002030e-03  1.520381920133e+00 
-4.996695865289e-03  4.043954252526e-03  4.360276545232e-03 
-2.836913265092e-02  3.098390719276e-02  2.293305970897e+00 
-6.631492343249e-02 -6.574725023377e-03  1.133711539497e-02 
-6.045861210053e-01  3.255314146795e-02  1.972626346871e+00 
-5.770301026004e-02 -1.484167825882e-02 -1.012907925517e-02 
 1.063156010872e-02  5.908660413156e-02  5.875765257441e-02 
-4.139901139239e-02 -2.155539004955e+00  3.268853677412e-03 
-5.954574717094e-02  2.674592130362e-01 -4.552631832732e-02 
-8.241294022440e-02  8.435856160656e-01  3.856170942969e-03 
 6.840811039531e-03 -3.496409735615e-02  1.105681471919e-02 
 3.202994802136e-03  2.949856379957e-01 -2.785280838615e-02 
 2.871474552738e-02 -8.654646059077e-03 -9.275418023122e-04 
-5.322893061019e-02 -7.606695508276e-02 -8.425058154941e-04 
 2.464227782253e-03  1.850140450957e-03 -8.680534126788e-02 
-3.101555795611e-01 -5.508942359876e-04  8.723174246624e-03 
-1.275274052421e-02  3.974329969459e-01 -1.029152942844e+00 
-2.944588114716e-02  1.125779556551e-02 -7.685445189895e-03 
 1.160755847045e-01  3.492619965007e-01 -1.628500432640e+00 
 5.005136467528e-02  2.079143459347e-01  1.955534845751e-02 
 1.584442663723e-01 -3.782456645275e-01 -6.363184368745e-01 
-1.368617637667e-01 -8.871547958993e-04 -5.895507064292e-02 
 9.879456247966e-03  1.089136721719e-01 -5.769315433197e-02 
-1.453431897065e-01  1.463811832474e+00 -9.829751755241e-02 
 1.526407667716e-01 -3.632783822295e-02  1.952061364588e-02 
 3.632946656477e-02 -4.195643702257e-01 -8.129078029267e-02 
-3.247320912949e-02  1.046997618668e-02 -1.238513043245e-03 
 1.964426649708e-02  5.863018042675e-01 -3.428770781803e-01 
 6.830436226010e-02 -2.289149554790e-02  5.690583146975e-03 
 8.707854412790e-01 -9.353029348807e-01  5.285037809169e-03 
-4.843808286225e-03 -2.105131608619e-02  1.354703783100e+00 
-1.423937973100e+00  2.428975171579e-02 -6.957269061099e-03 
-2.058021715085e-02  7.552486767870e-01 -4.287064618226e-01 
-4.620734867309e-02  2.149865065853e-02  9.384679680370e-03 
-1.850256729188e-01 -6.187858501913e-01  1.616843271262e+00 
-1.500553289712e-01 -6.346106011309e-02 -3.983928229473e-01 
 2.429400522998e-01 -6.884631136949e-02  1.198810165829e+00 
 1.189371141100e-01  5.551238923316e-02  8.451956131967e-02 
-8.836985594697e-02 -1.061019335425e-01 -3.834944054988e-02 
-2.696255222769e-01 -6.341656713214e-01 -1.696230289134e-01 
 1.566767295148e-01 -3.286238483902e-02  1.578026135081e-01 
-1.996424215772e-01  2.768365948979e-01 -3.151852537716e-02 
-7.367418597151e-03 -6.787395607546e-02  4.295749013602e-02 
-2.210759611597e-02 -5.743176571106e-01  4.079785307316e-01 
-6.381696285197e-02  1.718924478386e-02 -2.777234889384e-02 
-1.246099065195e-01  1.282165126952e-01 -1.329886482774e-02 
 2.649722463847e-02 -4.356707129590e-02  1.358584823301e+00 
-1.837978666751e+00  2.833225736026e-02 -3.106424801113e-02 
-1.919673847888e-02 -9.090647287550e-01  9.992840725062e-01 
 8.186541881813e-02 -4.738528849580e-02  2.767433443910e-02 
 9.491026707896e-02  3.481038447120e-01 -1.073861622050e+00 
-4.255280098512e-01 -1.181446735622e+00 -1.314035226516e-01 
 3.577249437662e-01  1.545127476996e+00 -3.577757976720e-01 
-5.912896286630e-02 -1.196233871546e-02 -5.219849095214e-02 
-5.804433975703e-02  8.145720355446e-02 -7.942107111314e-03 
 1.697880866835e-02  6.035809997004e-01 -2.296571019033e-01 
 2.308326701798e-02 -4.074438659807e-02  3.871645319922e-01 
-1.266239430397e-01 -3.138099383704e-01 -2.705546578672e-02 
 4.950509673513e-02  3.263999241804e-02  3.753301870244e-02 
 8.100375269528e-03  3.796187046782e-01 -1.822850829772e-01 
 2.863772288770e-02 -8.500698020345e-02 -1.190547271054e-02 
-5.882222643997e-01  8.125566412045e-01  2.133716228167e-02 
 1.443626622868e-02 -2.727487085457e-03  2.656682418270e-01 
-1.633465911184e-01  4.385472830372e-02  1.446145162757e-02 
 4.899060907867e-02  2.863107029941e-01 -4.145025414744e-01 
-4.446717642801e-02 -2.093691468022e-02  3.953397603682e-04 
 3.785152096386e-02  8.908561484371e-02 -1.001811252299e+00 
 2.517807259557e-01  5.428236364110e-01 -3.958025838143e-02 
-6.958245082758e-01 -4.851619805553e-01 -5.302558668404e-01 
-6.329998043944e-02  7.090834989226e-02 -2.954704373382e-02 
-4.950879089032e-02  6.674226838086e-02  9.308031277182e-03 
 1.240327523357e-01  4.478365938700e-01 -1.149838148885e-01 
 2.032718357129e-01  6.974069783628e-02  4.862616556168e-01 
-3.183112456421e-01 -5.910622901068e-01  1.094351527666e-02 
-5.718916234078e-02  3.724310191766e-03  1.904925256531e-02 
-1.064326527453e-03  4.267615168834e-01  7.957440802299e-02 
 6.038756251702e-02  1.197523434183e-02 -2.224278812883e-02 
-1.608860304265e+00  2.181489745396e+00 -2.557674503797e-02 
 5.182828260533e-03  1.778487754641e-02  2.970051066176e-01 
-4.510339979685e-01 -6.267995770240e-03 -1.648129462896e-02 
 3.207318812774e-02  1.753763447281e-01 -5.353649378244e-01 
-1.303173733872e-02  1.484516724375e-02  3.113308901414e-02 
 5.162118938559e-02  2.869456272763e-01  1.689478570995e+00 
-1.983260221794e-02 -6.869692452931e-02  1.180990449488e+00 
-6.937432077221e-01  2.532117009547e-01 -3.283702659006e-01 
 4.575981078043e-02  9.092302039181e-02 -1.187607377078e-01 
-5.585669376779e-02  3.502034513152e-02 -1.620170545979e-02 
-4.427415957736e-01 -7.737463723109e-01 -1.620515797556e-01 
 1.900136273393e-01 -2.240417333300e-01  2.511709840466e-01 
-4.818602685205e-01  1.712739443277e+00  1.716227675702e-02 
-2.667624286125e-02  9.014035596159e-02 -7.855993673311e-03 
-3.717744685463e-03 -1.518923768545e-03  3.347311426059e-01 
 4.037229474137e-02  1.254442244147e-02  3.857331258131e-02 
-1.350391613656e-01 -2.617103552492e-02  3.737785525160e-02 
-4.537005612916e-02  8.804328290592e-02  4.021033572436e-01 
-8.758806669222e-01  1.279753203003e-02 -4.489891851026e-02 
 1.652251916801e-01 -3.861832499196e-01 -1.981178837542e-01 
-3.484288764768e-02 -7.978840461330e-03  2.308612163117e-02 
-1.241480016565e-01 -5.583394157775e-01  2.160092968064e-01 
 1.163278675397e+00 -5.046808077531e-01 -3.041634256318e-02 
-3.687988644585e+00  1.603240273146e+00 -2.879029290889e-01 
 1.470914239858e-02 -2.515736089106e-02  4.087910984411e-02 
 9.323186498206e-02 -4.443578632213e-03 -3.167149879693e-02 
-1.085223231459e-01  1.760554529572e-01  1.463732138395e-01 
 1.877063346868e-02 -5.122121430499e-02  2.185318449295e-01 
-1.782010607541e-01 -1.349099086414e-01 -7.339064544234e-03 
 2.730378271447e-02 -5.013093473324e-02 -4.992315290300e-02 
 1.374322505068e-02  1.949494135655e-01  2.323079130170e+00 
-1.356928834449e-01  7.354180813684e-02  5.109543983435e-03 
 4.366722271713e-02  1.507339946704e-02  5.494741617751e-03 
 2.515805927864e-03 -5.740818315704e-02  2.957536832625e-01 
-2.828528341657e-01  9.172168226423e-03 -1.054302223509e-02 
 2.628628654681e-02 -1.936257544163e-01 -2.208181850733e+00 
-1.672029938973e-01  5.802712170692e-02 -6.476919386299e-02 
-5.181643463141e-01 -2.301789799725e+00  4.136506030319e+00 
-1.115115211296e-01 -1.754645316454e-01  4.040406835456e-01 
 1.272589867188e+00 -8.101009171508e-03 -6.860049779233e-01 
-2.540649891842e-01  6.498555196750e-04 -2.312550687763e-01 
 1.608205269198e-01 -6.735565856418e-03 -1.951499990234e-02 
-1.120604770550e-01  1.771156490321e-01  8.232546727308e-02 
 3.958320791512e-01  3.169567634410e-01 -4.299811985977e-01 
-3.824824270357e-01 -6.095274133077e-01 -1.159784978703e-02 
 2.006443127528e-02 -1.115702822906e-02 -4.701163657850e-02 
-4.933102429335e-02 -7.912851998470e-01 -1.304980595793e+00 
 1.230041189240e-01 -1.157207113725e-01  2.606423175636e-02 
-1.579564800078e-01  3.130963924842e-01 -3.846832207753e-03 
-2.915651325030e-02 -6.107880489997e-03  4.418383638570e-02 
 1.358586034633e-01 -4.313549750892e-02 -8.543444090354e-02 
-1.465546293882e-01  4.035362786414e-01 -8.509503275716e-01 
-1.626126353684e-01  1.665672829906e-01 -6.911758764871e-02 
 2.126752364146e-01  9.558644287609e-01 -1.568572119155e+00 
-2.209547849669e-01 -2.396610793239e-01 -1.418478662654e-01 
 4.559807894482e-01  5.514773393368e-01  3.973656257785e-01 
 3.783408166638e-02  1.694086050698e-01  1.277296989128e-01 
 1.028811667663e-01 -4.167100662151e-02  1.784861288762e-02 
 7.511012239365e-02 -1.406497185342e-01  9.206692751750e-01 
 8.497099581303e-01  9.847423094930e-02 -1.268330148405e+00 
-1.246223721801e+00 -1.602553172736e-02  7.077616132161e-03 
-2.932482366113e-02  1.404441814584e-02  1.184071021002e-02 
 1.391146490368e-03  1.895167725241e-01  3.357478523188e-01 
-7.177416246025e-02  7.810648252724e-03 -7.407997174830e-02 
-6.524258389587e-03 -8.657792606265e-02 -9.295855185514e-02 
-1.002894036421e-01 -1.432203626111e-02 -1.124275371442e-02 
-4.929127951785e-02 -8.713966897896e-02 -6.565083129531e-02 
 4.996680265192e-02 -2.807793874390e-02  4.556119054331e-01 
 4.311526559729e-02 -7.155198803703e-02  6.529698875836e-02 
-3.446905591511e-01 -1.718425233680e+00  3.035078029390e+00 
-1.926387874156e-01  2.231237003348e-02 -6.389372645757e-02 
-2.969298823936e-02  9.539829599021e-02 -6.666751394742e-02 
 9.281033448962e-03  4.200509109995e-02 -3.562547255748e-02 
-1.073432808217e-01  3.503649600123e-01 -3.101935069428e-02 
-9.233509427004e-02 -1.322314059290e-01  5.492708361560e-01 
-3.127694674699e-01 -2.378379517344e-01 -4.867113516911e-01 
 3.942567626524e-01  1.431177905210e-01  3.864005705810e-02 
-3.155491230601e-02 -6.402023461184e-02  1.217150724552e-01 
 1.192904053848e-02  6.525197980161e-01 -1.366411268008e+00 
 2.981958525758e-01  1.863661156812e-02 -1.730415170011e-01 
 1.496895568447e-01 -2.727274412749e-01 -6.990767286130e-02 
 7.758553472046e-02 -1.091877473340e-02 -1.210520462471e-01 
 4.071469968908e-01 -9.373271864376e-02  9.397355179937e-02 
 9.017889739309e-02 -6.860254807325e-01 -1.123084256774e-01 
-1.504305305233e-01 -6.123172152070e-02  8.927371998825e-02 
 9.251179188282e-02  6.898978543463e-01 -2.473224342455e+00 
-3.925561329099e-02 -5.250666611905e-02  4.000904557492e-01 
-3.392112511184e-01  2.435268585462e-01 -1.280764016721e+00 
 5.635138412255e-02  5.850657625605e-02 -3.762194125357e-01 
 1.681720842349e-02 -1.454708620656e-01  3.636750641124e-03 
-3.762132887932e-02  1.266906690320e+00  2.237362017713e-01 
-4.038374820706e-01  1.027649156061e+00 -1.133420097867e-01 
 5.866439414428e-01 -1.778945497784e+00 -4.284600041733e-02 
-4.938103297192e-02  1.480054220130e-01  1.911139246579e-02 
-1.632550332057e-02  3.118856450596e-01  2.414526183209e-01 
-6.297946361016e-02 -1.019664251304e-02 -8.027511048502e-03 
 1.350727850446e-01 -3.027523369662e-03 -5.386003163046e-02 
 8.669378945958e-02 -7.439392830005e-02  1.545536869856e-01 
 3.443817123045e-01 -6.692264167387e-02  6.941254907290e-02 
 4.738519708924e-02 -5.916193109329e-01  3.252645124572e-01 
 4.657005196727e-02 -3.677917415441e-03  2.079484008758e-01 
 4.662361913988e-02  1.264086684596e-01  6.227474632779e-01 
 8.176373980056e-02  2.334983293798e-02  5.174796774882e-02 
 1.433417087553e-01 -3.252687806650e-01  4.014584257283e-01 
-3.344923569625e-01 -5.738255198698e-02  1.156051506226e-01 
-1.380608798998e-01 -2.979230212016e-01  8.562984080643e-03 
-4.421597486537e-02 -6.626191125271e-01  4.523812937217e-01 
-4.649674697796e-01 -4.170587616895e-01 -7.495332711739e-01 
 7.594007744413e-01  8.961725114023e-01 -7.396901400866e-02 
-3.343080008586e-02 -1.551091541787e-02  4.271829289830e-02 
-9.785477793817e-02 -5.972239994300e-02 -9.232707516865e-03 
-1.046403383262e-01 -1.482715664252e-01 -1.935822900881e-01 
-3.538211931700e-01  5.100163115436e-02  4.893885440182e-02 
 3.476872143945e-02 -2.216455653185e-02  2.547604800099e-01 
-1.637609983603e-01 -1.546392149632e-01  4.629487275333e-02 
-7.203798524430e-03  1.684845300222e-01 -4.758450889135e-02 
 2.805660320172e-02  2.299652753351e-01  1.538014007695e-01 
 3.264091702977e-02  2.343866708441e-01 -3.265423171363e-01 
-1.870363574601e-01  4.021788869956e-02  1.484376038401e-01 
 1.566633199225e+00 -6.778631296831e-01 -4.597364294482e-01 
 9.322219324501e-02 -1.463439844271e-01  3.118933237563e-02 
 2.999881318342e-01  1.534323991711e-01 -1.694346270844e-01 
-8.768649913511e-01  1.263903416366e+00  4.688622563917e-01 
-5.215371975040e-01 -4.565992306342e-02 -1.185059541158e+00 
 1.042994741024e+00 -1.139927859523e-01 -8.781176575154e-02 
 3.705857537233e-02  6.012038661309e-03 -8.784966686675e-02 
 8.814839574898e-02 -4.919969917138e-01 -5.997083568350e-01 
-4.847475364656e-02  1.102816138605e-01  9.888127643648e-02 
-8.701903126671e-01  6.204567584063e-01  1.725178794918e-01 
-1.372000960848e-01 -2.625531701710e-01  5.818354619806e-01 
-2.036223404808e-01  5.489845821420e-02  2.030782362925e-02 
-1.541266535689e-01  3.597465051363e-01  3.060952794458e-01 
-6.118420134766e-02 -1.442870753388e-01  6.614044458499e-02 
 3.032193239969e-02  1.734268376688e-01  2.035836108922e-01 
 7.521377609181e-02 -1.024960090410e-01  6.224028658444e-02 
 1.951759287628e+00 -8.688419298266e-01  3.799825929973e-01 
 2.141152721257e-01  1.476122173571e-01 -2.536821085496e-02 
-6.934611090577e-02  4.835541378292e-02  1.330569180280e-01 
 6.191100019046e-01 -8.846679705508e-01  2.262877580114e-03 
-2.361835546405e-01  8.430028842068e-02 -4.374538533276e-01 
 5.042505239658e-01 -2.024437112136e-02  8.177298388454e-02 
-3.916272184279e-02  3.999629918779e-02  4.200567726525e-02 
-8.644325733890e-02 -1.369199393248e+00 -2.309248231163e-01 
-1.708287052735e-01  2.413087539721e-01 -3.177912501498e-01 
-2.590909742583e-02 -1.194956394896e-02 -2.450012641656e-02 
 9.260733125250e-02  1.537886131061e-01  2.220226096926e-01 
-9.578741306945e-02 -1.501815104650e-01 -1.636823570056e-01 
 9.881370190877e-02  1.564299233430e+00  1.206161249434e-02 
-2.851400182711e-01 -4.520443899934e-02  1.302982330203e-01 
-8.518460577078e-02 -3.040655160805e-01  5.602993717123e-01 
 9.088287297466e-02  4.068371262738e-02 -3.023393774445e-02 
 6.145520487009e-01 -2.398612789545e-01 -1.032721052478e-01 
-3.041871476663e-02 -2.770923872092e-02 -4.049701736349e-02 
-2.103445119793e-01  4.430260514740e-02 -6.778014260117e-02 
-3.004188981811e-01  4.353561181329e-01  6.751629768387e-02 
 1.789612216117e-01  1.460221942417e-02 -1.411660745107e-01 
-2.512260066841e-01 -5.918491856959e-02 -4.335848871264e-03 
-1.379887228251e-03  5.067501183812e-03  7.743437593040e-02 
 2.825954377258e-01 -6.657438651239e-01 -1.596639704414e-01 
-1.329572145236e-01  8.465892955673e-03  9.412228724894e-03 
 4.314267361289e-02 -3.740675448570e-02 -2.181179768980e-01 
-3.332305934312e-01  5.097329185390e-02 -1.945236529506e-01 
 1.433471201238e-01  4.827470431563e-01  4.776980209708e-01 
 1.339776118405e-02  3.672921521275e-01 -3.225291395790e-02 
-8.432225157601e-02  8.268256042687e-02  2.481675955412e-01 
-3.818153787615e-02 -1.647688398530e-01  2.996355399323e-01 
-4.553659835969e-02 -9.943999854435e-02 -6.135781529909e-02 
 3.323745010615e-01  8.199262769496e-02  8.208969453213e-02 
-1.335269474099e-01  6.392231630827e-01  1.653687366816e-01 
 3.542389776979e-01 -1.022415678451e-02 -3.559391425423e-03 
-1.928524246308e-02 -2.816520924447e-02 -3.280208955929e-01 
-5.300569217471e-01 -1.069250166922e-01  5.039951788626e-02 
 3.322227876825e-01  3.293282391192e-02  4.122368427637e-02 
-1.969643760590e-01 -5.261566789656e-02 -5.323781122729e-02 
 6.273846339798e-02 -1.249065325291e-01 -1.064996988405e-01 
-3.461732169449e-02 -1.218389673534e-01  8.881279985854e-02 
 4.353405094506e-02 -7.840746429913e-02 -3.038598121323e-01 
-1.251417100882e-01 -8.954137568292e-02 -9.541068981680e-03 
 5.745563130635e-02 -9.299495947363e-02  1.297624455408e-01 
 1.804957682059e-01  6.972150259431e-02  2.144981698823e-02 
-7.788124614162e-03 -6.250436658656e-02 -4.209753307366e-02 
 1.803151364177e-02  1.628433090174e-01 -2.024155875171e+00 
 1.028154350973e-01 -3.463577525109e-02 -3.323477729609e-01 
-3.402922712513e-01  4.512733390820e-01 -9.191211697960e-01 
-1.521131517465e-01  2.456374730763e-01 -8.941300616175e-02 
-1.123670024734e-01  1.699936246942e-01 -4.239274826938e-01 
-1.859401186588e+00  3.584528894035e+00 -2.235196040967e-01 
 1.361239000195e-01 -1.310118556578e-01  6.276709673940e-01 
-3.936705730508e-01 -6.102008880972e-01 -5.157190198249e-02 
-3.351686958970e-02 -4.916378018850e-02 -2.846634247444e-03 
-2.082968139807e-02 -1.891509451287e-01  5.107684279666e-01 
-1.399200763040e-01 -1.239998216628e-02  2.039204316292e-01 
 1.844510606115e-01 -1.314042620258e-01  2.617019026104e-01 
 3.172488247755e-03  2.818458691040e-01 -6.868104979422e-01 
 4.980301752771e-01 -2.054208783748e-01 -8.305684937522e-02 
-3.649888266304e-01 -2.645678795106e-01  1.327316641060e-01 
-8.422757272494e-02 -1.231902117090e-01  3.438988508731e-01 
-2.729053954903e-02 -1.363695196474e-01  1.594660569197e+00 
-4.037529055425e-02 -3.226431680880e-02  1.859716068795e-01 
-7.139769313233e-01  3.202135594299e-01  6.079992769467e-01 
-2.991345205448e-02  1.592570511702e-01  2.098492509460e-01 
 3.087808358872e-02  1.710435033046e-02  3.748744346161e-01 
 1.654177909828e+00 -3.144866677618e+00  1.885597765722e-01 
-4.067289534924e-01  2.510448582451e-01 -2.719265748099e-01 
 3.228949054446e-01  4.106969472378e-01 -3.776146463057e-02 
 1.436345218717e-02  3.091525923135e-02 -1.018206333701e-01 
 1.488335422161e-02  4.851257742438e-01 -9.052642997459e-02 
 6.665403919332e-02 -9.270743955563e-02 -2.559694783447e-02 
-6.302118125596e-03 -9.871331584179e-03  2.323993057383e-01 
-3.583870186332e-01  4.972400866877e-01  4.364096319658e-01 
-2.154731541239e-01  2.559695940559e-01 -1.730832500774e-01 
-3.067690100560e-01 -6.113562723238e-01  1.233886571760e-03 
-1.583603595448e-02 -3.987721915238e-02  3.770056372414e-03 
 6.569016066688e-02  2.320346225672e-01 -2.077924809747e+00 
 2.062238386905e-02 -7.567311526272e-03 -2.229977971865e-01 
-4.753355896625e-01 -1.220669444138e-02 -6.762496775677e-01 
 7.885373998457e-02 -1.538994447357e-01 -2.702984153381e-01 
-7.669140958140e-02 -6.672625221418e-02 -2.687306773227e-01 
-1.096126780329e+00  2.705406200988e+00 -8.623728549552e-02 
-2.038073924664e-01 -1.357880243601e-01  6.274720178982e-01 
 4.768347491339e-01 -5.414384936836e-01  1.483126717083e-01 
 8.472650525144e-02 -3.005131372865e-02  1.254439913343e-02 
-1.055858536502e-01  3.874537488809e-01  2.373349823811e-01 
 4.859421305321e-02  4.947178085372e-02 -9.103129097999e-02 
 8.055510520132e-03  2.124183265677e-02 -4.298450622220e-01 
-6.458975853846e-01  1.786056823023e-02 -5.741621096790e-02 
-3.406109139987e-02 -1.734113144178e-01 -4.229286139748e-01 
-6.002377516311e-03  1.038358360758e-02 -5.241968161398e-02 
 7.286644324504e-02  6.896242448959e-02 -4.766323179912e-02 
 4.856811070148e-02  1.122792256389e-01 -2.833495909111e+00 
-4.080565404564e-02  5.107983606605e-02 -5.183860249376e-01 
 5.557852120702e-01 -1.342303882505e-01 -8.087411183897e-01 
 1.199194626800e-01  1.837888498304e-01 -3.216781193284e-01 
 2.311217383606e-01 -1.477883730863e-01 -3.752143916981e-01 
-1.466938646959e+00  4.050697715808e+00  2.685733830473e-01 
-1.128182898169e-01 -1.684882292408e-01 -2.174976526539e-01 
-1.722623520190e-02 -1.152185968509e+00  3.209197511600e-01 
 5.724183310276e-02 -8.558869954323e-02 -1.030692637998e-02 
-5.197363519746e-03  2.702671086272e-01 -1.303968752634e-01 
 6.050783382708e-02 -1.653353068708e-02 -6.923001909252e-02 
-4.946728884807e-02  6.394619063470e-02  3.308072101099e-01 
 1.112828682093e-01  3.236943473027e-01  4.669185306336e-02 
-1.559100198932e-01  3.460570735084e-01 -5.631312660054e-02 
 4.420616616379e-01  3.666561780302e-01  2.057847315954e-01 
 1.264765928933e-01  2.068942848497e-01 -4.600245784123e-02 
-6.798493979599e-02 -2.987536040983e-01  3.845918486755e-01 
-3.400396559692e-02 -1.852768957298e-01 -3.364485511984e-01 
 4.707513345264e-01 -3.950381835708e-01  2.423120664105e-01 
 1.141957392085e-02 -1.629222749357e-01  2.665996292294e-02 
 9.906679041076e-02 -3.364249856374e-02  2.033329776007e-01 
 8.590366075377e-01 -1.206102808011e+00 -5.761441465911e-02 
 7.052191744425e-02  2.458251225953e-02 -1.851465047181e-01 
 3.599666522032e-01 -3.746996048203e-01 -2.554217370328e-01 
-3.484509413376e-02 -2.076439667145e-02  1.952103513321e-02 
 4.731787720575e-02 -3.168655917705e-01 -1.016958771075e-01 
 1.461532727100e-01  3.362271587560e-01  3.193514828177e-01 
-3.855856057932e-02  1.140569447316e-01  1.976365407494e-01 
-2.897804719364e-01  2.489511734619e-01  2.149936251593e-01 
 8.934835181073e-02 -4.885437911152e-01  2.541268491716e-01 
 4.302240888684e-01  6.581264816099e-02  2.345652141725e-01 
 7.629098175828e-02  2.498835486207e-01  1.958287065149e-01 
 4.913842689941e-02  2.102957332027e-01  1.840789101122e-01 
-1.936950771791e-01 -4.167929453939e-01  8.330501480337e-02 
-4.558230664255e-01  1.423382896908e-01  1.151940538070e-02 
-4.267412764843e-02  3.268981438200e-01  1.772411416658e-01 
-1.374944766193e-04  9.204758826043e-02 -1.928018678366e-02 
-8.034059245686e-02 -1.905467374266e-01 -5.100040003606e-02 
-6.282527901202e-02 -4.034267895217e-03  2.345416180841e-01 
-1.376621699691e-01  4.454470084593e-01  3.349302840169e-02 
 1.717924469362e-03  2.712232912264e-02 -2.350977900469e-02 
 5.107932048670e-02  2.099090671564e-01  8.884842529887e-02 
 2.221821042595e-01  5.983316791520e-01  8.571918394878e-02 
 3.668338071763e-02 -5.356085234517e-02 -8.881244686639e-02 
 1.454820425034e-01 -1.857502255108e-01 -1.313577820460e-01 
-3.715718303848e-02  1.744151441929e-01 -1.747571956675e-01 
-2.955472350283e-01 -5.676751212491e-02 -2.024914985711e-01 
 2.798144513846e-01  6.858977322622e-01  1.623223387721e-01 
 1.510861020839e-01  5.385709727366e-01 -1.942663848509e+00 
-5.241529904199e-02 -7.203763399030e-02  1.545058313625e-02 
-3.235721607723e-01  2.962781356137e-01 -5.218075358989e-01 
 2.191661275724e-01  3.084354198093e-01 -3.944090803457e-01 
 1.690186924438e-02 -2.813413659609e-01  1.555637541684e-02 
-2.244311954976e-02  8.472971758337e-01 -8.223739230587e-02 
 1.176242983581e-01 -1.779805628190e-01  2.402599490149e-01 
-1.866579103935e-01 -6.288141303517e-01 -1.537716469292e-01 
-1.688064812967e-02 -3.559713231420e-02 -5.128036627592e-02 
-1.885561226130e-01  6.347612167520e-01 -9.637379226510e-02 
 1.400243480603e-01  1.819096007561e-01 -3.635724793524e-01 
-1.457957068154e-02  2.398965994050e-01  2.799403833942e-01 
-2.477473309114e-01 -1.201543336132e-01 -2.563413689469e-01 
 5.226741458500e-01 -8.643188098183e-02  4.696828151038e-01 
-2.796122466523e-01  3.014498266066e-01 -3.363474789632e-01 
-9.414917231487e-03  1.008389468175e-02 -4.457391463593e-01 
 8.759282868741e-02  2.116000793512e-01 -7.685160689477e-01 
-4.214843758756e-02  3.030180815908e-01 -6.439429535256e-01 
-1.163031209585e+00  5.746204028683e-01 -2.067195694728e-01 
 2.162638025754e-01  2.955748734206e-01 -2.732715803493e-01 
-1.675959346372e-01 -1.470669810219e-01  2.267462886207e-01 
 1.067923278933e+00 -4.167408254938e-01 -2.459131449487e-01 
 2.040702592026e-01 -3.734243091756e-01  1.352787446859e+00 
-1.023448404102e+00  3.634746455689e-03 -3.272045849182e-02 
 1.486242612459e-01  7.176845550760e-03 -1.975720775219e-01 
 1.249161283560e-01  5.107860992180e-01  4.052704811486e-01 
 1.459378370658e-01 -2.935229357010e-01  1.715708750082e-01 
 2.888891185150e-01  2.778423861547e-01  3.945682822174e-01 
-2.314234527591e-01 -5.888772601400e-01 -5.146956835567e-01 
 4.978050975844e-02  1.091239551859e-01 -3.134982974208e-01 
 1.604725363692e-01 -1.337177904995e-01 -6.018657151751e-01 
-3.565103483071e-01  7.752299950723e-02  4.153812840937e-01 
 1.994020574708e-01  7.041136091514e-01 -8.903417317433e-01 
 1.380619699024e-02 -5.181682359599e-02 -3.799217744722e-01 
 2.639453139600e-01 -6.803219185302e-02 -2.259105577952e-01 
-6.924140225532e-02 -1.044135031995e-01 -2.624893609520e-03 
 1.257886171925e-01 -4.832330069322e-01 -3.094360650979e-02 
-8.633598198125e-02  7.080104177896e-01  1.583116253313e-01 
-2.056979630188e-02 -3.551151420398e-01 -5.345477851753e-01 
 2.202073412465e-01  4.682898093442e-01 -7.872442880701e-02 
-8.201242273758e-03  1.840492863524e-02 -6.512795707522e-02 
-5.494782846401e-01  4.234076770995e-01 -4.256079326260e-01 
 3.444128092668e-01  2.535293473731e-01  4.056702805873e-01 
-1.530230454380e-01 -1.393613555511e-01 -3.565314419431e-01 
 1.733113937580e-01  1.708444878610e-01  1.211512432167e-01 
-3.275391527730e-02  2.952874407688e-01  1.532308777883e-01 
-9.299401735295e-02  1.814260546646e-01 -1.660842869208e-02 
-4.114266743594e-01 -2.346396783555e-01  3.219249126692e-01 
 2.920369071541e-01  1.040193091302e+00 -1.057796581469e+00 
 9.495881221465e-02  3.770950687348e-02 -3.281085938382e-01 
 6.159635278960e-01 -3.198171404888e-01 -2.099791506302e-01 
 6.033494411780e-01 -5.661041078333e-02 -4.076626338561e-01 
 1.415346805120e-01 -5.406720569101e-02  1.883191903300e-01 
 7.417933201734e-01 -2.930082058293e-01  3.579522202328e-01 
-1.431560414978e-01 -6.368614263811e-01 -1.068068840585e+00 
 8.141970035162e-01  6.779421235666e-01  2.986801998085e-02 
-1.266953364743e-01  3.947361541745e-02  2.605004178073e-01 
 3.728597857441e-01  1.568550948629e-01 -4.666161917284e-01 
 4.211255369101e-02 -4.787324274844e-01  3.550272856957e-01 
-3.188002893706e-01 -6.744571976911e-02 -2.606349938191e-01 
 2.346934909810e-01  2.549706643838e-01  4.985336107589e-01 
 7.359718333326e-03 -2.442236563010e-01  5.279474564402e-02 
-4.182879801905e-01  4.366859129833e-01 -7.429812960492e-02 
-1.323944404873e-01  3.094353857306e-01 -7.455052059330e-02 
-1.960572337218e-01 -1.057094875988e+00  7.608919228864e-01 
 2.049648746714e-01 -1.828921759503e-01 -1.616236277055e-01 
-2.654993355245e-02  4.210349435130e-02  1.512483606449e-01 
-2.341568616146e-01  7.907698765317e-02 -8.075430515413e-01 
 2.372590303759e-01 -2.168234723890e-01  4.102250815667e-01 
 1.758503672370e+00 -1.493312834548e+00  8.695519564189e-02 
 5.217097715994e-02 -1.032314133713e+00 -3.051104389168e-02 
-1.414967590277e-01  1.183556981775e+00 -2.127846759770e-01 
 9.646937242712e-03 -9.901403318396e-02 -5.170459529345e-02 
 1.521205694825e-01 -1.247474532604e-01  1.838232431125e-01 
-2.291021160015e-01  4.045265228560e-01 -1.809245241210e-01 
-4.911156659796e-02 -8.344075816434e-02 -1.390669515301e-01 
 1.379188421557e-01  4.291091839426e-02 -1.602086916782e-01 
-4.062253276521e-02  1.410419470225e-01 -1.936380335998e-01 
-1.050952882172e-02 -1.175421180204e-02  3.836983640958e-01 
 4.445488181658e-01 -4.354320970881e-01  1.863330381692e-01 
-1.299914947810e-01 -5.135553650084e-01  5.748925251887e-01 
-3.848420201646e-02  6.873197672411e-02 -2.587418016683e-01 
 2.850248393263e-01 -7.216982483039e-02  1.884207562419e-01 
-3.037559332567e-01  4.364834423431e-01 -1.820695337145e-01 
-7.176966012216e-01 -1.276253559805e-02  7.211347036702e-02 
 3.613965272089e-01 -3.064030999975e-01  4.646657270926e-01 
-2.074212689960e-01 -4.515046373253e-02 -2.413978209992e-01 
-1.355124316886e-01  1.679377885869e-02 -3.786646446730e-02 
-5.377834868214e-02  1.050006439519e-01  3.823642391593e-01 
-1.286433165708e-01 -5.140753101723e-01  2.974229303659e-01 
-1.203331796601e-01  2.313222711725e-01  8.077854910547e-01 
 2.350756623447e-02  1.229880240725e-01  1.888204998435e-01 
-1.257461364432e-01 -1.754502931009e-01 -1.358093099519e-01 
-1.315596342032e-01  2.248183330361e-01 -2.292329004998e-01 
 1.210922463776e-01  2.496018371566e-01 -1.382567484990e-01 
 5.434529672013e-02 -1.742639699508e-01 -5.808406995152e-01 
-1.774056271580e-01 -7.931661236167e-01  1.104383606780e+00 
 1.398228927569e-01  5.161153829887e-02  7.246260647743e-02 
 3.231475696526e-01 -1.866022342919e-01  2.190067377587e-01 
 6.395059488468e-01  4.283620767636e-02 -1.020795077678e-01 
 9.505518275363e-02  7.560914630731e-01  2.835607008714e-01 
 1.154648380940e+00 -1.777796508211e+00  7.350985105161e-02 
 4.584973842459e-02 -2.648596291794e-01 -2.938772827643e-01 
 2.896581240383e-02  4.929413164509e-01  8.596236163664e-02 
 2.468410707267e-02 -1.071571913062e-02 -2.686960367293e-02 
-6.160818719156e-01 -2.391879899597e-01 -2.823029762480e-02 
-5.225849447234e-01 -5.996761698014e-01  1.206446011945e-01 
-7.470696058540e-04 -2.389144176615e-04  1.474346810624e-02 
-7.802110263537e-02 -8.824638975384e-02  2.193415520323e-01 
-8.448016781022e-02  3.550145371532e-02  2.479162159156e-01 
-5.532121507819e-02  3.567944088187e-01  8.360495809203e-02 
 5.421280204875e-01  3.668146247451e-01  2.418631887987e-01 
 3.170704870081e-02  1.188128290380e-01 -1.310625011570e-01 
 4.215991426839e-01  4.084898267110e-01  1.706586504777e-01 
 1.569874781780e-01  1.718257253657e-02 -6.577595622919e-03 
-4.802602088302e-02  6.797223169860e-01  2.490149027044e-01 
 5.190694961832e-01 -2.083197932446e-02 -5.197001105672e-02 
-2.230125459029e-01  2.291408513271e-01 -1.582703755878e-01 
-1.146710114501e-01  2.698005589868e-02 -2.488699057963e-01 
-3.638601300782e-01 -8.478636671891e-02 -2.465001922344e-01 
 1.005799753558e+00  2.125558221736e-01  5.455498066159e-01 
-1.665256228376e-02 -7.653360813914e-02 -1.095600969583e-01 
 6.193280212974e-02 -7.709729189707e-02 -1.663693057775e-01 
-1.357899531688e-02 -3.352321397486e-02 -6.725504868434e-02 
 5.485809019731e-02  5.982398605072e-02 -3.850469398193e-02 
 4.891884480389e-02 -3.393483985468e-02  5.425947002148e-02 
 3.261742611401e-02  1.686098923107e-01  5.714785939658e-02 
 5.393531728092e-02 -3.389424946613e-02  9.269426907517e-02 
-6.401907229361e-03 -1.826378819475e-01  1.592452521726e-01 
 1.131960112999e+00 -6.738937852864e-01  4.246882409466e-01 
-4.616061194886e-02  6.328532068150e-02 -4.318091654561e-02 
 4.052861005850e-02 -1.424125132190e-01  3.323344876152e-01 
 1.057967358296e-01 -5.263623650657e-01  2.153056141211e-01 
 8.290288174679e-01 -1.653541027866e+00 -2.082074037435e-01 
 9.911156461560e-02  9.992538222709e-02 -2.311638721876e-01 
 2.430301570765e-01  6.836993577582e-03  6.855335649283e-01 
-1.055522570252e-01  5.905634436145e-02  4.138886573992e-01 
 1.871972999414e-02  1.771772356947e-02 -4.463721055114e-01 
 3.614328499801e-01  1.347649341962e-01  4.227938053931e-02 
 8.627135114760e-02  1.422890260410e-02  2.303238442221e-01 
-1.480212286062e-01 -1.709211899175e-01  5.393320677891e-01 
-3.421180848495e-02 -2.756284761663e-01  3.060501699729e-01 
-2.941893923899e-01  1.254383694990e+00 -2.124466613046e-01 
 5.303657356312e-01 -5.506049097963e-01  4.772566585505e-01 
 1.445010751330e-02  2.019555028337e-01  1.574499890571e+00 
-1.622579557776e+00  5.752189729801e-01  4.567120228216e-01 
 3.575588826668e-01 -1.786158787677e-01  2.924498611999e-01 
-4.893448490484e-01  1.736288624879e-03 -3.567062267036e-02 
-9.857568323411e-03 -5.951858352271e-02  4.194586140670e-01 
 1.541223309798e+00 -3.411785563999e+00  1.377956871632e-01 
-8.068729448856e-02 -8.158629983089e-03 -6.197986008174e-01 
 3.714005215375e-01  8.678572727810e-01  5.815099036076e-01 
 4.518984194372e-01 -3.894101754087e-01 -1.950597608171e-01 
 4.964575358588e-02  9.024719585186e-01 -2.188196129667e-01 
-6.418685036729e-01  4.660924886883e-01  2.723945102354e-01 
-9.177136182297e-02 -3.937908055509e-02 -4.645303740373e-02 
 3.875523831261e-02  7.485959524526e-03  7.914259670126e-01 
-2.192740753479e-01 -3.897471372114e-01  4.372132735241e-01 
-2.243788977682e-01 -1.303985978997e+00  2.641253793153e-01 
-6.071519731478e-01  1.497816157186e-01 -2.206285323972e-01 
 2.355909511744e-01  8.118750706770e-01 -5.380605189039e-01 
 9.102421141662e-01 -4.330487281277e-01  6.353765169457e-01 
-5.038677623654e-01  1.680530216983e-01 -1.963886281874e-02 
 4.084407280035e-01  6.155377957342e-01  2.710355160422e-01 
-1.490878959301e+00 -5.120506810815e-02 -4.963771614250e-02 
-2.493858374089e-01 -5.585754176051e-01  3.501437775578e-01 
-1.847470792696e-01  3.760318371980e-01 -3.855703421790e-02 
 1.229062632942e-02  3.905593257268e-01 -4.899987041754e-02 
 4.585837075981e-01 -5.366925183790e-01 -7.094214841447e-01 
 1.593832767310e-01 -5.160974593251e-01  3.256130194005e-01 
 4.873418693975e-01 -3.001670230911e-01  7.046901432040e-01 
-6.948288889329e-02 -3.084192194594e-02 -1.496913272305e-01 
 1.136829138020e-01  6.772425937365e-02  1.017491052677e-01 
-1.165268534186e-01 -1.283357916182e-01  8.682863798703e-02 
 3.698126854921e-03  1.760646455344e+00 -6.977386115924e-01 
 8.443948723806e-01 -3.946443408844e-01 -1.371048398874e-01 
-5.593924774917e-01 -2.291812169737e+00 -1.500795804505e-01 
 1.682149835176e-01  1.285760379846e-01 -1.705056604233e+00 
 2.791335963971e-02 -1.394582302168e-02 -1.296391568520e-02 
-1.686287560783e-01  2.104447099523e-01 -6.043513353450e-01 
-1.840075371957e-01  7.349930758346e-02 -9.427504633185e-02 
-2.500924123945e-01  2.413346712251e+00  2.181418312369e-01 
-3.212951971127e-02 -6.120504368129e-01 -4.430945591163e-02 
 3.053061094700e-01 -1.360164658695e+00  2.513864815256e-01 
 1.543672321640e-01  1.210585965938e+00 -6.162150788400e-01 
 8.909483616084e-02 -2.444354505851e-01  7.264531248465e-02 
 2.220620845453e-02  6.367636690125e-02  9.587314684632e-02 
-8.719962678731e-03  9.205508885353e-02 -2.207874906026e-02 
 2.815651247456e-03  8.214531737192e-02  3.197539825597e-01 
 1.248404223736e-01 -2.863947464665e-01  2.950586254169e-01 
-5.774641959559e-02 -1.393600067316e-01  2.709894680008e-02 
 5.948245575616e-02 -4.421209391622e-02 -2.363228927359e-01 
-8.897212072199e-01 -3.832410179238e+00 -7.606346007040e-01 
-1.410884350236e+00  3.143428178877e-01  6.255681488822e-01 
 3.459920669103e-01 -5.879672201791e-02 -4.582442373446e-01 
 1.464602649496e+00  8.928080923779e-02  1.264336316812e+00 
-2.204686217211e-01 -1.452810304839e+00 -3.637557536320e-01 
-1.308311649081e+00  1.984667983853e+00 -8.082593481268e-02 
-3.201244997339e-03  3.539731263293e-01  1.532902434920e-01 
-3.306187657329e-02 -5.003377829537e-01 -1.988308076822e-01 
-6.854136160066e-02  3.699491707755e-02  6.167172343381e-02 
 1.218440357618e-01  5.403692469334e+00 -2.003430443234e+00 
-1.646796656341e+00  4.230680971339e-01  3.989677627768e-01 
-1.085210510870e-02 -1.665558691580e-02 -1.692934910184e-02 
 2.366480926891e-02  4.561590612494e-02 -1.437302903932e-01 
 1.459025520667e-02  2.920515883766e-02 -1.096451169883e-01 
 3.988107703679e-02  2.988525693736e+00 -1.252882183784e+00 
 7.974358689117e-01 -5.290704421654e-01  5.342065867736e-01 
orbocc
(*)
 0.000000000000e+00  0.000000000000e+00  0.000000000000e+00 
 0.000000000000e+00  0.000000000000e+00  0.000000000000e+00 
 0.000000000000e+00  0.000000000000e+00  0.000000000000e+00 
 0.000000000000e+00  0.000000000000e+00  0.000000000000e+00 
 0.000000000000e+00  0.000000000000e+00  0.000000000000e+00 
 0.000000000000e+00  0.000000000000e+00  0.000000000000e+00 
 0.000000000000e+00  0.000000000000e+00  0.000000000000e+00 
 0.000000000000e+00  0.000000000000e+00  0.000000000000e+00 
 0.000000000000e+00  0.000000000000e+00  0.000000000000e+00 
 0.000000000000e+00  0.000000000000e+00  0.000000000000e+00 
 0.000000000000e+00  0.000000000000e+00  0.000000000000e+00 
 0.000000000000e+00  0.000000000000e+00  0.000000000000e+00 
 0.000000000000e+00  0.000000000000e+00  0.000000000000e+00 
 0.000000000000e+00  0.000000000000e+00  0.000000000000e+00 
 0.000000000000e+00  0.000000000000e+00  0.000000000000e+00 
 0.000000000000e+00  0.000000000000e+00  0.000000000000e+00 