2mocoef
header
1
MO-coefficients from MOLCAS
1
48   48
a
mocoef
(*)
-1.208204696501e-04 -1.025618179635e-03  4.456457192601e-03 
 9.586259201508e-05  6.283494948222e-05 -9.039924966880e-04 
-1.349352654418e-04 -1.865662539657e-04  2.038767901450e-03 
-7.163428398844e-05  1.123426825027e-04 -6.631197984735e-04 
 3.400556603051e-05  1.173459323325e-04  1.001108374764e+00 
 5.466255131273e-03 -7.528828132934e-03  1.643051965513e-03 
-3.845807163366e-04 -2.633784749505e-03 -1.580824747043e-03 
 3.495284012011e-04  3.111404003925e-03 -2.737994926357e-05 
-5.902086546845e-05  5.079956990003e-04 -2.455925016613e-04 
 9.041788719249e-05 -4.821577910321e-04  8.710990419394e-05 
-2.859414699432e-05 -3.214282400225e-06  1.080557115020e-04 
 2.579036243304e-04 -3.123393591643e-06  4.303679035817e-05 
-8.478084869926e-06 -8.282688674377e-05  7.490185794954e-04 
-1.235879162435e-04  1.675171787522e-04 -1.314145977038e-04 
 2.494793366426e-05 -4.654592638847e-04  1.731491298206e-04 
-2.033226012224e-05  8.411307802204e-06  7.018725496036e-06 
 1.001584147932e+00  9.594505121265e-03 -5.247232563325e-03 
 2.769181830127e-05 -3.700426306964e-04  2.332062561189e-03 
-6.222335283228e-04  1.834927652607e-04 -4.922940937007e-05 
-1.088855997507e-03 -2.712404713341e-04  1.752341502379e-04 
-2.206459485276e-04  1.194340094066e-03 -4.739216727709e-04 
 1.175898026916e-03 -3.522026685738e-03  9.018108309209e-05 
-4.612001777074e-05  6.141729563049e-05 -5.952613526644e-04 
 2.199206116982e-04  1.868196404941e-03  3.399231874440e-04 
 8.013077355576e-05  7.284851004887e-06 -8.895945046713e-05 
-1.608687151931e-04 -2.052525272357e-03  2.676315937264e-03 
 5.278609431589e-04 -4.130935812964e-05 -3.591319319772e-04 
-3.713442005903e-05 -1.938615661499e-04 -1.592406434728e-05 
 4.079486511370e-05 -9.488942656651e-05  1.026338361032e-03 
-4.950048937604e-04 -1.999936230644e-04  1.848846206261e-04 
-1.807384630914e-04 -1.816520938222e-03  1.764196763795e-03 
-5.701587587364e-04  3.905280763754e-04 -5.029750513034e-04 
-2.320099908479e-02  5.350691547306e-01 -2.361260767452e-01 
-3.389624820152e-02 -2.748270828465e-02  2.658376401629e-01 
 1.413837618176e-02  1.149477555453e-02 -1.290338890342e-01 
 4.119646852420e-03 -6.400984165089e-03  3.155679792545e-02 
-4.679064757590e-03 -4.941737191996e-03 -1.144124721482e-02 
 7.346453005917e-01 -1.297400211958e-01  7.039833607894e-02 
-9.835325400232e-03 -2.189143205444e-01 -2.091991037806e-02 
 5.599376728807e-03  6.455470243717e-02 -1.815170806454e-03 
-1.636583755037e-03  1.923395032430e-02 -7.271987188941e-03 
 1.335946749079e-03  1.615987313979e-01 -8.738357538096e-02 
-1.719493441085e-02  3.758563162898e-03  7.607601462746e-03 
 1.793685498805e-02 -1.045415840520e-02  7.084721659066e-04 
-7.767983199988e-04 -5.528402708715e-04  1.627197949574e-01 
-7.809075226924e-02 -1.425741471221e-02  1.559995440049e-02 
-1.028591818930e-02  1.401391902174e-01 -7.394601859939e-02 
 1.465065434889e-02 -7.510616583661e-03  6.370242808418e-03 
 9.245117129299e-03 -6.034170580626e-01  9.573226001912e-02 
-2.089353188606e-01  2.307680083100e-03  3.568744519693e-01 
 8.700779485120e-02 -9.518806092116e-03 -9.646372099709e-02 
 1.111478524555e-02 -5.253413948861e-03  2.656642335567e-02 
-2.176817549306e-03 -1.154242118929e-02 -2.743896127994e-04 
 4.538863794215e-01 -1.394584163931e-02  5.409737489543e-03 
-4.405158653902e-02  7.550400511657e-02 -4.945678390609e-03 
 1.065457080763e-02 -8.736630206440e-03 -4.016211327348e-03 
-7.141616369723e-04 -2.382853362833e-03  4.617575533047e-03 
-4.143150951188e-04 -5.670734458261e-01  2.461179298607e-01 
 3.376260742568e-02 -9.336298071474e-03 -4.276910759266e-03 
 2.516980535932e-02 -1.552294094442e-02  1.252269720210e-03 
-6.600258916765e-04 -9.626022329121e-04  1.619293489696e-01 
-7.259427166165e-02 -1.325835250723e-02  1.135147081648e-02 
-6.998387840061e-05 -2.580222689989e-01  1.297145017313e-01 
-2.085066034209e-02  8.715344274950e-03 -4.369285113713e-04 
 3.227715572889e-03  1.588135232382e-01 -1.744842354108e-02 
-5.905517402916e-01  2.622954769445e-01 -4.103243703598e-02 
 1.847259919982e-01 -7.276300425764e-02 -7.115777343151e-03 
 3.103304823263e-05  7.496314805098e-03 -1.423716028947e-03 
-1.237201372001e-02  1.875160602084e-03 -3.826113859912e-04 
-5.596831554832e-02 -1.198027761667e-02 -2.606162720360e-01 
 1.573038005787e-01 -1.250682855358e-01  4.032371447874e-02 
-2.423254004561e-02  2.671152440487e-02  4.753500798259e-03 
-8.797338186419e-03  1.088243600273e-02  1.613769768680e-02 
-5.612053754954e-03 -4.067849162463e-01  1.620958435381e-01 
 1.735964736926e-02 -2.101282101952e-03 -8.225475181406e-03 
 8.096058359875e-03 -1.091654157104e-02  2.309566677736e-04 
 3.251918061936e-04 -1.188632545228e-03 -2.151149245625e-01 
 1.075023099096e-01  1.047408891122e-02 -1.477519828572e-02 
 1.353715456508e-02  5.167181890702e-01 -2.236106146940e-01 
 2.467694007434e-02 -1.254449387006e-02  9.529260042024e-03 
-2.822365894182e-04 -1.819070996051e-02 -4.183403712586e-02 
 3.132970851337e-01  1.856907959619e-01  2.188658353340e-01 
-4.255207902150e-02 -3.847753422569e-02 -5.869383240803e-02 
 4.418605271330e-03  4.445426181713e-02  1.723293942644e-02 
-1.528922196987e-02  3.644424271816e-03  2.048647067871e-03 
 1.689449935987e-01  3.022414936812e-02 -2.088055959517e-01 
 6.295865108758e-01 -5.090969412413e-02 -1.559650767815e-02 
-2.812644026031e-02  3.259082871138e-02  1.907182323074e-02 
-1.807492452675e-02  7.247812945149e-03 -1.386898391842e-02 
 6.703941986834e-04  1.834345294457e-01 -6.580512959001e-02 
-4.334572513923e-03  8.334525878794e-03  5.563918486101e-03 
 9.572582425654e-02 -4.560372664160e-02  4.715368169695e-03 
-3.710470304711e-03 -3.476283071302e-03 -4.880039434745e-01 
 1.527269530945e-01  2.268637043001e-02 -1.465190923388e-02 
 1.392356014937e-02 -3.075146190201e-01  1.025577446487e-01 
-7.660382461328e-03  1.035384805227e-02 -1.437603564969e-03 
 2.512808732712e-03  3.715829042547e-02 -5.370876076877e-02 
-2.952418174926e-02  3.869550931277e-01  1.817368843624e-01 
-8.146053810084e-03 -4.405855074015e-02 -5.983187813177e-02 
-8.663901372408e-03  1.859139192711e-02  2.092658946414e-02 
 4.676778470010e-02 -5.613708649828e-03 -4.337195971725e-03 
-2.105811693772e-01 -6.353051727667e-02  7.243080407881e-01 
 2.411650718010e-01 -1.616507252152e-01  1.421168262627e-03 
-1.089166691708e-02  2.021649537638e-02 -4.701079858897e-04 
-2.431210441285e-02 -3.615287667398e-03 -1.430146863570e-02 
 9.644248280575e-03 -2.222120758815e-01  7.007233202931e-02 
 8.451815251788e-03  6.406694118127e-03  2.048315430006e-03 
-1.126818682264e-01  3.990262691678e-02 -5.854180582227e-03 
 5.567191962727e-03  4.582259578739e-03  2.439552826122e-01 
-5.251519543551e-02  1.680226667638e-03  1.818937944766e-02 
-5.769926388460e-03  1.840349930176e-01 -5.323592673766e-02 
 7.760694689778e-03  3.769595487574e-03  4.936238574023e-03 
 3.482580626809e-03  1.297388936722e-01 -1.293564705001e-01 
-5.003117642694e-02 -2.785550101611e-01  4.894045118687e-01 
 3.333438185919e-02  4.233392723982e-02 -1.577113499549e-01 
 1.048413673767e-02 -2.155765844544e-02  2.405729894583e-02 
-1.505794441991e-02 -8.237265776056e-03 -3.775516173523e-03 
-2.391677807822e-01 -1.139627939624e-01 -2.218879902617e-02 
-1.509797569451e-01 -7.326210822664e-01 -1.980761391662e-02 
-1.426005867471e-03  1.044558636175e-01  4.884079968164e-03 
 1.580798049116e-02  3.175448868697e-02 -1.221707410111e-02 
-1.993856490251e-03 -6.957811055321e-02  7.835908355472e-03 
-6.792905876471e-04 -5.774142949443e-03  7.064698593058e-03 
-9.410745432425e-02  4.182431003797e-02 -5.301318144205e-03 
 4.065957363815e-03  4.920787264096e-03 -2.236922745777e-01 
 6.841265393026e-02  7.841630317664e-03 -1.284402374869e-02 
-1.046113483757e-02 -2.165058650488e-01  7.715368654757e-02 
-1.002069752216e-02 -6.754259357483e-04  2.705637457616e-03 
-1.330173030130e-06 -5.389069625889e-03 -8.742354758820e-02 
-1.751774257618e-02 -9.404353345030e-02  5.667617466078e-02 
 2.462293830302e-02 -1.740683119976e-02 -1.570593293654e-02 
-6.034521799661e-03 -1.293588410698e-02 -1.225049500190e-03 
 1.545708607936e-02 -4.077625984840e-03 -8.299669849020e-03 
-2.767058567939e-01 -1.241365095221e-01  1.872342740576e-01 
-5.503703054588e-02 -1.702444677862e-01  1.573334173123e-02 
 1.670303702541e-02 -5.241034669086e-02 -1.614024423422e-02 
 1.017486136676e-02 -8.690599224050e-05 -1.008693545471e-02 
 2.958414553895e-03 -3.729924926695e-02 -1.396332855105e-02 
-1.407822604576e-03 -3.014024919848e-03  4.062253472975e-03 
 1.026985992830e+00  4.298576115132e-02 -1.305051173530e-03 
 5.442263901090e-03 -6.045531204179e-03  1.577536388824e-01 
 8.794599468388e-04  9.514652886147e-04  2.434855622826e-03 
-1.043086835738e-02  4.782398453650e-02  5.363001862922e-02 
-3.183845485929e-03  5.634810955894e-05  2.875469603106e-03 
 6.966512297137e-03 -6.381612083689e-02 -3.085076454014e-01 
 1.756325143890e-01  5.622980593611e-01  1.504713737088e-01 
 5.623623992765e-02  3.223551098151e-01  8.042776409488e-02 
-1.000958023461e-03 -6.881041122714e-03 -1.104545327495e-02 
-2.070401120610e-02  4.783364456141e-03  4.945951073257e-03 
-1.180324820904e-01 -1.937389589195e-01 -3.869170342664e-01 
-2.754149918522e-01 -1.667387613953e-01 -1.953875113429e-01 
-1.633141770997e-01 -1.236613036450e-01 -6.468167366931e-03 
-1.824752675757e-02 -2.697611687082e-03  2.288224863981e-03 
-6.652767070586e-03  1.343088212424e-01  2.240629187153e-01 
 7.877129865721e-03  1.963888201393e-02  7.541200065629e-03 
-3.438453626731e-03  1.039532741134e-02 -5.296811820784e-03 
-2.346972986369e-03 -3.227399282971e-03  2.908117322817e-01 
 3.225896085780e-01 -4.713341795381e-03 -1.337514652430e-02 
-2.069335926112e-03 -6.845917460349e-03 -1.531940384201e-02 
 4.888948533756e-03  1.812607281332e-02  9.746333431713e-03 
 8.038735361955e-03 -9.736696395594e-02 -5.015863484571e-01 
-2.362826352437e-01 -2.100523080897e-01  2.871742551775e-02 
-3.387077440359e-01 -1.508874837361e-01  4.203226858137e-02 
-7.014730696851e-03  2.349011959938e-02 -8.609117646281e-03 
-1.566390554671e-02  8.720204022911e-04  1.115945832833e-02 
-1.199686114751e-01 -3.288618770848e-01 -1.738567680420e-01 
 4.652463962287e-01 -5.314893145669e-02 -6.768599174515e-02 
 3.137741220004e-01 -8.806490328479e-02  5.657959445447e-04 
-6.475429717043e-03  2.175261457364e-03  1.490064046322e-02 
 1.887067426452e-03  8.862486831323e-02  7.259784763056e-01 
-2.885653386847e-03 -1.598679541889e-02  6.318388648178e-03 
-9.217672879392e-02 -1.505970023969e-01  1.590595082966e-03 
 1.817719236487e-03 -1.570457813859e-03  2.756966501064e-01 
 7.356591036413e-01  1.566156518103e-02 -1.838191433184e-03 
-4.125894978934e-03 -2.132439101191e-02 -1.583687989708e-01 
-6.506173303857e-03 -7.935134956689e-03  5.899446834805e-03 
-2.282460710748e-02  3.339501235793e-01  1.390715904381e+00 
-1.253732128076e-01  1.297233609917e-01 -2.435797891330e-01 
-2.131122477873e-01  1.922811984374e-01 -3.805534896772e-01 
 5.585463798069e-03  7.615473506375e-03  2.436769195752e-03 
-1.313262098159e-02 -1.085752868414e-02  2.112831556078e-03 
-4.901971585023e-02 -7.027997035638e-02 -5.545694016941e-02 
 5.517247410469e-02 -7.948707941965e-02 -3.742334601347e-02 
 4.007066625754e-02  4.673066835978e-04  1.532073493328e-03 
-5.715108035794e-03  1.028186682189e-02  3.076514391131e-03 
-1.044326479817e-02 -1.926512457635e-01 -7.330997447312e-01 
 1.560979897225e-03  2.656407535402e-03 -1.536063052983e-02 
 9.789054455756e-02  1.055161072679e-01  3.482434569976e-03 
 9.394982619843e-04  8.000529530152e-03  1.500470050954e-01 
 4.631611511408e-01 -6.925368124900e-03 -6.563276274923e-03 
 8.656513988952e-03 -3.040479318264e-01 -1.496821383429e+00 
 2.945298357578e-03  3.515933234331e-03 -7.750870098980e-03 
 1.477137100354e-02 -4.669347097883e-02 -9.604067978671e-01 
-3.880795528629e-01  1.077404127723e-01 -7.179686235957e-03 
-1.235954044735e+00  5.654218876603e-01 -2.326821046589e-01 
 2.181683655445e-02 -2.836293595395e-03  1.275975303692e-02 
-1.189158847986e-02 -1.524712135644e-02 -1.723282273855e-02 
 5.541527930966e-02  4.940078502957e-01  1.550690551737e-01 
-1.757459727088e-01 -1.614533835302e-02  3.617966047652e-01 
-2.087064027609e-01 -3.187122988978e-02 -4.352581823409e-03 
 6.128069973262e-03  2.169449072585e-03 -8.249551487357e-04 
 3.832798671213e-03 -9.343657152171e-02  2.617398410154e+00 
-1.069781054238e-02  6.013513619865e-03  3.820574136027e-03 
 1.016926119571e-01  1.967398767989e-01  6.267558417538e-03 
-3.662012796227e-03  2.963570334670e-03 -1.223664855322e-01 
-6.827525140848e-01  8.007997330837e-03  6.839033604852e-04 
-2.639280901359e-03 -4.552064117347e-02 -1.395450859269e+00 
 8.734402074820e-03 -5.743063581575e-03 -3.500956890135e-03 
 2.949886581374e-02 -1.171985247958e-02 -2.298064970810e+00 
 9.641050904318e-02  1.698602449628e-02 -6.667161817812e-03 
 6.778062311363e-01  2.821711708893e-03 -2.084854789427e+00 
 5.006137317847e-02  1.361406025475e-02  1.310971612619e-02 
-4.760509905359e-03 -6.413903096406e-02 -5.921468350038e-02 
 1.659776870700e-02  2.192123479345e+00 -3.136107676885e-02 
 8.658980386413e-02 -2.744878927062e-01  3.342588142351e-03 
 1.384936046884e-01 -8.618881609933e-01 -7.416780307673e-03 
-9.731395414178e-03  3.312505679666e-02 -1.151420492128e-02 
-3.248976872057e-03 -2.617445620737e-01 -2.777279032383e-01 
-3.290273470920e-02  8.948580481940e-03  7.762824652817e-04 
 5.734321813514e-02  4.137699183246e-02 -2.247893974573e-04 
-2.750177013085e-03  1.247608544599e-03  8.126293700004e-02 
 5.510314623880e-01  5.366130268305e-04 -1.325817015943e-02 
 1.106002194422e-02 -4.048075313975e-01  1.065366252243e+00 
 2.805457339521e-02 -7.884263119767e-03  7.846872790756e-03 
 4.129585043338e-02  5.589574669046e-02 -1.206380043431e+00 
-6.960171438163e-03  2.691462425412e-01 -2.227229275244e-01 
 3.935736364893e-01 -4.921058970380e-01 -3.972043300958e-01 
-1.322395602089e-01 -4.259600645980e-03 -2.938864681482e-02 
-1.697314027507e-02  9.635724777914e-02 -5.497609862819e-02 
-1.211539616404e-01  1.358452109459e+00 -1.553461705113e-01 
 1.760863491350e-01 -1.369888427455e-02  3.895852611688e-04 
 1.260185554527e-01 -6.451515483753e-01 -9.886655865885e-02 
-3.719055031026e-02 -2.168791453645e-02  1.656551717382e-02 
 1.667198211909e-02  5.279973809664e-01 -5.447835414233e-01 
 5.556353295838e-02 -2.185934272776e-02 -8.606966971782e-03 
 5.613794719263e-01 -5.849028940806e-01  5.837782875079e-03 
-8.664892861826e-03 -3.469512199749e-02  1.526148202086e+00 
-1.560769458142e+00  5.240510247577e-02 -3.097202452228e-02 
-2.281564160295e-02  5.786495496323e-01 -2.442732202282e-01 
-2.781777443735e-02  1.510394886775e-02  2.212332032527e-02 
 2.355311906013e-01  8.188468807348e-01 -2.023134774656e+00 
 1.127101353536e-01 -4.514988172911e-02  4.280359467464e-01 
-2.619948060256e-01  2.340472485094e-01 -1.359643983204e+00 
-1.431259026017e-01 -3.843220043937e-02 -9.478762147721e-02 
 5.714875641729e-02  1.594558082757e-01  3.129346691213e-02 
 2.370673346620e-01  8.502403633119e-01  1.544287420350e-01 
-1.111840476054e-01 -4.553466801180e-02 -6.515464920920e-02 
 1.199448249589e-01 -2.500479707550e-01  2.463144089306e-02 
-3.947474863098e-03  8.039850674224e-02 -2.893252175929e-02 
 2.102694583303e-02  8.305908126805e-01 -6.008587633213e-01 
 7.883958954290e-02 -2.823035475858e-02  8.354097149568e-03 
-3.061938742008e-02  1.714222458988e-01 -4.806702853894e-03 
-1.035600703357e-02  5.031665262822e-02 -8.481875070382e-01 
 1.356320190325e+00 -3.454073257461e-02  5.487246295844e-02 
 1.078467305331e-02  1.090990422674e+00 -1.231307553529e+00 
-9.215874627934e-02  4.075524930393e-02 -1.529406083745e-02 
 3.953660584333e-02  1.517387465092e-01 -5.000744666251e-01 
-4.885445171569e-01 -1.283482700463e+00 -2.506563023128e-01 
 6.939834817083e-01  1.569172008164e+00 -7.468499607884e-03 
-2.469351472180e-02 -2.618321978059e-02 -2.691986665077e-02 
-5.746150661883e-02  4.296954203795e-02 -1.403574746246e-02 
-3.273636707224e-02  3.933255565202e-01 -2.234150355079e-01 
-3.573718193701e-03 -5.246384517275e-02  2.339673530361e-01 
-2.476177105787e-02 -1.829192059887e-01 -3.607483988175e-02 
 6.386038175934e-02  1.676350863978e-02  3.453616341455e-02 
 8.601627566826e-03  1.496990325212e-01 -3.141975768087e-01 
 9.386773004690e-03 -7.160557244894e-02 -7.252391949972e-03 
-7.163997502412e-02  8.341029549557e-02  3.167144635860e-02 
 8.479951566696e-03 -2.106040798441e-02  2.389342024165e-01 
-6.489706328135e-02  5.373956282386e-02  1.084792759006e-02 
 1.786265634030e-02  1.081644382234e-01 -1.398611507973e-02 
-2.116682982286e-02 -2.883139872293e-02 -5.820727227389e-03 
 3.465807595096e-02  1.120047186657e-01 -5.997346951260e-01 
-5.908469099285e-02  1.712591991649e-01 -7.246694229896e-02 
-2.255773054966e-01 -1.094743221401e-01 -2.435357885530e-01 
-2.311830488231e-02  1.062955198368e-01 -1.462211425818e-02 
-1.282154477884e-01  6.108160704571e-02  7.135650855847e-03 
 6.299754313758e-02  1.809239289637e-01 -2.130245306186e-01 
 2.691688278593e-01 -1.847976939356e-03  6.583358257139e-01 
-5.070213173527e-01 -3.145633301926e-01  4.424375995193e-03 
-4.194964532162e-02  5.855294830623e-04  4.516068187231e-02 
-1.358732038277e-03  3.789832781869e-01 -1.402727821843e-01 
 5.763468766145e-02 -1.385852122792e-02 -3.536799420917e-02 
-1.704848590384e+00  2.349887589121e+00 -1.052165935085e-02 
 7.628007241344e-03  7.334864928931e-03  2.922775064546e-01 
-5.597333352815e-01  4.475328362182e-02 -4.771177259459e-02 
 7.551641484129e-02 -7.621826767472e-02 -1.310040394914e-01 
 1.316914995029e-02 -1.247824893852e-02  4.823316282568e-02 
-5.410084114217e-02 -2.934408258628e-01 -1.817048526070e+00 
 5.388058666745e-01 -8.785592698339e-02 -1.014331410287e+00 
-1.046693747158e+00  4.149022925442e-01  1.201131492521e-01 
-2.961008269943e-02 -8.514111618365e-02  1.257096590088e-01 
 9.799813580614e-02 -5.364227512925e-02  4.032150025647e-02 
 5.198848887355e-01  5.182103094194e-01  2.137294889649e-01 
-1.613418144677e-01  2.284766642634e-01 -1.178192615977e-01 
 3.655570523710e-01 -1.645923602494e+00  2.637588291239e-02 
 3.532086276420e-02 -7.513582433116e-02 -1.592402557483e-02 
 3.773356871074e-03  9.870172715936e-02  7.542711403391e-01 
-1.267596359298e-01  2.417729524564e-02 -1.509404945859e-02 
-2.637677211187e-01  4.830945202663e-01 -1.411813479504e-02 
 2.519774550295e-02 -8.191089890418e-02 -4.652130383660e-01 
 1.018417347203e+00 -6.241599470385e-02  7.340956724696e-02 
-1.069731047286e-01  2.915953437080e-01 -7.867983320897e-01 
-3.087961627347e-02  3.353410707670e-02 -3.134430746680e-02 
 1.113046149392e-01  4.689324192820e-01 -1.157950738091e+00 
-1.055124675145e+00  5.214758293114e-01 -4.423991062223e-01 
 3.423957790427e+00 -1.442214401244e+00  2.835577221912e-01 
 1.340974986381e-02 -3.563550266026e-02  3.930601595575e-02 
-5.260925975007e-02 -1.562095082754e-02  5.540399001755e-02 
 3.851140270820e-01  3.450076910793e-02  2.311792596455e-02 
-2.353087322889e-01  1.239818216529e-01 -3.886904436037e-01 
 5.053923054530e-01 -5.024553693978e-01  3.350471855610e-02 
-7.431759001973e-03  1.644923262171e-02  4.268528579757e-02 
-7.221712421614e-03 -9.118584407286e-02 -1.962889364140e+00 
 1.000596840214e-01 -5.102354977537e-02 -2.109145834710e-02 
 7.393213473553e-02 -1.057222604223e-01 -2.997926763178e-02 
 2.082343732536e-02  2.993480238460e-02 -6.228536169201e-01 
 7.860834245676e-01 -3.862604440184e-02  6.004565589083e-02 
-7.015822155241e-02  2.230561412081e-01  2.060550921549e+00 
 1.819329860935e-01 -5.837792360588e-02  3.612072620456e-02 
-4.317078628834e-01 -1.890569322460e+00  3.202034241871e+00 
-2.267618476327e-02 -1.541135496529e-02  3.983790241146e-01 
 1.161721093944e+00 -3.104599474930e-01 -8.868418570957e-01 
-2.282506394851e-01 -7.976634309186e-02 -2.041753824018e-01 
 1.293853363084e-01 -3.748579590281e-02  2.286324824675e-03 
-4.805169150990e-04  2.224964982800e-01 -4.029836060928e-01 
 3.868206607319e-02  2.699871817209e-01  1.488455876089e-01 
 1.302821908553e-01 -5.301158046730e-01 -6.143551291237e-03 
 3.170815127452e-02  3.001539489930e-03 -7.298571024898e-02 
-3.395402845474e-02 -9.379514620486e-01 -9.214317544758e-01 
 8.014553927257e-02 -1.016489806696e-01  8.818321109986e-02 
-3.580797424749e-01  6.058989365520e-01  5.190503312092e-02 
-1.967873957901e-02  1.936236378672e-02 -2.393619888577e-02 
 1.162281873104e-01  1.766768692281e-02 -6.140567300510e-02 
-1.996669882349e-01  6.820670693075e-01 -9.302216403899e-01 
-1.113012308225e-01  1.556619637402e-01 -9.909290872782e-02 
 1.197387327780e-02  6.321275029420e-02  9.700520152735e-02 
-2.984574684641e-01 -2.738076606774e-01  1.434588060417e-02 
 1.155713778593e+00  4.494198357719e-01  1.019086798527e-01 
-9.430404246996e-02  1.436362920344e-01  4.688403626274e-02 
 1.591310196022e-01 -7.179912464399e-02  9.954145925868e-03 
 2.110039326436e-02 -6.302907469055e-02  8.466510216336e-01 
 9.499021657977e-01  2.146308681863e-01 -1.394694065619e+00 
-1.304107348589e+00 -2.445470760442e-01 -9.743940632949e-03 
-1.256522870551e-02  8.789664952739e-03 -1.257329626722e-02 
-1.554410054670e-02 -1.613930210458e-01 -3.117095837420e-01 
-2.255559739949e-02 -4.105266730539e-02 -4.768128574653e-02 
-4.979198239823e-02  2.724898067502e-02 -6.816216764787e-02 
-8.491597775498e-02 -1.095928838312e-02  3.466945975905e-02 
 2.564704904763e-03 -6.086999412782e-02 -6.422397797770e-02 
-3.862302146484e-02  1.724814757484e-01  1.905249433467e-01 
-1.121999938597e-03  6.673906301970e-03  3.166035431110e-02 
 5.092522229247e-01  2.426342392126e+00 -4.123793348174e+00 
 1.721526420561e-01  1.698097080192e-02 -5.477334360573e-02 
 1.783400607870e-02 -1.600085155905e-01  2.394293538801e-01 
 4.989247514646e-02 -3.588196478792e-02  7.747200355907e-02 
 1.316378622826e-01 -2.374067280402e-01  2.853527408792e-03 
-2.706924229575e-02  4.075925221502e-01 -5.227176628322e-01 
 2.427648994922e-01  1.372600433141e-01  4.940370328272e-01 
-3.566681624739e-01  2.854734659303e-02 -4.427155179089e-02 
 2.612232199814e-03  6.570770426416e-02 -8.396262613234e-02 
 2.799386721963e-02 -6.251989506703e-01  1.630498963887e+00 
-2.781126693506e-01  2.033472653298e-02  1.914131949986e-01 
-1.030350232076e-01  1.884465288679e-01  3.479751947581e-02 
-7.554206245876e-02  4.157400588360e-02  1.622242454630e-01 
-5.630992434528e-01  1.257238057230e-01 -7.126703754176e-02 
-5.781252683957e-02  5.958333484996e-01  4.237968090858e-01 
 1.506561790718e-01 -2.198690713892e-02 -4.906288823948e-02 
 1.247926060197e-01  7.616457446793e-01 -1.935559092369e+00 
 4.698024407974e-03 -6.822135924168e-02  4.204204283043e-01 
-3.053497565678e-01  1.401589895147e-01 -9.197902052579e-01 
-1.524634560429e-01  6.078238860733e-02 -3.040840703176e-01 
-7.887131522429e-02 -3.120294911632e-01  3.398268348346e-02 
 4.238122383706e-02  5.886530089965e-01  2.167110681037e-01 
-4.367454542795e-01  7.134905389193e-01 -2.026676061408e-01 
 7.137963726856e-01 -1.097329228333e+00 -5.995651434391e-02 
-5.715909549954e-02  1.379536143553e-01  1.579139770358e-02 
-7.588961653446e-02  2.689243831638e-01  1.556602384304e-01 
-1.039901929642e-01 -1.082319078711e-01 -6.553779026740e-02 
-1.743728269122e-02  1.321520018726e-02 -7.706705360050e-03 
 7.131715839830e-02 -5.887668402915e-02  2.214165611517e-01 
 3.057761797546e-01 -1.672186398184e-01  2.302659205011e-02 
 5.823663088930e-02 -4.579810293376e-01  3.031748107127e-01 
 7.023202933096e-02  1.274011619348e-01  2.209948044955e-01 
-4.636814445347e-02 -2.492919989821e-03 -1.486744673460e+00 
-8.224885127962e-02 -5.285309305930e-02  1.816523639587e-01 
-1.936905397471e-02  3.523184799100e-01 -1.148497495627e+00 
 3.165727546336e-01  9.299769299182e-02 -2.923645609317e-01 
 1.564861546845e-01  2.376633478429e-01 -2.645501714894e-02 
-7.150861333920e-02  1.443408415565e+00 -1.669466416168e-01 
 1.804363088385e-01  8.406022340325e-01  4.165278335900e-01 
-3.252391073955e-01 -1.757809305942e+00  3.956901504240e-02 
-8.301327065353e-03  8.415097097126e-02 -1.278743847829e-02 
 8.136689995897e-02  9.746281012062e-02 -1.129879644178e-01 
 7.694340102432e-02  1.419171520072e-01  1.505030364182e-01 
 3.193233970528e-01  4.125994722035e-02 -6.002983962789e-02 
 5.559255817776e-03 -1.807858302506e-02 -1.795226557639e-01 
 4.318484075995e-01  9.731064323048e-02  3.464641485068e-02 
 7.080949059202e-02 -2.815603899456e-01  6.579263582614e-02 
-4.019472371870e-02 -2.008192519627e-01 -1.406320638471e-02 
 3.098027514354e-02  2.207743604745e-01  6.177797469531e-02 
-1.121908839104e-01  2.982201099630e-03  2.183180902161e-01 
 1.233474356024e+00 -4.728837865896e-01 -5.370210226857e-01 
 7.597960474035e-03 -1.299822002038e-01  4.581088226268e-02 
 2.222876794840e-01  1.561126999012e-01 -1.156474424398e-01 
-6.732221886018e-01  6.903533126145e-01  5.264566785301e-01 
-5.634491416112e-01 -3.189652904224e-02 -1.428013269072e+00 
 1.153892059246e+00  8.527569641122e-02 -8.272917254202e-02 
 7.704951119939e-04  2.305766508761e-02 -3.231304190361e-02 
 1.821111505314e-01 -4.492521661606e-01 -5.420109401900e-01 
-7.225284913720e-02  4.856351093977e-02  9.027354099103e-02 
-9.641565513791e-01  5.935245081431e-01  5.105709027635e-02 
-2.017234491775e-01 -1.110462245154e-01  6.780954903511e-01 
-6.318826585104e-02  1.433627378277e-01  2.561501254379e-01 
-1.819629917444e-01 -3.166423855708e-02  3.593205176156e-01 
-6.916560618998e-02 -1.105559164029e-01  2.151560935450e-01 
-2.337544608479e-02 -1.273760573472e-01  7.391585457495e-02 
-1.390044568394e-02  1.000655275848e-01 -4.214722722136e-03 
-2.215606151775e+00  8.380240428564e-01 -9.922305254872e-02 
-2.063864454410e-01 -2.213327189445e-01  1.751070097798e-02 
 5.389059391340e-02 -3.474185772898e-02 -4.956551633514e-02 
-2.283119766202e-01  1.545019591860e-01 -7.162488143023e-02 
 3.089511596256e-01 -3.283490643943e-03  6.087319707608e-01 
-6.441496939340e-01  1.237359335615e-01 -4.119101103889e-02 
 5.452206524599e-02 -2.386236428915e-02 -3.114238308403e-02 
 8.406185165707e-02  1.347187450741e+00  3.081783973700e-01 
 1.779256252949e-01 -2.255832726028e-01  3.175308821707e-01 
 1.113579754087e-01 -3.223305826749e-02  2.032196259453e-02 
-5.026735511198e-02 -8.947505667520e-02 -2.384045408965e-01 
 7.487656494065e-02  2.101655526421e-01  1.819272786360e-01 
-1.570680058860e-01 -1.586308676200e+00 -3.190612911051e-02 
 2.737245501093e-01  7.896353023735e-02 -1.770525957649e-01 
-1.298707703134e-01 -5.411654229368e-01  1.037443377603e+00 
 9.252558029724e-02  5.189495539035e-03 -8.394038738042e-02 
 3.504618536601e-01 -1.283779045941e-02  1.632917621523e-01 
-1.202244848162e-01  3.190722011713e-01  6.561013631805e-02 
-6.048051573486e-02 -4.221933131312e-03  7.766455372122e-03 
 8.485135316795e-02 -1.848603134195e-01 -2.090983158694e-01 
-1.293199748358e-03 -4.839575206656e-02  1.363212608667e-01 
-3.850506170653e-01  4.133051422668e-02  8.136106292905e-02 
-1.136419956095e-01 -2.555102968390e-02  7.682496491187e-02 
 2.554972038780e-01 -5.609127949220e-01  2.736934055035e-03 
-1.072489724656e-01 -1.472706941358e-01 -3.145070906452e-03 
 3.827509214209e-01 -3.134598421787e-01 -3.438027955868e-01 
-1.140196955641e-01  4.796592794830e-02 -3.004160058892e-01 
 9.511844690458e-02  3.449077306145e-01  4.609241830228e-01 
 2.265736600786e-01  2.901895811264e-01 -1.488684006985e-01 
-3.120973112567e-02  1.283438104014e-01  1.296027580267e-01 
-3.998360402920e-03 -2.181193666829e-03 -2.836291079316e-02 
 8.717226348215e-02  1.048232047996e-01  2.205169946865e-03 
 1.059515089149e-01 -2.982628959556e-01 -4.521807972442e-02 
 1.141386029916e-01 -5.745532756837e-01 -2.065198124048e-01 
-4.280332218155e-01 -4.859911254992e-02 -3.537629047891e-03 
 8.505863672985e-03  1.125924845078e-01  2.291188762075e-01 
 5.502481428285e-01  1.160244075152e-01  1.419438856632e-02 
-3.974333506567e-01 -7.065187865537e-02 -1.165136367737e-02 
 1.570890862883e-01  5.548788791784e-02  1.026322899031e-01 
 7.479172257478e-02 -3.308530356392e-01  8.466475687505e-02 
-4.340184806650e-02  1.691550373387e-01 -1.211094085524e-01 
 9.340478744469e-02 -3.580211391049e-02  5.131401538441e-02 
-3.543745677992e-02  1.141540803767e-01 -1.596734055353e-01 
 2.892338767030e-02  2.329360974087e-01  1.217687499349e-01 
-6.590063417586e-02  2.917991466359e-01 -6.107023373788e-02 
-4.415141347563e-02  1.455966442274e-01  1.680335886238e-01 
 3.689390749063e-03 -1.408338257477e-02  3.435796773774e+00 
-3.487960309004e-02 -1.033381148614e-01  5.706657998310e-01 
-3.006360306220e-01 -1.210218139260e-01  1.443830425928e+00 
 1.144883936630e-01 -1.023541905265e-01  3.097864560423e-01 
 1.598560640103e-02 -1.052128711015e-01  7.505663784302e-01 
 3.156462762429e+00 -6.695728029952e+00  1.019940311849e-01 
-1.779941244228e-01  3.132807724384e-01 -7.330849353180e-01 
 4.238996907257e-01  1.144935281963e+00 -1.308537962364e-01 
-1.159744997137e-02  9.570538300189e-02 -6.230811216898e-02 
 4.231153849375e-02  2.092377069189e-01 -3.031074881769e-01 
 1.004269006791e-01  3.710714567316e-02 -1.173704129410e-01 
-1.154362658895e-01  5.194154179816e-02 -5.619302351670e-02 
-1.174647531303e-01  4.233559553542e-02  9.735648153742e-01 
-4.306118039582e-01  4.430654120030e-02  1.410538584187e-01 
 4.901977969601e-03 -1.361382551569e-01 -2.189078924236e-01 
-1.739785651931e-02  1.178837020751e-02 -2.472196034303e-01 
 3.540588529996e-02  1.077560014580e-01 -9.038582758956e-01 
-7.769590200028e-02 -1.233190953840e-02  8.525974591680e-03 
 9.250558028685e-01 -5.970872082357e-01 -2.830456683428e-01 
 1.714086366613e-01 -1.781791276995e-01 -1.788275928204e-01 
 1.502092961152e-01 -2.016790939944e-01 -1.344115473895e-01 
-5.875243233288e-01  1.391918813668e+00  5.776068113033e-02 
 2.417281421221e-03 -1.470664490612e-01 -2.427420143615e-01 
 3.353804480727e-01 -3.236564549895e-01  5.198805263237e-02 
 1.910368896173e-02 -2.272267134850e-02  3.705410977141e-02 
-1.772596234498e-02  1.304602913636e-02 -4.339064524417e-01 
 9.494279804763e-02  1.660010624594e-01 -1.471488328627e-01 
-3.226310023444e-01  3.279424674990e-01 -2.346525674573e-01 
-5.472807862814e-03 -5.943656718047e-01  1.394811139829e-01 
-1.507078194122e-01 -3.521451917124e-02  4.798751923385e-02 
 4.808622363689e-01  7.871368764959e-01 -1.246202918776e-01 
 1.591057535265e-01  2.091887168013e-01 -2.912411124904e-01 
 8.254877940275e-02  2.567976679533e-01 -2.400658125191e+00 
-6.667642268884e-03 -2.409343982075e-03 -2.876634952351e-01 
-4.282893892084e-01  1.651645798695e-01 -6.141622555871e-01 
 2.048131982327e-01  1.465102818705e-01 -3.078776262858e-01 
 1.033870273434e-01 -2.056593301857e-01 -1.615528162223e-01 
-5.992251847838e-01  2.378540874776e+00  1.789883908591e-01 
-3.652597036148e-01 -6.317025587668e-02  1.647154931269e-01 
 4.696591873201e-01 -9.091287903198e-01  1.964332651920e-01 
 1.115849698673e-01 -6.961694419125e-02 -7.206416678066e-02 
-4.902220898944e-02  8.438402379375e-01 -1.074925647085e-01 
 8.395928994823e-02 -3.495672998335e-02 -1.936768834603e-01 
-8.928465369471e-02  1.232592955845e-01 -8.116939801443e-02 
-5.905568763447e-01  4.390083909118e-01  1.171416752672e-01 
 2.247534993713e-03  1.893622409057e-01 -2.254941543272e-01 
 2.224038279177e-02  4.599803110077e-02 -5.590364985997e-02 
 8.853015803626e-02  1.330164840261e-01 -1.818875005093e-01 
-4.750630152303e-02 -1.691164917558e-01  8.519008378727e-01 
 5.733961854146e-02 -5.334581500939e-02  5.852864827925e-02 
-6.631134908932e-01  1.048231670613e-01  1.629603751531e-01 
-1.246618861073e-01 -1.957285951028e-01  7.002548070605e-02 
-1.923611493131e-01  1.125758419906e-01  4.343115244444e-02 
 1.477283519185e-01 -8.055480118613e-01 -3.280688513734e-01 
 6.226115053989e-02 -3.034181863611e-02  7.210533738296e-01 
 1.349498795673e-01  4.781313785801e-01 -1.323659821531e-01 
-1.633122318920e-02  3.345404997247e-02  4.520363798553e-02 
-4.488882772132e-04 -1.598502525652e-01  3.722993919245e-01 
-2.719807926554e-02  4.999828249964e-02  1.352121983027e-01 
 1.265870002557e-01 -1.062099952763e-01 -6.055727988223e-01 
-4.946192093908e-01 -1.767028967771e-01 -2.147210311113e-01 
 1.130636356926e-01 -4.014716747578e-01 -2.098744436601e-01 
-2.121120998729e-01 -3.269169064921e-01 -1.049363459496e-01 
-5.063787498827e-02 -1.330159558084e-01  1.466401033099e-01 
-2.944521730580e-02 -1.480117862293e-01  7.588981392797e-02 
-9.378525293022e-02 -3.235445118088e-01 -3.086816110208e-01 
 9.298253851686e-02 -1.760839146604e-01  2.792067237544e-02 
-5.396520449821e-02  1.900570800954e-01  6.787295206051e-02 
 9.595372016306e-02  4.066643349016e-02  8.497965139160e-02 
 3.529296546092e-01 -4.401527306323e-01 -1.065599338120e-01 
 5.413886666185e-02 -1.222993969932e-01  5.776083632326e-02 
 6.979569219694e-02 -1.031057788604e-01 -1.627474517618e-01 
-3.543592365006e-02 -2.645686431985e-02  3.827079594429e-03 
 2.527746421535e-02 -1.523043335056e-01  1.981191224030e-02 
 2.470899429494e-01  5.826591352616e-01  3.650737047017e-01 
 3.415032988525e-03  6.578955563930e-02  1.902958567530e-01 
-1.404311768553e-01  1.946229729971e-01 -3.579764717333e-02 
 1.441631064849e-01 -2.705747742908e-01  1.273710075276e-01 
 1.965606160457e-01 -2.610445771139e-02  1.149583344788e-01 
 2.053510281059e-01  5.642115734419e-01  2.620967903582e-01 
-3.993787411169e-02 -2.136061607950e-01 -3.965208876542e-01 
 1.244778173403e-01  2.357868617073e-01 -2.757831729574e-01 
 6.142494878543e-01 -1.728126379931e-01 -9.490548205515e-02 
 5.394348757899e-02 -1.960141221693e-01 -2.867877291635e-01 
-1.021093497474e-02 -1.595907004520e-01  8.672059975299e-02 
 3.035717922594e-01 -3.186586725383e-02 -6.493062132981e-02 
 2.782675013311e-01 -2.102189949492e-01 -1.562065133513e-01 
-3.027260556353e-02 -5.368031134408e-01 -1.749720613203e-01 
-9.341307642662e-03 -5.408695450901e-02  4.782381720064e-02 
-1.083503805469e-02 -2.825678600473e-01 -1.394815184631e-01 
-5.750487653192e-02 -3.235492169044e-01  1.017361474153e-01 
-1.031198995006e-01  2.447180727620e-01  2.828769525129e-01 
-2.593112910455e-01  2.006122976373e-01  1.250363030645e-02 
 2.836159197737e-01 -4.245075097515e-01  3.822077640377e-01 
 4.503280466329e-01  2.043533700000e-01  1.671976192775e-01 
-1.658770716058e-01 -4.269225502999e-01 -1.435622738641e-01 
 1.423899688383e-01  5.598041690784e-01 -1.363288523606e+00 
-1.498816343876e-01 -7.656654392759e-03  1.059384673557e-01 
-7.645679306247e-01  5.035755227988e-01 -3.563063925356e-01 
 2.659117030944e-03  4.399698568635e-01 -2.492741674722e-01 
-1.064969325329e-01 -2.047418374156e-01 -4.303407618306e-02 
-3.072149816137e-01  6.563973389375e-01 -3.482517352256e-01 
 2.479572782449e-01 -1.179831586898e-01  7.911518830897e-01 
-7.020731492203e-01 -1.706801587266e-01 -2.206319290859e-01 
-1.113753466247e-03 -2.666557334557e-02 -1.398670067455e-01 
-1.221559986157e-01  5.590495072502e-01  1.490337139678e-01 
 4.469975186817e-02  3.237461316568e-01 -3.399222146381e-01 
 1.453000129293e-01  1.386006904386e-01  1.807300346379e-01 
-1.695187988138e-01 -2.395176455043e-01 -5.790829971155e-01 
 5.955939241118e-01 -1.750427514869e-02  4.569301474012e-01 
-5.137587212195e-01  2.423858610352e-03 -3.938083199695e-01 
-9.038882284997e-02 -3.890676862970e-02 -2.741879501280e-01 
-2.655905322450e-01 -9.091490130603e-01  1.395097484726e+00 
-9.295408478662e-03 -1.180477555400e-01  6.961030987577e-01 
 4.995462711434e-02 -9.977838355178e-02  4.440869024990e-01 
-2.003763651664e-01 -9.491649485502e-02  2.687344744466e-01 
-1.420312009823e-02  5.100634538506e-01 -1.477193365449e-01 
-7.124904990122e-01 -3.729601295257e-01 -2.023069846688e-01 
 2.131428778418e-02  6.340003379996e-01  2.137875086441e-01 
-2.149385744997e-02 -5.052384560230e-01  2.710203986786e-02 
-9.891569873723e-03 -2.124287243845e-02  2.402002368775e-02 
 2.402395514125e-01 -5.461507324521e-01  3.481829821107e-01 
-3.739595255408e-01  7.236331373290e-02 -5.747000208840e-01 
 7.128558165536e-02 -2.542250595119e-03  1.785604508740e-01 
-1.263384238799e-01  1.188514906663e-01 -1.002309641269e-01 
 1.444328725324e-02 -2.643760687732e-01 -1.909194136334e-02 
 1.601261492486e-01 -3.272776607040e-01  3.978675954104e-01 
 5.275083286384e-01  9.050655414945e-02 -3.525194438940e-01 
 1.928870920019e-02  6.263255823522e-02 -1.299311549843e-01 
 1.070628335782e-01 -3.205743824947e-01  2.022399366264e-01 
 1.066830728403e+00 -4.425676743815e-01 -6.771098967960e-02 
-2.191587655861e-01 -1.151152838137e-01 -9.466146330590e-02 
-7.729742537807e-02 -1.866964587983e-01 -1.085880873815e-01 
-5.255970900235e-01  5.303811914160e-01  4.412260509880e-01 
-2.303073073394e-01 -9.713548118400e-02 -1.626296961659e+00 
 1.177865925068e+00  2.409121144553e-01  4.864400670339e-02 
-2.009341410039e-01  1.723361630937e-02  2.994412135039e-01 
-2.328992047820e-01 -3.225299161961e-01 -3.376476499792e-01 
-3.970957395266e-02  3.981094828334e-01  2.525173452896e-01 
-4.715360563672e-01 -1.859378675791e-01 -4.675985376562e-01 
 3.723376977734e-01  4.663101622100e-01  8.029774390484e-01 
-1.368716293395e-01 -6.226890276469e-02  2.846103725068e-01 
-2.009142165638e-01  3.302469898981e-01  3.955993661457e-01 
 1.788374345736e-01 -2.308848983246e-01 -4.994770491995e-01 
 1.696711963034e-01  6.038341602940e-01 -6.099799815642e-01 
-2.481164726872e-02  9.803215567235e-02 -1.527058377371e-01 
 1.428644274809e-01 -5.365491470342e-02 -1.582169003507e-01 
 6.368652475665e-01  1.851154116037e-01 -4.252092003799e-01 
-8.211668501724e-02  2.807059790329e-01  2.051686010212e-01 
 7.771035157433e-01 -6.991249287821e-01  2.268301308895e-01 
-1.004875864849e-03 -4.573979561548e-01 -4.840859876181e-01 
 3.328026171986e-01  4.844749953634e-01  3.821548932468e-02 
-4.475131165900e-02  4.102866509706e-02  2.509189252222e-01 
 4.163826723122e-01 -7.553009672098e-02  4.124438173158e-02 
-1.740416160587e-01 -5.437596501449e-01  2.044854888335e-01 
-1.580580075562e-01  5.684546053919e-02  3.036302987764e-03 
 1.090593515445e-01 -3.305882981946e-02  4.078507451879e-01 
 3.438740886998e-03 -3.543060149520e-01 -6.003778004159e-02 
-4.148666225547e-01  2.328732400277e-01 -2.188959766322e-01 
 7.228741257181e-02  4.851131385571e-01 -2.592190816558e-01 
-1.684568290922e-01 -5.697166349503e-01  7.651627349641e-01 
-2.496394239372e-01  2.531722667133e-01  7.193527195684e-03 
-8.617166964880e-02  8.951261663221e-02  1.292992250665e-01 
-1.058180208231e-01  3.999966349323e-01  2.443491980431e-01 
-6.769045225680e-01  2.573317426630e-01 -4.152744823005e-02 
-8.334578273137e-02 -9.003554881430e-02  3.276670903732e-01 
-1.927412438172e-01  4.038255281324e-01  3.467709364884e-01 
-5.979213994249e-01 -4.244922401041e-01 -8.797383820153e-03 
 6.504513738620e-02  9.344084904387e-02  2.092502216496e-01 
-3.244976946506e-01 -3.644708510477e-01  4.608094867700e-01 
-1.838080827957e-01 -3.459157971697e-02  5.925876655419e-01 
 2.241448026776e-01  2.203105983804e-01  3.772293019579e-01 
-3.906832798268e-01 -3.171771917254e-01 -4.907303527771e-01 
-7.596605198512e-02  3.661723523260e-01 -1.609168153410e-01 
 1.370600437838e-01  1.199088698261e-01 -3.905701308820e-01 
-1.113520989468e-02  6.731383657672e-02 -4.056102998167e-01 
 2.422661083411e-01  1.291328026311e+00 -9.450004701295e-01 
-2.092762550421e-01  7.835943858975e-02  2.343772962015e-01 
 1.897955444481e-01 -9.716138005023e-02 -2.304998108180e-01 
 2.090554199174e-01 -2.963797667126e-01  7.823939545891e-01 
 3.124942060305e-02  1.256028302856e-01 -5.002355073365e-01 
-2.187496243097e+00  1.885748370122e+00 -2.462309679546e-01 
 4.006265689936e-02  9.258862328100e-01 -2.301695391254e-01 
 4.089382726895e-01 -1.010137517633e+00  1.366843170697e-01 
-5.731609169366e-02  8.776820429204e-02  4.776821589204e-02 
-1.204779156818e-01  1.808446293393e-01 -3.584480842209e-01 
 2.966420238452e-01 -3.147388212185e-01 -1.114884655954e-02 
-1.156961050936e-01  2.884871063381e-03 -7.741801372725e-02 
 1.315583143801e-02  1.604850871331e-01  3.993217505192e-01 
 7.327045058312e-02 -2.914652375818e-01  3.214307731395e-01 
-5.589279308931e-02 -1.249037628699e-01 -2.043845076675e-01 
-5.214894484503e-01  4.089106063875e-01 -1.106310407497e-01 
-9.451309371181e-02 -4.878937038896e-01  6.534884623138e-01 
 1.215587052529e-01 -3.770356400828e-02  2.249889001134e-01 
 3.633982529728e-01 -1.799203283123e-01  1.023301571586e-01 
 6.675141206603e-01 -1.234698085669e-01 -2.089960766085e-02 
 2.554773292063e-01  5.345883317227e-01  1.671305661513e-01 
 6.335407258629e-01 -1.223593593887e+00 -5.019024272558e-02 
 1.376538088138e-01 -2.142406041841e-01 -4.439896218532e-01 
 1.397065802083e-01  4.845517567018e-01 -2.133457782104e-02 
 3.490181902552e-02 -4.775588724622e-02 -1.508951913223e-01 
-7.181370452041e-01  3.866611169935e-03 -1.881654554004e-01 
-4.214628468656e-01 -4.940899142135e-01 -1.039120251595e-01 
-9.152189538563e-02 -8.113233864852e-02 -1.646807180200e-01 
 3.142556294136e-02  4.692306770664e-02  4.274397260631e-01 
-1.106341696006e-01  2.875910241907e-02  4.217536659039e-01 
-4.701095742987e-02  3.620091802394e-01  1.541374008098e-01 
 4.793433029937e-01  2.966621006816e-01  3.261223216335e-01 
-4.773768814611e-02 -1.512857647303e-01  2.037468863918e-01 
-7.605765863349e-01 -2.508242513566e-01 -2.126843461715e-01 
-1.799046718747e-01 -8.874226874771e-03  1.757187979129e-02 
 6.109051547331e-02 -6.802066619353e-01 -3.141195537465e-01 
-4.384811314870e-01  1.016611714627e-01  4.513134365647e-02 
 2.025388497650e-01 -1.373666780319e-01  1.903228284384e-01 
 1.077840865922e-01 -2.754465920308e-02  3.229587696095e-01 
 3.027706683424e-01  8.229710811409e-02  1.905919008373e-01 
-9.551639555514e-01 -2.656661463068e-01 -5.846930563011e-01 
 1.996064377805e-02  1.900163890694e-01  1.943589087213e-01 
-2.107345608418e-01  3.087187928160e-02  1.486934128634e-01 
 1.248103580958e-02  5.186804510218e-02  6.208978532362e-02 
-8.206899121348e-02 -4.274928337822e-02 -5.676588010015e-02 
-4.078815296644e-02  5.567393171244e-02 -9.599699279492e-02 
 4.182973513805e-04 -4.956999043404e-01 -3.594273662023e-02 
-2.201172085195e-01  1.626021147358e-01 -1.506047469687e-01 
 9.989854379605e-02  2.413938864128e-01 -6.683274958003e-01 
 1.733998251004e+00 -8.811796502538e-01  2.413044718967e-01 
-3.726041771250e-01  1.971762997707e-01 -1.407342175032e-01 
 3.887935509585e-01 -1.119468042148e-01  2.966286065111e-01 
-2.717084674009e-01 -3.082895288015e-01  1.049047336781e-04 
-3.995839837814e-03 -2.021133386161e-01 -1.963623638018e-01 
 1.461897579225e-01  1.737105819730e-01  2.119795827836e-01 
-4.514342797079e-02 -1.431787834963e-01  3.062759976720e-01 
-4.641387115764e-01  4.685594904539e-02  3.291332612961e-01 
-2.727568306351e-02 -5.523954610442e-01 -1.202190090259e-01 
 6.778290300810e-01 -2.137574249356e-01 -3.198989800526e-02 
 1.627218371293e-01  2.581594800040e-02  2.621131127564e-01 
-2.150412383847e-01 -1.593060847197e-01  8.801840544184e-02 
 2.523399652091e-02 -3.412541019995e-02  5.210295127290e-02 
-2.485339844428e-01  1.737881440635e+00 -4.160703089532e-01 
 8.431439770375e-01 -4.576446834344e-01  4.097052444509e-01 
-1.224014512195e-01 -4.601817907172e-01 -1.112612646239e+00 
 7.909722198360e-01 -5.264565678824e-02 -1.055364401214e+00 
-1.326375874858e-01  5.729972567508e-02 -1.548430317397e-01 
 1.442615593364e-01  4.011621799312e-02 -3.325130029741e-01 
-1.611707458844e-02  3.538627327634e-01 -4.072011115862e-01 
-1.403468673733e+00  4.038920358182e+00  2.280531869608e-01 
-1.454519559856e-01 -1.558498016271e-01  5.636766150535e-01 
-3.092187818565e-01 -9.728852544599e-01 -9.162949078196e-01 
-3.464883929911e-01  4.100237669444e-01 -5.418407798277e-02 
-4.133446608858e-03 -1.034216355773e+00  3.881040868239e-01 
 4.744839252002e-01 -3.548191618578e-01 -2.845668838182e-01 
-4.345942125543e-03  6.495232380390e-02 -1.001893910210e-01 
 6.202658352935e-02  1.333119684533e-01 -1.459787129893e+00 
 4.948139989603e-01  5.869191742332e-01 -5.407828474820e-01 
 2.482573890362e-01  7.052801634738e-02  7.846943504552e-02 
 9.418853968341e-02  1.449247034536e-01 -1.419528780822e-01 
 2.783205287108e-01  1.089392903443e+00 -3.745327157778e-01 
 6.235923027144e-01 -2.816938821061e-01  6.492586850474e-01 
-3.968127925777e-01  9.528961208712e-02  8.265021016373e-03 
 3.145015199903e-01  5.144076086216e-01  3.416718156789e-01 
-1.499991955483e+00  7.483285942856e-02 -1.487141363461e-01 
-6.356928054862e-01 -2.124398029994e-01  3.141139529683e-01 
-1.757064002425e-01  5.231919623612e-01  1.459259414100e-01 
-1.101861041909e-01  3.410905870975e-01 -1.652234612910e-01 
 4.589184517513e-01 -6.439296850661e-01 -7.449155154950e-01 
 1.942315451258e-01 -8.739481632550e-01  5.370106854129e-01 
 5.372916738533e-01 -3.003472325443e-01  5.908964121001e-01 
-3.959332921197e-02 -3.409221392422e-02 -1.655959111003e-01 
 1.519174017806e-01  3.759331925532e-02 -9.770599518656e-02 
-1.271600051937e-01 -5.999758031930e-02 -1.578303140424e-02 
 9.635553811642e-02  1.316307991361e+00 -5.476524339977e-01 
 6.653219182107e-01 -2.547303497582e-01 -1.847636084114e-01 
-6.171059451659e-01 -2.555908314247e+00 -2.295829360188e-01 
 1.597743228848e-01  1.070571591792e-01 -1.449821873451e+00 
 4.467998640804e-02 -8.949998194404e-03 -7.563385066123e-02 
 6.740204990920e-02  2.647472613605e-01 -3.350186315916e-01 
-3.396288846380e-01 -1.304345644046e-01 -1.255671193493e-01 
-4.278217452678e-01  2.199821693018e+00  1.041502765101e-01 
 9.276041023001e-02 -5.483674248968e-01 -9.319805491734e-02 
 3.583708701056e-01 -1.287836929844e+00  4.049134494676e-01 
 1.490437118222e-01  1.162238036199e+00 -6.723100499700e-01 
 1.003631435933e-01  2.709649410934e-01 -1.599154083804e-01 
-8.936781637507e-02  6.821991591700e-02  2.367006785005e-01 
-6.374491472101e-02  1.190254657590e-01 -2.895162728595e-03 
-9.461455055147e-04  4.962768048117e-02  7.403030706113e-01 
-1.327158630849e-02 -4.660228239212e-01  4.054901868165e-01 
-4.084690006560e-02  4.581656558144e-01 -2.112515594270e-01 
 2.659168445610e-01 -1.535951965769e-01 -1.331243567397e-01 
-6.131838670578e-01 -2.799468522451e+00 -1.397159786051e+00 
-1.088183638462e+00  1.429534400828e-01  8.439147091725e-01 
 2.536163049127e-01  3.006837560113e-03 -5.589096744315e-01 
 1.282373644400e+00 -3.233652224688e-02  1.226197159557e+00 
 4.403141813087e-02 -1.450807447695e+00 -4.438479074025e-01 
-1.595094877216e+00  2.526315625654e+00 -1.260144861585e-01 
-3.412733173161e-02  4.372041189137e-01  3.082582825567e-01 
-9.315906698325e-02 -5.754141580959e-01 -3.693227143733e-01 
-1.354953418179e-01 -7.187833472212e-02  1.650931311176e-01 
 1.834131367697e-01  4.537378377555e+00 -1.612753134245e+00 
-1.446984959727e+00  2.801470605595e-01  5.630942360584e-01 
-1.288785885782e-02 -2.003172593713e-02 -2.198207448401e-02 
 4.657692039835e-02  6.891336926320e-02 -4.950291939502e-01 
 1.419558305131e-01  1.458561976753e-01 -2.329120893289e-01 
 3.207748494305e-02  2.677064588574e+00 -1.041862641797e+00 
 7.523695366187e-01 -4.700196454000e-01  5.463849747842e-01 
orbocc
(*)
 0.000000000000e+00  0.000000000000e+00  0.000000000000e+00 
 0.000000000000e+00  0.000000000000e+00  0.000000000000e+00 
 0.000000000000e+00  0.000000000000e+00  0.000000000000e+00 
 0.000000000000e+00  0.000000000000e+00  0.000000000000e+00 
 0.000000000000e+00  0.000000000000e+00  0.000000000000e+00 
 0.000000000000e+00  0.000000000000e+00  0.000000000000e+00 
 0.000000000000e+00  0.000000000000e+00  0.000000000000e+00 
 0.000000000000e+00  0.000000000000e+00  0.000000000000e+00 
 0.000000000000e+00  0.000000000000e+00  0.000000000000e+00 
 0.000000000000e+00  0.000000000000e+00  0.000000000000e+00 
 0.000000000000e+00  0.000000000000e+00  0.000000000000e+00 
 0.000000000000e+00  0.000000000000e+00  0.000000000000e+00 
 0.000000000000e+00  0.000000000000e+00  0.000000000000e+00 
 0.000000000000e+00  0.000000000000e+00  0.000000000000e+00 
 0.000000000000e+00  0.000000000000e+00  0.000000000000e+00 
 0.000000000000e+00  0.000000000000e+00  0.000000000000e+00 