2mocoef
header
1
MO-coefficients from MOLCAS
1
48   48
a
mocoef
(*)
-1.143570925554e-04 -9.743522852676e-04  4.441131278478e-03 
 6.504941851693e-05  6.904106638340e-05 -8.441368627875e-04 
-1.367851806471e-04 -1.816738879383e-04  2.011963417061e-03 
-6.158014006038e-05  1.143758339955e-04 -6.403386160865e-04 
 3.234413474471e-05  1.124216809259e-04  1.001091156605e+00 
 5.433360224000e-03 -7.434240582692e-03  1.592566949100e-03 
-4.486366110446e-04 -2.608311945963e-03 -1.555116603147e-03 
 3.724651527026e-04  3.107392243123e-03 -3.924677095969e-05 
-5.339784137612e-05  5.095809508064e-04 -2.420127531311e-04 
 8.707463648722e-05 -4.920719205969e-04  9.434387161599e-05 
-2.985670035186e-05 -3.124614035872e-06  1.068681798365e-04 
-5.632904615072e-05 -2.334850543826e-05  4.615977582497e-05 
-1.595005659760e-05 -8.201524593800e-05  7.491017422607e-04 
-1.363096637264e-04  1.648626267182e-04 -1.311291788929e-04 
 2.800725580527e-05 -4.502699679032e-04  1.464841894711e-04 
-1.614123033507e-05  6.489262717218e-06  6.740206123124e-06 
 1.001579766816e+00  9.646412629483e-03 -5.516527019134e-03 
 2.391615127624e-05 -2.834870424615e-04  1.974561272100e-03 
-5.877455923250e-04  1.335951900110e-04  3.509055034319e-05 
-1.105489740329e-03 -2.538107269452e-04  8.988260886178e-05 
-1.996229622349e-04  1.207178109413e-03 -4.835963547668e-04 
 1.139895688225e-03 -3.196818312569e-03  9.889364899339e-05 
-3.308996831466e-05 -9.920159577208e-05 -5.643356828291e-04 
 2.150829900968e-04  1.745093959983e-03  3.440618997743e-04 
 7.892494348940e-05  7.222395255238e-05 -1.137199667012e-04 
-1.614941698723e-04 -2.128830343331e-03  2.719072683234e-03 
 5.555323128875e-04 -5.120472826513e-05 -3.649292112344e-04 
-3.923315256030e-05 -1.767082675440e-04 -1.169750174084e-05 
 3.670830730156e-05 -9.126061270781e-05  9.478658575066e-04 
-4.499274796914e-04 -1.969424702113e-04  1.797418187140e-04 
-1.682247088335e-04 -1.933335776622e-03  1.841590309301e-03 
-6.226269983240e-04  4.176876569214e-04 -5.213470022006e-04 
-2.412619356506e-02  5.320420080564e-01 -2.283215441900e-01 
-3.162927536192e-02 -2.821095915046e-02  2.583207532354e-01 
 1.434610932370e-02  1.067633625456e-02 -1.248551908573e-01 
 4.346969845912e-03 -5.895858434259e-03  3.057481858428e-02 
-5.289253471192e-03 -4.839438982544e-03 -1.303659083217e-02 
 7.306425675579e-01 -1.207622669954e-01  5.525775306231e-02 
-4.820089848389e-03 -2.095886937274e-01 -2.364961231961e-02 
 7.779404061471e-03  6.563306282991e-02 -2.137132523468e-03 
-1.347720863860e-03  1.874613322217e-02 -7.094909367924e-03 
 1.205943932822e-03  1.674525886206e-01 -8.957386944670e-02 
-1.743690843156e-02  3.837191097966e-03  7.561024766764e-03 
 2.266133627162e-02 -1.423539604744e-02  1.428345893325e-03 
-1.403222852103e-03 -1.174579024036e-03  1.573700559632e-01 
-7.495272673593e-02 -1.387307862705e-02  1.499613798755e-02 
-9.762462660839e-03  1.407054717412e-01 -7.360257390729e-02 
 1.464861928241e-02 -7.424687720696e-03  6.258501470713e-03 
 1.044052263890e-02 -6.015877445750e-01  1.063279797662e-01 
-1.990905921757e-01  5.840570646709e-03  3.133433524692e-01 
 8.582139447955e-02 -1.269761324582e-02 -7.988105330742e-02 
 1.047607229321e-02 -4.287548538908e-03  2.310036638800e-02 
-2.738451183949e-03 -1.028238009334e-02 -1.444290122461e-03 
 4.724697600842e-01  3.119103321531e-03 -2.723881950420e-02 
-3.659655187389e-02  1.337686488858e-01 -8.073440252968e-03 
 1.322168622076e-02 -1.163339131848e-02 -4.981244134673e-03 
-4.273554891897e-04 -4.349036741153e-03  5.318782893019e-03 
-3.683722705535e-04 -5.490066947197e-01  2.355594502014e-01 
 3.288389535042e-02 -9.127567833660e-03 -4.070901425341e-03 
 4.151133781754e-02 -2.435746899446e-02  2.826097826397e-03 
-2.166924237634e-03 -1.953435029134e-03  1.650108110149e-01 
-7.202110030448e-02 -1.328338022390e-02  1.116690641699e-02 
 8.059646834367e-04 -2.540178300377e-01  1.257741139404e-01 
-2.033394454015e-02  8.412970076498e-03 -1.031880779710e-03 
-2.080970802270e-03 -1.445633667698e-01  1.490929312723e-02 
 5.592490685787e-01 -2.575477829998e-01  4.019098944893e-02 
-1.797621673082e-01  7.279154053747e-02  4.225389059518e-03 
 3.772151941196e-04 -8.579564369869e-03  1.479743548480e-03 
 1.304315115973e-02 -2.122882071271e-03  4.878013084012e-04 
 4.570804235095e-02  4.091888453594e-03  2.952316011695e-01 
-1.865899972165e-01  1.148194380117e-01 -3.472948399190e-02 
 2.239860251779e-02 -2.389732048527e-02 -5.034206886186e-03 
 8.636965425154e-03 -1.038691265050e-02 -1.532341556806e-02 
 5.433513760031e-03  3.865380575593e-01 -1.527069221537e-01 
-1.639549051279e-02  1.767933855628e-03  7.782676351415e-03 
-2.628535615383e-02  1.637491636207e-02 -1.128597786744e-03 
 4.810306762688e-04  2.490587891745e-03  2.501148109893e-01 
-1.163787121803e-01 -1.153271939382e-02  1.580146911897e-02 
-1.398413486047e-02 -4.953751933300e-01  2.074969933352e-01 
-2.303160800347e-02  1.131842590479e-02 -9.479330619466e-03 
-7.381037782855e-05 -5.982563540332e-03 -1.116983664300e-01 
 2.121427882802e-03 -8.265427791223e-02  5.063455029821e-02 
 1.966182115217e-02 -1.408117571515e-02 -1.698648836574e-02 
-5.681844586259e-03 -1.077454182953e-02 -3.466076632785e-03 
 1.545791955768e-02 -3.636910834251e-03 -3.036643966064e-04 
-2.316075410197e-01 -1.520319570194e-01  1.580265187704e-01 
-6.061987259794e-02 -1.317859650019e-01  5.175256726506e-02 
-5.342650648247e-03 -9.262559965445e-02 -1.144643931725e-02 
 8.046396545559e-03  1.156066729594e-03 -1.043148125620e-02 
 3.219278226521e-03 -2.334737547652e-02 -2.332164595357e-02 
-1.508413786074e-03 -2.971687358631e-03  5.001611987892e-03 
 1.009522366206e+00  8.879231832476e-02 -7.065949185254e-03 
 1.050943552749e-02 -2.649143139800e-03  1.288259985953e-01 
 9.880550264422e-03  1.272993692816e-03  1.651807047159e-03 
-8.657565936626e-03  4.781693546128e-02  6.341409721719e-02 
-2.685128769423e-03  4.923863627762e-04  2.492304789643e-03 
 1.348518842739e-03  6.145068716209e-02 -5.273617660446e-02 
-9.021532998595e-02 -4.971176205778e-01  1.972777177540e-01 
 3.873569452633e-02  5.818889473861e-02 -6.708730127700e-02 
 1.293925604173e-02 -3.504009554767e-02  1.237511240251e-03 
-3.744934271292e-02 -2.700673112607e-03  2.479482723960e-04 
-5.414624833083e-02 -4.651431634534e-02 -4.285371177214e-01 
-3.838936381514e-01 -4.061357657171e-01 -2.248901962071e-02 
 2.242065336049e-03  4.520588907323e-02  2.879797532062e-04 
 2.982158340931e-02  2.345322729456e-02  4.027064410959e-03 
-5.897339695297e-03  4.397886186348e-02 -1.963688859905e-02 
-4.514388193092e-03 -1.054695025668e-02  2.262739020524e-03 
-7.992502936252e-03  1.290872187543e-02 -2.466719187406e-03 
-4.267577732736e-04  1.164310226661e-03 -2.172441148062e-01 
 4.440395847192e-02 -2.389326070332e-04 -1.675147165645e-02 
-6.423412790528e-03 -2.244644841448e-01  6.956175613779e-02 
-1.121302557199e-02 -5.714395690898e-03 -6.803408322139e-04 
-3.604677416431e-03 -7.237695505412e-02  8.627996933244e-02 
 2.679041764436e-01 -5.303117606302e-02 -2.457974719115e-01 
-4.322573156827e-02 -1.214908582278e-02  9.118279684895e-02 
 2.742456993588e-03  2.120434136051e-02 -1.666728500698e-02 
-3.170908461329e-02  9.962071957615e-03  1.020125965518e-03 
 2.789930973070e-01  1.405606079116e-01 -5.721564476594e-01 
 2.605235284584e-01  4.079947161046e-01 -3.194394633950e-02 
 7.412530905142e-03 -2.295979057658e-02  5.972222125881e-03 
 2.208891040682e-03 -9.470761889263e-03  3.349883242857e-03 
-3.612212357684e-03  3.485818049587e-01 -1.132709312351e-01 
-1.142675783374e-02  3.761811792472e-03 -9.025232619534e-04 
 1.418874946140e-01 -7.695852298094e-02  1.248830296129e-02 
-1.173607628801e-02 -9.090714530053e-03 -3.390287724354e-01 
 8.419482860380e-02  8.693245678176e-03 -1.425536760057e-02 
 1.404623575514e-02 -2.269919618727e-01  6.470235463188e-02 
-5.707357942619e-03  3.700068005115e-03 -6.439195673873e-03 
-1.866631022631e-03 -3.555930866923e-02  1.132069457192e-01 
-2.182350535253e-01 -1.248257783881e-01 -5.006468058267e-01 
 2.020784429268e-02  1.806734122713e-02  1.476633881426e-01 
-6.474759404630e-03 -2.898007207811e-02 -3.272059109743e-02 
 4.684591809610e-03  4.052146726151e-03  1.342729342672e-03 
 3.138303765148e-02  5.788151343751e-02 -6.877473780829e-02 
-4.758373597848e-01  4.583783725148e-01  1.845321113488e-02 
 1.603194427227e-02 -7.233239249428e-02 -1.639275128198e-02 
 1.390702880647e-02 -2.005265173368e-02  2.160024990368e-02 
-1.708474869151e-03 -2.363368896489e-02  1.728967690186e-02 
-2.984400361517e-05 -5.489080151847e-03 -8.775058781462e-03 
 3.755016090375e-04 -1.131660427348e-03  7.767124780589e-04 
-1.977355387699e-03 -7.058017449182e-04  4.025358146426e-01 
-1.226908514181e-01 -2.041341294013e-02  1.079763119321e-02 
-2.763589835279e-03  3.250875146340e-01 -1.100724018318e-01 
 9.826312249092e-03 -9.671799360602e-03 -1.607697638497e-03 
 7.014220768614e-03 -6.814165870607e-02 -3.231862246206e-01 
 1.735682862385e-01  5.450647339921e-01  1.483488145812e-01 
 5.474745696639e-02  3.378705044962e-01  8.878890794786e-02 
-5.231195428968e-04 -7.070749700070e-03 -1.068473122079e-02 
-1.995958759110e-02  3.567582650920e-03  5.938912874389e-03 
-1.092340445093e-01 -1.987823374631e-01 -3.891286801700e-01 
-2.761028696107e-01 -1.618201401294e-01 -2.087468374341e-01 
-1.731622168544e-01 -1.282378530637e-01 -5.692468192653e-03 
-1.827656376050e-02 -2.875199470018e-03  2.697640228888e-03 
-5.056592269489e-03  1.380784643504e-01  2.438944475385e-01 
 6.818288280319e-03  1.954959118782e-02  6.959131192072e-03 
-1.450790375997e-02  9.793986589708e-03 -7.835849506087e-03 
-3.680345617170e-03 -4.725360871400e-03  2.722638833897e-01 
 3.315098697514e-01 -5.038746239188e-03 -1.214022212762e-02 
-1.681130641518e-03 -1.222749093712e-02 -5.982088793825e-03 
 4.783567459599e-03  1.801110995753e-02  1.014235837462e-02 
 9.212746693012e-03 -9.647137976633e-02 -5.305537204009e-01 
-2.305697003301e-01 -2.090458395546e-01  3.411638857096e-02 
-3.538776111990e-01 -1.516962609721e-01  4.416526651151e-02 
-6.667079447406e-03  2.136151749612e-02 -7.605003041981e-03 
-1.294647708487e-02 -3.399116377486e-05  1.104942917953e-02 
-1.293780087191e-01 -3.327467096851e-01 -1.587959160105e-01 
 4.548800571314e-01 -6.157834378115e-02 -7.322686679754e-02 
 3.312031494539e-01 -9.079430689855e-02 -5.560801311310e-04 
-5.576482759376e-03  1.634373047242e-03  1.402186349397e-02 
 1.445025939866e-03  8.790476340210e-02  7.484495690052e-01 
-4.146389121300e-03 -1.516207296859e-02  6.176321015362e-03 
-7.207176894794e-02 -1.558302750975e-01  3.965597809562e-03 
 1.966798761683e-03 -4.176998659445e-03  2.643749274028e-01 
 7.498282840067e-01  1.337233222077e-02 -2.489412495707e-04 
-5.008445814356e-03 -1.775423747174e-02 -1.524216424200e-01 
-7.055453715843e-03 -7.773425946473e-03  6.228783637856e-03 
 2.545468607436e-02 -3.151032987765e-01 -1.374957550114e+00 
 1.483091846807e-01 -1.401713278602e-01  2.351200335097e-01 
 3.086921137596e-01 -2.320598364145e-01  3.855455802595e-01 
-2.106465890214e-03 -6.464137014468e-03  6.700598240603e-04 
 1.287245680671e-02  6.800118961297e-03 -2.430488525216e-03 
 4.840908963766e-02  6.768897324919e-02  5.066835125330e-02 
-4.452480863393e-02  7.849978188595e-02  1.448451590483e-02 
-2.746959672607e-02 -1.976760243737e-03 -1.489187429584e-03 
 5.394458278522e-03 -1.022818598663e-02 -2.528905055641e-03 
 9.769483903933e-03  1.884974239566e-01  5.723389572500e-01 
-4.163578783599e-03 -1.950329170320e-03  1.393505662655e-02 
-1.196941408332e-01 -1.083866189281e-01 -3.999895898122e-03 
-1.125914819184e-03 -1.166158370178e-02 -1.352758656243e-01 
-4.425574663542e-01  6.027580507613e-03  5.941875097918e-03 
-6.800871093716e-03  2.757126280859e-01  1.630397923399e+00 
-3.525670955997e-04 -4.575519532890e-03  9.812897966411e-03 
-1.587108391193e-02  6.730905968623e-02  1.038838002353e+00 
 3.729468966487e-01 -9.778531789262e-02 -9.045845804151e-03 
 1.254352335724e+00 -5.615104127660e-01  2.100268414687e-01 
-1.929728672993e-02  2.319772677929e-03 -1.004984930317e-02 
 1.069099114642e-02  1.334667575681e-02  1.748816393971e-02 
-6.062565898695e-02 -5.014559851144e-01 -1.524462251266e-01 
 1.732230174248e-01  4.023027794878e-03 -3.832364304597e-01 
 2.246267740873e-01  3.452121619818e-02  4.061622601945e-03 
-6.079541851542e-03 -1.898993226873e-03  1.278085042334e-03 
-4.415265946437e-03  8.434025221333e-02 -2.675308617910e+00 
 1.081307024907e-02 -5.722001434380e-03 -5.690908322079e-03 
-9.228129504243e-02 -2.016427862756e-01 -5.119083437260e-03 
 2.287465848961e-03 -5.508514709883e-03  1.269114942287e-01 
 7.265386869689e-01 -9.676620816344e-03  9.465498705659e-04 
 2.303969513662e-03  1.290169000545e-02  1.335152535388e+00 
-6.582227983048e-03  5.166641395930e-03  4.078463860173e-03 
-3.037131160900e-02  1.236480583989e-03  2.320582198533e+00 
-8.516219318340e-02 -2.256692342519e-02  7.058369724003e-03 
-6.898169511661e-01 -3.298135398828e-03  2.107189471331e+00 
-5.083059597836e-02 -1.464971687425e-02 -9.176345671440e-03 
 4.810004562884e-03  6.404655846744e-02  6.116115150130e-02 
-1.086320025493e-02 -2.226249548546e+00  3.495545360793e-02 
-8.945727589792e-02  2.691760028240e-01 -8.033821109799e-03 
-1.373588835150e-01  8.841222888852e-01  7.733396471551e-03 
 1.015416045968e-02 -3.426472884808e-02  1.137989178901e-02 
 3.100608844875e-03  2.661080843460e-01  2.816175329720e-01 
 3.237856215192e-02 -8.688456038580e-03 -2.038877270062e-03 
-6.820915750926e-02 -3.973673640562e-02  1.320735388186e-03 
 2.487911548114e-03 -9.509665144930e-04 -7.427702643052e-02 
-5.629318267135e-01 -7.759785220294e-04  1.307026142748e-02 
-1.131295246374e-02  4.109823030839e-01 -1.048689674485e+00 
-2.994273365231e-02  8.865147952108e-03 -8.185557043694e-03 
 3.555710835654e-02  4.129600938225e-02 -1.080668817989e+00 
 1.390102150985e-02  2.646072694519e-01 -1.919851690534e-01 
 4.098682863888e-01 -4.938106489727e-01 -3.355110504798e-01 
-1.203564696112e-01 -2.259189406368e-02 -2.667677295856e-02 
 9.021020002774e-03  8.144718097266e-02 -5.546665323138e-02 
-1.356350418538e-01  1.286748823136e+00 -9.587721839327e-02 
 1.126651517498e-01 -6.629813324554e-03 -1.340624745635e-01 
 2.206959179029e-01 -5.654574371345e-01 -9.499356906201e-02 
-3.039847364077e-02 -2.054208841747e-02  7.374663994407e-03 
 1.648164724593e-02  4.509129351244e-01 -5.005838664671e-01 
 4.436547766063e-02 -1.569751940833e-02 -2.814697544033e-03 
 9.672252267797e-01 -1.118824867978e+00  4.494633461089e-03 
-8.690798371834e-03 -3.792460860779e-02  1.391685158937e+00 
-1.368721644131e+00  4.037033068843e-02 -2.084548290173e-02 
-3.176695169469e-02  5.796033890900e-01 -1.941030027105e-01 
-2.848168915060e-02  1.713755862152e-02  1.366236531390e-02 
-2.331800630900e-01 -8.025791115937e-01  2.004354771395e+00 
-1.312015328549e-01 -1.131049827686e-02 -4.457276886600e-01 
 2.677129752026e-01 -1.567118049829e-01  1.368804812680e+00 
 1.428589670173e-01  3.141344349211e-02  9.806220176608e-02 
-5.336709239959e-02 -1.597400058347e-01 -3.130853117682e-02 
-2.385020515146e-01 -8.473179978364e-01 -1.392730002761e-01 
 8.642655167476e-02  4.670306782439e-02  3.628967074592e-02 
-8.497958027956e-02  2.434648854916e-01 -2.663299350154e-02 
 7.499376676552e-03 -7.959553305812e-02  2.954655698128e-02 
-2.060405743126e-02 -8.294018062027e-01  6.076116438072e-01 
-8.281281355481e-02  2.631855287596e-02 -8.688170945592e-03 
 1.166600499238e-01 -2.791015796357e-01  5.813413786401e-03 
 1.366313187215e-02 -6.098777830120e-02  8.397099007998e-01 
-1.309832583738e+00  3.222472059284e-02 -5.049302015417e-02 
-1.039348963114e-02 -1.099084146168e+00  1.215839330721e+00 
 9.395695721965e-02 -4.339494552418e-02  1.422768711678e-02 
 4.825826831645e-02  1.707668997348e-01 -6.999327436056e-01 
-4.820239058933e-01 -1.239185944641e+00 -2.673501870758e-01 
 6.681884912151e-01  1.518279017289e+00 -1.149708103644e-01 
-4.205485869450e-02 -1.626957016979e-02 -3.414162035441e-02 
-6.954844971402e-02  6.013122956014e-02 -1.490955285169e-02 
-1.866751298580e-02  5.300894175182e-01 -2.532297868784e-01 
 2.664814087882e-02 -4.934132066976e-02  3.094467107971e-01 
-5.940756075970e-02 -2.976617725220e-01 -4.110093609771e-02 
 5.721263261878e-02  1.732638133366e-02  3.876306817203e-02 
 8.569532214976e-03  2.467223775369e-01 -3.800703552025e-01 
 2.156075124207e-02 -7.634276192827e-02 -1.232271269137e-02 
-2.656350065710e-01  3.672807787284e-01  3.492980695528e-02 
 1.201007234855e-02 -2.440581806960e-02  3.280255933590e-01 
-1.606188831770e-01  5.815578179847e-02  4.202506159285e-03 
 2.275046185401e-02  1.734601153608e-01 -1.060563180569e-01 
-2.588551638264e-02 -2.631002852157e-02 -3.767208743684e-04 
 1.358239176532e-02  7.851472841344e-03 -7.008827170896e-01 
 3.198668427521e-02  3.956414040323e-01 -1.468691467955e-01 
-1.986920945321e-01 -4.397243044193e-01 -2.825724669665e-01 
-4.685094034401e-02  9.551039858952e-02 -1.253665264623e-02 
-1.063911568989e-01  5.947951092025e-02 -4.854697091253e-03 
 4.639910807428e-02  4.322817491710e-01 -2.172960116142e-01 
 2.964514357353e-01  3.127729334735e-02  5.680462611248e-01 
-4.119380438324e-01 -5.150059955998e-01 -1.638704147112e-02 
-5.383184044815e-02 -1.336322444763e-02  3.878069534820e-02 
 4.359098013843e-04  3.833855223728e-01 -1.809292722753e-01 
 5.561478022390e-02 -6.693948100702e-03 -3.148420309105e-02 
-1.571362765985e+00  2.168706817315e+00 -1.323528050704e-02 
 4.564489152294e-03 -5.591709799006e-03  6.252368311287e-01 
-8.821750603191e-01  4.695289869352e-02 -5.435049340333e-02 
 5.214234201985e-02  2.896888717036e-02 -1.787090028182e-01 
 9.724300149339e-03 -1.885602973793e-03  4.749066285941e-02 
 6.619926521507e-02  3.373166182193e-01  1.713385275356e+00 
-6.091095464649e-01  1.231800230122e-01  9.519525930222e-01 
 1.257496616521e+00 -5.077123373607e-01 -5.126440424473e-02 
 2.854159097689e-02  8.760567103707e-02 -1.124231234702e-01 
-1.115171473234e-01  5.523722698644e-02 -3.442714735435e-02 
-4.859260917497e-01 -5.506333542694e-01 -2.335211714823e-01 
 1.784853226979e-01 -2.544717005511e-01  1.347347015314e-01 
-3.823698043689e-01  1.636154899654e+00 -2.524099365601e-02 
-3.511834753280e-02  6.997057433224e-02  2.060732934388e-02 
-3.650543402580e-03 -1.050026360533e-01 -8.496803414415e-01 
 1.334943237514e-01 -2.841722231619e-02  1.212347389494e-02 
 1.842503382557e-01 -3.680229599094e-01  1.832749936549e-02 
-3.287821376542e-02  1.011079042608e-01  4.643250413467e-01 
-1.037160520717e+00  6.985331525000e-02 -7.708181731717e-02 
 1.004315943856e-01 -2.679046306260e-01  9.198185052185e-01 
 4.535583248796e-02 -3.937441075447e-02  3.478423930859e-02 
-1.270745459848e-01 -5.410275468230e-01  1.429283994121e+00 
 1.015542547172e+00 -5.121708674995e-01  5.164136864280e-01 
-3.301516462948e+00  1.393792094669e+00 -3.216286251446e-01 
-2.282235703256e-02  3.653643417890e-02 -5.106374648283e-02 
 4.750501052126e-02  2.139755664699e-02 -5.889133281781e-02 
-4.262792281017e-01 -6.304599402351e-02 -3.667469673060e-02 
 2.361576838254e-01 -1.494368390361e-01  3.851370586956e-01 
-5.041461241110e-01  6.037137489440e-01 -3.723620764540e-02 
 6.729977823715e-03 -1.363390402981e-02 -4.351943073154e-02 
 6.276988856803e-03  7.295232189868e-02  1.833910468586e+00 
-8.650443499056e-02  4.499376031183e-02  2.321310489793e-02 
-6.477172359050e-02  8.871764725398e-02  3.774349816416e-02 
-2.574003575193e-02 -2.637815351788e-02  6.648302304034e-01 
-8.473574159396e-01  4.356754724888e-02 -6.533330883030e-02 
 6.744189948513e-02 -2.431228278210e-01 -2.011346036088e+00 
-1.878455883403e-01  6.333157471420e-02 -3.602423409241e-02 
-4.366688868807e-01 -1.918794593675e+00  3.261959994334e+00 
-4.758487560847e-02  4.423198034404e-03  3.794801554722e-01 
 1.286349520538e+00 -3.799579955494e-01 -8.408516791342e-01 
-2.235765063843e-01 -8.626174847676e-02 -2.017544177576e-01 
 1.276982783975e-01 -3.572848274349e-02  3.643471106930e-03 
 8.357081699775e-03  1.921549720665e-01 -3.955728232748e-01 
 6.460905389564e-03  2.597871369694e-01  1.022087732399e-01 
 1.909264923567e-01 -5.123438058860e-01 -6.223725882581e-03 
 3.381748299866e-02  4.803191531480e-04 -7.280292146071e-02 
-3.417010551983e-02 -9.606813642950e-01 -9.910920240687e-01 
 8.459589889708e-02 -1.013798347323e-01  8.656640050287e-02 
-3.084156485073e-01  5.138124952760e-01  6.018135286508e-02 
-2.013623443167e-02  2.425971565087e-02 -3.268925185812e-02 
 1.377981184158e-01  1.377292545394e-02 -5.651409495123e-02 
-2.022573851369e-01  6.837778290533e-01 -8.396028444575e-01 
-1.095590653564e-01  1.562536937721e-01 -1.009143035693e-01 
 2.310230444195e-02  1.194029068171e-01  7.542328598329e-03 
-2.880745585999e-01 -2.797259888867e-01  7.750335149059e-03 
 1.171046481424e+00  4.397669558996e-01  1.096049653854e-01 
-8.939530360810e-02  1.441364898729e-01  5.449631111196e-02 
 1.744030784831e-01 -7.269530191048e-02  8.246607864114e-03 
 1.124388511388e-02 -4.273176018325e-02  8.226440430309e-01 
 9.641054575844e-01  2.114017275547e-01 -1.370156145089e+00 
-1.309812665595e+00 -2.380584400563e-01 -1.077603637792e-02 
-1.053332351713e-02  8.817463829671e-03 -1.655836923179e-02 
-5.576791416016e-03 -2.180000740223e-01 -2.489781098142e-01 
-3.382785903047e-02 -3.941239102228e-02 -3.440235443313e-02 
-5.844650736003e-02  4.410892357907e-02 -8.533288663959e-02 
-1.139914935371e-01 -1.168759069435e-02  4.704629839575e-02 
-2.566972692307e-02 -4.301043509089e-02 -5.669308148348e-02 
-4.282657409423e-02  2.194962137197e-01  1.751638434103e-01 
 8.781714725434e-04  3.500763275932e-03  2.562882592653e-02 
-4.929927900397e-01 -2.339942238546e+00  3.935900244059e+00 
-2.093985256036e-01 -2.201780400387e-02  9.318491613799e-02 
 5.372103212530e-02  1.763669768677e-01 -3.112138898412e-01 
-5.317866942880e-02  5.080931918179e-02 -9.648779978876e-02 
-1.241601356609e-01  2.265500045259e-01 -1.427811634808e-03 
 2.656839236543e-02 -3.449660852383e-01  5.641129981337e-01 
-2.111552124526e-01 -6.529425792863e-02 -5.425442266428e-01 
 3.060430990549e-01 -1.258611971758e-01  4.439955578431e-02 
-9.653601564984e-03 -5.279328264095e-02  8.627518193137e-02 
-3.078821769539e-02  6.413433528552e-01 -1.651013051989e+00 
 2.789378197440e-01 -2.459249302645e-02 -1.941623752790e-01 
 1.107369143984e-01 -1.772797729077e-01 -4.758515662865e-02 
 8.784050368083e-02 -5.281872008484e-02 -1.693034515921e-01 
 5.877353138623e-01 -1.335339354426e-01  7.084126793558e-02 
 6.474140597726e-02 -6.286239892426e-01 -3.518888454639e-01 
-1.443145763145e-01  2.000453960342e-02  6.243972772639e-02 
 1.491797712693e-01  8.856915369981e-01 -2.118927995668e+00 
-4.937874512078e-03 -6.991863115285e-02  4.463676579870e-01 
-2.697871850637e-01  1.457001281767e-01 -9.423011201918e-01 
-1.450894760563e-01  6.636154314734e-02 -3.122794234038e-01 
-6.243848689959e-02 -3.171703787114e-01  3.130315558727e-02 
 2.362414954821e-02  6.466369566772e-01  1.872180241735e-01 
-3.855514663718e-01  7.427715212557e-01 -1.746265028603e-01 
 6.259095737425e-01 -1.098873284925e+00 -6.026583766746e-02 
-5.790667414874e-02  1.473324259137e-01  8.929460610384e-03 
-7.403557020125e-02  2.333804518490e-01  2.151596760355e-01 
-1.130181263858e-01 -1.064845162046e-01 -4.919131902126e-02 
-1.052919770826e-02  1.619478500648e-02 -8.694510674803e-03 
 7.869211453626e-02 -6.790587223829e-02  2.149591376440e-01 
 2.711565613318e-01 -1.582267360511e-01  1.477301354429e-02 
 5.880856211076e-02 -4.258311505732e-01  3.211405412966e-01 
 7.991132812730e-02  1.239228530433e-01  2.174668236493e-01 
 4.389649432788e-02 -4.481537056618e-03  1.422274839132e+00 
 6.060748087274e-02  5.576132973792e-02 -1.737624940945e-01 
 9.609957868916e-02 -3.712893628331e-01  1.065322605628e+00 
-3.147737749585e-01 -1.020750413868e-01  2.857208294142e-01 
-1.454628571710e-01 -2.310069322245e-01  2.095685804167e-02 
 3.750688308811e-02 -1.354731177944e+00  2.488840252595e-01 
-2.326279814849e-01 -8.228723151509e-01 -5.409365090146e-01 
 4.224580127296e-01  1.666083455486e+00 -4.476375602455e-02 
 8.587509467563e-03 -8.249464912744e-02  1.396155786086e-02 
-7.921496049747e-02 -7.303233756654e-02  3.237440004554e-02 
-7.463409756207e-02 -1.396738250547e-01 -1.563122630367e-01 
-3.520319005151e-01 -8.290553220859e-03  8.165089012879e-02 
-1.524993455397e-02  8.675265116077e-03  2.233769086691e-01 
-3.925604596991e-01 -1.054302992450e-01 -2.337775957638e-02 
-8.047742939498e-02  2.470077602063e-01 -2.972200704529e-02 
 3.758919724321e-02  1.995349176242e-01  3.130957705971e-02 
 3.811227710704e-02  2.599680195685e-01 -1.878677990726e-01 
-1.360993235723e-01  1.291210210920e-02  2.274997238704e-01 
 1.169070853666e+00 -4.535039759844e-01 -6.446595132418e-01 
 4.065832306587e-02 -1.414366520841e-01  1.078616160983e-02 
 2.357183913127e-01  1.602923235917e-01 -1.198472279777e-01 
-6.998918739948e-01  8.554522455565e-01  5.226467036331e-01 
-5.871627965214e-01  5.577500712539e-03 -1.343768678331e+00 
 1.182431012283e+00 -6.081153767294e-02 -8.379955247729e-02 
 7.290458361541e-03  2.891459144086e-02 -3.842102255493e-02 
 1.652362716551e-01 -3.538886372988e-01 -5.552855207228e-01 
-5.123961034644e-02  6.411025064875e-02  9.869578489786e-02 
-9.121234147018e-01  5.906276997081e-01  7.518365489425e-02 
-2.302438890221e-01 -1.460152427655e-01  6.680286940037e-01 
-3.015018289013e-02  1.147605514164e-01  2.280084186952e-01 
-1.710830603322e-01 -6.812662943776e-02  3.602329621325e-01 
-5.912335338968e-02 -1.270788893065e-01  1.887161307893e-01 
 2.002534960003e-02  1.174012545205e-01 -6.980339585690e-02 
 2.225684839056e-02 -9.698607307692e-02 -2.101309047646e-03 
 2.221261815274e+00 -8.390760908132e-01  8.739683325680e-02 
 2.049686235132e-01  2.069124496850e-01 -2.390336954359e-02 
-6.813192726564e-02  3.440667566423e-02  4.520515202631e-02 
 2.104619686040e-01 -1.187726564252e-01  9.097716260665e-02 
-2.971899521705e-01  1.161888323166e-02 -6.383769161561e-01 
 6.368275486356e-01 -1.399625231347e-01  4.157752125094e-02 
-5.157486843237e-02  2.542160038461e-02  3.720722806710e-02 
-7.161538708293e-02 -1.372394113588e+00 -3.012643612171e-01 
-1.863027793423e-01  2.269577640488e-01 -3.190970158753e-01 
-1.061768910147e-01  1.873313688954e-02 -2.014603211684e-02 
 4.699224604854e-02  1.149455974601e-01  2.372212706782e-01 
-6.496765400585e-02 -1.886444693049e-01 -1.571018481596e-01 
 1.536797589633e-01  1.574563934274e+00  4.234136512047e-02 
-2.818918081184e-01 -7.339225729484e-02  1.983126647164e-01 
-1.259190541726e-01 -5.260817022419e-01  1.109707957507e+00 
 9.659692682003e-02 -2.299244796551e-03 -5.981897157773e-02 
 2.662128848200e-01 -3.244256888153e-02  1.564374712349e-01 
-1.263074936377e-01  2.724179921734e-01  7.210150289574e-02 
-5.808929033482e-02 -2.656302420540e-03  7.299865655662e-03 
 7.262627337634e-02 -2.463935091971e-01 -2.104235428262e-01 
-7.848075570000e-02 -6.505230698317e-02  1.205435664894e-01 
-2.050062784426e-01  1.277992487148e-01  7.042681959882e-02 
-1.058240748389e-01 -2.386659193799e-02  7.284398899230e-02 
 2.590639431270e-01 -5.132523990485e-01 -4.618790228887e-03 
-1.025401918876e-01 -1.461962597656e-01  7.661183653235e-03 
 2.872226096133e-01 -2.655347783684e-01 -4.220090657202e-01 
-1.903965883347e-01  3.843817789453e-02 -2.291139605534e-01 
 7.149119787508e-02  3.333667510404e-01  4.464211020908e-01 
 1.894336490894e-01  2.170386847809e-01 -1.487423401347e-01 
-2.680861338067e-02  1.245005701439e-01  1.343131729715e-01 
 7.915338432666e-03  1.862351256803e-02  4.892915545700e-02 
-8.717443487625e-02 -1.009421676925e-01  1.450363557375e-02 
 2.499108525987e-02  2.301492022356e-01  5.804914588610e-02 
-1.031137117472e-01  5.701381506634e-01  2.033800538109e-01 
 4.186062772817e-01  4.326250420154e-02  1.022987441014e-03 
-1.968643524639e-02 -1.062610481105e-01 -2.456348310767e-01 
-5.423276908422e-01 -1.298995119889e-01 -1.294809078322e-02 
 3.977038016790e-01  1.093675462925e-01  1.501942481056e-02 
-1.593801944019e-01 -5.267648307223e-02 -9.666059038652e-02 
-8.128160350456e-02  2.498172108377e-01 -1.007058039299e-01 
 3.594721933631e-02 -1.553209856988e-01  1.001589803420e-01 
-9.259326994210e-02  3.496595367388e-02 -7.577680699416e-02 
 5.997445364728e-02 -1.674566414984e-01  1.506842677396e-01 
-4.826569538236e-02 -2.435221325064e-01 -1.333288726395e-01 
 8.795774214180e-02 -1.680655866373e-01  3.798807922620e-02 
 3.544069323572e-02 -1.467660653817e-01 -1.762016715069e-01 
-9.653243860283e-03 -6.203469270707e-03 -3.149440903590e+00 
 2.790433962421e-02  1.088736964170e-01 -5.268039451797e-01 
 4.645438424932e-01  5.776761995979e-02 -1.361522283091e+00 
-1.179772570173e-01  9.399948963332e-02 -2.800463372064e-01 
-9.413150454729e-03  1.086803559447e-01 -7.319003782288e-01 
-3.087890178953e+00  6.436307513369e+00 -8.597371502394e-02 
 2.233408481547e-01 -3.175562650953e-01  6.237760663922e-01 
-4.996781743253e-01 -1.030267745472e+00  1.269322029668e-01 
-1.890383152240e-04 -8.929061958094e-02  7.093138029188e-02 
-2.219381236339e-02 -3.118767918300e-01  2.551224224382e-01 
-1.074509117957e-01 -3.533260130902e-02  1.183069479351e-01 
 1.047801840433e-01 -4.691767234203e-02  7.804362254310e-02 
 2.325781578001e-01 -1.215853571334e-01 -9.584307457015e-01 
 3.939168273690e-01 -3.114446420185e-03 -8.531473352155e-02 
 2.707314464708e-02  2.168005285186e-01  2.098723867494e-01 
 1.764537518008e-02 -6.699477665621e-04  2.453236932575e-01 
-2.306144862674e-02 -8.463632428490e-02 -2.507426601227e-01 
 6.499628764017e-02 -2.074646234282e-03 -1.972182920811e-01 
-7.446536928432e-01  5.642086220256e-01 -6.313415867836e-02 
-1.132423214510e-01  2.673524300403e-01  5.763907188684e-02 
-2.039466933725e-02  1.207579525633e-01  1.398494949174e-02 
 1.017429080335e-01  5.865804538703e-02  4.035597676656e-02 
-1.278869917630e-01  9.882722171045e-02  1.069474369287e-01 
-1.389422165240e-01 -2.549395816604e-01  1.119358929167e-02 
-6.715241256099e-03 -2.132233555921e-02 -5.046250598461e-02 
 1.370026677308e-02  2.122855634861e-01  2.883785782991e-01 
-5.065608730264e-02 -1.574868982116e-01  1.249885522803e-01 
 2.094385365905e-01 -2.138052328280e-01  3.299331197018e-01 
-9.631415461765e-02  7.476836849897e-01 -8.710853716607e-02 
 1.966987547252e-01  7.151010454052e-02 -2.234672455260e-02 
-3.198212116683e-01 -6.976293137601e-01  2.127136843811e-01 
-8.527037922453e-02 -1.223882923473e-01  2.179881314294e-01 
 4.242448918333e-02  1.207654022651e-01 -2.137774354398e+00 
 1.978034220521e-02 -2.559754337288e-02 -2.972772387014e-01 
-5.876774070385e-01  1.217744778331e-01 -6.454719176267e-01 
 1.056791854344e-01 -2.649808386720e-02 -2.857452561899e-01 
-8.643020453618e-03 -1.206802030513e-01 -2.257297784920e-01 
-9.108710082915e-01  2.590243101438e+00 -6.916070748883e-02 
-2.236057917107e-01 -1.260353250781e-01  6.634192067456e-01 
 4.638319803763e-01 -7.369293870889e-01  8.773791693229e-02 
 8.704008114094e-02 -5.363373805615e-02 -2.082164947911e-02 
-9.354584228811e-02  5.952376689007e-01  1.158958496303e-01 
 6.922763114845e-02  4.284923454658e-02 -7.264489762987e-02 
-2.947830734068e-02  1.030405961288e-01 -3.754079698684e-01 
-7.332512325720e-01  1.656579172646e-01 -1.502991787525e-01 
 1.293076794613e-01 -1.563447476978e-01 -3.316681194934e-01 
-6.996689098290e-03 -3.570280807564e-02 -8.161527914491e-02 
 7.365217703442e-02  5.392725572006e-02 -8.959478039074e-02 
 7.135447238232e-02  2.173013025785e-01 -2.066536741801e+00 
-7.399905604569e-02  1.116419906478e-02 -2.329009954026e-01 
 6.417669498431e-01 -2.064083508120e-01 -4.881882396590e-01 
 2.484434637212e-01  2.058409809047e-01 -2.654625375472e-01 
 2.584126427470e-01 -2.551586262015e-01 -1.287144187091e-01 
-4.853620818013e-01  2.078130710664e+00  3.313104507315e-01 
-1.976741831125e-01 -6.057096685139e-02 -5.398146105992e-01 
 1.954891470797e-01 -1.006795405972e+00  1.884872690955e-01 
 5.794493152118e-02 -7.268887635305e-02 -4.925498578274e-02 
-5.333590045702e-03  4.927941452566e-01 -4.809842531245e-01 
 1.128916759492e-01  3.646401950694e-02 -2.112612087067e-01 
-2.096990757506e-01  2.556657515114e-01  4.004238809405e-01 
 4.072892593640e-02  1.988222516066e-01  2.474160474856e-01 
-8.335601835796e-02  3.424724683563e-01  1.396670381362e-01 
 4.075932666535e-01  5.377978011013e-01  2.865630828535e-02 
 1.548932976855e-01  2.849578797663e-01 -2.916611562938e-01 
-5.010973913608e-02 -2.207526383714e-01  4.145947869373e-01 
-8.489072803834e-02 -3.112688480039e-01 -2.714720607210e-01 
 1.442700830445e-01 -2.120835995971e-01  1.066934629286e-01 
-8.276677216949e-02  1.394286925215e-01  9.857745547659e-02 
 6.690180784320e-02  6.664082155532e-02  1.015040972067e-01 
 4.058012676303e-01 -7.307996093872e-01 -1.736297010221e-01 
 1.241438124202e-01 -1.217853919346e-01  1.262315810044e-01 
 6.058780078749e-03 -2.053757277321e-03 -2.026576728286e-01 
-5.357793235858e-02 -1.831857187502e-02  2.318797191173e-02 
 3.053963184686e-02 -2.895180665294e-01  5.153236518319e-02 
 2.287378016431e-01  5.715349576526e-01  3.905761850494e-01 
 2.412482667944e-02  6.766959676721e-02  1.463408652638e-01 
-1.283864159957e-01  7.647035939787e-02 -9.129288611435e-02 
 1.657851724763e-01 -3.549162173255e-01  1.533523125082e-01 
 2.279917280182e-01 -1.497744173664e-02  1.040125188610e-01 
 1.897496741198e-01  5.154405177591e-01  2.709867013504e-01 
 5.512563671005e-02  2.605435059204e-01  1.727746199943e-01 
-1.260459180048e-01 -2.601683306924e-01  2.145849186462e-01 
-5.793549653103e-01  1.573117740223e-01  4.191510293588e-02 
-3.007501335838e-02  2.111018326051e-01  2.580930161723e-01 
 4.946352350556e-02  1.376948022215e-01 -8.359255456382e-02 
-2.820201728109e-01  1.617736820966e-01  1.163028290085e-01 
-3.267901196811e-01  1.779641795770e-01  3.756922178527e-02 
 1.517040005571e-01  4.788118952341e-01  1.842450985452e-01 
 2.066923021569e-02  4.467564379876e-02 -5.718431633475e-02 
 6.555293602761e-03  3.479585900326e-01  9.205271885869e-02 
 8.518910182411e-02  3.463426634489e-01 -7.488190218618e-02 
 4.910181048425e-02 -2.325253290634e-01 -2.608908136747e-01 
 2.355934744125e-01 -7.496763878497e-02  7.828052701051e-02 
-2.967529249473e-01  4.328812846486e-01 -3.868201396155e-01 
-4.467898666210e-01 -2.105968797127e-01 -1.227646582531e-01 
 1.770672256997e-01  4.670072879762e-01  1.587856412967e-01 
 1.268742677952e-01  5.037130318023e-01 -1.246544701829e+00 
-1.599899420229e-01  1.376912461005e-02  1.009007980983e-01 
-9.001802441003e-01  5.648461807634e-01 -3.222086996828e-01 
-5.048002473123e-03  4.765859401129e-01 -2.243996709381e-01 
-1.357260992852e-01 -1.698682212419e-01 -3.036123547380e-02 
-2.411524000578e-01  5.422715488723e-01 -3.757248464798e-01 
 2.537908055194e-01 -8.389549031878e-02  9.650945600120e-01 
-8.425022094367e-01 -1.810514244153e-01 -2.104528707163e-01 
 9.127946941705e-03 -2.348236486159e-02 -1.505576905932e-01 
-1.073935194252e-01  5.561050280935e-01  2.232625884108e-01 
 3.624600216767e-02  3.045398791797e-01 -3.433397790095e-01 
 2.214425790963e-01  1.379266873108e-01  2.322746854075e-01 
-2.068636403160e-01 -2.722197340989e-01 -6.774035528429e-01 
 5.958263125845e-01  1.875317924836e-02  4.099867761711e-01 
-5.159093342705e-01 -4.787468958637e-02 -4.329390253400e-01 
-9.306801555755e-02 -1.880631701684e-02 -2.383579186621e-01 
 2.781579058740e-01  9.576072399251e-01 -1.497798625987e+00 
 9.316891044336e-03  1.058035670629e-01 -6.970289492174e-01 
-2.096064001100e-03  8.349516065096e-02 -4.612191485030e-01 
 2.011592839669e-01  8.820906399120e-02 -2.843955441766e-01 
 3.166482474039e-02 -5.310374035846e-01  1.411886941795e-01 
 6.757297784667e-01  4.351130838623e-01  2.113983538975e-01 
-2.389982643878e-02 -6.476931514782e-01 -2.992444322284e-01 
 8.923773121889e-02  4.886621310015e-01 -3.363370579358e-02 
 7.494051859195e-03  1.428971362306e-02 -2.216792600238e-02 
-2.450652024105e-01  5.633467069331e-01 -3.810918555238e-01 
 3.814986814476e-01 -5.645479013108e-02  5.663914271898e-01 
-1.033517880273e-01 -1.056677454386e-03 -1.854001173859e-01 
 1.379551768265e-01 -6.377264913530e-02  1.526377965621e-01 
-1.980117119216e-03  2.423031647876e-01  5.679117714790e-02 
-1.702276077545e-01  3.273075492551e-01 -3.649078337878e-01 
-5.288158518859e-01 -9.623603937532e-02  3.287278718973e-01 
 4.593382812843e-02  1.701127728385e-01 -3.277450262774e-01 
 1.019262760461e-01 -3.370511913821e-01  2.370080512394e-01 
 1.060492556708e+00 -4.416377324497e-01 -1.082283370187e-01 
-1.963023902866e-01 -1.518901161617e-01 -1.263671990099e-01 
 2.379175501822e-02 -2.030037938863e-01 -1.312804923093e-01 
-6.544649783528e-01  6.843866817515e-01  3.561510503254e-01 
-1.800749203609e-01 -1.229355965505e-01 -1.621502064006e+00 
 1.221845931555e+00  2.231167670881e-01  5.079812917128e-03 
-1.885071325769e-01  1.384042338556e-03  2.417518359075e-01 
-1.889709962232e-01 -2.454353688830e-01 -3.919437509649e-01 
-2.929303862468e-02  4.133811035478e-01  1.120525060777e-01 
-5.119669341160e-01 -1.906664832257e-01 -4.948933640225e-01 
 4.071667361434e-01  4.904893791165e-01  8.298038891815e-01 
-7.297785008133e-02 -1.471826132608e-01  3.598010934008e-01 
-2.261597047469e-01  2.876576765982e-01  4.437939817348e-01 
 1.794015950956e-01 -2.179060454704e-01 -4.849292803995e-01 
 1.710308484257e-01  6.116121072941e-01 -6.170439235685e-01 
-3.081797957484e-02  1.000953204603e-01 -1.535743609514e-01 
 1.348067015151e-01 -5.176102436190e-02 -1.576009293210e-01 
 6.389870785086e-01  1.821605677287e-01 -4.232746307210e-01 
-8.424795495064e-02  2.850921776115e-01  2.030764787478e-01 
 7.671093753843e-01 -6.939364076746e-01  2.240546393076e-01 
 3.388921998405e-04 -4.514094894209e-01 -4.778175659227e-01 
 3.385428809068e-01  4.759944323765e-01  3.548757770692e-02 
-4.548091610329e-02  3.933785459524e-02  2.483483647044e-01 
 4.148349314629e-01 -7.145374354321e-02  4.350160747672e-02 
-1.740624802186e-01 -5.461332084353e-01  2.029692032084e-01 
-1.541754938667e-01  5.303162685783e-02 -3.717625889685e-03 
 9.705895636888e-02 -2.375916401039e-02  4.100893978591e-01 
 6.460890264951e-03 -3.614103203759e-01 -5.790637174001e-02 
-4.172921594213e-01  2.197592167886e-01 -2.155650437926e-01 
 6.650711181468e-02  4.869589588028e-01 -2.603032748276e-01 
-1.742715020978e-01 -6.211364545367e-01  8.222531573149e-01 
-1.957629693276e-01  1.802734069886e-01  1.229147303559e-02 
 5.792402273463e-02  2.930549458080e-02  1.392946680612e-01 
-1.589447873855e-01  3.833468567667e-01  1.821636341669e-01 
-6.868519415460e-01  2.002620746077e-01 -1.464535442065e-02 
 3.030013791811e-02 -1.955953120621e-01  4.124801648769e-01 
-2.312304218677e-01  3.223289842835e-01  1.006171896638e-01 
-4.268939857924e-01 -2.885661607716e-01  1.926118988896e-02 
 1.716352756794e-02  9.209669143810e-02  2.632502916565e-01 
-3.375039825552e-01 -4.250165072744e-01  4.180079761609e-01 
-1.884426058956e-01  4.675386932232e-02  6.426490981924e-01 
 1.720985063837e-01  1.726470503721e-01  3.003982535531e-01 
-3.126354984705e-01 -2.503782650418e-01 -3.697666996228e-01 
-1.182576902079e-01  3.803489612107e-01 -1.555345101894e-01 
 1.006595865323e-01  1.880815492502e-01 -3.175571189118e-01 
 4.173073621634e-02 -5.333186817843e-03 -4.465847286748e-01 
-2.271638476172e-01 -1.243678912033e+00  8.785325157050e-01 
 2.416014263738e-01 -1.064557048892e-01 -2.365273759360e-01 
-1.661360469814e-01  8.275239244338e-02  2.180905920137e-01 
-1.931258250226e-01  2.664697525103e-01 -7.978710026159e-01 
 1.262645974487e-02 -1.527981893427e-01  5.056418563765e-01 
 2.204508827372e+00 -1.892672901634e+00  2.359803248734e-01 
-3.358431336376e-02 -9.608761600994e-01  1.634028589100e-01 
-3.325747266408e-01  1.048628040511e+00 -1.278993833885e-01 
 5.015373977037e-02 -9.611481249343e-02 -5.323195964964e-02 
 1.401220910248e-01 -1.521578959407e-01  3.100039390655e-01 
-2.791528975309e-01  3.150868388894e-01 -1.613040921026e-02 
 8.984826166838e-02 -2.224621401936e-02  4.151155610568e-02 
 1.596165693495e-02 -1.207323083085e-01 -3.348675084493e-01 
-7.308099446568e-02  2.610150807211e-01 -3.050175315667e-01 
 3.981260455208e-02  1.459659570043e-01  2.268626535138e-01 
 5.277434597399e-01 -4.164220095795e-01  1.385905482451e-01 
-9.809449104334e-02 -5.001769763705e-01  6.565029208746e-01 
 1.142424048113e-01 -2.019023702421e-02  2.228935254963e-01 
 3.543615536358e-01 -1.723255963313e-01  1.020484463665e-01 
 6.665735779988e-01 -1.031267416670e-01 -1.415524671864e-02 
 2.474092507068e-01  5.406328859889e-01  1.641188592735e-01 
 6.237337951619e-01 -1.203987273235e+00 -4.917627842150e-02 
 1.342291234442e-01 -2.060481133592e-01 -4.232079544198e-01 
 1.065826263498e-01  4.649295295017e-01 -3.272750280291e-02 
 5.128214244207e-02 -4.528067930756e-02 -1.490079397529e-01 
-7.233008425722e-01  4.444970392370e-03 -1.772786029915e-01 
-4.250521151136e-01 -4.970026924830e-01 -9.709529407867e-02 
-8.463579582888e-02 -7.240213986682e-02 -1.454309502126e-01 
 2.549661800112e-02  3.864144410003e-02  4.024376328058e-01 
-1.062639689075e-01  3.889793937162e-02  4.194764437736e-01 
-3.861509469202e-02  3.616314973107e-01  1.413724516965e-01 
 4.747181257780e-01  2.981735571411e-01  3.186430861341e-01 
 4.547568423356e-02  1.466666684794e-01 -2.062683385099e-01 
 7.413732165804e-01  2.670469350573e-01  2.026165147797e-01 
 1.673678408369e-01  1.224348288967e-02 -1.823984995786e-02 
-6.878911918820e-02  6.893356708092e-01  3.119530483984e-01 
 4.270107464297e-01 -9.720146696719e-02 -5.020642856023e-02 
-2.213770979396e-01  1.767787498971e-01 -1.859659300075e-01 
-1.145939619622e-01  3.197400361511e-02 -3.005195254066e-01 
-3.169333454706e-01 -9.919920208554e-02 -2.011789828077e-01 
 9.624271111831e-01  2.670022613109e-01  5.790017493734e-01 
-1.177615125338e-02 -1.918169236580e-01 -1.783628296155e-01 
 2.082087582309e-01 -2.934639644931e-02 -1.432132889436e-01 
-9.249732527486e-03 -4.497737816540e-02 -5.500369227996e-02 
 7.580315993399e-02  3.851304169612e-02  3.313026204926e-02 
 4.527998413036e-02 -5.066134549277e-02  8.579900543688e-02 
 7.200442204995e-03  4.753523081573e-01  2.852804329276e-02 
 2.065288533772e-01 -1.568669859905e-01  1.376826602587e-01 
 1.080281930841e-01  2.717462160754e-01 -6.484308865760e-01 
 1.726011517023e+00 -8.861368106677e-01  2.727083709854e-01 
-3.411248990359e-01  1.842734409959e-01 -1.401948842911e-01 
 3.856189290850e-01 -1.238228496696e-01  3.047543079637e-01 
-2.346038685931e-01 -3.223290006649e-01  1.020387412945e-02 
 2.796873998769e-02 -3.034861371582e-01 -2.105233941761e-01 
 1.527983604564e-01  1.684995475693e-01  1.456828087868e-01 
 2.920182168661e-04 -1.020240460416e-01  3.346936961215e-01 
-4.533905414888e-01  4.433332848729e-02  3.488185887876e-01 
-3.297551067430e-02 -5.207179148055e-01 -1.544890945135e-01 
 6.654611158655e-01 -2.020645635757e-01 -3.892001122457e-02 
 1.485216494315e-01  1.123794019531e-02  2.380269162767e-01 
-1.945070202532e-01 -1.438087485022e-01  1.639404552700e-01 
 8.329097893231e-03 -5.861628494983e-02  7.893768423234e-02 
-2.663415473159e-01  1.732714914046e+00 -4.016735636598e-01 
 8.352336357120e-01 -4.585798381836e-01  4.200027832180e-01 
 1.184491732050e-01  4.484757469242e-01  1.122936062186e+00 
-8.423458571886e-01  7.816719503348e-02  1.043889974255e+00 
 1.631180695608e-01 -6.980832280525e-02  1.535767620033e-01 
-1.578031507507e-01 -4.908108045931e-02  3.207135289810e-01 
 5.924141457126e-02 -3.478096663726e-01  4.070124727492e-01 
 1.402963901363e+00 -4.014770030911e+00 -2.320979972445e-01 
 1.454914937304e-01  1.437155797195e-01 -5.906895853193e-01 
 3.272044779270e-01  9.725130874794e-01  9.102549169294e-01 
 3.534955331606e-01 -4.019905245674e-01  6.367469408376e-02 
-9.020343064677e-05  1.065075467547e+00 -4.048183819897e-01 
-5.000157476888e-01  3.644036429598e-01  2.703199581494e-01 
-6.981619969648e-03 -6.971761661591e-02  8.521192254129e-02 
-5.082714668793e-02 -1.175230579667e-01  1.473445406835e+00 
-4.962445385575e-01 -5.885533611694e-01  5.439214578481e-01 
-2.456904237306e-01 -1.366971700545e-01 -5.006951522967e-02 
-1.264383616881e-01 -1.275698734213e-01  1.356934900836e-01 
 2.676223347634e-01  1.043580400972e+00 -3.706673898814e-01 
 6.218626621760e-01 -2.843085539629e-01  6.441018931994e-01 
-4.072735489329e-01  1.011488819074e-01  6.108068313439e-03 
 3.197152933839e-01  5.189991242137e-01  3.485622381729e-01 
-1.513940067673e+00  6.170635893693e-02 -1.458946925983e-01 
-6.274420479508e-01 -2.334539685517e-01  3.124788807368e-01 
-1.713715102693e-01  5.232046754031e-01  1.509887959613e-01 
-1.086650381526e-01  3.200981860294e-01 -1.401030667149e-01 
 4.617167984412e-01 -6.302818793456e-01 -7.549088656347e-01 
 1.967200209023e-01 -8.440868928752e-01  5.292407435964e-01 
 5.300582560221e-01 -2.951388725574e-01  6.019069294393e-01 
-3.464889984566e-02 -2.812844322607e-02 -1.504232847272e-01 
 1.385273482178e-01  3.019402655470e-02 -6.802193938507e-02 
-1.330331498798e-01 -7.695468012541e-02 -1.354577851192e-03 
 9.170961175153e-02  1.342963657139e+00 -5.658958773829e-01 
 6.752119983457e-01 -2.635854546532e-01 -1.810448460635e-01 
-6.218992174257e-01 -2.575713415286e+00 -2.153175311969e-01 
 1.471095121142e-01  1.119380500610e-01 -1.459343522561e+00 
 5.159034647341e-02 -1.105598305633e-02 -7.257798253764e-02 
 6.366140098889e-02  2.549633405235e-01 -3.390967943495e-01 
-3.132907761244e-01 -1.333343011138e-01 -1.214203170320e-01 
-4.112396544248e-01  2.187838281228e+00  9.723626526854e-02 
 9.835124626238e-02 -5.615177992853e-01 -9.554782894654e-02 
 3.585138405755e-01 -1.285287082867e+00  4.095160358570e-01 
 1.406587286391e-01  1.172372845980e+00 -6.586781033809e-01 
 9.672484936552e-02  2.910412434214e-01 -1.716474235862e-01 
-1.000847555516e-01  7.340514536247e-02  2.273095569996e-01 
-6.156009060117e-02  1.179911345589e-01  6.197131952084e-04 
-4.342463648507e-03  4.781969401556e-02  7.457280114216e-01 
-1.380815510542e-02 -4.663477030338e-01  4.070703648395e-01 
-4.350348249551e-02  4.382222395359e-01 -2.035793128688e-01 
 2.540916475752e-01 -1.491086766392e-01 -1.280272440990e-01 
-6.137606675123e-01 -2.801834204022e+00 -1.390993905920e+00 
-1.090480411473e+00  1.436362651117e-01  8.444391777984e-01 
 2.515530154379e-01  4.635988030858e-03 -5.598034214562e-01 
 1.281961385064e+00 -3.288140019066e-02  1.226371556925e+00 
 4.567375708388e-02 -1.451153549013e+00 -4.437529844094e-01 
-1.594961242502e+00  2.525395299754e+00 -1.269250886498e-01 
-3.398639105532e-02  4.381214704164e-01  3.132072694997e-01 
-9.648142327323e-02 -5.773800169137e-01 -3.692662797482e-01 
-1.370128380095e-01 -7.070613476349e-02  1.672099708832e-01 
 1.832011005058e-01  4.539435403338e+00 -1.614290982650e+00 
-1.446413459582e+00  2.802943207162e-01  5.616886685516e-01 
-1.104493281683e-02 -1.853776234439e-02 -1.999539723316e-02 
 4.365342831275e-02  6.535460145027e-02 -4.990241109453e-01 
 1.437304291279e-01  1.467999852867e-01 -2.339941841841e-01 
 3.191529093772e-02  2.674208840246e+00 -1.044707625397e+00 
 7.497394708023e-01 -4.688152929966e-01  5.457577914191e-01 
orbocc
(*)
 0.000000000000e+00  0.000000000000e+00  0.000000000000e+00 
 0.000000000000e+00  0.000000000000e+00  0.000000000000e+00 
 0.000000000000e+00  0.000000000000e+00  0.000000000000e+00 
 0.000000000000e+00  0.000000000000e+00  0.000000000000e+00 
 0.000000000000e+00  0.000000000000e+00  0.000000000000e+00 
 0.000000000000e+00  0.000000000000e+00  0.000000000000e+00 
 0.000000000000e+00  0.000000000000e+00  0.000000000000e+00 
 0.000000000000e+00  0.000000000000e+00  0.000000000000e+00 
 0.000000000000e+00  0.000000000000e+00  0.000000000000e+00 
 0.000000000000e+00  0.000000000000e+00  0.000000000000e+00 
 0.000000000000e+00  0.000000000000e+00  0.000000000000e+00 
 0.000000000000e+00  0.000000000000e+00  0.000000000000e+00 
 0.000000000000e+00  0.000000000000e+00  0.000000000000e+00 
 0.000000000000e+00  0.000000000000e+00  0.000000000000e+00 
 0.000000000000e+00  0.000000000000e+00  0.000000000000e+00 
 0.000000000000e+00  0.000000000000e+00  0.000000000000e+00 