2mocoef
header
1
MO-coefficients from MOLCAS
1
48   48
a
mocoef
(*)
-1.240924432962e-04 -1.025787370168e-03  4.526252649362e-03 
 7.260962546185e-05  5.213556869533e-05 -8.872887999006e-04 
-4.675693116201e-05 -2.189731536384e-04  2.080126593370e-03 
-7.530768032525e-05  1.014169667235e-04 -6.532678326057e-04 
 1.378446755309e-06  1.132933928848e-04  1.001088412453e+00 
 5.264868685050e-03 -7.525121447722e-03  1.604146369815e-03 
-4.196359947053e-04 -2.612245838631e-03 -1.662506431025e-03 
 5.080423298283e-04  3.109307370989e-03  4.613765438888e-05 
-1.196684225335e-05  5.305274392087e-04 -2.814602551298e-04 
 8.550674396451e-05 -4.781566458014e-04  3.183107739195e-05 
-4.291811085983e-05  4.619904836573e-07  1.791930934615e-04 
 1.903782298876e-04  1.404021239051e-05  2.243625916316e-05 
 3.867778833125e-06 -7.028009503453e-05  9.126380871407e-04 
-1.718815078877e-04  3.866425352170e-05  7.316692519603e-07 
-4.639900337985e-05 -4.441196330319e-04  2.037871938842e-04 
-8.908236830874e-06  3.942285362218e-06 -7.119209162687e-06 
 1.001677863678e+00  1.005783927195e-02 -5.686716177935e-03 
 1.471400748877e-04 -3.547073416324e-04  2.374468675799e-03 
-7.295257332828e-04  2.150640250006e-04 -1.477628865745e-04 
-1.251671067530e-03 -3.082432776922e-04  7.291192815940e-05 
-5.251810448541e-05  1.259517875000e-03 -4.474366992265e-04 
 1.188019293458e-03 -3.320033901738e-03  9.595236689834e-05 
-6.667329268971e-05  5.843448593956e-05 -5.938484697423e-04 
 2.430082422625e-04  1.852491949556e-03  3.117642649294e-04 
 7.224144943377e-05 -2.636267715625e-05 -5.061027895460e-05 
-1.570353342184e-04 -2.317006279834e-03  2.963836119117e-03 
 5.039441528238e-04 -2.266513647443e-05 -3.870357472369e-04 
-8.740706577697e-05 -1.827790879600e-04 -5.076905770886e-05 
 5.871351571378e-05 -5.967437014273e-05  8.247142897171e-04 
-4.181079279388e-04 -1.740889797513e-04  1.881535600041e-04 
-2.528922617455e-04 -2.127352827091e-03  1.904748192226e-03 
-6.312524489610e-04  4.350295679436e-04 -5.152263259804e-04 
-2.529806043511e-02  5.391805881909e-01 -2.431573613056e-01 
-2.777273424200e-02 -2.483268920340e-02  2.639454540472e-01 
 6.695112597422e-03  1.279768654568e-02 -1.305467981743e-01 
 4.137589463845e-03 -5.359310869326e-03  3.152101339642e-02 
-5.035604140769e-03 -4.518364274490e-03 -1.141242797122e-02 
 7.279860119028e-01 -1.164226748470e-01  6.526167777453e-02 
-8.132513968703e-03 -2.217141857513e-01 -1.361114826096e-02 
 4.935861765057e-04  6.314407275471e-02 -2.312062091386e-03 
-1.617729342098e-03  1.939058402571e-02 -6.990435445016e-03 
 1.198345022087e-03  1.848682642088e-01 -9.599860305733e-02 
-1.845835332268e-02  4.518118852722e-03  6.418239307705e-03 
 1.748270911216e-02 -9.121538214392e-03  7.881620061983e-04 
-7.928723776447e-04 -6.032438363244e-04  1.275194016304e-01 
-5.907366597686e-02 -1.041467752042e-02  1.249075287719e-02 
-9.545359002000e-03  1.438968195367e-01 -7.818522362324e-02 
 1.525478103258e-02 -8.031573786174e-03  6.796608522403e-03 
 1.192293950893e-02 -5.468705505316e-01  9.685507402369e-02 
-3.309362517104e-01  6.476747107654e-02  3.395653671517e-01 
 1.368566783384e-01 -3.205149189243e-02 -9.341298076554e-02 
 1.078744716106e-02 -3.223904645460e-03  2.701673960654e-02 
-5.693114854699e-03 -1.061045226155e-02 -9.472583695573e-04 
 4.502621252298e-01 -1.262058332518e-02 -5.140406083027e-02 
-7.667895035841e-03  4.432452138694e-02  6.256592338644e-03 
 2.502345564881e-03 -2.676099899294e-03 -3.087603953644e-03 
-2.919332732707e-03  6.321399251995e-04  7.560896812985e-03 
-1.414060726539e-03 -6.457467571681e-01  2.721644538221e-01 
 3.715480729252e-02 -1.063002286591e-02 -3.397056904240e-03 
 2.540946785198e-02 -1.638359847894e-02  1.029408794868e-03 
-3.842013852638e-04 -1.029552631771e-03  1.079543339490e-01 
-4.409382767444e-02 -9.171316828560e-03  7.818888807596e-03 
 7.789012249083e-04 -1.486212713120e-01  8.546470534713e-02 
-1.621421464460e-02  6.473343612039e-03  1.460541720426e-03 
 2.364895782125e-03  2.779709646328e-01 -2.000473958915e-02 
-5.444842005581e-01  2.665601988429e-01 -1.409603245005e-01 
 1.763239559683e-01 -7.793546894690e-02  2.562190318957e-02 
-2.951397712175e-03  7.551268490021e-03 -8.124456352080e-03 
-1.063560380740e-02  3.758058604216e-03  3.728680765374e-04 
-1.536092445019e-01 -2.083164204884e-02 -2.368001136231e-01 
 1.450253376818e-01 -1.186716442398e-01  3.095994470547e-02 
-1.809280813894e-02  2.587056403021e-02  5.376063607551e-03 
-7.976245718372e-03  9.796980708481e-03  1.497899651707e-02 
-4.854886827454e-03 -2.990463524270e-01  1.115285151015e-01 
 1.083065336673e-02 -6.512703338753e-04 -6.837244343680e-03 
-2.260802858501e-03 -5.638655718580e-03 -7.201516369437e-04 
 8.965073958936e-04  2.683055144895e-04 -1.883170796314e-01 
 9.249337779051e-02  9.885591901923e-03 -1.388597911906e-02 
 1.246614431112e-02  5.805889281531e-01 -2.512951395608e-01 
 2.860407152062e-02 -1.468793662279e-02  9.063717478965e-03 
 1.445038729372e-03  2.026779947607e-03 -5.853491272325e-02 
 2.781884782697e-01  2.373633329827e-01  2.698284060104e-01 
-3.617901998948e-02 -4.347678776828e-02 -7.732415648704e-02 
 3.518913039849e-03  4.585972531144e-02  2.024498121062e-02 
-7.276595460211e-03  1.683483720563e-03  2.282448686576e-03 
 1.011028030546e-01 -5.074719219316e-03 -8.146469477098e-02 
 6.512032463131e-01 -1.395242097733e-01 -2.637354694007e-02 
-1.887025551180e-02  4.323737162797e-02  1.919410251802e-02 
-1.988194692251e-02  8.859042487202e-03 -1.690516429970e-02 
 2.947469432824e-03  1.250001869529e-01 -5.018610650052e-02 
-2.244137756998e-03  9.436355167109e-03  5.514792888369e-03 
 6.061372167451e-02 -3.089204014827e-02  2.082577391835e-03 
-1.643574612168e-03 -1.581273070641e-03 -4.503393144022e-01 
 1.320345761330e-01  2.091609561381e-02 -1.408148607536e-02 
 1.429764042899e-02 -2.580265708296e-01  8.497474269812e-02 
-5.352417844604e-03  1.039169820581e-02 -3.306573448452e-05 
 3.079508736033e-03  6.360627042758e-02 -7.972954460175e-02 
-1.006150856657e-01  2.570386347977e-01  2.695912212254e-01 
 1.014013863848e-02 -2.332149565482e-02 -9.015242528873e-02 
-5.007912974271e-03  3.710853298561e-03  2.428133048375e-02 
 4.099430090710e-02 -8.592812855889e-03 -6.417039332803e-03 
-2.897788182393e-01 -8.497434531532e-02  7.170667878559e-01 
 5.560052783692e-02 -3.488503537459e-01  1.042797156059e-02 
-1.179238810439e-02  3.940960923747e-02 -3.856597183123e-03 
-1.523069479820e-02  4.424781853386e-03 -1.389601643838e-02 
 7.839198168771e-03 -2.577273061741e-01  8.238060101547e-02 
 8.648508977750e-03  2.823437789790e-03  4.642323365403e-03 
-1.464153264596e-01  5.689435169864e-02 -7.011727390800e-03 
 5.673228329847e-03  6.440876870464e-03  2.561176514290e-01 
-4.554045250454e-02  1.313391111459e-04  1.402724737356e-02 
-1.095663418487e-02  1.622458145594e-01 -4.659051976944e-02 
 5.565505629555e-03  1.660125135233e-03  5.844973558985e-03 
 3.290516575626e-03  1.130716234573e-01 -1.065103032151e-01 
-7.094744424919e-02 -3.665746517790e-01  4.095595083418e-01 
 4.032268095523e-02  4.998760253456e-02 -1.333981863416e-01 
 1.227932653611e-02 -2.615483792768e-02  1.702435142040e-02 
-2.777854239719e-02 -5.368896480768e-03 -1.979026099867e-03 
-1.788454579820e-01 -9.594106864135e-02 -2.264454413904e-01 
-2.345977067604e-01 -6.514385759699e-01 -2.359616223715e-02 
 7.160473634067e-03  8.942528748480e-02  4.242652023096e-03 
 2.308341141807e-02  3.001533226606e-02 -6.195020868883e-03 
-4.644357646754e-03 -1.567794649898e-02 -1.265032917376e-02 
-3.027864740137e-03 -7.737751726937e-03  5.874192829265e-03 
-5.634968564427e-02  2.673813239118e-02 -3.391992340598e-03 
 2.185007083622e-03  3.645606410639e-03 -2.766401282855e-01 
 7.534153896292e-02  7.312860851775e-03 -1.736447922691e-02 
-4.305344414064e-03 -2.332342307574e-01  7.872225823995e-02 
-1.093194813927e-02 -2.221503585531e-03  1.593662794542e-03 
 1.286381117342e-03  9.808638115093e-03 -8.337440734118e-02 
-2.315831803664e-02 -7.062408228487e-02  6.902316712601e-02 
 2.471663115250e-02 -1.631454923695e-02 -1.894772529357e-02 
-4.371509910508e-03 -1.150708045223e-02 -1.898331976351e-04 
 1.420534687536e-02 -3.651102771582e-03 -8.162057595530e-03 
-2.726627157408e-01 -1.211266033692e-01  1.822908146404e-01 
-5.384899205731e-02 -1.773529521151e-01  1.875238910277e-02 
 1.080173924264e-02 -4.449403369713e-02 -1.463550584769e-02 
 8.991070220270e-03  1.529919254341e-03 -1.061042406627e-02 
 3.452783309704e-03 -3.535944653590e-02 -1.425045828519e-02 
-1.459771101533e-03 -2.608496790921e-03  4.839179661482e-03 
 1.024676172853e+00  4.489200786092e-02 -1.571016660170e-03 
 4.752974298709e-03 -4.081857780756e-03  1.463376023717e-01 
 1.074549119464e-02  1.482855012906e-03  2.237177727140e-03 
-9.355077761703e-03  4.742001221255e-02  4.452811308539e-02 
-2.159271062741e-03 -2.462644296186e-04  2.228790977493e-03 
 6.618496977303e-03 -5.352437332761e-02 -3.150201332908e-01 
 1.513956387680e-01  4.964839092241e-01  1.399997731130e-01 
 1.940763591893e-02  2.686017537179e-01  5.951162959834e-02 
-1.799574853087e-03  6.396212900431e-04 -1.204280940818e-02 
-2.615723908627e-02  4.455072931272e-03  5.766288138851e-03 
-1.447826910451e-01 -2.161475662557e-01 -4.426536944008e-01 
-1.471846287711e-01 -1.808592016030e-01 -2.079463751379e-01 
-9.400590789377e-02 -1.305143252704e-01 -5.802926685449e-03 
-1.991383389046e-02 -7.097945014535e-04  5.390182599286e-03 
-6.557434049413e-03  1.486904748155e-01  2.650838338477e-01 
 6.655443189800e-03  1.646409834198e-02  6.278973975509e-03 
-3.104510758271e-02 -2.443834789823e-02 -4.546828608050e-03 
-2.228521650084e-03 -2.847150571968e-03  3.859802120940e-01 
 4.121058983125e-01 -1.186112587472e-03 -1.457939773974e-02 
-1.419586367623e-03 -3.930008972360e-02 -6.085877483724e-02 
 3.886965438356e-03  1.613041444883e-02  1.067933724239e-02 
 4.417621958317e-03 -5.176866899107e-02 -3.413073743196e-01 
-2.481251836584e-01 -3.334198372729e-01 -1.334165000401e-02 
-3.129895173288e-01 -2.196387404685e-01 -4.336916975503e-03 
-5.505940666944e-03  2.652729053152e-02 -5.733714268318e-03 
-1.455725326983e-02 -1.296980482792e-03  8.319442552020e-03 
-1.036498103767e-01 -2.386577832202e-01 -1.065220818789e-01 
 5.347908036300e-01 -3.669039825730e-02 -2.193059822470e-02 
 3.354492660647e-01 -6.478313988641e-02  3.965392118663e-04 
-2.794607780834e-03  3.036311274466e-03  1.391180302123e-02 
 2.335453544235e-03  5.626967567636e-02  5.639764986290e-01 
-5.541628813773e-03 -1.907968205575e-02  2.657921236228e-03 
-8.497745691308e-02 -1.288902831034e-01  3.024837537945e-03 
 2.718594312325e-03 -1.351916158996e-03  2.626683727929e-01 
 5.849931560399e-01  1.775494393360e-02 -2.337124428817e-03 
-1.330875819740e-03 -5.562903800492e-02 -1.649007394688e-01 
-7.553766242857e-03 -1.165089113928e-02  4.247075772671e-03 
-2.305153940086e-02  3.431860167374e-01  1.464333865613e+00 
-1.058642377797e-01  1.158080983557e-01 -2.407282338669e-01 
-1.539403455880e-01  1.701882745843e-01 -3.935583882457e-01 
 6.051514118040e-03  7.516071290806e-03  4.326527068517e-03 
-1.173187978940e-02 -9.446859990265e-03 -1.154223220344e-04 
-2.312872932987e-02  1.698956032241e-02 -3.169525712427e-02 
 4.729180347895e-02 -7.718481412715e-02 -2.000748915711e-02 
 2.167564993545e-02  1.460799165303e-02  2.437427947710e-03 
-5.688244641396e-03  1.194508596701e-02  2.250605896169e-03 
-1.010637858909e-02 -2.005974559585e-01 -8.344192992580e-01 
 3.220082987399e-03  2.493817296470e-03 -1.650122497917e-02 
 9.360994430934e-02  8.886414572656e-02  2.931152282580e-03 
 3.252489541241e-04  8.874630660883e-03  1.437331198873e-01 
 3.362045244464e-01 -6.836190391878e-03 -5.869932138055e-03 
 1.064429776188e-02 -3.022472005293e-01 -1.451302214691e+00 
 2.576310769804e-03  3.021902014206e-03 -8.826266661867e-03 
 1.513241075062e-02 -4.709044614967e-02 -1.012542463480e+00 
-3.841118506553e-01  1.293428950112e-01 -1.474386031162e-02 
-1.288818393749e+00  6.006283207307e-01 -2.318323292639e-01 
 2.224589232015e-02 -1.787570900383e-03  1.024588745811e-02 
-1.345394758320e-02 -1.513848451691e-02 -1.412304217275e-02 
 4.566351380912e-02  3.953878158266e-01  1.265199059706e-01 
-1.666147396890e-01 -8.904574838761e-03  3.168800448295e-01 
-1.892902582450e-01 -2.897104391693e-02 -1.092510777049e-03 
 6.662022777712e-03  1.418724368484e-03 -1.783020311441e-03 
 3.961655364739e-03 -1.041546579824e-01  2.764415830795e+00 
-9.444303882052e-03  6.008444240407e-03  5.049373938748e-03 
 9.717232672388e-02  1.625949930087e-01  5.739784685850e-03 
-3.691781492343e-03  2.642446516122e-03 -1.529123323390e-01 
-5.602729675660e-01  8.345180058323e-03  2.389477918189e-03 
-4.479454627608e-03 -4.100194796432e-02 -1.471921364906e+00 
 8.450773508600e-03 -5.450172024440e-03 -4.081355264883e-03 
 2.774714529454e-02 -2.801467916105e-02 -2.271015182476e+00 
 8.712674765784e-02  7.677629481566e-03 -6.819135357742e-03 
 6.558831793203e-01 -2.520023424448e-02 -2.010283838082e+00 
 5.365065342370e-02  1.382449617720e-02  1.399321409609e-02 
-8.001722483475e-03 -6.160952192459e-02 -5.817474895983e-02 
 3.207950053481e-02  2.162551830538e+00 -1.392104028582e-02 
 7.175044007993e-02 -2.731829672864e-01  2.387738763566e-02 
 1.078663598222e-01 -8.365003862425e-01 -5.683741819725e-03 
-8.100941152307e-03  3.347376533618e-02 -1.147590271530e-02 
-3.358917341062e-03 -2.704872957175e-01 -1.485824102841e-01 
-3.097156302999e-02  8.880547551466e-03  4.316642443000e-04 
 5.223012812650e-02  5.478033155701e-02  1.078639829988e-03 
-3.164669445131e-03 -3.542601031905e-04  9.073766239090e-02 
 4.068099615366e-01  6.673329509784e-04 -1.139091584129e-02 
 1.254968743296e-02 -3.985040082111e-01  1.079944650857e+00 
 2.803358773352e-02 -9.179232561556e-03  7.461334069404e-03 
 5.738855917125e-02  1.333898140031e-01 -1.275116728588e+00 
 1.585928315296e-03  2.218379116250e-01 -1.665974795653e-01 
 2.607992744550e-01 -4.229296076317e-01 -3.792999459167e-01 
-1.222848806074e-01  1.164772333519e-02 -3.438427449243e-02 
-2.446350080191e-02  9.403903027070e-02 -6.100110620446e-02 
-1.627846711470e-01  1.352347271324e+00 -1.702560241562e-01 
 2.044698294101e-01 -2.825411066550e-02  1.035698156609e-01 
 7.847528945817e-03 -5.352249918101e-01 -9.331319703793e-02 
-3.832426296996e-02 -1.375644964614e-02  1.739988395730e-02 
 1.466922762023e-02  4.961467323055e-01 -3.482239329977e-01 
 5.837614794127e-02 -2.190492247372e-02 -7.963822709305e-03 
 4.828455409982e-01 -4.575037168421e-01  4.450529810433e-03 
-3.079047521788e-03 -3.132506765507e-02  1.649361895284e+00 
-1.807588327724e+00  4.267340518692e-02 -2.352164434128e-02 
-2.130325790462e-02  5.438742758803e-01 -2.473433092385e-01 
-2.653362833726e-02  1.093188662017e-02  2.264510074108e-02 
 2.260335387207e-01  7.672683309551e-01 -2.102427617760e+00 
 1.441833812969e-01  4.532131645529e-02  3.982969166009e-01 
-2.752685072357e-01  1.056341413813e-01 -1.375224100229e+00 
-1.516786880132e-01 -4.608993388013e-02 -9.665808358280e-02 
 7.366002700163e-02  1.488909148553e-01  2.665769544346e-02 
 2.358743201738e-01  9.725050098647e-01  1.471670673436e-01 
-1.137485441809e-01 -1.948274183145e-03 -9.314152768484e-02 
 1.645913606782e-01 -3.618455847271e-01  1.493403777469e-02 
-4.526377599433e-03  7.403695421205e-02 -3.394673747092e-02 
 2.478635015534e-02  7.794525114018e-01 -4.912668910620e-01 
 8.117040487164e-02 -2.559139537454e-02  1.685457025096e-02 
 1.075897004634e-01 -2.625263382688e-02  3.186492180380e-03 
-1.725939044152e-02  4.191335625188e-02 -8.845410582186e-01 
 1.360617783354e+00 -2.742246263029e-02  4.133587067126e-02 
 1.485279294650e-02  1.103177662358e+00 -1.211432030809e+00 
-9.214692013363e-02  4.565852377483e-02 -1.788022668558e-02 
 6.338751643731e-02  2.478631451458e-01 -6.304345159862e-01 
-4.773335699836e-01 -1.289106052522e+00 -1.786158313421e-01 
 5.909653409965e-01  1.609634339180e+00 -9.305810449202e-02 
-2.820171800123e-02 -2.702209687766e-02 -3.332505667052e-02 
-5.150705403601e-02  5.152662071155e-02 -1.157433060336e-02 
-2.589043122750e-02  4.042329061866e-01 -2.023570084914e-01 
-1.677113409797e-02 -5.794629991631e-02  2.432288006905e-01 
-4.078222160882e-02 -1.443856234661e-01 -3.067664930943e-02 
 6.313041783710e-02  2.416941777332e-02  3.317233925747e-02 
 8.711395144876e-03  1.959700387188e-01 -2.392115140392e-01 
 8.643912691280e-03 -7.977506848064e-02 -7.114696378323e-03 
-1.187276487061e-01  1.616401269385e-01  2.704479755887e-02 
 9.796496034188e-03 -1.325377099163e-02  1.929590614717e-01 
-3.853991467744e-02  4.937491232384e-02  1.680393429455e-02 
 3.071140345914e-02  1.583807574461e-01 -1.340857558174e-01 
-2.887029447233e-02 -2.715830802338e-02 -5.965762732633e-03 
 4.305510810543e-02  1.415366663523e-01 -7.659841704930e-01 
 4.949358846600e-02  1.543323720244e-01 -4.959172380470e-02 
-5.328304021596e-01  5.032749951606e-03 -3.426145818710e-01 
-2.883953353210e-02  9.194145996394e-02 -2.080487087438e-02 
-1.007616777879e-01  6.308695793157e-02  1.457005776252e-02 
 1.036547705931e-01  1.781110841671e-01 -1.781142881566e-01 
 2.211188658527e-01  1.933688432672e-02  6.366268913190e-01 
-4.559024217480e-01 -3.796004687424e-01  1.862748838788e-02 
-3.981859052939e-02  8.267598018009e-03  3.839630120413e-02 
-2.890639146142e-03  3.880540208042e-01  7.189247138548e-02 
 5.220912771044e-02 -7.419225130474e-03 -3.048684689192e-02 
-1.777567926523e+00  2.418631461058e+00 -1.635335440321e-02 
 9.628985124773e-03  1.724538456628e-02  1.721610901352e-01 
-3.727360749369e-01  1.941824754275e-02 -2.749674704703e-02 
 7.042569128399e-02 -2.310449253117e-02 -3.555133395696e-01 
-1.371563163672e-03 -6.499558297212e-03  4.084518891559e-02 
-5.291590119220e-02 -2.946022782208e-01 -1.762139990956e+00 
 1.123895484923e-01  7.277750817532e-02 -1.143689986853e+00 
 3.589142514777e-01 -1.391514237218e-01  2.430000000132e-01 
-4.387393736568e-02 -9.663786557097e-02  1.255904063370e-01 
 6.770965648843e-02 -4.364031815248e-02  3.529111461944e-02 
 5.242826413814e-01  6.464348337237e-01  1.822095375341e-01 
-2.069377032630e-01  2.287562618655e-01 -2.354703191171e-01 
 4.954951347544e-01 -1.726978842208e+00  5.165930379515e-03 
 3.072899987394e-02 -8.279286639936e-02  1.568869351829e-03 
 2.666773672894e-03  2.577641764579e-02 -1.181186017259e-01 
-6.166660816240e-02 -3.639149890400e-03 -3.239649969395e-02 
-8.261971740463e-02  2.768262632373e-01 -2.225054913910e-02 
 3.146101470033e-02 -7.388556350041e-02 -5.108928521179e-01 
 1.032335946659e+00 -3.607898019715e-02  6.297769664059e-02 
-1.546151757614e-01  3.640044734414e-01 -7.798334550208e-03 
 2.448431789079e-02  1.563640845122e-02 -2.277886399951e-02 
 1.203338346171e-01  5.312912437169e-01 -3.314290506886e-01 
-1.167607241103e+00  5.117342686769e-01 -4.439867202513e-02 
 3.700688219483e+00 -1.564144353661e+00  2.309328989216e-01 
-6.182054315045e-03  7.580331176294e-03 -2.435326038720e-02 
-8.616297129267e-02  4.599049631008e-03  3.500163351289e-02 
 1.551034775659e-01 -1.203764155687e-01 -1.079097254653e-01 
-8.924966548944e-02  5.492491818229e-02 -2.676613327677e-01 
 2.687738083965e-01  5.382826189517e-02  1.221003144912e-02 
-2.283931810383e-02  4.401290445470e-02  4.709767053309e-02 
-1.008774279112e-02 -1.749142124227e-01 -2.287851319266e+00 
 1.357664285138e-01 -6.762918119244e-02 -8.417981084216e-03 
 2.910145640165e-02 -9.384489505325e-02 -1.421478433964e-02 
 4.385082378505e-03  5.155718831040e-02 -3.710668069455e-01 
 3.657730676870e-01 -7.120826069040e-03  1.895894161001e-02 
-3.646974881076e-02  1.772842012328e-01  2.208255095319e+00 
 1.716554714460e-01 -5.766632439231e-02  5.317017531900e-02 
-5.056997812005e-01 -2.231029090874e+00  3.967237929852e+00 
-2.081961028132e-02 -8.158465158626e-02  4.451985766725e-01 
 1.082264631496e+00 -1.817385750447e-01 -8.567457460405e-01 
-2.494468403695e-01 -5.673394771474e-02 -2.350814339241e-01 
 1.231651608912e-01 -1.650763233747e-02 -1.153283705151e-02 
-7.860316736854e-02  1.933782458259e-01 -2.783620930417e-01 
 1.245149159027e-01  2.727238273918e-01  3.746042471837e-02 
 3.369635419709e-03 -5.369050620028e-01 -1.107796514861e-02 
 3.097346527860e-02 -5.469196558010e-03 -6.381800991957e-02 
-4.339147833575e-02 -8.626248894023e-01 -1.174508290805e+00 
 1.096561385170e-01 -1.076874682939e-01  6.493735642510e-02 
-2.744474873361e-01  4.948241526736e-01  3.845969459895e-02 
-1.250926544377e-02  5.722741965163e-03  2.350084568281e-02 
 1.226315242120e-01 -1.558199563208e-03 -6.728669096921e-02 
-1.776902846386e-01  5.233120517153e-01 -9.919369616830e-01 
-1.446434293523e-01  1.714201471938e-01 -9.143000617885e-02 
 3.544597935803e-02  1.638130982469e-01 -1.191975247713e-01 
-2.707643969838e-01 -2.770917460534e-01 -1.181626164740e-02 
 9.500961771341e-01  4.965112537122e-01  1.668130589091e-01 
-6.319175928480e-02  1.551664713784e-01  5.130837969732e-02 
 1.427092539917e-01 -5.541708940861e-02  1.050282424962e-02 
 3.157470525240e-02 -8.084537131454e-02  8.962833029919e-01 
 9.266211480103e-01  1.929935988717e-01 -1.379851616613e+00 
-1.297361266124e+00 -2.121396462131e-01 -3.718411401986e-03 
-1.933044293707e-02  8.658400627076e-03 -2.358338791213e-03 
-1.972416254504e-02 -6.221371379979e-02 -1.965709298178e-01 
-2.579929558143e-02 -3.208809494124e-02 -6.738439536714e-02 
-3.722179056981e-02 -6.458685338747e-03 -7.304065428899e-02 
-7.850679043127e-02 -1.208400258251e-02  1.672907144171e-02 
 3.078149877765e-03 -9.040814317592e-02 -8.208878462689e-02 
-8.187332753777e-03  1.016786398637e-01  2.130220444826e-01 
-4.088454174673e-03 -8.021454891989e-03  4.290989930787e-02 
 4.261483979758e-01  2.088201361659e+00 -3.709385387134e+00 
 1.769366326226e-01 -8.185596964292e-03  2.857168796616e-02 
-1.035348563859e-02 -9.034760848613e-02  7.627637194068e-02 
 2.050843804268e-02 -3.418673345002e-02  4.316407541519e-02 
 1.279464601648e-01 -3.091008518394e-01  2.019003351314e-02 
 4.657080900898e-02  3.115700411032e-01 -5.275840019657e-01 
 2.861986815990e-01  2.513555850481e-01  4.902581338396e-01 
-3.925989804197e-01 -1.619161349605e-01 -3.982007295092e-02 
 1.597959805831e-02  7.339926988049e-02 -1.077706556978e-01 
 5.746803481984e-03 -6.100042531120e-01  1.529926656597e+00 
-2.956258319362e-01  2.152557941496e-04  1.882014383884e-01 
-1.315295939358e-01  2.582756227007e-01  4.951728168931e-02 
-7.276835560368e-02  2.019797310342e-02  1.305731346831e-01 
-4.510101551762e-01  1.039704380948e-01 -8.508810648124e-02 
-7.604970962247e-02  6.208319951076e-01  2.565447192718e-01 
 1.553266997525e-01  1.974895344309e-02 -6.693796371485e-02 
 8.632123794624e-02  6.136327856135e-01 -1.989378669785e+00 
-1.270673007832e-02 -5.505452390041e-02  4.125560185232e-01 
-3.031155452608e-01  1.553168002676e-01 -1.089566149135e+00 
-7.538580819193e-02  5.403003564173e-02 -3.353858121002e-01 
-4.646698939037e-02 -2.422399010480e-01  1.919040254561e-02 
-2.358755764410e-03  8.804418369510e-01  2.950628019872e-01 
-4.982446803082e-01  8.283171362576e-01 -2.646209474412e-01 
 7.787166474235e-01 -1.393135485794e+00 -5.806732519654e-02 
-5.869514704972e-02  1.374278879269e-01  2.900238248817e-02 
-5.384749087460e-02  3.090585302875e-01  1.248302250048e-01 
-8.036739327887e-02 -6.876887577040e-02 -6.475840164747e-02 
 2.257023044973e-02  1.327778005881e-02 -2.591701454050e-02 
 7.796981053869e-02 -6.195424444417e-02  2.135328366415e-01 
 3.424814779635e-01 -1.364597045622e-01  6.658985587141e-02 
 5.906390763675e-02 -5.408537415360e-01  2.950258095279e-01 
 5.126931670157e-02  8.148459573064e-02  2.359883595326e-01 
-4.556425425159e-02 -3.881237432528e-02 -1.245544399110e+00 
-1.043697859948e-01 -3.903277651190e-02  8.731124793114e-02 
-5.097780998955e-02  3.411572045103e-01 -9.010122844694e-01 
 3.397299349638e-01  7.137836648787e-02 -2.340347507791e-01 
 1.608631520144e-01  2.716943316611e-01 -2.514460928020e-02 
-5.170974435297e-02  1.231456589652e+00 -2.349195252260e-01 
 2.631458607304e-01  7.155827644014e-01  4.987804847992e-01 
-4.522960767369e-01 -1.512856768373e+00  5.054336304696e-02 
 1.038060821584e-02  5.922220375722e-02 -2.493147088283e-02 
 9.255005583844e-02  1.136133279383e-01 -7.972528273051e-02 
 9.228687666356e-02  1.469742050974e-01  1.693640705457e-01 
 3.374073769394e-01  3.336521964461e-03 -4.871279759219e-02 
-9.376737399411e-03 -1.534696803016e-02 -1.820202045601e-01 
 3.248234048659e-01  1.224178329748e-01  4.157834810648e-03 
 3.288651942380e-02 -2.900203850549e-01  1.040751113159e-01 
-3.481153943856e-02 -2.241442978225e-01 -6.227432235781e-02 
 3.493630818061e-02  2.486674415863e-01 -8.252308760121e-02 
-1.434704384010e-01  1.139448732249e-02  1.872197668479e-01 
 1.580126178211e+00 -6.402714675485e-01 -4.730270883225e-01 
 5.017638227366e-02 -1.294126814165e-01  5.692869071048e-02 
 2.594305401879e-01  1.559605732074e-01 -1.515163348914e-01 
-8.137589211965e-01  1.007205273004e+00  5.213719384726e-01 
-5.545988726907e-01 -5.601785066515e-02 -1.388328259500e+00 
 1.137074694168e+00  4.215929792646e-02 -9.328690372843e-02 
 1.658701015606e-02  1.237154150762e-02 -5.982034121561e-02 
 1.327133096452e-01 -5.694420667343e-01 -6.140840303918e-01 
-8.344154571594e-02  9.242583756555e-02  7.993374682404e-02 
-9.801680674555e-01  6.370812003122e-01  1.151173875470e-01 
-1.732611572450e-01 -1.630966122264e-01  6.297057921143e-01 
-1.487933038660e-01  9.853169244839e-02  1.270611056093e-01 
-1.813867434513e-01  2.737924706671e-01  3.455773638534e-01 
-8.309586381734e-02 -1.337790254534e-01  1.663774640161e-01 
-2.880989551427e-02 -1.565751936971e-01 -2.959010328412e-02 
-5.061174005348e-02  1.063364170355e-01 -2.213088847211e-02 
-1.993949721175e+00  8.223900646287e-01 -2.546183874370e-01 
-2.171595083153e-01 -1.942951176385e-01  2.976882974751e-02 
 5.811877331192e-02 -2.712268591436e-02 -1.010361385720e-01 
-4.750872731981e-01  5.549446773746e-01  1.221435276689e-02 
 2.610115634910e-01 -4.771278171124e-02  4.116239111235e-01 
-5.355854326397e-01  9.253102801441e-02 -6.864978929968e-02 
 4.867697203707e-02 -3.276590517431e-02 -3.554828798870e-02 
 1.066368119586e-01  1.308279353553e+00  2.531426047543e-01 
 1.701045196713e-01 -2.335350384508e-01  3.195790699904e-01 
 1.542601376820e-02  1.427790159470e-02  2.571121203063e-02 
-8.662474775229e-02 -1.145710538658e-01 -2.036520053192e-01 
 8.471513514308e-02  2.078181084746e-01  2.026535249488e-01 
-1.390211012010e-01 -1.569756832296e+00  3.373598524990e-03 
 2.713944368812e-01  5.811498960602e-02 -1.275860597207e-01 
-1.006516822153e-01 -3.868126220537e-01  8.075591379352e-01 
 1.133464355762e-01  4.277153720566e-02 -4.376738230185e-02 
 5.949540094074e-01 -2.076412080281e-01  3.653258782312e-02 
-3.630839301024e-02  2.654842011535e-02 -3.117505088855e-02 
-2.220484617354e-01  8.064201850537e-03 -1.497924165152e-02 
-4.028897277556e-02  3.096874076308e-02  5.416742522260e-03 
 2.313353083799e-01  2.449210563042e-02 -7.738468210563e-02 
-4.225538776540e-01 -1.779939969454e-02  3.670883602500e-02 
-2.521348110634e-02  6.795806139827e-03  1.006292669911e-01 
 2.821852887065e-01 -7.302803354305e-01 -8.749760664743e-02 
-1.358603736822e-01 -1.730432669554e-02 -3.068033295228e-02 
 2.184574779987e-01 -1.757152244294e-01 -2.375922240148e-01 
-1.832954515844e-01  8.619905653633e-02 -2.562234752829e-01 
 1.311270075845e-01  4.574962794536e-01  4.977035535870e-01 
 1.099145177630e-01  4.369048561941e-01 -8.859129645627e-02 
-7.993874276409e-02  1.246551637640e-01  2.307475711137e-01 
 5.038867145911e-02  2.202966269888e-01 -3.739199603997e-01 
 4.559752821783e-02  9.314967078394e-02  6.799266696484e-02 
-1.951269210768e-01 -1.953291268105e-01 -8.267750480880e-02 
 1.501797637394e-01 -6.664199267892e-01 -1.930303973268e-01 
-3.645102999400e-01 -2.009317950717e-02  1.496851933728e-03 
 6.762240696329e-03  6.239177629454e-02  3.005395435970e-01 
 5.050617113978e-01  1.105337275478e-01 -2.885324538392e-02 
-2.314530703845e-01 -1.968855275599e-02 -4.273333137079e-02 
 1.968490650800e-01  5.979582536329e-02  5.728104069634e-02 
-6.130674684559e-02  2.613833824864e-02  9.579217512953e-02 
 2.017686440927e-02  1.722043311793e-01 -1.085543020399e-01 
-7.232924215761e-02  9.524773774459e-02  2.171472293625e-01 
 5.500050889228e-02  6.242550263928e-02  1.025404532619e-02 
-5.333122544535e-02  6.923987859085e-02 -1.220312617587e-01 
-1.704743485464e-01  6.233146775446e-02 -2.084116025183e-02 
-1.305444056307e-02  6.648893920019e-02  5.915563592571e-02 
-1.491549121873e-02 -1.196787220201e-01  3.128914640692e+00 
-8.038032877087e-02 -4.840992455725e-02  5.165620433819e-01 
-8.022234372493e-02 -2.076134251941e-01  1.302660682913e+00 
 1.243553289894e-01 -1.154642379211e-01  2.609152482438e-01 
 9.017868527683e-02 -1.275321394953e-01  6.695736365184e-01 
 2.863372417222e+00 -5.835810017466e+00  2.324718278358e-01 
-2.656918308566e-01  2.865546742351e-01 -8.087854934013e-01 
 4.852141781985e-01  9.608169092089e-01 -6.554628314001e-02 
 5.732824559608e-03  7.734312469205e-02 -5.647432227432e-02 
 3.707222381265e-02  3.031412742979e-01 -4.726188035600e-01 
 1.309654443803e-01  2.582494511942e-04 -1.674929495624e-01 
-1.832025659246e-01  1.173895789834e-01 -6.589682552683e-02 
-1.018297371705e-01 -2.417542106187e-02  9.062225930112e-01 
-4.906748241691e-01  1.953345481325e-01  9.666797503589e-02 
 8.534487778400e-02 -5.694213434857e-02 -1.810474052746e-01 
 2.683636741283e-02  5.283518932124e-02 -2.982798670630e-01 
 2.067646387834e-02  3.968540363620e-02 -1.210566657766e+00 
-5.424776078518e-02  3.374586133309e-02 -1.189310924423e-01 
 1.006424413604e+00 -5.900836151936e-01 -3.733925272062e-01 
 1.410645440998e-01 -2.072420723364e-01 -2.251359830405e-01 
 1.446820332654e-01 -1.699240217116e-01 -2.127994968833e-01 
-9.038008440706e-01  2.101468631710e+00  3.855005324738e-02 
 1.145891787682e-01 -1.854711877735e-01 -1.903650541188e-01 
 1.724654160949e-01 -4.798359005874e-01  9.862837389120e-02 
 1.505320978800e-02 -3.176789049104e-02  6.735580596317e-02 
-1.893803147496e-02 -1.354317309265e-01 -3.403305875572e-01 
 5.945227882718e-02  1.106815154851e-01 -1.092172535417e-01 
-2.283581663926e-01  2.269324361525e-01 -2.243601396020e-01 
 1.464298301571e-01 -5.268220931081e-01  5.206355249030e-02 
-1.090610173210e-01 -7.213713617263e-02  1.119924234061e-01 
 5.527636560208e-01  7.650644568749e-01 -2.200379074218e-02 
 1.256863445939e-01  1.643407758454e-01 -2.368012254477e-01 
 8.392523904027e-02  2.537387372938e-01 -2.739473969198e+00 
-2.960125830109e-02  3.128063187969e-02 -3.334046088817e-01 
-2.502946124885e-01  9.664812938933e-02 -7.856471211494e-01 
 1.665763490612e-01  1.495026746393e-01 -3.250369664264e-01 
 1.139405106346e-01 -1.641203054148e-01 -2.935568814148e-01 
-1.116002371898e+00  3.395663208114e+00  2.357437626709e-01 
-3.705420558254e-01 -1.058443624342e-01  1.507985262200e-01 
 3.528748975394e-01 -9.302178043231e-01  3.097463628749e-01 
 1.111703567253e-01 -6.862044194364e-02 -5.151077892921e-02 
-5.855093428160e-02  7.408608866175e-01 -4.898236915627e-02 
 8.258629553068e-02 -5.029568320234e-02 -2.032736616883e-01 
-5.850085296716e-02  7.268554249296e-02 -3.467025979107e-02 
-4.234840640042e-01  3.387578783929e-01  7.603367856710e-02 
-1.510880100513e-01  3.438536071151e-01 -3.418700452364e-01 
 7.239854826391e-02  1.093349781512e-01 -2.949128720838e-03 
 1.176918992313e-01  1.705727248765e-01 -1.371748677593e-01 
-1.276888710173e-02 -3.174940382949e-02  4.992188553529e-01 
 4.016349253220e-02 -6.247112949771e-02  9.897219921498e-02 
-6.003238145407e-01  3.474362843476e-02  9.922977621580e-02 
-4.284158687292e-02 -2.066912916852e-01  1.976339341206e-02 
-1.699645162910e-01  4.499129293534e-02  6.121103344481e-02 
 2.159809450171e-01 -7.629732737785e-01 -2.676610924251e-01 
-3.748659025349e-02 -8.564820104291e-03  5.941758498105e-01 
 3.328917936913e-01  3.322522886015e-01 -1.134641417361e-01 
 3.431626849861e-03  2.707151098682e-02  2.807469466106e-02 
-9.524415807426e-03 -7.175006847332e-04  2.570805046188e-01 
-3.466171568460e-03  6.906544826699e-02  4.195888017547e-02 
 4.837190805797e-02 -2.936025547692e-02 -6.020987125375e-01 
-6.084171305519e-01 -1.758886103136e-01 -7.585194880329e-02 
 8.501320923144e-02 -3.741271146078e-01 -1.955729085122e-01 
-1.791540487293e-01 -2.087779638053e-01 -1.409715198254e-01 
-1.980119260898e-02 -6.818779590732e-02  3.875906672814e-02 
-1.908060551374e-02 -1.168189746236e-01 -1.238254933557e-01 
-1.065386432200e-01 -3.281993656141e-01 -3.477874342876e-01 
 1.825647412457e-01 -2.228094591293e-01  3.590013113280e-02 
 4.256540319372e-03  1.092176341509e-01  2.530949351363e-02 
 1.195367561234e-01 -1.776166372308e-02  1.136731325864e-01 
 4.847622789440e-01 -4.752043794051e-01 -5.303685358646e-02 
 2.450353997481e-02 -7.540543562522e-02 -4.100884059983e-02 
 1.993399085369e-01 -2.745567735675e-01 -1.672876190771e-01 
-1.749155229447e-02 -2.934393383357e-02 -5.917706057907e-03 
 3.814424419698e-02 -7.329232929575e-02 -5.680141884837e-02 
 2.473054903007e-01  5.522836874586e-01  3.147313583815e-01 
-3.309699928308e-02  1.045205698214e-01  2.221847763818e-01 
-2.193317241397e-01  2.540074612303e-01  7.877795381920e-02 
 1.105228087134e-01 -2.873981327718e-01  1.428841013234e-01 
 2.573216350362e-01  3.707885884568e-02  1.317551627737e-01 
 1.975597636934e-01  5.409701689952e-01  2.271568029011e-01 
-2.409301637347e-02 -1.530195956955e-01 -6.808178764731e-01 
 1.367326435330e-01  2.809940133057e-01 -2.681400066137e-01 
 5.177719060108e-01 -1.611985547970e-01 -1.233639992143e-01 
 9.726313325195e-02 -2.258801974515e-01 -2.908443107135e-01 
 3.844127232472e-02 -1.840859435250e-01  7.958939706626e-02 
 3.082300188081e-01  1.740828521360e-01  1.087570777320e-02 
 1.403562862076e-01 -1.202946495514e-01 -2.119051884249e-01 
 1.439944358841e-01 -6.903729700142e-01 -1.292740584792e-01 
 3.206564386477e-03 -5.538034909623e-02  1.285481877360e-02 
-4.262692134159e-02 -1.103074963277e-01 -1.661373815834e-01 
-8.477929288891e-02 -3.791636245891e-01 -5.871804106672e-03 
-9.317557477463e-02  1.978332773365e-01  2.653229166283e-01 
-3.162255490210e-01  3.018673200160e-01  1.116824165539e-01 
 2.126697900055e-01 -3.319995070119e-01  3.297537931767e-01 
 3.929105799955e-01  1.568988506667e-01  1.917664580890e-01 
-2.035402892865e-01 -4.834046403581e-01 -1.632763138597e-01 
 1.678532917134e-01  6.401590973070e-01 -1.692500671535e+00 
-1.037454782948e-01 -8.529925424927e-02  1.179422353672e-01 
-5.569533330718e-01  4.216921102711e-01 -4.719241066547e-01 
 1.306524765008e-01  4.101394323177e-01 -3.067616116125e-01 
-5.164814807485e-02 -2.337639378124e-01 -2.739554396116e-02 
-2.373076997797e-01  7.960954334291e-01 -1.812543535463e-01 
 1.615094361675e-01 -1.659112587827e-01  4.280645002614e-01 
-3.993420968813e-01 -2.931995764655e-01 -1.715644605397e-01 
-8.515428177861e-03 -2.608397801323e-02 -8.735448595243e-02 
-1.581714005362e-01  6.344732324120e-01  1.123265689805e-02 
 1.022876132311e-01  2.743617323224e-01 -3.453491571835e-01 
 1.548378952271e-02  1.873884444220e-01  1.824655203475e-01 
-1.594340816058e-01 -2.007961536514e-01 -3.871891809093e-01 
 5.506376423729e-01 -1.552893976980e-02  4.412940853430e-01 
-4.705597263845e-01  1.835516202656e-01 -4.029685232991e-01 
-2.259805848337e-02  3.866436760533e-02 -3.820252240919e-01 
-2.379779436614e-01 -7.880600132688e-01  1.237309823257e+00 
 1.592946896042e-02 -1.626182475250e-01  7.275194229863e-01 
 3.760385715367e-01 -2.303080659126e-01  3.406316133666e-01 
-1.504309533411e-01 -1.024446056253e-01  2.138075178862e-01 
-1.311510692968e-02  4.795299391423e-01 -1.467146506600e-01 
-7.225130359815e-01 -2.475389372330e-01 -5.222792256335e-02 
-6.117427289560e-02  5.798527862405e-01 -2.439218613227e-01 
 3.230576382015e-01 -4.594188255842e-01  6.888143524845e-02 
-5.995526667865e-02 -2.034476954734e-02  1.217651241900e-01 
 2.680455852620e-01 -6.315237589466e-01  1.839074074524e-01 
-3.731067767104e-01  5.916048337984e-02 -4.946853203239e-01 
-3.524420325538e-02 -4.062152632939e-02  8.453341072110e-02 
-3.007101444746e-02  2.202379623379e-01  1.525146460305e-01 
-6.168608036590e-03 -2.903258884181e-01  5.785601655854e-02 
 5.105671733850e-02 -1.641752049619e-01  4.245448527381e-01 
 5.525439371395e-01  1.006123807030e-01 -4.793384750900e-01 
 9.573560247398e-03  7.775877090688e-02  7.299991389502e-02 
 8.171602660572e-02 -3.081813277935e-01  2.188906991103e-01 
 1.013284395140e+00 -4.363235906680e-01 -5.153258255916e-04 
-3.299947295876e-01 -2.515682910734e-01  1.824163819492e-01 
 7.721159698864e-02 -2.507054631127e-01 -1.954361473261e-01 
-8.569791652505e-01  8.061642562845e-01  2.979969529242e-01 
-1.863163877880e-01  1.028843712010e-01 -1.340062281566e+00 
 9.363966717677e-01  1.357272632234e-01  1.625604659012e-02 
-1.519686653576e-01  9.634657453085e-03  1.508347923033e-01 
-4.685753675353e-01 -1.860092456451e-01 -4.942311359572e-01 
 9.487258525387e-02  4.777766628149e-01  1.866882050836e-01 
-3.300969668445e-01 -2.573177085181e-01 -4.914203629228e-01 
 2.866842182388e-01  5.019944408351e-01  5.365041424268e-01 
-1.072693886761e-01  1.105027050387e-01  3.194606943123e-01 
-8.589988433695e-02  2.308796636088e-01  4.404732350979e-01 
 3.932276650575e-02 -3.118954069309e-01 -2.011450751395e-01 
 2.353932336825e-01  8.455641067931e-01 -8.197940580521e-01 
 9.137469331745e-02 -1.848172685612e-02 -2.120464158546e-01 
 7.042419604571e-01 -3.310411818037e-01 -1.913338289811e-01 
 5.485194144701e-01 -5.919726099175e-03 -4.017730423374e-01 
 2.755403938580e-02  3.469168326669e-02  1.683214687171e-01 
 6.305778506338e-01 -3.585582963526e-01  4.120191847971e-01 
-1.448795205514e-01 -5.535140908176e-01 -1.225526232355e+00 
 9.086312738644e-01  6.290869332830e-01  6.785806161838e-02 
-1.459615353671e-01  4.544388331831e-02  3.396813474126e-01 
 3.227232852285e-01 -4.316484939213e-02 -3.632526510644e-01 
-4.102053943151e-02 -4.171955753150e-01  3.790009370314e-01 
-3.586557507690e-01 -6.162896915676e-02 -2.554075816751e-01 
 2.760481943731e-01  2.445766809499e-01  6.632320212354e-01 
-4.434261877059e-02 -2.996875244577e-01  6.294545206982e-02 
-4.328790017551e-01  4.423765964659e-01 -3.447224234966e-02 
-6.677789118363e-03  3.136447085071e-01 -2.538132281379e-01 
 2.108055373820e-01  1.139672957362e+00 -8.115942556680e-01 
-2.376879539998e-01  1.750561695018e-01  2.104468711343e-01 
 3.501796487583e-02 -4.247690600401e-02 -1.847050282836e-01 
 2.619598041039e-01 -1.732365059604e-01  8.249635086854e-01 
-1.049926401145e-01  2.065648825770e-01 -4.457619790730e-01 
-1.924758057446e+00  1.622015096647e+00 -1.721820621911e-01 
-5.826771740566e-03  1.004018879106e+00  8.778525030136e-06 
 1.842244544918e-01 -1.122224661085e+00  1.778105567671e-01 
-5.042340310982e-03  9.286125008540e-02  2.599345655210e-02 
-1.530731724349e-01  1.908047273998e-01 -2.366432472513e-01 
 2.392335815277e-01 -4.078294270841e-01  7.572315828075e-02 
 6.109159427385e-03  6.017591260659e-02  7.109791016445e-02 
-1.112918860781e-01  2.787227463165e-02  2.122548443409e-01 
 6.063660249357e-02 -1.875871033490e-01  2.440987390270e-01 
-9.088782283333e-03 -6.590294911937e-02 -3.408530492588e-01 
-4.836207933673e-01  4.544741825143e-01 -1.176782423807e-01 
-1.771327988555e-01 -6.582028291967e-01  7.692524746381e-01 
-1.296797635439e-01  1.742017873526e-01 -1.572586010264e-01 
 8.805032700166e-02  1.946939710076e-02  1.759995722856e-01 
-2.023127579137e-01  4.665648128802e-01 -3.157107211188e-03 
-7.401010730736e-01  1.705366389584e-01  4.151791475882e-02 
 2.524148536852e-01 -3.319482327291e-01  4.023563360996e-01 
-1.905249614788e-01  1.536360218441e-01  8.905592271747e-02 
-4.065888075570e-01 -2.087074167499e-01 -1.950916262740e-02 
 2.450006419864e-02  9.692663456129e-02  2.966007628980e-01 
-2.258597138096e-01 -5.059374182773e-01  4.302535456376e-01 
-1.849744291403e-01  8.058422143510e-02  7.214486168890e-01 
 1.301383044599e-01  1.963243199876e-01  3.232781770739e-01 
-2.721077135756e-01 -2.926234542439e-01 -3.105628617054e-01 
-1.078030239369e-01  2.798872338108e-01 -2.113126658522e-01 
 1.551712884976e-01  1.876505128422e-01 -2.637830751969e-01 
 6.705359713670e-02 -4.620153373074e-02 -5.077726441983e-01 
-1.400164702733e-01 -6.573182851170e-01  9.253777598242e-01 
 1.437692392098e-01  2.992098346337e-02  1.587800398649e-01 
 3.141499901141e-01 -1.760639009401e-01  1.631565611091e-01 
 6.853448897616e-01 -3.934133401058e-02 -6.708254628055e-02 
 1.985038579597e-01  6.732001547858e-01  2.409921270153e-01 
 9.594154711385e-01 -1.575344743628e+00  4.483762536003e-03 
 1.000820334327e-01 -2.557440907160e-01 -3.165931231740e-01 
 3.763879762429e-02  5.180364112585e-01  2.710949498809e-02 
 4.889057672213e-02 -3.405449635114e-02 -1.043447226173e-01 
-6.483733957027e-01 -1.278867625164e-01 -9.754966796608e-02 
-4.771904113797e-01 -5.869700111913e-01 -3.081629818475e-02 
-2.634140404695e-02 -4.008079552941e-02 -6.587039639956e-02 
-3.991446388091e-02 -3.155799738015e-02  2.800016153978e-01 
-8.918601109874e-02  3.361035736903e-02  3.175355818216e-01 
-5.499421976692e-02  3.539154687142e-01  1.155757838114e-01 
 5.248244159765e-01  3.463526310928e-01  3.169731763508e-01 
-4.020929538094e-02 -1.295299119797e-01  1.593445023468e-01 
-5.838758079203e-01 -3.244120082883e-01 -2.109795795402e-01 
-1.799982738576e-01 -8.455249198987e-03  1.320924536566e-02 
 6.442850203559e-02 -6.669794836851e-01 -2.895647279790e-01 
-5.097389013373e-01  9.229491298444e-02  4.059588360802e-02 
 1.824870389102e-01 -1.311231773460e-01  1.815582549632e-01 
 1.111225922559e-01 -2.378708205686e-02  3.074324168337e-01 
 3.132104309622e-01  7.206431612232e-02  1.985164649209e-01 
-9.863746831278e-01 -2.391778981000e-01 -5.748333376267e-01 
 9.791095348640e-03  9.063331851071e-02  1.822809386605e-01 
-1.295806137272e-01  3.509721841607e-02  1.625083930197e-01 
 1.722981753218e-02  4.709944327986e-02  7.152201757600e-02 
-7.321048815433e-02 -5.788098240308e-02 -2.996358949663e-02 
-4.399671516542e-02  5.753932558877e-02 -8.362304291927e-02 
-8.081065336760e-03 -3.362927002247e-01 -5.298357829845e-02 
-1.301583791240e-01  1.147761871086e-01 -1.359455504373e-01 
 5.121338972388e-02  2.382973903136e-02 -2.015343020355e-01 
 1.371253844629e+00 -7.884062604639e-01  4.344917521712e-01 
-2.285460660716e-01  1.409499497747e-01 -9.105226866468e-02 
 2.226479457064e-01 -1.326449403762e-01  3.681848845273e-01 
-7.479038712538e-02 -4.792772979955e-01  1.447388323149e-01 
 5.378198348181e-01 -1.289570543036e+00 -2.424879738469e-01 
 1.492500900592e-01  1.489643102843e-01 -3.628594306958e-02 
 1.209340471903e-01 -1.115876116490e-02  6.050457735109e-01 
-2.573656308162e-01  3.294422824888e-02  3.655765494674e-01 
-6.338112276986e-03 -9.310507540347e-02 -3.399494890198e-01 
 4.613755663166e-01 -4.600829893266e-03  4.296116256057e-02 
 1.286465739311e-01  2.369048686871e-02  2.754518685935e-01 
-1.982898861817e-01 -1.980736535017e-01  4.751743643866e-01 
-5.814226465054e-02 -2.225361723615e-01  2.311731217680e-01 
-2.716240897722e-01  1.553344697539e+00 -3.559060536290e-01 
 7.012145215545e-01 -5.325606616383e-01  4.752286540652e-01 
-4.582034903875e-02 -2.748415397158e-01 -1.526754302945e+00 
 1.382497976061e+00 -3.899664129462e-01 -7.132369464111e-01 
-2.999192769758e-01  1.435215716859e-01 -2.524152272431e-01 
 4.013486709862e-01  1.611879977733e-02 -8.297757285053e-02 
-3.836852187047e-02  1.482701303447e-01 -4.404772446951e-01 
-1.582549771278e+00  3.816453706713e+00 -6.778679856354e-03 
-2.025525661828e-04 -3.507528314343e-02  6.440635152175e-01 
-3.724629403853e-01 -9.521578769938e-01 -7.300258154379e-01 
-4.463809140817e-01  4.076868214606e-01  1.106213219509e-01 
-2.879419913138e-02 -9.633452811510e-01  2.894604189482e-01 
 6.060571199960e-01 -4.456303788045e-01 -2.685473233208e-01 
 6.984178917565e-02  4.959625473077e-02  4.064440142946e-03 
-1.644288805565e-02  4.780766498979e-02 -1.085414077931e+00 
 3.375165822919e-01  4.811511492908e-01 -4.930553815088e-01 
 2.185363781408e-01  9.251238227040e-01 -1.643272387583e-01 
 4.559398316627e-01 -4.839817362834e-02  8.206724755786e-02 
 3.148470556288e-01  1.169671038440e+00 -5.325374078260e-01 
 7.634060269994e-01 -3.705400192547e-01  7.806598203569e-01 
-4.620009316256e-01  1.335336422322e-01 -8.052432016233e-03 
 4.080626243870e-01  5.464112657649e-01  3.838430547928e-01 
-1.487243359209e+00 -2.468027987451e-02 -1.015067339625e-01 
-4.602885415640e-01 -5.432224279261e-01  3.102202734456e-01 
-1.764457422643e-01  5.124118145258e-01  5.037079492609e-02 
-6.779782672534e-02  4.750473786035e-01 -1.341340400071e-01 
 4.384016609209e-01 -6.897368753152e-01 -6.648506966913e-01 
 1.708790283081e-01 -6.226817253038e-01  4.131069732126e-01 
 5.015380008377e-01 -3.111376681019e-01  6.632390807954e-01 
-5.635296183039e-02 -4.354810319334e-02 -1.608162053541e-01 
 1.371497040487e-01  5.065651062914e-02 -8.461241390793e-03 
-1.373851710122e-01 -7.149586937106e-02  7.895271041577e-03 
 5.256355916662e-02  1.603312489943e+00 -6.416950104629e-01 
 7.678085553490e-01 -3.276068782977e-01 -1.336202702729e-01 
-5.592331120801e-01 -2.299321893876e+00 -1.623358912753e-01 
 2.270589997758e-01  9.599640854799e-02 -1.558209230590e+00 
 4.773685041472e-03 -6.429762384897e-03 -2.345848937719e-02 
-6.156634350862e-02  2.878335762555e-01 -4.822627045649e-01 
-3.851272678027e-01  1.116082080544e-02 -9.456830661682e-02 
-2.822927728917e-01  2.182053102276e+00  2.210948359124e-01 
-4.499277417919e-03 -5.606703042781e-01 -9.535923243574e-02 
 3.473454714234e-01 -1.269983150966e+00  3.205752612329e-01 
 2.029317925105e-01  1.131178221026e+00 -7.139547294425e-01 
 1.078577619210e-01 -1.315626569603e-01  1.856846444054e-02 
 3.119749191138e-02  4.422055630614e-02  2.115023224518e-01 
-4.811773671642e-02  1.027102538215e-01 -3.507239894381e-02 
 1.859966612300e-02  7.762779472784e-02  5.051091147317e-01 
 6.265118916900e-02 -3.782742441623e-01  3.576442564555e-01 
-5.109198199058e-02  1.912817977154e-01 -1.068514566841e-01 
 1.927447054465e-01 -1.106001200269e-01 -2.191691548437e-01 
-8.091571150118e-01 -3.527438426012e+00 -9.725869674520e-01 
-1.364264838888e+00  2.672049333943e-01  7.111493086965e-01 
 3.324623488641e-01 -4.036512906255e-02 -5.024849192570e-01 
 1.373633013275e+00  2.542430295950e-02  1.243850297582e+00 
-7.868054172560e-02 -1.470679932545e+00 -3.950316420754e-01 
-1.416862234170e+00  2.206892587587e+00 -1.111048791895e-01 
-5.215573134933e-03  3.678291475199e-01  2.149976210373e-01 
-5.059402573640e-02 -5.425176377112e-01 -2.503995423071e-01 
-9.535107145900e-02  1.657690264616e-02  9.840339571689e-02 
 1.455839156850e-01  5.163726417231e+00 -1.887047201352e+00 
-1.595187696181e+00  3.637835929693e-01  4.905609826057e-01 
-1.143179628747e-02 -1.806234151691e-02 -1.670586572542e-02 
 3.106311543924e-02  5.492650209998e-02 -2.449789686752e-01 
 5.416967056527e-02  6.222988523013e-02 -1.493967096002e-01 
 3.783004820678e-02  2.807900730896e+00 -1.149756717083e+00 
 7.713743744275e-01 -4.973727139137e-01  5.286273622963e-01 
orbocc
(*)
 0.000000000000e+00  0.000000000000e+00  0.000000000000e+00 
 0.000000000000e+00  0.000000000000e+00  0.000000000000e+00 
 0.000000000000e+00  0.000000000000e+00  0.000000000000e+00 
 0.000000000000e+00  0.000000000000e+00  0.000000000000e+00 
 0.000000000000e+00  0.000000000000e+00  0.000000000000e+00 
 0.000000000000e+00  0.000000000000e+00  0.000000000000e+00 
 0.000000000000e+00  0.000000000000e+00  0.000000000000e+00 
 0.000000000000e+00  0.000000000000e+00  0.000000000000e+00 
 0.000000000000e+00  0.000000000000e+00  0.000000000000e+00 
 0.000000000000e+00  0.000000000000e+00  0.000000000000e+00 
 0.000000000000e+00  0.000000000000e+00  0.000000000000e+00 
 0.000000000000e+00  0.000000000000e+00  0.000000000000e+00 
 0.000000000000e+00  0.000000000000e+00  0.000000000000e+00 
 0.000000000000e+00  0.000000000000e+00  0.000000000000e+00 
 0.000000000000e+00  0.000000000000e+00  0.000000000000e+00 
 0.000000000000e+00  0.000000000000e+00  0.000000000000e+00 