2mocoef
header
1
MO-coefficients from MOLCAS
1
48   48
a
mocoef
(*)
-1.184165270206e-04 -9.931235474330e-04  4.499523929559e-03 
 5.834012522064e-05  4.597151329279e-05 -8.650207643163e-04 
 1.715730635802e-05 -2.427738690695e-04  2.097953760946e-03 
-8.520639654445e-05  9.305893559656e-05 -6.491560442186e-04 
-2.454572516718e-05  1.120735920361e-04  1.001064306021e+00 
 5.075309916957e-03 -7.419190644985e-03  1.587581233874e-03 
-4.868560211696e-04 -2.572445947557e-03 -1.692097711108e-03 
 6.323304961811e-04  3.079771357038e-03  7.718373238956e-05 
 2.597119480092e-05  5.275421451773e-04 -3.002036858410e-04 
 8.464101439750e-05 -4.765159410415e-04  2.269249622584e-06 
-4.287388731214e-05  1.549696064850e-06  2.331886796467e-04 
 1.435982279830e-04  2.877745547611e-05  6.659074554624e-06 
 8.888760023974e-06 -5.682501359198e-05  9.291902944458e-04 
-1.563068965899e-04 -3.631730877223e-05  8.801919959686e-05 
-1.104538858634e-04 -4.342144956281e-04  2.375886948678e-04 
 9.939115398751e-07  3.745760171176e-08 -2.481298008365e-05 
 1.001727305355e+00  1.026768003052e-02 -5.895117653325e-03 
 2.058326117991e-04 -3.204220998924e-04  2.390866404775e-03 
-6.755730913753e-04  1.958401235496e-04 -2.409661011779e-04 
-1.385804268656e-03 -3.487169457641e-04  7.933402913351e-06 
 1.099135946989e-04  1.284031362877e-03 -4.294038653315e-04 
 1.132670494088e-03 -3.030806460066e-03  8.281685496722e-05 
-7.305367909041e-05  7.135372959725e-05 -5.600260106068e-04 
 2.265708158529e-04  1.800034964124e-03  2.735192361874e-04 
 5.796068144356e-05 -6.641768414393e-05 -9.775723661745e-06 
-1.502772156164e-04 -2.567479578001e-03  3.083192131589e-03 
 5.395232670055e-04 -3.675495109258e-05 -4.051694604527e-04 
-1.178359225210e-04 -1.682149169971e-04 -7.458920313242e-05 
 6.604935150041e-05 -2.920768292557e-05  6.080499489806e-04 
-3.377668814434e-04 -1.295089480714e-04  1.572845533180e-04 
-2.672064033821e-04 -2.359088757280e-03  2.069011403337e-03 
-6.638650487213e-04  4.669379005995e-04 -5.195957078246e-04 
-2.593990839138e-02  5.422996737855e-01 -2.476574730109e-01 
-2.249172479605e-02 -2.262876384916e-02  2.625235802257e-01 
 1.628417252115e-03  1.350512485482e-02 -1.315102371489e-01 
 4.349124315642e-03 -4.317241525356e-03  3.157540179076e-02 
-5.297509877617e-03 -4.147032800424e-03 -1.144623456333e-02 
 7.223331758117e-01 -1.063762623124e-01  6.107271854783e-02 
-7.570212225472e-03 -2.231214042620e-01 -8.885060167347e-03 
-2.952100597530e-03  6.209198372494e-02 -2.625675608171e-03 
-1.525987298531e-03  1.944056360268e-02 -6.692911840917e-03 
 1.017125212669e-03  1.995899620122e-01 -1.009997293650e-01 
-1.935943074501e-02  5.292479274298e-03  5.138545833883e-03 
 1.687867698804e-02 -8.129369297920e-03  8.072793555371e-04 
-6.977014607603e-04 -6.349833792565e-04  1.025412018756e-01 
-4.592400035665e-02 -7.488273593050e-03  9.795245234030e-03 
-8.343390229016e-03  1.468835182359e-01 -8.134082360825e-02 
 1.557341724210e-02 -8.453890464663e-03  7.308480442394e-03 
 1.269373866045e-02 -5.251049105382e-01  9.500457352189e-02 
-3.607482820824e-01  8.892823519088e-02  3.274193922806e-01 
 1.482325224500e-01 -4.072308511904e-02 -8.809674298479e-02 
 1.073918532896e-02 -1.925746082848e-03  2.710564327160e-02 
-7.663863394380e-03 -9.975184878664e-03 -1.245978692208e-03 
 4.557053171237e-01 -9.081553099357e-03 -6.887552299274e-02 
 4.445939931924e-03  3.619057528602e-02  1.158614299579e-02 
-1.608308390173e-03 -1.822330572876e-03 -2.761459216332e-03 
-3.692507757611e-03  1.689987093451e-03  8.136813448751e-03 
-1.597508158948e-03 -6.587194275653e-01  2.750007041581e-01 
 3.760003644747e-02 -1.165124272164e-02 -1.420937749687e-03 
 2.469859062757e-02 -1.582928637323e-02  8.185702724202e-04 
-2.434756688942e-04 -8.450283693015e-04  9.159852965825e-02 
-3.450226634348e-02 -7.085426844168e-03  6.502390727455e-03 
 8.845613185881e-05 -1.204025461506e-01  7.410703164678e-02 
-1.504777657193e-02  6.120016326163e-03  1.716156311081e-03 
 1.765499917326e-03  3.069881330432e-01 -1.720236972855e-02 
-5.299311473849e-01  2.721608291604e-01 -1.823223778767e-01 
 1.765758312195e-01 -8.315148173676e-02  4.182335305233e-02 
-4.199101189798e-03  6.710552051968e-03 -1.053685887795e-02 
-9.145560751806e-03  3.755871335463e-03  1.166805147226e-03 
-1.789293972663e-01 -2.600649330449e-02 -2.172318667576e-01 
 1.310160275058e-01 -1.016708942774e-01  2.443546025876e-02 
-1.280866971375e-02  2.252889617646e-02  5.498308403420e-03 
-7.462233869961e-03  8.675431808949e-03  1.455562103165e-02 
-4.270530045943e-03 -2.756735969089e-01  9.893679720583e-02 
 9.282828566683e-03 -5.417367839259e-04 -6.325322141077e-03 
-6.177991129070e-03 -3.694813811881e-03 -1.094785232402e-03 
 9.651372236945e-04  1.200715912777e-03 -1.492018775751e-01 
 7.338175602795e-02  7.648104219399e-03 -1.135457047382e-02 
 1.098447991123e-02  6.060821749985e-01 -2.613266194347e-01 
 2.950625110159e-02 -1.572099273124e-02  8.962264748058e-03 
 2.719556089415e-03  1.766916957920e-02 -6.802102981146e-02 
 2.425390679562e-01  2.673677049047e-01  3.044647334562e-01 
-2.759670390579e-02 -4.597422051765e-02 -9.047449077383e-02 
 2.789964360149e-03  4.533510831990e-02  2.213692057200e-02 
-1.452811963978e-03  1.226595761351e-04  2.652392689937e-03 
 4.372127200758e-02 -3.214373191828e-02  1.396780892372e-02 
 6.458343044784e-01 -2.128909065006e-01 -3.160259824979e-02 
-1.097459807023e-02  4.903334881096e-02  1.862187860202e-02 
-2.027968587892e-02  1.032254911623e-02 -1.873469781064e-02 
 4.553007840810e-03  7.815066171361e-02 -3.780729057291e-02 
-5.854328463623e-04  9.904447397452e-03  5.655047099957e-03 
 3.230626449247e-02 -1.817961527682e-02  3.561601856766e-04 
-5.158069003222e-04 -4.400657068474e-05 -4.112244263261e-01 
 1.133127824776e-01  1.868809901255e-02 -1.354122974659e-02 
 1.429261012477e-02 -2.161950958064e-01  7.018261880411e-02 
-3.730245885867e-03  1.023083636612e-02  1.034113209344e-03 
 3.742261489410e-03  8.490401812752e-02 -1.053145724334e-01 
-1.597965532955e-01  1.072308697109e-01  3.425956329469e-01 
 2.421753413757e-02 -9.449990049245e-04 -1.152612209227e-01 
-2.147621253696e-04 -9.997915113189e-03  2.625707065336e-02 
 2.930755035651e-02 -9.852399367911e-03 -7.818994723925e-03 
-3.361434335331e-01 -9.566766253312e-02  6.173173301589e-01 
-1.244343382572e-01 -5.062090547351e-01  1.661921574267e-02 
-1.206443715121e-02  5.430542468743e-02 -6.111746887338e-03 
-4.592186821379e-03  1.202047008348e-02 -1.200581906772e-02 
 4.917670077547e-03 -2.625876129532e-01  8.358554439657e-02 
 7.414094199608e-03 -1.215047649193e-03  7.053175424364e-03 
-1.576558877194e-01  6.331872603038e-02 -6.956220248095e-03 
 4.992011244150e-03  7.237100867124e-03  2.212225741453e-01 
-2.764755790321e-02  3.642386968738e-04  8.025225359663e-03 
-1.233472156518e-02  1.152830435318e-01 -3.400843608481e-02 
 2.573639407506e-03 -4.599024478512e-04  6.362357694943e-03 
 2.985941787673e-03  9.149366014362e-02 -7.521264380904e-02 
-5.637289851648e-02 -4.102130144839e-01  3.091919561433e-01 
 3.970816085021e-02  4.947592786734e-02 -1.009860918117e-01 
 1.241213914989e-02 -2.499188600216e-02  9.147157368317e-03 
-3.853989229165e-02 -1.624412557277e-03  8.655682082830e-04 
-9.081415892538e-02 -7.255527101860e-02 -4.375767661916e-01 
-2.325661340588e-01 -5.137190956407e-01 -3.186585752411e-02 
 1.560314052759e-02  7.024996855042e-02  5.756038981966e-03 
 2.670466117506e-02  2.623348636914e-02 -8.049266037937e-04 
-6.587249724113e-03  5.457979384285e-02 -3.875734841113e-02 
-5.481442676790e-03 -8.048912352365e-03  3.409635014515e-03 
-7.285190439358e-03  6.008816970145e-03 -1.176617153391e-03 
 4.551270818127e-04  1.605891517366e-03 -3.450235367714e-01 
 7.986747608849e-02  7.345989343964e-03 -2.032435655687e-02 
 2.962764951353e-03 -2.544090568973e-01  8.328208629870e-02 
-1.160300790496e-02 -2.700303974374e-03 -5.513165168550e-05 
 2.688221763713e-03  2.380617899612e-02 -7.980662716308e-02 
-2.530677810361e-02 -4.780491366379e-02  7.971865697797e-02 
 2.178057954443e-02 -1.335769455423e-02 -2.146209467149e-02 
-2.942073969720e-03 -9.638437123949e-03  5.508540724889e-04 
 1.265285499353e-02 -3.220285688943e-03 -7.943740993341e-03 
-2.677051662367e-01 -1.187371284224e-01  1.741817021943e-01 
-5.322130871390e-02 -1.830166504607e-01  2.123150163159e-02 
 4.106460692624e-03 -3.614200601547e-02 -1.311669863067e-02 
 7.727658991691e-03  3.008730406605e-03 -1.112681401301e-02 
 3.861939879095e-03 -3.221766069626e-02 -1.364380242540e-02 
-1.420865307416e-03 -2.084140163491e-03  5.588007743695e-03 
 1.023032976650e+00  4.521617543637e-02 -1.668546284490e-03 
 3.722417215899e-03 -2.249738965732e-03  1.359331720244e-01 
 1.798736332771e-02  2.164762969933e-03  1.347620114242e-03 
-7.630146640237e-03  4.581453439263e-02  3.372923683451e-02 
-1.329787851199e-03 -3.562316274407e-04  1.894776210721e-03 
 5.869147155394e-03 -3.801475439356e-02 -2.905988921926e-01 
 1.290195250061e-01  4.107990056361e-01  1.272226067921e-01 
-7.040872107439e-03  2.086941288289e-01  3.629154789128e-02 
-2.253547794708e-03  7.747160397201e-03 -1.251138472598e-02 
-3.038891209735e-02  4.072230681943e-03  6.041991918679e-03 
-1.616393759848e-01 -2.178507587391e-01 -4.749391746161e-01 
-2.324202900667e-02 -1.884354974010e-01 -2.064427590458e-01 
-3.217701944933e-02 -1.283816994557e-01 -4.959194195265e-03 
-2.035771315458e-02  1.355074907622e-03  7.907165762456e-03 
-6.462129554934e-03  1.584709415399e-01  2.698974580041e-01 
 4.970495661821e-03  1.286965140542e-02  4.097754035501e-03 
-5.647696529969e-02 -5.066024238356e-02 -3.683950055937e-03 
-1.820414453501e-03 -2.506699133997e-03  4.686354069634e-01 
 4.485661162167e-01  1.993032304733e-03 -1.538417943748e-02 
-1.813817386553e-05 -7.227744038954e-02 -8.735033398363e-02 
 2.699125733120e-03  1.368986190709e-02  1.106153728070e-02 
 2.188070127276e-03 -2.367081633879e-02 -2.256540036477e-01 
-2.625751063780e-01 -4.316923938153e-01 -3.855216019296e-02 
-2.870419427565e-01 -2.676063123559e-01 -2.963424721272e-02 
-4.213883568013e-03  2.701222936418e-02 -3.298810250365e-03 
-1.095623374239e-02 -2.459071118375e-03  6.094019546796e-03 
-8.169171514298e-02 -1.671242010671e-01 -2.347140745660e-02 
 5.637444949030e-01 -1.681786207434e-02  2.408131238644e-02 
 3.382532498554e-01 -4.163750036532e-02  6.176680502687e-04 
 9.612985095912e-04  3.475258726966e-03  1.253961369975e-02 
 2.974631429479e-03  3.017718880199e-02  4.290447950837e-01 
-7.528895657491e-03 -2.111834540904e-02  1.854715395166e-04 
-7.251978225647e-02 -1.015262029998e-01  3.787485171287e-03 
 3.691748985566e-03 -1.108480830570e-03  2.236115108677e-01 
 4.427960673806e-01  1.816402920085e-02 -1.494864300104e-03 
 8.572707234930e-04 -6.589451577524e-02 -1.377265965444e-01 
-8.586216837687e-03 -1.484218601866e-02  2.594122987005e-03 
-2.342523252367e-02  3.478562141454e-01  1.514981774200e+00 
-8.016211686022e-02  9.861967376604e-02 -2.367479835972e-01 
-9.686678742911e-02  1.440666805942e-01 -3.968902368563e-01 
 6.001522731184e-03  7.368191376160e-03  5.301973051633e-03 
-9.661436556704e-03 -8.189478851256e-03 -1.288385342654e-03 
-3.264286653947e-03  7.096033035726e-02 -1.789274965034e-02 
 4.615522693261e-02 -7.329628141023e-02 -1.245433001029e-02 
 1.315639251348e-02  2.321817232442e-02  3.673834878649e-03 
-5.724730139809e-03  1.331730351440e-02  1.679963885523e-03 
-9.706082848571e-03 -2.104016553544e-01 -9.270886695704e-01 
 4.466735369420e-03  1.945320280867e-03 -1.685510840627e-02 
 8.462124342167e-02  6.618768789526e-02  2.482989398606e-03 
-2.803565247286e-04  9.356652366764e-03  1.416948427917e-01 
 2.624719581239e-01 -7.082669331224e-03 -4.952559023563e-03 
 1.211047318146e-02 -2.966665443913e-01 -1.396133096652e+00 
 1.893876401472e-03  2.761346919865e-03 -9.716627435595e-03 
 1.477186708751e-02 -3.829910294083e-02 -9.507487505687e-01 
-3.851369317916e-01  1.505434898993e-01 -2.654671878105e-02 
-1.318105194696e+00  6.308762044387e-01 -2.458080684782e-01 
 2.061762934000e-02 -5.708227347219e-04  7.294467322327e-03 
-1.493999724741e-02 -1.356724079823e-02 -1.119682440256e-02 
 3.714728989953e-02  3.149486884744e-01  1.013944670547e-01 
-1.518847812519e-01 -3.851814812327e-03  2.753561414078e-01 
-1.682268035520e-01 -2.619688241888e-02  6.081210757023e-04 
 6.471396883844e-03  7.090994124254e-04 -1.821216628021e-03 
 4.060221793977e-03 -9.984400568649e-02  2.788327719999e+00 
-8.028126226667e-03  5.941883257669e-03  5.190657003142e-03 
 9.546845025499e-02  1.313844403896e-01  5.179189191477e-03 
-3.541062642345e-03  2.459925014008e-03 -1.686162321449e-01 
-4.568399509064e-01  8.930514594211e-03  3.271589065896e-03 
-6.066114297228e-03 -3.165794495563e-02 -1.589224654797e+00 
 7.484943148886e-03 -4.936863201641e-03 -4.113831851157e-03 
 2.762748206287e-02 -4.164995727762e-02 -2.276612830853e+00 
 7.584560318568e-02  1.375668360678e-03 -9.473617380743e-03 
 5.954700598249e-01 -3.269880162177e-02 -1.948578770201e+00 
 5.732280349370e-02  1.367446841017e-02  1.437937991609e-02 
-1.034972269761e-02 -5.928805531195e-02 -5.704578783769e-02 
 4.534269212012e-02  2.121724995097e+00  1.793062310028e-03 
 5.518672671231e-02 -2.733628489283e-01  3.847142202596e-02 
 8.440717433616e-02 -8.192041002675e-01 -3.815147451151e-03 
-6.364271678512e-03  3.366581188202e-02 -1.124019835642e-02 
-3.252323656234e-03 -2.912765510638e-01  3.765105768065e-02 
-2.935749689969e-02  9.051104991772e-03 -3.054337767418e-04 
 4.890824511311e-02  6.968413545552e-02  2.231881583008e-03 
-3.244868856985e-03 -1.654784960297e-03  9.117944911897e-02 
 2.996684277078e-01  6.636973177297e-04 -8.894685344471e-03 
 1.232382720699e-02 -3.905974755712e-01  1.050239768947e+00 
 2.786147226850e-02 -1.042761555116e-02  7.273591209567e-03 
 8.404522256100e-02  2.435626894760e-01 -1.400532598509e+00 
 4.369592811827e-03  1.495853620642e-01 -7.791516716286e-02 
 1.163969391748e-01 -2.934033953011e-01 -4.455270121189e-01 
-1.191891929358e-01  2.349821845357e-02 -4.488994097581e-02 
-2.680380329298e-02  9.868867366519e-02 -6.263382744335e-02 
-1.827880058236e-01  1.351021754054e+00 -1.738964856303e-01 
 2.190565317290e-01 -4.638631989291e-02  1.773454639126e-01 
-8.840891018173e-02 -4.184174930763e-01 -8.554890610751e-02 
-3.707854277810e-02 -1.414228776859e-03  1.582486871796e-02 
 1.394243254532e-02  5.261171404175e-01 -2.144920083159e-01 
 6.241041611987e-02 -2.481212514707e-02 -5.040264885475e-03 
 4.256609820210e-01 -3.692035996227e-01  2.791249078063e-03 
 9.700306855430e-04 -2.455388206917e-02  1.702933709868e+00 
-1.924750515123e+00  3.276328573946e-02 -1.458844775563e-02 
-1.464518150952e-02  5.497595742274e-01 -3.134682488912e-01 
-3.082555571980e-02  9.041579931734e-03  2.077881525336e-02 
 2.147857515392e-01  7.145789308122e-01 -2.091187667393e+00 
 1.505805590594e-01  9.484053733118e-02  3.694046290529e-01 
-2.462471044567e-01  2.238059692904e-02 -1.373457500574e+00 
-1.557179942313e-01 -5.078070203990e-02 -9.721784326777e-02 
 8.214799443743e-02  1.376868264783e-01  2.470004662914e-02 
 2.405100691695e-01  1.019759047056e+00  1.297949979591e-01 
-1.082059417190e-01  2.975053956243e-02 -9.822285786821e-02 
 1.834491192071e-01 -4.441403860728e-01  1.025377482913e-02 
-3.007104449668e-03  6.985492640930e-02 -3.737299207114e-02 
 2.625715088490e-02  7.469329681652e-01 -4.712495536776e-01 
 8.238462007022e-02 -2.547683397626e-02  2.479610378174e-02 
 1.586732774124e-01 -1.113986587575e-01  1.127487982350e-02 
-2.191890398164e-02  3.239678395798e-02 -9.624362960309e-01 
 1.420421590456e+00 -2.091884864090e-02  2.848419389547e-02 
 2.008676191630e-02  1.073284110836e+00 -1.149343952197e+00 
-9.016116092507e-02  4.919776517916e-02 -2.126003011186e-02 
 7.313863136702e-02  2.901563859078e-01 -6.360619308202e-01 
-4.826910872271e-01 -1.296396667153e+00 -1.184339559287e-01 
 5.287245811575e-01  1.644815393612e+00 -1.316704598211e-01 
-2.691231367446e-02 -3.097316631597e-02 -3.555953357903e-02 
-4.282595299339e-02  5.027428236069e-02 -7.494844410185e-03 
-1.540003204747e-02  3.515836242653e-01 -1.773171205528e-01 
-3.862881713521e-02 -5.621037063555e-02  2.259021405680e-01 
-4.009805917678e-02 -9.311021548135e-02 -2.384063210226e-02 
 6.460176701337e-02  2.865554636342e-02  3.117416722829e-02 
 7.916448817597e-03  2.019563948432e-01 -1.617193639341e-01 
 4.459461235940e-03 -8.117311811221e-02 -5.044529610780e-03 
-1.328993838271e-01  1.797853485229e-01  2.347988418803e-02 
 1.005046355323e-02 -6.563810373453e-03  1.077359410746e-01 
 3.070212835650e-02  4.368417606618e-02  1.971338775349e-02 
 4.040818066593e-02  1.639062160838e-01 -1.988924955812e-01 
-3.359751237379e-02 -2.695011973909e-02 -8.196830552467e-03 
 3.378474216050e-02  9.767752621077e-02 -8.851433714054e-01 
 1.066032514193e-01  1.320157171689e-01 -1.102293980086e-01 
-6.602313454114e-01  8.702509127591e-02 -3.901626711767e-01 
-3.592337379272e-02  7.150262179831e-02 -2.008067944663e-02 
-7.803167258793e-02  6.134833633297e-02  1.910112696188e-02 
 1.467569403530e-01  2.271653950971e-01 -1.536308298038e-01 
 1.679074882294e-01  5.040150482938e-02  6.018702504853e-01 
-3.715533025993e-01 -5.379761942158e-01  2.279269086260e-02 
-3.478780816357e-02  5.937348099001e-03  3.482884635387e-02 
-3.459565878786e-03  3.887221527709e-01  1.639330350385e-01 
 4.760982667436e-02 -5.138672527728e-03 -2.975911627477e-02 
-1.815806079298e+00  2.452944639830e+00 -2.055997973187e-02 
 1.197823360064e-02  1.876199021769e-02  9.287610957593e-02 
-2.237162136316e-01  1.766065770303e-03 -8.795933901300e-03 
 5.335080014898e-02  5.527373336038e-03 -4.695359706589e-01 
-8.252555700637e-03 -2.655684934248e-03  3.208958892994e-02 
-4.719358206270e-02 -2.761273460886e-01 -1.661296345286e+00 
-1.562484662097e-02  8.431484818726e-02 -1.196835969547e+00 
 8.261096587661e-01 -3.131486984536e-01  3.786190769080e-01 
-5.171205692589e-02 -9.130670377567e-02  1.276284658280e-01 
 4.917410085216e-02 -3.335283227740e-02  1.668402510994e-02 
 4.391705020069e-01  7.444501451101e-01  1.500383294476e-01 
-1.750351297463e-01  1.800100751106e-01 -2.564635384371e-01 
 4.726858197721e-01 -1.653378967660e+00 -1.958092175751e-02 
 2.831889442789e-02 -9.371872652478e-02  7.429737009669e-03 
 3.641865326517e-03 -1.335155338455e-02 -4.086587786221e-01 
-3.676517319828e-02 -1.623371525391e-02 -3.725951079469e-02 
 1.425780342571e-01  1.657063282036e-02 -2.541197833763e-02 
 3.316697253185e-02 -7.321176144014e-02 -3.694432652634e-01 
 8.278881044674e-01 -5.782850334736e-03  3.942337326696e-02 
-1.736000322038e-01  4.064984061926e-01  2.771721045849e-01 
 3.912464628782e-02  7.193619663934e-03 -2.276983719624e-02 
 1.114526160655e-01  5.034779503638e-01 -7.048145876538e-02 
-1.166333514017e+00  5.000486118512e-01  8.158780796983e-02 
 3.684879125920e+00 -1.593843498705e+00  2.329660165390e-01 
-2.042495161873e-02  2.710982549725e-02 -5.292797638487e-02 
-9.322173792514e-02  7.769571495352e-03  2.864912700071e-02 
 8.260710357736e-02 -1.672956497365e-01 -1.436628259535e-01 
-2.023725334896e-02  5.548003913295e-02 -2.153885192550e-01 
 1.751578568769e-01  1.551778946357e-01  6.781851641376e-03 
-2.866990049697e-02  5.385322024634e-02  4.979138001148e-02 
-1.444235711233e-02 -1.882094952498e-01 -2.376302637742e+00 
 1.418143228720e-01 -7.628293883929e-02 -3.517628827845e-03 
-5.700600746669e-02  2.638007387190e-03 -6.019804743789e-03 
-6.554749982700e-04  5.206366711936e-02 -2.852720073753e-01 
 2.739940834145e-01 -1.153368633946e-02  1.077416856153e-02 
-2.310631391384e-02  1.604598021491e-01  2.200774138175e+00 
 1.590131976978e-01 -5.337895475489e-02  6.519956140930e-02 
-5.169541026459e-01 -2.292888015808e+00  4.083462104655e+00 
-8.419668700143e-02 -1.827174574210e-01  4.037414672276e-01 
 1.167461781764e+00  3.357367018790e-02 -7.192135096055e-01 
-2.575058960410e-01 -3.558905366263e-03 -2.310746967657e-01 
 1.595133241582e-01 -1.118992021717e-02 -2.024976126728e-02 
-1.126761337377e-01  2.036555938911e-01  6.392719757329e-02 
 3.922470261247e-01  3.171110317760e-01 -3.868306387746e-01 
-3.879140000548e-01 -6.309045754648e-01 -1.185196869895e-02 
 2.045650233981e-02 -1.140746102939e-02 -4.851205554283e-02 
-5.143330180365e-02 -7.741359174290e-01 -1.243986389261e+00 
 1.182587474460e-01 -1.152371324659e-01  2.774707355490e-02 
-1.944874917445e-01  3.748196821525e-01  1.479144147781e-03 
-2.291070546173e-02 -6.142826869940e-03  4.705615516410e-02 
 1.300943787943e-01 -4.377945708248e-02 -8.962425271590e-02 
-1.484859570660e-01  4.094320254782e-01 -9.285810321729e-01 
-1.623289984564e-01  1.676020063558e-01 -7.019533934362e-02 
 2.044189361315e-01  9.153380478594e-01 -1.492344197359e+00 
-2.277482220259e-01 -2.338860043539e-01 -1.331741976210e-01 
 4.890847645736e-01  5.383902693687e-01  3.948576425439e-01 
 3.295753596266e-02  1.662816068657e-01  1.199220971207e-01 
 9.701210838684e-02 -4.221037529278e-02  1.977171367017e-02 
 8.370622041079e-02 -1.575353695987e-01  9.327782934700e-01 
 8.362547689888e-01  1.064337237111e-01 -1.300413734728e+00 
-1.234467785829e+00 -2.431750282683e-02  6.568093389897e-03 
-3.074349481241e-02  1.459267622582e-02  1.352286176338e-02 
-6.265397348138e-03  1.945991775575e-01  2.917062802540e-01 
-6.531218617220e-02  5.971543100011e-03 -8.161135133283e-02 
-2.951012744035e-03 -1.011627145899e-01 -7.655174189978e-02 
-7.529655414300e-02 -9.477707144933e-03 -1.305938794677e-02 
-3.682210540675e-02 -1.012560367470e-01 -7.228175858756e-02 
 4.929094872823e-02 -4.407181487707e-02  4.759705241958e-01 
 4.006565872234e-02 -6.674594625624e-02  6.903289194297e-02 
 3.676019722974e-01  1.857410926025e+00 -3.468488513462e+00 
 1.707011379432e-01 -2.553876928801e-02  1.255344411097e-01 
-1.043453155793e-02 -5.617131441641e-02 -1.249405579804e-01 
 4.985403287775e-04 -2.983282450989e-02 -1.625070234538e-02 
 1.089351722191e-01 -3.673832893836e-01  3.163984575828e-02 
 8.717199487987e-02  3.214997325145e-01 -5.012388571090e-01 
 2.628344082547e-01  3.930908565150e-01  4.641832931560e-01 
-3.299301506166e-01 -4.087202077406e-01 -4.211733496004e-02 
 2.066157660122e-02  8.715238547013e-02 -1.139985013878e-01 
-1.455864467555e-02 -5.841782369290e-01  1.397378742497e+00 
-3.019703269367e-01 -1.942210342576e-02  1.672937753622e-01 
-1.368266813032e-01  2.926181118971e-01  5.240223482690e-02 
-5.631955422360e-02 -1.253627547497e-03  1.340233141265e-01 
-3.504943971909e-01  8.138923550099e-02 -8.255065141222e-02 
-7.926436289237e-02  5.792966443614e-01  1.941149950827e-01 
 1.582768871938e-01  5.421783993592e-02 -5.452201621782e-02 
 3.900313544427e-02  4.048376303763e-01 -1.911701854131e+00 
-3.865022113844e-02 -4.480988261752e-02  3.573067132555e-01 
-3.172323409317e-01  1.937472635538e-01 -1.211043449452e+00 
 8.588708341380e-03  4.871177413891e-02 -3.529110464538e-01 
-2.036206224323e-02 -1.324144814346e-01 -2.996595901000e-04 
-5.049479643951e-02  1.159004981217e+00  3.707708837855e-01 
-5.398092475721e-01  9.100027659243e-01 -2.997422778058e-01 
 8.022891084550e-01 -1.656426252214e+00 -5.071246886360e-02 
-5.517113687802e-02  1.264632735161e-01  4.238617836904e-02 
-2.576410852715e-02  3.814324498873e-01  3.573387212219e-02 
-3.553501606111e-02 -2.662452395041e-02 -6.206222042578e-02 
 1.075939239350e-01 -3.119071549972e-02 -4.403744476419e-02 
 8.319629981422e-02 -6.620214949994e-02  1.902067894745e-01 
 3.816505370644e-01 -9.440758844972e-02  9.095678233373e-02 
 4.678171958137e-02 -6.481685105024e-01  2.874308719246e-01 
 2.251219793651e-02  2.092985484312e-02  2.388322780374e-01 
-3.768122470719e-02 -4.875517412063e-02 -9.708358880241e-01 
-1.111952568754e-01 -2.537282192399e-02  2.793192380368e-03 
-8.136136738836e-02  3.219511859097e-01 -6.257172051329e-01 
 3.456692104735e-01  5.452088559297e-02 -1.654714282327e-01 
 1.577676001463e-01  2.927219476802e-01 -2.032865409300e-02 
-2.262778087897e-02  9.467113794349e-01 -3.447041572859e-01 
 3.705052127184e-01  5.495407026980e-01  6.151968254924e-01 
-6.093590618536e-01 -1.180116047586e+00  6.167110055325e-02 
 2.839090085135e-02  3.385213778672e-02 -4.130753338706e-02 
 9.865963947095e-02  1.023220785330e-01 -3.507661023201e-02 
 1.003309487832e-01  1.512799069635e-01  1.906560962901e-01 
 3.446931908561e-01 -2.824653280321e-02 -3.404050913394e-02 
-2.650004741799e-02 -7.006503347173e-03 -1.924310358986e-01 
 2.129468837006e-01  1.430547372303e-01 -3.447024776055e-02 
 1.408357494703e-03 -2.488426463433e-01  1.159195440359e-01 
-2.622263918681e-02 -2.339032543948e-01 -1.151299605327e-01 
 3.884891817262e-02  2.604333954706e-01 -1.573747452717e-01 
-1.585856554926e-01  1.290187228428e-02  1.563911584882e-01 
 1.906833572645e+00 -8.365966235035e-01 -3.176477664125e-01 
 9.513949167560e-02 -1.136497213393e-01  5.755955697813e-02 
 2.886587909705e-01  1.491180649691e-01 -1.484292283182e-01 
-7.729206857125e-01  1.016079164901e+00  4.724953516054e-01 
-5.742309264567e-01 -6.507844380785e-02 -1.320225848503e+00 
 1.159615619994e+00  9.657263478757e-03 -7.583719714891e-02 
 2.509455103217e-02  7.407069166735e-03 -7.995068520091e-02 
 7.205678398088e-02 -7.448753828528e-01 -6.319892506319e-01 
-8.949776696786e-02  1.357354069809e-01  4.172300433053e-02 
-9.467102752278e-01  6.395481382508e-01  1.442897864612e-01 
-1.104807783401e-01 -1.956268501629e-01  6.305697736387e-01 
-2.419113957339e-01  3.041200336755e-02 -8.911621374944e-03 
-1.456628460112e-01  6.218756354731e-01  3.209441625583e-01 
-1.064703277479e-01 -1.386502165475e-01  1.034266129324e-01 
-2.320068507927e-02 -1.234895897856e-01 -2.541906559484e-01 
-9.622727656334e-02  1.054399711713e-01 -4.266308805976e-02 
-1.655269143887e+00  7.463186414059e-01 -4.456346312461e-01 
-2.040528870411e-01 -1.778283237547e-01  3.658157253344e-02 
 1.155976274722e-01 -2.269604385554e-02 -1.678188869832e-01 
-7.906992190980e-01  1.120093528403e+00  9.711425328963e-02 
 1.544953024467e-01 -9.246047742998e-02  1.815176822414e-01 
-3.224953465616e-01  2.024889009752e-02 -9.870479446159e-02 
 4.581660458779e-02 -3.928643384954e-02 -5.449689763636e-02 
 1.025297647601e-01  1.251621642922e+00  1.395755038771e-01 
 1.508613130537e-01 -2.208334857406e-01  3.325575679512e-01 
-1.380436081458e-01  1.066390700781e-01  6.060966969727e-02 
-1.003585616005e-01 -1.642034241444e-01 -1.187928156333e-01 
 6.102639714078e-02  1.650420588947e-01  1.714016379045e-01 
-1.332641986138e-01 -1.498303760623e+00  5.731543721207e-02 
 2.652655239279e-01  2.124889533845e-02 -1.002779361765e-01 
-6.325587633141e-02 -2.122374470634e-01  4.502479696417e-01 
 1.004726871105e-01  7.711830867443e-02  6.344524616148e-03 
 5.621513824275e-01 -2.787934912991e-01 -1.043996275764e-01 
 2.297487119042e-02 -2.538401067691e-01 -9.451996971231e-02 
-3.221736880432e-01  4.678624613372e-02 -6.529485358558e-02 
-2.909100724719e-01  4.129276817502e-01  1.907647670987e-01 
 4.133693385850e-01  4.360639403305e-02 -2.000572237580e-01 
-4.370230031719e-01 -3.522714384971e-02 -1.666022422016e-02 
 6.697390791364e-02  2.520915448866e-02  9.606236037893e-02 
 2.426392757763e-01 -6.414944160030e-01 -1.259809251606e-01 
-1.188483689777e-01  5.761666623478e-02 -2.928032614533e-02 
 2.255134368006e-02 -9.499461206662e-03 -7.287134226818e-02 
-1.858244617890e-01  5.114376645095e-02 -1.972875354477e-01 
 1.130548472200e-01  4.891542191706e-01  4.196603942714e-01 
-3.623960669465e-02  3.894408067048e-01 -3.917161880617e-02 
-8.124136884433e-02  9.791437320857e-02  2.414076517223e-01 
 7.193930521381e-02  2.804962805459e-01 -4.028752012704e-01 
 6.606174026642e-03  7.922876369008e-02  1.008120896361e-01 
-5.288713729541e-01 -6.315592835109e-02 -4.666951554275e-03 
 1.489056570039e-01 -6.335030075811e-01 -1.417242668555e-01 
-2.561651282595e-01 -1.914897907561e-02  4.254278152869e-02 
 1.889815696575e-01 -2.765160731489e-01  2.675225881996e-01 
 3.593929253806e-01  8.313373751020e-02  1.693953466265e-02 
-6.087614194826e-02  6.700265043610e-02 -3.161706333808e-02 
 1.918902658026e-01  5.115106850279e-02  2.238784330109e-02 
-1.730031793404e-01  3.726446626671e-01  1.318094481953e-01 
 8.964372837520e-02  1.196042663533e-01 -1.062796516665e-01 
-1.012596929287e-01  1.105291223622e-01  2.674245810654e-01 
 1.693255688219e-01  2.335020093014e-02  1.451260412984e-01 
-1.552722443367e-01 -1.104279325840e-01 -3.327855157451e-01 
-1.635646093362e-01 -1.635101405578e-01 -2.849613979199e-02 
 4.217841731913e-02  3.282783973253e-02 -7.657185435956e-02 
-3.692437676980e-02 -2.435336534457e-01  2.479125036199e+00 
-1.161737526803e-01  2.430346347197e-02  3.484560075890e-01 
 1.959366860586e-01 -3.221723242697e-01  1.077282817482e+00 
 1.207236253704e-01 -1.250691731543e-01  1.689304892804e-01 
 1.567498366370e-01 -1.561453641630e-01  5.180129184017e-01 
 2.276086426079e+00 -4.370493662973e+00  2.916818429145e-01 
-2.674521107850e-01  2.024714293803e-01 -7.685744612856e-01 
 4.351873244040e-01  6.768009760199e-01  4.099412185922e-02 
 2.141186823287e-02  4.970154581714e-02 -3.440643307747e-02 
 4.880676076279e-02  3.049278681842e-01 -5.553030300010e-01 
 1.471591801462e-01 -3.533479980168e-02 -1.790043768725e-01 
-1.881639369465e-01  1.318780725947e-01 -1.264568518887e-01 
-7.371249512015e-02 -7.984803595431e-02  7.969458614409e-01 
-5.422072212457e-01  3.233165665120e-01  7.704320707554e-02 
 2.807466371970e-01  6.119360928421e-02 -9.464737497918e-02 
 7.534346975851e-02  1.032458058349e-01 -3.109021342046e-01 
 2.131797711210e-02  6.155852842347e-02 -1.635297872844e+00 
-4.502065475029e-03  4.187118507882e-02 -2.390022524200e-01 
 9.347073587436e-01 -5.169488072479e-01 -4.951222480199e-01 
 1.051850552458e-01 -2.148135195971e-01 -2.532731624946e-01 
 9.953022827233e-02 -1.176392186110e-01 -2.903696025111e-01 
-1.243195888401e+00  2.755862108531e+00 -5.549271708439e-02 
 2.437603452294e-01 -2.049806154693e-01 -1.820919355036e-02 
 7.493027487722e-03 -6.358375956970e-01  8.998173028017e-02 
-3.314722510248e-04 -3.960350970388e-02  9.260161395291e-02 
-1.996188710879e-02 -3.077109542790e-01 -1.263575431911e-01 
 8.738027831855e-03  9.583698471232e-02 -3.319105743083e-02 
-9.343505555487e-02  1.015195355819e-01 -2.353389388421e-01 
 2.358970934794e-01 -4.366910092679e-01 -1.084487293759e-01 
 3.408480079871e-02 -2.152115173598e-01  1.906098452965e-01 
 5.567642456915e-01  6.983711319026e-01  6.093544366784e-02 
 7.716094507019e-02  1.049568579048e-01 -1.336800843480e-01 
 8.305605008019e-02  2.588381571489e-01 -3.121384688402e+00 
-1.983126535455e-02  4.313954787392e-02 -4.327730907624e-01 
-1.589989862012e-01  5.449119735984e-02 -9.719276286511e-01 
 1.076550934891e-01  1.278675166865e-01 -3.548241456079e-01 
 8.030479883092e-02 -1.175449368542e-01 -4.302370950224e-01 
-1.694144171047e+00  4.403421890322e+00  1.555778014583e-01 
-2.749743631030e-01 -1.872175125895e-01  3.103572873510e-01 
 2.021914146318e-01 -9.632545624800e-01  3.709707669191e-01 
 1.048941787139e-01 -7.277895731140e-02 -2.212516519063e-02 
-4.967773944235e-02  5.429327964651e-01  1.067918466954e-01 
 5.542144511733e-02 -3.420924164292e-02 -1.385718881891e-01 
-8.283784687392e-04  1.685427637904e-02 -5.871241353259e-02 
-3.581266735708e-01  2.723879606257e-01 -3.141582101614e-02 
-1.838366341147e-01  3.035085006018e-01 -4.103428422263e-01 
 1.524519815357e-01  1.426363322153e-01  5.318631000455e-02 
 1.236979912322e-01  1.765569503142e-01 -3.831973409764e-02 
-1.794007403459e-03  1.931220882203e-02  6.480190773486e-01 
 3.195240225653e-02 -4.469805880151e-02  2.003561892008e-01 
-5.520361254817e-01  4.312067353148e-03  1.408891664927e-01 
-1.826747406136e-02 -2.205790435408e-01  3.662854209750e-02 
-1.724894591086e-01  3.646045061887e-02  8.862384717691e-02 
 3.267659237147e-01 -1.033452067088e+00 -2.230719885256e-01 
-8.880692043239e-02  2.559767241777e-02  4.832343694190e-01 
 3.933471319379e-01  3.953176980978e-01 -1.007439303907e-01 
 4.809407841671e-03  3.447008984382e-02  2.683770505525e-02 
-1.211501277296e-02  3.828003093631e-02  1.733473196669e-01 
-5.389672859899e-03  4.151280162315e-02 -2.378693919925e-02 
 1.922604817766e-02 -1.663831003152e-02 -6.126693225636e-01 
-5.911886620835e-01 -2.426719750370e-01 -1.064738677535e-02 
 4.877492848886e-02 -3.195265801719e-01 -1.877726305720e-01 
-2.162317190154e-01 -1.701133835231e-01 -1.689512736442e-01 
-1.586439486249e-02 -6.403415823868e-02 -3.021512042706e-02 
-5.534471743758e-02 -2.497605289402e-01  2.677222369859e-01 
-8.114471108533e-02 -2.733418266406e-01 -3.728851160770e-01 
 2.715921533593e-01 -3.210358155911e-01  1.791408559638e-01 
-1.793820933903e-02 -5.793749273888e-02  7.355531016377e-02 
 9.638926037104e-02  9.418461058923e-03  1.507950333840e-01 
 6.705222502968e-01 -8.466091628904e-01 -2.124663391515e-02 
-1.870404363009e-02  1.254277871529e-02 -1.011854737256e-01 
 3.401814383942e-01 -2.555034247198e-01 -1.723542519186e-01 
-9.795541715260e-03 -1.847620827997e-02  7.056308161981e-04 
 7.823325940784e-02 -2.140602890586e-01 -3.544435985211e-02 
 1.947677064905e-01  4.506340767118e-01  3.657837029765e-01 
-2.039602002092e-02  6.538728203067e-02  1.716114124079e-01 
-2.870768369094e-01  3.116264304435e-01  2.014005867396e-01 
-1.694802234227e-02 -3.279307381536e-01  6.466184028223e-02 
 3.401070734662e-01 -2.122498732470e-02  2.177197907778e-01 
 1.536907537755e-01  4.430404056589e-01  3.075079882606e-01 
-9.255949085928e-02 -3.827309901816e-01  2.032177608320e-01 
 1.846695444299e-01  3.746588292903e-01 -2.131876864521e-01 
 5.185914765649e-01 -2.427605374429e-01  1.149754921746e-01 
-4.381211976500e-03 -3.812485654647e-01 -8.873507498379e-02 
 1.276644825392e-02 -2.685406042235e-02  5.156346530287e-02 
 2.552972110492e-01 -1.157115256703e-01  6.571046158071e-02 
 1.624071138675e-02  3.516037069683e-02 -2.533584245511e-01 
 2.356175906397e-01 -3.973353263694e-01 -2.841322430346e-02 
 9.743869157558e-03 -2.744571680494e-02  2.357769993296e-02 
 1.090468415772e-02 -3.613767472346e-01 -4.724787420468e-02 
-2.029709822901e-01 -5.430721076379e-01  8.591652186373e-02 
-2.142005669124e-02  1.985987224057e-02  9.919111887957e-02 
-2.061131834959e-01  3.260614965686e-01  2.228936263441e-01 
-9.027304826909e-02 -2.060731589800e-01  4.883976180694e-02 
 4.284428500659e-01 -4.480801585583e-02  3.220749780622e-01 
-2.479205816735e-01 -5.768830740476e-01  3.267829568650e-02 
 1.412521608770e-01  4.849304420323e-01 -2.033892530315e+00 
-1.756187457427e-02 -2.321872252904e-02 -8.203053045698e-02 
-9.269879050037e-02  1.652360436718e-01 -5.218368471949e-01 
 2.321838571083e-01  1.891031706291e-01 -4.315645337638e-01 
 6.450551464765e-02 -3.152975971383e-01  3.247020549955e-02 
 5.746325531589e-02  8.825700014987e-01 -2.847350401916e-02 
 9.031854932581e-02 -2.010835200656e-01  4.167768583142e-02 
 1.997608880699e-02 -7.516008746117e-01 -1.874071077806e-01 
-1.321745568601e-02 -5.050267410004e-02 -5.038510704386e-02 
-1.981127130624e-01  5.721984450331e-01 -1.742802006861e-01 
 1.253661879785e-01  1.136070532015e-01 -3.058515425442e-01 
-8.193207340127e-02  2.570072737963e-01  2.997368262452e-01 
-3.477309504276e-01  6.065265466536e-02 -1.245738211026e-01 
 5.003103537023e-01 -1.687198922071e-01  5.106632630027e-01 
-1.665735588844e-01  3.147157929184e-01 -2.035187148928e-01 
-5.134765255395e-02 -8.951567562544e-02 -4.190407914965e-01 
-2.014986166401e-01 -6.273717079578e-01  1.196999862366e+00 
 2.944636336836e-02 -2.336994589555e-01  7.540146229483e-01 
 8.273073555207e-01 -4.385395201122e-01  3.192907221820e-01 
-2.011385778444e-01 -1.986394224254e-01  2.857383401696e-01 
 5.823655658958e-02  3.780571833237e-01 -1.945466988747e-01 
-9.274413129631e-01  1.617302599337e-02  1.078399646506e-01 
-1.588840339714e-01  5.744810635599e-01 -8.118787256812e-01 
 7.063330344242e-01 -3.347600592594e-01  8.468956386119e-02 
-1.192248598799e-01 -1.918021884526e-02  1.960336349938e-01 
 1.282141815903e-01 -6.776524855520e-01 -9.576223106828e-02 
-3.000704723371e-01  1.489119153691e-01 -3.557817422162e-01 
-1.314040311431e-01 -1.663934674842e-01 -1.155073598775e-01 
 7.639580969415e-02  4.315164498150e-01  3.527227428651e-01 
-3.646593144828e-02 -2.201275962466e-01  1.829500487418e-01 
-4.002988503869e-02 -1.269869769348e-02  5.406880572658e-01 
 5.180390361334e-01  2.667723839060e-02 -5.089462593432e-01 
 6.159387351591e-02  2.668714654412e-01 -8.076889232793e-02 
 2.732582097548e-02 -1.953853484264e-01  4.425621260988e-02 
 6.616891462555e-01 -2.763953508071e-01 -2.306008771344e-02 
-2.902457578287e-01 -2.220835836803e-01  2.477549171124e-01 
 1.186843090162e-01 -3.089901777952e-01 -1.753939841156e-01 
-7.363937715566e-01  8.100869080808e-01  1.850123312741e-01 
-9.330482195675e-02  4.618314088439e-02 -8.754274505718e-01 
 5.108560235001e-01  2.490025192195e-01 -2.182617840267e-02 
-7.072784946881e-02  1.417134207647e-02  1.903642115792e-02 
-6.158672831521e-01  3.946763014304e-02 -4.494450027030e-01 
 2.110014927467e-01  4.295542786660e-01  2.447240087645e-01 
-1.790567727178e-01 -2.497025924319e-01 -4.505172965438e-01 
 1.983718392162e-01  3.689801737586e-01  2.548580447384e-01 
-7.670997296426e-02  2.542914451536e-01  2.434346195605e-01 
-5.832451907146e-02  1.427883982775e-01  2.757321207071e-01 
-1.604248520057e-01 -2.958833804874e-01  9.362016309620e-02 
 2.875834033242e-01  1.045630973372e+00 -9.409309767948e-01 
 1.170394197545e-01 -1.998263029968e-02 -2.669500205513e-01 
 8.521953922271e-01 -4.259508193755e-01 -1.784027783544e-01 
 5.363633557088e-01 -1.070053145672e-01 -3.138865936725e-01 
 1.328895942193e-01 -7.214717907908e-02  1.360812769327e-01 
 5.166827779665e-01 -1.512193809209e-01  4.248839305547e-01 
-1.856237013854e-01 -5.570737999704e-01 -1.343353444175e+00 
 9.839616632604e-01  6.856347525877e-01  6.152568232057e-02 
-1.659170194332e-01  5.332390331996e-02  3.179802712707e-01 
 2.513125656134e-01  7.340391985617e-02 -5.698873576715e-01 
 5.791411822622e-02 -4.031661415398e-01  4.341567498824e-01 
-3.632559628150e-01 -1.266889801563e-01 -3.495071309788e-01 
 2.860802264658e-01  3.560260487702e-01  5.933845067460e-01 
-2.378521990405e-02 -2.070256051054e-01  1.097514073919e-01 
-4.327094664226e-01  5.061892238217e-01  3.147804152045e-03 
-1.250289687751e-01  2.638356411677e-01 -1.151546933446e-01 
 1.965426972272e-01  1.056178582086e+00 -8.095938985417e-01 
-2.088349165480e-01  1.912928700464e-01  1.701668430047e-01 
-6.890989528094e-02 -1.314052043925e-03 -1.681319398212e-01 
 2.493320351259e-01 -8.830405941670e-02  8.174553211251e-01 
-2.008326969586e-01  2.164766772653e-01 -4.129990857518e-01 
-1.769195537901e+00  1.516592563801e+00 -1.395500973828e-01 
-2.882434170914e-02  1.043638377892e+00  1.423006454389e-01 
 8.702281873889e-02 -1.225794828806e+00  2.038721887073e-01 
 1.370756340790e-02  8.596965782858e-02  2.239710572287e-03 
-1.319355975108e-01  1.809479584411e-01 -1.678401214408e-01 
 2.375573825888e-01 -4.182619593617e-01  1.057754142597e-01 
 6.650856252987e-02  9.514777639589e-02  1.613267328179e-01 
-1.580661107235e-01 -5.707893727639e-02  1.307903691142e-01 
 5.788629895200e-02 -1.548887624397e-01  1.956125237786e-01 
 2.403345359394e-02 -2.118351949779e-02 -4.012570440482e-01 
-4.485752525782e-01  4.449881342420e-01 -1.383022850200e-01 
-1.266254222919e-01 -4.734922690568e-01  4.987245644821e-01 
-8.255729119747e-02  1.102894734154e-01 -2.529310215126e-01 
 1.859107057522e-01 -2.484411666288e-02  1.698223000281e-01 
-3.114024922041e-01  4.616910283161e-01 -1.233445557975e-01 
-7.531044986507e-01  4.407485377510e-03  3.090209939639e-02 
 1.905145520536e-01 -1.215486826631e-01  4.261126147127e-01 
-1.970560304391e-01  5.456916081618e-02 -9.752618208576e-02 
-2.264702108380e-01 -1.403256587358e-01 -4.906082580661e-02 
-2.552752619482e-02  1.086952989811e-01  3.525375634246e-01 
-1.198798797551e-01 -4.877651169925e-01  3.472821303268e-01 
-1.037260323168e-01  2.151717316523e-01  7.850726503678e-01 
 4.860422107059e-02  1.598818035114e-01  2.450292674621e-01 
-1.661700341886e-01 -2.234223031878e-01 -1.915933138098e-01 
-1.171623831984e-01  2.209177120207e-01 -2.386275590991e-01 
 1.565345241774e-01  1.963757553780e-01 -1.935567335385e-01 
 9.511679215703e-03 -1.458444779339e-01 -6.035431418867e-01 
-1.825615461453e-01 -8.084151118259e-01  1.116736095001e+00 
 1.184977469128e-01  6.564738794544e-02  6.243571526895e-02 
 3.017118519177e-01 -1.770778134404e-01  2.231847602592e-01 
 6.292683256830e-01  5.925881652716e-02 -1.051378467803e-01 
 6.826144556748e-02  7.655004222128e-01  2.811753645037e-01 
 1.146098292427e+00 -1.765400017301e+00  7.773398838410e-02 
 4.390033106349e-02 -2.551369200995e-01 -2.574006619780e-01 
 2.026274704790e-03  4.733644372378e-01  7.865196823236e-02 
 3.142442881162e-02 -8.567456757193e-03 -3.335758616845e-02 
-6.161010080575e-01 -2.479290899743e-01 -7.748560094347e-04 
-5.289958812529e-01 -5.970999271171e-01  1.329626530750e-01 
 6.255837627332e-03  1.095858920988e-02  2.565028259994e-02 
-9.397730867589e-02 -1.081275133163e-01  1.985067276835e-01 
-8.477115316544e-02  4.054407809750e-02  2.360230730429e-01 
-4.311056784331e-02  3.360145763411e-01  7.382323946397e-02 
 5.361709895278e-01  3.738372321085e-01  2.245556237131e-01 
-3.329213372582e-02 -1.188389558159e-01  1.218721438029e-01 
-4.587528615964e-01 -3.811629330909e-01 -1.877505234700e-01 
-1.690845948742e-01 -1.442059793670e-02  6.728114016175e-03 
 4.657153233974e-02 -6.667361349854e-01 -2.588359957252e-01 
-5.353135809603e-01  4.045959546704e-02  4.285170884356e-02 
 1.876420059323e-01 -1.622802651084e-01  1.647574280926e-01 
 1.086590465122e-01 -2.513940094761e-02  2.738661011664e-01 
 3.451101663571e-01  7.040501159704e-02  2.217483270553e-01 
-9.988948489515e-01 -2.131965773418e-01 -5.615042582482e-01 
 1.821945736292e-02  7.348383076410e-02  1.348998153290e-01 
-7.357168760335e-02  7.090872636369e-02  1.700639278541e-01 
 1.396492383036e-02  3.956399017719e-02  7.008879787836e-02 
-5.607302405098e-02 -6.274773370072e-02  1.309534454654e-02 
-4.729943314403e-02  4.374585532267e-02 -6.777013996581e-02 
-1.829354664948e-02 -2.075655900677e-01 -6.041390618150e-02 
-7.105423649589e-02  5.269075773402e-02 -1.148342790868e-01 
-1.621521286878e-02 -2.199518338503e-01  1.896749793391e-01 
 1.104622315541e+00 -6.741013845337e-01  4.120783661748e-01 
-7.968296585791e-02  7.634257993384e-02 -3.571896291286e-02 
 3.959696559976e-02 -1.381243818300e-01  3.215755191039e-01 
 4.608635905949e-02 -5.132245389535e-01  2.235734746439e-01 
 8.624639114261e-01 -1.707449019062e+00 -1.941364407370e-01 
 9.958758488198e-02  1.070408189113e-01 -1.865028818273e-01 
 2.236308169391e-01 -1.085468273852e-02  6.979463470678e-01 
-1.221320474149e-01  5.038441853678e-02  3.766532900028e-01 
 1.542260298410e-02  1.592440905991e-02 -4.167111536683e-01 
 3.512865931824e-01  1.345011570950e-01  6.948239478444e-02 
 9.720797093364e-02  3.085830911248e-02  2.610918828440e-01 
-1.688629772877e-01 -1.989269523543e-01  5.301981821326e-01 
-3.606769025585e-02 -2.763183307379e-01  3.049035744569e-01 
-2.847023119318e-01  1.248604335697e+00 -2.313275797876e-01 
 5.374262827537e-01 -5.506213893384e-01  4.613766189372e-01 
-1.472132982665e-02 -2.038314137079e-01 -1.573792676624e+00 
 1.627857181737e+00 -5.789914752733e-01 -4.510864208042e-01 
-3.531872642242e-01  1.774614165304e-01 -2.942122975196e-01 
 4.896354988535e-01 -6.147283361633e-03  3.904180655018e-02 
 1.917111825281e-02  5.659464679026e-02 -4.167769669720e-01 
-1.530677983926e+00  3.394325958312e+00 -1.431772857174e-01 
 8.342315221124e-02  9.829801900163e-03  6.197105518765e-01 
-3.710265721561e-01 -8.704104702897e-01 -5.748703004996e-01 
-4.546908712563e-01  3.890605353133e-01  2.041586900817e-01 
-5.146705356267e-02 -8.977755452128e-01  2.107757877235e-01 
 6.419692717377e-01 -4.653254890287e-01 -2.767524940884e-01 
 9.283934949618e-02  4.025978419142e-02  5.209234627664e-02 
-4.317966651694e-02 -9.749959149210e-03 -7.853612588200e-01 
 2.174871505584e-01  3.876271215823e-01 -4.344465747560e-01 
 2.222845285823e-01  1.308031632851e+00 -2.601309851107e-01 
 6.108349440713e-01 -1.522825188289e-01  2.272451181267e-01 
 2.714113387003e-01  9.594554718524e-01 -5.320225991574e-01 
 8.983890600462e-01 -4.371397838486e-01  7.298538293251e-01 
-4.948675326143e-01  1.631188746100e-01 -1.679339657919e-02 
 4.154710199738e-01  6.006260111371e-01  2.995927960122e-01 
-1.470681279261e+00 -4.909773574906e-02 -4.716687842987e-02 
-2.455297290452e-01 -6.738367732260e-01  3.367054013163e-01 
-1.827875351423e-01  4.052272950717e-01 -4.283450893052e-02 
-3.154411269068e-03  4.818189871439e-01 -7.498002240231e-02 
 4.484492374809e-01 -6.067764527148e-01 -6.725372215114e-01 
 1.542811178035e-01 -5.162295900524e-01  3.229782345102e-01 
 4.874896253271e-01 -3.059674654523e-01  6.936967156180e-01 
-7.288817117212e-02 -4.121721101954e-02 -1.615014836018e-01 
 1.232681432915e-01  7.149503781032e-02  7.605290055331e-02 
-1.231082230765e-01 -1.059015932165e-01  6.428019743322e-02 
 8.626129060912e-03  1.752604623659e+00 -6.863113125228e-01 
 8.361006943809e-01 -3.871495265099e-01 -1.260496945042e-01 
-5.434210323424e-01 -2.234242576974e+00 -1.964250026857e-01 
 2.205828540722e-01  1.044636833902e-01 -1.666166359801e+00 
 6.723808591575e-04 -4.953338621750e-03 -1.886879343520e-02 
-1.444700356088e-01  2.467213742185e-01 -5.893707935582e-01 
-2.699704711424e-01  7.277863361069e-02 -1.015314068587e-01 
-2.811732681356e-01  2.410680508941e+00  2.392188194333e-01 
-4.514709568207e-02 -5.844868791217e-01 -4.825047265639e-02 
 3.079277936251e-01 -1.342103049528e+00  2.414290214694e-01 
 1.815722126703e-01  1.177532122947e+00 -6.586119003115e-01 
 9.890620270610e-02 -2.783989403425e-01  9.394995188232e-02 
 5.171523727384e-02  4.478729640656e-02  1.347263650516e-01 
-1.546705891522e-02  8.915734991343e-02 -3.641536828020e-02 
 1.311557285427e-02  9.222029825140e-02  3.202886575075e-01 
 1.196167620495e-01 -2.905240818045e-01  2.964803182466e-01 
-5.543700114616e-02 -4.026872022335e-02 -1.082989579264e-02 
 1.076725553687e-01 -6.537157575182e-02 -2.471136974603e-01 
-8.889875129688e-01 -3.829253677853e+00 -7.664241174728e-01 
-1.407378766420e+00  3.129754086057e-01  6.261416297333e-01 
 3.465860339071e-01 -5.963467101617e-02 -4.573941168070e-01 
 1.465205159673e+00  8.977545475566e-02  1.264739767779e+00 
-2.218272629447e-01 -1.452932695293e+00 -3.637153718435e-01 
-1.308059227608e+00  1.983970085936e+00 -8.006673743508e-02 
-3.551543669587e-03  3.539084014012e-01  1.501864710112e-01 
-3.132098861230e-02 -4.982638626014e-01 -1.989417965286e-01 
-6.773170703819e-02  3.593797051983e-02  6.065542360937e-02 
 1.221604006630e-01  5.401856493880e+00 -2.001842282731e+00 
-1.646893689989e+00  4.228728490484e-01  4.000509540156e-01 
-1.178303675968e-02 -1.774880078045e-02 -1.819219945852e-02 
 2.506070250824e-02  4.781397429131e-02 -1.420998763212e-01 
 1.365344041098e-02  2.887849080690e-02 -1.090675632673e-01 
 3.956597759906e-02  2.992710063700e+00 -1.251412726276e+00 
 8.001989628172e-01 -5.306363093450e-01  5.351809891667e-01 
orbocc
(*)
 0.000000000000e+00  0.000000000000e+00  0.000000000000e+00 
 0.000000000000e+00  0.000000000000e+00  0.000000000000e+00 
 0.000000000000e+00  0.000000000000e+00  0.000000000000e+00 
 0.000000000000e+00  0.000000000000e+00  0.000000000000e+00 
 0.000000000000e+00  0.000000000000e+00  0.000000000000e+00 
 0.000000000000e+00  0.000000000000e+00  0.000000000000e+00 
 0.000000000000e+00  0.000000000000e+00  0.000000000000e+00 
 0.000000000000e+00  0.000000000000e+00  0.000000000000e+00 
 0.000000000000e+00  0.000000000000e+00  0.000000000000e+00 
 0.000000000000e+00  0.000000000000e+00  0.000000000000e+00 
 0.000000000000e+00  0.000000000000e+00  0.000000000000e+00 
 0.000000000000e+00  0.000000000000e+00  0.000000000000e+00 
 0.000000000000e+00  0.000000000000e+00  0.000000000000e+00 
 0.000000000000e+00  0.000000000000e+00  0.000000000000e+00 
 0.000000000000e+00  0.000000000000e+00  0.000000000000e+00 
 0.000000000000e+00  0.000000000000e+00  0.000000000000e+00 