2mocoef
header
1
MO-coefficients from MOLCAS
1
48   48
a
mocoef
(*)
 5.184599207347e-05 -6.157973284098e-05  1.056052329316e-03 
 2.010794845162e-04 -3.604757659380e-05  5.021821033108e-04 
 2.303514155791e-05  4.785824796301e-04  7.658348125813e-04 
-4.771585808111e-05 -1.353036815765e-04 -2.047573984688e-04 
-4.811701391946e-05  1.588373890747e-06  1.000989317737e+00 
 5.437941690085e-03 -5.031414451850e-03  1.853486751770e-04 
-8.445465456831e-04  1.659728968291e-06  9.169181176186e-04 
 8.138748339139e-04  1.010789156120e-03  4.196436219897e-04 
 2.728915096796e-04 -4.762296595861e-04  7.919449947032e-05 
-6.396563425236e-04 -1.771414494098e-03  1.214184628953e-03 
 4.396054698420e-04  6.185838791808e-04  2.507102355355e-04 
 5.966904569820e-04 -7.291400721729e-05  1.500949968657e-05 
-5.767183629208e-04  2.595716396162e-04  2.827508890101e-04 
-9.674168371770e-06 -1.847770063894e-04 -6.361996340526e-05 
-3.888270352177e-06 -2.260496735189e-04  2.879245843139e-04 
 7.643291885338e-05 -1.831264318174e-04 -5.670261172712e-05 
 1.000908295640e+00  4.568380934044e-03 -3.392207967644e-03 
-5.172892993524e-04  2.198604955899e-03  1.555942356843e-03 
 7.974429217823e-04 -1.338906657791e-03  4.770428190633e-04 
 1.627763023123e-05  1.049384143441e-04  1.224967970671e-03 
 5.408204850117e-04  1.751984897680e-04  3.726621932866e-04 
 2.526492316620e-03 -3.298547728988e-03  2.317641490229e-03 
-3.310103065006e-03  3.597438798118e-05  7.998707771921e-04 
 2.657894060459e-03  1.049797164236e-03 -9.049445826073e-05 
-5.461230223620e-04 -4.423026513833e-04 -8.967726814693e-06 
 8.413022154222e-05 -1.218419134039e-03  9.257277006000e-05 
 4.048230910200e-05 -2.041807795573e-04  8.412153516036e-06 
 3.827847778769e-03 -1.117092486724e-03  4.600900888272e-05 
 2.057502565556e-04  2.460257752399e-04 -1.298798910594e-03 
 4.839714178642e-04 -2.934773894481e-05 -2.633862300164e-04 
-2.155479687591e-04 -3.489878246506e-03  3.122437045178e-03 
-4.486500092908e-04  2.065527923000e-04 -9.290371310014e-04 
-8.476670215822e-03  2.410010031917e-01 -6.896577031756e-02 
-1.328186722512e-02  6.363269741151e-02  6.672438093609e-02 
 3.415202114241e-04 -1.971442131858e-02 -3.733707005463e-02 
 1.101596497780e-03  1.693520723120e-02  8.744182685846e-03 
 8.488955376927e-04 -4.812622373566e-03 -7.481711899010e-03 
 8.364379110633e-01 -1.765749741607e-01 -5.663760913008e-02 
 4.662987667157e-02  1.430328971757e-02 -4.650206621007e-03 
-2.193567523478e-02 -2.624210004264e-02  4.272822277648e-03 
 6.945753607263e-03  2.832800471167e-03  1.750410329869e-03 
-2.553553505158e-03  3.411825262882e-01 -1.708471477120e-01 
-1.913238089746e-02 -3.017834888621e-02 -1.008060049219e-02 
 2.304972391818e-01 -1.287454205918e-01  1.761433265992e-03 
 3.257952278166e-02 -4.997163752809e-03  2.242420087060e-01 
-9.734300994413e-02  2.627025641506e-02  1.672180369693e-03 
-1.131636159818e-02  8.024139132123e-02 -4.155517440965e-02 
 1.806865108751e-03  3.226066425326e-03  8.159428108748e-03 
-7.179487821721e-03  5.463791971162e-01 -8.792542307712e-02 
-6.035876998607e-02  9.300789750774e-02  5.271594392944e-02 
 9.672636113534e-03 -1.740308369746e-02 -5.958292100105e-03 
-3.428560378014e-03  8.598516365394e-03  1.848933608077e-02 
-1.312705428106e-03 -1.411143202655e-03  1.356037850695e-03 
-1.477331646489e-01  3.038781491769e-02 -2.743511902347e-01 
-4.239503096953e-01 -3.193902181570e-01  4.914354928056e-02 
 1.347686769510e-01  6.620110483159e-02 -2.120322244858e-03 
 2.495119634787e-03  1.127631751900e-02  2.238343048477e-03 
 4.046311519025e-03 -5.457458659647e-01  2.449209617193e-01 
 1.802231635482e-02  3.419683063053e-02  9.982824522752e-03 
 1.962585632790e-01 -1.120332787470e-01 -6.976002188337e-03 
 1.312381208269e-02 -1.556053706337e-02  2.189061231584e-02 
-6.146311244034e-03 -5.821837122492e-03 -9.305204431378e-03 
-4.195053738092e-03  2.460440885539e-01 -1.077856356242e-01 
 4.576808893575e-03  1.875462491507e-03  1.734114360623e-02 
 5.881080846389e-03 -3.888446999981e-01  6.469208869948e-02 
-2.808827228910e-02 -1.021893872709e-01  1.601984675252e-02 
 1.978591004288e-02  2.637167469576e-02 -2.543632682534e-03 
-5.665862136068e-03 -7.726838804280e-03 -1.163845539780e-03 
-1.381241533947e-02  6.352789303837e-03  4.844378822839e-04 
-8.567735222532e-03 -1.820278988967e-03 -5.045980797203e-01 
-2.376498861577e-01  3.642172773529e-01  6.073221770625e-02 
 8.371710073687e-02 -1.365768728779e-02 -2.942250016486e-03 
-1.018880797534e-02 -1.214901223212e-02 -1.307923550219e-02 
 1.066801986386e-02 -2.830888721473e-01  1.153204877298e-01 
-5.000679560854e-03  1.324776867218e-02  1.509637475619e-02 
 2.784268144672e-01 -1.238099447634e-01 -1.549509535357e-02 
 2.541598474360e-02  6.671866098022e-03  4.702427452828e-01 
-1.650317017438e-01  3.057758456706e-02 -1.172001732219e-02 
-1.522364154490e-02 -1.887653149421e-01  8.770677373126e-02 
-5.918372147227e-03 -2.203725469269e-03 -1.276633402768e-02 
 5.756452875895e-03  4.544327810029e-01  1.237184583104e-01 
 6.031903887745e-01 -4.402155781513e-01 -1.918425191005e-01 
 4.817013737894e-02  2.146112288496e-02  8.027115905579e-02 
 1.205106721695e-02 -2.454769216092e-02 -3.082008894053e-03 
 5.602397776258e-03  6.450759817682e-03 -3.385336603377e-03 
-1.863232054728e-01 -9.827792453449e-02  3.702635766706e-02 
 5.238654257277e-02  3.220688532885e-01 -1.124794445368e-02 
 2.033774328399e-02  1.195362022729e-02 -9.330265708509e-03 
 5.115405312995e-03 -3.585207579144e-03 -2.425399555443e-02 
 1.755565434651e-04  6.535665389895e-02 -3.282709737113e-02 
-7.488765354012e-03 -6.016692371995e-03  5.125356288376e-03 
 2.451438039152e-02 -1.357683604059e-02  2.643730828351e-03 
-3.618730544896e-03 -2.287685866090e-03  1.874570268600e-01 
 8.732784860226e-03  8.063256087151e-03  2.003131878742e-03 
 4.892959616583e-03 -2.377989716151e-03 -2.773098843357e-02 
 1.968111861309e-02 -1.178976189285e-02 -3.992046673553e-03 
 2.227306106452e-03 -1.940698232778e-01 -6.922408241663e-02 
 6.735863980023e-01  4.485686837777e-01 -3.887351293420e-02 
 2.104539670654e-02 -1.738695560065e-02 -1.137172023472e-01 
 7.038398554119e-03  2.331194092324e-02 -8.891515631044e-04 
 7.385698526546e-03 -1.641108592772e-02 -6.477403550512e-04 
 1.062574269070e-01  9.522525619005e-02 -1.586280322539e-01 
-2.075904731504e-02 -3.059377171533e-01  5.251301544229e-03 
-5.256216311061e-04  3.774526737484e-03 -1.335823700120e-02 
-4.001467178157e-03  1.732694398369e-02 -1.878066128208e-02 
 1.173999143500e-02 -2.305572481164e-01  5.834964195189e-02 
-1.910823893600e-03  6.803532804964e-03 -1.772333099072e-03 
-1.675530995824e-01  5.168696552325e-02  4.066832279262e-03 
 2.470527231840e-03  1.117473033322e-02  1.793482196391e-01 
 2.177394667983e-03  4.810257819900e-03  8.157372312015e-04 
-2.972244335542e-03 -2.234248310520e-01  9.040593114533e-02 
 1.432492574712e-02  1.524222987293e-02 -1.893871063049e-02 
-1.296718758921e-03  1.833710331559e-01  1.804965908247e-02 
-1.288327906858e-01  7.164724116085e-02 -2.126483006231e-01 
 4.250269620769e-02 -8.797100026261e-03  9.002946401017e-02 
-6.884744688963e-03 -1.708779777335e-03 -1.367974651968e-02 
-1.002957141451e-02 -3.655694292915e-03 -3.628888143970e-03 
-1.885579395744e-01  4.284630845948e-02 -4.306874831929e-01 
 5.337047631027e-01 -1.481171835090e-02 -1.200284762160e-02 
-9.298748756945e-02 -1.384310517179e-02 -1.884123194770e-03 
 3.321553475919e-03  3.787309002191e-03 -2.541452521567e-03 
 1.774337777781e-02  1.044727648136e-01 -4.475762932117e-02 
-1.883898602461e-02  2.897223136681e-03 -2.874158966007e-03 
-4.916462567901e-01  2.055999342694e-01 -1.617486336436e-02 
-3.213871866514e-02  1.253404698592e-02  3.103180671436e-01 
-9.168933660595e-02  1.584227934433e-02  8.828865929916e-03 
-1.038071234801e-02  2.883569468661e-01 -1.110238344425e-01 
 6.846048765904e-03 -2.274468286759e-03  2.021893189411e-02 
-3.006412355430e-03 -1.260837182987e-01 -1.105090054086e-01 
-2.089861116518e-02  4.141854377301e-01 -5.744594109263e-01 
 2.611134879003e-02  5.428975422169e-02  5.078486871902e-02 
-5.932741052571e-03 -1.466638270476e-02 -7.448029651936e-04 
 1.839981330386e-02  7.772624245835e-04  1.060843200707e-03 
 5.320299057046e-02  6.719019289041e-02  1.839528460127e-01 
-2.589670419449e-01  3.401875037137e-01  1.888166379312e-02 
-7.193258184211e-03 -1.719324654689e-02 -3.459155939277e-03 
-2.050707832892e-02  9.217959208148e-04 -5.909357737418e-03 
 4.788554265015e-04 -6.356036773464e-02 -5.242810227492e-03 
 4.794759085981e-03 -8.670662870460e-03  5.505647028137e-03 
 1.823298032804e-01 -4.388695443436e-02  9.960123880300e-03 
 2.449066883023e-02  2.684952177323e-02 -1.152658313265e-03 
-1.176597120394e-02  4.056187838047e-03 -7.196051991577e-03 
 6.501124186016e-03  5.758238773279e-01 -2.146976455383e-01 
 1.549080598581e-02  7.264616673160e-03  2.145579563138e-02 
 1.991565280856e-03  1.125125815363e-04  6.743397505737e-02 
 8.154391391108e-02 -1.177424600771e-01 -9.062156913537e-02 
 6.839643443013e-02 -4.926477956360e-02  3.195506346578e-02 
-2.336948117386e-03  1.448100585995e-03  1.258563544049e-02 
-4.690119581469e-03 -4.093022783783e-03 -1.782975050981e-02 
 2.717042052556e-01  6.904150988269e-01 -4.044345902785e-01 
 6.121561687853e-02  1.550922234379e-01 -2.423658853398e-01 
 6.349104493984e-02  1.451532530490e-01  8.007370083367e-03 
 2.928275897167e-03 -8.756720242501e-03  4.909557834828e-03 
-1.824240614825e-02 -3.449520310310e-02 -2.401464061573e-01 
-5.152649415151e-03  1.234864483581e-02  3.994601026219e-03 
 4.870151722369e-02 -2.138813638089e-01 -3.817984027404e-04 
-3.396990915206e-03 -2.792409159282e-04 -4.024560798746e-01 
-8.376025334330e-01  4.673622623186e-03  2.418852409354e-03 
-6.635901352049e-03  6.514673700168e-02 -1.142204630012e-02 
 7.538806086547e-03 -7.601537764377e-03 -5.215041263714e-03 
-1.553968263100e-03 -1.228585401619e-02  1.313551916898e-01 
-4.713899423569e-02 -1.849693094144e-01  6.597235530793e-03 
-2.082540337372e-02 -1.633113315989e-01  2.434914974300e-01 
 5.965160010511e-03  2.093897318231e-02  8.774394517289e-03 
 1.186360961103e-02  1.315285653313e-02 -1.591439345924e-02 
 2.516077174996e-01  7.964830396775e-01  3.193902964470e-01 
-7.874225088476e-02 -1.352121216831e-02  2.982096395598e-01 
 1.075545355310e-02  1.215870927803e-01 -2.811936021220e-03 
 1.251007165175e-02 -3.764922152549e-03 -9.075578590869e-03 
 1.656437993736e-02 -2.547631499816e-01 -9.421418790021e-01 
 1.382347719947e-02  1.753190357305e-03  3.375917122398e-03 
-3.886580056787e-01 -9.440009969519e-01  6.140478252980e-03 
-1.383760364571e-03 -3.098043701777e-04  3.306567412506e-01 
 5.779952762239e-01 -3.366299937645e-03  2.293004985669e-03 
-4.619595094669e-03  8.999236360633e-02  1.643232947783e-01 
-4.649664346608e-03 -1.371101474600e-02 -6.581172037796e-04 
 2.650795114558e-02 -3.533260782596e-01 -1.063087585554e+00 
 1.020491917581e-01 -1.936345658495e-01 -8.286726876310e-02 
 1.237891801427e-01 -1.591064074572e-01  5.345878166836e-02 
 5.163163649766e-03 -1.218047935690e-03  5.704144755600e-03 
 2.455191252701e-03 -3.942502340582e-03  5.734090981129e-03 
 1.214858244511e-01  6.874249269578e-02  6.972680493339e-03 
 2.583020671775e-01 -3.187510385773e-01  5.518079326357e-02 
 3.567244159124e-01 -2.837041126034e-01 -2.960435308303e-03 
-1.262113382941e-02 -2.103760388085e-02 -4.427152419149e-03 
-7.720219579946e-03 -5.769509261406e-02 -6.665436251916e-01 
 1.797853198987e-04  1.028891766103e-02 -2.042758240967e-02 
 2.906441730340e-01  9.580461530478e-01 -6.892505672012e-04 
 5.735750588850e-03  6.258936222256e-03  8.087208694262e-03 
 2.041953037846e-02 -1.286381330648e-03 -1.004247216674e-02 
-9.250312777298e-03  2.184964937477e-01  8.897551642836e-01 
 3.992144049184e-03 -1.001411706203e-02 -3.616081489704e-03 
 1.633542044475e-02 -1.886453886857e-01 -7.422113911074e-01 
 8.091763295804e-02 -2.182767026466e-01  1.171927501844e-01 
 2.010517887264e-01 -2.479735047018e-01  4.367541369603e-01 
 6.816963964798e-03  1.007145360371e-02  1.498753019055e-02 
-1.068762802690e-03  4.294894379610e-03  8.591710825197e-03 
 4.272642357793e-02 -1.668646656228e-01 -1.121672983204e-01 
-2.969147787724e-01 -1.574487202130e-01 -1.821183849076e-01 
-4.023580875910e-01 -1.028544342374e-01 -3.365758344376e-03 
 3.622133297485e-03 -1.538606236442e-02 -7.216698903651e-03 
-2.594154816929e-03  7.650804669003e-02  1.180677096166e+00 
-4.284017554233e-03 -3.159476031677e-03 -7.036801801586e-03 
-2.547661920821e-02 -1.149089176566e+00  4.252210785907e-03 
-5.996312055100e-03 -8.950335091864e-03  2.456962215598e-02 
 4.099535795593e-02 -2.346954563082e-03  1.264462726166e-02 
-2.757457727660e-03  1.815277503044e-01  1.185208319116e+00 
 2.587358410920e-03 -1.012971579807e-02  1.535903379358e-03 
 1.967574209825e-02 -8.546546445247e-02 -2.295511254112e-01 
-1.205601722386e-01 -2.154511499986e-01 -5.054829294541e-01 
-2.864645082461e-01 -4.615694968369e-01 -1.408612129174e+00 
 4.217115450733e-03 -9.476858579173e-03  1.847361516843e-02 
 2.265601816970e-02  6.526309558066e-03 -1.688891220405e-02 
 1.355249107937e-01  6.634198912620e-01 -2.975900662815e-02 
-1.179328888078e-01 -4.289391054699e-01 -7.623683939633e-02 
-3.720120958933e-01 -7.093972810099e-01  1.467379849830e-03 
-2.295861707658e-02 -1.788596685102e-02 -4.254982525309e-03 
-4.593775303871e-03 -4.115013525187e-02  6.607510060705e-01 
-4.753822399205e-04  2.797822189025e-03 -2.082225185426e-02 
 1.027011867458e-01  2.249434639771e-01 -5.341916316486e-03 
-6.527511717294e-03  8.301769883760e-03  7.263647092080e-02 
 1.052484011480e-01 -1.571182552295e-03 -3.500271501834e-04 
-1.770337616495e-03  3.513000821636e-01 -1.880091408505e+00 
 5.087534133478e-03 -2.987226616528e-02 -1.575940126734e-02 
-8.145161892587e-03 -1.481872568911e-02  3.619023824523e-01 
 2.828395793101e-01 -4.330872602138e-03 -1.383657117124e-01 
-1.074152219134e-01  4.666352342036e-02  3.254918862323e-01 
-1.528883026774e-02 -7.314935202194e-02  9.119646308052e-02 
-2.027292794787e-02 -5.323084421874e-03  4.227382547350e-02 
 5.740985551339e-02 -2.939261860366e-01 -2.331236068559e-02 
 1.633847218410e-02  8.609057392676e-02  9.807183881958e-03 
 1.284102883193e-01 -9.417819203949e-02  5.217807861016e-02 
 3.232956702018e-03 -5.257221444741e-02  3.692201254873e-02 
-1.267995732204e-01  8.125848602935e-01 -1.017379794982e+00 
-9.682149697503e-03  9.519853334312e-02  2.055468520817e-02 
 1.299124354444e+00 -1.752608471605e+00 -2.782396837802e-02 
-8.423557516761e-02 -2.105103772181e-03 -1.064431770617e+00 
 1.736967545339e+00  1.478370407032e-02 -1.979584460432e-02 
-2.718278749883e-02  8.978810774046e-02 -1.019764584893e-01 
 1.447397157158e-02  1.350122465230e-02 -2.928670370553e-02 
-1.226420461299e-01 -5.270759379722e-01  1.008041711225e+00 
-8.862575738699e-02 -5.274922808853e-01 -4.637652587834e-01 
 2.522188014938e-01  8.144015962541e-01  1.600541268562e+00 
 1.331557336287e-02 -6.201308248815e-02  5.558062451742e-02 
 5.587887162561e-02  8.635520984773e-03 -3.477368497406e-02 
-3.335953899373e-01 -3.117129872975e-01  2.603176357825e-01 
 8.204618338185e-02 -3.940483477336e-02 -1.590768902811e-01 
 1.966606994175e-01  2.984374544840e-01  2.588013207022e-03 
-4.106386931400e-02 -1.132055234233e-01 -7.503670389906e-02 
 7.344511064976e-03  1.021932074777e-01 -7.782522889822e-02 
 4.862528461909e-02  1.714634713837e-02 -9.295313122024e-02 
 7.145445655801e-01 -9.863546772828e-01 -1.595496378957e-02 
-7.892281869977e-02  2.140699186051e-02  1.303890257095e+00 
-1.461002048794e+00 -8.704941424508e-02 -2.432304822695e-02 
-1.837949478653e-02  4.791480983515e-01  7.540174470191e-02 
-1.827502754996e-02  1.312932189932e-02 -5.957664593173e-04 
 2.359301033391e-01  1.032384024510e+00 -1.390567052211e+00 
 1.050494703324e-02  5.273759446160e-01  6.292468083553e-01 
 1.593594510558e-01 -5.584406678691e-01 -6.056757830630e-01 
-8.334569638944e-03 -5.810528487901e-02  9.138380181117e-02 
 7.131078924853e-02  1.723278235022e-02 -5.166090863559e-02 
-4.032911642049e-01  6.657399450168e-01  7.955518205231e-02 
 1.281919778153e-01 -2.542129807490e-01 -2.791084918463e-01 
-3.492291156768e-01  2.347703122944e-01  5.740921479087e-02 
 1.056193870311e-01  1.226668075360e-02 -1.822445065281e-02 
-3.749055124785e-02  7.998367645996e-01 -5.750914864820e-01 
 4.365446161472e-02  9.240442770182e-02  7.112931033382e-02 
-1.686362549406e-01  2.709554988023e-01 -2.074825376693e-02 
-9.146629011592e-02 -8.905228488128e-02  5.555852087324e-01 
-6.349685756858e-01 -6.470879004407e-02  1.438969627917e-02 
 9.339839532384e-02  9.921546742418e-01 -7.748473045663e-01 
-2.176951031891e-02  3.450326568028e-02 -7.329106367613e-02 
 5.096414979233e-02  1.839725173797e-01 -4.522369154974e-02 
-8.772186564312e-01 -7.657394901440e-01  4.431923532106e-01 
 1.242241154834e+00  1.021194198171e+00 -2.052202430818e-01 
-3.157706978899e-02 -5.870995908906e-03  8.447257790576e-02 
 5.176532581031e-02 -3.110353968790e-03  3.149571845665e-02 
 2.025018292590e-01 -4.294769914365e-01 -1.544866687462e-01 
 1.841257666432e-01 -9.878023640977e-02  4.282358874197e-02 
-6.097379422759e-02  4.186531117051e-01 -4.154398245902e-02 
-1.471578165001e-02  4.503907536405e-03  2.227421946476e-02 
-1.440474155313e-02 -4.080546457677e-01  8.098705234932e-02 
-9.094520524121e-02 -3.998272206321e-02 -3.477726146615e-02 
-4.053659412875e-02  6.257813442922e-02  6.393507526115e-02 
-2.311818181240e-02 -6.439446704074e-02 -7.007228767362e-01 
 8.460592323676e-01  4.035225587334e-02  8.612874036307e-02 
 3.871927217229e-02  5.768450650805e-01 -4.462451074328e-01 
-4.443133109056e-02  1.562507428932e-03 -4.751486945914e-02 
 6.692016102596e-02  2.802842510693e-01  4.590735746778e-02 
 1.035460856837e+00 -5.013350409726e-01 -4.355399465224e-02 
-1.198435375435e+00  7.358347474100e-01  6.396426419353e-01 
-8.019832858775e-03  3.067060112367e-02  1.131310616204e-01 
 1.304457120108e-01  2.022086084595e-02  7.506036761628e-02 
 3.780853773995e-01 -8.543570601255e-01 -3.127864633181e-01 
 4.768674057642e-02 -1.191415217574e-01  5.413021742176e-01 
 1.263287786788e-01  4.629118063900e-01 -5.680959877435e-02 
 2.152097927401e-03  1.709235623971e-02 -7.022431506381e-03 
 2.617998395944e-02 -3.949579708125e-01  2.391041028976e-01 
-6.491449488530e-02 -3.172719420810e-02  1.136883000242e-02 
-4.620330316473e-01  5.230038858460e-01  3.003594534889e-02 
 4.807508512448e-02 -4.006337292465e-02 -3.213640900047e-01 
 2.081677359227e-01  6.366321465353e-02  3.143597950440e-02 
-6.351631934472e-02  8.536812204580e-01 -7.438932769002e-01 
-4.489988603320e-02  1.488777670735e-02 -1.057000870572e-01 
-9.970759750297e-02 -5.109658691461e-01  6.865185613250e-01 
-2.855696897340e-01  8.706034366152e-01 -4.472788492022e-01 
 6.660994871571e-01 -1.086313787646e+00  2.021697582280e+00 
-3.773703357530e-02 -2.328048749658e-02  1.420104482142e-02 
 1.204680871494e-01  1.168903418327e-02  5.150445743996e-02 
 2.275464905733e-01 -8.139378129632e-01 -2.364642569284e-01 
 5.646472367926e-03  2.263196345079e-01  4.009907469656e-01 
 5.663025810405e-01  1.025050940249e-01 -8.584176807503e-02 
-1.955489244245e-02 -4.363325350958e-03 -9.156374337550e-03 
 9.615427781131e-03 -6.460773195453e-01  3.309101145965e-01 
-1.274697412834e-01 -3.144050793691e-02  2.047863665840e-02 
 2.148634057057e-01 -9.236325338952e-01  1.227631896551e-01 
-1.902524025921e-03  7.274916799532e-03 -2.609845795009e-01 
 5.585894104293e-01  7.904338778166e-02  1.316839365813e-01 
-3.453769067400e-02  8.309295591667e-01  2.536070084009e-01 
-5.183159188036e-02  3.983957574022e-02  3.553798925654e-02 
-1.161790330116e-01 -5.934223579375e-01  7.575075269879e-01 
-2.968411140853e-01 -1.401687241818e-01 -2.132648082818e-01 
 4.866857161351e-01  3.010466726318e-01  8.226696016497e-01 
-3.928037088387e-02  3.897580633912e-02  9.548785936153e-02 
-8.372788944801e-02  8.285704527048e-02  1.186580235108e-01 
 4.326790121455e-01 -1.141424438048e+00 -5.597776206033e-01 
-6.025330411195e-01  1.129538975132e-01  8.616898909486e-01 
 8.517114435292e-01 -4.850502841715e-02  1.035587914429e-01 
 8.141459669430e-02 -6.532398518743e-02  6.105189467858e-02 
 7.313047443080e-02  9.260537748408e-01 -1.366086629679e+00 
 1.609538697806e-01  1.512710622489e-01  6.492881842080e-02 
-6.668477694031e-01  8.990381967226e-01 -1.184834361892e-01 
 2.416921683354e-01 -6.417709873260e-02  8.981000037562e-02 
 3.155807379900e-01  5.235461455690e-02 -1.590928786301e-01 
-1.659288933114e-01  3.188660652339e-01  1.487957133926e-02 
-6.667074840933e-03  2.850019059827e-02  2.410595872121e-03 
 2.035080301234e-01  9.853628628648e-01 -1.819826883060e+00 
-1.549523451478e-01  8.201198151460e-02 -5.109381556387e-01 
 3.006110910976e-01 -1.544678686557e-01  1.047091587475e+00 
 1.356794398495e-02  6.668712265547e-02 -1.235308377303e-01 
-1.779179789517e-01  2.777711333100e-02  5.293284075362e-03 
 5.788012023184e-02 -4.658257263356e-02 -5.960201693873e-01 
 8.039520023111e-01 -2.470532545843e-01  7.514509582781e-01 
-1.712504679078e+00  6.425152816893e-02  5.794536017633e-02 
-3.963596340653e-02 -1.457305473513e-02  2.067479657671e-02 
-8.085816784964e-03  3.202364866868e-01  2.561438023921e-01 
 3.297301379996e-02 -7.861524075837e-02 -4.650534454898e-02 
-2.558900355556e-01 -9.157476829232e-01 -1.849278561125e-01 
-1.453090460160e-01  9.387456067765e-02 -7.711699938281e-02 
 5.810641956726e-01  7.451459640986e-02 -1.347255300235e-01 
-6.535855280914e-02  1.966508574850e-02  1.044778022340e+00 
 7.459322017228e-02 -4.081458057238e-02  1.802215407582e-01 
 2.403377720192e-01  1.104296015199e+00 -9.173276687141e-01 
-1.256610384037e-01 -1.071149574767e-01 -6.278322837576e-01 
 4.360262114653e-01  3.571554668378e-01  1.782614072637e+00 
-4.633542529340e-03  1.850372022479e-01  2.596007172696e-02 
 3.454285921924e-02 -7.786058541534e-02 -2.821515713252e-02 
-1.600472012819e-01  6.924962165188e-02  4.838989071953e-02 
-4.395712368883e-01 -8.933026360193e-01 -9.836168797954e-02 
 1.150362256512e+00  1.752549314720e+00 -8.586602972082e-03 
 3.151575699716e-02 -1.500406224349e-02  1.514302421569e-02 
-4.604401175195e-02 -1.603303579426e-01 -7.192485922689e-01 
 1.494301873828e-02  1.973320940636e-01  1.053608004255e-01 
 3.843517942026e-02 -3.945778672639e-02  1.564212999244e-01 
-6.537673908906e-03 -3.048970934828e-02 -2.182378648711e-01 
-1.767762444618e-01 -7.662709540131e-02  1.240631697682e-01 
 1.138241419560e-01 -4.836780559389e-01  1.540713846123e+00 
 5.081800577455e-02 -1.234022302572e-02  1.501795316198e-01 
 5.618155317909e-01  2.550187609195e+00 -4.560118318553e+00 
-7.358340808537e-02 -1.234857803837e-01 -2.593407814533e-01 
 3.515685346748e-01 -1.982133559236e-01  2.791220750989e-01 
-2.162526120288e-02 -7.159874807574e-02 -7.035648392210e-02 
-5.609090429220e-02 -4.253745062793e-03  1.133314413420e-01 
 5.834412296591e-01 -8.494189861012e-01  4.298820028710e-01 
-2.195756802194e-01  7.186042876650e-01 -8.146314153221e-01 
 1.190310350927e-02 -1.584563307709e+00 -4.959237282839e-02 
 4.629442269963e-02  5.278059891599e-02 -5.963115955158e-03 
 5.496360489432e-02  2.760478064770e-01  4.342833177667e-01 
-7.530924229155e-02 -1.029609745926e-01 -8.266879477773e-02 
-2.643811180779e-01  1.094476852818e+00  5.137915610589e-02 
 1.741451572760e-01 -5.172435249415e-02 -1.105698386301e-02 
-8.383251175092e-02 -7.685979689531e-03  2.043229153983e-02 
-1.721098362627e-02  2.013354233398e-01  9.651940971706e-01 
 1.188310558164e-01 -4.306146766947e-02  1.360698189273e-01 
-2.280707606293e-01 -1.062483074254e+00  1.551331138212e+00 
 2.380359212396e-02  8.576982660211e-02 -3.723838125688e-01 
 3.385680327932e-01  1.307625549619e-01  1.048673859499e+00 
-1.309948106589e-01  2.679803470928e-02  1.628510239583e-01 
-1.510166440107e-01  1.917665620531e-02  1.537568751797e-01 
 7.900852810076e-01 -1.562034895936e+00  7.203652335576e-01 
 1.595132640593e-01 -4.166651654070e-01 -1.407339378220e+00 
-6.701288739128e-01  9.269646133166e-01 -4.104391793404e-02 
-1.576266655676e-02 -4.027944475446e-02  7.354519225433e-02 
 1.071807555827e-01  3.240172600149e-01  5.483038366336e-01 
-4.995738557941e-03 -2.522785479677e-01  3.301052312213e-02 
-8.094354196780e-01  1.640811945573e-01 -2.076371903614e-02 
-2.917164403933e-02 -1.176128789145e-01 -5.063697993136e-01 
-1.311929534928e-01 -1.806712488201e-01 -1.303270351434e-02 
-1.244588394747e-01  2.032040528897e-01  8.524922633051e-02 
 1.159537991946e-01  1.207090023171e-01 -5.233630797604e-02 
 3.613154656453e-02  1.593957749849e-01 -7.704582782315e-01 
 6.116343429367e-02 -7.511678843099e-02  6.585242689918e-02 
-4.407998027546e-01 -7.223585355963e-02 -1.267014982203e+00 
-2.401932023838e-01 -6.884989086476e-02 -1.405188093747e-02 
-1.256579282988e-01  6.416655246469e-02 -2.100430819949e-01 
-8.933459119807e-01  1.999222322315e+00 -3.718068169187e-01 
 1.495371157901e-01  2.653483804383e-01  4.422290781874e-01 
-6.979030855765e-01 -7.864921549080e-01 -9.853235631026e-02 
 7.507834208458e-02 -1.656381067265e-01  1.737627004671e-01 
 8.563514890680e-03  1.751408815392e-01 -1.908024573466e-01 
 8.997637935563e-02  5.278832038373e-02  1.324888212676e-01 
-2.228443097906e-01  3.005868516089e-01  3.674763374599e-01 
-2.102272631940e-01 -8.078516246343e-02  2.090336795383e-01 
-2.870971054885e-02 -2.142161130559e-01  3.513309471092e-01 
-3.342046872353e-01 -3.988168149995e-01 -2.489760017857e-01 
 9.440309575764e-02 -4.806861546003e-02 -5.908799760367e-03 
-2.386203753391e-02 -7.713481974770e-02 -1.532356902038e-01 
 4.833695263535e-02 -6.558834397905e-02 -1.308828626932e-03 
 3.210307480324e-01  1.029948414827e-02  1.758249760436e-01 
-3.545798813165e-01  2.917623129924e-01 -2.571590887214e-01 
 1.924839966470e-01  3.113712180113e-01 -1.316393952081e-01 
-5.831343745226e-01  8.209478727723e-01  3.527780606225e-01 
 5.318384794229e-02  3.636098830752e-02 -8.978664232968e-01 
-4.450304714538e-01 -5.377665616754e-02  1.930858251675e-05 
-5.121256817788e-02  2.593427176795e-03  5.586304872418e-02 
-6.997097372798e-03  4.399806269581e-01 -1.015157173813e-01 
 1.526529383919e-02  1.065625706180e-01 -1.608702520031e-02 
-3.576301144360e-01 -9.317146748276e-03  1.059444708202e-01 
 2.112382181955e-02  3.298834920393e-01 -4.851950529707e-01 
 1.247368400195e-01 -1.236043344457e-01 -1.687583602400e-01 
-6.055998534364e-02  4.639855674816e-01 -1.635297816735e-01 
-2.529940335998e-01 -1.309316393258e-01  4.602245007772e-02 
 1.091804708232e-01  4.588746225843e-01 -6.144539736704e-01 
-2.252678436122e-02  3.254648161128e-02  5.042551808085e-02 
 2.751608127377e-01 -2.605015829304e-01  9.752400375666e-01 
-9.608331766263e-02  7.041532799446e-02  7.152303564616e-03 
-2.364770645856e-01 -3.545697624711e-01 -3.699841686869e-01 
-1.623886959040e+00  2.488900735717e+00  1.071038254263e-01 
-1.942761207441e-01  1.484653681307e-01  4.942201682467e-02 
 9.859016208966e-01  3.277912212601e-01  8.432239875590e-02 
-1.443951785645e-01  6.129443289198e-02  1.437443951482e-01 
 2.970204491201e-02 -1.095282833296e+00 -4.232200102957e-02 
 2.979941281303e-01 -1.155923252757e-02  4.364222940824e-02 
 6.574276637036e-02 -5.333249866364e-01 -1.775603469734e-01 
-7.995220884250e-02  1.611619875698e-01 -4.998019505829e-01 
 2.972804114844e-01 -8.485203179306e-02 -1.143073489535e-01 
-4.292002482002e-02  9.786414180484e-01 -4.252404615424e-02 
 1.868580306089e-01 -9.277663660156e-02 -1.462217430937e-01 
-1.952782979943e-02 -9.238377215545e-02  9.429715129387e-02 
-6.487832923935e-02  7.892854432571e-02 -7.243843133263e-02 
 1.768454805605e-01  1.233868478910e-01  4.742327376400e-01 
 5.092239319653e-01  1.617097214860e-01  1.365475904693e-01 
-1.743007674587e-01  4.757289201050e-01 -1.458633160665e-01 
-6.856716047743e-01  7.389599942338e-01  2.354550122224e-01 
-6.081912280522e-02  7.441995527599e-02 -2.016650609287e-01 
 2.784216368062e-01  1.595215579131e-01 -8.157234174823e-03 
 5.931048706427e-02 -4.013006225331e-02 -3.394809201836e-02 
 1.226103713220e-02 -2.983525438255e-01 -3.066143722362e-02 
-1.087666600756e-01  1.926011021964e-02  1.316780929989e-01 
-5.380122875483e-02  4.001420755310e-02 -1.409037953060e-01 
-7.101863565551e-02 -2.194121634291e-03 -2.234400906279e-01 
-1.470951026533e-02 -3.224830880074e-03  1.190885262185e-01 
-1.325968993106e-01  2.238735701226e-01  7.384298803999e-02 
 6.778387585127e-02 -3.782565358244e-01 -8.112487431184e-02 
 5.673052054759e-02  2.591731158348e-01 -2.833120012495e-01 
 9.016741900439e-02  1.170406641428e-01  7.333927736357e-02 
-2.880267224201e-01 -3.583316780979e-01 -1.314391123774e-01 
-2.249983816147e-01 -2.171695166493e-01  1.004578312994e-01 
-3.506738460995e-01  4.690145192371e-01 -2.073454618018e-01 
-8.347681043637e-01  1.575237351936e+00  4.007358129819e-02 
-3.418489295941e-02 -1.555298774627e-01  2.055285403313e-01 
 2.335776883418e-01  2.834686505220e-01 -1.668343316073e-02 
-2.051763656046e-02 -6.857374739071e-02 -6.987526354253e-03 
-1.783448980204e-02 -6.258556732529e-01  1.080643135280e-01 
-6.786994896088e-02  2.662149222593e-01 -4.885642557561e-01 
-2.900673775917e-01  7.961938040347e-02  2.144278211825e-02 
 1.304077868706e-01  5.864368160657e-02 -1.679153900480e-01 
 5.237381688230e-02  1.363038988493e-01  1.722282541048e-02 
 1.950420310558e-01  2.752032821718e-04 -3.860495411859e-02 
 1.650159733199e-01  2.249001166983e-01 -4.601409634664e-02 
 7.562128377376e-02  2.962197277060e-01 -2.129060992652e-01 
 1.261403493965e-01  2.144399150126e-02  4.935418641979e-02 
-1.146254570479e-01  8.939364755902e-02 -2.514979075986e-01 
-4.083660371512e-01  1.583320448037e-01  1.547825866492e-01 
-4.914176286018e-02  2.177046271765e-01  9.288607593428e-02 
 3.596570874605e-01 -6.602158865903e-01 -5.809116556348e-02 
-1.974503985534e-01  6.713302383482e-02  2.700073066161e-01 
 8.907270360993e-01 -1.028716991005e-01  9.487171817877e-02 
 8.195054210254e-02 -1.176462793931e-02 -1.496888154765e-02 
 4.456921094866e-02 -5.294197522093e-01  1.233191805541e-01 
 3.443214764926e-01 -3.540193398850e-01  4.816313989777e-02 
 8.384913852906e-01  9.547703357456e-03 -2.961050903769e-01 
-1.073045766789e-01 -2.424403048953e-01  2.236179495549e-01 
-1.317667187737e-01  2.294663647540e-01  2.919324570971e-01 
 2.099791198747e-01 -2.788744168523e-01  8.211847483100e-02 
-2.539089712029e-01 -1.227011242263e-01  1.211102658821e-01 
 2.252278664048e-01  9.593228264204e-01 -1.319057312716e+00 
-1.293482708142e-02 -1.677235569194e-02  2.117691775783e-01 
 1.993288563393e-01 -3.648772022765e-01 -7.159172180502e-01 
 2.818830369227e-01 -2.965787755019e-01 -2.153334700320e-01 
 6.729776802654e-02  1.084078541488e-01 -7.284190817286e-02 
-2.398717865688e-01  1.094665051302e+00  1.852368551915e-01 
-1.918356686975e-01 -3.653032306161e-01 -2.503086632734e-01 
 3.815565167602e-01  2.610692379398e-01  2.728293010553e-02 
 8.351786754532e-03 -7.594592830167e-02  7.744377258941e-04 
 5.882829365369e-02 -4.578635135851e-01  6.433945834658e-02 
 2.024144516280e-01 -2.797448355935e-02  1.463932373280e-02 
 1.631836786718e-01  3.910388766960e-02 -2.892055361740e-01 
-6.107977640940e-03  1.393784896999e-01 -4.826890916272e-01 
 3.772807198265e-01 -6.338789488600e-02  2.223086414753e-01 
-4.807160127937e-01  3.873447499151e-02 -6.930087172483e-02 
-2.781659067750e-01  4.197213121723e-01  1.683059062261e-01 
-6.851226144121e-03  3.074478756178e-02  6.207455918362e-01 
 3.002182917453e-02  3.598037149829e-02  5.405280803078e-02 
 2.379867430026e-01  1.933725656714e-01  1.138588243492e+00 
 2.802372097620e-01  2.323270154342e-01 -1.147961053499e-01 
-2.932017318455e-01  6.723534255706e-02  4.531746043595e-01 
 1.908098874148e+00 -3.376078257366e+00 -2.681623389231e-01 
-4.360279620861e-02 -4.567656861009e-02 -6.796612243345e-02 
 1.593338218982e-01  4.169443533471e-01  6.539257011595e-02 
-1.358619353306e-01  1.359454000548e-01  8.475259398527e-02 
-4.117872390148e-03  6.528388135590e-01 -1.075280651335e-01 
 2.898882930768e-01 -1.360264914414e-01 -1.817908900006e-01 
 4.042649857532e-01 -3.375472385715e-01  3.054227335833e-01 
 9.553651560077e-02  3.313670118987e-01  3.907045279780e-01 
-3.519584164309e-01 -1.759899387657e-01  3.536660370701e-01 
 1.880669703348e-01  7.997201004626e-01 -1.478048159857e-01 
-3.749931918731e-02  9.831092364798e-02 -1.633069334949e-01 
 8.320114574665e-02  3.317387520636e-01 -1.073110224379e-02 
 1.610286568518e-01  2.048940788943e-01  5.841825662782e-02 
 9.967968095548e-02 -2.170622007935e-02  6.804213225294e-02 
 1.279228255531e-01 -1.672668696438e-01  1.608232004216e-01 
-1.431586730317e-01 -1.585000639896e-02 -9.374345358460e-02 
-2.824993768419e-01  5.130668363617e-01 -2.714950601961e-01 
 1.013282345078e-02 -4.449832368432e-02  1.431212141017e-01 
 7.330396745354e-01  7.861327508182e-01  3.583482944909e-02 
-1.359775383348e-01  1.187959538894e-02  2.600237836308e-01 
-8.817840546548e-02 -8.965703324388e-01  2.878644629625e-01 
-3.512079319501e-02 -7.964684667962e-02 -2.588560463233e-01 
 1.127736440485e-01  1.713337367626e-01  1.119435187341e-02 
 1.698877773134e-01 -3.970900987312e-01 -9.115134759443e-02 
-3.143833537552e-01 -6.057772702588e-01 -2.737522329526e-01 
 5.382415284044e-02 -7.978384386265e-02  1.241161310436e-01 
-5.057834625302e-01 -2.296046478994e-01  1.923948717832e-01 
-1.168711764293e-01 -4.203766864911e-01  1.182415351082e+00 
 3.245307283062e-02  2.532462360044e-01  1.770514506258e-01 
 2.772231349483e-01  2.401329086185e-01  4.520690986824e-01 
 1.252120370788e-01 -1.612701652684e-01  1.778901810865e-01 
 3.954606509610e-01 -1.466925241464e-01  4.890464861745e-02 
 1.069996114286e-01 -8.080187218578e-01  2.110660070105e-01 
 1.590222404378e-01 -1.812766855512e-01 -8.713558591639e-01 
-2.194874370342e-01  1.094522351234e+00  3.897759815549e-02 
-5.229726819497e-02 -8.864217511954e-03 -4.561975293496e-02 
 1.813809477159e-02  3.656449615770e-01 -1.809786822456e-01 
 5.585210551624e-01 -7.699879050923e-03 -5.836599293338e-01 
-4.565208691443e-01 -9.228395506395e-04  3.514616119591e-01 
 3.390765599196e-02 -5.617353708301e-02 -6.973310343258e-01 
 4.091955707902e-01  2.340155633308e-01  3.686050981262e-02 
-1.973730982711e-01 -3.589949816196e-01  3.930112218889e-01 
 7.295908975427e-02 -4.672512127776e-01  4.115805367720e-02 
-1.105851097674e-01 -3.523959247619e-01  1.594033707463e+00 
 8.615448258822e-03  2.160509599299e-01  2.572962902894e-01 
-3.904634300470e-03  4.312118308022e-01  7.804964416242e-01 
-2.001120020316e-01  4.698188924172e-01  2.228556242393e-01 
-8.904271124806e-02 -3.864760412809e-01  1.957623478676e-01 
 6.513750577490e-01 -2.222036648900e+00 -8.107652631979e-03 
 2.547737212878e-02 -2.905431980677e-02  7.882291531614e-01 
-4.005031723516e-02  1.080975489736e+00  1.222387265220e-01 
 4.145108855823e-02 -4.056683529574e-02 -1.012191572581e-01 
-2.112198674322e-02  1.026058120089e-01 -9.423330515610e-02 
-4.851880613520e-01  2.084729950492e-01 -4.817184232501e-01 
 1.310890820976e-01 -2.826817741105e-01 -3.918659912424e-01 
 2.008179927823e-01  9.546053446576e-02  5.435670028063e-01 
-2.664380831228e-01 -1.049639452361e-01  4.167785351975e-01 
-4.482376064829e-01  4.525491008880e-02  8.357098453243e-02 
-5.721630547860e-02 -1.254122561459e-01  1.644929789465e-03 
-5.663692159322e-02 -1.720162863945e-01  1.007347121967e+00 
-4.525915932167e-02  5.776005392230e-02  5.149143936007e-01 
-5.614929397655e-02  4.431542686421e-03  3.249212709114e-01 
-8.026951296311e-02  1.867300767153e-01  3.699181160307e-01 
 4.735654261429e-01  3.630569745541e-01  1.092478074075e-01 
 4.089193771088e-01 -1.123199476229e+00 -3.252269587769e-01 
-3.452916736084e-02  3.258980756144e-03  4.769078589788e-01 
 1.337379643873e+00  6.609806040717e-01  4.382601256872e-02 
-6.331722762555e-02  1.733811474799e-01 -1.209922840855e-01 
-1.258696936782e-01 -7.826539485953e-01  1.627548713801e-01 
 1.519305960895e-01 -2.674134768961e-01  2.096380351053e-02 
 8.796806843222e-01 -3.703417484330e-01 -3.639227150720e-02 
 1.634551603802e-01  1.902363740662e-01  2.274641969742e-01 
-3.532783085521e-01 -4.290425043232e-01 -1.870570203143e-01 
-1.886029967305e-01 -5.124095034597e-01  5.246626973088e-01 
 5.836352097904e-01  2.111484522261e-01  8.840143973532e-02 
-1.377830194212e-02 -1.397823575449e-02  5.899795897833e-01 
 4.335310004473e-02 -1.707073498539e-02  1.508530262567e-01 
 1.391339793692e-01  1.700292600465e-02  4.611448949063e-01 
 2.133637062450e-01  6.361688195638e-01  5.393890971257e-01 
-3.087339008980e-01 -7.797182139049e-02  4.340844936565e-02 
-1.335575919307e-02 -7.408891613409e-01  1.356872385895e-01 
-7.296174413673e-02  2.778007172039e-01  1.773691866951e-01 
 7.150278954848e-01  2.950838138768e-01  1.112767647829e-01 
 5.911389876161e-02  1.492591053825e-01 -8.593773806735e-02 
 6.022529601378e-02 -3.603380018427e-01 -1.810655530570e-02 
 1.570482778627e-02  2.846086213748e-02 -1.841516534951e-01 
 5.374729148434e-01 -5.382813626057e-01  4.523996874197e-01 
-2.595141374702e-01 -7.129465656687e-02  1.630746867445e-01 
 1.779154697393e-01  2.666815509236e-01 -3.698012435352e-01 
-3.014586683791e-01  7.978993300175e-02  1.194179909669e-01 
-3.620591279744e-01  5.460914003964e-01  2.614322438796e-01 
 3.056172047541e-01  1.398238091843e+00 -1.680464797674e-01 
-2.466173463964e-01  3.450847331429e-01  5.502963466797e-02 
 1.258865704291e-02  7.613040134717e-02  2.852142556421e-01 
-2.364744852488e-01 -2.367118343882e-02 -1.493174786881e-01 
-1.138763921919e-01  8.399555006745e-02  2.520627502761e-01 
 9.044930951080e-01 -2.310523382137e+00 -8.851590974265e-02 
-1.914074043134e-01 -6.183282777463e-01  8.292881630411e-01 
 1.588574523996e+00  1.003233093914e+00  9.136058238335e-02 
-3.214480036354e-02 -1.359914865136e-01 -2.542651102415e-01 
-5.281838169151e-02 -6.563695929328e-01  1.812504836457e-03 
-1.067713955904e-01 -3.387747634403e-01  1.339151449642e-01 
 1.483757610126e+00 -4.471847327207e-01  2.808808027617e-01 
 2.447976405035e-01 -2.480792047575e-01  5.930595515612e-01 
-1.100514718628e-01  2.063787634430e-01 -3.919127085138e-01 
-4.632274046441e-01 -1.515017286685e-01 -1.140681981366e-01 
-3.779277813484e-02 -2.074165190406e-01 -6.201116363075e-01 
 1.143851662136e-01  4.452277575120e-01 -2.468244510849e-01 
-2.063164946863e-01  5.655117054091e-03 -4.902880552880e-01 
 6.415040004179e-02  1.099936656840e-01 -2.365256827135e-01 
 9.301081731168e-02  3.282119695744e-01 -4.790562314425e-01 
 4.356409677256e-01  1.542939874693e-01 -5.271689938674e-02 
-3.766080465727e-02  1.152836255011e+00 -1.156940320925e-01 
-3.279362965040e-01  2.386776768066e-01 -4.335183928654e-01 
-3.028361661149e-01  4.967035248235e-01 -3.098833079744e-02 
 3.065054727238e-02  1.011165595758e-01 -7.880468403538e-03 
-1.234483988254e-02 -9.543878273732e-02  8.715631191970e-02 
 1.568229002701e-01  2.001133575356e-01 -4.987181850249e-01 
-5.971111349368e-01  2.012508042545e-01 -1.896463747847e-01 
-6.153502156200e-01 -6.567983536087e-01 -7.245755587143e-01 
 1.830325532791e-01 -3.551622231231e-01 -2.256944867357e-02 
 4.685644935517e-02 -3.194007537665e-01 -1.666798619069e-01 
 2.105264962225e-01  2.749775850866e-01 -5.252527979755e-01 
 1.456334771913e-02  6.288985248957e-02  3.165542077419e-01 
 6.101102347537e-02  1.530753757879e-02  4.733120387926e-01 
-8.003220898071e-02  9.541224202869e-02 -7.333201074584e-02 
-2.350505677148e-01 -4.483198004898e-01  8.621675863455e-02 
-2.541396103794e-01  5.031050894011e-02  4.837808100355e-01 
 2.177318552152e+00 -1.580024448423e+00 -4.155999944711e-02 
-5.417950788471e-01  9.841733270906e-03  5.723325874902e-01 
 7.731888929979e-01  3.837949156028e-01  1.055040425126e-03 
-1.223745425376e-01  2.002752657067e-01 -8.618386604917e-02 
 1.795135745487e-01 -4.988519236536e-01 -8.378380663752e-02 
-7.014035679145e-02  5.083669490482e-01  5.539514156341e-02 
 5.919282854336e-02 -3.745967393097e-01 -9.957112018050e-02 
-7.922153971779e-01  1.994976416161e-01  2.142398498638e-01 
 7.544292774835e-02 -1.293160153260e-01 -1.985028566987e-01 
-1.427936011204e-01  7.909970439964e-02  2.061126383519e-02 
-1.788436733461e-02 -4.176616002634e-01  1.859914880972e-01 
 1.705080641587e-02 -8.132878017636e-02 -1.096665071187e+00 
-8.975327361173e-02 -2.318335632755e-01 -5.435558647862e-01 
-1.292462230533e-01 -1.450850971606e-01 -7.528662759806e-01 
-1.648491486753e-01 -3.139734398905e-01 -1.203892592809e-01 
-1.714767200652e-01  1.210757888105e-01 -2.183210390321e-01 
-8.198071195140e-01  2.058613655404e+00  1.933549529294e-01 
 5.732360715570e-01  1.085904693147e-01 -3.260766260086e-01 
-1.208265206906e+00 -9.566649181085e-01  3.292392127854e-01 
-2.837359783175e-01  6.928015151965e-01 -3.821427832696e-01 
-2.394342498598e-01  2.267217154316e-01 -8.806229396971e-03 
 1.227006421290e-01  2.584002780383e-01  3.251070469200e-01 
-6.373255169204e-01  6.782498775040e-01  1.218767614050e-01 
 1.753794513526e-01 -4.116837501965e-01 -1.886207274145e-01 
 1.301872999882e-01 -5.742263734966e-02  3.335397592263e-01 
-1.731306163615e-01 -1.590446826584e-01 -1.974673094058e-01 
-1.360042227805e-01 -3.298023797825e-02 -4.557136078943e-02 
 6.555662939692e-02  3.979373755384e-01  6.622041234530e-01 
-8.473889161668e-02  2.269382254530e-01  2.939541865333e-01 
 1.431783134854e-01  2.111064816608e-01  4.983223159277e-01 
-6.976679310200e-03  4.297882467601e-01  2.975057223095e-01 
-4.171624268004e-02 -2.994793983545e-02  4.278669137418e-01 
 1.596014801958e+00 -2.574734006664e+00  3.420745028468e-01 
 9.131080933048e-01  2.177507079360e-01  3.766729986116e-01 
 4.849631495810e-01  6.213176227941e-01 -6.734441167576e-01 
-2.361144174785e-01 -1.704300791829e-01  3.360695529814e-02 
-1.322342743894e-01 -6.168073178778e-01 -1.928916198989e-01 
 5.630240681855e-01  5.394057508797e-01  2.456000150332e-01 
 9.435035309686e-01 -2.948513059804e-01 -3.609966985443e-01 
 3.916506027277e-01 -2.651614603276e-01  4.358419266297e-01 
-1.222896742657e-01  1.180353053688e-01 -1.288978996836e-01 
-1.467791193017e-01 -1.125276897549e-01  1.637990326231e-01 
-8.645639509873e-02  1.087193613758e-01 -8.075000419945e-02 
 4.005576240448e-03 -1.166913127859e-01 -5.631901901331e-01 
 3.700311047325e-01 -1.077749289996e-02  9.873563930453e-01 
-1.313327189309e-01  6.953771272719e-02 -3.453467840471e-01 
 1.142598665363e-01  3.599249543580e-01 -5.813531807288e-01 
-4.955229034728e-02  8.080360448236e-02  1.571539413133e-01 
 5.129039427077e-01 -1.251539694988e+00  2.150097004191e-01 
 1.302954709384e-01 -1.013792491524e-01  2.895309837311e-01 
 9.993753128381e-02  5.860817054913e-02  4.179889081743e-01 
-5.705423954066e-01 -1.185097695670e-01  4.149819262736e-01 
 2.778619838555e-01  5.942543694267e-02 -1.033413727393e-01 
-4.185475072255e-01  1.919229102825e-01  2.129979421542e-01 
 6.525645270607e-01 -8.572351657709e-02  1.282293558321e-01 
 9.426419770373e-02 -5.888849837109e-01  5.904491620348e-01 
-1.036550495031e-01  4.053209110976e-01  1.025011190163e-01 
-1.123486404436e-01  1.197456774806e+00 -3.127456390691e-01 
 5.157289606946e-01  2.639233629021e-02  6.524388744491e-01 
-3.146457445597e-02 -2.419282086254e-01 -2.388473804411e-01 
-4.593246472834e-02 -1.545376920892e-01 -8.014267845087e-02 
-7.864427480957e-02 -1.404816495569e-02 -1.906652075816e-01 
-6.586563826356e-02 -2.138990864328e-01 -2.195838539699e-01 
-1.149275718919e-01  8.518826068968e-02  3.440482234576e-02 
-1.954088330069e-02 -9.750814594866e-01 -4.282939553063e-02 
-6.651813186447e-01 -3.613181023020e-01  6.651908901665e-01 
-1.913541203784e-01 -5.436244367029e-01 -4.823750597184e-01 
-8.749186425041e-03  5.990519821674e-01  6.299739425666e-01 
-6.062507141140e-01  1.220136239466e+00 -3.819499949105e-01 
-1.721886278975e-01 -4.517244477543e-01 -3.240072036869e-01 
-4.789961127980e-03 -1.076513199836e-01 -3.116114178539e-01 
-1.469657133961e-01  3.589811818978e-02  1.450490058866e+00 
-3.065973614852e-01  7.945495735722e-01 -6.085205150272e-02 
-4.796252609202e-01  2.024828615104e-01 -1.495134083319e-01 
 8.508022362320e-02 -9.020775858249e-02  7.584135130587e-02 
 1.229990247983e-01  8.049276948714e-01  1.025716082374e+00 
-4.215683749300e-01  1.611927546024e-01 -9.350934484419e-01 
-6.316283055298e-02  3.906580358682e-02  2.010654721920e-01 
-3.075138031659e-02 -2.250864950864e-01  9.451928204947e-01 
 7.529508825998e-01  1.906725243750e-01  2.128997328571e-01 
 7.207300833118e-01 -1.440080631113e+00  2.115404842692e-01 
 4.654726353234e-01  1.071427233803e-01  5.272125604463e-01 
 5.376039343571e-01  2.512400395818e-04  3.711783473352e-01 
-5.926323879775e-02  1.289938779296e-01  6.445731556794e-01 
 3.929509884612e-01 -7.082247145707e-01  9.081183242613e-02 
-2.299432908340e-01  4.513003867968e-01  1.001556094754e-01 
 9.497252600679e-01 -3.762043433263e-01  3.858571314953e-02 
 2.659963942716e-01  2.266329766604e-01  7.492992545595e-01 
-2.350334128076e-01  3.210518773442e-01  2.554241327391e-02 
-8.310031744312e-02 -2.319490250254e+00  6.141407749191e-01 
-3.993378712060e-01  1.544547792739e-01 -1.095238311631e+00 
-2.824235840201e-03  3.321720952270e-01  5.348327554547e-01 
-1.524219149705e-01  2.125962659112e-01 -1.564095443132e-01 
 1.965213178586e-02 -3.913450780291e-03 -8.261245016926e-02 
 3.984479970232e-02  2.104104838839e-01  7.777390535301e-01 
 3.057833065435e-01 -3.985565156967e-02 -5.508143433340e-02 
-2.415376649866e-01  1.118696663189e-02 -2.572186711410e-01 
-9.246363805412e-01  1.704730723504e-01 -2.418028195074e-01 
-6.817568545901e-01 -1.218472892708e-01 -9.244609769117e-02 
-1.118398993940e+00 -5.244523539855e-01 -2.914619592685e-01 
-3.924484266601e-01  1.666823051180e+00 -4.480986326589e-01 
-2.632903039002e-01 -6.364341337767e-01  2.146878456818e-01 
-2.215499977492e+00  8.109449497506e-01 -1.400923046839e-01 
-8.732183135552e-01  1.608135349472e-01 -4.656617867604e-02 
-1.737165530127e-03  7.091023077705e-02  1.388836251270e-01 
 6.272553510006e-02 -1.158776335531e+00  3.326068117239e-01 
-3.122763635658e-01  1.942449499840e-01 -4.048603575871e-01 
 3.756087186095e-02  1.932740783372e-01  2.422852805408e-01 
-3.009266741925e-02  8.397579216670e-02  7.018355690527e-02 
 6.659053034673e-02  1.781488725419e-01  3.954716701448e-02 
-2.248953317625e-02  8.741369360302e-02  1.847841287688e-01 
 3.196598999042e-02  3.450513059445e-02 -2.242710729233e-01 
-1.214592307767e+00 -1.839708352416e+00 -5.622960486349e-01 
-3.713602711508e-01 -5.100409208219e-01 -8.873484496456e-02 
 7.684357869507e-02  2.161606561152e-01 -8.597462576518e-01 
-4.166397448719e-01  6.404876498973e-01 -3.212768456053e-01 
 1.307229013350e+00  3.527197570448e+00 -1.426179154299e+00 
-6.735027000747e-01 -1.039549102332e+00 -6.126188246543e-01 
 2.064801447763e+00 -7.417227827259e-01  1.103169087358e-02 
 9.212795749430e-01 -3.707128911539e-01 -1.816614817798e-01 
-1.779525627422e-02 -2.771023449842e-01  4.819884837647e-02 
 1.332103563408e-01 -2.467746568805e-01  7.909447590476e-02 
-7.751149607159e-02 -6.403286296291e-03 -8.188378013975e-02 
orbocc
(*)
 0.000000000000e+00  0.000000000000e+00  0.000000000000e+00 
 0.000000000000e+00  0.000000000000e+00  0.000000000000e+00 
 0.000000000000e+00  0.000000000000e+00  0.000000000000e+00 
 0.000000000000e+00  0.000000000000e+00  0.000000000000e+00 
 0.000000000000e+00  0.000000000000e+00  0.000000000000e+00 
 0.000000000000e+00  0.000000000000e+00  0.000000000000e+00 
 0.000000000000e+00  0.000000000000e+00  0.000000000000e+00 
 0.000000000000e+00  0.000000000000e+00  0.000000000000e+00 
 0.000000000000e+00  0.000000000000e+00  0.000000000000e+00 
 0.000000000000e+00  0.000000000000e+00  0.000000000000e+00 
 0.000000000000e+00  0.000000000000e+00  0.000000000000e+00 
 0.000000000000e+00  0.000000000000e+00  0.000000000000e+00 
 0.000000000000e+00  0.000000000000e+00  0.000000000000e+00 
 0.000000000000e+00  0.000000000000e+00  0.000000000000e+00 
 0.000000000000e+00  0.000000000000e+00  0.000000000000e+00 
 0.000000000000e+00  0.000000000000e+00  0.000000000000e+00 