2mocoef
header
1
MO-coefficients from MOLCAS
1
48   48
a
mocoef
(*)
 7.474976568509e-05  1.382691816678e-04  1.058379261707e-03 
-1.840836635718e-05  1.077793934511e-04  1.882211941133e-04 
 8.943854512629e-05  4.595970720096e-04  8.795073473767e-04 
-5.507389714292e-05 -1.326222647525e-04 -2.148370266902e-04 
-5.854464693068e-05 -2.094162236802e-06  1.001006773054e+00 
 5.337592044831e-03 -5.032012217263e-03 -3.937071417724e-04 
-1.553574190506e-04  9.518853355305e-05  8.139583637794e-04 
 7.435593254291e-04  9.006591814232e-04  4.229364527583e-04 
 2.355629995275e-04 -4.313529235224e-04  1.248977381855e-04 
-6.241913306861e-04 -1.611143200242e-03  1.153214244160e-03 
 4.074945840744e-04  6.283261215051e-04  2.481867073021e-04 
-2.705218932651e-04  3.143177573376e-04 -1.888376708954e-05 
-6.812555144845e-04  2.958858262989e-04  7.733843705484e-04 
-1.649685462817e-04 -1.511311709260e-04 -5.147877018519e-05 
-2.382573184989e-05  2.011290484352e-04  1.292015650370e-04 
 8.266409052985e-05 -1.819162688226e-04 -2.794195899308e-05 
 1.000747838603e+00 -7.182001309522e-03 -6.726941774980e-04 
 3.723211449754e-04  4.653066031098e-04  2.012500388660e-03 
 4.637454809700e-04 -8.212418933516e-04  1.447008859713e-04 
-7.757984772179e-06  5.149695808642e-05  8.849167028614e-04 
 3.061950741300e-04  1.150222122054e-04  3.788913008645e-04 
 4.781885461114e-04 -2.945484247665e-03 -8.576403316767e-04 
 2.502937476167e-04  5.885582585385e-03  8.670716023772e-04 
 2.001582019441e-03  3.927930189992e-04 -1.230530657836e-04 
-6.974045119015e-04 -6.917894410199e-04 -1.591138172974e-04 
 2.241106609745e-04  5.004950636020e-04 -7.359569407567e-04 
-1.753361345671e-04 -2.956684443957e-04  5.763085378898e-05 
 1.981697178476e-03  5.404650961117e-05 -7.816955725319e-05 
 8.253027363777e-05  4.905562355236e-04  2.972492710142e-03 
-9.197777557011e-04  2.515512257823e-04 -2.641896991407e-04 
-3.249529534966e-04 -7.476024619712e-03  4.850456331031e-03 
-4.315745691815e-04  1.130738902733e-04 -9.074243484649e-04 
-4.843293110603e-03  5.153466426066e-02 -4.744565590097e-02 
 1.757497764529e-02  2.453464679677e-02  1.170452255322e-01 
-7.963308481730e-03 -1.225498175861e-02 -5.653789053576e-02 
 2.172482567960e-03  1.542340331168e-02  8.830398626427e-03 
 1.068239961770e-03 -3.177000098232e-03 -8.588779421363e-03 
 8.482920079470e-01 -1.724062756392e-01 -1.018160832148e-02 
-1.682569008627e-02  1.058671662269e-01 -1.666297469520e-03 
-1.433127197819e-02 -3.516884535070e-02  4.373342056320e-03 
 4.328534179827e-03 -8.169367485312e-04  3.097737763291e-04 
-4.334926768944e-03  3.502066126038e-01 -1.748936297383e-01 
-1.825517364422e-02 -3.240726786803e-02 -8.522163925728e-03 
 3.158512425085e-01 -1.593981502979e-01  3.240595424369e-03 
 3.800422637020e-02 -4.204138393221e-03  2.234319562623e-01 
-9.938378318694e-02  2.725764362046e-02 -2.281266999278e-04 
-1.074906793793e-02 -5.411892769443e-02  1.617353739744e-02 
-1.527095683562e-03  3.087506529298e-03 -1.133709628412e-03 
 2.516954714738e-03  5.182258067619e-02 -2.689490246645e-02 
 1.175045312393e-02 -3.624590442050e-02  1.829065417958e-01 
-6.272169297582e-03  5.282745030081e-03 -5.256273737294e-02 
-2.314457044823e-03  1.958930722798e-03  1.969846131119e-02 
-3.591824635611e-03  4.244728085227e-03  3.875649797287e-03 
-7.217738032318e-02  9.122715747024e-03 -2.504412730418e-01 
-6.599296605085e-01 -3.603889237946e-02  6.824715207292e-02 
 1.771645783198e-01  4.691783149610e-02 -2.371010986406e-03 
-5.051049899174e-03 -8.412403227515e-04 -3.880305505593e-03 
-5.878104512798e-04 -5.974104518791e-01  2.607069595319e-01 
 1.985937451519e-02  3.113742790684e-02  1.687172900751e-02 
 4.996505698055e-01 -2.308206964336e-01 -5.902005472965e-03 
 3.410062491434e-02 -1.495266362332e-02  9.992903680885e-02 
-4.099343667323e-02  2.516150122676e-03 -1.687973940893e-02 
-5.512140598536e-03 -1.111443190695e-01  4.438662366172e-02 
-4.461492553500e-03  1.053836575978e-03 -7.057564100289e-03 
-4.450508428514e-03  9.343304735988e-02  2.100236690343e-02 
-1.571455907655e-01  9.011447250152e-03 -2.087597025833e-01 
 4.611022323415e-02  6.359097177453e-03  7.868686682410e-02 
-9.673083957629e-03 -5.063779319541e-03 -7.712695852851e-03 
-1.703371357336e-02  3.583002002038e-04 -3.657648223289e-03 
-9.604415958277e-02  1.610118158067e-02 -6.391438555201e-01 
 2.112854566134e-01  1.667022608814e-01  2.456187975986e-02 
-6.675865508641e-03 -8.753324748360e-03 -1.990164719956e-03 
-3.018176124667e-03 -2.495792853828e-03 -7.550370585994e-03 
 1.958673721626e-02 -1.175012442917e-01  4.601782501886e-02 
-1.585616360635e-02  1.114308901661e-02  6.764666741581e-03 
-1.636117809137e-01  5.858799347182e-02 -2.194789865565e-02 
-4.766326188157e-03  1.172011941035e-02  5.285943078511e-01 
-1.716460450120e-01  3.027984051765e-02 -1.482814797466e-03 
-1.848080684714e-02  2.432935419801e-01 -9.312194191426e-02 
 4.664555562767e-03 -3.210889416804e-03  1.644164232124e-02 
-5.248518361228e-03 -1.881983181608e-01 -4.521831388551e-02 
-9.049370389846e-01  4.399271892721e-02  1.813476105081e-01 
-4.609104694712e-02 -9.389715644399e-03  6.364090765271e-03 
-1.477607783837e-02  3.213488803307e-03  6.401513319175e-03 
-1.207299832030e-02 -6.153743504590e-04  2.641329155300e-03 
 6.787815290920e-02  9.495977100847e-03  8.069189121614e-02 
-1.872483196066e-02 -6.805401835215e-02  4.983631858108e-03 
-1.195563245364e-02 -1.089988775623e-02  1.607396002210e-02 
-3.876886903001e-04 -7.932092331765e-03  2.890410085253e-02 
-8.603937845444e-03  1.022197148906e-01 -1.203070642771e-02 
 7.186902132617e-03  2.718393386031e-04 -3.090311003268e-03 
 9.038325291232e-02 -1.672539765774e-02 -5.054188808027e-03 
-3.315654403614e-04 -7.693243634042e-03 -2.723200219059e-01 
-6.820457944479e-03 -1.000953564808e-02 -1.578321042133e-03 
-1.430123254764e-03  1.251342137608e-01 -3.644039800712e-02 
-2.079340845689e-02 -5.009442116937e-04  1.367259053321e-02 
-7.028372114014e-03 -8.067910527330e-01  1.132413639531e-01 
 4.546142576897e-02 -7.074213958973e-02  4.133808088833e-02 
-6.587786777198e-03  3.239144949184e-02 -2.619026249913e-02 
-1.638545384963e-03 -8.832472161679e-03 -1.392669933168e-02 
-7.633060337921e-03  3.907201355629e-03  2.405560433751e-03 
-4.294919007855e-02  2.900362131661e-02 -5.413775291162e-02 
 1.786845444022e-02  3.689970194888e-01  6.976638141131e-03 
-1.469668778810e-02 -4.553361798505e-02 -1.132304652829e-03 
-1.154913804432e-02 -1.462323137458e-02 -7.924056569565e-03 
 2.298810821411e-03  5.827355011688e-02 -3.322036624715e-02 
-6.274127589887e-03 -6.595920914355e-03  4.810639063757e-03 
 5.915894124075e-02 -3.648399483670e-03 -2.458918118735e-03 
 5.692872039919e-03  1.413794982874e-02  1.612081877045e-01 
-5.752626217392e-02  1.291286656492e-02 -3.356765682284e-03 
-3.010064079227e-03 -3.999210735919e-01  1.794316326946e-01 
-9.857315078535e-03 -4.381491481353e-04 -2.687151120964e-02 
-1.688542775764e-03 -2.961751022906e-01 -1.654362573534e-01 
 3.343840657728e-02  7.468755205474e-01 -3.556806570168e-01 
 1.164939374505e-02  3.551834472616e-02 -4.930788942669e-02 
-2.793461462029e-03  9.334594424497e-03 -7.150335589394e-03 
 1.085528073793e-02 -1.439523364077e-02  1.383718347503e-03 
 1.728388516349e-01  1.340364233915e-01  5.125151725371e-02 
-2.479404813718e-01 -5.320365684029e-02  2.729953786062e-02 
-1.088069969885e-02 -1.430254377982e-03 -4.957712080614e-03 
-1.891038227617e-02  1.346801407535e-02 -2.709989127634e-03 
 6.936087986596e-03 -2.133816977918e-01  4.456680503040e-02 
 7.164923543680e-03 -1.755036598438e-04  1.032897264675e-03 
 4.335318506285e-02 -9.007917174743e-03  7.736666121636e-03 
 2.236428131799e-02  2.628464824242e-02 -8.468995078207e-03 
-9.060721905390e-03  1.100867348107e-03 -6.382142694333e-03 
 2.250905708855e-03  3.150580058657e-01 -1.092016615869e-01 
 1.043093421767e-02  1.831924426627e-02  1.102809552116e-02 
-1.229232500584e-04 -1.253243615647e-01 -3.866801639708e-02 
 9.988640482889e-02  2.163313488930e-01  4.239429306938e-01 
-2.310354052509e-02 -5.853515399567e-02 -1.202256653103e-01 
 1.806753566902e-03  3.630482672283e-02  3.308681074361e-03 
-1.115144673250e-02 -1.216505370842e-02 -7.999538221383e-04 
 8.908204380177e-02  6.234951332756e-02 -2.807522748413e-01 
 1.870350878709e-01 -5.916854381389e-01 -7.737169969149e-03 
-9.681388923134e-03  1.033809727216e-02 -9.316428248253e-04 
 1.078702507613e-02  1.200172509921e-02  4.143554439172e-03 
 8.429051998800e-03 -1.272241737485e-01  5.400317836845e-02 
-2.011148401550e-03  1.433433811994e-02 -8.106627486303e-03 
-2.953269232730e-01  8.281787785914e-02 -7.328928533250e-03 
-1.686983763273e-02 -9.856198122264e-03  4.085490109932e-02 
-3.916424006174e-04 -3.500121064098e-03  5.525198552487e-03 
-1.006477960510e-02 -4.094103663318e-01  1.595234025841e-01 
-9.007173227025e-03  8.865261163988e-03 -1.579219640044e-02 
 3.551590794726e-03 -4.317012065037e-03  4.845536539268e-02 
 7.758704544651e-02 -1.269451042729e-01 -9.955839618092e-02 
 7.097981953497e-02 -5.543863663839e-02  1.998410356729e-02 
-3.135280846538e-03  2.194024100510e-03  1.287860426908e-02 
-4.562036751729e-03 -4.232533122624e-03 -2.029742779206e-02 
 2.744529151709e-01  7.287926089884e-01 -3.933024028022e-01 
 5.420185280080e-02  1.408711550196e-01 -2.497396697752e-01 
 6.103932229761e-02  1.444843547567e-01  8.433601885512e-03 
 2.956215589702e-03 -9.265708408278e-03  4.389904957819e-03 
-1.777711204238e-02 -4.300349614691e-02 -2.456703374824e-01 
-4.028696295604e-03  1.285635353068e-02  3.455117327771e-03 
 4.607662131032e-02 -2.289860204110e-01 -4.445926761235e-05 
-3.730826640793e-03 -3.313223032418e-04 -3.851952480354e-01 
-8.393001960971e-01  4.272691428518e-03  2.567113182876e-03 
-6.077393461813e-03  7.261450446690e-02 -1.553632640155e-02 
 6.956628519765e-03 -7.670617903851e-03 -4.819232789089e-03 
-4.768142150372e-05 -9.277370544564e-03  1.123509821447e-01 
-4.935163072766e-02 -1.912442622854e-01  8.907974018258e-03 
-2.945846207042e-02 -1.643788784576e-01  2.375045248249e-01 
 5.198483299816e-03  2.152174902049e-02  9.452628419544e-03 
 1.304856047157e-02  1.372659165109e-02 -1.752060880043e-02 
 2.406083297731e-01  7.980858360191e-01  3.232101367538e-01 
-9.156730571453e-02 -1.897258049738e-02  3.070040373945e-01 
-8.639084346530e-03  1.112737821555e-01 -2.450957171370e-03 
 1.300613002705e-02 -4.312295716864e-03 -9.000408051827e-03 
 1.548307167759e-02 -2.464768088989e-01 -9.087249356146e-01 
 1.418017106266e-02  2.743461563242e-03  3.997057299320e-03 
-3.835911664631e-01 -9.809878055045e-01  6.323909474747e-03 
-1.676754492809e-03  1.075320121440e-03  3.271773545497e-01 
 6.095785620018e-01 -3.933530430303e-03  2.201820376320e-03 
-4.622567358828e-03  9.371446355909e-02  1.670270900261e-01 
-4.133061749006e-03 -1.281403223825e-02 -5.973545030580e-04 
-2.240808875927e-02  3.964445588323e-01  1.074619540586e+00 
-9.676970647903e-02  1.922526260161e-01  1.008935737409e-01 
-1.323592481619e-01  1.720154191630e-01 -6.206358345417e-02 
-4.829182408295e-03 -1.994550789456e-03 -8.313962934901e-03 
-4.228182940216e-03  5.008621858729e-03 -5.880644853822e-03 
-1.342910718098e-01 -7.171561698979e-02 -6.375290317299e-03 
-2.294127419316e-01  3.435673098051e-01 -5.508896171877e-02 
-3.384886701654e-01  2.943469047037e-01  3.465817577546e-03 
 1.321272807114e-02  2.104990597540e-02  4.856682772553e-03 
 6.227867527748e-03  6.703098075323e-02  6.017082309112e-01 
-5.899499890250e-04 -9.894058884443e-03  2.098005891090e-02 
-2.815264307096e-01 -9.035126080949e-01 -1.831645526907e-05 
-6.860448710304e-03 -5.839316132303e-03 -1.328564503693e-02 
-3.410517368187e-02  1.652120019098e-03  9.553499769661e-03 
 9.964776978487e-03 -2.314062952042e-01 -9.181865569430e-01 
-4.498721284666e-03  9.152081929518e-03  1.246344536832e-03 
 1.384141670061e-02 -1.807975487737e-01 -6.925437393784e-01 
 7.043536848188e-02 -1.985906992883e-01  1.249279597006e-01 
 1.965675905722e-01 -2.236293741784e-01  4.185630379888e-01 
 5.137693420343e-03  1.017264039440e-02  1.637005260323e-02 
 2.492138517329e-04  4.092784700413e-03  8.035177154754e-03 
 2.893134423826e-02 -1.862359547969e-01 -1.153426749347e-01 
-3.057925784020e-01 -1.423019516206e-01 -1.910093567923e-01 
-4.314956576153e-01 -9.118589830673e-02 -3.462419363008e-03 
 3.456846065877e-03 -1.372108393633e-02 -6.570151729144e-03 
-2.663447790092e-03  7.610591610772e-02  1.241276102252e+00 
-4.788389235629e-03 -4.599631937370e-03 -6.773753796969e-03 
-2.904251866065e-02 -1.173284533091e+00  4.178135758135e-03 
-6.753720074164e-03 -8.387685950611e-03  1.642638473488e-02 
 3.124291583983e-02 -2.347863901249e-03  1.304676503771e-02 
-1.943687014818e-03  1.717722701012e-01  1.136630605084e+00 
 2.785007920633e-03 -7.932949518656e-03  3.565963133062e-03 
 1.914874964917e-02 -8.653032931933e-02 -2.200844224361e-01 
-1.251197772435e-01 -2.125148116924e-01 -5.293882245641e-01 
-2.857820629923e-01 -4.387767392341e-01 -1.389785539760e+00 
 3.563505953019e-03 -7.236841456495e-03  1.695176838402e-02 
 1.982654785655e-02  4.677776095081e-03 -1.834378844197e-02 
 1.298487923175e-01  6.557373556637e-01 -2.423567950053e-02 
-1.323472555955e-01 -4.274871609936e-01 -7.052410276535e-02 
-3.838965977410e-01 -7.079831404340e-01  8.682705632062e-04 
-2.296453237311e-02 -1.670509992532e-02 -4.426264152838e-03 
-4.156568072612e-03 -5.359485573983e-02  6.956501617405e-01 
-2.395228971559e-04  1.581878413986e-03 -2.075077241914e-02 
 1.076098726853e-01  2.016085566553e-01 -5.018412410284e-03 
-6.047105930264e-03  8.482602766837e-03  6.854416018920e-02 
 1.165481202807e-01 -1.758666181084e-03 -5.157998374213e-04 
-2.114002290465e-03  3.240386941982e-01 -1.867469791881e+00 
 4.189016890703e-03 -2.671500960060e-02 -1.497502114661e-02 
-6.068861809209e-03 -8.529574155303e-03  3.466490071191e-01 
 3.002813456243e-01 -1.207609612826e-02 -1.452453015191e-01 
-1.284150748062e-01  5.994676165300e-02  3.161746930354e-01 
-1.556224348430e-02 -7.442817982258e-02  9.170675274415e-02 
-2.065172408569e-02 -5.282130856669e-03  4.293956292402e-02 
 6.479743119004e-02 -2.963440371076e-01 -2.491234175152e-02 
 1.894488484227e-02  8.162610908782e-02  8.371635884265e-03 
 1.237392099423e-01 -9.045584184368e-02  5.088736457694e-02 
 2.020192557013e-03 -5.125729745413e-02  3.693358804941e-02 
-1.258287441608e-01  8.016400014089e-01 -1.001852725494e+00 
-1.000781403069e-02  9.390385130391e-02  1.941801872333e-02 
 1.295260901875e+00 -1.734924635185e+00 -2.744870492518e-02 
-8.531177507532e-02 -4.316696243169e-03 -1.081962180477e+00 
 1.740851527311e+00  1.586648108275e-02 -1.918543327523e-02 
-2.774556295122e-02  8.435127722022e-02 -1.003694766797e-01 
 1.389715340276e-02  1.264743785682e-02 -2.974154534667e-02 
 1.957092119605e-01  8.450947519497e-01 -1.444578705798e+00 
 1.111202680865e-01  7.069639630672e-01  6.509207184528e-01 
-2.265150651471e-01 -1.012935734744e+00 -1.771520207018e+00 
-1.286236365270e-02  3.880249049267e-02 -2.480263224716e-02 
-2.995050169983e-02 -3.094793134544e-03  1.095156964361e-02 
 1.578016219093e-01  5.738800805835e-01 -1.973507025583e-01 
-3.437937978691e-02 -3.688996519737e-02  2.827353627929e-02 
-3.067631091256e-01 -2.506034604584e-01  1.736785625635e-02 
 7.160504077741e-02  1.090463290021e-01  6.144293790908e-02 
-1.970041869630e-02  1.740213629662e-01 -9.610284215723e-02 
-2.830112498907e-02  1.404318369502e-02  1.085306430679e-01 
-6.990821290970e-01  1.010944746030e+00  7.021917427042e-03 
 4.229139833602e-02 -4.508277720573e-02 -9.997366273216e-01 
 1.110442067007e+00  5.790168966510e-02  2.566447384087e-02 
 4.951361605200e-02 -1.389003700661e-01 -3.425961527271e-01 
 1.059629462251e-02  1.788982400907e-04 -2.112178421509e-02 
-1.879786979664e-01 -8.219936910454e-01  1.026991428849e+00 
 7.756352678542e-03 -3.149644761843e-01 -4.240302069158e-01 
-2.064435255685e-01  2.546002585639e-01  7.783818998746e-02 
 2.337432123645e-03  8.037212557173e-02 -1.088951140073e-01 
-9.103293780281e-02 -1.943343979201e-02  6.076468337918e-02 
 4.931323803234e-01 -5.435448378805e-01 -1.700097556699e-01 
-1.537682454543e-01  2.481180437110e-01  3.222325487643e-01 
 2.739316311016e-01 -2.864172181242e-01 -5.378758539486e-02 
-8.234622281206e-02  2.790492662557e-02  4.344590912186e-02 
 3.379273148595e-02 -7.863041208881e-01  5.539785889689e-01 
-5.690834078279e-02 -9.190914390447e-02 -3.223660031224e-02 
-1.050123633258e-01  7.546804939036e-02  2.487495501896e-02 
 1.155509910949e-01  7.598189092554e-02 -9.715021876434e-01 
 1.092098841878e+00  9.237672528631e-02 -5.382484832100e-03 
-8.224401617121e-02 -1.083085447725e+00  7.170458923424e-01 
 2.570649387295e-02 -3.619080963737e-02  6.844390304960e-02 
 3.699695542015e-02  1.305322545823e-01 -7.661124148674e-02 
-1.098831506218e+00 -6.238855892925e-01  4.751318285161e-01 
 1.481316921622e+00  8.209617284723e-01 -4.669963540096e-01 
-3.044583750022e-02 -1.245705310645e-02  5.976460043106e-02 
 1.328783090394e-02 -8.858966694356e-03  1.338730672553e-02 
 1.060145419013e-01 -1.874824538027e-01 -7.969143810329e-02 
 1.507036495633e-01 -7.107263975568e-02 -8.758747193669e-02 
-9.016723391032e-02  2.841392460126e-01 -2.009806282250e-02 
-9.342917875442e-03  2.010939067750e-03  2.646346279139e-02 
-1.985667713476e-02 -2.391952536268e-01 -4.548803585799e-02 
-6.432309727758e-02 -2.510741699430e-02 -3.027766516000e-02 
 3.625281831572e-02  1.433610171920e-02  4.812801520336e-02 
-2.896020085470e-02 -5.564945990339e-02 -6.105626401053e-01 
 7.862558011393e-01  2.335778081796e-02  6.895805751029e-02 
 5.145424940269e-02  3.202815545904e-01 -2.801364373444e-01 
-3.264643323756e-02 -2.720102070169e-03 -2.235565254780e-02 
-1.070714403096e-01 -4.567450910187e-01  1.930492241508e-01 
-8.071902506712e-01  7.455856258834e-01 -1.219092938391e-01 
 9.310927252004e-01 -1.047152407944e+00 -2.893012986385e-01 
 1.437644244659e-02 -2.979203071812e-02 -1.232779620653e-01 
-1.326871654407e-01 -1.784761328355e-02 -7.137379812677e-02 
-3.825350478317e-01  7.941268116129e-01  3.093736471006e-01 
-9.198946847799e-02  1.558026215511e-01 -4.732481800836e-01 
-3.656344906645e-02 -5.052914319901e-01  5.815804834959e-02 
-1.784029703195e-03 -2.289818096879e-02  4.768665379470e-04 
-1.995124305953e-02  4.339241935493e-01 -2.466436726319e-01 
 7.680280918055e-02  3.854589998302e-02 -1.897649260986e-03 
 4.908910821570e-01 -6.722985848174e-01 -3.818535072555e-02 
-4.108098064061e-02  5.413228372560e-02  4.654570940383e-01 
-3.420591423169e-01 -6.542995858624e-02 -4.432932249437e-02 
 4.215552122065e-02 -8.517407541347e-01  8.297981770250e-01 
 4.511303277244e-02 -8.953624774556e-03  1.113853804890e-01 
 9.643720453766e-02  5.032624377468e-01 -7.480894427731e-01 
 2.500404182471e-01 -7.803627677960e-01  4.440102858927e-01 
-6.461115039256e-01  9.425869710152e-01 -2.117915746263e+00 
 4.259388987598e-02  1.557139906177e-02 -3.746285318507e-02 
-1.366559668607e-01 -1.566711314448e-02 -6.446423286804e-02 
-2.910890844622e-01  9.573684598078e-01  2.963873303708e-01 
-1.003993596850e-02 -1.821448977404e-01 -4.718750335550e-01 
-5.738381154887e-01 -2.231203218331e-01  8.654522004093e-02 
 1.787770765050e-02  5.013137535872e-03  5.219580855657e-03 
-1.235775667550e-02  6.543551757409e-01 -3.006628611392e-01 
 1.315318449658e-01  3.078887576641e-02 -2.299732341641e-02 
-1.311406788401e-01  8.642375653665e-01 -1.215823206556e-01 
-6.101455813995e-03  1.646722634243e-03  3.421607653013e-01 
-6.430893652226e-01 -8.830614520995e-02 -1.313436817606e-01 
 4.197758931389e-02 -9.550868580073e-01 -1.605402918100e-01 
 5.621142337317e-02 -4.288334911558e-02 -1.793082059657e-02 
-1.140941452848e-01 -5.792430256103e-01  7.455665783135e-01 
-2.490588198730e-01 -1.421656216392e-01 -2.154062365836e-01 
 4.241657836020e-01  3.160312457772e-01  7.990178283998e-01 
-3.915274131418e-02  4.526758093706e-02  9.855516848738e-02 
-9.514864362004e-02  8.938719462347e-02  1.184613075318e-01 
 4.331061815192e-01 -1.126925478317e+00 -5.660102697284e-01 
-5.655884975396e-01  7.493501299570e-02  8.588350790179e-01 
 7.406728745928e-01 -5.512556500054e-03  1.088735265509e-01 
 8.303617489991e-02 -6.421357209471e-02  6.330463814544e-02 
 7.183515850305e-02  9.733678151256e-01 -1.358806661573e+00 
 1.669191940866e-01  1.502545850393e-01  6.736181224319e-02 
-7.104914673688e-01  8.921874719254e-01 -1.328371123027e-01 
 2.366535481419e-01 -6.148859825943e-02  8.079176972788e-02 
 3.135546202211e-01  5.076837749770e-02 -1.717311684739e-01 
-1.694679273441e-01  3.104102864318e-01  7.099552364055e-03 
-3.240751006025e-03  2.762084356593e-02  7.539678866213e-04 
 2.671980380024e-01  1.275354945466e+00 -2.195483078713e+00 
-1.672288355977e-01  6.054466655513e-02 -5.766698494410e-01 
 3.602699465916e-01 -1.230110924857e-01  1.217449714080e+00 
 1.496050368963e-02  8.600549591735e-02 -1.306670061952e-01 
-1.785788836809e-01  1.827631627844e-02 -1.430972758772e-03 
 3.134706908811e-02  7.455838458780e-04 -5.386352357288e-01 
 7.519319338120e-01 -3.260507671819e-01  6.489667518876e-01 
-1.586099522184e+00  2.081687203159e-01  5.117473779881e-02 
-3.506667952417e-02 -9.837151477926e-03  2.062538502405e-02 
-1.496324159639e-02  2.808524316014e-01  2.256385154315e-01 
 2.455818800350e-02 -6.283944700353e-02 -3.759149587928e-02 
-2.515602278279e-01 -8.682402087531e-01 -1.602426311549e-01 
-1.475389668354e-01  8.885302745416e-02 -1.204289513931e-01 
 5.409814456441e-01  6.262344918511e-02 -1.127219547889e-01 
-4.351540790347e-02 -5.115668166768e-02  1.279721751451e+00 
 8.541036083363e-02 -4.614441274086e-02  1.999545269759e-01 
-2.457869624695e-01 -1.120462440549e+00  9.494315189203e-01 
 1.147277899715e-01  1.147380103215e-01  5.607025553666e-01 
-4.206018927507e-01 -3.541525918787e-01 -1.626789506246e+00 
 1.105348497782e-02 -1.730273268469e-01 -3.419853804918e-02 
-4.962620524275e-02  8.601546648712e-02  2.225584434737e-02 
 1.362490656649e-01 -3.418887597227e-02 -1.486227098839e-01 
 5.584460422302e-01  8.077668487763e-01  2.374537876759e-01 
-1.357668891331e+00 -1.627949246499e+00  1.522668281661e-02 
-4.133067180532e-02  9.006070712930e-03 -1.339379244787e-02 
 4.108316947726e-02  1.673442946251e-01  7.338253546782e-01 
-1.272985209178e-02 -2.028251120045e-01 -1.081206023774e-01 
-5.209329653261e-02 -1.484202272155e-01 -1.808091682618e-01 
-2.435705901070e-02  4.618034821950e-02  2.011687687690e-01 
 2.528598841999e-01  8.737531089136e-02 -1.395588681123e-01 
-1.223959985618e-01  4.867125007916e-01 -1.458218635664e+00 
-4.691351469486e-02  9.280826763237e-03 -1.300678934807e-01 
-5.487650792851e-01 -2.485871606822e+00  4.504403581159e+00 
 8.541305678228e-02  1.165385982271e-01  1.888492557872e-01 
-3.202807975463e-01  2.460854393042e-01 -8.785820441058e-02 
 1.730006067505e-02  9.071069985226e-02  8.118169022471e-02 
 4.464140879701e-02  3.361192145087e-03 -9.917752668757e-02 
-5.130714888651e-01  7.119871502715e-01 -3.816836906123e-01 
 2.494958337706e-01 -8.236612867772e-01  7.040248508028e-01 
-9.507837403184e-02  1.769222272839e+00  4.682426378791e-02 
-4.525207316572e-02 -5.377184828725e-02  9.606904092006e-03 
-5.206922970709e-02 -2.434160776361e-01 -4.010828013185e-01 
 7.114229383053e-02  9.131744141722e-02  8.687340549343e-02 
 1.885303239488e-01 -1.101981539019e+00 -5.035066718566e-02 
-1.858228274033e-01  4.357846077447e-02 -4.143133598155e-02 
 6.744393836053e-02 -6.856525101228e-03 -1.780520491392e-02 
 2.022517290925e-02 -2.133641211763e-01 -8.422707654615e-01 
-1.021710109510e-01  4.758233264759e-02 -1.231011635487e-01 
 1.806086535316e-01  8.449891758159e-01 -1.169827525858e+00 
-3.846164305844e-02 -7.267034709620e-02  3.739988841070e-01 
-3.306222575379e-01 -1.213601768432e-01 -9.988626728693e-01 
 1.410456713301e-01 -1.977751829182e-02 -1.594860747832e-01 
 1.573366535914e-01 -2.155776725778e-02 -1.549472613811e-01 
-8.065124115680e-01  1.558280094143e+00 -7.662679828890e-01 
-1.537194648651e-01  3.609556537701e-01  1.484633677860e+00 
 7.014099656190e-01 -7.924086192388e-01  4.843873286510e-02 
 1.219454128561e-02  3.427980601580e-02 -7.171171216440e-02 
-1.092618929044e-01 -3.385128236187e-01 -5.983534302279e-01 
 1.263525916301e-02  2.616523534814e-01 -2.249999494039e-02 
 8.340600627614e-01 -2.595396738097e-01  8.452565443670e-03 
 2.100803869503e-02  1.218733607803e-01  5.044352006336e-01 
 1.505601041400e-01  1.860856097214e-01  5.263492919654e-03 
 1.213591915459e-01 -2.087539124986e-01 -1.314457146778e-01 
-1.195696442428e-01 -1.117457397711e-01  4.454496565825e-02 
-3.277419923651e-02 -1.447219634094e-01  7.540602390303e-01 
-6.141272347726e-02  6.923222503334e-02 -6.789073735295e-02 
 4.367791391866e-01  8.268260298877e-02  1.272585999690e+00 
 2.633953529448e-01  6.156830754924e-02  2.463650996649e-02 
 1.201044517525e-01 -7.494808132174e-02  2.150272654638e-01 
 9.178010338650e-01 -2.040181721795e+00  3.797392891597e-01 
-1.511871737800e-01 -2.672577628576e-01 -4.511258659608e-01 
 7.009089190569e-01  7.906448815905e-01  9.519526030738e-02 
-7.226559686626e-02  1.641775906226e-01 -1.724636196192e-01 
-5.775312936518e-03 -1.783580907994e-01  2.022379602790e-01 
-9.117095641228e-02 -6.094435441298e-02 -1.289490625185e-01 
 2.215791329655e-01 -2.889569556969e-01 -3.699597563979e-01 
 2.097966482482e-01  7.001154588202e-02 -2.027567241794e-01 
 1.897471109988e-02  2.118843015021e-01 -3.455060897341e-01 
 3.331074534577e-01  3.940259145821e-01  2.561386723406e-01 
-8.161952438583e-02  4.811319832000e-02  1.547163894031e-03 
-2.587894335077e-02 -8.703383269249e-02 -1.177168410795e-01 
 4.158397564638e-02 -6.371835410460e-02  5.421899489033e-03 
 3.111023606330e-01  1.555808077538e-02  1.612068740174e-01 
-3.636620074268e-01  2.943681461789e-01 -2.612816673647e-01 
 2.101239221194e-01  3.233940215056e-01 -1.123813663336e-01 
-5.010653513082e-01  6.829172171600e-01  3.572902355993e-01 
 4.897348777761e-02  2.361232926565e-02 -8.949958420531e-01 
-4.287762364469e-01 -4.662261578275e-02  2.395911669217e-03 
-4.924411505307e-02  7.346312549519e-03  4.267143460994e-02 
-1.029741115148e-02  4.513463366050e-01 -9.084809906801e-02 
 7.640175357926e-03  1.039827456915e-01 -2.688032042253e-02 
-3.187374697957e-01 -1.268723004646e-02  9.636884131620e-02 
 2.953689615278e-02  3.256357174588e-01 -4.618818191299e-01 
 1.078262636329e-01 -1.087007318214e-01 -1.759889991916e-01 
-3.736278604592e-02  4.426805267580e-01 -1.642402392568e-01 
-2.478905195768e-01 -1.148302525937e-01  4.739029531172e-02 
 1.004017131706e-01  4.235209342786e-01 -5.500428657994e-01 
-2.199661828532e-03  1.264307993971e-02  6.945007660368e-02 
 2.420038485216e-01 -2.615914831955e-01  8.753395672541e-01 
-2.000059432479e-01  5.293454438785e-02 -2.043193344699e-02 
-1.927874177461e-01 -4.440697812288e-01 -3.338921669551e-01 
-1.463839469884e+00  2.278038453440e+00  6.658093054162e-02 
-1.732884396184e-01  1.326657633482e-01  7.670381624864e-02 
 8.968681668771e-01  3.006354643985e-01  8.520839212558e-02 
-1.517340112170e-01  6.533737374252e-02  1.464750879431e-01 
 2.667350205083e-02 -9.984437867372e-01 -4.253377551697e-02 
 3.108518739380e-01 -1.451058313228e-02  2.596932560585e-02 
 7.043906179269e-02 -5.410100529421e-01 -1.496344144456e-01 
-6.812727247642e-02  1.657253304742e-01 -4.484064778020e-01 
 2.947015837406e-01 -8.567220176196e-02 -1.399950955565e-01 
-2.381264262809e-02  9.383988381983e-01 -8.013685790973e-02 
 1.554886730791e-01 -2.994974204024e-02 -1.265827632968e-01 
-8.133887259123e-03 -2.357943827134e-02  7.165976836862e-02 
 6.329535578310e-02 -7.711943770690e-02  5.415785498867e-02 
-2.275942977626e-01 -5.736034387849e-02 -6.360523715112e-01 
-4.804939858285e-01 -1.763117669245e-01 -1.279686342140e-01 
 2.261211380143e-01 -4.225849168913e-01  2.213156962477e-01 
 1.012896828437e+00 -1.270724550961e+00 -2.626178529643e-01 
 1.021815078732e-01 -9.923120990734e-02  2.174322101721e-01 
-4.659769308869e-01 -2.189619081271e-01 -5.346990551307e-03 
-2.628086109459e-02  2.908674023428e-02 -7.425102237757e-05 
-1.655374496352e-02  5.097494968425e-01  3.590228913767e-02 
 4.608328028521e-02 -2.560612865482e-02 -1.282501417468e-01 
 4.857745857807e-02  5.571232350424e-02  1.578737691728e-01 
 8.366873418031e-02 -4.166648171334e-02  3.313343553055e-01 
-4.084743471781e-02  2.914469094100e-02 -1.011267520411e-01 
 1.399797617706e-01 -4.372128020527e-01 -4.468277941317e-02 
-9.390138428930e-02  3.660819281273e-01  1.053199345727e-01 
 6.418276466529e-02  2.865256424171e-01 -2.991454769282e-01 
 9.764331561889e-02  1.150065677789e-01  7.910090393771e-02 
-2.989093473818e-01 -3.538960208096e-01 -1.389525050705e-01 
-2.655653189965e-01 -2.144307829787e-01  1.111496948329e-01 
-3.609934938513e-01  4.629987270250e-01 -1.941444274135e-01 
-7.801728884458e-01  1.488840359612e+00  2.213300717395e-02 
-5.429208565185e-02 -1.515473155577e-01  2.562274739184e-01 
 3.365031105961e-01  2.727454143175e-01 -8.158559613516e-03 
-1.964288540602e-02 -6.124048597730e-02 -7.643359387909e-03 
-1.575509238220e-02 -6.860121811900e-01  1.195645499359e-01 
-3.854244852473e-02  2.359133742339e-01 -4.802604683215e-01 
-1.960107647241e-01  6.408445477973e-02  2.754585248705e-03 
 1.255138110975e-01  3.986207956768e-02 -1.277368715481e-01 
 3.333150341787e-02  1.537063704647e-01  3.021661441957e-02 
 2.254876531653e-01 -1.034544645740e-02 -3.400442182493e-02 
 1.471916026872e-01  2.198493073617e-01 -3.781398162984e-02 
 6.004760993590e-02  2.286550997044e-01 -1.201004166185e-01 
 1.125965375985e-01  1.788955087350e-02  3.300974981478e-02 
-1.067328315523e-01  1.318071636590e-01 -2.038085994362e-01 
-3.964980066702e-01  1.933710876374e-01  1.599468974502e-01 
-2.502464342831e-02  1.803264823626e-01  1.143138209025e-01 
 4.415603708897e-01 -8.501370802227e-01 -7.115415936933e-02 
-1.880395122662e-01  1.000019007290e-01  2.922572717672e-01 
 8.657495940615e-01 -1.434711559653e-01  9.369858136727e-02 
 8.339568585383e-02 -1.783038777416e-03 -2.121517376398e-02 
 4.245871115492e-02 -4.674073147782e-01  1.103775890701e-01 
 3.302270777683e-01 -3.707633383601e-01  9.142450571811e-02 
 8.649567074302e-01 -3.977123080275e-03 -2.951841542473e-01 
-1.157359624536e-01 -2.544581253168e-01  2.770356387740e-01 
-1.580459945573e-01  2.273937979404e-01  2.816129286171e-01 
 2.135854821764e-01 -2.872356314771e-01  9.165978484107e-02 
-2.412969970120e-01 -1.536131372743e-01  1.118347690261e-01 
-2.255368755208e-01 -9.577184886357e-01  1.293233755827e+00 
 7.186231018829e-03  1.548575275289e-02 -2.168248973149e-01 
-1.977072679433e-01  3.578690633507e-01  7.057107650476e-01 
-2.520475161317e-01  2.978504828910e-01  2.166905828773e-01 
-6.832070935682e-02 -1.174481299492e-01  6.051290296730e-02 
 1.866969313898e-01 -1.008633890084e+00 -1.784368867228e-01 
 2.027706613229e-01  3.775228552117e-01  2.464574570609e-01 
-4.293230689309e-01 -2.872190693908e-01 -3.265341793293e-02 
-7.650540704353e-03  7.512616847599e-02 -4.575161721973e-03 
-6.035136798800e-02  4.756161485480e-01 -6.916729802211e-02 
-2.304653875869e-01  4.631688387778e-02 -6.849707092845e-03 
-2.016686657754e-01 -3.388822533791e-02  2.943586264641e-01 
 7.213055956965e-03 -1.303851716303e-01  4.742733965288e-01 
-3.671069157252e-01  5.665042330143e-02 -2.359879375932e-01 
 4.653415627022e-01 -3.245659146715e-02  6.414545587412e-02 
 2.861615298310e-01 -4.113689413137e-01 -1.725805190316e-01 
 7.392177104479e-03 -2.465828241944e-02 -6.170893323842e-01 
-3.656240577032e-02 -2.959955631268e-02 -6.154759466533e-02 
-2.335551085393e-01 -1.988100384269e-01 -1.133579029095e+00 
-2.703463140201e-01 -2.373171457672e-01  1.176781568470e-01 
 2.999674813574e-01 -5.344607933302e-02 -4.561415928672e-01 
-1.923400507022e+00  3.401146830866e+00  2.791480879816e-01 
 4.069471264044e-02  3.972760900480e-02  5.463403781276e-02 
-1.567787944751e-01 -4.060862867345e-01 -6.485052362434e-02 
 1.360097954981e-01 -1.350336510213e-01 -8.907685032686e-02 
 4.760975346532e-03 -6.555269425043e-01  1.039107375543e-01 
-2.865842982809e-01  1.400252366024e-01  1.810150679655e-01 
-4.144756276041e-01  3.396440455917e-01 -3.112804849281e-01 
-9.658515943663e-02 -3.206906971986e-01 -4.027740965462e-01 
 3.575834480851e-01  1.805546464070e-01 -3.446487478519e-01 
-1.965566359746e-01 -8.211305122360e-01  1.617242951013e-01 
 4.627128481218e-02 -9.771392889058e-02  1.549321457334e-01 
 8.428381565020e-02  3.345755417586e-01 -2.138785161886e-02 
 1.600960728815e-01  2.010205671693e-01  5.695121897308e-02 
 9.579805064089e-02 -2.265821982698e-02  5.348877592861e-02 
 1.163047894639e-01 -1.645130400918e-01  1.618265632556e-01 
-1.351350660951e-01 -1.001116028523e-02 -9.820835974213e-02 
-3.006123316524e-01  5.492078166167e-01 -2.733802264207e-01 
 9.626985351415e-03 -4.185872008342e-02  1.488391219877e-01 
 7.500718597656e-01  7.743727001179e-01  3.519866259802e-02 
-1.333716783822e-01  1.146873410435e-02  2.569385679754e-01 
-8.647455376568e-02 -9.147151497952e-01  2.903195412639e-01 
-3.333768306708e-02 -8.380051661937e-02 -2.486395943585e-01 
 1.275026738961e-01  1.689454464536e-01  1.176008948327e-02 
 1.670747452302e-01 -4.008576970186e-01 -9.811315774618e-02 
-3.077964118443e-01 -6.038160269833e-01 -2.846943130384e-01 
 5.630196228260e-02 -9.154493224306e-02  1.262426856927e-01 
-5.100962567489e-01 -2.317153498315e-01  1.952071570797e-01 
-1.158483794438e-01 -4.143612881435e-01  1.174218206858e+00 
 3.103844491791e-02  2.496010034163e-01  1.670021248649e-01 
 2.755557827956e-01  2.358292489013e-01  4.592072338193e-01 
 1.266427772817e-01 -1.571782061850e-01  1.897460789331e-01 
 4.028994003288e-01 -1.256246239770e-01  4.460630314816e-02 
 9.030878656067e-02 -7.798971680760e-01  2.031197504302e-01 
 1.583130822245e-01 -1.736523512866e-01 -8.780802074777e-01 
-1.956175278762e-01  1.081621998004e+00  3.805824676064e-02 
-5.473424460628e-02 -5.859470008452e-03 -4.007228436874e-02 
 1.679108746903e-02  3.496455843145e-01 -1.747537077371e-01 
 5.726251341931e-01 -1.876167912363e-02 -5.799512645614e-01 
-4.465468480454e-01 -1.660344094230e-03  3.588736697234e-01 
 3.244365821738e-02 -5.192241714604e-02 -6.988304356645e-01 
 4.002648211452e-01  2.291542960736e-01  2.790898988234e-02 
-1.821675152619e-01 -3.787331179623e-01  4.081294247012e-01 
 8.142543220122e-02 -4.642539252992e-01  3.709288345287e-02 
 1.131258349330e-01  3.568755578899e-01 -1.646444076786e+00 
-1.363256225730e-02 -2.246793391759e-01 -2.772878689471e-01 
-1.257970197547e-03 -4.364873457982e-01 -8.056150919434e-01 
 1.889598129303e-01 -4.774258091319e-01 -2.472633930460e-01 
 7.576403390031e-02  3.744863551620e-01 -2.005693047400e-01 
-6.655907463476e-01  2.284285855384e+00  9.467701804196e-03 
-3.219790197751e-02  3.064723660479e-02 -7.857358106205e-01 
 7.241029505944e-04 -1.128953050221e+00 -1.191933342162e-01 
-3.693776673450e-02  3.919598065422e-02  1.039796121790e-01 
 2.376183809000e-02 -8.426342274710e-02  9.364585418001e-02 
 4.724573924067e-01 -2.038852617950e-01  4.975592937777e-01 
-1.538640997852e-01  2.977403261058e-01  3.834807670220e-01 
-2.095942455899e-01 -9.946181429064e-02 -5.395675665043e-01 
 2.690328409621e-01  1.107125126598e-01 -4.068977443257e-01 
 4.598189515548e-01 -2.434269808789e-02 -1.092293526948e-01 
 5.052650220598e-02  1.223354187584e-01 -1.145413792431e-02 
 5.048019041936e-02  1.456119184823e-01 -9.633176825366e-01 
 5.428315600955e-02 -5.391332098228e-02 -4.914621984940e-01 
 5.652803510403e-02  7.815897944494e-03 -3.230049551008e-01 
 7.216562361642e-02 -1.789365280813e-01 -3.691796922550e-01 
-4.691151529212e-01 -3.683684704968e-01 -1.097473091674e-01 
-4.162509607535e-01  1.098478606240e+00  3.321111802230e-01 
 3.870901445297e-02 -7.007705741408e-03 -4.811031488605e-01 
-1.349764780501e+00 -6.279202508616e-01 -3.846360518571e-02 
 6.619356000103e-02 -1.713794622515e-01  1.149633273895e-01 
 1.219805478562e-01  7.916255389845e-01 -1.662516089677e-01 
-1.542828007608e-01  2.705881055310e-01 -4.141987700782e-02 
-8.925903041164e-01  3.770308507377e-01  3.165715421231e-02 
-1.559975999705e-01 -1.935058566361e-01 -2.306463296519e-01 
 3.536045798885e-01  4.294034006081e-01  1.990231752554e-01 
 1.735654689932e-01  5.242913362434e-01 -5.285411337513e-01 
-5.889951173224e-01 -2.267878845093e-01 -7.599394410262e-02 
-2.739726991082e-03  3.846948721049e-02  5.724663515781e-01 
 3.998854101379e-02 -5.419257104295e-03  1.632280878206e-01 
 1.388448635820e-01  1.379824633827e-02  4.667424010129e-01 
 2.032631588947e-01  6.268821885582e-01  5.397272410265e-01 
-3.133061173871e-01 -7.518427540799e-02  5.573323192875e-02 
 3.034106254536e-02 -8.400917385215e-01  1.385376654514e-01 
-7.425241316618e-02  2.546824916036e-01  2.075045079151e-01 
 7.799267712004e-01  3.148025019792e-01  1.036207742924e-01 
 5.520880189128e-02  1.353510323828e-01 -9.291303485751e-02 
 5.949097342110e-02 -3.841316623042e-01 -2.047691122021e-02 
 1.766744392357e-02  1.505357299982e-02 -1.651590137368e-01 
 6.014233853811e-01 -5.584361197722e-01  4.608114141310e-01 
-2.447945822816e-01 -6.789961612204e-02  1.926708664009e-01 
 1.747677742152e-01  2.836333806307e-01 -3.890960185020e-01 
-3.148778967076e-01  7.571822310901e-02  1.207345982305e-01 
-3.691470922116e-01  5.445472864731e-01  2.526349847488e-01 
-3.016582070739e-01 -1.375585335469e+00  1.589624772497e-01 
 2.396019383486e-01 -3.425475251187e-01 -7.910194666682e-02 
-6.851554554100e-03 -8.473848377702e-02 -2.755977334710e-01 
 2.434660470719e-01  4.760538654658e-02  1.702354542181e-01 
 1.135010844948e-01 -8.314431190775e-02 -2.642099519256e-01 
-9.604969437396e-01  2.359953635024e+00  8.859339662066e-02 
 1.940032699888e-01  6.316489734142e-01 -8.393937378152e-01 
-1.579922861364e+00 -1.008872932995e+00 -8.492822746769e-02 
 3.721732557644e-02  1.373887173242e-01  2.503112074201e-01 
 4.999554402919e-02  6.457854882685e-01  4.826536647374e-03 
 1.103273477436e-01  3.278313065775e-01 -1.415495894132e-01 
-1.480696213571e+00  4.458931932752e-01 -2.644171678563e-01 
-2.433484641518e-01  2.452502342018e-01 -6.041129533655e-01 
 1.156237903161e-01 -2.044669866405e-01  3.834928933881e-01 
 4.600728077544e-01  1.260620611672e-01  1.237920538255e-01 
 1.860908794286e-02  2.395962854749e-01  6.136062382708e-01 
 1.141023974466e-01  4.411869174624e-01 -2.703083393555e-01 
-2.056948812589e-01  4.181236292797e-03 -5.020432789064e-01 
 6.968363175143e-02  1.044732300720e-01 -2.283108186377e-01 
 1.132766391213e-01  3.736532964310e-01 -4.871868683562e-01 
 4.380737171074e-01  1.452473448684e-01 -8.702569067421e-02 
-1.976015918737e-01  1.240440368364e+00 -1.107285112490e-01 
-2.883531737552e-01  2.363678876624e-01 -4.605906647172e-01 
-3.381700538951e-01  4.805692783937e-01 -2.424979574424e-02 
 3.779420088392e-02  8.553113300356e-02 -1.965543441702e-03 
-2.335919194881e-02 -7.157592713046e-02  9.375381852378e-02 
 1.560212392505e-01  1.618928408328e-01 -5.055284643495e-01 
-5.817332413136e-01  2.220391711278e-01 -1.719319040378e-01 
-5.523094231689e-01 -6.810466565324e-01 -7.285453401062e-01 
 1.783505350160e-01 -3.365283667724e-01 -1.296033756041e-02 
 4.930486711019e-02 -2.955868470293e-01 -1.767357272723e-01 
 2.148466453822e-01  3.150944646779e-01 -5.272057894337e-01 
 1.594582127545e-02  6.478411255248e-02  3.126212293994e-01 
 4.831379330824e-02  1.081541797566e-02  4.282300369564e-01 
-7.197633850178e-02  1.039155241592e-01 -8.400806161623e-02 
-2.202571442728e-01 -4.183944093328e-01  5.439841672834e-02 
-2.152587597271e-01  5.788836963171e-02  4.749693245208e-01 
 2.157760879674e+00 -1.459207440854e+00 -4.912848803973e-02 
-5.648834706376e-01  4.071726081033e-02  5.181462570995e-01 
 7.160918760153e-01  4.055362269299e-01 -4.038075309395e-03 
-1.173328846161e-01  2.093102883900e-01 -8.333655427886e-02 
 1.784108202483e-01 -4.868985256012e-01 -7.711969200607e-02 
-5.480529845650e-02  5.272666788516e-01  1.255508777732e-02 
-2.281891743403e-02 -3.481263234964e-01 -1.183450422212e-01 
-8.429549947382e-01  1.555627658742e-01  1.445307338000e-01 
 9.213188505679e-02 -1.592666132198e-01 -1.919331710021e-01 
-1.299206888101e-01  5.510045717539e-02  1.351032641104e-02 
-2.507347196088e-03 -3.961659374736e-01  1.549394039868e-01 
 1.583037297152e-02 -8.646338173571e-02 -1.086982362242e+00 
-8.930059370114e-02 -2.313570393124e-01 -5.437522101169e-01 
-1.283999514107e-01 -1.480534722061e-01 -7.500877183972e-01 
-1.631413577248e-01 -3.176877388910e-01 -1.188648232181e-01 
-1.699165554967e-01  1.193880047379e-01 -2.229534664761e-01 
-8.381627956959e-01  2.076710766467e+00  1.859692360534e-01 
 5.565480404926e-01  1.049617451000e-01 -3.290225122828e-01 
-1.198863884123e+00 -9.506728767096e-01  3.401129901441e-01 
-2.749303523133e-01  7.007150230706e-01 -3.874893215619e-01 
-2.386864697523e-01  2.283304899069e-01 -4.343943220162e-03 
 1.167593557570e-01  2.473822143601e-01  3.151313909647e-01 
-6.420493159723e-01  6.730140640026e-01  1.307400790777e-01 
 1.691095327208e-01 -4.015676022483e-01 -1.955046891431e-01 
 1.316307862971e-01 -6.233761938117e-02  3.305671708643e-01 
-1.752446043078e-01 -1.612819072813e-01 -1.959463709661e-01 
-1.378519710346e-01 -3.351230627619e-02 -4.660104225181e-02 
 6.502190770310e-02  3.903148639147e-01  6.252284626824e-01 
-8.325204392309e-02  2.186069967232e-01  2.820865245090e-01 
 1.384214650865e-01  2.069723049205e-01  4.737463339028e-01 
-8.642243704390e-03  4.161503716061e-01  2.849505560025e-01 
-4.203631867599e-02 -2.688114937978e-02  4.212066951332e-01 
 1.574075511130e+00 -2.508503553098e+00  3.451387150288e-01 
 9.262915350733e-01  2.190405540605e-01  3.593405529140e-01 
 4.412460034956e-01  5.908936794680e-01 -6.703703367731e-01 
-2.438347812797e-01 -1.592649759967e-01  2.914019628003e-02 
-1.349672814049e-01 -6.024436764647e-01 -1.910933643114e-01 
 5.652772780378e-01  5.442879254550e-01  2.533591869567e-01 
 9.180790934433e-01 -2.758246351456e-01 -3.605833985554e-01 
 3.940015939888e-01 -2.740255074576e-01  4.241978486767e-01 
-1.181569616155e-01  1.148173991842e-01 -1.198360584059e-01 
-1.434812867528e-01 -1.085291183010e-01  1.561535927309e-01 
-8.401112164331e-02  1.053562251919e-01 -7.832806315298e-02 
-1.253880763648e-03 -1.424823730194e-01 -5.677082455917e-01 
 3.723495168166e-01 -1.706967014532e-02  9.901698624680e-01 
-1.304540999899e-01  6.684894908673e-02 -3.456679645587e-01 
 1.125389288877e-01  3.512889019045e-01 -5.808771189651e-01 
-5.861484120303e-02  7.695570202940e-02  1.534554251257e-01 
 5.000612841095e-01 -1.222014869602e+00  2.179399546617e-01 
 1.335548972448e-01 -1.019594351826e-01  2.836546481450e-01 
 8.382128391100e-02  4.379415865401e-02  4.199300027776e-01 
-5.691993528170e-01 -1.122020660023e-01  4.128202151003e-01 
 2.752548096560e-01  6.383886847638e-02 -1.022007831169e-01 
-4.179548262147e-01  1.934525631626e-01  2.160661083453e-01 
 6.366607954623e-01 -8.091979149069e-02  1.294530975568e-01 
 9.617105481771e-02 -5.843343185496e-01  5.876968996062e-01 
-1.018095564774e-01  4.045409125699e-01  1.051073093612e-01 
-1.111546996094e-01  1.215185661911e+00 -3.137468869696e-01 
 5.186111042918e-01  2.158647265249e-02  6.702369014548e-01 
-3.202801828435e-02 -2.456675357457e-01 -2.397353983827e-01 
-4.525715255481e-02 -1.546344457718e-01 -7.939796294869e-02 
-7.867138699059e-02 -1.563258609279e-02 -1.898981246507e-01 
-6.514755099194e-02 -2.141224532903e-01 -2.207310761883e-01 
-1.151307847563e-01  8.420526614009e-02  3.417337416458e-02 
-1.875593642837e-02 -9.621484344290e-01 -4.037546518751e-02 
-6.623346145518e-01 -3.593454799838e-01  6.629718410748e-01 
-1.887260911740e-01 -5.431283201295e-01 -4.807696441218e-01 
-3.514056417140e-03  6.000883578579e-01  6.326458852094e-01 
-6.088800554710e-01  1.204908058546e+00 -3.770052881011e-01 
-1.687607806513e-01 -4.464296429551e-01 -3.238591584489e-01 
-6.548957348544e-03 -1.069496770778e-01 -3.115779238393e-01 
-1.471711342989e-01  3.694799158802e-02  1.448308728596e+00 
-3.076523759163e-01  7.915467139388e-01 -6.141222519443e-02 
-4.780287621921e-01  2.062568016791e-01 -1.497070184553e-01 
 8.618533499840e-02 -9.047549121368e-02  7.811499967824e-02 
 1.254392667295e-01  8.179633619541e-01  1.021273559347e+00 
-4.227455572430e-01  1.648668580294e-01 -9.359957067612e-01 
-6.445384732532e-02  3.933288504386e-02  1.945622006141e-01 
-2.926349400210e-02 -2.172381209891e-01  9.469738562822e-01 
 7.515229986465e-01  1.902462409898e-01  2.142911115978e-01 
 7.268604905822e-01 -1.445067896568e+00  2.108149257036e-01 
 4.528755240569e-01  1.091240186408e-01  5.258034954463e-01 
 5.256001994685e-01 -1.172812111550e-03  3.724514775736e-01 
-7.852686075029e-02  1.199332616801e-01  6.431687924842e-01 
 3.871140905710e-01 -6.887007044896e-01  8.624655519135e-02 
-2.351971683999e-01  4.456827475709e-01  1.049951229882e-01 
 9.204014278097e-01 -3.644853841208e-01  3.670012887492e-02 
 2.504219502625e-01  2.228862262762e-01  7.527066529926e-01 
-2.357038666947e-01  3.240856241146e-01  2.775784949675e-02 
-8.324759012141e-02 -2.329260946099e+00  6.135582757437e-01 
-4.040578345709e-01  1.595168255441e-01 -1.103651159466e+00 
-3.110097579504e-03  3.251922103809e-01  5.105272910624e-01 
-1.463309888060e-01  2.085136295941e-01 -1.466203422304e-01 
 1.918562579806e-02 -4.114721387465e-03 -8.956909001704e-02 
 3.971072503177e-02  2.119688076353e-01  7.572349230160e-01 
 2.935580080234e-01 -4.084634793436e-02 -5.850443885265e-02 
-2.534530417904e-01  2.950264569457e-02 -2.617395730114e-01 
-9.355264336430e-01  1.640472309872e-01 -2.462502917106e-01 
-6.886781103583e-01 -1.241003938406e-01 -9.930022487468e-02 
-1.120358998375e+00 -5.232285874790e-01 -2.987338837552e-01 
-3.979447286492e-01  1.686609003020e+00 -4.539622929215e-01 
-2.624044042347e-01 -6.453167339832e-01  2.123777200528e-01 
-2.223540044418e+00  8.172260106372e-01 -1.412199696963e-01 
-8.743587337027e-01  1.534867953720e-01 -5.218322071508e-02 
 1.760123084386e-04  6.859270065400e-02  1.386433949566e-01 
 6.244291936071e-02 -1.124090957214e+00  3.210535242830e-01 
-3.061916498496e-01  1.920980735250e-01 -3.911121898655e-01 
 3.754354653167e-02  1.923852391591e-01  2.398021549268e-01 
-3.020254606944e-02  8.255507295582e-02  6.865489890062e-02 
 6.616991243735e-02  1.777826606185e-01  3.904926583376e-02 
-2.225865027660e-02  8.599597232441e-02  1.824002600035e-01 
 3.232080803966e-02  3.494240496036e-02 -2.246783372102e-01 
-1.217095468686e+00 -1.836090813144e+00 -5.632144783888e-01 
-3.724400490052e-01 -5.111095096088e-01 -8.552843281201e-02 
 7.701753241131e-02  2.133245122677e-01 -8.597371058164e-01 
-4.150386281848e-01  6.429953621193e-01 -3.177916569216e-01 
 1.307362492103e+00  3.527299203427e+00 -1.427085643925e+00 
-6.738528601924e-01 -1.038626470956e+00 -6.130789153344e-01 
 2.067030391545e+00 -7.437364382481e-01  1.086075368850e-02 
 9.214292092778e-01 -3.702426066456e-01 -1.777802969145e-01 
-1.794562007206e-02 -2.744363729092e-01  4.805528536292e-02 
 1.321108971921e-01 -2.459649379605e-01  7.860155211453e-02 
-7.682186780179e-02 -6.741860339013e-03 -8.192352216163e-02 
orbocc
(*)
 0.000000000000e+00  0.000000000000e+00  0.000000000000e+00 
 0.000000000000e+00  0.000000000000e+00  0.000000000000e+00 
 0.000000000000e+00  0.000000000000e+00  0.000000000000e+00 
 0.000000000000e+00  0.000000000000e+00  0.000000000000e+00 
 0.000000000000e+00  0.000000000000e+00  0.000000000000e+00 
 0.000000000000e+00  0.000000000000e+00  0.000000000000e+00 
 0.000000000000e+00  0.000000000000e+00  0.000000000000e+00 
 0.000000000000e+00  0.000000000000e+00  0.000000000000e+00 
 0.000000000000e+00  0.000000000000e+00  0.000000000000e+00 
 0.000000000000e+00  0.000000000000e+00  0.000000000000e+00 
 0.000000000000e+00  0.000000000000e+00  0.000000000000e+00 
 0.000000000000e+00  0.000000000000e+00  0.000000000000e+00 
 0.000000000000e+00  0.000000000000e+00  0.000000000000e+00 
 0.000000000000e+00  0.000000000000e+00  0.000000000000e+00 
 0.000000000000e+00  0.000000000000e+00  0.000000000000e+00 
 0.000000000000e+00  0.000000000000e+00  0.000000000000e+00 