2mocoef
header
1
MO-coefficients from MOLCAS
1
48   48
a
mocoef
(*)
 6.644462699300e-05  4.958335259469e-05  9.623126338290e-04 
-9.276892339408e-06  1.008644420752e-04  1.848583326404e-04 
 1.124215660096e-04  4.563240875141e-04  1.056524185918e-03 
-5.212015404969e-05 -1.500900473312e-04 -2.968349070521e-04 
-9.520542918405e-05 -6.144434692855e-06  1.001072058246e+00 
 5.607293779149e-03 -5.242489439110e-03 -4.220201733244e-04 
 3.862087491162e-05  2.299032547727e-04  8.593398420435e-04 
 6.549231071214e-04  8.379809846248e-04  3.955095325428e-04 
 3.169206723662e-04 -4.022367909848e-04  1.514028567124e-04 
-7.128742807458e-04 -1.870646570327e-03  1.315426788170e-03 
 3.697176035167e-04  6.764048384369e-04  3.045720944475e-04 
-2.413774620876e-04  2.777738598867e-04 -1.207487844949e-05 
-6.517182779673e-04  3.230157220541e-04  8.083111375217e-04 
-1.972060304534e-04 -9.875168636004e-05 -5.644187629742e-05 
-5.329744877490e-05  4.192930253178e-04  1.596023422541e-04 
 8.907786837156e-05 -2.022127532429e-04  3.575611813983e-05 
 1.000821294682e+00 -7.706301027599e-03 -5.631302791902e-04 
 3.832096706885e-04  4.643208258972e-04  2.111800095764e-03 
 3.738233723949e-04 -7.454071293265e-04  3.789625163039e-04 
 9.931876027736e-06  1.065485263966e-04  9.889548486559e-04 
 2.954761579368e-04  1.047208423873e-04  3.566844553314e-04 
-3.231670191307e-05 -3.077120956027e-03 -6.630953911418e-04 
 3.334226798178e-04  6.174197621973e-03  7.896266936720e-04 
 2.014307203993e-03  4.623022673729e-04 -1.394736302554e-04 
-7.622106276973e-04 -7.478896697329e-04 -2.182104187539e-04 
 2.650530536036e-04  9.547859369300e-04 -1.021744074729e-03 
-2.264682595780e-04 -4.045081671460e-04  5.966301408942e-05 
 2.040294081293e-03  3.117610141848e-06 -6.375424266918e-05 
 9.058164212771e-05  4.456731634404e-04  2.671605903271e-03 
-7.669551621301e-04  2.165962545455e-04 -2.654032921283e-04 
-3.066509460813e-04 -8.322568798016e-03  5.479162957780e-03 
-3.543750875386e-04  7.655411034628e-05 -9.663530614890e-04 
-5.014019857162e-03  3.640472232279e-02 -4.523720756186e-02 
 1.672600759728e-02  2.359831549174e-02  1.136704530480e-01 
-9.237192058327e-03 -1.222603591330e-02 -6.163518330204e-02 
 2.269544700522e-03  1.511146561218e-02  7.850361365264e-03 
 1.554232545208e-03 -3.133129237525e-03 -1.033851984333e-02 
 8.449821288889e-01 -1.762311485945e-01  5.023524519801e-04 
 6.042345874924e-03  1.198333955770e-01 -6.293085033742e-03 
-3.094989172698e-02 -4.823267849360e-02  4.167767645962e-03 
 5.280971400989e-03 -8.056485394023e-04  5.064074616099e-04 
-5.079219220968e-03  3.936975846401e-01 -1.937422384635e-01 
-1.728250651963e-02 -3.519678563178e-02 -1.037386631739e-02 
 3.047692199379e-01 -1.523228756789e-01  2.629176655917e-03 
 3.801743973617e-02 -3.684619626523e-03  2.066347836548e-01 
-9.014173135566e-02  2.588677482884e-02 -8.947319789759e-04 
-1.093956613599e-02 -6.088134214202e-02  1.685635681454e-02 
-1.399578887293e-03  3.517357366558e-03 -1.787513437214e-03 
 3.297248575070e-03  3.642478893998e-02 -2.213281422100e-02 
 1.709055428536e-02 -3.255383135053e-02  2.002456079546e-01 
-7.519522532817e-03  4.421278815356e-03 -5.762415483076e-02 
-1.628245834477e-03  2.786850850072e-03  2.130485799575e-02 
-1.387899708807e-03  4.251432009987e-03  4.636665602597e-03 
-3.348580702361e-02  1.602819624320e-02 -2.062300550040e-01 
-6.812423784304e-01 -4.469407446265e-02  5.872834750637e-02 
 1.898078703332e-01  5.744134390794e-02 -2.155516783849e-03 
-7.344190372111e-03 -9.007016070778e-04 -3.995895591829e-03 
-2.023810445041e-04 -5.921756413699e-01  2.573067006454e-01 
 1.716999705019e-02  2.855136263501e-02  1.767401535098e-02 
 5.138734481296e-01 -2.379881266117e-01 -5.287439591058e-03 
 3.397808412767e-02 -1.683996776795e-02  6.470495914731e-02 
-2.512307776305e-02  2.112771659753e-04 -1.625380874202e-02 
-3.898443186247e-03 -1.370609508279e-01  5.741628545557e-02 
-4.610790445491e-03  1.098127383173e-03 -9.685429217088e-03 
-4.593842832136e-03  9.399975326382e-02  1.446280781706e-02 
-1.508696480831e-01 -4.637598722336e-03 -1.983017613188e-01 
 4.747016286536e-02  8.902094019236e-03  7.942548766428e-02 
-9.446603700044e-03 -5.736807040339e-03 -5.314778039037e-03 
-1.770235088384e-02  3.054395286220e-04 -4.541009263809e-03 
-1.130349127527e-01  2.093049530541e-02 -6.537268911007e-01 
 1.517201571273e-01  1.864735136162e-01  1.989558182076e-02 
 9.974332947717e-04 -4.840476699850e-03 -2.317547039742e-03 
-3.045522400931e-03 -3.052868308052e-03 -9.278063716097e-03 
 1.947286209060e-02 -1.242472249962e-01  4.665301247294e-02 
-1.907532322582e-02  1.003944425677e-02  8.208633026937e-03 
-1.177040463016e-01  3.883167919795e-02 -2.202963177231e-02 
-1.805671978410e-03  1.117431832577e-02  5.288782619255e-01 
-1.628118621467e-01  2.991253459629e-02 -3.094730239977e-03 
-1.900489628433e-02  2.357744347506e-01 -8.919525090475e-02 
 1.797449848205e-03 -2.575274740719e-03  1.614363886396e-02 
-4.349425273481e-03 -1.705450507171e-01 -5.129252061146e-02 
-9.108951681627e-01  1.168847504692e-01  1.227531530624e-01 
-4.640943081397e-02 -3.398067515378e-03  1.658403036924e-03 
-1.442795652452e-02  3.105867284061e-03  6.127942558488e-03 
-1.099945578960e-02 -3.324519208456e-03  2.723134025800e-03 
 8.394287677800e-02  2.334489932762e-02  7.557111955916e-02 
-3.078376492450e-02 -4.802407172747e-02  1.047119862936e-02 
-1.364635320446e-02 -1.117287130244e-02  1.566260981571e-02 
-2.854170825511e-03 -7.191091054899e-03  2.949794822232e-02 
-7.581890999993e-03  7.630436711727e-02 -4.739020742174e-03 
 8.732062894695e-03  3.526356906504e-04 -2.998670255157e-03 
 8.789094973273e-02 -1.043697309942e-02 -3.814045477990e-03 
 1.330708585398e-03 -3.892097296577e-03 -2.875947847582e-01 
-1.596279885586e-02 -9.993099129773e-03 -1.744804428595e-03 
 1.410138114165e-04  1.162935113879e-01 -3.632966762386e-02 
-2.360553702599e-02  1.996052876982e-03  1.190272136851e-02 
-6.470081763553e-03 -8.054813133819e-01  1.205733008408e-01 
 3.576454005042e-02 -6.810281250069e-02  5.292218568292e-02 
-5.809539602133e-03  3.181774401808e-02 -3.584197215580e-02 
-2.052929183906e-03 -9.496382993433e-03 -1.560651444982e-02 
-7.557062550387e-03  4.214515498314e-03  1.732863914494e-03 
-6.682892159942e-02  3.139066828003e-02 -3.943951967420e-02 
 2.418869606901e-02  3.629717789319e-01  2.949458187922e-03 
-1.935848201258e-02 -4.818695774857e-02 -1.252247726706e-03 
-1.101901643962e-02 -1.423954037023e-02 -8.029834323206e-03 
 1.964907519842e-03  7.302021760836e-02 -3.980449333047e-02 
-6.664365368874e-03 -7.993581213778e-03  4.574465255072e-03 
 5.694879402589e-02 -1.418100509147e-03 -2.156141605816e-03 
 5.119188828108e-03  1.263377029411e-02  1.423127446407e-01 
-4.812521539484e-02  1.151219481922e-02 -3.036964284776e-03 
-3.176488181094e-03 -4.164186754673e-01  1.862613953237e-01 
-8.023804939585e-03 -1.750727795381e-03 -2.799433546100e-02 
-1.906161065112e-03 -2.868128678937e-01 -1.632649024333e-01 
 1.033187453687e-01  7.441518442170e-01 -3.752226774389e-01 
 1.212000481741e-02  3.689750198110e-02 -5.037979948034e-02 
 8.946999036142e-04  8.444161261019e-03 -8.054737038471e-03 
 9.466262178262e-03 -1.437851281696e-02  8.662242821984e-04 
 1.634188269781e-01  1.378743517434e-01  3.299300704222e-02 
-2.310792372824e-01 -5.538367736491e-02  2.311921553395e-02 
-4.463314738685e-03 -2.136323345510e-03 -6.447962529287e-03 
-2.055531139870e-02  1.406173671788e-02 -5.200645525239e-03 
 8.256644054318e-03 -2.231991241424e-01  4.759630571286e-02 
 5.660275230454e-03 -7.017171678856e-04  1.244302354292e-03 
 4.890746487601e-02 -8.991386307929e-03  7.135140916764e-03 
 2.128043997441e-02  2.535573744690e-02  2.276411628742e-02 
-5.964930662923e-03  1.718836655189e-03 -6.834254384977e-03 
 1.457518853821e-03  2.975321958548e-01 -1.124941532387e-01 
 1.094948211836e-02  2.022165678803e-02  1.057813803892e-02 
 6.224504821230e-04 -1.120859696526e-01 -3.189743309513e-02 
 8.299803473559e-02  2.122977749114e-01  4.317054061482e-01 
-2.138869934756e-02 -5.906616154984e-02 -1.308501535757e-01 
 1.728336962665e-03  3.570813901037e-02  2.651650304605e-03 
-9.138683190187e-03 -1.140899046131e-02 -6.879616711278e-04 
 8.986998052340e-02  6.452920834286e-02 -2.960518206042e-01 
 1.907962597018e-01 -5.825970442905e-01 -7.446255257227e-03 
-1.111517072626e-02  1.611159502982e-02 -7.986259940327e-04 
 1.063529486805e-02  1.120528172374e-02  4.226599810671e-03 
 8.881799212774e-03 -1.252948387756e-01  5.508724964370e-02 
-3.461181128148e-03  1.500816060486e-02 -7.925587534403e-03 
-3.089510838732e-01  9.382762968741e-02 -7.730331504180e-03 
-1.851673848117e-02 -8.792873092424e-03  5.110269239448e-02 
-2.627496127778e-03 -3.232640952524e-03  5.373858527059e-03 
-9.101818974582e-03 -4.160024995964e-01  1.637864170791e-01 
-7.920451861868e-03  8.948753955913e-03 -1.770266867192e-02 
 4.573898280393e-03 -1.575159427225e-02  5.902129172469e-03 
 1.105299127019e-01 -1.097999091892e-01 -9.863293941433e-02 
 8.829424166310e-02 -4.649897425101e-02  2.444263497375e-02 
-3.412973993990e-03  1.141953386113e-03  1.236204697732e-02 
-7.438815811463e-03 -4.863326618801e-03 -1.648678950293e-02 
 2.551007854076e-01  6.219150329082e-01 -4.345339164004e-01 
 5.983105148896e-02  1.447841391498e-01 -2.568884232929e-01 
 6.097340881359e-02  1.327584569666e-01  7.453870554785e-03 
 3.035886819718e-03 -8.641155452526e-03  4.601122887895e-03 
-1.983877522929e-02 -1.124232672220e-03 -2.086414451005e-01 
-6.343447811851e-03  1.156637320189e-02  2.481727153494e-03 
 7.799752851942e-02 -1.836401362969e-01 -2.555032023163e-03 
-2.932136466829e-03 -2.884973703594e-04 -4.284099495744e-01 
-7.930915871600e-01  5.101497766457e-03  1.055725469948e-03 
-7.399575885908e-03  8.045039098755e-02  3.670303601473e-03 
 8.038906559028e-03 -6.701121973937e-03 -3.670769349214e-03 
 1.653139267578e-03 -1.058127110903e-02  8.928926976779e-02 
-5.353481261544e-02 -1.982917700378e-01 -2.010973948496e-03 
-2.543066454997e-02 -1.632096919040e-01  2.493679493617e-01 
 5.083098830234e-03  2.153998177727e-02  1.131805813043e-02 
 1.286988533726e-02  1.344312606213e-02 -2.012328774031e-02 
 2.560035095670e-01  8.903434821965e-01  2.823992696375e-01 
-1.196202102103e-01 -9.964345514949e-03  2.540381479884e-01 
-3.881829968147e-02  1.400284661504e-01 -6.318206586331e-04 
 1.424022296878e-02 -5.622452784559e-03 -9.249231235167e-03 
 1.270942801273e-02 -2.352493463882e-01 -8.540064916869e-01 
 1.270693396652e-02  5.568743982098e-03  5.295846780850e-03 
-3.761421031919e-01 -1.077990201351e+00  5.460695386449e-03 
-3.350590488114e-03  1.914752896963e-04  3.156684381874e-01 
 5.128014123864e-01 -4.963221048386e-03  1.798771533282e-03 
-4.447511989939e-03  1.140227964748e-01  1.747678739415e-01 
-3.854955271627e-03 -1.311810569053e-02 -8.536969079202e-04 
-2.087115401367e-02  3.872838002719e-01  1.028599508081e+00 
-5.603890985949e-02  1.862615428863e-01  1.204175131577e-01 
-7.545476082255e-02  1.603993212699e-01 -6.290584005015e-02 
-4.139463299743e-03 -4.011060015711e-03 -7.265237277452e-03 
-4.136881893949e-03  4.177354951291e-03 -4.745811779503e-03 
-1.464822282672e-01 -1.288470079033e-01 -2.975938357463e-02 
-2.469663638187e-01  3.467411879343e-01 -7.706067387241e-02 
-3.743103746230e-01  2.858563394907e-01  3.321596556123e-03 
 1.322338364019e-02  2.146051075598e-02  4.552909348033e-03 
 4.433928976180e-03  9.292207603483e-02  7.460937241888e-01 
-2.341660902673e-03 -1.080641577244e-02  2.138013168022e-02 
-2.656185229064e-01 -9.363713803086e-01  1.188259676774e-03 
-7.754115690027e-03 -5.819817908391e-03 -2.975675486123e-02 
-1.029761829306e-01  4.082009776645e-03  1.172151855927e-02 
 1.122684473412e-02 -2.248508062459e-01 -8.348199105886e-01 
-3.564026715148e-03  1.013962611370e-02 -4.432312368693e-04 
 1.671679533408e-02 -2.161355476476e-01 -8.580466203578e-01 
 5.081231309058e-02 -1.959980593743e-01  1.032690154029e-01 
 1.657188893159e-01 -2.099974525824e-01  4.157368956285e-01 
 4.021074104764e-03  1.024475823289e-02  1.523122316436e-02 
 5.153778725811e-04  2.373209569110e-03  1.162734810144e-02 
 4.214511060026e-02 -2.709881914323e-01 -1.193953942917e-01 
-2.852644541755e-01 -1.806309913000e-01 -1.761990703897e-01 
-4.083602991574e-01 -1.368697360176e-01 -3.399624997786e-03 
-1.088727071946e-03 -1.490427905430e-02 -4.838568730626e-03 
-3.413165636540e-03  6.988087456336e-02  1.313294761911e+00 
-5.892259238949e-03 -4.329970715883e-03 -1.037008709997e-02 
 1.874171443278e-02 -1.011187524632e+00  3.753514252549e-03 
-5.560074942665e-03 -7.105212162261e-03 -1.087624995429e-02 
-2.559612768346e-02 -1.065678492896e-03  1.297372828553e-02 
-3.204576995918e-03  1.870018797590e-01  1.216469938024e+00 
 2.697832867871e-03 -8.162343717386e-03  4.884730737746e-03 
 2.143775732782e-02 -5.927863296126e-02 -1.418178941599e-01 
-1.137171713875e-01 -2.105631191089e-01 -5.109748664732e-01 
-2.720805412110e-01 -4.490128244579e-01 -1.446303158272e+00 
 2.311267102822e-03 -8.094119510978e-03  1.967792803063e-02 
 1.725284272606e-02  2.960680378394e-03 -2.002355691401e-02 
 1.241122130812e-01  6.688218795526e-01 -4.028708744610e-02 
-1.138283070905e-01 -4.121844119783e-01 -9.266827459975e-02 
-3.838497044332e-01 -7.100995716763e-01 -1.319189911652e-03 
-2.433185308088e-02 -1.523289992858e-02 -4.003382286976e-03 
-4.362632349136e-03 -6.845594742974e-02  7.445834172041e-01 
-2.087652202196e-03  1.239429374981e-03 -1.980164422526e-02 
 1.063643884716e-01  2.234636734256e-01 -2.627088360733e-03 
-8.091550837122e-03  6.575256975746e-03  4.319996412108e-02 
 7.893677569655e-02 -9.035237885423e-04  2.190944862032e-03 
-2.308030807292e-03  3.566283583385e-01 -2.040797088119e+00 
 1.734167824416e-03 -2.615837927371e-02 -1.370458975903e-02 
-4.694662253194e-03 -4.489642597818e-03  2.949267874567e-01 
 3.067381823274e-01  2.110220484903e-03 -1.302361984560e-01 
-1.408175194564e-01  4.132979753115e-02  3.167208825080e-01 
-1.690231146161e-02 -6.821277256678e-02  8.600325239413e-02 
-2.058675957777e-02 -5.042438806480e-03  5.394240444330e-02 
 1.196876753045e-01 -3.873591643880e-01 -3.750450233803e-02 
 3.220067080579e-02  9.678323386033e-02  3.409793910593e-02 
 7.583439574584e-02 -1.289553355728e-01  4.109949390002e-02 
 3.453031597968e-04 -4.351270589830e-02  4.064192624949e-02 
-1.215047947487e-01  7.778639642242e-01 -9.729679699613e-01 
-1.009938347116e-02  8.771439170101e-02  1.929256182466e-02 
 1.204532791709e+00 -1.619159849193e+00 -2.627913658540e-02 
-7.872203779029e-02 -6.836578997387e-03 -1.209931720567e+00 
 1.893276694735e+00  1.397957758981e-02 -6.263197503306e-03 
-2.680379235791e-02  9.279078354316e-02 -8.472050362669e-02 
 1.711739155655e-02  9.609325581030e-03 -2.998818819982e-02 
 2.357715017596e-01  1.024599591410e+00 -1.660397277719e+00 
 1.208671332136e-01  7.536136336925e-01  7.045140239874e-01 
-2.082885858123e-01 -1.037779964307e+00 -1.740603341821e+00 
-1.068397185157e-02  2.444393226217e-02  1.006474991437e-04 
-1.379982336736e-02  3.697188772556e-03  5.901561168460e-03 
 7.930514287939e-02  6.323656900211e-01 -1.554162402020e-01 
 5.200028202638e-03 -9.313635786180e-02 -2.350639334190e-02 
-4.182963597987e-01 -2.106817809992e-01  2.912041410054e-02 
 9.070645557278e-02  1.011147993427e-01  5.055004135140e-02 
-2.052707578931e-02  3.824088555090e-01 -2.181568759049e-01 
-6.535667029170e-03  3.059700313683e-02  1.120141419305e-01 
-7.615001377097e-01  1.075634514663e+00 -5.840910047355e-03 
 2.206517653593e-02 -5.066347725269e-02 -6.779036033830e-01 
 7.546334054894e-01  3.983351688184e-02  2.058118670920e-02 
 6.944873915637e-02  1.275668132689e-01 -5.411246749090e-01 
 4.986883162825e-03  1.130611971332e-02 -3.262949684966e-02 
-1.495228116555e-01 -6.586680818756e-01  7.615380429316e-01 
 1.114305844226e-01 -1.580205045795e-01 -2.511147635564e-01 
-3.353221758099e-01  1.017772783281e-02 -4.073618011241e-01 
-4.450733659490e-03  9.371990615728e-02 -1.188379066405e-01 
-8.640547481384e-02 -9.784628160280e-03  6.170373808962e-02 
 5.282658741159e-01 -3.918685919626e-01 -2.712412580723e-01 
-1.619389229646e-01  2.528327346826e-01  3.985047849815e-01 
 1.711980656111e-01 -3.839845739045e-01 -4.072257683446e-02 
-6.413827808091e-02  4.945662274009e-02  5.138444159449e-02 
 5.245356989505e-02 -6.945014696654e-01  4.934023909245e-01 
-5.409136231712e-02 -1.024828628659e-01 -1.089689368162e-02 
-4.069591684886e-01  4.693280746100e-01  1.090624983185e-02 
 1.456532478969e-01  6.984632769003e-02 -1.125195856581e+00 
 1.273617629044e+00  1.013540553302e-01 -2.161997604262e-02 
-7.780957878336e-02 -9.815888392809e-01  4.257284997522e-01 
 2.501481707236e-02 -3.570398400737e-02  6.240122689589e-02 
 1.328686982880e-02  4.216913427558e-02 -1.864056675806e-02 
-1.271639424703e+00 -4.312574767881e-01  4.034309307694e-01 
 1.657916701779e+00  5.547383057325e-01 -5.313533526129e-01 
-2.871601047347e-02 -5.147907932963e-03  3.286145485100e-02 
-3.232605556579e-02 -1.005967803646e-02  9.078611129787e-03 
 7.999534610968e-02 -8.164981115901e-02 -6.749500773328e-02 
 1.016081562259e-01 -2.399416706540e-02 -1.072649967016e-01 
-9.413138810031e-02  1.367769939479e-01  8.362052710793e-04 
-9.716333112987e-03 -1.863519852013e-03  3.579371207128e-02 
-1.617978236979e-02 -8.041360284904e-02 -1.751878965294e-01 
-3.873749344775e-02 -1.386090095077e-02 -2.425709622881e-02 
 5.822262607552e-02 -4.444662351519e-02  2.842545155423e-02 
-1.794479176420e-02 -3.134756311370e-02 -5.424778871781e-01 
 7.830777437882e-01  1.676060633588e-02  4.467279160159e-02 
 5.048973864622e-02  5.726288006494e-02 -8.811146348849e-02 
-3.054313231250e-02 -8.879819748376e-03 -7.555742597622e-04 
-1.322934864122e-01 -5.704963200000e-01  4.132590002513e-01 
-5.409045601337e-01  1.033123801324e+00 -3.093737222432e-01 
 6.308378408431e-01 -1.433310203968e+00  1.367963374033e-01 
 9.480681035406e-03 -2.442159892461e-02 -1.387061308749e-01 
-8.427594287441e-02 -1.764664321273e-02 -5.562094052427e-02 
-3.003571112094e-01  6.321613849590e-01  2.679284107960e-01 
-1.199861780014e-01  1.878410058584e-01 -3.745204437267e-01 
 1.588975958605e-01 -4.967352499732e-01  2.977419771702e-02 
-1.052256431171e-02 -1.291779726971e-02 -4.909427734352e-03 
-2.323242988261e-02  1.908684135902e-01 -4.215965632394e-02 
 4.756980141107e-02  3.596494052554e-02  1.282350372880e-02 
 5.759681241302e-01 -8.567233470143e-01 -3.354835977095e-03 
-3.250411793473e-02  6.649173898138e-02  3.914587590922e-01 
-2.715103590656e-01 -4.426399645102e-02 -1.241235535949e-02 
 2.797760738813e-02 -6.957298691019e-01  7.467689773382e-01 
 2.910188585550e-02  3.072101016333e-03  1.153384595977e-01 
 7.922435976507e-02  4.423875542441e-01 -6.091114531806e-01 
 1.929174724842e-01 -5.269163034194e-01  4.513355090199e-01 
-5.716718019067e-01  5.137304580916e-01 -2.430839646343e+00 
 4.623140630444e-02  9.262142713374e-03 -1.002566767218e-01 
-1.212174018093e-01 -4.209577983464e-02 -1.037962541623e-01 
-4.554475767260e-01  1.431475094703e+00  5.084672244510e-01 
 3.060143636723e-02 -1.860175249257e-01 -7.992185398977e-01 
-5.322081177759e-01 -2.966625253629e-01  7.010915158440e-02 
 1.186334944334e-03  2.251763812806e-02 -6.009623359030e-03 
-5.472705657385e-02  3.902490380618e-01 -1.826644536293e-02 
 1.310419891261e-01  4.244927218082e-02 -3.239391001284e-02 
 2.642283738432e-01  4.230462143300e-01 -8.003091059514e-02 
-5.571101533595e-02  5.286449432362e-02  3.428568997912e-01 
-6.954820897416e-01 -1.093364069602e-01 -9.624311889583e-02 
 1.042749060371e-01 -1.173601988511e+00 -1.894261877912e-01 
 6.393335184691e-02 -6.186013116601e-02  2.002231232722e-02 
-1.530919736357e-01 -7.668258166072e-01  1.158574202788e+00 
-1.357450256242e-01 -1.997398628930e-01 -8.756344354146e-02 
 2.182382453031e-01  3.931642779699e-01  2.254747152264e-01 
-1.834396325569e-02  2.138087585391e-02  1.491132704813e-01 
-7.975599344177e-02  6.488532324374e-02  9.473544274064e-02 
 3.114954991767e-01 -8.359357482869e-01 -1.209387137878e-01 
-8.261401821632e-01  5.663436115230e-02  2.199314416338e-01 
 1.198570876424e+00  2.433570816847e-02  1.071730220202e-01 
 1.066271538511e-01 -6.525920931391e-02  4.024303437635e-02 
 6.641071797710e-02  9.222249305942e-01 -1.356036818340e+00 
 1.957992994344e-01  1.834427681087e-01  8.142297933785e-02 
-5.686806430084e-01  1.212627809278e+00 -1.102608755207e-01 
 2.586035743086e-01 -1.041576913010e-01  2.045620494717e-01 
-1.499594290021e-01 -4.562345202390e-02 -1.615577207623e-01 
-1.094547224117e-01  2.263580356543e-02 -2.039812735446e-01 
 6.543201086638e-03  3.218661850272e-02 -5.461223938998e-02 
 1.877922900051e-01  9.061094471170e-01 -1.837968399309e+00 
-1.766241583079e-01 -6.224573487137e-04 -5.802133055216e-01 
 3.251244670084e-01 -3.065140096876e-03  1.199480424186e+00 
 1.580101687067e-02  7.953362606150e-02 -1.265475161573e-01 
-2.309392813083e-01  5.153414083642e-02  8.915305568709e-03 
 4.611116845589e-02 -1.264495349413e-01 -5.467255434094e-01 
 5.410780007166e-01 -2.592616727224e-01  6.807790857657e-01 
-1.430985873496e+00  7.076474493773e-02  1.058011526379e-01 
-1.200821599992e-02 -3.506183924211e-02  2.725036661570e-02 
 1.885273399116e-02  6.594095624219e-01 -9.644644363753e-02 
 1.259915323824e-01 -1.176804730470e-02 -3.938715323116e-02 
-4.780088286639e-01 -5.133493758361e-01 -2.368659046504e-01 
-7.340741463858e-02  8.681283456027e-02  3.576900801285e-02 
 3.635060433121e-01  2.646746213592e-02 -2.284058746951e-01 
-8.591896483688e-02 -2.097107955112e-02  1.198242866859e+00 
 7.766455445157e-02 -2.612481232362e-02  2.010813818279e-01 
-2.038632890519e-01 -9.361302386557e-01  6.170473046670e-01 
 8.296129297427e-02  9.318787134887e-02  5.668780596591e-01 
-3.395907578317e-01 -3.704225851354e-01 -1.747472369134e+00 
 9.139384170699e-03 -1.902921249796e-01 -1.892168396488e-03 
-7.130411453873e-02  7.742411337114e-02  1.831912529295e-02 
 1.239819894652e-01 -8.031015576068e-02  3.177738599486e-02 
 4.113768550790e-01  8.946068553882e-01 -7.035581148880e-02 
-1.201105300836e+00 -1.843901603267e+00  2.552456555457e-02 
-3.396583778267e-02  3.357320371555e-03 -2.069917805379e-02 
 7.046176750383e-02  3.034264916573e-01  7.557694165212e-01 
 2.511683887330e-02 -2.104690051244e-01 -1.294786217367e-01 
-1.131549710082e-01  1.721225507102e-01 -1.758630456690e-01 
 2.475268746039e-02  2.511686821751e-02  2.879277440311e-01 
 1.413876885593e-02  4.029633630979e-02 -1.639915957568e-01 
-1.300730589183e-01  5.125669205592e-01 -1.507839425799e+00 
-2.402520045720e-02  6.915723647071e-03 -1.432856943000e-01 
-5.563116059310e-01 -2.530156765093e+00  4.563975981985e+00 
 7.491233712444e-02  1.287460682663e-01  2.788912035262e-01 
-3.323359243624e-01  1.692225076021e-01 -4.419887517988e-01 
 3.182683014743e-02  6.192453091498e-02  1.069496948036e-01 
 5.536358270550e-02  1.677285831118e-02 -8.392051632470e-02 
-4.612373323668e-01  6.958465652250e-01 -5.084447459484e-01 
 2.775715832722e-01 -6.494367076414e-01  9.076739278774e-01 
-1.662112743477e-01  1.439270591628e+00  5.321531157137e-02 
-4.397525436473e-02 -5.394213973533e-02 -4.647352010662e-03 
-5.637338699796e-02 -1.799397015277e-01 -4.312415070519e-01 
 5.460634518104e-02  9.487226806295e-02  7.340866885851e-02 
 2.319245718711e-01 -1.054395575800e+00 -7.871486489704e-02 
-1.735680767362e-01  4.696169004276e-02  4.672664165118e-02 
 1.332168340864e-01  2.974725203665e-02 -4.653537689047e-02 
 2.413994404165e-02 -1.867630180510e-01 -1.118278015105e+00 
-1.047873855252e-01  4.609558202739e-02 -1.644189263565e-01 
 2.205924583915e-01  1.021051162091e+00 -1.603947791117e+00 
-4.253652088311e-02 -8.993513411093e-02  3.436046269921e-01 
-3.193053769462e-01 -1.545804422233e-01 -1.074152554754e+00 
 1.139384258948e-01 -5.156096053123e-02 -1.580022547636e-01 
 1.331769103467e-01  4.568521192933e-03 -1.213194591603e-01 
-6.645151809439e-01  1.386870419707e+00 -8.299221603796e-01 
-1.936799785252e-01  5.021687519043e-01  1.505447446545e+00 
 6.311226920083e-01 -1.137228941575e+00  5.284061017194e-02 
 4.216336182490e-02  2.575022465367e-02 -6.084817088520e-02 
-9.321493020488e-02 -1.153153001847e-01 -6.841519334126e-01 
-1.767354765344e-02  2.477193356907e-01  2.244651820534e-03 
 7.524012699294e-01 -5.058980588345e-02 -1.446874471899e-02 
 5.840136642562e-02  9.038481164966e-02  5.619910237873e-01 
 1.634224682247e-01  1.738519877138e-01 -1.648449378823e-02 
 5.530815720150e-02 -1.635692837767e-01 -1.207067966880e-01 
-1.181580334294e-01 -1.033599571044e-01  6.067782737792e-02 
 4.086688246655e-04 -3.536185735311e-03  5.655374129620e-01 
-6.286256135176e-02  6.759495753748e-02 -6.806564230140e-02 
 3.694835585673e-01  7.507098423057e-02  1.286917877154e+00 
 3.287047148391e-01 -7.620069155569e-04  6.789561296242e-02 
 1.214439807276e-01 -1.512155066810e-01  2.047889517488e-01 
 8.750795185209e-01 -1.970027368899e+00  3.102222371655e-01 
-1.616963999269e-01 -2.256529241441e-01 -2.624291942388e-01 
 8.405227231882e-01  7.439074796647e-01  9.334796015945e-02 
-7.811924720622e-02  1.699460104028e-01 -1.829616484312e-01 
-1.423502617137e-02 -3.327398803721e-01  2.067281625881e-01 
-8.188010843505e-02 -8.191950550708e-02 -1.072101989765e-01 
 3.380638452814e-01 -3.238541406442e-01 -3.744902364773e-01 
 1.863121455940e-01  2.368469805170e-02 -1.518055330570e-01 
 3.574003831766e-02  2.510709937039e-01 -2.833372883257e-01 
 3.461332832631e-01  3.224784732273e-01  3.525767651244e-01 
-5.877971381614e-02  6.776082759563e-02 -1.843773491562e-02 
-1.248650641688e-02 -4.967300001197e-02 -3.147777367056e-02 
 2.714569459933e-02  5.055152606348e-03  2.393379485638e-02 
 4.543989047333e-01 -4.141908973237e-02  8.887403090476e-01 
-2.976363117706e-01  3.133187391817e-01 -2.088391362321e-01 
 1.751863516809e-01  2.073689603116e-01 -2.097564080359e-01 
-9.644434190581e-01  1.207676169083e+00  4.212493713239e-01 
-5.177941481684e-02  4.084272029874e-02 -8.086745920538e-01 
 1.995829687445e-01  3.165463686363e-01  3.295148557460e-02 
-8.903866388475e-02  4.954766420876e-02  4.401715345559e-02 
-9.878835473561e-03 -1.206470044715e-01 -1.025696016504e-01 
 1.059369208882e-01  1.122780247903e-01 -9.167277516078e-03 
-2.130321185094e-01 -3.057631421818e-01 -1.649929367982e-02 
 2.788857467559e-02  3.638416277135e-01 -6.355886496306e-01 
 2.299764910052e-01 -8.607695721246e-02 -2.501121769046e-01 
-6.898796807990e-03  9.117910635906e-01 -1.138185374556e-01 
-1.904852036590e-01 -1.594212572680e-01 -2.981304320227e-02 
 1.125467051840e-01  4.685455429358e-01 -4.912931107838e-01 
-8.865128265500e-03  6.772472333368e-02  1.135050241285e-01 
 9.143019456672e-02 -2.219888316820e-01  8.474069515316e-01 
 4.544028604884e-02 -1.274838866989e-02  1.016620493916e-01 
-3.261243959150e-01 -3.953367484701e-01 -3.231360654410e-01 
-1.429282368143e+00  2.269190502237e+00 -7.180999386527e-02 
-1.741272587440e-01  1.354521727129e-01  4.156419843655e-01 
 1.146596276969e+00  4.299620828514e-01  6.172125862119e-02 
-1.069837425038e-01  3.713924763202e-02  1.296420721211e-01 
 1.453685701107e-02 -1.290714010744e+00 -7.007204118372e-02 
 2.503797385081e-01 -1.345604022258e-02  6.160431597955e-02 
 2.179832967208e-01 -5.310002656574e-01 -1.284426681179e-01 
-9.955011621853e-02  5.811884060922e-02 -3.166633090716e-01 
 2.540768425983e-01 -7.620707624306e-02  8.324786057585e-03 
-2.925602886116e-02  7.802269690906e-01  9.661351805131e-03 
 2.311449704699e-01 -7.017447837733e-02 -1.333184380337e-01 
 2.234362762723e-02  1.039493028449e-01 -4.405282908762e-02 
 6.597228003847e-02 -6.447711062957e-02  5.423418925147e-02 
-9.642078437483e-02 -9.867981914501e-02 -3.024897320287e-01 
-5.428446347598e-01 -1.425919490661e-01 -1.050137748747e-01 
 2.035764027774e-01 -5.186544661273e-01  1.217922503271e-01 
 5.791268096234e-01 -6.525075373364e-01 -2.407762831023e-01 
 3.745478815917e-02 -4.998245499358e-02  1.873280794456e-01 
-1.148205010148e-01 -6.450241837335e-02  1.676449525972e-02 
-6.172499600097e-02  4.259765530508e-02  5.306284769639e-02 
-6.598965113677e-03  1.750187135972e-01  3.794961924427e-02 
 1.613965356106e-01 -3.865870082255e-02 -1.135966493138e-01 
 8.155814924958e-02 -6.951633028976e-02  9.558767708267e-02 
 7.031104847224e-02 -2.631136712335e-02  1.732422008246e-01 
 5.818774233497e-03 -4.588422347279e-02 -1.747648121526e-01 
 1.106052188160e-01 -1.715066466672e-01 -3.434812679866e-02 
-9.305376318317e-02  2.950885111728e-01  5.948692028179e-02 
 7.134618606026e-02  3.197467713941e-01 -3.107390616999e-01 
 8.179527543222e-02  1.013315443028e-01  9.748723603858e-02 
-2.755221827573e-01 -3.433662625132e-01 -1.339576465344e-01 
-2.796670363589e-01 -2.150182334658e-01  8.249103565253e-02 
-3.226875398425e-01  4.502848098997e-01 -1.545023105848e-01 
-6.041118231557e-01  1.236140351868e+00  4.596756548386e-03 
-5.198761308642e-02 -1.440215405560e-01  2.538143930938e-01 
 3.577918723531e-01  2.708928030897e-01 -1.074263524907e-02 
-1.564154323688e-02 -4.775277377984e-02 -6.234897608899e-03 
-1.702160932772e-02 -6.542104181839e-01  1.057148354957e-01 
-8.467173534001e-02  2.521925751886e-01 -4.715181283574e-01 
-1.348912620020e-01  4.694167954824e-02  3.253312019598e-02 
 1.606989431955e-01  6.035182434218e-02 -9.441961052497e-02 
 3.163397836692e-02  1.565371861074e-01  4.212622739417e-03 
 2.561910122310e-01 -7.230028228898e-03 -2.622810807037e-02 
 1.570695541872e-01  2.380991364538e-01 -3.499681035145e-02 
-1.145561569983e-02 -6.797445732134e-02  2.490704820921e-01 
 1.035592411119e-01  3.300181320872e-02 -6.289973806495e-02 
-1.742983884972e-01  2.192438539237e-01  8.706938518782e-02 
-4.554044880352e-01  2.776170698875e-01  2.198013878034e-01 
-8.213970666202e-02  1.621035248567e-01  1.158435605906e-01 
 4.492512299957e-01 -1.084781682370e+00 -1.549740135686e-01 
-1.044373420189e-01  2.324225482876e-01  3.979828499844e-01 
 6.236313333328e-01 -2.819829991949e-01  8.316531368622e-02 
 5.756114539013e-02  1.736035404574e-02 -1.685573585371e-02 
 1.556397411316e-02 -2.542874775342e-01  7.694259258035e-02 
 1.763148694371e-01 -3.252743022548e-01  9.142565721411e-02 
 7.004834595520e-01 -1.090737487752e-02 -2.064770835972e-01 
-1.075785937150e-01 -2.745818316716e-01  4.539345344304e-01 
-2.977177649885e-01  2.222003741181e-01  1.975230660537e-01 
 3.679446495400e-01 -2.657545843870e-01  1.288652648690e-01 
-9.593050338315e-02 -2.912781642355e-01  2.515867358609e-02 
-2.041306966911e-01 -8.652033440759e-01  1.053285636379e+00 
-3.868580923680e-02  4.069587520040e-03 -2.075686636639e-01 
-9.575646178255e-02  2.999447074188e-01  8.481589413719e-01 
-1.446969643258e-02  2.367583194912e-01  5.928284582353e-02 
-9.762288937007e-02 -1.900913934196e-01  9.241181210852e-02 
 3.412995301200e-01 -1.214067394728e+00 -1.598689791417e-01 
 2.198522606656e-01  3.054290764001e-01  1.038164878908e-01 
-7.254680223028e-01 -2.780218127404e-01 -6.996741271369e-02 
-4.898835338233e-02  8.997960832697e-02  1.363628696698e-02 
-7.206242227541e-02  8.145402645627e-01 -1.096635099436e-01 
-2.837070575416e-01  1.330098175423e-01 -4.286295719907e-02 
-3.772129409633e-01 -5.796493429837e-02  4.286674584779e-01 
 7.539161948018e-02  7.576181451578e-03  4.443576124490e-01 
-3.660599095789e-01 -3.211443532563e-02 -3.050842769196e-01 
 3.855690444575e-01  2.787866136492e-01  1.584881024153e-03 
 3.286975034575e-01 -2.972078420304e-01 -1.671046849913e-01 
-3.494409687841e-02 -1.972076434004e-01 -5.597749003046e-01 
-8.285310418789e-02 -5.874880317995e-02 -1.327211763705e-01 
-2.601463882981e-01 -1.760605781132e-01 -1.176814233133e+00 
-2.786790225721e-01 -2.089465099197e-01  5.054756932473e-02 
 1.938003573432e-01 -1.476192677600e-01 -4.291690020031e-01 
-1.846856007958e+00  3.297302884346e+00  3.759979387876e-01 
 8.677630145268e-02  8.456560656969e-02 -6.968499611083e-02 
-6.063836241273e-01 -6.889378026055e-01 -6.449555283948e-02 
 1.468354185501e-01 -1.343057526273e-01 -1.238539723780e-01 
 2.305301556113e-02 -2.280760776457e-01 -1.775748836802e-02 
-3.110502653353e-01  1.807488376184e-01  2.027181319374e-01 
-6.019647626042e-01  3.409555388653e-01 -2.145819218798e-01 
-1.567280272607e-01 -2.619825027247e-01 -3.893073671301e-01 
 4.640431773558e-01  3.770089949806e-01 -2.737687269267e-01 
-1.353956757510e-01 -6.691754068861e-01 -2.912650490948e-02 
 1.694976223768e-01 -1.501717198308e-01  8.470758311326e-02 
 4.544361784776e-02  1.848938282394e-01  2.019769532441e-01 
 1.538611896829e-01  2.438230786512e-01  5.633880073294e-02 
 1.049671882713e-01 -3.653637525408e-02 -9.282663174496e-02 
 1.449205446715e-01 -2.304561248948e-01  2.746302013674e-01 
 5.929878092048e-02  5.764504090757e-02 -2.229660281644e-01 
-8.292109307744e-01  1.384254483577e+00 -1.091199191393e-01 
 7.872835340495e-02 -3.578569932381e-02 -1.613984310175e-01 
 7.168775507014e-01  9.306404992602e-01 -1.368719573465e-02 
-8.904878843696e-02 -1.365582752705e-02  2.208735692200e-01 
-9.835963443864e-02 -1.119110679320e+00  3.194073195640e-01 
 4.016077768833e-02 -5.364614587239e-02 -2.773576172702e-01 
-1.003445032292e-01  2.245583269921e-01  3.441168516639e-02 
 9.964618487826e-02 -4.768426235495e-01 -4.525350234887e-01 
-8.619840353656e-02 -5.119603965881e-01 -3.505970748435e-01 
 6.429822475683e-02 -4.789781992548e-01  3.027141217736e-01 
-4.024117911735e-01 -3.245414505357e-01  1.869865052785e-01 
-9.392468490177e-02 -2.945209781942e-01  1.253902641466e+00 
-3.758286290077e-02  2.641911010759e-01  2.187534905819e-01 
 2.674956516083e-01  2.606556151428e-01  6.205890163598e-01 
 1.059939258659e-01 -2.748086994509e-02  2.171538364751e-01 
 4.006527184339e-01 -8.094473064561e-02  1.405366127747e-01 
 4.339925953204e-01 -1.552589970020e+00  1.013316151641e-01 
 1.122244606077e-01 -1.585338877320e-01 -5.709160617473e-01 
 7.721933519820e-02  1.080120249311e+00  3.239950231250e-02 
-1.447651040357e-02  3.077652482111e-03 -1.298280090902e-01 
 2.530868757398e-02  2.742697594702e-01 -2.006946536375e-01 
 6.266876429462e-01 -2.167515341795e-02 -5.406124947124e-01 
-6.456983523534e-02 -2.007038129878e-01  4.148098902989e-01 
 4.372921126821e-02  7.979451719293e-03 -4.665856514969e-01 
 3.890466639872e-01  3.518899401448e-01  6.614788694160e-02 
-2.197835328628e-01 -3.316965756717e-01  4.137232656695e-01 
 2.218261524322e-01 -3.743745844892e-01 -2.226068443530e-02 
 1.152529359998e-01  3.746753511534e-01 -1.558626319061e+00 
-2.783733412783e-02 -2.527401560433e-01 -2.058747647160e-01 
-1.550947833616e-02 -4.316263641353e-01 -8.431187448279e-01 
 1.870361150154e-01 -3.560810226524e-01 -2.135398767143e-01 
 6.767140297962e-02  3.837579105144e-01 -1.604777963573e-01 
-5.408010385540e-01  2.028782539817e+00 -8.422558667103e-03 
-7.989478031875e-02  6.841472688485e-02 -6.991072539320e-01 
 1.842422480460e-01 -1.123361583152e+00 -9.938510035033e-02 
-1.389280761872e-02  5.616941897314e-02  6.143036945496e-02 
 2.869725396658e-02 -1.744861789285e-01  1.041654167286e-01 
 4.917576126578e-01 -2.204796050862e-01  5.035557591269e-01 
 6.366182964678e-02  1.763254565842e-01  4.225603935574e-01 
-2.729628296236e-01 -9.094561847472e-02 -4.486008861586e-01 
 2.830746806859e-01  1.680841906541e-01 -3.876318355917e-01 
 3.899244219983e-01 -3.904939876063e-03 -1.671070761276e-01 
 7.667105491123e-02  2.328077892082e-01  1.457247115568e-03 
 2.467863851427e-02  3.266860934479e-02 -8.403743324361e-01 
 1.474591651532e-01 -5.093380186397e-02 -4.274648931898e-01 
 7.061148757451e-02  1.449893134320e-02 -2.566333120590e-01 
 1.527073862733e-01 -1.871154359181e-01 -3.673337729659e-01 
-4.761617932231e-01 -3.317855333629e-01 -9.757196501611e-02 
-3.644132602333e-01  9.570988164299e-01  2.629322868136e-01 
 4.867311242391e-02  4.104158707121e-03 -5.980275063296e-01 
-1.349366035625e+00 -5.785553443410e-01 -3.111730516032e-03 
 3.430142692900e-02 -1.774943998045e-01  1.781117274519e-01 
 1.391787197571e-01  8.690798574306e-01 -1.618977379335e-01 
-1.109550640262e-02  2.186237437972e-01 -1.226670799193e-01 
-9.139609929590e-01  3.957000349626e-01  1.069584043506e-01 
-9.951906058028e-02 -1.224354146909e-01 -2.487205599009e-01 
 2.732698727844e-01  3.816377051338e-01  2.532248858050e-01 
 2.423006710655e-01  5.606494349669e-01 -4.881376009197e-01 
-6.515732981694e-01 -2.130949221803e-01 -2.765040401709e-02 
 2.650972143636e-02  1.913991137107e-01  7.516653975190e-01 
 8.263262949474e-02  4.790462928980e-02  2.879063621503e-01 
 8.390589969283e-02  9.172811756294e-02  6.198577405999e-01 
 8.146419503099e-02  6.302969079829e-01  5.402100477617e-01 
-4.615409754517e-01 -1.029663410794e-01  1.788003960674e-01 
 5.138362153083e-01 -1.820646553026e+00  1.012372561313e-01 
-1.664290106926e-01  1.059239439550e-01  5.957276379003e-01 
 1.140158319621e+00  5.664805624946e-01  1.453746191362e-01 
 3.717035979596e-02  9.011364035300e-02 -1.056884652455e-01 
 5.620679375243e-02 -4.767224912211e-01 -5.864727175699e-02 
-1.656386531702e-01 -2.013385741136e-02 -1.299829900659e-01 
 9.940513864356e-01 -7.261535156803e-01  3.922934207072e-01 
-1.642888450773e-01 -5.815049148596e-02  4.369436393300e-01 
 1.075599128053e-01  3.036402550010e-01 -4.014523187603e-01 
-4.224753401064e-01  4.460204555062e-02  1.826581163719e-01 
-4.646193416566e-01  4.636135905661e-01  2.002923515323e-01 
-3.582292740487e-01 -1.551879749862e+00  5.508100666123e-01 
 2.143534408565e-01 -3.174353817235e-01  6.048794188848e-02 
-2.798024934538e-02 -8.820980629832e-02 -2.454404422092e-01 
 2.268933445289e-01  1.506721678929e-01  3.564584483163e-01 
 1.311848509586e-01 -9.500220872018e-02 -2.856575067274e-01 
-1.154008895805e+00  2.044510128150e+00  9.468428301331e-02 
 2.205816413581e-01  6.236060219220e-01 -6.991420876398e-01 
-1.304187006572e+00 -9.984876770597e-01 -3.706691019777e-02 
 9.630364047019e-02  1.018400987235e-01  2.012239255633e-01 
 6.111777765082e-02  5.604022644459e-01  4.229108082801e-02 
 1.096784669151e-01  1.996964981631e-01 -1.337305051508e-01 
-1.156527168056e+00  2.952172761079e-01 -7.872166116282e-02 
-1.117188090560e-01  3.992366795991e-01 -3.690026187789e-01 
 3.959927328535e-02 -7.086477111638e-02  3.142081684166e-01 
 3.883672743687e-01 -1.744152696263e-02  2.017275708555e-01 
-3.715853321674e-03  3.333870748245e-01  6.651743176062e-01 
 8.015506925114e-02  3.167822357033e-01  6.118549676053e-02 
-1.416086244588e-01 -1.954060363105e-02 -3.207459270073e-01 
 1.170678030225e-01  1.564737046934e-01  7.113199657631e-04 
 1.817719724981e-01  5.457780517492e-01 -3.537372663832e-01 
 3.862460752212e-01  5.669782758065e-02 -4.802568972491e-02 
-7.346081678012e-02  8.973206499851e-01 -5.879451467842e-02 
-3.585883489257e-01  3.647722458698e-01 -3.839366475776e-01 
-2.023530621595e-01  6.355992295257e-01 -1.022353244248e-01 
 5.637391649448e-02  2.034572720510e-02  6.811449751652e-02 
 4.539218420771e-02 -1.715667923302e-01  9.470195534664e-02 
 1.224821582063e-01  2.482312348271e-01 -5.885857499737e-01 
-6.231628914581e-01  7.154471492733e-02 -2.065418052853e-01 
-6.584393924198e-01 -5.568957478393e-01 -6.601794270972e-01 
 1.911793621774e-01 -2.784558069787e-01 -6.119917994727e-03 
 9.223970945992e-02 -1.391321507693e-01 -1.360502363703e-01 
 2.326777379359e-01  4.063061687285e-01 -3.726428510612e-01 
-3.856415461835e-02 -1.195106495174e-01  6.597181565755e-01 
 8.933158063845e-02  7.762220645053e-02  5.117605285749e-01 
-2.124020963465e-02  1.154393650860e-01  1.343623573904e-01 
-1.475396091125e-01 -4.336789640833e-01  1.360207559332e-01 
-1.422291768401e-01  3.528299563421e-04  4.924146501845e-01 
 2.201504554361e+00 -1.729976862751e+00 -6.402945348713e-02 
-6.288733909415e-01  7.310643028676e-02  4.173130415685e-01 
 7.836607913052e-01  5.036760454102e-01 -1.150511844749e-01 
-2.183066297646e-02  1.372572004363e-02  2.418731432452e-02 
 2.568330124165e-01 -4.141836415041e-01 -7.415078625140e-02 
-8.932288648535e-02  4.498485415480e-01 -4.701622066970e-02 
-4.927697681720e-02 -4.268396393332e-01 -1.536167621307e-01 
-8.128303373956e-01  3.642433201606e-01  6.668236049570e-02 
 7.803286577909e-02 -1.546772369606e-01 -1.999745674508e-01 
 1.284586845283e-02  8.600614347045e-02  9.911752419168e-02 
-1.846152935890e-02 -4.420594927226e-01  2.181934865720e-01 
-1.827927935571e-02 -2.469497828988e-01 -9.551355453745e-01 
-3.989500698041e-02 -2.647731402211e-01 -4.359132142924e-01 
-1.603184817842e-01 -1.171942813518e-01 -9.216138254526e-01 
-1.626212803001e-01 -3.928604767002e-01 -1.867481276167e-01 
-2.034340089934e-01  1.176601943341e-01 -1.585861504630e-01 
-4.883923088614e-01  2.255669425297e+00  1.067788201401e-01 
 2.437063795886e-01  1.931792139484e-01 -3.932938777766e-01 
-1.253423926042e+00 -8.535378654493e-01  3.964912799246e-01 
-2.835189340621e-01  7.568238815346e-01 -3.600616945818e-01 
-1.527406244276e-01  2.393927401051e-01  1.894870113972e-02 
 5.536887761423e-02  3.875232649659e-01  1.380415106469e-01 
-1.048465544900e+00  6.879460366602e-01  1.567085062726e-01 
-2.462827111109e-01 -3.843713932919e-01 -3.501081471203e-01 
 1.901027904652e-01 -1.682053174256e-01  3.097805532028e-01 
-1.108059946577e-01 -8.629048811181e-02 -2.942883753541e-01 
-1.058222461301e-01 -1.069517550877e-01  4.075099651651e-02 
 3.919464418394e-02  2.295802078169e-01  3.217118552621e-01 
-8.632021377063e-03  1.203985169771e-01  3.691605463866e-01 
 7.344441860998e-02  1.796347717573e-01  2.318951876548e-01 
-1.034384900851e-02  3.691126524655e-01  2.008348571508e-01 
-1.359885907651e-01 -2.706067421569e-03  4.188133285220e-01 
 1.532329177509e+00 -2.339771690864e+00  2.994979595424e-01 
 9.550274226053e-01  2.609794199866e-01  3.424636477125e-01 
 8.173984240479e-02  2.359466178176e-01 -6.779793189422e-01 
-3.425927497851e-01 -6.010055180592e-03  4.206176737418e-02 
-9.267210509845e-02 -3.027807435851e-01 -2.510641759610e-01 
 4.935586311857e-01  5.713316079400e-01  3.170693298790e-01 
 7.877315609894e-01 -1.690342104951e-01 -3.774152848458e-01 
 3.700814824819e-01 -3.562349217111e-01  4.676339587949e-01 
-7.251356687999e-02  1.984204221730e-01 -3.279051281654e-02 
-1.588867165155e-01  7.392497761801e-02  8.615044776227e-02 
-6.858868053713e-02  1.087074434683e-01  9.231708353036e-02 
-3.750295494283e-02 -2.139361851677e-01 -2.945444158552e-01 
 3.171526511321e-01  2.473771743162e-02  1.034096141851e+00 
-1.268218794814e-01  7.203833237464e-02 -3.122670190280e-01 
 1.095581459310e-01  2.882053261394e-01 -4.711598692253e-01 
 1.149680881539e-01  7.850847418601e-02  1.560170115463e-01 
 5.422639220520e-01 -1.130451096785e+00  1.756363866979e-01 
 1.643917475446e-01 -5.738346879878e-02  1.650848759068e-01 
 1.244924622960e-01  1.239907981245e-01  6.037458367183e-01 
-5.632583376798e-01 -2.468186464024e-01  3.564734485608e-01 
 4.244360013968e-01  9.911548984999e-03 -9.053105388969e-02 
-5.046922918960e-01  2.094194747750e-01  2.678994335532e-01 
 5.350308027021e-01 -5.268749525941e-02  1.881253872112e-01 
 8.939736265778e-02 -4.637556606050e-01  3.382515754200e-01 
-8.562156519170e-02  2.315841146080e-01  9.205003907566e-02 
-2.719134060559e-02  1.098406620501e+00 -2.852391274503e-01 
 4.490027020016e-01  3.938062019328e-02  6.177370307970e-01 
-6.480600973160e-02 -4.063915101075e-01 -3.380700397724e-01 
 4.414358179194e-03 -1.805381268997e-01  4.642569722712e-02 
-1.283414259457e-01 -2.718227957140e-02 -3.345348418494e-01 
-4.891120264011e-02 -2.486877977786e-01 -3.360971611443e-01 
-7.803116734069e-02  1.106795223973e-01  2.285126809182e-02 
-2.484329659226e-02 -8.247051769505e-01 -5.806539453066e-02 
-6.954491946047e-01 -3.585513433999e-01  6.609984067173e-01 
-3.152797700427e-01 -6.870002719521e-01 -2.772447387138e-01 
-9.933038278404e-02  5.652737153435e-01  7.616373813767e-01 
-4.469687063434e-01  1.300293144150e+00 -3.762914971443e-01 
-2.577114235086e-01 -3.751595037618e-01 -3.185113647289e-01 
-3.932876972112e-02 -6.476298656856e-02 -2.886390175349e-01 
-1.607402852088e-01 -2.285573337039e-03  1.344535244302e+00 
-2.592381068080e-01  7.815520299645e-01 -5.430757145895e-02 
-4.784539148535e-01  4.247676137062e-01 -2.559823468112e-01 
 1.615644201276e-01 -1.157887491967e-01  1.963392555736e-01 
 1.929030917954e-01  1.032739015120e+00  8.482188420945e-01 
-3.877593681799e-01  1.176387807978e-01 -1.188833038294e+00 
-1.598262697890e-02  3.904319200658e-02  3.413939283148e-01 
-1.687723464599e-02 -2.019611045715e-01  9.654498959796e-01 
 6.449598595448e-01  1.534484266362e-01  2.367908591550e-01 
 8.136199256561e-01 -1.387225393444e+00  2.419075610709e-01 
 6.858518695002e-01  1.822202694191e-01  4.576727987216e-01 
 5.338538519876e-01 -1.272037302184e-02  3.532527853113e-01 
 1.135913423559e-01  1.826281862964e-01  5.891773658082e-01 
 4.252772281866e-01 -9.515432306311e-01  1.505527910103e-01 
-1.865642638266e-01  5.673142524042e-01  1.114022846325e-01 
 1.181958260404e+00 -4.630991773984e-01  5.544479947412e-02 
 3.772477779960e-01  1.847192348284e-01  6.064075524593e-01 
-1.758308033230e-01  2.507900980240e-01 -2.587997892349e-02 
-9.988682185582e-02 -2.484466721433e+00  7.204511981469e-01 
-2.909257275591e-01  8.865601381565e-02 -1.189647242719e+00 
 4.610420391769e-02  5.629561746932e-01  5.807574802755e-01 
-1.810352454073e-01  2.081579799828e-01 -4.199152831349e-01 
-6.739495765461e-03 -3.147733790473e-02 -6.952419558123e-02 
 4.269329881807e-02  1.930191900118e-01  9.413748790306e-01 
 3.611890638988e-01 -3.700024031084e-02 -7.004179481631e-03 
-2.286158103872e-02  5.670060214974e-02 -1.305248501095e-01 
-8.285624554350e-01  2.612462873031e-01 -1.089954086822e-01 
-6.293401647441e-01 -2.084134282633e-01  2.972329988437e-02 
-1.090556221086e+00 -6.157572511697e-01 -1.679923252713e-01 
-5.452905749585e-01  1.234677621340e+00 -3.101573900573e-01 
-1.567316025487e-01 -4.759214029925e-01  3.088164766008e-01 
-2.376437427737e+00  8.841256447617e-01 -9.790839296122e-02 
-9.548745013149e-01  3.091147497061e-01  1.408372797727e-01 
-6.015583678648e-02  1.538451933595e-01  1.030683483271e-01 
 7.363914257232e-03 -1.681922408012e+00  4.941730988406e-01 
-2.969989514007e-01  1.998386449335e-01 -6.218904690315e-01 
 5.298972275692e-02  3.247078641950e-01  3.246858253169e-01 
-5.598212778158e-02  1.002389269532e-01 -1.899861739057e-02 
 4.640037651325e-02  1.725503120079e-01 -2.578830877748e-02 
-1.109073577433e-02  1.030329798505e-01  3.786140981388e-01 
 9.190868527807e-02  3.065372869762e-02 -3.267876489468e-01 
-1.598422658917e+00 -1.657148050457e+00 -5.602304740347e-01 
-6.673827776864e-01 -5.983882475805e-01 -7.369729623577e-02 
 7.988147585121e-03  1.524411197464e-01 -7.545602077293e-01 
-6.035845552893e-01  5.372915314652e-01 -3.354750063715e-01 
 1.289370451722e+00  4.097905743393e+00 -1.639913188466e+00 
-6.288768091461e-01 -1.197120156332e+00 -6.848750648423e-01 
 1.690925149184e+00 -5.961923006427e-01 -4.367043757928e-03 
 7.508459052243e-01 -3.411984691853e-01 -8.374247873935e-02 
-6.442744313040e-02 -2.391839493338e-01  5.536055478394e-02 
 1.361308747098e-01 -6.214283406807e-01  1.743995927215e-01 
-1.296069009634e-01  2.286979803099e-02 -2.083204840152e-01 
orbocc
(*)
 0.000000000000e+00  0.000000000000e+00  0.000000000000e+00 
 0.000000000000e+00  0.000000000000e+00  0.000000000000e+00 
 0.000000000000e+00  0.000000000000e+00  0.000000000000e+00 
 0.000000000000e+00  0.000000000000e+00  0.000000000000e+00 
 0.000000000000e+00  0.000000000000e+00  0.000000000000e+00 
 0.000000000000e+00  0.000000000000e+00  0.000000000000e+00 
 0.000000000000e+00  0.000000000000e+00  0.000000000000e+00 
 0.000000000000e+00  0.000000000000e+00  0.000000000000e+00 
 0.000000000000e+00  0.000000000000e+00  0.000000000000e+00 
 0.000000000000e+00  0.000000000000e+00  0.000000000000e+00 
 0.000000000000e+00  0.000000000000e+00  0.000000000000e+00 
 0.000000000000e+00  0.000000000000e+00  0.000000000000e+00 
 0.000000000000e+00  0.000000000000e+00  0.000000000000e+00 
 0.000000000000e+00  0.000000000000e+00  0.000000000000e+00 
 0.000000000000e+00  0.000000000000e+00  0.000000000000e+00 
 0.000000000000e+00  0.000000000000e+00  0.000000000000e+00 