2mocoef
header
1
MO-coefficients from MOLCAS
1
48   48
a
mocoef
(*)
 7.761309674482e-05  2.066039874493e-04  1.150339355977e-03 
-2.833429177653e-05  1.166138538945e-04  2.015444375843e-04 
 6.528832314818e-05  4.745326472615e-04  7.521035022746e-04 
-5.810012199941e-05 -1.141691469472e-04 -1.510287039553e-04 
-2.373650293968e-05  3.139411788990e-06  1.000931094424e+00 
 5.005285747560e-03 -4.864327999236e-03 -4.426655198207e-04 
-3.896166462558e-04 -2.862819888089e-05  7.965143211031e-04 
 8.510414535640e-04  9.673345566503e-04  4.040561130454e-04 
 1.469633949991e-04 -4.348950231940e-04  7.872456061210e-05 
-4.956070915898e-04 -1.219047207350e-03  9.174735994077e-04 
 4.095413754098e-04  5.538698812997e-04  1.843745526365e-04 
-2.320805129462e-04  3.181524087702e-04 -2.064531760539e-05 
-6.763553425412e-04  2.630248434110e-04  6.985623919702e-04 
-1.124076437322e-04 -2.246799051249e-04 -4.382967960755e-05 
 1.415598379698e-05  4.662217796053e-05  1.059265988177e-04 
 6.194925846619e-05 -1.576159281753e-04 -7.429911075138e-05 
 1.000683954592e+00 -6.838025713637e-03 -7.667393951475e-04 
 3.686504729214e-04  4.386521906331e-04  1.902932344502e-03 
 5.291069283294e-04 -8.807134805495e-04 -5.666180627348e-05 
-2.265085177259e-05  1.049193544749e-05  7.661250739342e-04 
 2.928582851852e-04  1.214620769614e-04  3.960714952762e-04 
 9.210481008442e-04 -2.874210768409e-03 -8.343607988789e-04 
 1.546188304325e-04  5.712628429680e-03  9.452847581015e-04 
 1.972111258511e-03  3.222902462825e-04 -1.108513885353e-04 
-6.437857809129e-04 -6.403553101212e-04 -1.136663504957e-04 
 1.801912874556e-04  2.249691963330e-04 -5.306004452881e-04 
-1.099693329217e-04 -2.078644819624e-04  4.001408499850e-05 
 2.019922458169e-03  5.994097331271e-05 -8.240158102834e-05 
 7.730747866478e-05  5.023337244342e-04  3.159448988531e-03 
-1.034813382993e-03  2.733047847981e-04 -2.626626526373e-04 
-3.296046911513e-04 -6.690983855484e-03  4.277380666111e-03 
-4.823418043203e-04  1.439423884905e-04 -8.409069326956e-04 
-4.500268830784e-03  6.871168466944e-02 -4.993154062872e-02 
 1.711606398721e-02  2.547117755612e-02  1.192989103325e-01 
-6.986579483659e-03 -1.254212510835e-02 -5.252449775356e-02 
 1.818735689723e-03  1.554404952693e-02  9.919763397879e-03 
 3.447300070254e-04 -3.103363759405e-03 -6.623827005598e-03 
 8.494888573581e-01 -1.685198922850e-01 -2.422885723744e-02 
-4.240981042346e-02  9.437138860904e-02  7.377436120367e-03 
 4.875660549627e-03 -2.409095259568e-02  4.312523817634e-03 
 3.532197020158e-03 -7.297126416158e-04 -3.834878659013e-05 
-3.633230068965e-03  2.985717855629e-01 -1.517557926024e-01 
-1.821669021879e-02 -2.882132490691e-02 -6.557180257329e-03 
 3.302852622558e-01 -1.670058940450e-01  3.354653237766e-03 
 3.819982948715e-02 -4.921938729791e-03  2.459193471913e-01 
-1.123575621012e-01  2.871500416147e-02 -1.556008647750e-04 
-1.075781597082e-02 -4.610078346719e-02  1.402537707999e-02 
-1.348388077592e-03  2.561164710630e-03 -4.885178508527e-04 
 1.956112763020e-03  6.322828453600e-02 -2.893619341721e-02 
 4.430823820812e-03 -4.109883862485e-02  1.625058978358e-01 
-4.326861046858e-03  7.048113884998e-03 -4.697810256171e-02 
-2.906251702099e-03  7.650734167440e-04  1.808953892290e-02 
-5.291116770551e-03  4.333209680016e-03  2.760558588067e-03 
-1.154161626951e-01 -4.221723898788e-03 -2.836759070787e-01 
-6.371098949391e-01 -2.305153231119e-02  7.330955400166e-02 
 1.587521081064e-01  3.518192154991e-02 -1.945035940522e-03 
-3.328503921113e-03 -1.264475704542e-03 -3.389730699007e-03 
-1.464247496979e-03 -5.929192076438e-01  2.580841317934e-01 
 2.281080078703e-02  3.322894694121e-02  1.594751864755e-02 
 4.824240136395e-01 -2.217970284706e-01 -6.496220622757e-03 
 3.338663655841e-02 -1.336254152918e-02  1.295526305379e-01 
-5.475304574455e-02  4.817399830080e-03 -1.697186320428e-02 
-6.460084364712e-03 -8.637979810806e-02  3.206648326854e-02 
-3.801410115934e-03  7.621323581704e-04 -4.946960977443e-03 
-4.070781871531e-03  7.885978747385e-02  3.004989550399e-02 
-1.590187466138e-01  2.155064411709e-02 -2.086971233974e-01 
 4.299433844148e-02  4.256388815266e-03  7.492361392668e-02 
-9.929523627728e-03 -3.963957912175e-03 -9.504052026351e-03 
-1.647491995207e-02  3.570789256287e-04 -2.722376395174e-03 
-7.940135796377e-02  8.227356358096e-03 -6.290234262088e-01 
 2.641186979011e-01  1.434602043228e-01  3.030219215625e-02 
-1.330257184217e-02 -1.238168830447e-02 -1.390853082191e-03 
-3.126355625556e-03 -2.147355373521e-03 -5.912677653349e-03 
 1.995904232247e-02 -1.110025998953e-01  4.411352526410e-02 
-1.279908662693e-02  1.179577019791e-02  5.403083293971e-03 
-2.098622396246e-01  7.827175795182e-02 -2.148598876715e-02 
-8.100137479321e-03  1.198805321871e-02  5.315050668685e-01 
-1.816531290142e-01  3.078040358829e-02  2.217870011339e-04 
-1.806046892315e-02  2.332487929216e-01 -8.925624383495e-02 
 6.528081787124e-03 -3.579249596671e-03  1.528496953969e-02 
-6.048741777657e-03 -1.980681423690e-01 -3.530639065667e-02 
-8.922739685333e-01 -2.542742471633e-02  2.320856480341e-01 
-4.628531512906e-02 -1.411601401180e-02  1.142631658139e-02 
-1.487452130591e-02  3.180046603357e-03  6.754981733524e-03 
-1.339597996178e-02  1.921848848132e-03  2.341576083337e-03 
 4.845092771379e-02 -3.314569786673e-03  8.416358789206e-02 
-4.931958312731e-03 -8.393048534095e-02 -2.989499377380e-04 
-8.431798486385e-03 -9.818183192050e-03  1.595563780553e-02 
 1.541118442850e-03 -8.334298758169e-03  2.796492152639e-02 
-9.172072578517e-03  1.275585693831e-01 -1.783228218520e-02 
 5.169237368110e-03 -5.396596501032e-04 -3.182021272532e-03 
 9.256005330171e-02 -2.203442446035e-02 -6.086713781336e-03 
-1.924380042829e-03 -1.107230342559e-02 -2.540656035729e-01 
 2.421831765000e-03 -9.845917432034e-03 -1.656898600187e-03 
-3.325058518485e-03  1.272312392484e-01 -3.413925383098e-02 
-1.808949274745e-02 -2.583809182224e-03  1.441672809964e-02 
-7.551245575039e-03 -8.081209766125e-01  1.058475221910e-01 
 5.318468708541e-02 -7.396508698563e-02  2.879452656275e-02 
-6.525645855639e-03  3.249482450466e-02 -1.760047228666e-02 
-1.073257299985e-03 -8.584391779172e-03 -1.244936806477e-02 
-7.192119126600e-03  3.679550140075e-03  3.096922495488e-03 
-1.864261689136e-02  2.544047416116e-02 -5.553145869953e-02 
 9.964409962190e-03  3.770931298138e-01  1.133179083106e-02 
-1.029649301589e-02 -4.376929182794e-02 -9.295261082915e-04 
-1.218692480785e-02 -1.506391524372e-02 -7.681441524823e-03 
 2.226786529154e-03  4.941406404300e-02 -2.907879880078e-02 
-5.403817486980e-03 -5.594541869191e-03  4.655409338569e-03 
 6.613319162966e-02 -7.278460688515e-03 -2.303911510272e-03 
 6.351803704536e-03  1.518027415081e-02  1.713683859852e-01 
-6.476112214862e-02  1.375274276317e-02 -3.624687109335e-03 
-2.152633676793e-03 -3.816149081614e-01  1.706592856660e-01 
-1.136335244451e-02  7.634855723998e-04 -2.561401079415e-02 
-1.752677690777e-03 -3.078228914714e-01 -1.653621328068e-01 
-3.198840724567e-02  7.454824952046e-01 -3.292086773910e-01 
 1.114094448368e-02  3.396841102231e-02 -4.704685556584e-02 
-6.158320742364e-03  9.986422365784e-03 -6.305121527200e-03 
 1.180286638119e-02 -1.407119422020e-02  1.758459957061e-03 
 1.763738167741e-01  1.256998654823e-01  6.752699272025e-02 
-2.586373854100e-01 -5.387304712235e-02  2.861811500785e-02 
-1.686715790915e-02 -4.647714099745e-04 -3.472422928859e-03 
-1.733804363683e-02  1.269264863491e-02 -4.450870453422e-04 
 5.419671347174e-03 -2.011080079099e-01  3.851096148817e-02 
 8.350948029444e-03  4.318842174777e-04  8.199139734581e-04 
 4.401785988618e-02 -1.016029489566e-02  7.889454712941e-03 
 2.285344871877e-02  2.620765881907e-02 -3.571170649312e-02 
-1.024082068663e-02  4.620003983423e-04 -5.928296429497e-03 
 2.795069282399e-03  3.349322216277e-01 -1.048252417863e-01 
 1.001148680562e-02  1.638598144740e-02  1.172708886176e-02 
-4.805283253151e-04 -1.441854755266e-01 -4.665272416560e-02 
 1.154199255858e-01  2.182720670541e-01  4.234101626092e-01 
-2.368162763261e-02 -5.834987611447e-02 -1.133177527972e-01 
 2.073920440946e-03  3.677545380399e-02  4.450383397469e-03 
-1.262550638120e-02 -1.276092977132e-02 -8.817797010114e-04 
 9.105750548881e-02  5.911251291707e-02 -2.586522615236e-01 
 1.709465159126e-01 -5.977733880786e-01 -7.838928634708e-03 
-8.208627656776e-03  4.801590826113e-03 -9.784054511224e-04 
 1.115731615874e-02  1.259299116573e-02  4.148072058866e-03 
 7.793242404007e-03 -1.298142395893e-01  5.233026129142e-02 
-4.134323490057e-04  1.341142731603e-02 -7.861112707239e-03 
-2.753903204750e-01  7.020386387928e-02 -6.319999206855e-03 
-1.493100380601e-02 -1.076239357331e-02  2.782646778183e-02 
 2.490118228350e-03 -3.712781223756e-03  5.578378030813e-03 
-1.116235828588e-02 -4.116268100263e-01  1.572557409454e-01 
-9.907569710438e-03  8.717174010762e-03 -1.471996054234e-02 
 2.081460087948e-03  6.141899705526e-03  1.008638806834e-01 
 3.919230936359e-02 -1.515426463179e-01 -9.589144813703e-02 
 4.614102102502e-02 -6.926493019436e-02  2.855764633918e-02 
-2.619211783056e-03  4.601072152633e-03  1.353232838593e-02 
-8.229427351020e-04 -2.782743259801e-03 -2.462947248358e-02 
 3.050102463963e-01  8.579807555048e-01 -3.226681771307e-01 
 4.906218949425e-02  1.339741553676e-01 -2.170617887728e-01 
 6.464075881332e-02  1.582382007821e-01  8.162562321930e-03 
 3.034506025936e-03 -9.367911800788e-03  3.247257134057e-03 
-1.345398275743e-02 -1.015803319091e-01 -3.341823686146e-01 
-1.037891600021e-03  1.272356731267e-02  3.829672598926e-03 
-1.082947469658e-02 -3.004344163778e-01  2.991228377376e-03 
-4.122211770654e-03 -4.530381837538e-04 -3.218227684043e-01 
-8.484216448358e-01  2.731724416657e-03  4.302178301062e-03 
-4.814165739446e-03  6.972265157769e-02 -3.282522968269e-02 
 5.432916390889e-03 -9.109786635706e-03 -5.752556463812e-03 
-3.785870796761e-04 -2.439350903946e-02  7.458820991843e-02 
-3.975857758165e-02 -1.745636464995e-01  1.915254744086e-02 
-3.039900146323e-02 -1.561485635169e-01  2.175689020160e-01 
 5.360849083724e-03  2.049069412482e-02  6.226504032784e-03 
 1.296828197198e-02  1.326170489994e-02 -1.218346719594e-02 
 2.142445743938e-01  6.200150833067e-01  3.812711401271e-01 
-4.349759735267e-02 -4.066447520476e-02  3.814821137088e-01 
 4.102197797091e-02  6.403350681123e-02 -6.058506396827e-03 
 1.025777887085e-02 -1.998541480871e-03 -8.775392225378e-03 
 1.792667237443e-02 -2.620612988319e-01 -9.679104622304e-01 
 1.402658096619e-02 -1.227866784265e-03  1.775613476607e-03 
-3.675509922584e-01 -7.838912515664e-01  7.301366149803e-03 
 9.053599955930e-04  2.292312205354e-03  3.367999418680e-01 
 7.682752803174e-01 -2.190916871741e-03  2.482215956553e-03 
-4.654307240926e-03  7.674781395857e-02  1.896556504630e-01 
-4.799085026873e-03 -1.166273926933e-02  2.062406977453e-04 
-2.344552333238e-02  3.999749506851e-01  1.096997751856e+00 
-1.376919377762e-01  1.936546927212e-01  7.444552094078e-02 
-1.876145011933e-01  1.773881826114e-01 -5.988341764816e-02 
-5.177625778783e-03  7.190730104212e-04 -9.037679405652e-03 
-4.175575987930e-03  6.295725903224e-03 -6.700149893217e-03 
-1.127434068993e-01 -2.762621100478e-03  3.626652721117e-02 
-2.153225379571e-01  3.316414914708e-01 -7.147259647122e-03 
-3.016219056125e-01  2.958045840942e-01  3.941510986155e-03 
 1.294547228632e-02  2.023526069188e-02  4.838966738813e-03 
 8.137046286761e-03  4.001533450323e-02  4.178944120072e-01 
 1.897332235831e-03 -8.913639787521e-03  2.032181442880e-02 
-3.039208416669e-01 -8.879269744181e-01 -1.189571380891e-03 
-5.602255561783e-03 -4.876471082685e-03  1.779067284573e-02 
 7.027715271644e-02 -1.088586109570e-04  6.951381876482e-03 
 8.097617117727e-03 -2.358348719312e-01 -9.876086707734e-01 
-4.692752706497e-03  7.371389177041e-03  3.106016012393e-03 
 1.093211307539e-02 -1.446854658873e-01 -5.222202886761e-01 
 8.503648986955e-02 -2.026549086678e-01  1.440050429522e-01 
 2.091505534407e-01 -2.362342064805e-01  4.186482389378e-01 
 5.986611176553e-03  1.057320788566e-02  1.784275174581e-02 
 7.127634387450e-04  6.471498074982e-03  4.079406673601e-03 
 2.437325467724e-02 -6.885948856561e-02 -9.866254791986e-02 
-3.281240757254e-01 -1.055341283748e-01 -1.822214964883e-01 
-4.488675107315e-01 -4.711761159959e-02 -2.191374134880e-03 
 8.060200518167e-03 -1.347386719231e-02 -7.892787574261e-03 
-1.263232862560e-03  8.220435352401e-02  1.109408081048e+00 
-2.442986767682e-03 -4.087351132534e-03 -3.179014320861e-03 
-8.927151283871e-02 -1.346176457096e+00  3.987607018890e-03 
-8.059342115436e-03 -9.331851354601e-03  5.597287087244e-02 
 1.101876031867e-01 -3.743036563261e-03  1.200123979625e-02 
-1.800047441235e-03  1.615961390600e-01  1.040667014251e+00 
 2.239953575554e-03 -7.893489850674e-03  2.156142922837e-03 
 1.638447581580e-02 -1.177601414444e-01 -3.040885069762e-01 
-1.309662061798e-01 -2.137520034447e-01 -5.479231700878e-01 
-2.886887969243e-01 -4.351377746537e-01 -1.332843573737e+00 
 4.779559724431e-03 -6.271186627002e-03  1.404145695903e-02 
 1.979826796329e-02  6.201827442713e-03 -1.707087710160e-02 
 1.352858692419e-01  6.566218768048e-01 -4.819538918187e-03 
-1.506006489379e-01 -4.426020432803e-01 -4.560012120221e-02 
-3.822817073078e-01 -7.115636637602e-01  3.716814260666e-03 
-2.130010591993e-02 -1.861949906724e-02 -4.157598662086e-03 
-4.045567761138e-03 -2.638419711668e-02  6.143131586096e-01 
 2.594701094450e-03  2.040769038271e-03 -2.196105315173e-02 
 1.106722385304e-01  1.696205781056e-01 -7.996869407412e-03 
-4.046853903455e-03  1.063782485366e-02  9.653673427926e-02 
 1.652081702061e-01 -2.768168266154e-03 -3.919131360334e-03 
-2.405697071539e-03  2.828893918652e-01 -1.672785566924e+00 
 6.662225988108e-03 -2.727657709905e-02 -1.555785414538e-02 
-9.974958317510e-03 -2.242455462121e-02  3.987864645316e-01 
 2.967016002995e-01 -2.618149742976e-02 -1.631478044920e-01 
-1.223077519579e-01  8.344931423594e-02  3.394483905179e-01 
-1.399140891711e-02 -7.917684004110e-02  9.438866546572e-02 
-2.329953436934e-02 -5.397732558194e-03  2.928147662636e-02 
-3.533983672857e-03 -1.999814859135e-01 -1.402452402681e-02 
 1.738900290272e-03  6.890314108983e-02 -8.678622264372e-03 
 1.819682674651e-01 -5.397947452599e-02  5.979540783232e-02 
 2.789248880968e-03 -5.897401689921e-02  3.217032410376e-02 
-1.267994683388e-01  8.626826845993e-01 -1.077451542921e+00 
-7.090589975319e-03  9.830750478122e-02  1.523767762547e-02 
 1.370186405693e+00 -1.817751653550e+00 -3.152044703508e-02 
-8.970633449479e-02 -1.163954641028e-03 -9.219294062686e-01 
 1.546258236069e+00  1.784391770339e-02 -3.494610787095e-02 
-2.915717721821e-02  7.105580817265e-02 -9.201391078848e-02 
 1.252633621846e-02  1.556981716800e-02 -2.705426851221e-02 
 1.265059322276e-01  5.395669947810e-01 -1.044027872886e+00 
 5.686530726182e-02  5.432826677290e-01  4.848329973767e-01 
-1.986099380919e-01 -8.355035879070e-01 -1.581067508528e+00 
-1.000002194848e-02  5.314259713626e-02 -5.067946031233e-02 
-5.636947517942e-02 -1.791219825680e-02  2.229796523266e-02 
 2.732726676989e-01  3.899437107851e-01 -2.036142515328e-01 
-7.764072796789e-02  3.675296666124e-02  5.784233456156e-02 
-1.368733395892e-01 -2.661399190615e-01 -6.839440586875e-03 
 3.838138426742e-02  1.112077139604e-01  7.227957186948e-02 
-2.740908768285e-02 -1.721204279541e-01  1.422625219007e-01 
-5.657979601352e-02 -7.031101723781e-03  9.186673886833e-02 
-4.994060173484e-01  7.526457236765e-01  2.911512809973e-02 
 5.818871147103e-02 -2.745889233795e-02 -1.363297699538e+00 
 1.501282113191e+00  8.510184735415e-02  3.614842266242e-02 
 2.022043652066e-02 -5.493506079759e-01  5.803372229591e-02 
 1.712126322271e-02 -1.269051792860e-02 -1.471227697422e-03 
-2.263857005464e-01 -9.832062054299e-01  1.342030450330e+00 
-1.097428997648e-01 -5.480570935801e-01 -6.306956459038e-01 
-1.849060535313e-02  6.159084972263e-01  7.549616781749e-01 
 1.191721957199e-02  5.643871652576e-02 -8.289689755576e-02 
-8.003660282593e-02 -2.556833728137e-02  5.685971425646e-02 
 4.118671521836e-01 -7.433815561114e-01 -3.524059077119e-02 
-1.051384672214e-01  2.262486425236e-01  2.074518877743e-01 
 3.312078147293e-01 -1.437654171399e-01 -6.282980826814e-02 
-1.009198941257e-01 -9.587276935264e-03  2.143202541406e-02 
 2.036724126963e-02 -8.498897875748e-01  6.382213255215e-01 
-4.716524806568e-02 -8.204700432748e-02 -6.865200709751e-02 
 2.272355595369e-01 -3.892080842130e-01  3.052538740206e-02 
 7.282717742053e-02  8.345815319340e-02 -5.726559076908e-01 
 6.282085227848e-01  6.721262010521e-02  1.539075935456e-03 
-8.101097767366e-02 -1.015933586456e+00  9.180328599915e-01 
 2.127368951652e-02 -3.053251208918e-02  7.099900949779e-02 
 6.742651754376e-02  2.446335240451e-01 -2.726289691867e-03 
-5.277399037529e-01 -7.260600394902e-01  4.076836668233e-01 
 8.532875121333e-01  9.636951943952e-01 -1.903673869416e-02 
-3.708742748212e-02 -1.456994449771e-02  1.084225604521e-01 
 1.211021542410e-01 -2.789562487581e-03  4.128503756622e-02 
 2.489081079150e-01 -5.443922128675e-01 -1.520405699450e-01 
 2.058304879188e-01 -1.367002087859e-01  4.799151922988e-02 
 3.340075995626e-02  5.242467111854e-01 -6.747090309716e-02 
-1.217872672569e-02  1.244544134599e-02  8.563749212359e-03 
-2.685573489338e-02 -6.553580446174e-01  3.341043267095e-01 
-1.131417416551e-01 -3.721996757434e-02 -2.562109313950e-02 
 2.068611505860e-02 -9.387987960893e-03  9.324650612088e-02 
-3.287177627978e-02 -7.215815874853e-02 -7.854120989905e-01 
 8.690945849265e-01  4.848808980771e-02  1.131160546390e-01 
 3.772159664926e-02  9.348482182949e-01 -8.017306668210e-01 
-5.518708911842e-02  1.197387643589e-02 -6.614419006412e-02 
-4.648610694067e-02 -2.061045722792e-01 -9.878160713684e-02 
-1.213234913531e+00  1.244932200464e-01  2.543664710587e-01 
 1.474505652229e+00 -2.034675886368e-01 -7.503054404194e-01 
 5.421795524631e-03 -3.597804261784e-02 -6.452302895783e-02 
-1.270733002006e-01 -1.618049828725e-02 -6.839756384928e-02 
-3.547397774727e-01  7.189057977709e-01  2.481482911975e-01 
 1.158816794658e-02  6.937531561067e-02 -4.815825572224e-01 
-2.222033619156e-01 -2.929583277580e-01  5.828821444458e-02 
 3.180359200313e-03 -2.493141306519e-02  9.790854534425e-03 
-1.592297935585e-02  4.688038818623e-01 -3.923211501804e-01 
 5.137779143621e-02  1.621195179829e-02 -2.462855217666e-02 
 3.179171629463e-01 -3.349735671716e-01 -3.843460529993e-02 
-5.181620509816e-02  1.432305111401e-03  2.496202071903e-01 
-1.114142667192e-01 -6.207876460650e-02 -3.052999556046e-02 
 6.125830839901e-02 -6.533864591272e-01  6.249378527296e-01 
 3.952518784348e-02 -1.137295336331e-02  7.176503988268e-02 
 1.170563806355e-01  5.818903994013e-01 -7.807117619238e-01 
 3.524965081739e-01 -1.015476190925e+00  4.651219447469e-01 
-7.355756272761e-01  1.323468615017e+00 -1.776456732998e+00 
 2.965423879224e-02  2.817421899615e-02  1.168918789595e-02 
-1.011752038657e-01 -1.057864913070e-03 -2.338744405263e-02 
-9.304127457160e-02  4.818884862495e-01  7.032991938113e-02 
-1.361978336535e-02 -1.946980354674e-01 -1.306133961775e-01 
-4.963952754699e-01 -4.422192494861e-02  6.948057035313e-02 
 2.071939774420e-02  6.006924342089e-03  1.603152201138e-02 
 1.105094756549e-02  6.119087645651e-01 -4.087324932465e-01 
 9.032253889608e-02  1.019050748190e-02 -1.190801669535e-02 
-4.019101001277e-01  1.163845578412e+00 -1.098282806300e-01 
 2.937580288337e-02 -3.600018844165e-02  1.588671268974e-01 
-4.168930088375e-01 -4.507046690662e-02 -1.096423864851e-01 
-1.838804660313e-03 -6.350544111940e-01 -2.734566669687e-01 
 3.000994989336e-02 -2.489361553865e-02 -5.759401475668e-02 
-1.129956767520e-01 -5.766126233380e-01  8.235625604962e-01 
-3.210424108922e-01 -1.179793610652e-01 -2.190553669782e-01 
 5.523271987598e-01  2.759624914564e-01  9.606707388321e-01 
-5.945840880942e-02  6.475819992201e-02  7.853000399070e-02 
-6.299985312618e-02  8.268845700775e-02  1.271978657699e-01 
 5.013805713138e-01 -1.261888618810e+00 -7.227331156333e-01 
-5.314764619485e-01  6.338689136214e-02  1.094616154524e+00 
 8.192853952497e-01  9.481947042435e-02  8.225230251712e-02 
 6.390574257683e-02 -4.678818935106e-02  7.933891979749e-02 
 5.648610581935e-02  7.959545581545e-01 -1.338384822841e+00 
 1.336666682219e-01  1.380867140921e-01  6.364941203350e-02 
-6.682853864701e-01  7.467560024049e-01 -7.890098795762e-02 
 2.304377451623e-01 -4.344450868644e-02 -1.127483201557e-01 
 6.311329011848e-01  1.149813563154e-01 -1.127968242314e-01 
-1.732634011830e-01  4.215457790718e-01 -2.123427114554e-02 
-1.562824681218e-02  2.151967436563e-02  1.602191561604e-02 
 3.544617597801e-01  1.663387050239e+00 -2.455397416036e+00 
-2.166448064331e-01  4.099054879844e-02 -7.013893180257e-01 
 5.247863508107e-01 -6.612791654803e-02  1.520086103947e+00 
 1.013773079474e-02  1.244834996983e-01 -7.770293116493e-02 
-1.452690748658e-01 -1.377827244251e-02 -1.372293513690e-03 
 2.509207636913e-02 -1.023960557226e-02 -4.546685955968e-01 
 6.000192128138e-01 -5.378850264497e-01  5.017520831633e-01 
-1.151883434486e+00  6.387724680851e-01  3.323712642922e-02 
-2.048536854153e-02 -9.077741974043e-03  2.335452521615e-02 
-3.230173982001e-02  1.728661107127e-01  5.960990860397e-02 
 1.114206876835e-02 -2.534121390588e-02  8.677048114209e-04 
-1.827071370701e-01 -7.969125174018e-01 -8.771597499485e-02 
-1.446883724345e-01  5.634359481991e-02 -2.098426152980e-01 
 5.053156256025e-01  4.147112348010e-02 -3.821740597817e-02 
-7.999632357640e-03 -1.864997844754e-01  1.546753716695e+00 
 1.075826258244e-01 -5.675668802151e-02  2.012295363871e-01 
-1.880575357918e-01 -8.456670218574e-01  5.525805216606e-01 
 8.327599501104e-02  1.292424108481e-01  3.805291037049e-01 
-3.333387405770e-01 -3.460511465716e-01 -1.154676961235e+00 
 1.062096395212e-02 -1.322349361836e-01 -7.597023466042e-02 
-8.760300123119e-02  9.250477346396e-02  3.956073918150e-02 
 2.180081122780e-01 -1.014075291354e-01 -3.652974887255e-01 
 7.757303077093e-01  6.455991035799e-01  5.584920376362e-01 
-1.686834844010e+00 -1.357167752372e+00  2.132600499276e-02 
-4.314857099992e-02  1.185739259626e-02  7.140430498064e-03 
 9.294503623495e-03  1.270943357763e-01  6.881259877275e-01 
-2.051436634669e-02 -2.007464414668e-01 -9.457871514681e-02 
-8.257401020263e-02 -4.999347812083e-01 -2.113772140077e-01 
-7.959696530087e-02  6.601812501536e-02  6.031545778610e-02 
 5.947713283229e-01  1.319629518708e-01 -1.360076681095e-01 
-1.263075854994e-01  4.251668917379e-01 -1.024596623802e+00 
-3.218503171605e-02 -1.815878560516e-03 -6.802769714811e-02 
-5.565965732214e-01 -2.518754325355e+00  4.474890327231e+00 
 9.951197292546e-02  1.093878551234e-01  1.112315669326e-01 
-2.964112063017e-01  2.959277318028e-01  1.655006331412e-01 
-6.210751118931e-03  1.024006356563e-01  7.311919231115e-02 
 9.934027741894e-03 -9.245626021276e-04 -1.002226743239e-01 
-4.958150013104e-01  5.955219250237e-01 -2.279160725494e-01 
 2.312211078729e-01 -9.175679327649e-01  4.170392485655e-01 
-1.425765403235e-01  1.929769497083e+00  3.741258350623e-02 
-4.547532504613e-02 -5.732360399372e-02  2.546658530566e-02 
-2.904447362562e-02 -1.923107131111e-01 -3.137806409932e-01 
 8.102729890926e-02  5.078182629471e-02  1.026081087333e-01 
 8.043069756984e-02 -1.058902809727e+00 -3.723205788600e-02 
-1.873626487887e-01  2.449717183493e-02 -1.087629642138e-01 
-2.836130502042e-02 -5.691328955804e-02 -5.187961010050e-03 
-1.631487423592e-02 -1.958735438150e-01 -6.736055059454e-01 
-8.840763318596e-02  5.580551291823e-02 -9.672263100032e-02 
 1.006428231184e-01  4.893494447436e-01 -5.116882381646e-01 
-3.129665200490e-02 -5.477927403946e-02  3.857619058081e-01 
-3.626010974089e-01 -6.869720550235e-02 -9.018437341796e-01 
 1.665655876016e-01  1.073395110234e-02 -1.557234986967e-01 
 1.707050791985e-01 -3.765200845515e-02 -1.922264951472e-01 
-9.649514936586e-01  1.695142549101e+00 -7.292275067559e-01 
-1.010470770389e-01  1.709220986009e-01  1.473594770759e+00 
 6.602762652586e-01 -4.073626824991e-01  4.808558573627e-02 
-1.575719787182e-02  3.144567096883e-02 -8.158446696019e-02 
-1.151703065237e-01 -4.439252196940e-01 -5.362827554410e-01 
 5.790530370695e-02  2.673714745026e-01 -4.530965712243e-02 
 8.520422594375e-01 -4.876798016448e-01  1.569537098326e-02 
-2.418646156930e-02  1.433866507618e-01  4.763756719157e-01 
 1.120034552223e-01  1.817981540962e-01  1.805723420776e-02 
 1.690594601656e-01 -2.621742183507e-01 -1.613240492082e-01 
-1.244939015562e-01 -1.139302006873e-01  2.888941558659e-02 
-5.135570217389e-02 -2.206204549781e-01  8.345102377938e-01 
-5.774852354440e-02  5.565771062019e-02 -5.924134844768e-02 
 4.704328281101e-01  9.057192459879e-02  1.184466849831e+00 
 1.978152849864e-01  1.212871951560e-01 -2.169500302290e-02 
 1.030168843190e-01 -1.118041516764e-02  2.075277119896e-01 
 8.867924462872e-01 -1.931555211060e+00  4.103614302134e-01 
-1.256278289998e-01 -2.987594987958e-01 -5.881821424781e-01 
 5.482874431258e-01  7.998884445265e-01  9.798524834251e-02 
-6.950288116771e-02  1.520772986383e-01 -1.528649961435e-01 
-2.073452747358e-03 -5.841896119248e-02  1.816554141544e-01 
-1.074324042454e-01 -3.940032886918e-02 -1.340218361460e-01 
 1.107922162697e-01 -2.424457204211e-01 -3.606331879066e-01 
 2.149636051550e-01  1.134234594049e-01 -2.583580809807e-01 
 1.409509182671e-02  1.661646919375e-01 -3.856998284242e-01 
 3.088055164054e-01  4.407869057160e-01  1.589576228423e-01 
-1.023984442072e-01  2.387415934313e-02  2.452698367580e-02 
 4.488663984543e-03  5.373920359844e-02 -4.165280298051e-01 
 5.068524840990e-02 -1.025077026004e-01  2.353755599449e-02 
 2.194454740439e-01 -7.237488811438e-03 -1.692584482408e-01 
-4.058159768417e-01  2.781959918545e-01 -2.817185110366e-01 
 1.543483950735e-01  3.119675134194e-01 -1.464245220827e-01 
-6.240258867199e-01  1.060804353502e+00  2.798348848701e-01 
 8.436984570690e-02  7.368454126214e-02 -8.352544078009e-01 
-5.975900435738e-01 -2.458170418168e-01 -9.313821457777e-03 
-5.220042294153e-02 -1.333690134394e-02  7.476174868754e-02 
-7.561412975061e-03  5.108647473037e-01 -1.145777207280e-01 
-9.125140403150e-04  9.401955672371e-02 -1.458459721859e-02 
-3.298939544815e-01  5.774868737148e-02  1.559580594332e-01 
-7.000066349069e-03  3.188204010345e-01 -4.476321677171e-01 
 1.091390618809e-01 -1.394421537840e-01 -1.000816802660e-01 
-7.445056800268e-02  3.129811982767e-01 -1.890204557605e-01 
-2.383711074393e-01 -1.035969567590e-01  7.094870836941e-02 
 6.498964116949e-02  2.842755388980e-01 -3.904615290336e-01 
 3.225416998408e-02 -5.219035714881e-02  6.838513265898e-02 
 8.667241503827e-03 -2.529624002687e-01  1.418313303587e-01 
-4.495585705876e-01 -8.221147348266e-02 -1.197802261095e-01 
-2.770799156357e-03 -6.198990454683e-01 -9.416009042563e-02 
-3.809093064731e-01  7.972362510260e-01 -1.017343654404e-01 
-5.622369720718e-02  2.143451801549e-02  1.819576572153e-01 
 2.205566615162e-01 -1.617218095136e-02  6.194199076792e-02 
-1.345038307803e-01  7.371438038646e-02  9.608258738525e-02 
 1.620754458534e-02 -2.863405733650e-01  5.763811541774e-03 
 2.433150771977e-01 -4.132452271191e-02 -6.700847255273e-02 
 5.059356218167e-02 -3.557780422396e-01 -1.650137215250e-02 
-1.799961503038e-03  1.084126212328e-01 -9.585700505462e-02 
 2.058039848156e-01 -7.021109401901e-03 -1.488048194387e-01 
 8.339030359819e-02  3.733835031880e-01 -1.147357880849e-01 
 8.466196897496e-02  2.570589673455e-01 -2.651664800758e-02 
-8.365522245493e-02 -3.502680225693e-01  5.079175898318e-01 
 6.088318414512e-02 -4.342215779965e-02  3.526092408541e-02 
-3.657512474649e-01  1.378885519051e-01 -9.660264999351e-01 
-1.963870108268e-01 -1.734507822347e-01 -8.151337448548e-02 
 2.799727831210e-01  1.912912376382e-03  3.918665761819e-01 
 1.739691484823e+00 -2.431666117918e+00 -2.308128726933e-01 
 2.238008842904e-01 -1.911239355095e-01  1.336064121408e-01 
-8.982281825084e-01 -2.399301677176e-01 -6.512083774194e-02 
 8.548404281785e-02 -2.508802857070e-02 -1.134683944649e-01 
-4.811762793985e-02  9.429790972936e-01  1.979935440597e-02 
-1.913715300815e-01  2.132790761566e-02 -1.159030422597e-01 
-8.918145793201e-03  3.403863821612e-01  2.522635511765e-01 
 9.546900125198e-02 -1.221008665846e-01  5.215212819630e-01 
-1.792331001265e-01  9.843201135849e-02  5.502783386401e-02 
 1.573954525597e-01 -9.148565751460e-01  5.594407784668e-02 
-1.696472933876e-01  3.116137240765e-01  1.873294236800e-01 
 6.070745084585e-02  2.688566657143e-01 -2.780162729320e-01 
 1.150790842918e-01  1.306581619820e-01  6.341487067879e-02 
-3.108638233477e-01 -3.567012770770e-01 -1.226861931044e-01 
-2.593610246065e-01 -2.078879324290e-01  1.386979013870e-01 
-3.859161379668e-01  4.641038104695e-01 -2.220249392238e-01 
-9.061158277289e-01  1.635522849539e+00  2.947464143225e-02 
-7.051088102839e-02 -1.791073998110e-01  2.573487244839e-01 
 3.520049207270e-01  3.129880350709e-01 -1.995310288830e-04 
-2.679457334695e-02 -7.016494168379e-02 -1.002141237108e-02 
-1.488346995453e-02 -7.123213144137e-01  1.405618919843e-01 
 1.780963677807e-02  2.084165834212e-01 -4.983887784784e-01 
-2.249741868726e-01  7.425332875826e-02 -3.167751738711e-02 
 9.524079827729e-02  1.345544656208e-02 -1.512419368876e-01 
 1.764406122482e-02  1.438719874412e-01  4.897245069579e-02 
 1.974805478308e-01 -1.402714359516e-02 -2.984533785903e-02 
 1.234419325250e-01  2.056885583131e-01 -3.262791045759e-02 
 9.791438083359e-02  3.840397401978e-01 -3.500102486260e-01 
 1.025940841721e-01  4.175500043590e-03  8.127504923689e-02 
-3.351965962992e-02  9.817434762644e-02 -2.903780490469e-01 
-2.962894212457e-01  1.536941566318e-01  8.543023556896e-02 
-1.333229405072e-03  1.538741804593e-01  1.398543436018e-01 
 5.445505302607e-01 -9.368199703228e-01  9.577590782931e-03 
-2.379096017971e-01  2.494679491444e-02  1.491374088021e-01 
 9.127276753724e-01 -8.881534189893e-02  8.982972010467e-02 
 9.118042408575e-02 -1.555949271473e-03 -1.875885625642e-02 
 5.524904273402e-02 -4.274576610178e-01  1.126204117645e-01 
 4.180280018976e-01 -4.008942573229e-01  9.379622534226e-02 
 9.349693154741e-01 -8.971691777525e-03 -2.921865155350e-01 
-1.091599257564e-01 -2.158534858910e-01  2.008446892032e-01 
-1.094439432446e-01  2.183267681637e-01  3.109060257595e-01 
 1.412209359730e-01 -2.001937243560e-01  5.647715493284e-02 
-3.056628608947e-01 -7.744966245592e-02  1.707475477719e-01 
-2.317697769176e-01 -9.921205543932e-01  1.370417654959e+00 
 4.156243562153e-02  7.510234516837e-03 -1.815933266343e-01 
-2.757313751061e-01  3.671997153714e-01  4.611955048568e-01 
-4.131543018785e-01  2.880414433902e-01  3.238362448935e-01 
 3.805947363692e-02 -7.850940996578e-02 -1.306232415265e-02 
-1.427714044633e-01 -4.521402313674e-01 -1.488166636796e-01 
 1.889037882032e-01  3.787068081461e-01  3.222901714143e-01 
-1.926243798985e-01 -2.337768569045e-01 -1.444884657982e-02 
 3.570314788495e-02  4.994052536653e-02 -2.737226249129e-02 
-4.958400844988e-02  1.229465660353e-01 -2.111678334073e-02 
-1.883735875157e-01  1.721135557724e-02  1.562639915173e-02 
-1.237664212673e-01  1.303578360721e-02  1.655184893380e-01 
-3.081401977735e-02 -2.294228025622e-01  3.907347043027e-01 
-3.020749063870e-01  1.023666401971e-01 -2.458443558865e-01 
 4.249817727711e-01 -3.429774964573e-01  1.495718283280e-01 
 2.288418034349e-01 -4.425856940049e-01 -1.316197011140e-01 
 9.699514340684e-02  3.424204691918e-01 -1.000658041303e+00 
-1.801098283627e-03 -1.860438232346e-02  4.829964451751e-02 
-1.893974953582e-01 -2.769506013463e-01 -1.146327234317e+00 
-2.176202493078e-01 -2.671457899494e-01  8.133133633922e-02 
 2.930140608423e-01  1.220910187191e-02 -4.353674477530e-01 
-1.803554304954e+00  3.245429339537e+00  1.023594791625e-01 
-5.870338137622e-02 -3.076307979761e-02  3.203562440962e-01 
 3.006884638739e-01 -2.483167896105e-01 -4.954122896694e-02 
 1.096186093551e-01 -1.338041924148e-01 -3.803103621944e-02 
-2.699807031461e-03 -9.826561539377e-01  2.169233142981e-01 
-2.674223578837e-01  8.346362882651e-02  1.805153246138e-01 
-9.478268841513e-02  3.049483084258e-01 -4.011618356189e-01 
-7.365676272949e-03 -3.125016320742e-01 -2.661909624944e-01 
 1.954794471327e-01 -2.415271699492e-02 -3.614011565191e-01 
-2.911282205451e-01 -7.369349716691e-01  2.211910275540e-01 
-1.039485347321e-01  4.212228611711e-02  2.539223750501e-01 
 1.086413561274e-01  4.376344501116e-01 -1.862304597977e-01 
 1.206128777014e-01  1.624784559723e-01 -3.024954150427e-03 
 8.743915534587e-02  1.930668423842e-02  1.648961841388e-01 
 9.684133015031e-02 -6.419741300356e-02  5.290233293131e-02 
-3.609120280183e-01 -1.237329983482e-01  3.053941019179e-02 
 2.038823634592e-01 -3.094285968314e-01 -3.822044762449e-01 
-2.642044197440e-02 -1.732733937840e-02  4.091641340240e-01 
 5.945873512417e-01  5.227035391380e-01  6.559162322557e-02 
-1.379481105765e-01  2.552859581049e-02  2.550100774983e-01 
-6.905395578285e-02 -5.914579397890e-01  2.241681913524e-01 
-1.166142805592e-01 -7.706801981670e-02 -2.100994939106e-01 
 2.829008329315e-01  1.008421398274e-01  7.519132152062e-02 
 1.792995752328e-01 -3.433027607629e-01  2.492550278215e-01 
-4.204318977069e-01 -5.420839329203e-01 -1.818507242818e-01 
 8.707323737972e-02  2.834999583172e-01 -1.210526819011e-01 
-5.754214782763e-01 -1.897492244470e-01  1.513322715095e-01 
-1.115754552656e-01 -4.235965413675e-01  1.047283085394e+00 
 8.365526990420e-02  2.276192866495e-01  1.759607626639e-01 
 2.725737783963e-01  2.102048107814e-01  3.302117868137e-01 
 1.174078723763e-01 -2.477349389898e-01  1.649681377000e-01 
 4.130125078752e-01 -1.619331985862e-01 -1.147383511637e-02 
-9.033537058264e-02 -2.926072112930e-01  2.391210221068e-01 
 1.518747052592e-01 -2.132372003208e-01 -1.000927771720e+00 
-2.630759192733e-01  1.125325158228e+00  5.298558004395e-02 
-9.502677287074e-02 -2.921171907168e-03  1.667074711376e-02 
 1.002474887712e-02  3.344515508991e-01 -1.448834461534e-01 
 4.785736539802e-01 -4.052198976588e-02 -5.943583065631e-01 
-6.134032934075e-01  1.194636873878e-01  2.563227324365e-01 
 4.343673591592e-02 -9.397088977912e-02 -8.202729290196e-01 
 3.544344877119e-01  7.446311828621e-02 -2.287179259172e-02 
-2.189256802145e-01 -3.975469771415e-01  4.200851083186e-01 
-1.296606198069e-02 -5.030070766805e-01  1.129833453816e-01 
 1.094928853773e-01  3.424015629134e-01 -1.643818082602e+00 
 6.397467294937e-04 -1.903096692463e-01 -2.947617156805e-01 
-2.877197444648e-03 -4.269143551054e-01 -7.419675675343e-01 
 1.473890097032e-01 -5.900718844376e-01 -2.682321960099e-01 
 7.990088957702e-02  3.674586548831e-01 -2.175373224795e-01 
-7.019255486072e-01  2.325296163850e+00 -8.334513120188e-03 
 7.029532879888e-03 -2.627065088444e-02 -7.648522260255e-01 
-6.729447949698e-02 -1.078900622251e+00 -1.309710223732e-01 
-7.394055902604e-02  2.292636755057e-02  1.325195376570e-01 
 9.662322127087e-03 -3.661045999545e-02  7.582914993843e-02 
 4.301818414159e-01 -2.070035934608e-01  5.010191243397e-01 
-2.598002091661e-01  3.903072514193e-01  3.241827698264e-01 
-9.489174256485e-02 -9.630195442867e-02 -5.693853027240e-01 
 2.171667479978e-01  3.579203359815e-02 -4.110278656816e-01 
 5.025644627319e-01 -5.512997181015e-02 -4.232109986207e-02 
 4.814629340763e-02  4.888651905501e-03 -2.925544718548e-02 
 4.392855715042e-02  1.276284791659e-01 -9.821392703783e-01 
-3.359854634449e-02 -7.315110608821e-02 -5.390022161227e-01 
 5.236676067513e-02 -4.507984691646e-03 -4.269191551658e-01 
 2.256197506060e-03 -2.084525679671e-01 -3.390379254057e-01 
-3.461682735752e-01 -3.513962713964e-01 -1.542253199488e-01 
-5.892771135612e-01  1.488514603124e+00  4.405879916041e-01 
 5.844465144437e-02 -5.041249910345e-04 -5.224014197728e-01 
-1.396741522750e+00 -6.839445675444e-01 -8.136544735439e-02 
 1.042723779975e-01 -1.584235152845e-01  3.697395720846e-02 
 1.157739110677e-01  7.126436359479e-01 -1.864904195511e-01 
-1.694181480713e-01  3.409458425694e-01  2.530883058104e-02 
-9.701701689522e-01  3.748712771434e-01 -2.289711506254e-02 
-2.405828006840e-01 -2.234148429901e-01 -3.422720288864e-01 
 5.017692647956e-01  5.221961307541e-01  1.571643186802e-01 
 1.230726262784e-01  3.472712778641e-01 -4.716983558496e-01 
-4.836408076220e-01 -2.338758298840e-01 -1.182314239985e-01 
-4.074679267267e-02 -1.767781894662e-01  2.311505954792e-01 
 2.848204201402e-02 -9.223728488368e-02 -3.891357499217e-02 
 1.965032880439e-01 -8.955773404906e-02  2.486894726011e-01 
 3.309383655262e-01  5.273585494995e-01  4.876371601110e-01 
-1.435638682562e-01 -2.944290748887e-02 -9.324779944923e-02 
-4.885113517863e-01  5.280225362683e-01  1.932478808365e-01 
 3.722402842910e-02  4.300545895137e-01 -3.437473954898e-01 
 1.731407686225e-01 -7.895880359111e-02  3.753945887960e-02 
 5.059937856287e-02  1.908902935159e-01 -3.212111199730e-02 
 5.903995482936e-02 -1.538879173806e-01 -1.805433221524e-02 
 2.045694799514e-01  9.627576050460e-02 -1.714465655199e-01 
-3.404339796308e-02 -2.657371106206e-01  4.191573408103e-01 
-3.558938476469e-01 -1.022921471778e-01 -2.276910078288e-01 
 2.748120686525e-01  1.794829499866e-01 -3.564179354903e-01 
-1.296194600744e-01  8.692119016729e-02  9.166811609596e-02 
-2.944013131616e-01  5.892040798762e-01  3.210210182552e-01 
-2.164422884238e-01 -1.060301581703e+00 -1.619179928410e-01 
 2.230721960365e-01 -3.220796757839e-01 -1.168245743807e-01 
-2.896129165694e-02 -5.711173608256e-02 -3.158971649573e-01 
 1.257157403216e-01 -1.453794052318e-01 -1.709680199392e-02 
 7.687885867930e-02 -2.598664795044e-02 -1.411270565239e-01 
-3.249943941323e-01  2.084427821568e+00  1.916206301763e-02 
 1.386350929887e-01  5.299812254284e-01 -6.337739349849e-01 
-1.468363275096e+00 -8.758138307439e-01 -1.063554371368e-01 
-5.725730493201e-02  1.927427707980e-01  2.416166282283e-01 
 1.589885108958e-02  4.967012102530e-01 -4.708990499721e-02 
 9.224119764253e-02  4.741749679859e-01 -5.123355193984e-02 
-1.429919649398e+00  4.835534689645e-01 -4.959063319475e-01 
-3.210456690654e-01  1.074150841886e-01 -6.400014070150e-01 
 1.100237963736e-01 -3.812851880587e-01  4.254252094812e-01 
 4.387356208628e-01  1.603364653502e-01  9.280484465302e-02 
 9.815776742521e-02  2.982446956080e-02  5.020346431887e-01 
 1.056120192277e-01  4.083821909385e-01 -4.275460177557e-01 
-2.241736891218e-01  2.659568018575e-02 -6.238720858674e-01 
 2.758394338551e-02  6.485146517412e-02 -3.449788973636e-01 
 8.746474390595e-02  2.844266071080e-01 -5.819918871978e-01 
 5.190667110982e-01  1.871854238635e-01 -1.672723637928e-01 
-5.398976324233e-01  1.540268786005e+00 -1.749366777494e-01 
-1.910000518257e-01  1.191712963588e-01 -5.637268068041e-01 
-4.967240395103e-01  3.121377788053e-01  3.722771308163e-03 
 7.637706310369e-02  4.436433829839e-02 -4.034923739550e-03 
-7.000806496325e-02  1.153002762074e-01  9.665749664909e-02 
 1.434652246534e-01 -2.785827475352e-02 -4.434581983708e-01 
-5.035334719894e-01  3.495238603487e-01 -1.436086585669e-01 
-3.205795673153e-01 -7.069050696955e-01 -7.904734754944e-01 
 1.313271401336e-01 -3.536612938897e-01  7.236339633269e-03 
 7.607192670346e-02 -4.071263088714e-01 -1.683701484884e-01 
 1.778746295437e-01  2.889891299362e-01 -6.196307188609e-01 
 1.170679048466e-01  4.911487472885e-01  7.650679369247e-02 
-5.496216244340e-02  4.477968030071e-02  3.510151511120e-01 
-9.180522152712e-02  1.065069473044e-01 -1.655917603113e-01 
-2.666484774231e-01 -3.126936693003e-01 -6.324970097321e-02 
-1.627167276860e-01  1.497725936438e-01  4.639479973949e-01 
 2.103969058599e+00 -1.584998757187e+00 -8.809423065952e-02 
-5.925774090022e-01 -8.095566259788e-02  7.164834583378e-01 
 1.085526567006e+00  5.986888193800e-01  9.225810310692e-02 
-1.386912862775e-01  2.625837905648e-01 -1.721406855344e-01 
 1.299030692563e-01 -7.225814246078e-01 -3.612887626124e-02 
-4.288541839728e-03  4.541632878811e-01  1.850407033902e-02 
 3.783575524086e-01 -4.149062224777e-01 -1.739796028623e-02 
-8.103250536309e-01 -6.931058537094e-02  2.937267467517e-01 
 4.574422269580e-02 -1.431440195874e-01 -2.996655021615e-01 
-2.915386765996e-01 -8.169747394450e-02 -2.900914897250e-02 
 5.004089073627e-02 -2.997735348258e-01 -7.078708707160e-02 
 6.121273093121e-02  2.237353484456e-01 -5.061924289411e-01 
-1.950440352354e-01 -3.184917512238e-02 -4.208047793911e-01 
-2.094265300816e-02 -3.256287675537e-02 -2.797366359650e-01 
-1.762193799349e-01 -8.811724865803e-02  9.080129256397e-02 
-7.828151697546e-02  9.407974894055e-02 -5.122326285535e-02 
-2.135611161672e-01  6.105277229286e-01  3.445462878802e-01 
 9.392953578133e-01  1.136943335275e-01 -4.329031700669e-02 
-5.706726813163e-01 -3.790600559871e-01  6.146296391224e-02 
-2.818113490103e-01  4.657068348408e-01 -3.918788634644e-01 
-2.996543589042e-01 -2.519909694651e-01 -6.720604437396e-02 
 3.835079946579e-01  3.731741406683e-01  4.085442582800e-01 
 8.160222939579e-02  4.082261660474e-01 -2.842680734134e-02 
 4.911242682201e-01 -4.141333062755e-01  4.839108989766e-02 
 9.866371618755e-03 -3.013578993380e-02  2.137497447690e-01 
-2.736854727593e-01 -3.419820064313e-01 -3.770140369538e-02 
-2.006617331328e-01  3.042329110275e-02 -2.215804004434e-01 
 5.301814218885e-02  4.208073691438e-01  1.232028904733e+00 
-8.641064115083e-02  3.401539718282e-01  4.565756724261e-01 
 1.710869587590e-01  2.728266828420e-01  7.532462244344e-01 
 2.763623900989e-02  4.745951712732e-01  3.169278086316e-01 
 7.275799171566e-02 -7.920355598857e-02  4.724909057511e-01 
 1.833475288340e+00 -3.077312590045e+00  2.234845432359e-01 
 5.133744829537e-01  1.166919376289e-01  4.834001906771e-01 
 1.097223492726e+00  1.145922497422e+00 -6.797968490928e-01 
-3.350851882576e-02 -5.000267759213e-01  1.693455805310e-01 
-3.654911995849e-02 -8.056961754704e-01 -1.340046816108e-01 
 5.153220413397e-01  4.148248593033e-01  1.096474507398e-02 
 1.062154793615e+00 -5.448587026060e-01 -3.440040642895e-01 
 2.095465547814e-01 -3.278798940645e-02  4.244682122421e-01 
-2.101413996682e-01  1.965142386586e-02 -3.229508994082e-01 
-5.069692162192e-02 -1.349341931846e-01  1.894771873008e-01 
-3.710161462504e-02  6.703434420468e-02 -1.503580638273e-01 
 5.316562604471e-02  5.120551415146e-02 -7.036314172053e-01 
 3.780238478727e-01  1.487436995266e-04  8.719385558950e-01 
-8.259025800401e-02  6.680133598319e-02 -2.535514343434e-01 
 1.323029686372e-01  4.478114345061e-01 -5.741430118833e-01 
-1.529319530578e-01  5.473252647176e-02  1.423855857949e-01 
 4.331372844554e-01 -1.248843317201e+00  3.054917787340e-01 
 2.551721784891e-01 -9.259032251235e-02  2.825838752295e-01 
 1.412775275583e-01  1.234791893917e-01  3.058744141147e-01 
-5.426909255000e-01 -8.609806234260e-02  3.803045479378e-01 
 1.894064062904e-01 -1.086601323655e-01 -6.231433267509e-02 
-2.679427973994e-01  2.345144156458e-01  1.996596471192e-01 
 7.797168093150e-01 -1.159507088890e-01  1.319835148955e-01 
 1.625365859015e-01 -6.808508973699e-01  6.606493532294e-01 
-1.055128232061e-01  4.624372208344e-01  1.009674534225e-01 
-1.278986101473e-01  1.140619754584e+00 -2.498693335478e-01 
 5.457479433749e-01  1.955646425766e-02  6.241192816022e-01 
 6.260148283089e-02  6.254066401601e-01  1.185002092564e+00 
-3.937269749917e-01  2.353940213375e-01 -6.441230189881e-01 
-8.267348555434e-02  4.834522277130e-02  1.189518781586e-01 
-1.960400957183e-02 -1.469408651232e-01  9.397058548569e-01 
 8.221552624035e-01  1.913884923487e-01  1.622959722075e-01 
 5.678269086540e-01 -1.147151477611e+00  1.292700100372e-01 
 3.517591449269e-01  1.402531654259e-01  3.332043867168e-01 
 4.792218689362e-01  1.434345954555e-01  4.557858016062e-01 
-2.807069227594e-01 -9.533333409528e-02  4.718778872537e-01 
 4.899870696803e-01 -6.051276983112e-01  9.928494238230e-02 
-2.159943104169e-01  3.868965697971e-01  1.608373893002e-01 
 5.788801620799e-01 -2.135896460502e-01  6.641193262178e-02 
 1.452578681775e-01  2.043486813384e-01  3.878823609745e-01 
-1.663848327492e-01  1.445670884986e-01  1.025639309499e-01 
 8.229062181944e-02 -2.086989389158e+00  5.127135274607e-01 
-5.028892500930e-01  2.406930786563e-01 -9.838708449185e-01 
 5.951606452360e-03  2.316974231751e-02  1.236833212706e-01 
-1.668705405657e-01 -6.638651621531e-02 -2.357289575740e-01 
-7.163741740786e-02  1.856464418430e-02 -9.142004150773e-02 
-7.587157278084e-02 -2.043804435606e-01  7.257599644429e-02 
 8.487060084258e-02  1.226871989550e-01  1.148763158442e-01 
 2.241998843077e-01 -1.592974325900e+00  8.097798524417e-02 
-5.278452672761e-01 -3.427482338196e-01  7.729367422922e-01 
 2.953761689407e-02 -3.821412924510e-01 -4.893954562274e-01 
-8.933044735312e-02  6.129388477757e-01  6.930899980162e-01 
-5.984010804849e-01  1.018652118103e+00 -3.788896823443e-01 
-2.305580917699e-01 -3.975818360668e-01 -2.579938699041e-01 
 2.020369137126e-01 -1.883018493615e-01 -2.954233044285e-01 
-1.053877817193e-01  6.726352918676e-02  1.808700947354e+00 
-4.535130481606e-01  9.021452964511e-01 -3.412296414953e-02 
-4.798408649899e-01 -4.023066825447e-01  3.027308931838e-02 
-6.343752764826e-02 -9.861375335360e-03 -2.094245285668e-01 
-3.442710672019e-02  1.250403776384e-01  3.802528509771e-01 
-6.778636551598e-02  1.957695981158e-01  9.699199695208e-02 
 6.668819066854e-02  2.570947761316e-02 -4.766601274844e-02 
 4.113613554069e-02  2.666986218028e-01  5.263603836977e-01 
 1.545906211603e-01 -6.869840129818e-02 -5.853652474000e-02 
-2.640852623059e-01  3.527013869509e-02 -3.409821658773e-01 
-9.060659912537e-01  1.508326853280e-01 -4.249128130391e-01 
-7.527673717139e-01  7.043706373070e-03 -2.463217422644e-01 
-1.081625090722e+00 -4.576320244122e-01 -4.532862300653e-01 
-3.029489654180e-01  1.801947183482e+00 -4.799362518307e-01 
-3.097871280455e-01 -7.080451487014e-01  1.421849174328e-01 
-2.072038042558e+00  7.435537170987e-01 -1.741016983857e-01 
-7.915398424930e-01 -2.494684735870e-03 -3.637671505506e-01 
 1.069576031913e-01 -6.431621229664e-02  1.431447227528e-01 
 9.782148363185e-02 -5.121517283678e-01  1.604504296166e-01 
-2.265984397128e-01  1.472115960470e-01 -1.404204480999e-01 
 3.833400647170e-02  1.488811483583e-01  1.803167980786e-01 
-1.206887696967e-02  7.018652032965e-02  9.783230137960e-02 
 7.964971225030e-02  1.723016330557e-01  9.130822272528e-02 
-3.095591702388e-02  7.517389578966e-02  6.752530034106e-02 
-1.246698000828e-02  3.873051054979e-02 -1.036549327322e-01 
-7.482135080272e-01 -1.985250903883e+00 -5.193845815927e-01 
-6.202313315065e-02 -4.055401024738e-01 -9.219043823628e-02 
 1.558484977576e-01  2.581959797799e-01 -9.079279090276e-01 
-2.656650874477e-01  6.848413188812e-01 -3.017757014221e-01 
 1.284578521058e+00  2.817003221099e+00 -1.151631895910e+00 
-6.682603206927e-01 -8.625215014754e-01 -5.131856995107e-01 
 2.324498520596e+00 -8.360398505360e-01  2.138696888686e-02 
 1.033131292764e+00 -3.737584826733e-01 -2.832147680086e-01 
 3.074503625742e-02 -3.151188838170e-01  2.163622642033e-02 
 1.203277741390e-01 -5.519621752893e-02  3.746294838477e-02 
-2.864175796944e-02 -2.983531308373e-02 -2.200168176662e-02 
orbocc
(*)
 0.000000000000e+00  0.000000000000e+00  0.000000000000e+00 
 0.000000000000e+00  0.000000000000e+00  0.000000000000e+00 
 0.000000000000e+00  0.000000000000e+00  0.000000000000e+00 
 0.000000000000e+00  0.000000000000e+00  0.000000000000e+00 
 0.000000000000e+00  0.000000000000e+00  0.000000000000e+00 
 0.000000000000e+00  0.000000000000e+00  0.000000000000e+00 
 0.000000000000e+00  0.000000000000e+00  0.000000000000e+00 
 0.000000000000e+00  0.000000000000e+00  0.000000000000e+00 
 0.000000000000e+00  0.000000000000e+00  0.000000000000e+00 
 0.000000000000e+00  0.000000000000e+00  0.000000000000e+00 
 0.000000000000e+00  0.000000000000e+00  0.000000000000e+00 
 0.000000000000e+00  0.000000000000e+00  0.000000000000e+00 
 0.000000000000e+00  0.000000000000e+00  0.000000000000e+00 
 0.000000000000e+00  0.000000000000e+00  0.000000000000e+00 
 0.000000000000e+00  0.000000000000e+00  0.000000000000e+00 
 0.000000000000e+00  0.000000000000e+00  0.000000000000e+00 