2mocoef
header
1
MO-coefficients from MOLCAS
1
26   26
a
mocoef
(*)
 7.739871531656e-05 -5.134563237668e-04  5.393107421406e-03 
-5.388271044872e-05 -3.163334226742e-06 -3.487966394806e-04 
-1.874863451324e-04  8.594392471340e-06  3.095145557973e-03 
 9.959269046857e-01  2.429870604437e-02 -1.398494621971e-02 
-6.514010418878e-05  5.128826109707e-05 -4.359446695451e-04 
 3.230511166891e-04 -4.051519527094e-05  1.985159898762e-03 
-1.617736865222e-04  2.043960799599e-04 -1.713982354189e-04 
 1.898515858086e-03 -7.372326731386e-06  1.837865048561e-03 
-1.859240740783e-04 -9.400234210355e-05 
 9.959544141499e-01  2.482138608405e-02 -1.187621124283e-02 
-3.310950850118e-04  2.800721242001e-05  1.069521889463e-03 
 4.560570724233e-04 -3.839941582578e-05  7.858417303172e-04 
-3.233722047262e-04 -2.732807213021e-04  1.062594460301e-03 
-9.181118023789e-05 -6.754653016889e-06  4.066171110623e-04 
 2.219079992280e-04  1.554519961089e-05  1.699658464274e-04 
-2.220813444933e-04  2.563829949786e-03 -1.833226562309e-04 
-2.379296909448e-05  4.267828298976e-05  3.593012166312e-04 
-2.980095051065e-04  3.530972265330e-03 
-9.583335231448e-02  1.969294085065e-01  3.219393823027e-02 
-1.406757529472e-02  4.998629379092e-04  1.124574284678e-01 
 5.079814701860e-03 -3.345523069440e-04 -3.728892222193e-02 
-1.991206219047e-01  4.332448097768e-01  4.257622190072e-01 
-1.817315932729e-02  2.933883768674e-03 -2.328729165369e-02 
-2.325270249914e-02  1.031795729097e-03 -1.556264036932e-02 
 3.025360988244e-02 -5.445798180542e-03  1.288167361092e-01 
-7.966924279804e-03  1.266232295497e-01 -1.206537634451e-02 
 4.804424408869e-02  4.158857259921e-03 
 1.671709363450e-01 -3.496978690297e-01 -2.616589704169e-01 
 5.162715322813e-02 -2.220736125059e-03  5.268787755479e-02 
-1.054402067881e-02 -1.038397173926e-03  3.648804378386e-02 
-5.939778665802e-02  1.313352407586e-01  1.807567571879e-01 
 1.137211609928e-01  8.060515449937e-03  2.821894234004e-01 
 6.530182584681e-02  4.428754618318e-03  1.173604212505e-01 
-1.240497859427e-01 -2.048628937670e-02  1.770011487153e-01 
 3.996332157604e-03  6.146750571898e-02 -8.602150273615e-04 
-1.757993424783e-01 -3.242329794960e-02 
-5.293740598083e-02  1.084121208689e-01  1.888790923720e-01 
 1.145509934054e-01  2.704486153854e-03 -2.114833934323e-01 
 2.159224337508e-02 -8.421390041460e-04 -3.553149300175e-02 
 1.609095939591e-02 -3.430871079781e-02 -7.527020249240e-02 
 4.246307741070e-01  2.090365971175e-02  1.672675531656e-01 
 2.441872915588e-01  1.184861009296e-02  9.879229240811e-02 
 1.412899775923e-01  5.653824361158e-02  2.197377609837e-01 
 2.518414039766e-02 -1.680410466733e-01 -2.352574344215e-02 
 7.566948711483e-02  1.218658156864e-02 
-1.947911622068e-03 -3.930677619010e-03  1.038261816379e-01 
-2.930523256518e-01  1.315680782867e-02 -3.168051145061e-01 
-1.079634603848e-01  4.262330518409e-03 -2.150929328931e-02 
 1.984518159257e-02 -4.954589601175e-02 -5.514716078339e-02 
-1.555527919151e-01  4.784176575081e-03  3.648081518097e-01 
-7.731134272039e-02  1.615091568250e-03  1.874385983164e-01 
-3.312017218860e-02 -1.580349961389e-02  5.266492735353e-02 
 1.923303480782e-02  1.419818172725e-01  1.418726518764e-02 
 2.425729887463e-01  9.908724545976e-02 
 3.603142770982e-04 -8.084997781569e-04 -3.430549296815e-03 
 1.712065502416e-02  3.111128911078e-01  7.285756858186e-03 
 1.462291003048e-02  1.429367527195e-01  9.682238481033e-04 
 1.243032285650e-03 -3.652865996609e-03 -2.021423880175e-03 
-2.839333910846e-02  5.474215263708e-01 -9.863739642184e-03 
-2.216933396702e-02  3.704093270420e-01 -5.273091055823e-03 
 4.077500721031e-03  3.784286897042e-03 -3.153253425576e-03 
-3.926776351155e-03  1.722267050675e-03  2.941880511379e-03 
-8.591397489656e-03 -4.167655267105e-03 
 1.980466557388e-04  1.029803602215e-02 -8.937869065214e-02 
-3.832812470453e-01  1.494105668177e-02  1.688242465117e-01 
-2.506604237571e-01  5.434163840179e-03  4.516255419582e-02 
-7.884332237081e-03  2.170928292161e-02  1.170784888373e-02 
 2.521167106052e-01  1.293869301449e-02 -1.703520585326e-01 
 2.000406322433e-01  3.395423560957e-03 -9.124322118959e-02 
-2.618571860045e-01 -1.193875830828e-01  8.727513465959e-02 
 2.732805284751e-02 -1.924516466935e-01 -5.995195362202e-02 
 1.685288200165e-01  4.919160016249e-02 
-8.318243358310e-04  2.202888837758e-03  2.704695122395e-03 
-2.349554434823e-02 -5.864401655178e-01  1.008307772948e-03 
-2.249379683770e-02 -5.418043408074e-01 -1.602720520103e-03 
 1.317359127357e-03 -3.293703703548e-03 -6.402354388306e-03 
-1.563073410276e-02  3.982589508457e-01 -3.085838426402e-03 
-1.828668072830e-02  4.193480331994e-01 -3.851709982466e-03 
 8.229001649886e-03  8.811876230915e-03  1.326101734645e-02 
 1.362399505171e-02 -1.003756091787e-02 -1.186683307937e-02 
-9.489747671471e-03 -8.988589991011e-03 
-7.061807149097e-03 -1.116608120920e-02 -7.470167305730e-02 
 4.483600300151e-02 -3.442815730968e-03  8.050508098215e-02 
 1.418539363945e-01 -1.273451347214e-02  4.520013400752e-01 
 1.049558662477e-01 -1.605296552088e-01 -1.811460397209e+00 
 1.047197199980e-01  2.361749573994e-03 -1.205065809214e-01 
 2.585022490227e-01  6.345449737340e-03 -3.438776763437e-01 
-3.795822628728e-02  2.700576412732e-02  2.480201342120e-02 
 8.204197222737e-01  8.847559762442e-02  1.427541702854e+00 
-1.559030364055e-03  4.364266166074e-01 
-3.656336479869e-02  5.785069033987e-02  6.409508858780e-01 
 1.958308866087e-01 -1.144064751221e-02 -9.510466622816e-02 
 4.219380691836e-01 -5.320406089292e-02 -3.235447243491e-01 
-2.008949352611e-02  2.270602316786e-02  5.010880459142e-01 
 2.406035543694e-01  2.134316592532e-02  5.936476389697e-02 
 7.294051072323e-01  7.001657062079e-02  2.295373757610e-01 
-7.997689007144e-02 -1.154956022043e+00 -9.905359108836e-02 
-1.517285967363e+00  9.501275891513e-02  8.857573711064e-01 
 4.645368855110e-02  1.810848070830e-01 
 1.212011306202e-01 -1.759197876905e-01 -2.277111615091e+00 
-2.857582255749e-02  9.153909675926e-04  9.277946349654e-02 
-1.034301084767e-01 -1.358419944058e-02  5.534765484584e-01 
-4.032457786896e-02  7.542725845940e-02  5.360925665458e-01 
 1.317645898934e-01  7.375321477782e-03 -3.305051351678e-02 
 4.409612484249e-01  2.670271740657e-02 -1.568901250694e-01 
 3.960566635837e-02  1.411094688294e+00 -2.565620094620e-02 
-8.207737238306e-01  7.651421819827e-03  3.702566590572e-01 
 2.028425982792e-02  1.489942355853e+00 
 2.648661174355e-02 -4.017689783144e-02 -1.081169604999e+00 
 2.968974868088e-01 -2.206546955667e-02  5.812351075667e-03 
 1.697991477933e+00 -7.052716120261e-02  1.410701504095e-01 
-6.918086017082e-03  1.329313800839e-03  1.171570067200e-01 
-1.919704683857e-01 -5.083392183012e-03 -2.115444646839e-03 
-9.065465343287e-01 -6.900030887607e-03 -1.370759721432e-01 
-5.457052225756e-02 -1.249509577511e+00 -5.692519006827e-02 
 9.119217106079e-01  3.719457274610e-02 -9.238442906905e-01 
 8.996599199970e-03  2.479026422886e+00 
-5.662323271755e-02 -6.555331501711e-02  2.082512011208e+00 
 8.338025389463e-04  5.491204814197e-04  1.063620612710e-01 
 1.149994443811e-01 -1.253717913751e-02  2.856706546128e+00 
 5.773679684897e-02 -6.453835977754e-02 -2.026833714520e+00 
-2.075036207133e-02  1.667851055408e-03  3.203701621326e-01 
 1.213192595517e-02  7.972729890730e-03  1.947922660809e+00 
-1.610718353224e-02  5.878168983164e-01 -1.259552089526e-02 
-8.710627951913e-01 -3.678002970677e-02 -7.175751537222e-01 
-3.476929019291e-03  6.987104766153e-01 
 2.781212833662e-02 -1.270987911868e-01 -8.294689210421e-01 
-5.336613171275e-01  2.248017439195e-02 -3.564009997744e-01 
 1.267454990110e+00 -8.123831645856e-02  2.394984498581e-01 
-2.478679061737e-02  8.624996050047e-03  2.128005705573e-01 
-1.068476496996e-01  2.711460016551e-02  2.592506168206e-03 
 2.267701596067e-01  2.423171024631e-02 -5.050931788479e-01 
-3.090879227431e-01 -3.696787024114e-02 -3.294327002920e-01 
 1.115923021612e-01  3.382161327891e-01  9.534007722945e-02 
 4.882146838718e-01  4.582261356724e-01 
-8.855740237905e-04  2.254570658102e-02  2.631561620692e-02 
 4.539658538926e-02  9.955797974380e-01  3.934077576362e-02 
-4.147121435370e-02 -1.131994485482e+00 -1.296839081752e-02 
 2.524427349912e-03 -2.713487514817e-03 -1.277023102075e-02 
-2.404178568512e-02  2.358993811375e-01 -8.349017545254e-03 
 1.627440729618e-02 -1.568987492612e-02  6.230230879152e-02 
-6.552040475731e-03 -7.337570401817e-03  1.793343143501e-03 
 3.909187691537e-03 -2.741088570860e-03 -2.869850450932e-02 
-1.521106692377e-03  1.614496800642e-02 
 2.552337930261e-02 -6.354086038910e-01 -5.163598592752e-01 
 2.527436733992e-01  3.723810445564e-02 -9.239776481150e-01 
-7.559947492291e-01 -2.152340734342e-02  2.534409602497e-01 
-5.305442364328e-02  3.903755065575e-02  1.834370190757e-01 
 1.530945626689e-02 -2.108811247619e-02  1.245460217242e-01 
-2.454191374345e-02  1.088075313651e-02 -1.512133484610e+00 
 2.488327745099e-01  1.595694928646e-01  8.125950660731e-02 
 5.605457113626e-01 -7.166861510565e-02  2.117990620910e-01 
-1.142260056760e-01 -3.357447286583e-01 
 2.612018957057e-03  1.005280908457e-01 -1.762969805187e-01 
-8.170933723023e-04  2.390087863650e-01  1.655604172032e-02 
 6.466403365056e-02 -6.981247993372e-01  8.673136321550e-02 
 1.233843925473e-03  1.652010038750e-02 -3.417575852839e-02 
 4.343198940891e-02 -9.376625485439e-01 -9.270240234225e-03 
-3.724707812749e-02  1.296349805744e+00  5.466203528214e-02 
 2.488640937869e-02  2.445105044752e-02 -1.267194733592e-02 
-2.298789206983e-02  3.539103128945e-02 -2.530778833896e-02 
 5.066472636878e-02  1.059717354642e-01 
 6.282570818267e-02  1.180776418062e+00 -2.501889079894e+00 
 6.054877310251e-02 -1.562679732355e-02 -1.945409876896e-01 
 3.686671457486e-01  2.430531335822e-02  1.417368796252e+00 
-4.665959585380e-03  3.105485717256e-01 -6.934404109695e-01 
 6.164871545154e-02  6.059275043484e-02 -2.675521714851e-01 
-2.611603351285e-01 -8.924599471993e-02  3.835415493594e-01 
 6.950853212824e-01  3.975081741549e-01  1.310487977568e-01 
 3.877563035527e-02  2.374392676280e-02 -1.308561531505e-01 
 5.114740019029e-01  1.271867034248e+00 
 6.060449980124e-02 -6.487359868834e-01  2.142726491916e+00 
-1.742237687328e-01  9.254541942212e-03 -1.753898147954e-01 
 3.673648020196e-01 -3.170106202854e-02  5.866948636934e-01 
-5.746786336232e-02  2.702400063207e-02  1.087444558699e-01 
 7.637795073801e-03 -1.325308800211e-02 -5.618367650037e-01 
-9.143983838219e-02  4.306648810144e-02  1.920529335937e+00 
 2.249831565040e-01 -5.965766021215e-01 -6.231293556673e-01 
-5.651539599131e-01 -7.876156112002e-01 -2.010205923868e-01 
 9.531101154078e-03 -2.511306192631e-02 
 4.920963633718e-03 -5.331875839809e-01  4.206765924281e-01 
-8.570954881275e-01  4.734516875268e-02  2.714446159108e-01 
 2.056130594247e+00 -7.728613361234e-02 -5.624235070467e-01 
 1.492688137496e-02  1.103532799780e-02 -2.077609939201e-01 
 3.366006677016e-01  7.161290195233e-03  1.921939800797e-01 
-1.211591885495e+00 -2.986169616274e-02 -7.000580430646e-01 
 7.694778704868e-01 -2.067540363187e+00  3.655980216260e-01 
 5.665361164871e-01  5.901857544454e-02 -1.692911698419e-01 
-2.862425469135e-01  1.179941077212e+00 
 6.983293219015e-03 -3.020746065452e-01  9.237403203718e-01 
 2.095422997083e-01 -5.686887976777e-03 -1.126164967447e-01 
-2.935891030611e-01  2.114333543530e-02  3.819673924118e-01 
 2.048585569714e-02 -3.412918578664e-01  3.016308158233e-01 
 8.513155991043e-01  4.677558034179e-02 -3.912486630774e-01 
-1.042500250458e+00 -6.251892562956e-02  7.255191884747e-01 
-1.152436991696e-01  2.659582825812e-01 -3.007504736432e-01 
 5.449998985348e-01  7.903922708508e-01 -1.673650399344e+00 
 7.028420474370e-02 -3.429417742160e-01 
-2.274173350860e-02  7.115704812533e-01 -1.952973605660e+00 
-4.363055403871e-02  9.343083340560e-03  5.518100959374e-02 
 7.051275588754e-01 -2.074490271922e-02 -3.980060908555e-01 
-4.678467817142e-02  4.428855937642e-01 -7.958910260287e-02 
 5.607838384735e-01  3.392393884331e-02  6.733473031554e-01 
-1.250494653647e+00 -5.135454504884e-02 -9.628331889005e-01 
-2.126174696873e-01  8.290692932174e-02 -7.552978312088e-01 
 1.559635302772e+00 -5.079139781119e-01  9.502919334676e-03 
-7.136865949163e-02  7.342855964356e-01 
-2.255220545991e-02  8.937445665663e-01 -1.967529999926e+00 
-4.698288306392e-01  3.002287165350e-02 -6.699902451503e-01 
 1.620801776223e+00 -5.961309487260e-02  6.934447213406e-01 
 4.202325848892e-03 -2.454311689378e-01  5.806723750569e-01 
 1.188606398555e-01 -8.875875099089e-03 -3.761559759409e-01 
-1.099264679889e+00 -1.174058779728e-02  2.846027930736e-01 
-5.387735151359e-01  1.422918758332e-01  5.278177958428e-01 
-2.413796534229e-01 -2.792694741377e-01 -4.444232818348e-01 
-7.722726825377e-01  2.218130387689e+00 
 1.083467078735e-02 -6.987536088711e-01  2.358835082173e+00 
 1.680035060812e-01 -1.970475286039e-03  2.435439202516e-02 
 1.111476731845e+00 -1.845000643357e-02  7.996550645275e-01 
 1.793417801714e-03  1.404997536554e+00 -3.586835758204e+00 
 1.879602703883e-01  7.859682248228e-04 -2.188280328912e-01 
-1.427290263123e+00 -4.909302684982e-02  5.053451105639e-01 
-4.700172666529e-01 -4.049211820594e-01  7.078869347150e-01 
 7.598433017794e-01 -1.660083289809e-01  1.394572387361e-02 
 4.808519070396e-01 -1.971140104100e-02 
-1.442300581476e-02  1.443820261544e-01  2.069524621173e+00 
-2.157520003438e-01  3.870883088463e-03 -1.357391612746e-01 
-1.437826040052e+00  3.070177391945e-02  1.244364000818e+00 
 5.271660289115e-03  1.326109025009e+00 -3.306926082737e+00 
-1.851069678456e-01  9.131192647044e-04 -1.753678361206e-01 
 1.798696335736e+00  3.905104209223e-02  1.266566078182e+00 
 1.873257870958e-01  5.536250171020e-01 -5.150544802578e-01 
-2.422503524570e-01  7.107874409786e-01  4.754209802879e-01 
-8.577205571824e-01 -2.942441479039e-01 
orbocc
(*)
 0.000000000000e+00  0.000000000000e+00  0.000000000000e+00 
 0.000000000000e+00  0.000000000000e+00  0.000000000000e+00 
 0.000000000000e+00  0.000000000000e+00  0.000000000000e+00 
 0.000000000000e+00  0.000000000000e+00  0.000000000000e+00 
 0.000000000000e+00  0.000000000000e+00  0.000000000000e+00 
 0.000000000000e+00  0.000000000000e+00  0.000000000000e+00 
 0.000000000000e+00  0.000000000000e+00  0.000000000000e+00 
 0.000000000000e+00  0.000000000000e+00  0.000000000000e+00 
 0.000000000000e+00  0.000000000000e+00 