2mocoef
header
1
MO-coefficients from MOLCAS
1
26   26
a
mocoef
(*)
 7.828592289015e-05 -6.440349122913e-04  6.061503689241e-03 
 1.196346115713e-13  6.184376865712e-14 -4.243338083411e-04 
-2.972540569129e-13 -4.125242009847e-14  3.167600495650e-03 
 9.959570636188e-01  2.412603274266e-02 -1.396333913345e-02 
-3.615525050645e-13 -8.675802556642e-14 -7.718856244191e-04 
 3.421245150649e-14  4.622683497491e-14  2.455974433342e-03 
-1.649814893517e-04 -7.349013416272e-05  1.853812501254e-05 
 1.681164534403e-03  1.853812485190e-05  1.681164534509e-03 
-1.649814892541e-04 -7.349013447170e-05 
 9.960703901439e-01  2.407798486153e-02 -1.145811907337e-02 
-3.048813070129e-12 -4.303451976901e-14  9.819320572129e-04 
 1.175255146232e-12  7.614332418525e-14 -1.379699708177e-04 
-3.480310874475e-04 -3.214765907389e-04  1.611826808949e-03 
-9.096063240670e-13 -8.878373908379e-15  5.213171198233e-04 
-8.456821917251e-13 -3.267659832497e-14 -1.531314250045e-04 
-1.966389933745e-04  2.662726191199e-03  3.745567605288e-06 
 2.665197848743e-04  3.745567803070e-06  2.665197846746e-04 
-1.966389933176e-04  2.662726192719e-03 
-1.096617220303e-01  2.310865816332e-01  5.715341300088e-02 
-5.804942624932e-11  1.412743624965e-12  1.069843533167e-01 
-2.113768678798e-11 -2.488090732669e-12 -3.898172653871e-02 
-1.918974121008e-01  4.111364806663e-01  4.153204856179e-01 
-1.019386388632e-10 -1.179430988904e-12 -4.016484275106e-02 
-7.474747924634e-11  1.813583924786e-12 -1.392961905038e-02 
 5.172180088435e-02  5.764137597433e-03  1.142987535456e-01 
-5.816879490853e-03  1.142987536216e-01 -5.816879496128e-03 
 5.172180091817e-02  5.764137601398e-03 
 1.670084728416e-01 -3.633201764426e-01 -3.284219872281e-01 
 9.898293368288e-11 -4.665360307808e-12  8.556781086548e-02 
-1.345963478580e-11  6.834969480321e-12  2.705326338426e-02 
-7.850167971991e-02  1.689614870560e-01  2.670101602976e-01 
 3.723911190723e-10  2.882308904622e-14  2.330155922480e-01 
 2.378627355167e-10 -1.810189029639e-12  7.963008722344e-02 
-1.598713061634e-01 -3.446812159575e-02  1.186253882390e-01 
 9.515511100468e-03  1.186253879298e-01  9.515511077777e-03 
-1.598713061967e-01 -3.446812161228e-02 
-1.521654303400e-10  3.247265452528e-10  4.944876657466e-10 
 1.751414728192e-01  3.441246418995e-07 -6.723261439406e-10 
 2.065595429449e-02  7.097197583791e-08 -1.317942527645e-10 
 4.087104980196e-11 -7.887537673933e-11 -1.516472534434e-10 
 4.864131384495e-01  1.796400587025e-06  4.898890910174e-10 
 3.096272518233e-01  1.227578538262e-06  2.992117798166e-10 
 5.621540055545e-02  2.392384201563e-02  2.135413409550e-01 
 2.944165375569e-02 -2.135413407536e-01 -2.944165371311e-02 
-5.621539989319e-02 -2.392384176541e-02 
-8.400795060357e-03  4.481002467905e-06  1.726818300664e-01 
-1.779554015139e-08  1.249510762661e-13 -4.349642293224e-01 
-1.056745194646e-08 -7.761267147510e-13 -6.361629941061e-02 
 2.105997112494e-02 -5.267918661712e-02 -4.430387938315e-02 
 5.864699205757e-09 -1.661026667081e-12  4.463830986697e-01 
 6.226428877336e-09  1.394051265829e-12  2.275775569490e-01 
 1.373997247011e-01  6.841754826410e-02  1.145506551800e-01 
 3.282374343443e-02  1.145506476169e-01  3.282374058487e-02 
 1.373997435489e-01  6.841755517619e-02 
-3.496719730795e-14  3.977264755321e-13 -4.107774395031e-13 
 3.009298501211e-06  2.080334180888e-01 -5.854626745300e-13 
 2.015122078032e-06  5.978551786306e-02 -2.739927056250e-13 
 1.607084790315e-14  2.846854355042e-14  3.227268088475e-13 
-3.255113412347e-06  5.867124747326e-01 -1.187790724548e-13 
-2.714837214783e-06  4.504553101957e-01  2.758809787608e-13 
 1.735318373353e-06  8.699855483764e-07 -1.007222911942e-06 
-3.728354787836e-07  1.007223203908e-06  3.728355808708e-07 
-1.735317922942e-06 -8.699852860436e-07 
 3.043858843078e-10  3.229927211428e-11 -6.462551359474e-09 
-4.666188565652e-01  2.386501484582e-06  1.633007840989e-08 
-2.807006296174e-01  9.288417897345e-07  2.408290193208e-09 
-7.788796218444e-10  1.958091258788e-09  1.617048653021e-09 
 1.750299071977e-01  3.956810178512e-06 -1.678543937940e-08 
 1.776772980236e-01  2.691075573875e-06 -8.541634192197e-09 
-2.484831881063e-01 -9.107698471555e-02  1.092357388083e-01 
 3.931908070395e-02 -1.092357474493e-01 -3.931908318295e-02 
 2.484831778181e-01  9.107697957585e-02 
 1.417069314759e-13 -9.276046323295e-13  1.170686888733e-12 
-1.465709143003e-06 -6.175820747513e-01  3.408267094808e-14 
-1.646709986626e-06 -5.867307771143e-01  6.208902135639e-13 
 8.208447335282e-14 -5.440390437641e-13 -1.402574437176e-13 
-3.223468889340e-07  2.794541898056e-01  1.280387909770e-13 
-6.066925974937e-07  4.033332619521e-01  5.413556774566e-13 
 2.879878357550e-07  6.797928803023e-07  6.301198849731e-07 
 6.780805556780e-07 -6.301198453077e-07 -6.780805877875e-07 
-2.879884908610e-07 -6.797929226798e-07 
 2.684812300645e-02 -6.448829088607e-02 -5.063999019397e-01 
 1.481235365499e-11 -3.544175497543e-13  1.286779729730e-01 
 3.342194237718e-11  6.414831517851e-12  6.003848689216e-01 
 1.010269979960e-01 -1.512985024125e-01 -1.682824086880e+00 
 2.467708692482e-11  1.427953282645e-11 -1.265441405772e-01 
 5.477375048154e-11 -1.843778211327e-11 -3.471811937855e-01 
 9.908684609030e-03  5.408762477405e-01  6.688076158431e-02 
 1.032928630277e+00  6.688076158118e-02  1.032928630406e+00 
 9.908684614654e-03  5.408762478391e-01 
-7.504760225426e-12  2.421183225494e-11  6.505559207404e-11 
 2.435667715026e-01 -7.141293284153e-07 -6.106550146551e-12 
 6.386866876016e-01 -3.278688555505e-06 -4.159295832530e-11 
-4.330695167099e-12  1.101312959667e-11  6.473602380323e-11 
 2.607421118403e-01  1.083434618373e-06  2.113287344866e-12 
 7.239546143108e-01  3.543573632819e-06  1.154745906078e-11 
-5.688003099518e-02 -8.883834503460e-01 -9.393575228866e-02 
-1.136777837185e+00  9.393575228239e-02  1.136777837098e+00 
 5.688003099825e-02  8.883834502327e-01 
 1.255882756090e-01 -1.934507043490e-01 -2.156707233464e+00 
 3.880803914352e-12  9.483911736127e-12  1.135142202880e-01 
 5.084113517140e-11 -2.168337737830e-14  3.588072555035e-01 
-5.984712374392e-02  9.662597203039e-02  9.001455909893e-01 
 5.588013453523e-13  3.057543211644e-11  4.121088051660e-03 
-1.001968563833e-11 -3.551402658725e-11 -1.109799036727e-01 
 6.323641177980e-02  1.360371412835e+00 -2.964831558303e-02 
-4.570763678193e-01 -2.964831557656e-02 -4.570763678070e-01 
 6.323641178236e-02  1.360371412942e+00 
-2.189886178027e-12  8.444324385365e-12  5.595405163132e-11 
 3.021872121201e-01 -1.171115149788e-06 -2.258910246804e-12 
 1.672331894489e+00 -2.932419673327e-06  2.700756728647e-11 
 1.291004434265e-12 -8.654233453081e-12 -2.236987750936e-11 
-2.355894802611e-01 -4.321011207192e-07  3.901892337012e-12 
-1.090434403511e+00 -9.939794971906e-07  3.568276994037e-11 
-1.773062739771e-02 -1.673095780105e+00 -1.529920649182e-02 
 1.078543097521e+00  1.529920649788e-02 -1.078543097540e+00 
 1.773062739341e-02  1.673095780080e+00 
-5.874364111289e-02 -3.669181579625e-02  2.322151988018e+00 
 3.106177784053e-12 -2.355073734681e-11  7.299619663817e-02 
-2.041575409907e-11  1.480304019866e-11  2.641534726352e+00 
 5.206683673289e-02 -3.820020807604e-02 -2.034471420114e+00 
 5.140303710219e-12 -3.758091387768e-11  3.163980665423e-01 
 5.295517602812e-12  4.038854022828e-11  1.849487183385e+00 
 5.125821612774e-02  3.395440189129e-01 -3.827890791374e-02 
-7.246031731729e-01 -3.827890791553e-02 -7.246031731524e-01 
 5.125821612545e-02  3.395440188665e-01 
 3.653029209290e-12 -1.997484015662e-12 -3.066812326500e-10 
 1.869391460482e-06  1.010664308364e+00 -1.783167184755e-10 
-1.217628712172e-06 -1.156889496599e+00  1.062614355005e-10 
-8.003311552178e-12 -5.149218119107e-12  7.279465004842e-11 
-1.332526082287e-06  2.060163825216e-01  3.833346607387e-11 
 9.631149807259e-07  3.848416901722e-02 -2.926800435023e-10 
-3.902606232971e-07 -7.321846187010e-07 -3.558614391741e-07 
 1.259002654615e-06  3.559082907499e-07 -1.258910910722e-06 
 3.903518299703e-07  7.322246746123e-07 
 2.479382807699e-02 -5.070496225364e-01 -1.031136983533e+00 
 4.374382583060e-11 -1.985997236566e-10 -9.915358295987e-01 
-1.037636829884e-10  2.588285030551e-10  2.352255997919e-01 
-5.547117644542e-02  4.986062830624e-02  4.023973752334e-01 
 1.830565841736e-11  4.181499711002e-11  1.130188826077e-01 
-2.400284077330e-11 -1.110315148578e-10 -1.675430990866e+00 
 7.481379522419e-02  1.712784515140e-02  1.062923653855e-01 
 3.064941516753e-01  1.062923653407e-01  3.064941516442e-01 
 7.481379516367e-02  1.712784509986e-02 
 2.621967771749e-12 -1.700147859309e-11 -8.811881921154e-11 
-6.395158409253e-01 -3.474660451987e-07 -5.922030651037e-11 
 1.746461882001e+00 -2.945613507103e-06  3.769754748188e-11 
-4.179639268610e-12  8.068636642621e-12  1.851299061591e-11 
-1.113692323279e-01  1.809773909128e-06 -8.905362047044e-12 
 1.837824821259e-01  6.696172235837e-07 -9.717494489900e-11 
-4.402275359110e-01 -5.269323525292e-01 -3.678326687058e-01 
-3.534259372823e-02  3.678326687508e-01  3.534259374310e-02 
 4.402275359598e-01  5.269323525266e-01 
 5.742645468282e-02  1.191364426605e+00 -2.397064137704e+00 
 3.412269372382e-11 -1.200443158449e-10 -1.061672772455e-01 
-7.816188451789e-11  2.515764786279e-10  4.858361348357e-01 
-5.977822223782e-03  2.755839148161e-01 -1.353411504226e-01 
-1.392532109689e-12  2.758321789401e-10 -2.176124074839e-01 
-4.691766459283e-12 -3.819533094741e-10 -4.340564094414e-02 
 6.214457650926e-01  3.580807839674e-01  1.426297566176e-01 
 5.556501874037e-02  1.426297566150e-01  5.556501872237e-02 
 6.214457650821e-01  3.580807838810e-01 
 3.376403222042e-11  1.819804350986e-10 -5.533812542876e-10 
-7.390044191300e-07  2.198943439979e-01 -1.443403572464e-10 
 3.263042124791e-06 -6.389451426632e-01  2.237340608352e-10 
-1.221339530991e-11  1.343074492552e-10 -9.918085347908e-11 
 2.009913123431e-06 -9.683420727207e-01 -1.716085139092e-10 
-1.220665516931e-06  1.282048619287e+00  2.266181682050e-11 
-9.763691901964e-07 -1.091479776157e-06 -1.508405520740e-06 
-1.996993184866e-08  1.508447462924e-06  2.001665359753e-08 
 9.767964422807e-07  1.091650010892e-06 
 6.724511339036e-02 -4.764525296370e-01  1.272762367203e+00 
-2.897911089421e-11 -1.041045234085e-11 -3.391089940240e-01 
 8.457208453066e-11  5.008811577197e-11  5.129137341394e-01 
-7.090433015733e-02  1.645843830135e-01 -8.307625180669e-02 
-5.305469592441e-11  9.743286628358e-11 -5.123002106193e-01 
 3.381549032409e-11 -1.257974188073e-10  1.246766950855e+00 
 1.692749098521e-01 -2.197461527778e-01 -7.530000696914e-01 
 1.739412260587e-02 -7.530000697756e-01  1.739412274398e-02 
 1.692749098373e-01 -2.197461526636e-01 
-3.453574992156e-12  9.992876427335e-11 -2.124661628746e-10 
-1.007139382322e+00  2.647213074385e-06 -2.999671274611e-12 
 2.308390171562e+00 -4.585749855938e-06 -4.472649644772e-12 
 8.030069410460e-13  2.073948279026e-11 -1.008549237879e-11 
 1.054733975468e-01 -3.328549330493e-07  4.007731569307e-11 
-9.202286458400e-01 -2.503646790261e-07 -7.028737771267e-11 
 6.273199716997e-01 -1.790840146671e+00  3.448387398356e-01 
-2.629369659716e-02 -3.448387398346e-01  2.629369666246e-02 
-6.273199717421e-01  1.790840146789e+00 
 1.534734970258e-11 -4.955520953507e-10  1.116636938177e-09 
-4.357525825211e-02  5.443483513967e-07  7.329156275942e-11 
 5.068705894482e-01 -3.894419812040e-07  2.632652928234e-11 
 9.326061208167e-12 -9.301719932774e-11 -8.894416779569e-11 
 1.057064752109e+00  2.856897736243e-06 -1.883936061153e-10 
-1.705205876239e+00 -4.301561470413e-06  3.203382852082e-10 
 4.323416069012e-02 -2.588360971862e-01 -4.817295985211e-01 
 1.320152169225e+00  4.817295987545e-01 -1.320152169595e+00 
-4.323416036269e-02  2.588360964634e-01 
-3.997025903494e-02  1.439047003709e+00 -3.038502897753e+00 
 2.752612085219e-11  1.163418142031e-12 -2.989123156351e-01 
 9.640572802971e-11 -2.181445514190e-11  1.135761248424e-01 
-3.239977156550e-02  2.893618531855e-01  1.845139688304e-01 
 3.453362002185e-10 -5.291424051070e-11  3.877072892239e-01 
-5.475491971233e-10  6.701532439261e-11 -5.874898847718e-01 
-5.108032984611e-01  1.107935613196e+00 -4.403635674721e-01 
 4.836569054937e-01 -4.403635671155e-01  4.836569045960e-01 
-5.108032984016e-01  1.107935613209e+00 
-7.568498922108e-04  3.738860913214e-01  7.052088130579e-04 
-4.140801231477e-12 -4.504795932864e-13 -5.809025006131e-01 
-6.092192155724e-11  1.243022025984e-11  1.208158289786e+00 
 3.049469722320e-02 -4.336350465204e-01  3.504431097912e-01 
-2.970567122255e-11  3.057650533871e-11 -8.480212416418e-01 
 9.939031347320e-11 -3.898045319747e-11  1.485534871447e+00 
-4.456466205058e-01  8.136293701434e-01  3.718204978815e-01 
-9.617139886830e-01  3.718204978701e-01 -9.617139885728e-01 
-4.456466205379e-01  8.136293701029e-01 
-5.168605597902e-03 -4.279951109807e-01  3.317299407819e+00 
 1.769138074992e-12  9.054409824153e-12 -6.086187275288e-03 
-8.707434694771e-11  1.079320209283e-12  1.528631345105e+00 
 8.122221242603e-03  1.969279429171e+00 -5.030429908893e+00 
-2.144950437672e-11  3.242122403595e-11 -2.484285270906e-01 
 9.013627562159e-11 -3.796737238314e-11  1.363797784699e+00 
-2.111513098784e-01 -7.801210599115e-02  2.823750612196e-01 
 3.193936751207e-01  2.823750612718e-01  3.193936751594e-01 
-2.111513099160e-01 -7.801210605057e-02 
 4.101581058119e-13  1.405729090685e-11 -1.083411584960e-10 
-2.195809696627e-02 -6.187455547176e-07  4.640509597907e-12 
-2.717358206981e+00  3.549914624149e-06 -5.480982692611e-11 
-2.123828833489e-12 -4.692235532628e-11  1.450022188663e-10 
-3.670866486318e-01 -2.118602196910e-07  1.982620006513e-11 
 2.833381337126e+00  3.317446098815e-06 -5.248374838077e-11 
 6.845044181253e-01  9.105022909891e-01 -8.792875217526e-01 
-5.502253119809e-01  8.792875217002e-01  5.502253119965e-01 
-6.845044181026e-01 -9.105022909956e-01 
orbocc
(*)
 0.000000000000e+00  0.000000000000e+00  0.000000000000e+00 
 0.000000000000e+00  0.000000000000e+00  0.000000000000e+00 
 0.000000000000e+00  0.000000000000e+00  0.000000000000e+00 
 0.000000000000e+00  0.000000000000e+00  0.000000000000e+00 
 0.000000000000e+00  0.000000000000e+00  0.000000000000e+00 
 0.000000000000e+00  0.000000000000e+00  0.000000000000e+00 
 0.000000000000e+00  0.000000000000e+00  0.000000000000e+00 
 0.000000000000e+00  0.000000000000e+00  0.000000000000e+00 
 0.000000000000e+00  0.000000000000e+00 