2mocoef
header
1
MO-coefficients from MOLCAS
1
48   48
a
mocoef
(*)
 1.687439614178e-05 -2.393847428892e-04  2.892893231872e-03 
 2.016852639990e-05  6.411679105864e-06 -3.582577882634e-04 
-2.177106745989e-04  8.540187552304e-06  1.629273938653e-03 
-6.552251763041e-05  3.076217421761e-05 -5.523678033189e-04 
 7.769511654979e-05  1.456543040112e-04  1.001356940045e+00 
 7.237708903883e-03 -7.407210004112e-03  4.205210084568e-05 
 4.557831072869e-04 -2.723533441081e-04  6.306135212919e-05 
-2.723027108699e-04  1.997422725078e-03  1.195900101031e-04 
 1.206901798355e-04  3.415892709897e-04  1.215260655236e-04 
 3.397444487115e-04 -2.979903660723e-04  3.000700930110e-04 
-6.661830262000e-05  1.924880061262e-05 -1.789599070294e-04 
-1.130678194906e-03  8.602923238938e-04  6.784953336822e-04 
 2.015300177938e-04  2.462203915175e-04 -5.933998201551e-04 
 5.381038178584e-04 -6.334455202195e-04 -1.591642967369e-05 
 1.578873333061e-04 -5.440262784590e-04  2.252053865273e-04 
-5.870733691581e-05 -3.280930606968e-08 -8.938580840436e-05 
 1.001246159677e+00  7.824617337806e-03 -4.518184293835e-03 
 9.941794077344e-05  1.414627948421e-04  1.698623309414e-03 
-2.754986181348e-04 -9.055490980178e-05  6.024240984124e-04 
-8.905503267107e-05  4.365161376029e-06  4.565719439721e-04 
-2.729006313652e-04  5.873352506166e-04 -1.574537366605e-04 
 4.812417876983e-04 -2.690278053588e-03 -3.291563102225e-05 
-8.524484513645e-05 -9.068446189630e-05  1.869626760308e-04 
 1.805650051764e-05  2.128394660050e-03 -4.873305993877e-05 
 1.107268405749e-05 -2.724514705490e-04 -1.040406192434e-04 
-3.045098636737e-04 -1.027920215664e-03  1.909023628553e-03 
 4.211317201264e-04 -2.365661683863e-05 -3.279054214778e-04 
 2.088705871107e-04 -2.780119715536e-04 -6.606762593411e-06 
-2.464841716744e-05 -4.474833123046e-04  2.923623898508e-04 
-2.527528078599e-04 -2.709335442698e-05 -6.956398539732e-06 
-4.284299845631e-04 -7.297902489951e-04  1.343478591093e-03 
-4.185213184055e-04  7.046214080559e-05 -3.247715863042e-04 
-1.241727538348e-02  3.752681908289e-01 -1.482007083573e-01 
-1.726121199446e-03  2.261725639799e-03  1.721391391920e-01 
 1.432608644106e-03  1.509695176702e-03 -8.322395515162e-02 
 5.032130941025e-04  1.475578677680e-03  2.864697183251e-02 
-3.710080384256e-04 -1.579561490612e-03 -1.669576067963e-02 
 7.971676388214e-01 -1.836187397797e-01 -3.670245332800e-04 
 2.466674370533e-02 -3.257912381663e-02 -4.470376537717e-03 
-1.324769324197e-02 -3.587949687394e-02  5.582204920377e-04 
 9.925217739036e-05  1.064050385337e-02  1.305921713106e-03 
 3.423188881203e-03  8.996205260182e-02 -4.766154156561e-02 
-6.966244776291e-03  5.198935279383e-04  8.146892262766e-03 
 3.182803524351e-01 -1.527241355949e-01 -2.770865359505e-02 
-6.702908512944e-03 -1.924560607360e-02  2.926287595807e-01 
-1.409521958624e-01  2.980529098535e-02  2.511609172711e-03 
-1.646405172383e-02  8.792287272565e-02 -4.543174120451e-02 
 9.059735444540e-03 -1.433661161936e-03  5.784766714300e-03 
 7.078434810212e-03 -6.919901430691e-01  1.571548306860e-01 
-9.109990482643e-03 -5.927707565059e-04 -3.936556290988e-02 
 1.096145654500e-02 -1.491084009182e-03  3.503117068731e-02 
 5.732428317837e-04  1.957961528610e-03 -5.188950609442e-03 
 3.563381878957e-03 -5.635861853834e-03 -4.077769532953e-03 
 2.312837326530e-01 -5.467077074712e-02  4.331561839421e-02 
 3.895065293718e-02  4.724154618390e-01 -1.759790606320e-02 
-1.380019425550e-02 -1.207856119548e-01  1.859333191550e-03 
 2.787765643515e-03 -1.726831655906e-02  2.690221106301e-03 
 3.485835156696e-03 -2.838142407251e-01  1.338397926465e-01 
 1.854951783039e-02 -1.458866313432e-03 -1.266673023278e-02 
 3.799914827286e-01 -1.729963987314e-01 -2.780412553832e-02 
-6.863224947848e-03 -1.207970132607e-02  2.717376625440e-01 
-1.250819027119e-01  2.587757469020e-02  2.560002986062e-03 
-4.707632766786e-03 -2.396953986618e-01  1.172455533605e-01 
-1.917058647827e-02  2.265387533901e-03 -7.844174054908e-03 
-1.384482928335e-03  6.726170891403e-02 -1.299406363577e-02 
 2.469331613032e-01  7.943400482231e-03 -5.091877157896e-02 
-3.642583069889e-02 -3.412384233086e-03  9.327297450113e-03 
 6.961995271357e-04  3.465318116581e-03 -2.810860098487e-03 
 3.141976068449e-02 -8.794437338203e-04 -1.157603706502e-03 
-2.587000536873e-02 -1.239274384612e-03  6.852157859639e-01 
 8.620068561127e-02  3.462432977288e-02 -1.414598256234e-01 
-2.116181781576e-02 -1.682811074783e-02  4.837248191701e-03 
 2.511353900539e-03  1.819215952073e-03  9.474370639597e-03 
-1.656681995027e-03  1.938881351085e-01 -1.028588923644e-01 
-1.442289215864e-02  1.640823055154e-03  5.857546782212e-03 
 4.900658868086e-01 -2.129285412718e-01 -1.467776483453e-02 
-7.254151426878e-03 -2.719736994129e-02 -5.014480543189e-01 
 2.177799635388e-01 -2.042537601113e-02  5.950794918546e-04 
 2.899363085416e-02 -9.546796840076e-02  5.552504240901e-02 
-6.516700465018e-03  1.366300821016e-03 -2.484332939260e-03 
-4.788708191914e-03  1.638310330293e-01  8.000878113063e-02 
-3.958881329381e-01  6.542342776538e-02 -4.750386062086e-01 
 5.563347696356e-02 -1.450426804745e-02  1.388324210303e-01 
-3.258901799631e-03  2.476212640324e-03 -3.208421608157e-02 
 8.940246956746e-03  1.040334035107e-02 -2.799551495421e-03 
-1.630106257115e-01 -1.563881001417e-02  9.395522138492e-02 
 8.593843437164e-02  4.302752764494e-01 -1.699256196703e-02 
-1.719322085776e-02 -7.735135932277e-02  2.022601914069e-03 
 1.123371630845e-03 -9.675284247763e-03  1.783337948227e-02 
 3.430228892160e-03 -2.408076861263e-02  4.922621701569e-03 
-6.530710227849e-03  1.130902565200e-03 -8.233516653100e-03 
 2.862935060058e-01 -9.707032252575e-02 -1.297104510139e-02 
-2.112655563907e-03 -1.265453982820e-03  2.684432099420e-02 
-2.436691282595e-02  9.456495976741e-03  2.793093049811e-03 
 7.240777275631e-03  6.091746774433e-01 -2.290784050976e-01 
 2.915850624823e-02 -3.440895762754e-03  9.785497402992e-03 
-2.095433999944e-04 -1.247554348567e-03 -8.069585984420e-03 
 8.467281010604e-02  4.651950401923e-01  4.178808722800e-02 
 2.370926633261e-03 -6.474245582194e-02 -8.731465122732e-03 
-8.940189981856e-04  3.513655298979e-02  3.108515007629e-03 
-8.053734285535e-03 -8.550342758346e-04 -1.330366045084e-03 
-4.407830554841e-02 -9.984548152659e-03 -1.323480607501e-01 
 7.606925438521e-01 -6.043024600101e-02 -2.982205918244e-03 
-4.138823018522e-03  3.542809438502e-04 -1.353811541572e-03 
-1.739417064674e-02 -1.301791323229e-03 -4.219186590244e-03 
-2.572104873341e-03  4.160318556589e-02 -1.418491526075e-02 
 1.279697801364e-03  1.190788358858e-02  1.802853797406e-03 
-1.106011208218e-02 -5.588761122101e-03 -6.203760232801e-03 
 2.118494994445e-02 -2.976829609192e-03  4.193363584586e-02 
-9.557512595871e-03 -1.098135944279e-03  2.128382746467e-02 
-3.055829953305e-03 -6.798095449343e-02  1.928215423265e-02 
-3.446014995425e-04  1.052903463892e-02 -9.156800490308e-04 
 4.505424560413e-03 -1.019930723714e-01 -4.336041916641e-02 
-4.867218068708e-01  4.543083734704e-02  3.801813878592e-01 
 8.836265932602e-02 -1.291926121206e-02 -1.151048222664e-01 
-4.333338804703e-04  1.183214926834e-03  2.084523245928e-02 
 1.895402995568e-02 -5.054414236548e-03  1.546663429786e-03 
 9.315159598389e-02 -2.834164779297e-03  2.483013469125e-01 
 5.628736055586e-02 -3.327687835586e-01 -4.482611205826e-02 
-1.009501146440e-02  6.126614478002e-02  7.318824722150e-04 
-1.171429401871e-03  9.224221782572e-03  2.181119466450e-02 
-4.170078588269e-03 -6.294195018460e-01  2.471467633111e-01 
 2.588424525349e-02 -1.785393852252e-03 -1.710545719894e-02 
 9.013866486198e-02 -1.915917797519e-02  6.820504924030e-03 
 9.521775829275e-04 -1.176542642760e-02 -3.651937865157e-01 
 1.262633697833e-01 -1.566300255197e-02  2.199509891345e-04 
 6.864297372955e-03  2.420311649926e-01 -8.253708436269e-02 
 5.605717891575e-03 -1.073271530835e-03  1.177034890197e-02 
 2.459464427295e-03  3.876983642305e-02 -1.293719861136e-02 
-7.884319527681e-02 -8.867679355631e-01 -4.809454465995e-03 
-4.075588838853e-03 -7.735580596698e-02 -1.139372717139e-02 
 1.197353623161e-03  2.130669590284e-02  4.701084389340e-04 
-7.157804779165e-03 -5.545212737240e-04 -1.141731402906e-03 
-4.007145562960e-02 -1.494926486312e-02 -6.304569110399e-02 
 5.570383162375e-01 -2.766485567786e-02 -1.925424426828e-02 
 1.257155636977e-01 -1.111277260366e-02  3.740579220622e-04 
 2.802518871643e-02  8.502693377692e-04  7.160251317100e-03 
-3.643446585638e-04  2.916828812976e-02 -1.049749764833e-02 
-2.692575526454e-03 -2.600118361566e-02 -2.726563770358e-04 
 8.598663170811e-02 -1.107637867688e-02 -4.020022587747e-03 
 1.771828793705e-02 -1.038097394573e-03 -2.349703093404e-02 
-4.026538586299e-03 -7.558051289860e-04  1.800096584950e-02 
-1.055678593623e-03 -6.113695691093e-02  8.293061942650e-03 
-4.107295637720e-03 -2.327446199308e-02 -2.617484600617e-04 
 2.150773824146e-02 -1.744155344084e-01 -9.263678206736e-01 
 1.386224650054e-01 -3.327784201593e-02  2.042580728767e-01 
 2.194869727417e-01 -4.183875385666e-02  2.567271010332e-01 
 1.655299369947e-03 -1.355437260158e-04 -5.710004948614e-03 
 1.040112624455e-02 -3.452926610451e-04  2.446512977275e-02 
-1.866831639730e-01 -8.290750262038e-01  9.994062222988e-02 
-3.405302941103e-03 -1.510814797373e-01  7.906712970493e-02 
 7.237699150758e-04 -2.646873665867e-01 -3.753429360852e-03 
-2.598048281959e-03 -1.004245809641e-02 -9.754922608621e-03 
-3.894782210491e-03  4.525927327243e-02  3.696514426088e-01 
 4.020206893146e-03 -9.862915217276e-04  1.288444698703e-02 
 3.190817393381e-02  4.191493641399e-01 -8.609568337774e-03 
-3.688945266051e-03 -8.245628441310e-03  1.472589523149e-01 
 8.507301456564e-01  7.169309468992e-03  2.103119276966e-03 
-4.606462386922e-03  1.573582613195e-01  8.912934638822e-01 
-3.404906181590e-03 -8.329880257830e-04  1.041953157501e-02 
 2.576843040647e-02 -2.944217474522e-01 -9.912688837716e-01 
 1.065339713808e-01 -2.613644662740e-02  7.649312834828e-02 
 1.384266824695e-01 -5.238615998320e-02  2.803764798193e-01 
-2.523188824309e-03  1.148753250189e-03  9.773249657443e-03 
 5.068671212444e-03  1.620799093216e-03 -2.335380401269e-02 
 2.233290527873e-01  8.453955026527e-01  4.175485058722e-02 
 4.699008661789e-02  8.394892414818e-02  5.056869302381e-02 
 6.149156735569e-02  1.848685688833e-01  9.936511136868e-04 
 3.280705999643e-03 -6.398410107233e-03 -2.942806494476e-03 
 1.189275638456e-02  1.457514799361e-01  6.399521850811e-01 
-2.942552686756e-03 -1.556429879441e-03 -1.262315114505e-03 
-1.182479260874e-01 -9.289177490618e-01  1.764088209563e-02 
 3.018140223822e-03 -2.827609285844e-03 -5.576427900223e-02 
-5.288452274664e-01 -1.663232682230e-02  5.008571561280e-04 
-7.700396009628e-03  1.766027295592e-01  1.038511561593e+00 
 9.941501293731e-05  2.207552404095e-04 -2.521865915858e-03 
-1.244647167070e-02  1.387304125881e-01  6.421302456404e-01 
 3.174018719457e-01 -3.107197250918e-02 -8.824019661687e-02 
 6.181264177829e-01 -9.253747845832e-02 -2.321995256425e-01 
-1.216461707838e-03  7.909305748531e-04 -4.295465187668e-03 
 1.698512195860e-02  2.993112204617e-03 -5.598639633878e-03 
-9.290548433376e-03  1.733246161378e-01  2.702850535560e-01 
 5.794482960787e-02  4.618075613708e-02  2.556713162546e-01 
 9.346560498983e-02  6.092371523657e-02  1.687155006177e-03 
 8.400351931188e-04  4.457440569510e-03 -2.196279519404e-02 
 1.776608254741e-03 -1.339582893491e-01 -1.450358708350e+00 
 2.067976957486e-03 -2.057542033902e-03 -2.869687080779e-03 
-1.240938086835e-01 -9.816738472544e-01  2.781318350907e-03 
 7.018578799499e-04  4.138257509921e-03  1.446825944941e-01 
 8.042536177704e-01 -1.113245118871e-03  6.197644281744e-04 
 5.575262692203e-03  4.085136724696e-02  4.743569090635e-01 
 3.886920409358e-04 -3.068440671511e-04 -2.085164375823e-03 
-3.236557671752e-03  6.276250064226e-03  1.627777917011e-01 
 3.407506705893e-01 -6.283988162849e-02 -4.320547352723e-03 
 1.041667437166e+00 -6.587879798205e-02 -2.893360597141e-02 
 1.248720141441e-03 -1.633915109037e-03 -3.231914399344e-03 
 3.714255354020e-03  3.502719516206e-03 -2.198502206204e-03 
-1.512346967901e-02 -2.250080522816e-03 -3.211458379918e-01 
-4.193424679052e-02  2.376337833912e-02 -6.645520089487e-01 
-4.777500430124e-02  1.227678777861e-02 -5.137181436427e-03 
 4.571843022806e-04 -1.320062947148e-03 -2.759046621926e-02 
 2.219228248227e-03 -1.346686107151e-03 -1.483958946315e+00 
 3.566309929551e-03 -7.989893501395e-04  2.747893139208e-03 
 2.142789798451e-02  1.215385032996e+00 -8.964513832083e-03 
-3.233309408581e-03 -1.607209374564e-02 -3.107217146175e-02 
-1.287652470472e+00 -1.248821469409e-02  1.309987456843e-03 
 1.428370118624e-02  5.776348141455e-02  1.325904874919e+00 
-1.925270774046e-04 -1.035605172006e-04 -2.727457066016e-04 
 6.082766957624e-02  4.874043564922e-02 -2.110602292031e+00 
 1.172841967902e-02 -8.908469621131e-03 -9.909792655170e-02 
 1.312006472370e-01  2.662758431474e-02 -2.304808695843e+00 
 1.134206282847e-02 -1.963994881434e-03 -9.959925024279e-03 
 2.325094949250e-03 -4.647233686611e-02 -5.168990790834e-02 
 5.408081882222e-02  1.804661520771e+00  2.381973207044e-03 
-1.768962472197e-02 -3.587556977634e-01 -1.561756529061e-02 
-1.729265361260e-02 -1.217098035229e+00  4.021006506238e-03 
-1.381351065543e-03  2.568741587565e-02  4.574874906553e-04 
 6.742263530732e-03 -1.377562682074e-01 -2.777331700963e-01 
-2.723502342478e-02  3.284732171242e-03 -1.148847832948e-02 
-1.662287335166e-02  6.910412782832e-01 -4.817220518375e-03 
 3.861697359328e-04  2.350734735463e-02 -2.781748111287e-02 
 5.303555652053e-01  4.840110230597e-03  4.460940221757e-04 
 2.252604965758e-02 -2.824895753524e-01  2.985920192248e-01 
 1.928332926460e-02 -3.214878485302e-03 -8.179634626276e-03 
 4.423003530780e-02  1.007312086656e-01 -2.948733151158e-01 
 4.925057577257e-02 -1.935799245760e-02 -3.005467292658e-02 
-3.653895775637e-01  1.315718233463e-01  1.143049976107e-01 
 2.779097409012e-04 -8.340107722821e-03  1.527557097527e-02 
-2.141808407278e-01  5.565945752956e-02  1.997903897332e-02 
 1.196785649741e-01 -1.586205885208e-01 -4.781322800310e-02 
-7.643986219696e-02 -5.423665258115e-02 -1.504119678605e-01 
-3.903691974869e-02 -5.214608403640e-02  1.283004973637e-02 
 1.180517906326e-02  1.045839319317e-04  1.153022204434e-01 
-1.232941930204e-02  1.250580446141e+00 -1.040786671314e+00 
 4.920409743587e-02  3.253566039351e-03 -7.058869345359e-02 
 8.250751210059e-01 -6.587515507290e-01  3.059367312952e-02 
 4.471608185118e-03  8.214725116558e-02 -9.405449045340e-01 
 8.937055172983e-01  3.842034389088e-02 -9.444731482592e-03 
-9.756126662009e-02 -4.800859461859e-01  4.404126971680e-01 
-1.103167388995e-02  2.285156995330e-03  7.469631848303e-02 
-1.277227709469e-01 -2.938100658956e-01  9.584341178676e-01 
-6.170703568177e-02  1.744291480396e-02 -2.138389856259e-01 
 1.383191402100e-02  1.845684931817e-02  6.896585567891e-01 
 5.255803533157e-02  6.256751359366e-03  2.863448679479e-02 
-4.401431394602e-02 -2.451327715941e-01 -2.439510476383e-02 
-1.758550981629e-01 -3.419136888104e-01 -4.285435411278e-02 
-3.403933684227e-03  2.224291055245e-01 -2.187802624257e-04 
-1.895259596850e-02  2.914831745344e-01  2.629739993847e-03 
 9.322747362088e-04 -2.529766022593e-02  3.699448482269e-02 
-3.636906783918e-02 -9.220833249828e-01  8.478770581247e-01 
-8.904916856109e-02  1.118256946092e-02  9.494823247658e-03 
 7.834675580277e-02 -3.443937612050e-01  3.132890197220e-03 
 4.441751399367e-03  4.718993692391e-03 -3.693991767871e-01 
 1.044452309122e-01  1.946814471841e-02 -2.587696376948e-03 
-4.790946256920e-02 -1.585554892364e+00  1.578841568020e+00 
 1.054439146922e-01 -9.340652858873e-03  2.475836961894e-02 
 6.611902355237e-03  1.911974274536e-02 -7.693261263524e-03 
 1.425842080573e-01  1.386551068300e+00  6.166745912899e-02 
-1.968273610265e-01 -1.810384709765e+00 -6.206381511746e-02 
-6.014927277464e-04  5.620205433669e-02  4.213162503124e-03 
-1.918831142674e-02  1.139620000365e-03 -2.530537449426e-03 
-1.380728966397e-02  1.035665578983e-02 -7.412880496827e-02 
 1.707482032683e-01 -2.026621825266e-02  9.288262136346e-02 
 5.227383578872e-02  6.861503760019e-02  1.611714789681e-03 
-6.048096687179e-02  1.440404365486e-03  5.233751078205e-03 
-5.131488578687e-03  4.742796677311e-02 -6.150629071564e-02 
 9.139625856139e-03  3.026747280265e-02  8.412592386623e-04 
-5.193031814213e-02  1.098756157323e-01 -3.254965194865e-03 
-1.619377724140e-02  2.001329255077e-02 -7.278251656100e-02 
 2.493000893403e-03  1.072883114406e-02 -2.031443928373e-02 
-1.337769830321e-02 -2.468332552465e-02  5.847693609598e-02 
 6.157674836693e-03  1.391668417720e-02  1.416173489697e-03 
-1.942294117433e-01 -1.065360712759e+00  5.835313620809e-01 
-7.921646527154e-02  5.372185212701e-02 -1.261619297758e+00 
 5.224309686950e-02 -7.539031049241e-02  1.074871203408e+00 
 2.371546334089e-03  8.593954339605e-03  1.421420697129e-01 
 1.105195726752e-02  2.265574407787e-02  6.387863410659e-03 
 3.126071844237e-01 -3.890230696053e-01  2.717240313905e-02 
 2.275261748515e-02 -1.577707926007e-01  3.285248603007e-02 
-2.153156219325e-02 -5.931120716879e-01 -1.502144723093e-02 
-1.257743350487e-02 -1.560804889628e-01 -1.209796438699e-02 
-3.141294392503e-02  1.788803733131e-01 -1.648913085015e-01 
-3.438355721946e-02  1.844119986074e-03 -2.817877259732e-02 
-1.694827113302e-01  3.670945265685e-01  1.943808422409e-02 
-7.126138223159e-04 -1.671855854558e-01  7.784611200847e-02 
 1.046430613603e-01 -2.606551793607e-02 -2.991229096282e-03 
-1.361257352751e-01  2.044210999398e-01 -2.142793695490e-01 
 3.022648688346e-02 -7.418427165549e-03 -2.774233390916e-02 
-1.081601031527e-01 -5.642162176092e-01  1.103461390148e+00 
 6.231095446324e-01 -1.384095428328e-01  1.021242436909e-01 
-1.313747014844e+00  2.096081067048e-01  6.878367719236e-03 
-4.004355030071e-02  7.918996612830e-03  2.658712296315e-02 
 8.463110515574e-02 -2.032821278993e-02  2.836307459932e-02 
 3.913699447144e-01 -4.474432426663e-01 -1.306198198158e-01 
 7.003141183506e-02  1.029739121856e-01  2.870935869984e-01 
-4.642541334153e-02  3.932805715286e-01 -4.653894703246e-02 
-1.693689867240e-02 -2.118089362140e-02 -4.091969388384e-03 
-1.691783027358e-01 -7.558102263669e-02  5.378474603944e-01 
-4.576225442722e-02 -5.807733586277e-03  3.174947335297e-02 
-1.151257906837e+00  8.167536305852e-01 -2.166273770474e-01 
-2.029155404064e-02 -2.862124234466e-03 -1.305048086009e+00 
 1.127857265481e+00  2.293848862232e-01  3.541478992817e-02 
-3.711250960338e-02  3.197591832209e-01 -1.153724378522e+00 
-1.226192181776e-01  1.934671059147e-02 -6.529999774775e-02 
 3.042207249853e-02  7.211835304603e-02  1.531663988352e-01 
-1.219510848380e+00  4.757848828321e-02  8.493924747383e-02 
 2.818813875720e+00 -1.687072413274e-01 -1.960907268703e-01 
-2.135108358245e-02  4.413599489492e-02  5.116202696648e-02 
-1.620775195111e-01  7.080666304028e-03  2.373474620234e-02 
 2.415728847327e-01 -1.541911159423e-01 -7.162235904356e-02 
 1.590528487201e-01  2.652097417057e-02 -1.353555986351e-01 
-1.451616702455e-01  2.417385631066e-01 -3.226005500073e-02 
-1.999095772051e-02 -1.276690904933e-03  2.484688797875e-02 
-7.543625274913e-02  1.446128894339e-01 -1.627525402321e+00 
 1.799394034504e-01 -2.332335855923e-02 -8.555715263177e-02 
-6.405125235755e-01  3.030289549844e-01 -9.992114073669e-02 
-1.702308403384e-02 -3.780452739296e-02 -5.709574409144e-01 
 6.379440876743e-01  1.337100740000e-01  2.414853963194e-02 
 4.224246652326e-02  4.968522263800e-02  1.312826479804e+00 
 1.645458489270e-01 -1.697776724769e-02  4.107816374928e-02 
 3.863439312942e-02  1.646797344856e-01 -3.249726160640e-01 
-1.093315025988e-01  1.667634271372e-01 -4.926018603752e-03 
 2.035588183060e-02 -5.720570142713e-01  7.351518754475e-02 
-1.243070674632e-02 -7.917791793287e-02 -3.256583817092e-03 
 3.242661903251e-02 -2.839133579169e-02 -1.610815689725e-03 
 6.226187975851e-02  7.483000647361e-02  6.037373001322e-01 
-1.153411133740e+00  9.229796654491e-02 -8.354142099217e-01 
 1.623908687157e+00 -7.564284528274e-03 -3.180753622650e-02 
 2.737397095750e-03 -1.693257833126e-03 -9.676724543920e-02 
-2.196580699869e-02  3.971494320156e-01 -2.641838363055e-01 
-1.298908038577e-02 -3.248338967001e-02 -4.553108978012e-02 
-5.448450683545e-01  8.092464610505e-01 -1.034116187918e-01 
-8.299728381790e-02 -7.543763257331e-02  8.067306778240e-03 
-5.234139388125e-01 -5.092990656081e-02  5.178391072784e-03 
 1.257369306863e-01 -3.137960505483e-01  3.938882379052e-01 
 8.763055075126e-03 -1.297636144458e-02  6.992629153076e-02 
 7.711245381385e-02  3.751860336369e-01 -1.050780518375e+00 
-5.919107507593e-02  8.936503679789e-02 -1.324015648621e-01 
 5.641973558877e-01 -3.660831190098e-01 -2.539473304578e-01 
-1.632107067377e-02 -1.270961720273e-01 -4.378408294456e-02 
 2.346954085103e-03  1.022880333231e-02  3.215699945314e-02 
 1.604325122257e-01  1.125129969168e-01 -7.878131883011e-01 
-7.196487999410e-01  1.691712633407e-01  1.189620817552e+00 
 1.085719261909e+00 -6.488547462778e-01  2.965999950852e-02 
 6.148281695303e-02  1.866054686809e-02  1.699950780681e-01 
-3.251813123005e-03 -6.168673101151e-01  3.823652175958e-01 
-1.689917209218e-03 -1.273895078702e-02  9.915049236891e-02 
 4.528727975726e-01 -1.097031654154e+00  1.401604316286e-01 
 6.122345650468e-02  1.913944088351e-01 -2.425918273229e-01 
 1.316929755015e+00  1.966165484191e-01  4.229823051603e-03 
-1.790471714752e-01  5.818367652884e-01 -2.223474043398e-01 
 4.527350734785e-02  9.204519167929e-03 -5.301502236085e-02 
 7.075697581858e-01  3.188345725747e+00 -5.456043583501e+00 
 7.253289129901e-02 -1.402926624358e-02 -5.288491010983e-01 
-2.894606885287e-01  6.444573896005e-02  8.169718801277e-01 
-1.141772831328e-03  2.055905660140e-02  1.150077211607e-01 
 7.400281710209e-02 -7.825901362158e-02  8.007901496919e-02 
 4.406821860606e-01 -2.762362328884e-01  5.807043471574e-02 
 1.838877625332e-01  5.318767862086e-02 -9.019953197115e-02 
-2.748662319136e-01 -4.188468628386e-01 -2.535449348059e-02 
-1.767867291264e-02  3.852630736598e-02 -1.841635867909e-02 
-1.125453718703e-02  7.611288918183e-02  1.331151928027e+00 
-1.982539364580e-01  1.060300236814e-02  1.173145018449e-01 
-1.214761465835e-01  4.218788507124e-01 -1.208602664984e-01 
-4.514013234833e-02  8.062096264299e-03 -4.002704114228e-02 
 4.845939398331e-02  8.236549702764e-02  2.433701269950e-02 
 4.888742075072e-02  2.211059240588e-02  8.884501553327e-01 
 1.433827906600e-01 -2.018747399496e-02  7.109489259067e-02 
 4.740251838631e-02  5.360697694589e-02  1.744067133553e+00 
 2.264384146159e-02 -1.639553726676e-02 -2.581960300247e-01 
-1.408812928391e-01 -4.212036919703e-02  1.764953009998e+00 
-1.090130866966e-01 -2.008582379704e-02  3.282911002690e-01 
 1.974965659500e-03 -9.162195864264e-02 -4.500510621230e-02 
-2.708331131130e-01 -1.978875202192e-01 -1.007509805716e-01 
-1.287450041641e-01 -1.095719586843e+00  2.386099714609e-01 
 2.877921616989e-01  3.023220489968e+00 -1.768600115651e-03 
 2.553009944720e-02 -6.432483933909e-02  2.994334133903e-02 
 2.285018436939e-02 -5.803160723324e-02  4.327488910213e-01 
-3.001736739924e-02 -5.127139172688e-02 -4.231145202651e-02 
-4.067580242922e-01 -9.226287918901e-01  1.774763226628e-01 
 5.381504872898e-02  1.683132138061e-01 -3.561863561975e-01 
-5.126868085534e-01 -1.296486046446e-01  2.084293080468e-02 
 9.418216487429e-02  1.732233776696e-02  1.710216116015e-01 
 2.708467730565e-02  5.889602170120e-02 -8.813966482060e-02 
-2.249568602357e-02 -6.369982743505e-02 -3.953624141750e-01 
 2.788063361965e-02  1.303465175604e-02  3.316083273879e-02 
-7.151067157528e-02  2.009129565163e-02 -4.524649934987e-01 
-6.103239511738e-01  3.559101355562e-02 -8.976601729296e-02 
-4.440797215855e-02 -9.224589215193e-02 -2.771756669685e-02 
-1.259192368027e-01  3.953407893426e-01  1.102276515826e-02 
 7.063052522718e-02  2.211462009579e-01  2.975031772229e-02 
-1.258069437596e-01 -6.941700197111e-01 -1.073030181976e-01 
-1.297063904666e-02  7.011661249711e-03  4.590627356904e-03 
 1.608841812452e-02 -2.537639454211e-03 -6.324686858012e-02 
-3.163868858042e-02 -3.024958466733e-01 -1.032634513348e-02 
 1.155032854010e-01  1.396207147772e-01  1.703671415714e-02 
-9.645097686361e-02  1.144881559362e-03  1.689665080558e-01 
 2.773275283685e-02 -2.422500358717e-02  7.502697557312e-02 
-3.142310493786e-02 -3.620986441625e-02 -7.529163922257e-02 
 2.855470220026e-02  3.471970639613e-01  4.593769304516e-02 
 2.598752828156e-02  1.270906046041e-01 -1.231801566443e-01 
 6.158719808718e-02 -1.938521309937e-01  4.804117323894e-02 
-1.293094624932e+00  3.437482374406e-01  5.894460630666e-02 
 5.137664550047e-02  5.295914628561e-01 -2.544035709836e-02 
-9.048184535778e-02  6.269356276347e-02 -4.859571291093e-02 
-2.276433496217e-01  3.877648858887e-01 -4.524489185356e-01 
-2.029676629801e-01  4.368627246915e-02  1.706886917226e+00 
 2.728924781099e-01  1.591845162601e-01 -2.261069096782e-02 
-1.653559472375e-01  1.353390145342e-02  1.645501635429e-02 
 3.010667017790e-02  4.452450447206e-01  2.549753794006e-01 
-2.485056259185e-03 -1.355766230882e-01 -4.179562898997e-02 
-8.522901177015e-01 -6.359855246185e-02  1.963885358622e-01 
-2.472297073250e-01  7.120855371696e-03  6.023491648062e-01 
 3.720143823650e-02  7.586080640542e-02 -1.206035935847e-01 
-4.085979713794e-02 -4.947493373244e-01 -1.485890643006e-01 
-3.288700345719e-02 -1.771942559427e-01  3.516771126264e-02 
 1.756853924649e-02  6.262717751239e-02 -2.234848669180e-02 
-4.531443543224e-02 -2.585297910051e-02 -7.467430937561e-03 
 1.031719733305e+00  3.912289770618e-02  1.975883370999e-02 
-2.065113975410e-02  2.983066085027e-01  3.517205984954e-02 
 1.164449447994e-01 -8.054715866818e-02  6.895916384804e-02 
 3.071415915129e-01 -4.939076550944e-01  2.633435892068e-01 
-1.244168531045e-01 -3.429823103618e-02 -1.236515508369e+00 
 2.221806028308e-02  4.216148276492e-03  2.355971133502e-01 
-9.650278880570e-02  6.157990454030e-03  1.559968521713e-02 
-6.019527239103e-02 -3.364436157729e-01 -1.533520751669e-01 
-2.595355938783e-02 -2.193677709774e-01  4.612207953209e-02 
 6.849904557752e-01 -8.073778573800e-02 -8.060633043116e-02 
 2.825011354237e-01 -5.142979154933e-02 -5.293444773817e-01 
 8.853461541380e-02  1.890230930692e-03 -5.795321639372e-01 
 1.938889388074e-02  4.674487093118e-01  9.525084102677e-02 
 6.057031461559e-03  3.519695033328e-02 -3.810391529585e-02 
 1.129548692273e-01  4.773647412670e-01 -1.557087524992e+00 
 2.686063037830e-02  1.667985251136e-02 -6.041956705030e-02 
-1.357126121247e+00 -2.690859637225e-02 -2.054575951504e-01 
-1.998586137891e-02 -2.441246328546e-01 -1.591086353662e-01 
-1.236822240827e-01 -8.501290670958e-02 -2.278912221976e-01 
-9.774802601546e-01  2.045503826932e+00 -3.956040152608e-01 
 4.829845202139e-02  1.535301935725e-01  1.658115301177e+00 
 7.649035611536e-02 -4.005852795248e-01  1.256657776195e-01 
 7.565751099017e-02 -1.885376845097e-03 -9.581504581094e-02 
-9.218444586113e-02  7.965266773850e-01  1.867572361898e-01 
-8.628733611671e-02  3.896510288633e-02 -1.962422234051e-01 
-1.013405522405e+00  1.330726985512e-01  9.624390733004e-02 
 4.651284441183e-01 -1.090759151866e-01  5.621839541693e-01 
-6.367544231817e-02  1.283933368617e-01 -1.864101080538e-01 
 1.929201128242e-01 -3.571639910359e-01 -9.424799647854e-02 
-1.585885827708e-02  1.470895422651e-01  1.207383576027e-01 
-1.491426727072e-01 -6.236111165217e-01  2.847483153712e+00 
 4.662836012757e-02  3.861200357071e-03  2.313129555770e-01 
-7.189538421812e-01 -2.098028934345e-02  1.368571325934e+00 
 2.101726280912e-02 -9.305009531304e-02  3.955875287530e-01 
-1.165606174094e-01 -1.924934288439e-01  6.691086027453e-01 
 2.777123197313e+00 -6.294885655466e+00 -1.947554266090e-01 
-2.053918344075e-02 -1.659745527844e-01  7.789591940387e-01 
 3.829621904344e-02  7.066304220947e-01  4.189213943379e-02 
 1.599461755901e-02  4.509252912010e-02 -4.885060180859e-02 
 6.438935726585e-02  2.129613168283e-01  7.134366115787e-02 
-4.748876817208e-03 -1.564581162167e-03 -1.429148082777e-01 
 6.307817473010e-01 -1.666751373004e-01 -1.438930436677e-01 
-6.906003835814e-02 -1.293907739508e-01  1.297163318380e+00 
-2.612285092528e-01  2.883840944384e-01 -4.826428254860e-02 
 1.587101280915e-02 -1.445215658338e-01 -3.197203813141e-01 
-8.467104461476e-02  9.800457370103e-02  2.561050353310e-02 
-1.593904161246e-03 -1.751141850910e-02  3.281852894236e-01 
 1.525719086828e-01 -2.489663127075e-02  8.683384191221e-02 
-1.935223742297e+00  1.572225277203e-01  4.778381278173e-01 
-3.578691090596e-02 -8.911837029087e-02  5.041567270967e-02 
 3.512863065379e-01  1.958147586739e-02  9.552643043424e-02 
 3.761206661896e-01 -1.059483958012e+00 -1.081317732691e-01 
 4.045369685351e-02  9.889834299495e-03  8.313649756907e-01 
-1.994355460912e-02  2.189053600471e-01  2.862858956879e-02 
 1.639157020459e-02 -8.100963929937e-03 -5.630139469007e-02 
-1.202942470859e-02  1.268744684263e+00  1.200758564256e-02 
 3.748022068913e-01 -6.173592725651e-02  3.262462802778e-01 
-2.433006343605e-01  9.783804689711e-02 -3.165404504360e-02 
 6.218851020743e-02  3.439729494028e-02  4.315121772134e-01 
-1.543775195757e-01  3.790677585632e-02 -5.379258300758e-02 
-1.190725214359e-01 -1.165166309588e+00  8.529202290707e-02 
 3.437472887637e-01  3.521985631295e-02 -4.589489895217e-01 
-2.477373950497e-01 -1.036481179603e+00  1.969459609152e+00 
 9.037850991352e-02 -9.098234881090e-03 -6.028597185969e-02 
-2.824491006484e-01  1.961423870555e-02 -2.438114421941e-01 
-1.390182242054e-01 -7.898873049764e-02  1.378347507727e-01 
-2.036484801380e-03  6.949174661517e-01  2.518180114989e-02 
 1.520320405449e-01 -3.550361411676e-01 -2.051254244150e-02 
 1.488434184217e-02 -2.675619941524e-01  1.926016155528e-01 
 2.689528284773e-02  5.532138840231e-01  1.703014315597e-02 
 1.640402017963e-02 -4.687926026341e-03 -1.997799080648e-02 
 1.722835093884e-01 -8.371639051017e-01  3.527253955221e-01 
 5.152775991363e-02 -2.008386044250e-02  3.269092167979e-01 
-2.194784966015e-01  1.232327165859e-02 -7.748109958140e-02 
 1.052649447277e-01 -4.183122243201e-04 -3.413165632064e-02 
-1.294861951023e-02  1.477041358982e-01 -1.067637161365e-01 
 7.389936618215e-02 -1.030431218254e+00  3.917198103696e-01 
 9.525379890593e-03  2.838582378681e-02  4.863046543900e-01 
 6.944357673093e-02  2.471711428259e-01 -5.589000484660e-01 
-3.556218946326e-02 -2.721847346155e-01 -1.093490171077e-01 
 6.240990339835e-02 -4.191748362004e-01 -2.697732490446e-01 
 8.127556729379e-02  9.414684957685e-02 -1.798069672244e-01 
-1.108388607651e-01 -7.235343824161e-02 -3.577299795887e-03 
 5.190632240725e-02  5.664034679681e-01  1.979634151747e-02 
-5.676661217781e-02 -1.714532924290e-01 -7.738423489095e-02 
 5.714318214997e-01  1.460784459222e-01  1.498800621211e-02 
-1.466285978845e-01 -1.269158171875e-02  6.149415610793e-02 
-6.260285713783e-03 -1.106640664882e-01  6.815008593558e-02 
 1.299535236681e-01  6.456838278050e-01  2.170416485329e-01 
-3.058826897215e-01  1.580709635041e-01  1.587777580369e-01 
-3.036079526268e-01 -9.120960411449e-02 -1.833280863770e-01 
 6.609377579316e-02  1.166098184925e-03 -2.733481063594e-01 
 6.250921725297e-02  1.849011126296e-01 -8.796823268210e-02 
 4.781649583082e-02  6.987823047239e-01 -1.212312142900e-03 
 1.012438500921e-01  2.593525886024e-01 -1.485880350734e+00 
 1.355542575364e-02  1.024868445645e-01 -4.927132318619e-01 
-1.748082698449e-01  1.470803261201e-01 -7.872291668992e-01 
 4.217570251679e-02 -2.823406657966e-03 -6.023109015961e-01 
-2.082905364261e-01 -3.944984720468e-01  2.066448377328e-01 
 1.029451973646e+00  2.554727725159e-01 -3.284561104316e-03 
 3.709164518709e-02 -5.481544762603e-01 -7.978459151981e-03 
-2.405060901418e-01 -4.035599356215e-01 -8.705986690509e-03 
 3.497592721354e-02 -3.907564926930e-02  6.746058294047e-02 
-1.105646167359e-01  8.874466684378e-02  3.210587326715e-02 
 2.507077489614e-01 -2.206328671053e-01  5.398672282199e-01 
 1.152137168398e-01  1.662822177618e-01  1.374067890389e-01 
 8.144341567920e-02 -7.575237129814e-02  1.694863734834e-01 
 2.699303918546e-02  5.055710810783e-02  1.612234576289e-01 
 3.451223588921e-01  2.357793877815e-01 -2.627113429479e-01 
-1.475639686848e-01 -2.262952578601e-01  1.636662064870e-01 
 2.097644028442e-02  3.129778535501e-03 -7.700038673762e-01 
-4.114051836843e-02 -5.950111352810e-02 -3.151125591165e-01 
 7.049337170957e-02  1.293998961091e-01 -3.629170827889e-01 
 5.638634655612e-02  4.780593138693e-01 -2.139148267341e-01 
 3.949051988739e-01 -1.841505933171e-01  1.196968555853e-01 
 5.505335555844e-01 -3.028647187958e-02 -1.968123676049e-02 
-1.134593034504e-01 -1.699836012368e-01  2.824171426768e-01 
-3.576023211687e-01 -6.061332147561e-01 -2.371506628179e-02 
 3.989626292799e-02 -9.444193618521e-03 -1.826387037998e-01 
-6.158603355732e-02  4.435603208240e-01 -4.383041255400e-01 
 1.184392259253e-01  2.299947486210e-01 -1.491456079267e-01 
 3.466221293482e-01 -1.316317373525e-01 -2.478900007660e-01 
 3.034645554522e-01  4.983600514820e-01  3.014185070593e-01 
 7.404773809868e-02 -1.228321375148e-01  2.746039767406e-01 
-2.049787553523e-01 -6.282140566349e-02  1.397291471885e-01 
-6.452776615682e-02  2.189699426164e-01  4.939808695877e-01 
 8.535503767317e-03 -2.388634667625e-02 -6.588037928143e-01 
-3.376074861204e-02 -5.630610431700e-02 -2.702300578946e-01 
 2.519196264800e-02 -1.724197314983e-01 -2.585779907133e-01 
-4.262516713151e-01 -4.998676462240e-01 -1.986934834822e-01 
 9.749822592438e-02 -2.069111273010e-01  4.550460399374e-03 
 7.804015773642e-02  6.044019405492e-01 -6.488975701504e-02 
 2.502914629993e-01 -1.136212273445e-01  3.842433296143e-01 
 5.117558727856e-01 -4.260397266152e-01 -1.542001351782e-01 
-4.067220251023e-02 -5.892420171562e-03 -7.957098618519e-02 
-4.734953584765e-02  2.224256057973e-01 -2.157189298145e-01 
 6.745429323841e-02  2.325245717787e-01 -8.993788697182e-02 
-1.964383939033e-01  5.369712431341e-02 -1.010548985639e-01 
-3.857110693410e-01  3.775818500572e-01  2.261509910115e-01 
 3.604112964765e-02 -1.007726864100e-01 -6.705853914379e-01 
-9.483067784189e-02 -9.984948823462e-03  7.681671552193e-02 
-1.046070439576e-01 -4.854981530427e-01  2.114963326737e-01 
 2.136425962843e-01  8.721365544338e-01 -1.561334121845e-01 
 7.058053182867e-03  5.830409534641e-02  1.946671591892e-01 
 2.742837662777e-01 -1.342267649046e-01 -9.568487801145e-02 
 5.579123284357e-01 -3.966393784648e-01 -2.064507690706e-01 
 1.778746278324e-01 -3.344201133883e-02 -2.229983243940e-02 
-5.484283504147e-02  2.657735449029e-01  1.038084289884e-02 
 1.530533921186e-01 -3.970650592522e-01 -4.722730028352e-02 
 2.668864528852e-01  1.410699953248e+00  2.023555299025e-01 
 2.097072813006e-02 -3.547305466811e-02 -9.895597894575e-02 
 1.161339852692e-01  2.442888324834e-02 -2.235455233877e-01 
 4.463569464771e-02 -6.043998878187e-01 -1.445925817922e-01 
-7.042525487778e-01  1.370139069113e-01  1.453493923285e-01 
-3.417473837118e-01 -1.965665103485e-01 -6.737709594363e-01 
 2.620940074688e-01 -9.781481705043e-02 -7.734072578303e-02 
-5.107877490844e-01  1.563992893998e-02  1.493607956713e-01 
-6.465296309596e-02  3.050281417424e-01  2.953288746801e-01 
 5.144991244454e-02  2.500483384591e-01  5.787949258601e-01 
-3.043511553322e-01 -6.524023777837e-04  2.479639081746e-01 
-1.135329635592e+00  6.139628737623e-02  2.347116991721e-01 
 2.450260592665e-02 -8.120772840101e-03  4.026618516674e-03 
-5.377497258019e-01  6.092003211297e-02  8.249057540582e-02 
 3.477520915990e-01 -8.312873988983e-01 -2.838158469374e-01 
-1.369929141878e-01 -1.045578403197e-01  2.027015447087e+00 
 1.770873221551e-01  9.111441562127e-01 -3.842084022662e-02 
-6.333946768479e-03 -1.525474653137e-02  1.017138254042e-01 
 3.841572256488e-02  2.409372397033e-03  6.301959555841e-01 
-6.310129510051e-02 -2.423805606379e-02  2.902325921500e-01 
-1.344914037779e+00  3.063907610548e-01 -5.600356663571e-01 
 2.457328221960e-01  7.893900798918e-02  1.001560261024e+00 
-3.359709297323e-01 -5.850640404809e-01 -7.570582719724e-02 
-4.917433365155e-01 -2.889348847444e-01 -4.413002387277e-01 
-1.337869206116e-01  5.478356668693e-02 -2.196416108634e-01 
-2.210955812070e-01 -9.942146844942e-01 -1.135683926218e+00 
-5.926086131539e-02  5.031981350376e-02 -7.125887108121e-01 
-2.496175222827e-01 -2.984700128456e-02 -3.809714154671e-01 
 4.909854805339e-01 -1.152512312228e-01 -1.256534297154e-01 
-8.796978572407e-02  1.344255891043e-01 -1.349256557481e-01 
-4.902265303204e-01  1.715228167794e+00 -1.508643241251e-01 
 1.349368260968e-01  1.754425715104e-01  4.947562927320e-01 
 8.889196532735e-02 -2.227926917371e+00  1.335563221760e-01 
 7.146875403118e-02  5.955069061108e-02  2.544737366484e-02 
-9.183426254851e-02  1.875983909740e-01  4.882758808778e-02 
-1.077114716908e-01 -4.322393701259e-01  2.750105199089e-02 
 2.428146939836e-01  1.170462324231e-01 -3.440646059682e-01 
-3.838773667798e-01  6.614534364226e-01  7.214035631936e-01 
-1.158628837285e-01  3.488647024159e-02 -8.696057718744e-02 
 5.565284943726e-01  5.669546184046e-02 -1.300445540716e-01 
 7.523461354360e-02  3.406557503586e-01 -1.063602685301e-01 
-9.804583205514e-02 -7.294342933080e-01 -1.148711656674e-01 
 4.167959793574e-01 -6.922977770158e-02  2.713585638379e-01 
 1.113679583241e-01 -4.944704122085e-03  2.454502467679e-01 
 5.813757256326e-03  7.900893683556e-02 -7.813630991391e-01 
-1.780642935459e-01 -7.603702290083e-02  2.595189126047e-01 
 1.144649489071e+00 -1.112426506443e+00 -6.279959522693e-03 
-3.301781266075e-02 -7.192137834363e-01 -1.926080540602e-02 
 1.762294085453e-04  5.988278799406e-01  1.709074658427e-02 
 1.646670761671e-03  4.627933222265e-03  4.588247436251e-03 
 9.271789162783e-02  8.366554515773e-03  1.830539653879e-01 
-5.591821751244e-01  8.320955698021e-02 -3.419057398289e-01 
 1.378688014678e-02 -2.707356640181e-02 -1.033381415997e-01 
 1.665209262063e-02  5.387644860597e-03 -1.432599919888e-02 
-2.018614128377e-02  1.783637888026e-02  1.279561793737e-02 
 1.497715469277e-02  5.125538611908e-01  3.180117021381e-01 
 9.088539304332e-01 -1.133596584704e-01 -1.013724381072e-01 
-4.315468530741e-02 -2.299386537831e-01  1.113273793479e+00 
 4.563618865501e-01 -9.300879532151e-02  7.935697318625e-01 
 1.227558474845e-02 -3.922591234728e-02  3.625646804689e-01 
 1.382799076055e-01 -1.448988948234e-01  5.776498859307e-01 
 1.564440754020e-02 -1.535967720747e-01  3.012137703553e-01 
 1.213822092551e+00 -2.116954873099e+00 -4.613840916952e-01 
 2.462460030506e-02  6.641283456313e-01  1.040823297939e-01 
 6.593716932797e-02  6.994112494572e-01  3.554234766732e-02 
-1.317735723048e-01 -1.005827257906e-01  4.389438652202e-02 
-5.956496590132e-01  9.924237921902e-02 -9.592948462191e-02 
-5.689308386191e-02 -7.812222991135e-02  1.125768432148e-01 
 1.594131995664e-01 -1.988655246115e-01  3.219462860981e-01 
-9.495234843007e-02 -2.101365082834e-01 -6.563884585620e-02 
-3.365925822248e-01 -6.703471188071e-01  5.314894906091e-02 
 7.666257540698e-02  5.301758980261e-01  6.592781282497e-02 
 5.157782009556e-01 -2.538500647691e-02  4.413100120788e-01 
 1.312988818517e-01  6.011615678868e-01 -6.066024896897e-01 
 1.189045194115e+00 -5.445439680760e-02 -5.166588969370e-01 
-1.578624052086e-01 -7.217385708034e-03 -1.171894370270e-01 
-1.114528806940e-01  1.423258545118e-01  1.030984785018e-03 
-1.514830524188e-01  1.273100763419e-02 -2.256902945284e-01 
-8.847880068329e-01  1.259821633054e+00 -8.205318104233e-01 
-1.761409582272e-01 -1.830852005445e-01  2.063934126553e-01 
 2.655857128281e-02 -1.949380630014e-01  1.065851878005e-01 
 9.053206148190e-02  4.331497185175e-02  2.492300451835e-01 
 2.684284978687e-01 -8.877285092661e-01 -4.652573579144e-02 
 7.985398784248e-01  4.381480810305e-02 -4.777433710186e-01 
 1.438964820349e-01  2.723363377262e-01 -5.621112300086e-01 
-1.301482690389e-01 -4.199148068002e-01 -3.763375068637e-01 
-3.765028208452e-02 -2.709640038571e-01  2.936316570411e-02 
 3.742101920107e-01  3.814713513185e-01  6.287638434541e-02 
 2.535118525564e-01 -8.578694164486e-02  2.275943237328e-01 
-8.791437636875e-02 -4.417596054735e-01 -4.427831054993e-01 
-3.791943311456e-01 -4.843684316272e-02 -1.711047005194e-02 
-1.178670706557e-01  1.968841161097e-02 -2.318523961876e-01 
-4.134384551352e-01 -9.658708581555e-02  2.450659694342e-03 
 1.004787995890e-01 -2.004033374342e-01 -1.937184965089e-01 
-7.884836106579e-01  1.011311571163e+00 -8.985765787992e-02 
-2.924279093858e-02 -1.796143914733e-01  2.940152419498e-01 
 2.570847586819e-02 -3.593278993443e-01  1.000892785132e+00 
-1.984283423100e-01  7.947873512900e-02 -9.941583841250e-02 
-1.379063590242e-01  6.011099373391e-01 -9.706968761590e-02 
-2.503327523582e-01  2.605409189490e-01  2.481240641700e-01 
-3.300126891882e-04  6.930217042995e-02 -1.834930135022e-01 
-4.650916600991e-01  3.934402124020e-02  2.356384348743e-01 
-8.507361670589e-03  5.627708719226e-02  5.795985500128e-01 
-1.165630668476e-01 -3.855125270892e-02 -8.231816047828e-02 
-7.072613371974e-02 -2.216084680793e-01  3.829925594419e-02 
-9.811294376729e-03 -8.429454326847e-02  3.097662906865e-02 
-4.396923837205e-01  2.991378501001e-01  4.786672601940e-01 
 2.216515831915e-02 -5.550910655429e-02 -2.581834977705e-02 
-6.924182781753e-02  5.682566993138e-01  1.462608811002e-01 
 3.157700555438e-01 -1.642841025028e-01 -7.334896614629e-02 
-3.295416662822e-01 -6.960803249859e-02 -3.191679174030e-01 
-1.862621122224e-02 -7.315377637147e-02 -6.505265731272e-02 
 4.299577488826e-03  3.752306667519e-01  3.548759436618e-02 
 1.078547871403e+00 -1.401873944625e-01 -8.465403444249e-02 
-1.662459037689e-01  7.554357900588e-01 -1.620459993559e-01 
-3.810895472570e-01  1.766583545878e-01  2.722508931797e-01 
 2.134545314736e-01 -9.064887480247e-03 -1.257263028556e-02 
-5.247496753571e-01 -2.833060934485e-01 -1.866509677759e-01 
-7.118314498119e-02 -4.689333101792e-02 -3.326885124167e-01 
 9.903765512565e-03 -9.050601730819e-02  1.456140507467e-02 
-5.984702294017e-02  1.266370573215e-02  4.128889765338e-02 
-5.945003188777e-02 -4.165904722979e-01 -1.110535492830e+00 
 8.741628090921e-01 -9.652560214663e-02  1.553020879215e-01 
-7.909898927618e-02 -1.198591849307e-03 -4.332257851382e-01 
 1.987704717906e-01  1.343856361062e-01  5.945047836045e-01 
-9.621268023479e-01 -6.876221734968e-01 -4.076507320333e-01 
-1.754951904427e+00  1.571598894183e+00  8.001352305101e-01 
 2.667239369074e-02  1.773772732686e-02  4.241463112311e-01 
 5.963760770074e-02 -7.715664360634e-01 -4.139797898297e-02 
 1.568402970138e-01  6.504885085679e-02  4.459952276580e-03 
-1.305775900796e-01 -2.609172079597e-01  5.107028634855e-02 
 4.063187411649e-01 -4.985471335615e-02  3.608480324921e-01 
-2.861310048330e-01 -5.953105569559e-02 -4.432277806188e-02 
-1.437689427807e-02  2.012186298110e-01  1.404762381056e+00 
-1.611044782754e-01  6.471020146833e-01 -5.703652970600e-02 
-5.589366603754e-01  1.946409724428e+00 -6.734321748219e-01 
 9.452679840438e-01 -1.199921702190e-01  4.314525436039e-01 
-2.368645872892e-01 -1.278287757319e+00 -1.394887190016e+00 
-7.357290440522e-01  3.664275844158e-03  2.173255418796e-01 
 2.639803881811e-01  1.210071802150e-02 -5.508162718398e-01 
 2.436265006911e-01 -1.932488146461e-01  1.358631627671e-01 
 8.826456223792e-01 -7.793628396911e-01 -4.577047311070e-01 
-1.866981064404e+00  2.060622078684e+00 -6.757076877931e-01 
-1.694715414301e-01 -4.109538563506e-01 -3.256651972249e-01 
-6.400044372512e-02 -9.445382900225e-01 -4.219499256458e-01 
-3.815002120003e-01  3.254632740679e-01  8.237216351155e-02 
 4.210669424238e-02  2.245760739642e+00 -8.358963308630e-01 
-8.871234628691e-01 -2.529833872273e-02  6.395539626230e-01 
 1.503931144916e+00 -2.239061853184e-01 -6.047186565472e-01 
 1.107326604371e-01 -6.203966177392e-01 -7.494943310398e-02 
-5.579633971272e-02  1.199873690120e-01 -3.914649657498e-02 
 8.760116235304e-02  4.655437144250e-01 -1.008614875044e-01 
 6.891425402142e-02  1.695530096720e-02  3.774030241158e-01 
-2.164155682390e-01 -9.926368990864e-01  5.279196059880e-01 
 8.160161110351e-02  6.283922787648e-02 -1.326030419024e+00 
 6.275851641397e-02 -2.847776097909e-02  1.537651791387e-01 
-5.896375938309e-02  1.000618634676e-01 -6.819240471320e-01 
-1.454347503369e-01  3.115558466483e-01  1.031030053002e-02 
 2.203981154355e-01  1.274682888835e+00  4.526220120734e-02 
 2.669526336461e-02 -3.216057247129e-01 -7.494703351982e-02 
 7.973935521946e-03  2.594377966065e-03 -3.592997160412e-02 
 1.900681140499e-01  1.412293835922e+00 -1.518968716551e-01 
-2.798918433885e-01 -6.201235769328e-01  1.175966001593e-01 
 1.729788196509e-01  5.497568536371e-03 -2.072447538933e-01 
-3.953949462324e-01  1.311552958666e-01  4.802055270780e-01 
 1.658515861043e-02 -3.706965273610e-01 -3.941049929397e-01 
 1.516457151068e-01 -3.711375058414e-01 -6.038308763957e-02 
-3.827170465961e-01 -3.180253666583e-01  6.627517710159e-02 
-1.110468287906e-01  2.688084655137e-02 -1.554401307937e-01 
-7.261546456990e-02 -5.436861248819e-01 -1.193173741623e+00 
-8.350861551482e-02  4.553236811794e-03  8.017139056012e-04 
 2.478689427629e-01 -3.041398726668e-02 -2.580460530718e-01 
 7.113107237368e-02  5.375413571824e-02  1.793121471311e-01 
-8.237898777341e-02 -6.710615552017e-01  9.060273611984e-02 
 6.863246600451e-01  2.748081315415e+00 -1.654753131800e-01 
 1.551178367832e-01  1.178634908348e+00 -2.239326140777e-01 
 1.175224555793e-02 -2.488403934472e-01  2.135167767093e-01 
 1.393735066160e-01  1.567034750566e-01 -2.764624999699e-01 
 1.076898710317e+00  8.195221237423e-01 -2.542595285267e-01 
-2.199635691622e-01  4.626869063904e-02  4.181896330643e-01 
-2.148404758168e+00  8.162215142124e-01  5.979984566326e-01 
 2.355034694149e-01  5.876659742036e-01 -2.813868642774e+00 
 1.039051815744e+00 -9.184632373753e-01 -3.836602051255e-02 
 6.630185206884e-01  9.796048153335e-01 -1.917951075560e-01 
 3.580237022692e-01 -8.938182406186e-02  2.356928198187e-01 
-4.759013577875e-02 -2.905607370520e-01 -2.818241589111e-01 
-1.254913190417e-01  5.354706967578e-02  7.373129907290e-03 
-6.282457399930e-01 -1.275367485739e-02  2.889585687827e-02 
-2.696326016106e-02 -7.838057274008e-03 -9.236925150644e-02 
 8.994875895063e-01 -1.573937663169e-01  1.223965084285e-01 
 5.417954204209e-01  3.912604529717e-01  1.193554464883e+00 
 2.758134275516e-01  2.819373628252e-01  6.856731680464e-01 
 7.072868874604e-02  2.012998308456e-02  2.196764596164e-01 
 2.329578651050e-01  2.072096818124e-01  1.674503603802e+00 
 8.488033901719e-02  1.164269086717e+00 -2.634160900682e-01 
-3.933588150358e-01  6.479717403089e-02 -6.332701647646e-04 
-3.360053428164e+00  1.326905700355e+00  9.103717603464e-01 
 3.240952733479e-01  6.541399706702e-01  1.991956809654e+00 
-7.956495559196e-01  6.482153740252e-01  2.250341027330e-02 
-3.509530557223e-01 -4.373290592255e-01  6.965105833391e-02 
-1.864644005082e-01  1.780024876228e-02  2.218137357328e-01 
orbocc
(*)
 0.000000000000e+00  0.000000000000e+00  0.000000000000e+00 
 0.000000000000e+00  0.000000000000e+00  0.000000000000e+00 
 0.000000000000e+00  0.000000000000e+00  0.000000000000e+00 
 0.000000000000e+00  0.000000000000e+00  0.000000000000e+00 
 0.000000000000e+00  0.000000000000e+00  0.000000000000e+00 
 0.000000000000e+00  0.000000000000e+00  0.000000000000e+00 
 0.000000000000e+00  0.000000000000e+00  0.000000000000e+00 
 0.000000000000e+00  0.000000000000e+00  0.000000000000e+00 
 0.000000000000e+00  0.000000000000e+00  0.000000000000e+00 
 0.000000000000e+00  0.000000000000e+00  0.000000000000e+00 
 0.000000000000e+00  0.000000000000e+00  0.000000000000e+00 
 0.000000000000e+00  0.000000000000e+00  0.000000000000e+00 
 0.000000000000e+00  0.000000000000e+00  0.000000000000e+00 
 0.000000000000e+00  0.000000000000e+00  0.000000000000e+00 
 0.000000000000e+00  0.000000000000e+00  0.000000000000e+00 
 0.000000000000e+00  0.000000000000e+00  0.000000000000e+00 