2mocoef
header
1
MO-coefficients from MOLCAS
1
48   48
a
mocoef
(*)
 1.954470068981e-05 -2.573528933957e-04  2.918081835211e-03 
 4.208674685863e-05  4.196325809211e-05 -3.873758526402e-04 
-2.226985131048e-04  1.849987657664e-05  1.645181361474e-03 
-6.491497094562e-05  2.756741335853e-05 -5.636775785352e-04 
 7.894649438970e-05  1.422519650035e-04  1.001359422360e+00 
 7.292715515251e-03 -7.448063809048e-03  4.314209477006e-05 
 4.457252820997e-04 -3.416545401406e-04  6.250331266049e-05 
-3.050659365488e-04  2.051997290940e-03  1.207324095602e-04 
 1.198871487471e-04  3.281461130612e-04  1.308793622288e-04 
 3.055901002278e-04 -2.742254403169e-04  2.922785126801e-04 
-6.958419921559e-05  2.014076935213e-05 -1.808184249575e-04 
-1.119079454120e-03  8.514960423185e-04  6.733536083232e-04 
 1.955330896781e-04  2.412530290587e-04 -5.335110207573e-04 
 5.116747631327e-04 -6.186787623091e-04 -1.734953453556e-05 
 1.469143341318e-04 -5.569127193057e-04  2.312758302949e-04 
-5.932852097500e-05  7.434206992412e-07 -9.170676331340e-05 
 1.001111204523e+00  6.981556958112e-03 -3.747344592616e-03 
-9.732414924892e-06  5.697998061166e-05  1.433304970448e-03 
-2.642499612092e-04 -4.927669824224e-05  6.729403032171e-04 
-1.143055377371e-04 -3.398191918408e-06  5.509561507990e-04 
-2.535373054308e-04  6.748624843708e-04 -1.682678753170e-04 
 3.502353769945e-04 -2.782183120988e-03 -1.255871204638e-04 
-3.964728595728e-05  3.462650763391e-04  2.041509058307e-04 
 1.714232973024e-05  2.100012927053e-03 -4.689968319261e-05 
 9.081940111032e-06 -2.899814551231e-04 -9.444873608679e-05 
-3.092772376814e-04 -6.553070186444e-04  1.722921966280e-03 
 3.335792310893e-04 -1.649070998964e-05 -2.844927452101e-04 
 3.497800950522e-04 -3.409748490472e-04 -1.655172744222e-05 
-2.444729158792e-05 -4.453710486939e-04  5.208442789911e-04 
-3.573897497283e-04 -9.341295825983e-06 -4.454848716612e-06 
-4.325623248321e-04 -3.676445281981e-04  1.165469245644e-03 
-3.460547893575e-04  6.055656973335e-05 -3.003212385628e-04 
-1.118630013887e-02  3.945205320407e-01 -1.541094105318e-01 
-2.178397431388e-03  4.101065139928e-03  1.588854748820e-01 
 9.998156420030e-04  2.141838487075e-03 -8.035795252490e-02 
 4.912070642705e-04  1.326238600320e-03  2.849102036852e-02 
-8.242576581146e-04 -1.301355762500e-03 -1.822427044812e-02 
 7.811333301983e-01 -1.767726448341e-01 -9.233185811815e-03 
 2.097174464022e-02 -1.838618560762e-02 -2.475271336196e-03 
-1.357024479576e-02 -3.867155942449e-02  6.971281749208e-04 
 5.385969875229e-05  1.018241711937e-02  1.177162005220e-03 
 3.042352211169e-03  1.029012282145e-01 -5.296297184431e-02 
-7.759874724027e-03  6.180704302171e-04  8.411527375409e-03 
 3.147517699413e-01 -1.499542596403e-01 -2.752557942312e-02 
-6.656721186591e-03 -1.851953964180e-02  3.025803973732e-01 
-1.437500219699e-01  3.008361695277e-02  2.417552230943e-03 
-1.649528578942e-02  9.852170326278e-02 -5.026922073298e-02 
 9.923461371269e-03 -1.505461177958e-03  5.756388911655e-03 
 3.868898958468e-03 -7.254112656145e-01  1.581598180642e-01 
-1.297357615990e-02  3.919575396221e-03  4.067466008831e-02 
 1.325785029531e-02 -1.450604690532e-03  1.203755875649e-02 
 1.045758207323e-03  2.271963063001e-03 -4.096155869925e-04 
 4.519304374380e-03 -8.022527751622e-03 -4.345401441125e-03 
 2.605925688052e-01 -5.425869973230e-02  5.771520916029e-02 
 4.261456094023e-02  3.959482017684e-01 -2.014770817443e-02 
-1.347318398670e-02 -1.077224022384e-01  1.784276045297e-03 
 2.270270622889e-03 -1.569232772323e-02  2.887788608016e-03 
 3.026393949305e-03 -3.294318260605e-01  1.536070523564e-01 
 2.105688701379e-02 -1.495926883446e-03 -1.313175688341e-02 
 3.631500635346e-01 -1.656367067376e-01 -2.590945965525e-02 
-6.448318893501e-03 -1.321172533876e-02  2.370704950619e-01 
-1.108991473257e-01  2.343084222911e-02  2.507042355615e-03 
-4.825097148242e-03 -2.707421540105e-01  1.308684754577e-01 
-2.112089818255e-02  2.669103303738e-03 -7.552648760478e-03 
-1.604801925580e-03  8.482195067264e-02 -6.839235465092e-03 
 2.221788027388e-01  3.537340984156e-02 -1.063805815629e-01 
-3.378675140776e-02 -7.964790578668e-03  2.527416648560e-02 
 2.202099979751e-04  6.662678675208e-03 -6.212037978760e-03 
 3.176597063756e-02  5.706609494639e-04 -1.495355399758e-03 
-3.907775424645e-02 -3.790230021786e-03  6.741005419867e-01 
 1.424783242846e-01  8.251363670333e-02 -1.391042344463e-01 
-2.086477773072e-02 -2.679351085181e-02  5.054333885548e-03 
 1.356368618081e-03  4.438359638729e-04  1.013423398133e-02 
-1.325564674169e-03  1.974424286095e-01 -1.067468941792e-01 
-1.527761804514e-02  2.257522800212e-03  5.102949054554e-03 
 5.178402458271e-01 -2.208877708524e-01 -1.651540338703e-02 
-6.121100727138e-03 -2.723858005391e-02 -4.834179168505e-01 
 2.071488581033e-01 -1.856115870514e-02  2.203312946422e-03 
 2.900985727539e-02 -3.701011991218e-02  3.489021543557e-02 
-3.664864949010e-03  1.418583844030e-03 -1.532714387317e-03 
-5.406167295600e-03  5.202097712923e-02  7.959947100682e-02 
 2.925990304724e-01 -5.464618224432e-02 -5.503226455968e-01 
-6.534772073424e-02  1.181208877022e-02  1.667600086467e-01 
-9.963858350226e-04 -4.217843554574e-03 -3.159195408368e-02 
-1.600878003295e-02  1.143577887974e-02 -1.683672922363e-03 
-1.236264219746e-01  2.711024675167e-03 -2.074036817317e-01 
-9.178153702224e-02  5.069951935863e-01  3.854347856323e-02 
 7.698921307288e-04 -9.901238296653e-02 -5.274096820097e-05 
 3.762478814016e-03 -1.500831328215e-02 -1.258427627491e-02 
 6.153971586059e-03  5.225944884376e-01 -2.018985702281e-01 
-2.283368881887e-02  1.079543172484e-03  1.028063533180e-02 
 3.347564587716e-02 -2.200762732716e-02 -1.188894568536e-02 
-3.842750776124e-03  1.105866245641e-02  3.888626561406e-01 
-1.421885192041e-01  2.068615807613e-02 -8.047453937252e-04 
-5.148897608413e-03 -2.017461233324e-02  3.563518430990e-03 
 3.127920943939e-03 -8.655533521720e-04 -8.351968184353e-03 
 4.872573203351e-04  1.756534136392e-03 -1.614712512175e-02 
 1.956453849518e-01  2.713629043545e-01  5.873059709716e-02 
-2.384899628468e-02 -6.188341797798e-02 -1.463075249886e-02 
-5.800961661123e-04  4.011037461523e-02  5.099135080518e-03 
-1.573605599885e-02 -1.785503974573e-03 -1.091239678655e-03 
-3.734773755684e-02 -9.884193682058e-03 -2.190947969544e-01 
 7.844858045764e-01 -8.096617889556e-02  8.941992340615e-03 
 3.731214662482e-02  3.700616823870e-03 -1.937290857952e-03 
-1.615423366607e-02 -1.048605401918e-03 -9.131568563928e-03 
-2.909965670381e-03  1.397346339083e-01 -4.937797607155e-02 
-1.543137705088e-03  7.152302982110e-03  5.451104448653e-03 
-8.306403315808e-02  2.142131181990e-02 -4.680115026492e-03 
 2.317928147302e-02  9.947896579637e-05  1.094659131360e-01 
-3.414986532871e-02  5.210135306016e-04  2.236138478715e-02 
-6.666798940370e-03 -1.976973846616e-01  6.204152044835e-02 
-5.703236292352e-03  7.444286064824e-03 -3.881008899823e-03 
-2.468294176561e-03  6.295025322885e-02  5.889492414891e-02 
-5.564962637736e-01  1.434486573137e-01 -3.035400883725e-01 
 9.845082643498e-02 -2.977889195859e-02  8.736736045255e-02 
-3.541706684910e-03  1.121125170463e-02 -2.123117899762e-02 
 1.178075397427e-02  9.671397364900e-03 -1.643088945328e-03 
-1.126609164513e-01 -1.258935166418e-02  7.584334204706e-02 
 2.451933380615e-01  2.773705320383e-01 -1.606199389568e-02 
-1.133069183188e-02 -5.475838356516e-02  1.391816152272e-03 
-3.378075760412e-03 -7.745892843944e-03  2.118594707550e-02 
 1.367920249873e-03 -2.639019869336e-01  1.045961987670e-01 
 5.643868449577e-03  1.813176006586e-03 -1.444813298730e-02 
 2.532774362722e-01 -7.865727194469e-02 -9.978125878982e-03 
 2.949940505226e-03 -3.762227710695e-03 -3.148185075375e-02 
-7.971704591773e-03  6.015990560765e-03  6.913004334495e-03 
 5.435823559902e-03  6.169440706512e-01 -2.322167260914e-01 
 2.768501060711e-02 -2.498652181097e-03  1.214595695661e-02 
 2.595796760998e-03  3.779499660176e-02 -1.214217639758e-02 
-1.009032223057e-01 -9.323420126132e-01 -7.270431573554e-03 
-1.248712109715e-02 -1.046888089592e-01 -1.276767167501e-02 
 2.351825491112e-04  1.131549667406e-02 -4.353816533745e-04 
-6.052839199657e-03 -9.869781427511e-04 -3.151271056962e-04 
-2.512805108400e-02 -1.430752409805e-02 -2.802082181725e-02 
 3.910676555803e-01 -1.325933756799e-02 -2.594222284375e-02 
 1.751777872388e-01 -1.267978397408e-02  5.151008833805e-04 
 2.429366347319e-02  7.906814419058e-04  8.677347217649e-03 
-1.339343058141e-03  1.727816390923e-02  1.685421391674e-03 
-1.886185632587e-03 -2.327347637575e-02 -7.009216580458e-04 
 9.231542603547e-02 -1.162925209227e-02 -3.242268958428e-03 
 1.359908961919e-02 -6.774212518467e-04 -3.829446053274e-02 
-1.994924537695e-03 -5.462716494004e-04  1.354957293360e-02 
-4.606170768371e-04 -4.045241297829e-02 -9.555218764945e-03 
-2.862985385814e-03 -2.035249727990e-02  3.333814848551e-04 
 2.139050748198e-02 -2.223581104954e-01 -1.016755132373e+00 
 1.539418294302e-01 -3.967947024406e-02  2.258052007122e-01 
 2.283282117462e-01 -4.797809091801e-02  3.018486600174e-01 
 9.545887089899e-04 -1.500114948173e-04 -5.336091639219e-03 
 1.104755535087e-02  1.530602016571e-03  2.252771585543e-02 
-1.565723531473e-01 -7.382280388311e-01  9.173081835369e-02 
 2.451577691812e-03 -1.336882209536e-01  7.147878421912e-02 
 7.090676124558e-03 -2.303476380274e-01 -3.694427671375e-03 
-2.215704655138e-03 -1.045338906841e-02 -9.605887218011e-03 
-3.100676955673e-03  6.714820529364e-02  4.555046825623e-01 
 3.765133087520e-03 -1.207689712458e-03  1.278951765950e-02 
 1.914741762230e-02  3.320753081086e-01 -7.274157514536e-03 
-3.338557497443e-03 -8.482290969195e-03  1.303265300926e-01 
 7.391143619340e-01  5.892747835080e-03  2.189806421737e-03 
-5.658486368560e-03  1.871707611434e-01  1.012698493025e+00 
-3.433530978133e-03 -9.153774752955e-04  1.011207220420e-02 
 2.304436488459e-02 -3.130858481230e-01 -1.049678846005e+00 
-8.448460823463e-02 -7.815771655350e-04  9.148642026056e-02 
-2.153466049507e-01  5.197139473984e-03  2.976485185976e-01 
-2.291678934182e-03  5.966496638981e-04  1.196630496147e-02 
-5.796899390127e-03  1.113240017263e-03 -2.205339470534e-02 
 2.190399968881e-01  7.760648754257e-01 -9.558976759681e-02 
 1.318792928991e-02  6.096658528700e-02 -7.607795499778e-02 
 9.578672640600e-03  1.634361752052e-01  7.947367009977e-04 
 2.764950465681e-03 -5.656058943339e-03  9.304754823672e-03 
 1.037358059750e-02  1.888131564305e-01  1.219256461385e+00 
-4.094255910252e-03 -1.520256482017e-04 -1.345159429486e-03 
-5.043452681268e-02 -4.144144307447e-01  1.579305622520e-02 
 2.932051783756e-03 -2.437216103428e-03 -1.347324455023e-01 
-9.195302591490e-01 -1.542313879276e-02 -2.842673323128e-04 
-7.783802198338e-03  1.137889939545e-01  5.393210797514e-01 
 3.780948849499e-04  4.743808629061e-04 -2.485498048021e-03 
 8.904050023277e-04 -9.076606516016e-03  1.281637845486e-01 
 3.552441173039e-01 -4.363472118321e-02 -5.147310777626e-02 
 6.366062352447e-01 -1.101426503128e-01 -9.666673290276e-02 
-2.657088679844e-03  1.347628880399e-03  1.072574855225e-03 
 1.842383748672e-02  3.559026513932e-03 -1.803073753119e-02 
 1.043111073811e-01  6.050895625583e-01  2.281004928152e-01 
 7.184394599263e-02  8.360445412726e-02  2.110714627831e-01 
 1.090478282645e-01  1.490269216046e-01  2.115004469130e-03 
 2.428496750313e-03  1.446259799281e-03 -2.085343569517e-02 
 7.795325263310e-03 -5.642848368216e-02 -1.062644354859e+00 
 3.835802972565e-04 -2.473409649527e-03 -3.553603765323e-03 
-1.612627463703e-01 -1.245914102454e+00  1.162851546627e-02 
 2.350362859199e-03  3.312071407730e-03  8.833449499686e-02 
 3.434673344377e-01 -9.847868514477e-03  7.384576132245e-04 
 1.580459967795e-03  1.210061397930e-01  9.379329550431e-01 
 4.947222348556e-04 -1.477344726328e-04 -3.515965754466e-03 
-3.177408711790e-03  3.828838477213e-03  1.541753602478e-01 
 3.245200140494e-01 -6.667666225807e-02 -3.387157186507e-03 
 9.761819467024e-01 -5.346926389926e-02 -1.528842826815e-02 
 1.157823190578e-03 -2.046044555892e-03 -3.305501803510e-03 
 2.073004140866e-03  3.675513604782e-03 -1.715524526331e-03 
-1.442734798350e-02 -1.624877194647e-02 -3.399457956270e-01 
-4.434087648705e-02  2.294490017366e-02 -6.855179701824e-01 
-5.492599715111e-02  1.326065098176e-02 -5.310531321479e-03 
 6.850132921310e-04 -1.476361543527e-03 -2.505860695717e-02 
 2.028248049212e-03  5.730152688526e-04 -1.389697145557e+00 
 3.628038083444e-03 -8.073648649517e-04  2.569652660104e-03 
 3.043105572722e-02  1.283125943213e+00 -9.522629548110e-03 
-3.230011872637e-03 -1.649792905144e-02 -4.018452823892e-02 
-1.349026857969e+00 -1.263551749846e-02  1.311004233675e-03 
 1.423376862035e-02  5.745875766299e-02  1.250442667486e+00 
-2.081011901120e-04 -2.435306086082e-04 -2.511271487743e-04 
 5.963760668873e-02  4.648797247562e-02 -2.105189183706e+00 
 1.324377727594e-02 -1.003232414380e-02 -9.260099339932e-02 
 1.320070236053e-01  2.708015341967e-02 -2.303536349524e+00 
 1.167875384675e-02 -1.855869994189e-03 -6.311264562494e-03 
 2.536946025071e-03 -4.805008814723e-02 -5.322614378802e-02 
 4.302739428879e-02  1.795452112532e+00  1.250970467278e-03 
-1.752234929743e-02 -3.617290426515e-01 -1.642002413888e-02 
-1.872630024978e-02 -1.220153844250e+00  3.918931139375e-03 
-1.446096978348e-03  2.665811542856e-02  2.858333496059e-04 
 6.412479766947e-03 -1.471981142124e-01 -2.732088405105e-01 
-2.723246359560e-02  3.284279579714e-03 -1.050147043682e-02 
-2.026354099023e-02  7.102370905744e-01 -5.247492746546e-03 
 3.078670518864e-04  2.335055552163e-02 -2.999651306962e-02 
 5.390711853399e-01  5.070746297381e-03  5.674547898629e-04 
 2.255343306781e-02 -2.898431089306e-01  3.043087219547e-01 
 1.933223266105e-02 -3.224253875443e-03 -7.394502669166e-03 
 5.243501743274e-02  1.216766136803e-01 -3.657862901170e-01 
 4.349018459184e-02 -3.536270260682e-02 -2.390745683187e-02 
-3.686205863740e-01  1.533845001406e-01  7.816355883231e-02 
-2.448258652141e-03 -9.265239641379e-03  1.503291813196e-02 
-2.173400434472e-01  7.044545819516e-02  2.046470441702e-02 
 1.275660198018e-01 -1.332936814949e-01 -3.302668107437e-02 
-7.607689067006e-02 -6.808748108240e-02 -1.537325510689e-01 
-4.239716776810e-02 -7.577015871260e-02  1.205549751071e-02 
 1.196531483960e-02  1.136165178719e-03  1.099979472272e-01 
-1.004996635671e-02  1.304090230310e+00 -1.085426009864e+00 
 5.368723869542e-02  2.291471068737e-03 -7.192433002848e-02 
 8.082464857337e-01 -6.210337010754e-01  2.954272522420e-02 
 3.637916851084e-03  7.790444285454e-02 -9.055957989192e-01 
 8.716821614446e-01  3.591106419642e-02 -8.808502265173e-03 
-9.190032210658e-02 -3.992323256119e-01  3.587416815498e-01 
-1.571048756477e-02  2.349686689026e-03  7.420884831405e-02 
-1.328483061701e-01 -3.309780367874e-01  9.895564930191e-01 
-6.407079333150e-02  1.529492025241e-02 -2.548069422150e-01 
-2.322716980700e-03  2.478160223771e-02  7.462590876110e-01 
 5.382503715657e-02  6.056535232297e-03  3.248627526658e-02 
-5.758352427776e-02 -2.456432054915e-01 -2.133238265540e-02 
-1.550202846327e-01 -3.790647996668e-01 -4.027971276416e-02 
-7.074116276847e-03  2.088041046541e-01 -1.237339135292e-02 
-2.012412087184e-02  2.920267214146e-01  3.043252087459e-03 
 1.529063432273e-03 -2.982143360656e-02  4.184280151586e-02 
-3.675021010274e-02 -8.356361465631e-01  7.767432308065e-01 
-8.540571570436e-02  1.114428156604e-02  3.468181475742e-03 
 1.209342937641e-01 -3.757409206476e-01  6.339723464743e-03 
 4.850592794082e-03  4.286161047821e-03 -4.086073296727e-01 
 1.369437454095e-01  1.894923705446e-02 -3.340169869102e-03 
-5.504994295711e-02 -1.599228072535e+00  1.597246227149e+00 
 1.038989659706e-01 -9.014964882252e-03  2.785467527192e-02 
 3.864846615684e-03  3.829571970066e-03  2.053228445633e-03 
 1.424485564546e-01  1.401504066756e+00  4.651239156370e-02 
-2.016086573266e-01 -1.811639693156e+00 -4.732833253955e-02 
-3.247244746425e-04  5.755583915283e-02  6.097171121586e-03 
-2.193674667314e-02  2.431266121347e-03 -2.204842874316e-03 
-9.778194510641e-03  1.889063903304e-03 -7.164353858506e-02 
 1.634381822029e-01 -2.246542706710e-02  8.378830433060e-02 
 5.788198954098e-02  5.892955035877e-02  1.652343031632e-03 
-6.003784125574e-02 -4.500977539887e-04  5.952725792946e-03 
-5.052753212829e-03  6.680876184834e-02 -7.900039336565e-02 
 9.395330184046e-03  3.083592104582e-02 -7.268389348805e-04 
-4.128584297479e-02  1.130082644011e-01 -1.982967613202e-03 
-1.670624054710e-02  1.776157384210e-02 -7.627643664465e-02 
 1.216815302534e-03  9.518475011364e-03 -2.087518838135e-02 
-1.547688678777e-02 -3.271573636374e-02  6.361448196907e-02 
 6.373508768927e-03  1.461542661523e-02  2.437921686214e-03 
 1.873554923576e-01  1.046721743548e+00 -5.383926911246e-01 
 8.288666540452e-02 -3.440648173076e-02  1.265121371650e+00 
-7.280049549261e-02  5.573269693724e-02 -1.084417998372e+00 
-5.192975209351e-05 -7.818494322021e-03 -1.461758205734e-01 
-1.444809833812e-02 -2.990879283898e-02 -6.141670710864e-03 
-3.203099560695e-01  3.708708032526e-01 -2.700588720786e-02 
-2.115929577722e-02  1.939504394454e-01 -3.443842638310e-02 
 1.805255067010e-02  5.634438954992e-01  1.502780929443e-02 
 1.161612182618e-02  1.506375297431e-01  1.354685025939e-02 
 3.081828157487e-02 -1.886034916977e-01  1.674622694034e-01 
 3.143554765325e-02 -9.339723873294e-04  2.769590998361e-02 
 1.934474291923e-01 -3.742790979403e-01 -1.782621892319e-02 
 2.020281389296e-04  1.611177869770e-01 -7.329084740442e-02 
-1.049699841741e-01  2.513999788444e-02  2.084956327850e-03 
 1.283470589130e-01 -2.522400487516e-01  2.397098662568e-01 
-2.737035944913e-02  7.281449825385e-03  2.939587836753e-02 
 1.028239845556e-01  4.678101658116e-01 -7.042002786097e-01 
-1.317966408281e+00  1.285564140405e-01 -7.224701474683e-03 
 2.985074929476e+00 -2.770020192882e-01 -1.573267115225e-01 
 1.220231492643e-02  2.470957542273e-02  1.765779100769e-02 
-1.709844038928e-01  1.943347167116e-02 -2.122591533972e-03 
-8.855168571592e-02  2.063723263147e-01  4.382949020452e-02 
 5.154576746703e-02 -4.449431525945e-02 -3.099089300157e-01 
-4.701408347038e-02 -1.076866534121e-01  7.854202304170e-03 
-2.587556981470e-03  1.416155181149e-02  1.812035693781e-02 
 5.935939469831e-02  1.604228381550e-01 -1.568230671036e+00 
 1.567423214124e-01 -1.283537552895e-02 -8.048330169349e-02 
 3.070992179360e-01 -3.208877033724e-01  7.169354660602e-02 
 6.159243147863e-04 -2.490086684363e-02  4.681666103120e-01 
-2.991033284442e-01 -5.849239435326e-02 -6.206267013846e-03 
 5.624861738328e-02 -1.811657918239e-01  1.773793481826e+00 
 1.994714143591e-01 -2.545676847973e-02  7.383973458682e-02 
-8.001058921079e-02 -4.569269281918e-01  1.097121568814e+00 
-3.741429005821e-01 -6.519770597552e-02  1.598459055261e-01 
 9.713760308397e-01  2.964967413422e-02 -1.531209819129e-01 
-4.756904024400e-02  3.657302257176e-02  5.259885350974e-02 
-4.989160467583e-02 -1.046427092972e-02  3.476446042741e-02 
 4.360495608903e-01 -4.327665088929e-01 -1.466136295037e-01 
 1.536542100640e-01  9.050566971015e-02  1.147918777264e-01 
-1.236415975607e-01  4.833075352327e-01 -5.535158242440e-02 
-2.566725378995e-02 -1.673844732348e-02  1.503346899671e-02 
-1.746711640183e-01  4.070299690643e-02 -7.612899211440e-01 
 9.288584032830e-02 -2.123768508255e-02 -3.729673205686e-02 
-1.265375090315e+00  7.781679663221e-01 -2.234579655477e-01 
-2.560833693383e-02 -2.522962852647e-02 -1.345736399310e+00 
 1.253524394060e+00  2.574977575428e-01  4.143682346935e-02 
 3.211209399027e-04  2.617843910192e-01  3.023483180154e-02 
 1.725080369970e-02  4.518896004510e-03 -2.231093941489e-02 
 8.350508486649e-02  3.631991354978e-01 -6.421596769261e-01 
-8.176357825703e-02  1.685895935679e-01 -3.530486939692e-02 
-7.402775249225e-02 -5.321515390763e-01  1.487965093721e-01 
-1.495770986842e-02 -7.088664021734e-02  7.143726160389e-03 
 4.138597477978e-02 -3.555341267899e-02  7.520317154159e-04 
 8.031845367021e-02  6.146508942409e-02  6.397978424072e-01 
-1.118918119937e+00  8.457116603974e-02 -8.728554334450e-01 
 1.548404149582e+00  1.039512869409e-02 -3.530117954511e-02 
-8.625126739818e-04 -4.618894884602e-04 -1.079942263378e-01 
-2.323695479227e-02  4.289653453785e-01 -1.627716524322e-01 
-2.938570288582e-02 -3.259757478063e-02 -4.135356173893e-02 
-5.950993713152e-01  8.898888844704e-01 -1.180527046085e-01 
-9.073770008856e-02 -8.311475326140e-02  1.411673560805e-02 
-5.773174264701e-01 -5.402170725793e-02  5.303684225659e-03 
 1.379826942816e-01 -3.337326967424e-01  4.373755740075e-01 
 1.286789443270e-02 -1.318936361766e-02  7.556269191312e-02 
 6.911730205527e-01  3.113528019741e+00 -5.418359037357e+00 
 5.567990870863e-02  7.824573494751e-03 -5.362025117748e-01 
-7.941169173403e-02 -3.733244915872e-02  7.070448668366e-01 
-1.139203386863e-02 -2.005815553120e-02  9.893120600635e-02 
 6.833880467109e-02 -7.094360196146e-02  7.898057109945e-02 
 4.403127655722e-01 -1.820368438866e-01 -2.506378887574e-01 
-1.351542896494e-02  8.136824321112e-02  3.679707625923e-01 
 3.576850567462e-02 -5.187189425947e-01 -1.327392711032e-02 
 4.254506194397e-03  4.045355958487e-02  4.765108163731e-02 
-1.612827299947e-02 -1.721263057112e-01  1.411848706851e+00 
-1.819539274191e-01  5.171915224611e-03  1.429926579962e-01 
 1.165884254012e-02 -1.882362217998e-02 -6.164617898082e-02 
-1.478707776128e-02  8.203295381580e-02 -1.865373996598e-01 
 5.441101122903e-01  1.502851433148e-01  2.497047808698e-02 
-1.852863782154e-02  2.311506593062e-01  7.490648613644e-01 
 1.469791948748e-01 -1.273893509994e-02  4.097867835903e-02 
-1.639786497250e-01 -7.118855186808e-01  8.147224747214e-01 
-7.683592635313e-02  1.119310647963e-01  4.864362597070e-02 
 6.151796929390e-01 -4.037065963968e-01 -5.141097255220e-01 
-1.671448227822e-02 -1.379506844499e-01 -8.317092786923e-02 
-2.020490662087e-02  3.444113560851e-02  3.058116047264e-03 
 5.369006410380e-03  2.109239679940e-01 -7.116771457506e-01 
-8.225483858097e-01  1.497572081094e-01  1.069184736454e+00 
 1.219385049642e+00 -4.879580492149e-01  3.463283297498e-02 
 6.544368522959e-02  5.029743064817e-03  1.619491462877e-01 
 6.722961076488e-04 -5.735592034585e-01 -1.053849856407e-01 
 6.214626421153e-02 -1.697142990777e-02  5.222755507733e-02 
 4.532765990931e-01 -1.120479814604e+00  1.668843053532e-01 
 6.668543177546e-02  1.735840241817e-01 -2.142728750266e-01 
 1.178413687660e+00  1.519841427712e-01 -4.483132450593e-03 
-1.787243640172e-01  5.118789610521e-01 -4.827025850357e-01 
-5.551098440334e-03  1.597567591601e-02 -6.790607565575e-02 
 2.937240323083e-02 -2.157688754838e-02  1.894078999718e+00 
 2.254130401541e-02 -1.521550796876e-02 -2.124164395312e-01 
-1.327419833871e-01 -4.056741707914e-02  1.719893438651e+00 
-1.337000888861e-01 -1.958676837651e-02  3.281174039746e-01 
-2.149597879704e-03 -9.457427896767e-02 -4.148208557109e-02 
-2.675152805538e-01 -2.393115231083e-01 -9.772502950693e-02 
-1.237021185166e-01 -1.087633504139e+00  2.292720625219e-01 
 2.773067039778e-01  3.019208307708e+00 -3.198974534574e-03 
 2.579229945567e-02 -6.031030533605e-02  3.028984015034e-02 
 2.605633002033e-02 -5.768971460739e-02  3.886142996524e-01 
-2.327990681771e-02 -6.173990468156e-02 -4.644684325692e-02 
-3.755289007750e-01 -9.331018484230e-01  1.808274583874e-01 
 5.232333654841e-02  1.694345899468e-01 -3.335386598696e-01 
-5.254631630377e-01 -1.338207150874e-01  2.075361263047e-02 
 9.449680600175e-02  1.662390068914e-02  1.431861320888e-01 
 2.284822756360e-02  7.210712777754e-02 -8.886437596702e-02 
-2.411786212930e-02 -6.557923325146e-02 -4.692984783762e-01 
 2.588632111529e-02  1.452942986841e-02  3.412590684497e-02 
-5.388641011350e-02  2.238131602599e-02 -5.140720968309e-01 
-6.141335125781e-01  3.487677246279e-02 -1.030313764573e-01 
-4.364304054590e-02 -9.143181423380e-02 -2.604209212151e-02 
-1.159675938116e-01  4.043969170613e-01  2.002929993218e-02 
 8.047042552432e-02  2.599310521853e-01  1.718149509421e-03 
-1.465260414779e-01 -8.128139218822e-01 -1.018697546057e-01 
-1.322950863077e-02  8.533941724469e-03  2.657394595833e-03 
 1.468921262823e-02 -5.221026609332e-03 -7.833126677305e-02 
-3.106290273444e-02 -2.960009797261e-01 -8.220113048665e-03 
 1.460812984028e-01  1.716674728347e-01  8.792259680830e-03 
-8.944502482834e-02 -7.525092468712e-03  1.815593858448e-01 
 4.072598827249e-02 -2.021367821016e-02  6.681863632065e-02 
-3.365147337674e-02 -3.227783921699e-02 -7.787415830127e-02 
 2.773601427881e-02  3.409811477733e-01  4.910260285272e-02 
 2.428199563609e-02  1.189982174501e-01 -1.108355644334e-01 
 5.654369349557e-02 -1.966712308561e-01  4.471094972473e-02 
-1.220700810881e+00  3.495374663384e-01  5.443266600882e-02 
 4.582114050597e-02  5.546426803463e-01 -2.415978328601e-02 
-8.403626443795e-02  6.127471192169e-02 -4.610042165230e-02 
-2.170355621242e-01  3.734886780998e-01 -4.459542202888e-01 
-2.181543788114e-01  4.117184213237e-02  1.649520855063e+00 
 2.656275126419e-01  1.552263358831e-01 -1.593218226158e-02 
-1.635480457474e-01  1.300451712376e-02  2.043701734722e-02 
 2.857989361503e-02  4.125288632954e-01  2.463783481946e-01 
-2.534407730302e-03 -1.459105522054e-01 -3.754743776870e-02 
-8.085348631179e-01 -8.072656531265e-02  1.928683718365e-01 
-2.344556969160e-01  1.097577213396e-02  5.740561351972e-01 
 4.932589828134e-02  7.399760263129e-02 -1.336382978086e-01 
-4.451680688489e-02 -4.654407193686e-01 -1.443761838898e-01 
-3.125730917538e-02 -1.730655869571e-01  3.174036770968e-02 
 1.394002732446e-02  4.599289501042e-02  1.347913703119e-02 
-4.779845416773e-02 -1.780295326323e-02 -7.719120430103e-03 
 1.149171021253e+00  2.911931245632e-02  1.290100723719e-02 
-1.147387359259e-02  2.941116646054e-01  3.896936119982e-02 
 1.258068516667e-01 -8.204259806414e-02  7.622813844733e-02 
 3.397252931232e-01 -5.509746078947e-01  3.011862361067e-01 
-1.250946231090e-01 -3.877570608389e-02 -1.387999017704e+00 
 4.266164179171e-03 -3.440895861478e-04  2.316279610908e-01 
-8.990028197953e-02  5.882335988124e-03  1.926262555546e-02 
-5.850525654458e-02 -3.834905822281e-01 -1.768153896887e-01 
-2.338494672610e-02 -2.112679856298e-01  5.404276797325e-02 
 7.675970749070e-01 -8.487579642770e-02 -9.106126730417e-02 
 2.754541536022e-01 -4.734293962667e-02 -5.880242048062e-01 
 9.372667783165e-02 -8.110086956443e-03 -5.618063472703e-01 
 1.430369647449e-02  5.140805485511e-01  1.022418959048e-01 
 6.176603187196e-03  3.174898233705e-02 -4.369037120683e-02 
 1.121051677998e-01  4.703964869189e-01 -1.521301732524e+00 
 2.202932912983e-02  1.313270032717e-02 -6.011383566545e-02 
-1.316774371291e+00 -2.603148991225e-02 -1.851434514055e-01 
-1.417478105404e-02 -2.317566581625e-01 -1.569464009643e-01 
-1.220706712126e-01 -9.801014454020e-02 -2.177430247168e-01 
-9.350583988824e-01  1.961191532620e+00 -3.950121090126e-01 
 4.487285644162e-02  1.461684590037e-01  1.635927294866e+00 
 8.620081913891e-02 -3.841795226508e-01  1.370746728691e-01 
 6.751883178092e-02 -1.641672669555e-03 -9.472608970107e-02 
-9.446667577860e-02  7.899310197515e-01  1.753526920488e-01 
-8.780558672314e-02  2.970514114282e-02 -2.003484870712e-01 
-9.922693858874e-01  1.257490327012e-01  9.341340005386e-02 
 4.687388447386e-01 -1.097026212272e-01  5.613418114121e-01 
-6.161491717016e-02  1.307382159042e-01 -2.162593020633e-01 
 1.920346705469e-01 -3.237956096116e-01 -1.035656352726e-01 
-1.886182035755e-02  1.461153936864e-01  1.159018425861e-01 
-1.412278580067e-01 -5.858609355012e-01  2.782615569289e+00 
 4.189187370429e-02  2.787289093069e-03  2.389271105189e-01 
-6.732930490481e-01 -2.169578388324e-02  1.357714485153e+00 
 2.461343415728e-02 -8.571821023479e-02  4.009107096538e-01 
-1.183481477312e-01 -1.991062890060e-01  6.703590493861e-01 
 2.784082445042e+00 -6.307659145125e+00 -1.907127506081e-01 
-2.364258252315e-02 -1.493863229721e-01  7.528141654234e-01 
 4.014364185538e-02  6.775992389695e-01  4.036693195824e-02 
 1.213580977947e-02  4.582719121873e-02 -4.663811347321e-02 
 6.326140578293e-02  2.022571564085e-01  6.753945449140e-02 
-9.262463085057e-03 -3.001988084978e-03 -1.442766191109e-01 
 6.503169375770e-01 -1.641488383821e-01 -1.450219412679e-01 
-7.668509850794e-02 -1.320831413786e-01  1.293341913719e+00 
-2.526887171474e-01  2.856768715395e-01 -4.880450127183e-02 
 7.481994086087e-03 -1.060784400334e-01 -3.232594452323e-01 
-8.568642081715e-02  9.402828369154e-02  2.539838304566e-02 
-3.854857977473e-03 -2.636980910877e-02  3.587616963307e-01 
 1.504019318945e-01 -2.457749977815e-02  8.930529671269e-02 
-1.932893856046e+00  1.571108003199e-01  4.892894783559e-01 
-3.638414532292e-02 -8.992895942872e-02  5.611746268955e-02 
 3.572369268292e-01  2.123914113284e-02  1.013704382025e-01 
 4.005769954798e-01 -1.118921522564e+00 -1.130721937351e-01 
 4.104818342121e-02  1.018365166305e-02  8.322916697696e-01 
-2.046905596024e-02  2.225934603052e-01  3.076140490602e-02 
 1.554089187810e-02 -7.759312827937e-03 -5.533122766510e-02 
-1.150750805489e-02  1.274564101950e+00  4.899167800664e-03 
 3.727051900532e-01 -6.302552593270e-02  3.230063541595e-01 
-2.316018097983e-01  9.584842061712e-02 -3.257828571437e-02 
 6.367146055429e-02  3.144438142192e-02  4.386249257277e-01 
-1.553827814289e-01  4.284834160018e-02 -5.843172275881e-02 
-1.175783719614e-01 -1.176210767471e+00  9.278709787271e-02 
 3.417337714983e-01  3.616960409922e-02 -4.543249052988e-01 
-2.507642459029e-01 -1.039969225206e+00  2.037487734334e+00 
 8.931922381584e-02 -9.656913945676e-03 -4.267550837133e-02 
-2.872916484504e-01  1.929283804457e-02 -2.037412916072e-01 
-1.409766732840e-01 -8.199101985705e-02  1.577602179204e-01 
-4.691571400114e-03  7.064738844936e-01  2.860712699095e-02 
 1.606072014795e-01 -4.380532043590e-01 -2.539154555800e-02 
 1.461635094365e-02 -2.513105603583e-01  2.059381034195e-01 
 2.932769456973e-02  5.717132078825e-01  2.092556188191e-02 
 1.591746662103e-02 -2.259204820404e-03 -2.122212841592e-02 
 1.682539517341e-01 -8.520517816923e-01  3.658111268330e-01 
 4.197079769773e-02 -2.190561557622e-02  3.090601824709e-01 
-2.156922776911e-01  3.764683203630e-03 -7.958741703157e-02 
 1.102161551094e-01 -3.666501581095e-03 -1.802786566316e-02 
-2.299043365938e-02  1.488451630734e-01 -1.132277290694e-01 
 7.395311663935e-02 -1.046801003049e+00  4.000713725775e-01 
 8.732439117113e-03  2.936490923686e-02  4.789899977279e-01 
 6.901896589150e-02  2.381797550876e-01 -5.875777564322e-01 
-3.593244382199e-02 -2.664181167952e-01 -1.303813789041e-01 
 4.846990241709e-02 -4.048672273953e-01 -2.961989346537e-01 
 8.548918819750e-02  1.195665610247e-01 -1.990006820149e-01 
-1.101563837463e-01 -7.865067394162e-02  6.618882707093e-03 
 1.008383383073e-01  5.517078982924e-01  2.089696573122e-02 
-6.962512873984e-02 -1.951572339430e-01 -6.118884065842e-02 
 5.463533812824e-01  1.282286397231e-01  1.447301468046e-02 
-1.437250686632e-01 -1.248113548880e-02  5.875793625309e-02 
-6.800279965484e-03 -1.056848973847e-01  6.668047485028e-02 
 1.395897649452e-01  6.448089712025e-01  2.322580731659e-01 
-2.965321424883e-01  1.591886224384e-01  1.507820476281e-01 
-2.842423616299e-01 -8.041768224786e-02 -1.636481934234e-01 
 6.629341078947e-02  1.292031134602e-04 -2.535794511696e-01 
 6.596358847597e-02  1.803227712044e-01 -9.281035803536e-02 
 4.453241227454e-02  7.044914533734e-01  1.449322567410e-02 
 9.677940287176e-02  2.351862968811e-01 -1.462993173035e+00 
 1.294425810625e-02  1.065714154421e-01 -5.055696783140e-01 
-1.910070987963e-01  1.548060118760e-01 -7.947308543979e-01 
 3.620014479468e-02 -1.618790969058e-02 -6.125062322867e-01 
-2.005366905284e-01 -3.864231122766e-01  2.098619382362e-01 
 1.047910690533e+00  2.470278739029e-01 -5.531890315909e-03 
 4.531183234256e-02 -5.753097615793e-01  3.267836312071e-02 
-2.432165512264e-01 -3.907299953784e-01 -9.665619455284e-03 
 3.948824388164e-02 -3.365172203618e-02  5.830781135904e-02 
-9.948934310204e-02  9.245243746153e-02  2.738077577584e-02 
 2.515722163186e-01 -2.362936398975e-01  5.337961010929e-01 
 9.530765007799e-02  1.686104329283e-01  1.188761925474e-01 
 8.471557930552e-02 -5.515529292976e-02  1.867575948975e-01 
 3.070257433870e-02  4.882724964876e-02  1.539506411170e-01 
 3.292410958258e-01  2.096729128389e-01 -2.523084197892e-01 
-1.505887499954e-01 -2.471984640249e-01  1.844047335617e-01 
 1.683003454840e-02 -1.103564200340e-02 -7.245179011347e-01 
-2.976448516328e-02 -4.919360254454e-02 -3.037481782485e-01 
 1.032697671818e-01  1.365033956003e-01 -3.467204143794e-01 
 5.777514036967e-02  4.761116937253e-01 -1.989398494662e-01 
 4.206756785349e-01 -1.712427217372e-01  1.132074716012e-01 
 5.191691059672e-01 -3.524347426269e-02 -1.796144527568e-02 
-1.124193805673e-01 -1.623411959756e-01  2.215723215763e-01 
-3.808373726116e-01 -5.971902451344e-01 -2.097584148432e-02 
 5.165592038922e-02 -5.417232334060e-03 -1.843675595281e-01 
-5.337555888643e-02  4.429057346137e-01 -4.585359527416e-01 
 1.103559504079e-01  2.119525230732e-01 -1.723655397758e-01 
 3.866497687433e-01 -1.443292484214e-01 -2.404247822966e-01 
 3.097746548695e-01  4.867790612380e-01  2.592500584346e-01 
 8.302581175879e-02 -1.071656391661e-01  2.910502475233e-01 
-2.011400158891e-01 -7.262393921862e-02  1.631259287847e-01 
-6.144922128235e-02  2.094089806838e-01  5.001675150267e-01 
 7.626829948120e-03 -2.377201773429e-02 -6.011286073680e-01 
-2.667928097183e-02 -6.854764791209e-02 -2.506381250564e-01 
 5.511661869884e-02 -1.730215111166e-01 -2.380282142848e-01 
-4.594194066415e-01 -4.719595836866e-01 -1.824218618734e-01 
 1.159449491310e-01 -2.039285519922e-01  5.260571176129e-03 
 7.597876136599e-02  5.517157556678e-01 -5.672395608999e-02 
 2.393175962412e-01 -1.055787909009e-01  3.303773090201e-01 
 5.043908481489e-01 -3.925430378944e-01 -1.561724059468e-01 
-5.395357207462e-02 -3.268645802043e-03 -8.063522524117e-02 
-4.249479933843e-02  2.147692734518e-01 -2.288397468362e-01 
 6.857189645393e-02  2.831606868035e-01 -1.033122839927e-01 
-1.622140925620e-01  3.831640814850e-02 -8.990424299608e-02 
-3.707131981175e-01  3.636387278091e-01  1.931932755704e-01 
 4.134707982404e-02 -9.180183138690e-02 -6.640106078455e-01 
-1.017330724025e-01 -1.419648456931e-02  9.413722989536e-02 
-1.011666875247e-01 -4.941125832840e-01  2.142233140560e-01 
 1.925330874313e-01  7.772919864866e-01 -2.230099931947e-01 
 9.632939631056e-03  5.453016351761e-02  1.382607712430e-01 
 2.803562488898e-01 -1.458450720677e-01 -1.196234026580e-01 
 5.799891349330e-01 -4.215104879172e-01 -2.104013214091e-01 
 1.845221699826e-01 -1.944237533329e-02 -3.417005370118e-02 
-9.893481480065e-02  4.062293830885e-01  7.736851862881e-04 
 1.746216467586e-01 -3.770366870888e-01 -4.111459804202e-02 
 2.924901893698e-01  1.232598090349e+00  1.981527503671e-01 
 1.579060154242e-02 -3.147972834721e-02 -9.728834534968e-02 
 1.086642061432e-01  3.554234606797e-02 -2.340787630510e-01 
 3.433295091964e-02 -6.278326587300e-01 -1.549069407899e-01 
-6.695546534782e-01  1.388988363723e-01  1.288286145743e-01 
-3.857928935821e-01 -1.401439383051e-01 -6.388658614412e-01 
 2.577144698284e-01 -9.073612810380e-02 -1.109684394293e-01 
-4.636953378107e-01  1.969569711014e-02  1.544681720757e-01 
-5.520459429704e-02  3.218281265068e-01  2.938767876750e-01 
 5.307310036913e-02  2.546424502670e-01  5.548296730189e-01 
-3.162398309084e-01 -1.130887072153e-05  2.400557599088e-01 
-1.129104665032e+00  6.080429810281e-02  2.261064559405e-01 
 2.847988135649e-02 -1.262408172534e-02 -3.043975494449e-03 
-5.195519605363e-01  5.706914359026e-02  8.294178330901e-02 
 3.510870964455e-01 -8.137706247789e-01 -2.735945023135e-01 
-1.307347963227e-01 -1.104153367540e-01  2.034782997534e+00 
 1.796107946723e-01  9.022893985102e-01 -3.779117460381e-02 
-4.188635900298e-03 -1.714702804419e-02  8.760287853055e-02 
 3.684305452256e-02  2.294677675455e-02  6.148114423310e-01 
-6.535113350315e-02 -2.795686342261e-02  2.828967888179e-01 
-1.348543123875e+00  3.021151333471e-01 -5.651586374956e-01 
 2.410759197846e-01  1.046278405567e-01  1.003689659863e+00 
-3.267958412638e-01 -5.872959470310e-01 -8.253331202854e-02 
-5.130976415849e-01 -2.969004035023e-01 -4.353935191569e-01 
-1.410195084831e-01  5.691434422035e-02 -2.065468059254e-01 
-2.357951148142e-01 -1.054199785042e+00 -1.148316424078e+00 
-6.256696305965e-02  4.204416813436e-02 -7.356636104379e-01 
-2.614982434535e-01 -2.467009684930e-02 -3.833677571113e-01 
 4.323832768269e-01 -1.001897578654e-01 -1.209646441636e-01 
-9.433167559899e-02  1.279364361229e-01 -1.305833779356e-01 
-4.743085700906e-01  1.701908948323e+00 -1.461976853439e-01 
 1.334846474902e-01  1.993067572029e-01  4.996855318165e-01 
 8.232837600577e-02 -2.348172078124e+00  1.059390465362e-01 
 6.512095469511e-02  6.747545817604e-02  2.766222645460e-02 
-9.894845788271e-02  1.926026474558e-01  5.464535900140e-02 
-1.080234273792e-01 -3.782854281872e-01  3.073547385010e-02 
 2.985128563064e-01  1.039489111809e-01 -3.560920079541e-01 
-3.656257736834e-01  6.923698327871e-01  7.773293989226e-01 
-1.308944452712e-01  4.314800776774e-02 -1.040022709090e-01 
 5.879866012064e-01  5.465258448279e-02 -1.367519680295e-01 
 7.398729748078e-02  3.031632130061e-01 -1.223634095918e-01 
-9.800180588436e-02 -7.274355521402e-01 -9.777876483648e-02 
 4.182914424822e-01 -6.920206645643e-02  2.736607239356e-01 
 1.122971168228e-01 -5.465058047363e-03  2.598206702515e-01 
 6.673533689128e-03  7.849362810755e-02 -7.729032275866e-01 
-1.808760202921e-01 -7.277002251933e-02  2.622424514111e-01 
 1.156568347988e+00 -1.141763002111e+00 -6.641759806196e-03 
-3.365522564014e-02 -7.165322058599e-01 -1.581709302119e-02 
 7.088582785145e-04  6.126011476603e-01  1.635212077408e-02 
 1.152742750206e-03  7.072588973681e-03  4.704376511275e-03 
 9.108900583575e-02  1.872431899090e-03  1.874373918989e-01 
-5.590970507316e-01  8.249519308641e-02 -3.447611863713e-01 
 1.001243812510e-02 -2.878336870186e-02 -1.019580341023e-01 
 1.867622839881e-02  4.708386841727e-03 -1.276063526828e-02 
-2.293803998782e-02  1.365691017160e-02  1.280174939909e-02 
 1.272530864367e-02  5.117024339567e-01  3.220695943911e-01 
 9.135060301627e-01 -1.128814239492e-01 -1.023750824281e-01 
-4.075494328384e-02 -2.223207296341e-01  1.041899021029e+00 
 4.713779013877e-01 -9.330066254100e-02  7.808192537557e-01 
 9.193361765149e-03 -3.851694483206e-02  3.415513550456e-01 
 1.418112833538e-01 -1.393007400592e-01  5.841311793788e-01 
 1.278750257906e-03 -1.727961295324e-01  2.914109128563e-01 
 1.174504304037e+00 -2.049811708984e+00 -4.634130386990e-01 
 2.067004760534e-02  6.669747995748e-01  1.215963370448e-01 
 6.604850038852e-02  6.518571648213e-01  3.081054475106e-02 
-1.306530445730e-01 -1.045911378975e-01  4.945261744033e-02 
-5.955697580598e-01  1.019182135876e-01 -9.989643219875e-02 
-4.245734531956e-02 -7.793404223103e-02  1.216569074725e-01 
 1.606292364332e-01 -1.937067931979e-01  3.095036620119e-01 
-9.391388942209e-02 -2.059274766166e-01 -4.077798626021e-02 
-3.387557626930e-01 -6.655796278826e-01  5.114055812567e-02 
 8.039856505206e-02  5.670399077735e-01  5.223714037768e-02 
 5.269471715974e-01 -2.714159525921e-02  4.516979872218e-01 
 1.335020268225e-01  6.139158971212e-01 -5.885993969645e-01 
 1.206869325817e+00 -5.737762274541e-02 -5.287008702240e-01 
-1.625471265932e-01 -7.427044061390e-03 -1.134531271058e-01 
-1.013250373438e-01  1.390272830451e-01 -3.931292353973e-04 
-1.899584427385e-01  2.470263953161e-02 -2.250296830080e-01 
-8.833106102313e-01  1.257760725188e+00 -7.923401589183e-01 
-1.730465081145e-01 -1.817318233260e-01  2.303557942332e-01 
 2.999442267152e-02 -1.903339106776e-01  9.404941939473e-02 
 8.748584462303e-02  4.574008305304e-02  2.537438974810e-01 
 2.769989217460e-01 -9.431204923237e-01 -2.683996223573e-02 
 8.234113577462e-01  3.365927281899e-02 -4.870464446129e-01 
 1.018735972912e-01  2.775710839407e-01 -5.595701453888e-01 
-1.148936691373e-01 -4.057812874062e-01 -3.455463995136e-01 
-3.798471137729e-02 -2.611655719494e-01  2.262061594642e-02 
 3.620405760683e-01  3.940364446492e-01  5.303164129705e-02 
 2.614504619151e-01 -8.126865066265e-02  2.184871881768e-01 
-8.684609753648e-02 -4.386602976399e-01 -4.611342696473e-01 
-3.664826706482e-01 -4.542848311120e-02 -1.748274404960e-02 
-1.182371173332e-01  1.894635599691e-02 -2.353541194706e-01 
-4.026631758899e-01 -9.013868836263e-02  3.647910400459e-03 
 1.103141634444e-01 -2.045121074724e-01 -1.992033759913e-01 
-8.099147651942e-01  1.043747400646e+00 -1.145750376849e-01 
-3.375287445067e-02 -1.830489903253e-01  2.920832297516e-01 
 2.531771545788e-02 -3.584971048707e-01  1.004715165529e+00 
-1.891706410641e-01  8.035288381241e-02 -9.503675840666e-02 
-1.323019809965e-01  6.095800183557e-01 -1.046794527963e-01 
-2.494797654493e-01  2.555505911285e-01  2.455120224920e-01 
 7.218240044080e-03  7.481858150748e-02 -1.942479383664e-01 
-4.733608943633e-01  2.667602407948e-02  2.144700405355e-01 
-7.891917473640e-03  4.726323016242e-02  5.797390586879e-01 
-1.064097715499e-01 -3.059508072616e-02 -7.955751933226e-02 
-6.527294319715e-02 -2.160838639285e-01  4.580493986448e-02 
-8.313710564757e-03 -7.874816336374e-02  1.158511034798e-02 
-4.309551904758e-01  2.963051638586e-01  4.707608790253e-01 
 2.081718613506e-02 -5.730788313135e-02 -2.795125725275e-02 
-6.354796867318e-02  5.585796500456e-01  1.412123678072e-01 
 3.285635908262e-01 -1.652459119968e-01 -7.534582764107e-02 
-3.355520319404e-01 -4.359937306128e-02 -3.418658177515e-01 
-1.295933859737e-02 -7.672841418142e-02 -6.792419194033e-02 
 6.850271979791e-03  3.706711524535e-01  2.615655734682e-02 
 1.078319616183e+00 -1.412921121668e-01 -7.637080500445e-02 
-1.566070063046e-01  7.627653129777e-01 -1.687025528827e-01 
-3.808300712408e-01  1.713269504387e-01  2.665734089793e-01 
 2.177857204910e-01 -2.070817273798e-03 -2.152314564432e-02 
-5.251766962913e-01 -2.917974467356e-01 -2.077717882358e-01 
-6.970568200291e-02 -5.498942579149e-02 -3.409552425664e-01 
 2.474462568766e-02 -9.417532695420e-02  2.029025784592e-02 
-6.162292354559e-02  1.438617118404e-02  4.529361534525e-02 
-6.043500369850e-02 -4.218717154748e-01 -1.132238500330e+00 
 8.425146500487e-01 -9.220368703127e-02  1.601279279986e-01 
-6.993305039155e-02 -1.825380421745e-03 -4.415777470155e-01 
 1.973123105126e-01  1.373280465095e-01  5.924854633993e-01 
-9.553140037452e-01 -6.921464455418e-01 -4.109213201223e-01 
-1.768120179939e+00  1.612274102300e+00  8.103268894047e-01 
 3.016863542478e-02  2.126632976126e-02  4.149583380603e-01 
 5.869908266697e-02 -7.784445084184e-01 -3.894836313495e-02 
 1.657157986135e-01  5.999701563358e-02 -8.303611061583e-03 
-1.178395271978e-01 -2.334088627191e-01  4.635486454725e-02 
 3.914510283274e-01 -4.744864108019e-02  3.732528383001e-01 
-2.958707027012e-01 -5.790001397395e-02 -4.126717910398e-02 
-1.668172973154e-02  2.128090387022e-01  1.381043175562e+00 
-1.470429978076e-01  6.512428340979e-01 -6.016075039435e-02 
-5.587991039698e-01  1.939392921556e+00 -6.728575987031e-01 
 9.385974095067e-01 -1.199537940199e-01  4.276992619244e-01 
-2.331200736463e-01 -1.261590954929e+00 -1.421055180830e+00 
-7.184821315897e-01  1.054759755546e-03  2.212963956021e-01 
 2.581059892859e-01  1.286485429861e-02 -5.534292948946e-01 
 2.438253662463e-01 -1.944252644456e-01  1.427436955778e-01 
 8.797366034628e-01 -7.845651377432e-01 -4.581295009150e-01 
-1.866953877429e+00  2.095430673553e+00 -6.778869387125e-01 
-1.701669553248e-01 -3.937212369430e-01 -3.211381562022e-01 
-6.353084364539e-02 -9.475912577823e-01 -4.239053001958e-01 
-3.875984754039e-01  3.137705628488e-01  9.400378686917e-02 
 6.721224078439e-02  2.242765782275e+00 -8.338693678483e-01 
-8.816260008972e-01 -2.543267095335e-02  6.383162046111e-01 
 1.463778391506e+00 -2.068477449773e-01 -6.049259167589e-01 
 1.224580394565e-01 -6.092305472592e-01 -9.944160942735e-02 
-4.819475992319e-02  1.149226743942e-01 -3.932072432957e-02 
 1.032627627293e-01  4.797128900914e-01 -1.021998610901e-01 
 7.582243595952e-02  1.533189176732e-02  3.822081573053e-01 
-2.179940556379e-01 -1.000308285541e+00  5.218072592190e-01 
 7.423958905303e-02  6.224336564135e-02 -1.308695383518e+00 
 6.500087155167e-02 -2.836981658577e-02  1.487029713979e-01 
-5.568290532066e-02  9.779328713008e-02 -6.725889862352e-01 
-1.374623534633e-01  3.013841374562e-01  3.882430887668e-03 
 1.908586767971e-01  1.276704991482e+00  3.959273578012e-02 
 2.519319868173e-02 -3.243269804720e-01 -7.706053085280e-02 
 7.716197267626e-03  1.204840484980e-03 -4.142046821317e-02 
 1.873476945818e-01  1.415026028693e+00 -1.517892807167e-01 
-2.875529263579e-01 -5.943524128354e-01  1.084425487161e-01 
 1.630851697823e-01  5.070523021135e-03 -1.987751959692e-01 
-3.695276010909e-01  1.227271198462e-01  4.732001637822e-01 
 1.535958820581e-02 -3.827356083827e-01 -3.814394222098e-01 
 1.453869689455e-01 -3.663669540894e-01 -6.128319200211e-02 
-3.890449472524e-01 -3.087325389173e-01  6.323059859486e-02 
-1.079396028860e-01  2.680086316056e-02 -1.500850858542e-01 
-6.984440826783e-02 -5.257553921970e-01 -1.160797317698e+00 
-7.896106257971e-02  4.487867994216e-03 -8.389411492717e-03 
 2.451927285250e-01 -3.061260701583e-02 -2.462818529089e-01 
 6.740083442062e-02  5.410180579472e-02  1.710640747386e-01 
-8.740017349913e-02 -6.509705908504e-01  9.930347605433e-02 
 7.226837411641e-01  2.711886072403e+00 -1.654068186015e-01 
 1.575139098272e-01  1.183885957356e+00 -2.240622660915e-01 
 1.191603260336e-02 -2.301955510533e-01  2.163339534426e-01 
 1.415846078068e-01  1.580624127439e-01 -2.800310269289e-01 
 1.077719420425e+00  7.858380379417e-01 -2.421377960231e-01 
-2.097977049649e-01  4.570786185026e-02  4.055561675104e-01 
-2.162632279298e+00  8.187572685603e-01  6.060637890714e-01 
 2.357676657239e-01  5.906667807728e-01 -2.829630611642e+00 
 1.043897515392e+00 -9.268232067493e-01 -3.837100885226e-02 
 6.647701508498e-01  9.550962986336e-01 -1.841448267758e-01 
 3.494897067031e-01 -8.780134044413e-02  2.266876182266e-01 
-4.687017521373e-02 -2.865396926796e-01 -2.783725405438e-01 
-1.208312491773e-01  5.273724793826e-02  5.653380817496e-03 
-6.289831304416e-01 -1.279722143134e-02  3.055719554200e-02 
-2.698848844392e-02 -7.790840556435e-03 -9.170392936738e-02 
 8.896307648879e-01 -1.552242967557e-01  1.238571451467e-01 
 5.481019792379e-01  3.886945868627e-01  1.201717789863e+00 
 2.777914924324e-01  2.857651642472e-01  6.867916362781e-01 
 7.089907145668e-02  2.248101259284e-02  2.210940706032e-01 
 2.335098117320e-01  2.073513598117e-01  1.674076207470e+00 
 8.609163020814e-02  1.151223516104e+00 -2.579818030440e-01 
-3.884689455242e-01  6.426717374622e-02 -1.978827833658e-03 
-3.373004438871e+00  1.330418275090e+00  9.140119092533e-01 
 3.250788584390e-01  6.581270575364e-01  1.992974710017e+00 
-7.952105963444e-01  6.476704268305e-01  2.265726790484e-02 
-3.521786684152e-01 -4.332138998059e-01  6.766315032595e-02 
-1.842767553120e-01  1.755325600709e-02  2.204294014740e-01 
orbocc
(*)
 0.000000000000e+00  0.000000000000e+00  0.000000000000e+00 
 0.000000000000e+00  0.000000000000e+00  0.000000000000e+00 
 0.000000000000e+00  0.000000000000e+00  0.000000000000e+00 
 0.000000000000e+00  0.000000000000e+00  0.000000000000e+00 
 0.000000000000e+00  0.000000000000e+00  0.000000000000e+00 
 0.000000000000e+00  0.000000000000e+00  0.000000000000e+00 
 0.000000000000e+00  0.000000000000e+00  0.000000000000e+00 
 0.000000000000e+00  0.000000000000e+00  0.000000000000e+00 
 0.000000000000e+00  0.000000000000e+00  0.000000000000e+00 
 0.000000000000e+00  0.000000000000e+00  0.000000000000e+00 
 0.000000000000e+00  0.000000000000e+00  0.000000000000e+00 
 0.000000000000e+00  0.000000000000e+00  0.000000000000e+00 
 0.000000000000e+00  0.000000000000e+00  0.000000000000e+00 
 0.000000000000e+00  0.000000000000e+00  0.000000000000e+00 
 0.000000000000e+00  0.000000000000e+00  0.000000000000e+00 
 0.000000000000e+00  0.000000000000e+00  0.000000000000e+00 