2mocoef
header
1
MO-coefficients from MOLCAS
1
26   26
a
mocoef
(*)
 9.423243192647e-05 -5.172585967162e-04  5.737587413171e-03 
-3.006977898141e-05  1.578856965569e-05 -4.537015560161e-04 
 2.335719420422e-04  6.998628882902e-06  3.159764783708e-03 
 9.959332128018e-01  2.430382643845e-02 -1.414480627051e-02 
 1.152487104613e-04  1.560273748992e-04 -8.417102339463e-04 
-2.816074882233e-04 -1.548817161329e-04  2.585397417807e-03 
-1.599341365597e-04 -1.390440734616e-04  2.202811579099e-05 
 1.971810020469e-03 -2.766042600224e-05  1.633476197164e-03 
-1.408314211188e-04  2.019146063602e-04 
 9.960617098167e-01  2.417197164328e-02 -1.140070134934e-02 
 4.474469439539e-05  6.886499011877e-05  9.658117121149e-04 
 6.789878850530e-05 -1.179194365866e-04  5.502269069641e-04 
-3.374536973686e-04 -1.637894985573e-04  7.849578466836e-04 
 2.610500563062e-05  4.182969436384e-07  4.042177454250e-04 
-2.582367080036e-04 -1.087610978665e-05 -1.212508715572e-04 
-2.073514956331e-04  2.615839891772e-03  1.232234381390e-04 
 5.260125880703e-04 -2.189824590530e-05  2.822695658678e-04 
-1.648488354091e-04  2.884467911607e-03 
-1.047208879846e-01  2.167653301368e-01  4.998220954649e-02 
 2.931391771228e-03  3.267376324697e-03  1.070205405973e-01 
 3.002270476589e-03  1.111944635705e-03 -4.178357866607e-02 
-1.946188349747e-01  4.185300210196e-01  4.163451249428e-01 
 1.531958619269e-02  1.037233688080e-02 -4.168740436222e-02 
 2.647846459333e-03  4.753511033805e-03 -2.144259970726e-02 
 4.442383741344e-02  1.522589067228e-03  1.315158612740e-01 
-7.197818844591e-03  1.147041615405e-01 -6.555979113146e-03 
 4.785337430214e-02  9.350241279907e-04 
 1.702060698317e-01 -3.695529371957e-01 -3.331943479994e-01 
 7.282063755381e-03 -7.250076328186e-03  1.193344869972e-01 
-2.931822166788e-04 -4.520585099363e-03  4.420191824608e-02 
-7.419372098816e-02  1.615251936311e-01  2.323504479110e-01 
 1.268055311320e-02  9.703758759936e-03  2.041812664769e-01 
 1.147681851758e-04  6.529913667428e-03  6.681002607390e-02 
-1.605135469067e-01 -3.335496104920e-02  1.137736650737e-01 
 9.466351410274e-03  1.056523802669e-01  6.298272905344e-03 
-1.788364962715e-01 -3.254646714949e-02 
 9.709741748907e-04 -4.779163068352e-03 -4.342236539568e-03 
 1.342219375810e-01  1.259037031354e-02  8.847182289293e-03 
 1.358099563416e-02  3.189030262987e-03  4.056091401884e-03 
 6.976896567983e-03 -1.470772221019e-02 -2.835859235837e-02 
 5.001813960791e-01  5.809781138888e-02 -2.946842984754e-02 
 2.991472175408e-01  3.688693958892e-02 -2.090734242480e-02 
 3.142530300113e-02  1.206653891735e-02  2.240420211498e-01 
 2.033614819704e-02 -2.291516832992e-01 -2.197519304222e-02 
-3.560975159314e-02 -1.200495166202e-02 
 5.713058357102e-03 -2.933899733866e-02  1.148445560892e-01 
 2.848423742381e-01 -4.104062871887e-02 -3.427226595547e-01 
 1.670575786215e-01 -1.733498905525e-02 -4.988239452848e-02 
 8.314446573179e-03 -2.110805056229e-02 -1.741160973170e-02 
-4.599646175338e-02 -6.949049437453e-02  3.738576117313e-01 
-6.972391547342e-02 -4.920036100192e-02  1.859106462533e-01 
 2.480548499518e-01  1.156692293797e-01  5.093506681881e-02 
 1.181296874648e-02  1.421039862676e-01  4.519898093600e-02 
-3.807235085271e-02 -7.460029788682e-03 
-3.477032054000e-04 -1.087175057195e-03  7.704017255586e-03 
 1.053683947738e-01  1.952035712416e-01  6.735343053402e-03 
 6.618195618712e-02  5.847871671589e-02  4.026023087379e-03 
 5.360305136970e-03 -1.447357246077e-02 -1.753148193262e-02 
-9.665000547694e-02  5.709934236172e-01 -9.761292035107e-03 
-7.997259920486e-02  4.347134230253e-01 -4.666633268973e-03 
 6.094988817250e-02  3.379470272336e-02 -2.640566164349e-02 
-1.058274302509e-02  3.157100061938e-02  9.770701462552e-03 
-5.947906133748e-02 -3.330603314683e-02 
 5.209228906935e-03 -2.096077919180e-02  5.199448658231e-02 
-3.743034469576e-01  6.857516987959e-02 -2.650103439478e-01 
-2.099089863714e-01  2.590089493708e-02 -5.366784069853e-02 
 4.447414600964e-03 -1.264228371342e-02  1.629343358066e-02 
 1.112612365231e-01  1.084906081120e-01  2.683746736336e-01 
 1.129018455804e-01  7.089913651012e-02  1.181367178492e-01 
-1.317713140952e-01 -5.892007385113e-02  1.453545811928e-01 
 4.427708745857e-02  3.304226786419e-03 -3.977446193790e-03 
 2.719016867120e-01  1.116536658139e-01 
-4.586020801180e-03  1.108269657849e-02  1.356684022098e-02 
-4.936736718849e-02 -6.122233059935e-01 -1.092054169968e-02 
-5.632717471994e-02 -5.823558655472e-01 -1.512588888677e-02 
 2.739061393124e-03 -7.990794258139e-03 -6.938893239383e-03 
-7.733662922325e-03  2.814552783773e-01 -1.129274920390e-03 
-1.597481708409e-02  3.947339982584e-01 -6.630633072495e-03 
 5.002124671169e-03  1.719619156142e-02  2.429092398857e-02 
 2.341821537792e-02 -1.364926227504e-02 -1.268647306002e-02 
-1.361312077455e-02 -2.668496344532e-02 
 2.246391419011e-02 -6.808218555577e-02 -3.764229304120e-01 
-3.729755402803e-02 -1.383748032249e-03  1.046270539972e-01 
-1.117857351020e-01  1.306160374760e-03  6.796946922945e-01 
 1.039078382779e-01 -1.497014727057e-01 -1.857256611498e+00 
-3.163797798057e-03 -1.484760594243e-02 -1.121295397003e-01 
-2.140050322681e-02 -4.260984328162e-02 -2.612929615640e-01 
-6.404961253287e-04  5.969323815042e-01  7.542908115122e-02 
 1.120479192298e+00  6.634429965548e-02  1.028466330839e+00 
-1.294993201417e-02  4.434911379427e-01 
-6.023928235477e-02  8.702644278025e-02  9.714109028578e-01 
 2.371687582319e-01 -1.395043318299e-02 -4.945665054519e-02 
 5.353992622587e-01 -6.460309892975e-02 -1.626377526148e-01 
 3.283288945141e-02 -5.833059888698e-02 -4.458430717507e-01 
 2.052295420440e-01  2.381489862711e-02 -6.733725021679e-03 
 6.822264159000e-01  8.792617975847e-02  1.429713207563e-02 
-8.002408412170e-02 -1.365755589161e+00 -5.882032839644e-02 
-8.200968210741e-01  9.875099778508e-02  1.285872878896e+00 
 2.652241645643e-02  1.344324135097e-01 
 1.125952947544e-01 -1.581626020554e-01 -2.100014901121e+00 
 1.090980719117e-01 -1.857190097094e-02  1.173788214787e-01 
 2.552156222983e-01 -8.899874765123e-02  3.787025065236e-01 
-4.727566527019e-02  8.265195684871e-02  7.124798461890e-01 
 1.148276337352e-01  2.258387144692e-02 -5.862190673376e-02 
 3.975536816062e-01  7.872365144419e-02 -2.334721494682e-01 
 1.775373517401e-02  8.265699927919e-01 -4.660671187837e-02 
-9.150541092532e-01  2.504704691606e-02  3.292467358327e-01 
 6.224551203600e-02  1.722055838297e+00 
 5.665842944372e-03 -1.025599141615e-02 -1.364829991272e-01 
 2.826698566518e-01 -4.115588238514e-02  2.887315098902e-03 
 1.500090371176e+00 -1.006562865286e-01  1.049029517825e-01 
 2.769397858273e-03  2.941196639809e-03 -1.546001670084e-01 
-2.379694766051e-01 -8.631169582195e-03 -1.602186125598e-02 
-1.090679718586e+00 -2.934952699571e-02  1.513397510622e-02 
-5.800735639687e-02 -1.485282079912e+00 -3.073709076746e-02 
 1.185288308963e+00  3.456282023216e-02 -1.018974355151e+00 
 4.339962455228e-02  1.646759281958e+00 
-5.320156478143e-02 -6.222102848483e-02  2.076794235467e+00 
 2.738580291350e-02 -4.342560732626e-03  1.154511357826e-01 
 1.074430109607e-01 -4.161183014791e-02  2.876370775964e+00 
 4.791154558646e-02 -2.371654056741e-02 -2.024758547167e+00 
 1.479889174009e-02  1.074721018176e-02  3.315607996201e-01 
 3.132151732477e-02  3.836943375518e-02  1.916357512957e+00 
 1.848559180130e-02  4.706573726636e-01 -6.477594296224e-02 
-8.322159643182e-01 -6.045665034098e-02 -7.702066600299e-01 
-2.376308489753e-02  8.847666533076e-01 
-6.262440483165e-03  2.631562473951e-01  2.989122814230e-01 
-8.186656424208e-02  8.611890618662e-01  4.165510585742e-01 
 2.233789977324e-01 -1.005165944301e+00 -1.718808035941e-01 
 1.947198326510e-02 -2.815486043668e-02 -8.299901638332e-02 
-5.548052474506e-02  1.846940648682e-01 -9.068296525144e-02 
 1.146444199189e-01  4.947702149701e-02  7.162183896387e-01 
-1.181816981596e-01 -5.449542405256e-02 -1.894790637047e-01 
-5.246004774338e-02 -3.971135406585e-02 -5.599657292805e-02 
 6.828035105969e-02  4.452266239680e-02 
 1.706007017501e-02 -4.610294414174e-01 -6.417889094140e-01 
 9.581860672866e-02  5.058222216131e-01 -7.487378858948e-01 
-7.578044655679e-02 -5.741657099784e-01  4.616206924872e-01 
-3.265167492581e-02  4.439348469461e-02  6.448146428504e-02 
-9.837514083689e-03  1.003489658419e-01  1.456624712123e-01 
-7.138018793434e-02 -5.214873251340e-03 -1.250273207061e+00 
 8.019577390270e-02  7.147964078234e-02  2.414202054960e-01 
 1.167060237163e-01  1.728806924432e-01  8.580283162510e-02 
 6.409317370730e-02  1.263483191729e-01 
 3.638552559108e-03  3.949891542516e-02 -2.773991773477e-01 
-6.511291039747e-01 -1.445139200220e-01 -1.387200062038e-01 
 1.603853924930e+00  6.747702335133e-02  4.955677480701e-01 
-1.486609409768e-03  2.741709290275e-02 -1.999836995823e-01 
-7.076997660729e-02  3.653446395782e-02  1.891566928857e-02 
 1.789141591457e-01  1.014123810369e-02 -8.187892005428e-02 
-3.983610137419e-01 -1.666867766082e-01 -1.889653977536e-01 
-3.077381335533e-01  3.197481728346e-01  1.664322342071e-01 
 5.110286053275e-01  5.360600631947e-01 
 6.679395768974e-02  1.150460570045e+00 -2.128066050223e+00 
 1.105313558653e-01 -3.837054045561e-02 -2.271086112448e-01 
-2.489353509663e-01  4.141702063041e-02  1.333164071091e+00 
-8.250718842211e-03  2.786078536104e-01 -6.207922225683e-01 
-3.282386795139e-02  1.120618020635e-01 -3.118478543566e-01 
 6.334537002532e-02 -1.382456064792e-01  4.771000566888e-01 
 6.540574684317e-01  6.626113663020e-01  2.713683368809e-02 
-1.992867526827e-03 -4.693987894614e-03 -3.780933668237e-02 
 5.681030057585e-01  6.329281303828e-01 
 7.671878510338e-03  1.607102985023e-01 -3.337700311770e-01 
-9.484020030858e-03  2.138481682977e-01 -2.607143948420e-02 
 6.675940826557e-02 -6.469993980817e-01  2.158171057042e-01 
-2.614596323297e-03  3.891112241142e-02 -6.223483173000e-02 
 5.258153392779e-02 -9.543051861815e-01 -1.298787110915e-02 
 1.070717697518e-03  1.283111487906e+00  4.898250533586e-02 
 4.421924061635e-02  9.846230722453e-02 -4.874810816850e-02 
-5.403966130033e-02  4.093056744782e-02 -1.842114940262e-03 
 1.145725051062e-01  1.462178670062e-01 
 6.073807819665e-02 -8.211237635272e-01  1.319253308807e+00 
 7.680406082810e-03 -1.642129424103e-02 -4.947129319496e-01 
 4.906874826849e-03 -2.116452028045e-03  3.010446571084e-01 
-7.865647389207e-02  7.087547313352e-02  2.853834963842e-01 
-7.833759331520e-02 -5.386501736360e-03 -4.576543069771e-01 
 1.921475336637e-01  6.444829110813e-02  7.412992377042e-01 
 3.534675990366e-03 -2.189823899605e-01 -6.759525691795e-01 
-1.100338186136e-01 -7.345283172994e-01  1.948680003270e-01 
 1.098620468996e-01 -3.286139878612e-01 
 1.507040886912e-02 -3.359453407670e-01  7.555537711495e-01 
-9.130482798367e-01  8.437009349179e-02  9.205453230010e-02 
 2.052633301241e+00 -1.424231404486e-01  6.492321551592e-02 
 5.081919228112e-03 -2.093750591363e-02 -2.183612085729e-01 
 2.371357071281e-01 -8.340615233280e-03 -7.513850963555e-02 
-1.104445432946e+00 -1.316323342274e-02  2.050517622278e-01 
 8.304198033479e-01 -2.000016673609e+00  2.872386795384e-01 
 1.423600300680e-01 -1.890090426615e-01 -2.443108611076e-01 
-4.438959622180e-01  1.408506741027e+00 
-2.634407987079e-02  7.967560161686e-01 -2.159865489985e+00 
-2.172520874717e-01  1.629442500121e-02 -8.144291247077e-02 
 1.180767133725e-01 -3.225537824000e-02 -3.565892942994e-01 
-3.272611628458e-02  2.544161590074e-01  2.235434259516e-01 
-6.893287379298e-01 -3.900867025080e-02  5.314103885520e-01 
 1.021932408901e+00  6.788282600520e-02 -1.046695816350e+00 
-2.563275083380e-02  1.982413336906e-01  6.570626986644e-04 
-3.035356038264e-01 -7.497719077351e-01  1.546010664699e+00 
-3.781825712775e-01  7.243635295777e-01 
-2.162511477537e-02  9.472549056905e-01 -2.264564045025e+00 
-9.925742328555e-02  3.513009878367e-02 -3.489625266423e-01 
 6.688501698599e-01 -6.048866579698e-02  1.004371235542e-01 
-3.164585708694e-02  1.505280534726e-01  3.146568666621e-01 
 7.934178780396e-01  7.195471081895e-02  2.037988555490e-01 
-1.511545552528e+00 -9.934396644742e-02 -4.747428566559e-01 
-3.424670278502e-01  3.759037811969e-01 -5.908725854806e-01 
 1.345814054587e+00 -1.266088948546e-01 -5.846261912235e-01 
-4.173598274795e-01  1.178775188445e+00 
-1.544007903536e-02  5.195028775122e-01 -4.718955114183e-01 
-1.379660560406e-01  2.479264690171e-02 -6.163737919438e-01 
 1.698919013826e-01 -3.842548863177e-02  1.100812480180e+00 
 2.649970342817e-02 -4.723016048421e-01  5.644490163844e-01 
-2.460992802195e-01 -4.486903343107e-02 -6.951496357300e-01 
 2.990556722352e-01  6.534319377593e-02  1.127834218043e+00 
-4.219217434083e-01  6.931420014057e-01  4.769222263715e-01 
-1.158924282475e+00  1.784063057678e-01 -5.425864220762e-01 
-6.717438687986e-01  1.138926993254e+00 
-1.862223804404e-03 -2.859532820566e-01  2.921124036412e+00 
-4.633753860046e-02  5.299263708723e-03 -3.615786279077e-02 
-3.696945859272e-01  2.013759232819e-02  1.356571893728e+00 
 4.259500220287e-03  1.911213155905e+00 -4.739003676105e+00 
-6.470609210781e-02  1.835243378533e-03 -2.670690291615e-01 
 5.631093739068e-01 -1.001986737765e-02  1.313335804532e+00 
-9.979134797250e-02  6.091711901046e-02  2.374075541970e-02 
 2.674406505136e-01  4.504444554983e-01  4.354790109288e-01 
-3.650721405773e-01 -9.562749637660e-02 
 6.988421635970e-05  4.385030265352e-02 -1.067895910955e+00 
-9.383686175140e-02 -2.274766339490e-02 -9.628212682720e-02 
-2.101378304382e+00  8.955385784091e-02 -7.326952476003e-01 
-1.527798400424e-02 -4.766772953911e-01  1.652595492939e+00 
-2.269581409356e-01  1.154094774235e-02  1.014934236594e-01 
 2.755079049983e+00  1.186891202173e-01 -7.950626820013e-01 
 5.652530604674e-01  6.269450039874e-01 -1.093345313563e+00 
-5.597841489719e-01  8.931153006586e-01  5.490011203511e-01 
-5.050859719842e-01 -7.665594485126e-01 
orbocc
(*)
 0.000000000000e+00  0.000000000000e+00  0.000000000000e+00 
 0.000000000000e+00  0.000000000000e+00  0.000000000000e+00 
 0.000000000000e+00  0.000000000000e+00  0.000000000000e+00 
 0.000000000000e+00  0.000000000000e+00  0.000000000000e+00 
 0.000000000000e+00  0.000000000000e+00  0.000000000000e+00 
 0.000000000000e+00  0.000000000000e+00  0.000000000000e+00 
 0.000000000000e+00  0.000000000000e+00  0.000000000000e+00 
 0.000000000000e+00  0.000000000000e+00  0.000000000000e+00 
 0.000000000000e+00  0.000000000000e+00 