2mocoef
header
1
MO-coefficients from MOLCAS
1
26   26
a
mocoef
(*)
 8.562100399007e-05 -4.987850112437e-04  5.664480976895e-03 
-2.316726979233e-05  2.395423606800e-06 -3.824817734881e-04 
 2.350934846206e-04 -6.345102457337e-06  3.140737120847e-03 
 9.959407161751e-01  2.430027118838e-02 -1.418040597188e-02 
 1.153574066975e-04  1.596457747654e-04 -7.868200599295e-04 
-2.894929980902e-04 -1.438401639195e-04  2.473178475783e-03 
-1.683791252161e-04 -1.465138288230e-04 -2.975591902062e-07 
 1.999919654802e-03 -4.375923515509e-05  1.659501719556e-03 
-1.593958342592e-04  1.888874940756e-04 
 9.959874726758e-01  2.449255255336e-02 -1.123517716575e-02 
 5.088980335626e-05  1.348441336363e-04  1.115784541721e-03 
 6.392979147919e-05 -1.082381739293e-04  5.785257432279e-04 
-3.225396884908e-04 -1.770551074181e-04  6.273235090453e-04 
 2.922848538312e-05 -1.252075101822e-05  4.270794851062e-04 
-2.651980570384e-04 -2.446098249276e-05 -4.821082809748e-05 
-3.045166107796e-04  2.596023753117e-03  1.310630200969e-04 
 5.212118690182e-04 -2.295607310453e-05  2.666251937832e-04 
-2.475579742858e-04  2.870951714068e-03 
-9.977591237546e-02  2.025961460931e-01  4.166363058533e-02 
 3.858505292600e-03  2.937254466349e-03  1.127863808915e-01 
 3.445310031778e-03  7.845133379378e-04 -3.858789567837e-02 
-1.973059303611e-01  4.287954924950e-01  4.205498416657e-01 
 1.509530030509e-02  1.068204100755e-02 -4.549228856667e-02 
 2.190116959391e-03  5.083126497197e-03 -2.278288851526e-02 
 3.905234117596e-02  6.593631621934e-04  1.326527344177e-01 
-9.518558796540e-03  1.158674097958e-01 -8.692305783719e-03 
 4.090167261437e-02 -3.556725133253e-04 
 1.723307787690e-01 -3.651259750663e-01 -3.324528180100e-01 
 8.165223317184e-03 -9.881245215480e-03  9.713888267860e-02 
 7.775817260056e-04 -6.609987547950e-03  4.075427713575e-02 
-6.887997866481e-02  1.517716667764e-01  2.229075302792e-01 
 9.199307516928e-03  8.038824751224e-03  2.257505850733e-01 
-2.194893973766e-03  5.766694928814e-03  7.873051280932e-02 
-1.564692638437e-01 -3.350163865708e-02  1.132964985088e-01 
 8.783296056586e-03  1.093147201711e-01  6.021401970747e-03 
-1.759660097792e-01 -3.393473106282e-02 
 2.344701130652e-03 -7.752734961599e-03 -6.894942561171e-03 
 1.461071351010e-01  1.038694693996e-03  1.047076609489e-02 
 2.132712286767e-02 -2.056758078865e-03  4.655514313609e-03 
 6.394594649841e-03 -1.350426893653e-02 -2.693415361583e-02 
 5.010320913610e-01  3.568196891463e-02 -2.863564976764e-02 
 2.930583496255e-01  2.032033144365e-02 -2.057168682792e-02 
 4.019676573425e-02  1.958946327850e-02  2.227731268247e-01 
 1.793215055239e-02 -2.270042345666e-01 -1.875203260417e-02 
-4.705723451602e-02 -1.933526335004e-02 
-9.600626156876e-04 -8.917703247138e-03  9.589492587163e-02 
-3.279142447114e-01  3.304575795685e-02 -3.003822954449e-01 
-1.979778255045e-01  1.226460951159e-02 -5.717835526983e-02 
 5.781579112204e-03 -1.623483362286e-02  2.764760477268e-03 
 1.297043283827e-01  3.185897770406e-02  3.223122461719e-01 
 1.150847803143e-01  1.288544920207e-02  1.525357659720e-01 
-9.519332316151e-02 -4.423957489795e-02  1.592682766267e-01 
 4.472710403675e-02  1.039491713988e-02 -4.051320262718e-03 
 2.703266758205e-01  1.103534835655e-01 
 1.350633214875e-03 -4.819053083952e-03 -1.003187589303e-03 
 3.679397815695e-02  3.077917424781e-01  7.930269288241e-03 
 3.062640953460e-02  1.442944542001e-01  5.369665082874e-03 
 4.664714210301e-03 -1.282845697342e-02 -1.359375105933e-02 
-5.431410016127e-02  5.438195476555e-01 -1.103445054841e-02 
-4.308793820284e-02  3.698020089217e-01 -6.748745229144e-03 
 1.591975958311e-02  1.004330692312e-02 -4.914566692253e-03 
-6.727026985478e-03  1.039904178738e-02  4.929208209101e-03 
-1.671981366358e-02 -1.111307836643e-02 
 2.865124236732e-03  8.552405347980e-03 -1.378939378576e-01 
-3.313081507406e-01  2.133454020206e-02  2.910744816619e-01 
-2.083786445808e-01  9.740710428852e-03  3.390910935649e-02 
-9.712321390372e-03  2.464563887820e-02  3.888006448719e-02 
 8.455521855882e-02  1.837535387852e-02 -3.343803592103e-01 
 9.679877559966e-02  8.615659851350e-03 -1.771454200190e-01 
-2.723721827818e-01 -1.259115011271e-01 -1.804321432561e-02 
 8.170996573584e-04 -1.472933075043e-01 -4.440008650735e-02 
 7.384299651296e-02  2.343931166186e-02 
-5.169550396776e-03  1.313746507762e-02  1.673846369915e-02 
-3.988771562534e-02 -5.856801370466e-01 -9.265900689011e-03 
-3.967036430936e-02 -5.400508396208e-01 -1.002333140066e-02 
 4.124803264239e-03 -1.199593115267e-02 -1.537912350747e-02 
-2.290225743919e-02  3.964776659355e-01 -3.491813379325e-03 
-2.596694686608e-02  4.190407386561e-01 -5.624609867505e-03 
 1.002536507131e-02  1.275651849026e-02  2.302691481157e-02 
 2.299813232974e-02 -1.010172104749e-02 -1.154218923001e-02 
-1.862182927109e-02 -1.999046667240e-02 
 1.343060524244e-02 -4.915733435990e-02 -2.420739025784e-01 
-2.436888164918e-02 -7.791668094448e-04  8.855731874675e-02 
-8.186204151736e-02  2.469156780265e-03  5.752054587853e-01 
 1.066741115663e-01 -1.605254117316e-01 -1.861152454475e+00 
 3.640991100945e-03 -1.528282949092e-02 -1.212902448686e-01 
-3.661660465539e-04 -4.206450915817e-02 -2.880655039537e-01 
-9.666193080727e-03  4.283664526683e-01  7.791009698076e-02 
 1.129130280483e+00  7.645246352543e-02  1.108246941143e+00 
-1.442860765310e-02  3.430124424177e-01 
-4.303158711360e-02  6.248239047826e-02  6.555415967277e-01 
 2.173018806069e-01 -1.295976664806e-02 -3.316427640333e-02 
 4.639072369637e-01 -6.734158540501e-02 -1.555553902860e-01 
 1.770315256036e-02 -3.566342421934e-02 -1.869880855653e-01 
 2.463643859656e-01  2.830222641756e-02 -9.386723290831e-03 
 8.235825539236e-01  1.030463001945e-01 -6.248830228017e-03 
-6.762829911417e-02 -1.123921747463e+00 -7.042701977021e-02 
-1.128663755224e+00  9.678802417304e-02  1.337117940366e+00 
 3.206617591811e-02  2.432108761744e-01 
 1.230277670706e-01 -1.689343599500e-01 -2.269178509795e+00 
 4.892008114678e-02 -1.476271963678e-02  1.182714074393e-01 
 8.973095546065e-02 -7.174418345391e-02  4.560690231174e-01 
-4.502815519754e-02  8.427832835756e-02  6.458314528290e-01 
 9.272572376822e-02  1.777236202827e-02 -6.032627783383e-02 
 3.275605737976e-01  6.117081504864e-02 -2.598379402668e-01 
 3.135825016797e-02  1.157086774919e+00 -2.796145072212e-02 
-7.441798365618e-01  1.442349258984e-02  2.359344019427e-01 
 5.140865258864e-02  1.634889352500e+00 
 8.264768085776e-03 -1.161385298806e-02 -2.032686167392e-01 
 2.982715954283e-01 -3.919012369405e-02  4.566109702296e-03 
 1.572025878809e+00 -1.117292363737e-01  9.623668723296e-02 
 1.283861905425e-03  4.974532681776e-03 -1.179175643028e-01 
-2.122292288381e-01 -6.569429410292e-03 -2.100087571280e-02 
-9.956673354345e-01 -1.753140384335e-02 -6.619527185122e-03 
-6.089610562984e-02 -1.551105176339e+00 -3.950808947071e-02 
 1.042497325801e+00  4.638670056331e-02 -8.878020029298e-01 
 4.803452215152e-02  1.762994590082e+00 
-5.339995702766e-02 -6.062618800045e-02  2.066744816270e+00 
 2.717715547024e-02 -4.229661807462e-03  1.271684903316e-01 
 1.186176276371e-01 -4.090336254066e-02  2.880222933234e+00 
 4.989308804641e-02 -3.226628562336e-02 -2.054049112784e+00 
 1.415843639293e-02  1.014145144818e-02  3.232108075358e-01 
 2.690167636833e-02  3.643120677515e-02  1.911283627384e+00 
 1.125596169286e-02  4.692657636410e-01 -7.378274464683e-02 
-7.977157314908e-01 -6.773273263944e-02 -7.435098192470e-01 
-2.901356744036e-02  9.037070633860e-01 
 1.100235288084e-02 -5.064228100621e-01 -6.387285322349e-01 
 1.003577070650e-01 -2.473950520613e-01 -7.890710712938e-01 
-1.392047772181e-01  2.974391501051e-01  4.172072605456e-01 
-3.160659518529e-02  4.608377554992e-02  6.480876585643e-02 
 3.260054000773e-02 -6.495023761085e-02  2.168641126357e-01 
-1.419710859034e-01 -2.954839954641e-02 -1.438461420219e+00 
 1.219184139618e-01  4.534062342296e-02  3.316191574532e-01 
 1.234513872054e-01  1.917730189009e-01  1.058786455507e-01 
 2.393981881307e-03  6.520054245704e-02 
 6.124954477842e-03 -1.294828116946e-01 -2.516812161651e-01 
-3.704845005049e-02  9.437647827490e-01 -2.280974034116e-01 
 2.065434918806e-01 -1.096377262953e+00  2.231551575677e-01 
-7.594265454920e-03  1.127236072576e-02 -3.653406724737e-02 
-5.265733140839e-02  2.247416705247e-01  5.278546220629e-02 
 5.383627085504e-02 -3.502840472020e-03 -3.872380217580e-01 
-5.920676379268e-02  3.291393928989e-03  3.053791175511e-02 
 2.155409311906e-02  1.266881445691e-01  3.708887395155e-02 
 1.289505559004e-01  1.423853511196e-01 
 1.477480082320e-03  6.041147054699e-02 -2.198401938740e-01 
-6.461318198088e-01 -2.054266742768e-01 -8.994210590260e-02 
 1.531242261211e+00  1.497904392833e-01  4.468524101004e-01 
 1.069501194667e-03  2.349039700421e-02 -2.000953918053e-01 
-6.884696801637e-02  2.631555674089e-02  1.584801957175e-02 
 2.117754933716e-01  2.267550341501e-03 -1.886059621004e-02 
-4.139458970812e-01 -1.252493174451e-01 -2.051839873371e-01 
-3.116446273880e-01  3.235150093689e-01  1.587133360063e-01 
 5.075762170620e-01  4.618963200037e-01 
-2.854859465860e-02 -4.085985843964e-01  7.294637290238e-01 
-6.544666396602e-02  2.140924970873e-01  1.108905776315e-01 
 1.822398233599e-01 -6.220090426515e-01 -5.054289439287e-01 
 3.452991820509e-03 -1.112581216217e-01  2.691456603615e-01 
 6.221811921430e-02 -8.597819040115e-01  1.562383608189e-01 
-3.183811732118e-02  1.190230089401e+00 -2.101054462147e-01 
-3.029340920920e-01 -2.305880902158e-01 -5.395355951804e-02 
-3.634284112710e-02  4.634111433010e-02  1.761659930262e-02 
-1.897120765181e-01 -1.841015626466e-01 
 6.474157919878e-02  9.881338418296e-01 -1.846224468330e+00 
 7.962854615651e-02  7.671302900866e-02 -2.517720592156e-01 
-1.495343282126e-01 -3.090371143087e-01  1.311012501578e+00 
-1.179897444576e-02  2.702354231266e-01 -6.011005642281e-01 
-4.877354129621e-03 -3.789617548427e-01 -3.028999881559e-01 
 5.615574171245e-02  5.398324218624e-01  4.785962593990e-01 
 5.987529047401e-01  5.718696614191e-01 -1.617005454652e-02 
-4.913694450392e-02 -1.822263215870e-03 -3.679860198222e-02 
 5.634917600032e-01  6.016449976148e-01 
 5.790474851931e-02 -8.736145122454e-01  1.263191365355e+00 
 5.338256148185e-04 -1.592477139247e-02 -5.325278635055e-01 
 2.691090618540e-02 -5.788705386250e-04  2.114289600077e-01 
-8.151244162126e-02  5.873875460666e-02  3.720774277808e-01 
-8.169879899906e-02 -8.738105266879e-04 -3.997169632345e-01 
 1.891780573498e-01  5.865614563250e-02  5.693390298737e-01 
-3.337223127838e-02 -2.395129865359e-01 -6.760252980735e-01 
-7.914639488303e-02 -7.456835262096e-01  2.462437613018e-01 
 7.814057336554e-02 -3.340709152895e-01 
 1.561187907252e-02 -3.724507025567e-01  8.468580220610e-01 
-9.208457609671e-01  8.557912852466e-02  9.001462311593e-02 
 2.092563511538e+00 -1.436450648053e-01  8.047925530722e-02 
 6.172411194818e-03 -4.176774705585e-02 -2.046986243056e-01 
 2.782852194030e-01 -4.462896844905e-03 -9.841877666788e-02 
-1.193744880433e+00 -1.879851604181e-02  2.576550686527e-01 
 8.012760271115e-01 -1.999340078911e+00  2.817463242345e-01 
 1.693727446668e-01 -1.639587181528e-01 -3.362701692562e-01 
-4.297680090064e-01  1.391925650923e+00 
 1.863616817780e-02 -4.789935948702e-01  1.371763717558e+00 
 2.208500775352e-01 -8.531444430260e-03 -7.384729506378e-02 
-3.166421805580e-02  1.901015052481e-02  4.050445741188e-01 
 2.097902089022e-02 -2.370693410869e-01 -2.868575164578e-02 
 8.586262788033e-01  5.748641592673e-02 -4.801786857188e-01 
-1.327061793341e+00 -8.940448153479e-02  8.991129829799e-01 
-1.331554457408e-01  4.632752652642e-02 -1.817018717648e-01 
 6.096727713436e-01  6.854393722060e-01 -1.661972621934e+00 
 2.218496615738e-01 -3.825144899501e-01 
-2.373199268099e-02  9.863055103554e-01 -2.576375239229e+00 
-1.129059976911e-01  3.026334279255e-02 -1.684232200867e-01 
 5.995794827484e-01 -5.438158057675e-02 -2.788143850675e-01 
-4.308637226025e-02  3.583987490438e-01  1.269080832226e-01 
 6.177755927418e-01  6.900528116943e-02  5.172449504217e-01 
-1.210747298898e+00 -9.404102361072e-02 -1.023307878056e+00 
-1.979898353818e-01  2.232183798691e-01 -6.598502470460e-01 
 1.495589772636e+00 -3.405655463192e-01  1.686601440761e-02 
-2.968151816921e-01  9.824914978777e-01 
-2.367971226071e-02  8.372472280826e-01 -1.339473457221e+00 
-1.801685076613e-01  3.451561436800e-02 -7.065124636424e-01 
 3.534182065746e-01 -5.585279225610e-02  1.027001996007e+00 
 1.274897215894e-02 -4.116780959544e-01  7.236252561365e-01 
-1.246744693671e-01 -3.075423914434e-02 -5.441683269909e-01 
 2.124039238215e-02  4.650591585660e-02  7.997099116963e-01 
-4.941781425204e-01  7.858008862218e-01  3.188137638096e-01 
-8.218153403750e-01  3.846259182827e-02 -4.825530766301e-01 
-7.782613487259e-01  1.470754160435e+00 
-2.050687111645e-03 -3.006474626213e-01  2.971961999242e+00 
-5.052367932013e-02  6.047743095690e-03 -4.906688858234e-02 
-3.600497977253e-01  1.934438296543e-02  1.380520936942e+00 
 5.550356138177e-03  1.897219095799e+00 -4.737043368417e+00 
-6.662788573458e-02  1.472916691199e-03 -2.835815143388e-01 
 5.589168192854e-01 -9.123575752613e-03  1.351359006176e+00 
-1.074264101940e-01  5.751212239578e-02  3.427943349427e-02 
 2.435697460949e-01  4.504293908812e-01  4.167871313402e-01 
-3.790313815157e-01 -8.408429702979e-02 
 4.522525305729e-05  5.018231225075e-02 -1.079474682284e+00 
-1.016728516214e-01 -2.145011018936e-02 -9.935054463735e-02 
-2.097235116183e+00  8.889110365639e-02 -7.292493870802e-01 
-1.550638264404e-02 -4.729155963446e-01  1.648221875317e+00 
-2.306104367670e-01  1.037468534757e-02  1.008318698274e-01 
 2.757520241440e+00  1.200353725860e-01 -7.962690798595e-01 
 5.736849040811e-01  6.210480219412e-01 -1.085338074265e+00 
-5.659751380582e-01  8.861449324176e-01  5.578232742735e-01 
-5.169956073748e-01 -7.508760357565e-01 
orbocc
(*)
 0.000000000000e+00  0.000000000000e+00  0.000000000000e+00 
 0.000000000000e+00  0.000000000000e+00  0.000000000000e+00 
 0.000000000000e+00  0.000000000000e+00  0.000000000000e+00 
 0.000000000000e+00  0.000000000000e+00  0.000000000000e+00 
 0.000000000000e+00  0.000000000000e+00  0.000000000000e+00 
 0.000000000000e+00  0.000000000000e+00  0.000000000000e+00 
 0.000000000000e+00  0.000000000000e+00  0.000000000000e+00 
 0.000000000000e+00  0.000000000000e+00  0.000000000000e+00 
 0.000000000000e+00  0.000000000000e+00 