2mocoef
header
1
MO-coefficients from MOLCAS
1
48   48
a
mocoef
(*)
 4.395776040070e-05 -8.874375323271e-05  2.734843000877e-03 
-6.976225207372e-06 -7.453526907328e-06 -1.784422464047e-04 
-6.765212327026e-05  1.388608164240e-05  1.458580925139e-03 
-1.885212975611e-05  2.372311780828e-05 -4.501147938913e-04 
 2.807181686442e-05  1.707970937836e-04  1.001086725474e+00 
 5.781064129402e-03 -6.645211817008e-03  1.415868481320e-04 
 5.895798357164e-04 -6.656571215138e-04  2.934025192715e-05 
-4.190349903476e-04  1.936724252678e-03  4.214087747474e-05 
 6.321188501442e-05  4.622078130825e-05  1.272367259494e-04 
 2.780912884112e-04 -4.074819494652e-04  2.482201326368e-04 
-1.040317904161e-05  2.248780137270e-06 -1.618534761004e-04 
-4.810326702675e-04  5.572183747891e-04  5.740988188233e-04 
 1.301510435688e-04  1.811489113337e-04  7.184383846624e-06 
 2.627711140716e-04 -4.582486522235e-04  7.526650051293e-05 
 1.148609240513e-04 -5.430880754790e-04  2.553600796622e-04 
 3.493817669914e-06 -1.907649708350e-06 -1.109611325982e-04 
 1.001370419816e+00  8.455464776326e-03 -5.480645375628e-03 
-1.467271962524e-04  2.940896067036e-04  1.759971656081e-03 
 2.843025541680e-04 -2.202892707566e-04  4.641826661158e-04 
-3.321922528102e-05 -3.131025180464e-05  3.741672243858e-04 
-3.670327998390e-05  6.739345720364e-04 -6.068227519739e-06 
 8.431066618358e-04 -2.992876342266e-03 -3.803918955513e-05 
-8.699352835629e-05  8.415489099975e-05 -1.413683289909e-06 
-2.215718435219e-05  1.870119506410e-03 -1.374230421100e-05 
 3.159980251856e-06 -4.083431052268e-04 -3.030315124369e-05 
-3.266414002836e-04 -8.756146504332e-04  1.586222922664e-03 
 4.006105507592e-04  4.161526133337e-05 -3.701570666013e-04 
 4.508379508511e-04 -2.892721457178e-04 -6.078985823535e-05 
-2.583768784720e-05 -3.851275383151e-04  4.058316466419e-04 
-2.997409744362e-04  5.532901521089e-05 -1.508884460050e-05 
-3.581855751259e-04 -9.419821191952e-04  2.037474815111e-03 
-2.828967641013e-04  5.198405713042e-05 -3.011500677086e-04 
-1.377601175954e-02  3.937544916371e-01 -1.503852604362e-01 
-5.858450771128e-03  5.575756685526e-03  1.675671678328e-01 
 1.091957522775e-02 -4.437925531465e-04 -7.889919452689e-02 
 1.279705118100e-04  1.440720417372e-03  2.713939496640e-02 
 1.534387626704e-03 -1.220179437367e-03 -1.058560582943e-02 
 8.001434725745e-01 -1.466248226017e-01  8.027728573402e-03 
 3.152648857804e-02 -6.390189109623e-02 -1.286071264478e-02 
-1.054332609699e-02 -2.428653228417e-03  2.061458860278e-04 
-4.461306287138e-04  1.129003248674e-02  1.121437209219e-03 
 3.942763256897e-03  9.442886239873e-02 -5.152483414995e-02 
-8.889113665827e-03 -2.116386058767e-04  7.664907335495e-03 
 2.742291281478e-01 -1.344582390213e-01 -2.764721645867e-02 
-4.051138485234e-03 -1.564310563204e-02  2.315104678410e-01 
-1.136822429282e-01  2.674178553995e-02 -1.673851641082e-03 
-1.243933108671e-02  1.200656463287e-01 -5.836595651821e-02 
 9.232885865507e-03 -8.199997766082e-04  8.032652532184e-03 
 1.194518537640e-02 -6.928232305356e-01  1.566178850060e-01 
 5.510336352678e-02 -1.698654497674e-02  8.266896750310e-02 
-2.189232392335e-02  1.995116521994e-03 -2.908353744748e-03 
 5.868908265300e-04  1.800853728781e-03  4.136764229131e-03 
 3.519893731203e-03 -6.909088220311e-03  3.126220414726e-04 
 3.184687276384e-01 -4.092210466773e-02  8.554013730845e-02 
 3.433297841539e-02  3.384593105196e-01 -2.237474983563e-02 
-8.004373288584e-03 -5.955486028688e-02  1.105286183845e-03 
 2.900490926681e-03 -1.605687600918e-02  3.476975563210e-04 
 3.080564555248e-03 -2.931388245425e-01  1.366995942574e-01 
 2.147799290728e-02  1.871870739165e-04 -1.023034349483e-02 
 3.249342737129e-01 -1.510310644107e-01 -2.585385117554e-02 
-3.940158143661e-03 -1.159188875507e-02  1.803503916859e-01 
-8.590449547534e-02  1.891240428744e-02 -6.979218493002e-04 
-2.657624696957e-03 -3.884221619409e-01  1.828040606583e-01 
-2.655012260305e-02  1.863260872321e-03 -1.142737050597e-02 
-2.965329107833e-04  1.037723857933e-01 -1.078625936348e-02 
 2.679262775144e-01  3.381295315052e-03 -4.064144971348e-02 
-4.634421170980e-02 -8.643196523433e-05  8.087626257649e-03 
 1.825770117557e-03  4.240239138654e-04 -1.187031190974e-03 
 2.962970497235e-02  6.169525051730e-04 -9.921186162734e-04 
-5.088724127937e-02 -1.222290262655e-02  6.537266678995e-01 
 1.491861101837e-02 -1.794435387196e-02 -1.174012498766e-01 
-4.995872492035e-03 -3.421347992361e-03  6.111095950088e-03 
 6.980741434023e-05  1.537540176139e-03  1.713069983708e-03 
-6.826240307004e-04  2.234344817253e-01 -1.111414275104e-01 
-1.490321159207e-02 -6.532776786345e-04  6.833196855699e-03 
 4.455740829015e-01 -1.916180043381e-01 -2.030092402069e-02 
-6.285561127245e-03 -2.388655473481e-02 -4.921385188009e-01 
 2.082990165665e-01 -2.745798109857e-02  4.957096235820e-03 
 2.513085227790e-02 -1.126053755719e-01  6.386380552945e-02 
-7.361156985955e-03  1.228843889192e-03 -2.612885677229e-03 
-6.140832905860e-03  2.611746350298e-02  5.523259479786e-02 
-4.543454774423e-01  3.564805326158e-02 -4.312921477310e-01 
 1.045395768484e-01 -1.139523349574e-02  1.357510408137e-01 
-2.618446218589e-03  9.577616437681e-04 -3.090402847341e-02 
 1.401500252217e-02  7.132927830409e-03 -2.421827005211e-03 
-8.490015814315e-02  6.724052407526e-03  1.804227356486e-01 
 4.402355077609e-02  4.715608531034e-01 -3.986471326336e-02 
-9.910501230307e-03 -7.128200559601e-02  2.195203617173e-03 
 2.260127171461e-03 -1.307181777053e-02  1.725801678641e-02 
 4.501768301158e-03 -1.613929167301e-01  5.701073905614e-02 
-5.854174156355e-04  8.931445320992e-04 -1.224352464634e-02 
 3.655563543396e-01 -1.317767041007e-01 -1.860839143122e-02 
-3.455549848478e-03 -4.016214632747e-03 -1.146216091930e-02 
-6.890117991507e-03  5.564277725519e-03  1.055215438137e-03 
 7.627766496733e-03  5.984329033957e-01 -2.292738669917e-01 
 2.532575580142e-02 -2.082273646525e-03  1.168194979034e-02 
-8.216231368339e-04 -6.550049541582e-03 -3.640368708414e-03 
 2.201203792901e-02  4.469175644231e-01  4.401910811002e-02 
-4.763544023058e-04 -6.243068612032e-02 -5.867466464028e-03 
 4.144991109632e-05  3.451573609840e-02  2.252129591300e-03 
-1.761236604422e-03 -6.111736810742e-04 -1.988406640261e-03 
-7.216556749873e-02 -1.482446397954e-02 -2.886829079419e-02 
 7.855629616515e-01 -6.313908096031e-02 -9.505150153233e-04 
-1.502796515663e-03 -1.564826380310e-03 -2.343649280799e-04 
-1.822256500630e-02 -1.527785123247e-03 -9.136726152561e-04 
-3.919122250832e-03  8.435579246931e-03 -3.736992719442e-03 
-1.768926263801e-04  1.072484859469e-02  9.029646857131e-04 
 2.433127624341e-02 -1.320545569851e-02 -4.517031189414e-03 
 2.003785652132e-02 -3.986379543754e-03  3.809595661197e-02 
-1.420971905437e-02  3.340119686375e-03  1.853482783379e-02 
-3.735450963467e-03 -1.671246052327e-02  4.555892060235e-03 
 6.012166979953e-04  1.187779204226e-02  2.252093910990e-04 
 3.871337840028e-03 -4.559261260272e-02 -9.160552145639e-02 
-4.420573495573e-01 -5.864056636017e-03  4.192859856979e-01 
 7.856768628983e-02  1.744144869706e-03 -1.279054398174e-01 
-1.861758018552e-03  2.896745203566e-05  2.595362620988e-02 
 1.702128940298e-02 -7.551071665072e-03  1.478942761325e-03 
 6.903882319558e-02 -4.455646608682e-03  2.297872870638e-01 
-9.433997508376e-03 -4.290005155348e-01 -3.244569366346e-02 
 2.854344757022e-03  5.083871997476e-02  2.003308213065e-03 
-2.325731965290e-03  1.269005841556e-02  1.662944030903e-02 
-4.241978189935e-03 -5.881810683103e-01  2.211412540787e-01 
 2.396621534164e-02  6.904259998302e-04 -1.318281903751e-02 
 4.525269290548e-02 -5.588296489255e-03  5.180755977268e-03 
-5.045666812124e-04 -9.523626187704e-03 -3.747753309661e-01 
 1.278438486367e-01 -2.048491339252e-02  2.627328427609e-03 
 5.295031434908e-03  1.857035918539e-01 -7.322707196040e-02 
 1.428755739844e-03 -9.580045120291e-04  1.335816652901e-02 
 3.234539718397e-03  6.152735396298e-02 -3.689181247103e-03 
-1.836152671740e-02 -8.992225434317e-01 -1.783303029431e-02 
-2.926085829961e-03 -7.154427324008e-02 -1.133303321357e-02 
 1.000456315018e-03  1.712147960055e-02 -6.455651397784e-04 
-1.391541986325e-03 -3.207256324486e-04 -2.139196051746e-03 
-6.656551044769e-02 -2.330727738042e-02 -1.128642815893e-02 
 5.477276763166e-01 -3.084957653107e-02 -4.230249199166e-03 
 1.221111954622e-01 -9.581157415721e-03  8.069459974246e-04 
 2.508937917013e-02  2.419873633664e-04  1.501317439089e-03 
 7.231464276811e-04 -1.693769426752e-02  1.177879398174e-04 
 6.345037277874e-04 -2.495464328701e-02 -1.137018370886e-03 
 6.477717549553e-02 -1.017733946748e-02 -3.074077587757e-03 
 1.656642927272e-02 -1.381463487123e-03  4.111386419515e-02 
-6.538082024193e-03  1.910231879256e-03  1.545845083353e-02 
-1.291619050344e-03 -3.432005463987e-02  5.626943942074e-03 
-2.474229167261e-03 -2.754583519963e-02 -1.333129156344e-03 
 1.473488639683e-02 -7.039915295408e-02 -6.557806004282e-01 
 3.166534713923e-02 -5.529294549564e-03  1.663297907349e-01 
 8.986935543564e-02 -2.088101472941e-03  1.787686070166e-01 
 6.287780547574e-04 -1.163431130810e-03 -9.846207484591e-03 
 4.153849612816e-03 -1.186002208580e-03  3.021150094309e-02 
-2.753741353743e-01 -9.511283290238e-01  9.620573148047e-02 
-6.412892143676e-02 -1.857514421212e-01  6.935493480166e-02 
-5.638341505496e-02 -2.705447311605e-01 -7.553712546513e-04 
-2.022618097360e-03 -2.193129498081e-03 -5.807475160501e-03 
-7.877305082378e-04  1.366819405695e-03  2.782205831381e-01 
 4.114569867028e-03  5.004499898226e-04  1.113574753345e-02 
 1.508860334711e-01  5.971340886405e-01 -5.154022666933e-03 
-3.504488788554e-03 -7.896217709972e-03  2.320123079017e-01 
 8.639219499794e-01  2.448186110632e-03 -1.104985731462e-03 
-4.310302986869e-03  5.318484345703e-02  5.191893413649e-01 
-2.358118440172e-03  4.475465813535e-04  1.114536905670e-02 
-1.103851468787e-02  1.186272461391e-01  4.649671909386e-01 
 2.711119959420e-01  5.181824678770e-03 -8.376901801892e-02 
 5.399784017480e-01 -5.039854436493e-03 -1.581964479100e-01 
-1.036750780646e-03 -3.812127567204e-04 -1.095887281489e-03 
 1.913530590614e-02 -3.218500086388e-04 -4.281300759911e-03 
-9.910649197964e-03  1.146232130833e-01  3.447220342460e-01 
 1.019718250564e-02  2.458695959618e-02  3.281104496840e-01 
 1.917141473428e-02  4.518447584400e-02  5.176772836144e-04 
 1.329977841446e-04  2.358460734697e-03 -2.025764676256e-02 
 1.378332867863e-03 -1.532751793711e-01 -1.164032507922e+00 
 6.226703797065e-04 -1.149199573285e-03 -3.689518657900e-03 
-1.425320207838e-01 -9.380423095961e-01  2.115056549014e-03 
-1.117203498227e-03  7.002807924099e-04  1.712262290159e-01 
 8.328487650584e-01 -7.155031629979e-04  1.769570782216e-03 
 6.717574347830e-03  2.966309576966e-02  4.437337144381e-01 
 1.722715240495e-03  1.347716550363e-03 -2.031951022960e-03 
 3.343520167865e-02 -3.216129349471e-01 -1.508647906855e+00 
 3.035676036664e-02 -3.172815304365e-02  1.106338153927e-01 
 1.189606242106e-01 -6.544533939506e-02  3.531701123559e-01 
-2.398781107431e-05  2.619905505175e-03  1.058490098282e-02 
 4.472178216521e-04 -9.278763237832e-03 -1.514020610844e-02 
 1.623592617196e-01  5.301627566891e-01  1.188903415205e-01 
 4.482072792441e-02  2.741610292353e-02  1.457847490958e-01 
 5.007052234116e-02  3.336044844965e-02  8.563310394658e-04 
 1.478590722058e-03 -1.195002988404e-02 -2.037846852445e-04 
 7.986382992951e-03  1.244516075940e-01  9.546980001630e-01 
-4.547916652821e-03 -1.741063292716e-03  4.004512456856e-04 
-9.512049052583e-02 -8.281345509070e-01  1.144688389584e-02 
 7.852645504421e-04 -5.197600677851e-03 -3.660460825792e-02 
-1.280423375824e-01 -7.823493895709e-03  1.239917074912e-03 
-9.971031120710e-03  1.264715950963e-01  1.378009107416e+00 
 8.849058503396e-03 -1.606726012640e-03  4.954361822452e-03 
 3.033718688109e-03 -2.298696128189e-02 -3.194192712353e-01 
 3.841124329327e-01 -1.695900960078e-02 -5.283864279839e-03 
 1.203017452639e+00 -3.090634805556e-02  7.853439593717e-03 
 4.767461889133e-03  2.407157970174e-04  8.027038278926e-04 
 4.555743342535e-03 -9.223840061509e-03 -2.610882841235e-03 
-3.344354998555e-03  1.355856114917e-02 -2.778531298611e-01 
-5.257880127303e-03  1.063529247016e-02 -6.028791620586e-01 
-3.962599723516e-03 -2.243210536616e-02 -6.008965180952e-03 
-1.820946293287e-04 -1.402443675606e-03 -2.143335962342e-02 
-2.182937570723e-03 -3.964277034121e-02 -1.510235644482e+00 
-9.172351623323e-04 -2.035541292977e-04  4.083709364042e-04 
 1.089697277558e-02  9.219591849206e-01 -1.138721298971e-02 
-2.079289582783e-03 -9.363783870450e-03 -5.480017453920e-02 
-9.291325869356e-01 -1.048534398004e-02  1.881808680583e-03 
 6.686428910461e-03 -2.475936679731e-02  1.968677764899e+00 
 5.850669749790e-03 -2.310277814227e-04  1.817607691281e-03 
 5.621839826542e-02  3.726208831701e-02 -1.849940039990e+00 
-5.059458099536e-03 -4.080096084592e-03 -1.471234239470e-01 
-7.801821870321e-02  6.130445373186e-02 -2.235353317847e+00 
 2.805432270580e-03 -3.905112834901e-03 -3.009142316995e-03 
 4.323787605677e-03 -4.392914173185e-02 -5.290709262143e-02 
 3.627094885156e-02  1.731259620708e+00  5.532960367037e-03 
-2.721526749908e-02 -4.003700028191e-01 -7.233846790572e-03 
-2.157414785589e-02 -1.153717573569e+00  1.271402539819e-03 
-1.412308446649e-03  2.456202615583e-02  5.219027097397e-04 
 1.137399303181e-02 -1.908238851789e-01 -5.933762987276e-02 
-2.556444827941e-02  6.005984951025e-04 -1.183478660002e-02 
 2.278211805004e-02  6.102295766176e-01  2.816573480622e-03 
 8.312443709182e-04  1.694429230072e-02  3.569661432338e-02 
 5.229948668627e-01 -3.024860284484e-03  3.048130430315e-04 
 1.789515859456e-02 -2.071020008273e-01 -1.283769648803e-01 
 2.201074439434e-02 -1.767197266230e-03 -6.953106383764e-03 
 2.382847822936e-02  7.936247159740e-02  3.499857805794e-03 
 1.083474331176e-01 -3.819630264586e-03  1.466366562388e-01 
-6.401689432526e-01  2.709169783383e-02 -1.847659655600e-01 
 2.049254530112e-02 -1.902220538661e-03 -1.049263978809e-03 
-2.168424657479e-01  2.629886257930e-02  1.757490750964e-02 
 8.748608193178e-02 -9.839703957898e-02 -1.434403449027e-01 
-6.062852111249e-03 -6.575176214026e-03  9.335942604798e-02 
-8.321999561553e-03  4.039352432397e-02  2.747587379799e-02 
 3.713868369418e-04  1.809183881828e-02  1.174395246322e-01 
-1.974379563410e-02  1.056714548532e+00 -8.333491606707e-01 
 3.749674199495e-02  5.503149464791e-03 -6.416996466355e-02 
 6.939279901098e-01 -6.485012107892e-01  6.858886145603e-03 
 1.592787980488e-02  1.177934684854e-01 -1.116979833416e+00 
 1.146431602832e+00  4.506825461458e-02 -1.521050548556e-02 
-9.650180024591e-02 -6.527978615809e-01  3.105912081497e-01 
 9.518474964235e-03 -4.683567440762e-03  6.410372190038e-02 
-5.264157197304e-02  1.121571863465e-02  8.204348498179e-01 
 7.292519617125e-02  7.099301949248e-02  3.747116149417e-01 
-2.195223976325e-01 -8.667120194041e-02 -1.235882385700e-01 
 5.242478675979e-03  2.319883876199e-02 -1.089511513336e-02 
 2.183045933427e-02 -2.099087554950e-01 -1.044728664842e-02 
-6.082588102124e-02 -2.102675729992e-01 -4.340018927572e-02 
 6.306431540246e-02  2.505531492132e-01  1.096854466900e-01 
 1.442237162935e-03  5.676129351949e-01 -2.274601219517e-03 
-1.383935430837e-02  4.776954607602e-02  1.087900641929e-03 
-9.669998093561e-02 -1.034998371827e+00  1.023286141404e+00 
-6.625842743898e-02  1.564173917407e-03  2.371800109845e-02 
-8.219109871115e-01  4.222129870658e-01 -8.664178350414e-02 
 3.829505233230e-03  3.920860204350e-02 -9.175084968199e-01 
 6.991265245551e-01  8.915571821774e-02  4.638840326730e-03 
 4.218766177413e-02 -8.490178646070e-01  5.119825614476e-01 
 6.195218038849e-02  3.488135439259e-04  1.554788864232e-02 
 8.559793568720e-02  2.595492057312e-01 -5.299622606660e-01 
-1.838878889123e-02  1.235182968008e+00  2.895972653973e-01 
 1.835673415373e-01 -1.651911906962e+00 -4.329064464873e-01 
-6.175127248023e-03  5.270193862107e-02 -8.979942162044e-03 
 1.658913190505e-02  8.361121348233e-02  9.309951736936e-03 
 8.643355943459e-02  1.274245558188e-01 -6.781294800260e-03 
 1.892950963433e-01 -7.181355251089e-02  2.764109718654e-03 
 4.321224262735e-02  9.047693286365e-02 -5.026923513448e-03 
-5.624777095854e-02  3.223737217868e-02 -1.368626832167e-02 
-1.950765896370e-02  3.520475989700e-01 -4.139140100941e-01 
 4.360112893175e-02  1.763458557257e-02  4.777283184646e-03 
-3.788599198087e-01  4.123207100486e-01 -3.604355369281e-02 
-2.072774123393e-02  1.262763843698e-02 -2.116877653441e-01 
 2.515289640064e-01  3.147025278679e-02 -1.841881419217e-02 
 3.750004547333e-02  5.047163990663e-01 -2.781675085289e-01 
-4.083971454119e-02  4.402996636182e-02 -5.935959568768e-03 
 1.826231621093e-01  6.479649355003e-01 -9.102793913400e-01 
-1.138459026878e-01 -6.332552907171e-01  6.631360754460e-01 
 4.444206331954e-01  7.633394931369e-01 -8.710855632213e-01 
-1.900645078400e-02 -2.737253484061e-02 -4.920811668590e-02 
 4.448887464882e-02  1.495878288420e-01  2.930978491303e-02 
 2.160044182904e-01  2.021807197583e-01  2.279959491588e-02 
-4.568469327559e-02 -2.808770673808e-02 -3.894491474219e-02 
 1.287398275253e-02  2.430295827878e-01 -1.171870512270e-02 
 1.967981555682e-02  9.161655694959e-02 -2.930600600386e-02 
-5.079350169246e-02  5.514297083349e-01 -7.309993743765e-01 
 9.628342456116e-02 -1.652363503488e-02  2.911031680556e-03 
-8.255534149981e-01  7.537666486562e-01 -9.530067716171e-02 
 2.486671677593e-03  3.160236032672e-02 -5.074200740537e-01 
 5.206314491345e-01  7.966103410509e-02  2.032138739972e-02 
 9.979084534978e-02  8.712479059003e-01 -5.534408751791e-01 
-1.034329722659e-01 -1.763216831531e-02 -1.993725214468e-02 
-1.512789978143e-01 -8.981170330699e-01  6.072856959011e-01 
-9.420294429598e-02 -5.804384353760e-02 -1.004341011890e+00 
 2.208792296566e-01  4.544889694849e-02  9.095477132343e-01 
-4.309729960103e-03  1.658148597392e-02  1.320457047588e-01 
-4.236575778134e-03  1.098796807330e-02  6.693954239024e-02 
 6.498224922123e-01 -7.701103336458e-01 -5.673444008681e-02 
 8.154138285735e-02 -8.068561839653e-02  7.588446281251e-02 
-6.686267440316e-02 -2.929250681035e-01 -9.744232872456e-03 
-1.784108287719e-02 -1.099305993398e-01 -7.418247754021e-03 
-1.315623476333e-01  2.158039485627e-01 -3.147452570649e-01 
-4.650027631288e-03 -7.193326495019e-03 -2.623605499976e-02 
-8.712411159416e-01  8.623845488258e-01 -1.072112775047e-01 
 1.320512254218e-03 -1.208226691970e-01 -9.084402615417e-01 
 1.019600762700e+00  1.143766197396e-01  7.120192896383e-03 
-1.007349270400e-01  3.212107088407e-01 -2.305405534481e-01 
 1.894707340272e-02 -7.771896366150e-03 -4.164408674301e-02 
-6.383493899789e-02 -2.422513586829e-01  2.227784780839e-01 
-1.296938928955e+00  2.381942406504e-02  1.001909873810e-01 
 3.274442080181e+00 -5.879555993957e-02 -1.669631312061e-01 
 1.237103109379e-02  7.522959862331e-03 -3.417571486875e-03 
-2.290122103139e-01 -4.998258922172e-02 -1.389422260512e-02 
-9.180570977038e-02  1.136653262493e-01 -1.716378542928e-01 
 1.686480259001e-02  2.965147461064e-02 -9.938988587994e-02 
-1.895139984613e-02 -6.160982441477e-04  3.771859441559e-03 
 1.518819522710e-03  2.241105095959e-03  6.036179270726e-02 
 9.488401744169e-03 -1.075173369600e-01 -1.664126112647e+00 
 1.868732172227e-01 -1.369485007634e-03 -8.393434473275e-02 
 2.208921044714e-01 -4.706502212076e-01  6.384398251204e-02 
 9.919805354603e-03 -1.214834210459e-02 -6.796815560868e-02 
 2.806890879471e-01  3.083767663855e-02 -5.807355241935e-03 
 2.307978217346e-02 -6.454564403145e-02  1.815008610139e+00 
 2.065594042158e-01 -6.281078516711e-03  7.620612804704e-02 
 1.497687636823e-01  6.740950045101e-01 -1.355140544124e+00 
 2.416789505169e-01 -5.983402943187e-03 -8.493813206099e-02 
-3.193729693318e-02 -1.656661498628e-02 -1.615350861159e-02 
-4.369100735134e-02 -1.598035962332e-02 -1.679115883579e-02 
 3.086202875697e-02  1.395384542535e-02  2.511211115751e-02 
 1.060827550342e-01  1.153095236567e-01 -1.020256414255e+00 
-4.182337983168e-02  7.951707734498e-02  1.512513123219e+00 
 6.645971171201e-02 -3.119503947225e-01  4.885351278239e-02 
 1.271293853758e-02  2.253259174086e-02  1.300926205978e-01 
 2.004831500251e-02 -7.018192100466e-01  9.200125144975e-01 
-4.015465239025e-02 -2.424276477660e-02  1.262244822098e-01 
 5.204185516654e-01 -1.233489613503e+00  2.053121311860e-01 
 6.137481102106e-02  1.530766936346e-01 -3.753108331752e-01 
 1.270345374614e+00  2.160581948706e-01 -5.017953502615e-02 
-1.229971626978e-01  7.534129094383e-01 -5.055556186649e-01 
 1.323437772239e-03  2.045461411715e-02 -8.435088329629e-02 
-3.499310864956e-02 -1.470107367554e-01 -8.772699414183e-02 
-2.806080797924e-02  1.972912197776e-01 -2.137527848345e-02 
 5.567861268891e-02 -6.520352259749e-01 -1.719713817343e-01 
-1.580722619302e-02 -1.277360416775e-01 -5.709004093147e-02 
 1.046916994587e-03 -8.714553221913e-03 -1.234896821518e-03 
 5.393398274028e-02  2.210956093534e-01  4.900693344075e-02 
-1.378750880046e+00  1.921201473452e-01 -5.598743377206e-02 
 1.919330429631e+00 -3.685159997456e-01 -7.522295888545e-03 
 3.572125438086e-02  3.236176408354e-03 -1.793958259171e-03 
-1.152615260147e-02  3.108497041033e-02 -8.397785936726e-02 
 9.087752417332e-03 -2.502504580357e-02  6.437780723649e-03 
-1.582922946274e-01  1.368859174905e-01 -1.825620734352e-03 
-3.250566605227e-03  2.277028249127e-02 -1.140305067817e-01 
 9.591371155388e-02 -6.854882452750e-04  4.431909503746e-02 
 2.054614554393e-02 -6.066018524249e-03  3.425812119077e-03 
-6.047110226143e-03 -4.956295795443e-03  1.916256242589e-02 
 6.927027879462e-01  3.163154607821e+00 -5.720739249876e+00 
-9.410801649001e-02  2.845066290292e-02 -4.564288469097e-01 
 3.601532963984e-01 -1.037658145522e-01  6.890828087442e-01 
 1.718080251259e-02  1.216081440871e-02  9.607037165623e-02 
-3.608076535877e-02 -1.322227896868e-01  7.991979857836e-02 
 4.156761761396e-01 -1.426014772179e-01  2.096489241639e-01 
-1.512893440514e-02  1.639773062917e-01 -4.081378978388e-01 
 1.710910365901e-02 -5.740777251002e-01 -1.398001708639e-02 
-7.084862233443e-03  6.454156217675e-02 -2.306564059400e-02 
 5.742536008611e-04  1.392367226216e-01  8.368360632393e-01 
-1.719459964237e-01 -1.080624283355e-02  8.010444491590e-02 
-4.582519484621e-02  4.201249122408e-01 -1.145797290004e-01 
-3.805559074653e-02  1.011087442391e-03  2.709546533078e-02 
-8.867303692857e-02  1.152325128299e-02  9.602204071626e-04 
 5.661504230803e-02 -3.970201179763e-02  1.572173206551e+00 
 2.233897660203e-01 -3.120812304531e-02  1.300670681627e-01 
 7.585329048786e-02  1.954015620387e-01  1.248119482481e+00 
-8.349196694011e-03 -2.524191983277e-03 -2.987890309636e-01 
 5.837864328988e-03 -9.384192543609e-02  1.864575727515e+00 
-2.322701959476e-02 -3.535864457828e-02  3.488607787674e-01 
 8.464328560191e-04 -8.543430655607e-02 -5.315485786020e-02 
-3.046693946806e-01 -4.016620610268e-01 -3.107709613042e-02 
-1.808858040507e-01 -1.178678222494e+00  1.384177661837e-01 
 3.459414833394e-01  2.855141776567e+00  1.498873939765e-03 
 2.546160190836e-02 -8.776744235777e-02  1.691030524635e-02 
 3.462803158300e-02  1.011563113425e-02  4.146708491157e-01 
-3.306178556636e-02 -1.374072744919e-02 -4.930316694959e-02 
-1.932456698292e-01 -8.622405404509e-01  1.673026359278e-01 
 4.798910644585e-02  1.218365344416e-01 -1.281719525175e-01 
-6.782739659518e-01 -1.239850700253e-01  4.565543057870e-02 
 1.019784510823e-01  5.249114371598e-03  4.501329458375e-01 
 4.657245331003e-02  6.713080300335e-03 -5.903149221814e-02 
-6.961562605609e-03 -2.320721155209e-02 -1.945225732067e-02 
 3.352713812494e-02 -5.324382148154e-02  7.673829198008e-03 
-1.114352773929e-01  8.185995520999e-02 -8.707379725222e-02 
-6.093973151280e-01  3.685823522023e-02 -1.113692627921e-02 
-7.920301253766e-02 -2.304100238602e-02 -8.143577713761e-03 
-3.555568102022e-02  8.430705355114e-02  5.325615375263e-02 
 5.994880879009e-02  4.224738386151e-02  1.617496831810e-02 
-9.673126336011e-02 -1.133120815907e-01 -1.481914336475e-01 
-4.875674996785e-03 -1.456965117390e-03  1.625747434867e-02 
 1.966559733666e-03  4.313714581981e-03  1.591881739412e-02 
-1.259206217507e-02 -3.122750118703e-01 -3.780312689248e-02 
-6.044598408162e-02  1.117548727998e-01 -6.346130793977e-03 
-1.589001897720e-01  4.411763138823e-02  8.557796924022e-02 
-6.608521857377e-02 -1.300954339308e-02  1.553185636481e-01 
-5.547597254614e-02 -2.338175865608e-02 -6.694790985279e-02 
 1.662771666979e-03  2.812447138455e-01  4.057622588126e-02 
-3.570647769432e-03 -3.581792377444e-02 -9.587693609914e-02 
-1.363717279151e-02  3.966180065241e-02 -1.822208604220e-02 
 1.198511570589e+00 -1.065821539795e-01 -3.711958669410e-03 
-1.258381203057e-01 -2.321814979284e-01  1.968643096852e-03 
 1.200530421465e-01 -2.973851979365e-02  2.539696278121e-02 
 1.158851711146e-01 -2.129289008355e-01  3.773301789846e-01 
 5.415055762435e-02 -2.262648260890e-02 -1.605030355153e+00 
-5.136684484627e-02 -7.825472517925e-02  2.105795370368e-01 
 7.819176068394e-02 -1.154867063548e-03 -1.290261511987e-02 
-2.277880789062e-02 -4.222551514913e-01 -1.817933887926e-01 
-1.734328614171e-02 -9.151922195722e-02  1.982444716622e-02 
 8.463166237999e-01 -1.173369116172e-01 -1.654322322981e-01 
 4.596065762656e-01 -3.964871154035e-02 -7.072926145547e-01 
 1.284272210105e-01 -1.091895741308e-01 -3.402103582446e-01 
 6.860019377427e-02  4.756842651876e-01  2.302638507567e-01 
-2.177800732461e-02  2.109317684213e-01 -1.814089620318e-02 
-4.481826657250e-04  1.456103575653e-03  1.415637796419e-01 
-2.805042033857e-04 -1.347495180160e-01  1.458240800001e-02 
 2.448770305487e-01  2.609024620544e-01 -9.527418337934e-03 
-1.996654182381e-02  6.397749337770e-01  2.246352394794e-02 
 3.789454495532e-02  6.235522202056e-02 -2.507662104121e-02 
-1.075925584558e-01  1.704072436605e-01  7.261280216883e-02 
-3.009675311904e-01 -4.652702939072e-02 -3.346930624893e-01 
 2.062566335969e-01  2.077813211778e-01  1.070547539940e-01 
-2.239571194287e-01 -1.779728543984e-03 -2.941915925770e-03 
 3.397476459605e-02 -1.555066271100e-01 -1.106704578084e-02 
 3.283056820314e-03 -2.542905688277e-01  1.109090427476e-02 
 9.543228108381e-02 -7.025193579920e-02  5.687078510719e-02 
-4.262445860128e-02 -6.633358742800e-02 -2.490295989315e-01 
 2.443162624722e-02 -8.143697032533e-02 -3.971864343207e-01 
-4.324669804269e-03  3.002881581138e-02  6.131901713241e-02 
-2.804130436439e-02 -1.221700152649e-01  2.106905140118e-02 
 7.620580345578e-02  3.300281669244e-01 -1.055641309279e+00 
 7.092496787183e-02 -6.468647888211e-03 -7.861490878185e-02 
-1.441779051258e+00  9.324660275164e-03 -2.264470746067e-01 
-4.496880368978e-02 -5.201757796112e-02 -1.113041129193e-01 
-1.404068386739e-01 -4.961475149394e-02 -2.063371902468e-01 
-8.720166597002e-01  1.766790172870e+00 -3.531414348097e-01 
 1.883097379770e-02  1.144661254902e-01  1.561170138836e+00 
 1.221885831467e-02 -3.355940754820e-01  9.749179613882e-02 
 2.043824228203e-02 -1.383481602976e-02 -1.172694921734e-01 
-4.476748846630e-02  6.698988144574e-01  2.280618934484e-01 
-1.476860839146e-01 -5.949553670264e-02 -2.631587282801e-01 
-9.490892487542e-01  1.971390599352e-01  2.776060251034e-01 
 2.924288621897e-01 -2.561471224398e-01  5.583524393768e-01 
-1.389366862158e-01  2.088401946394e-01 -1.750610637903e-01 
 3.041710308072e-01 -4.141631626520e-01 -2.345125093592e-01 
-5.532121611394e-02  8.904970569260e-02  2.105592729617e-01 
-1.506748434681e-01 -6.262112180697e-01  3.063443029651e+00 
 2.128471406163e-02 -4.864164960363e-03  2.510022729207e-01 
-5.141304284646e-01 -4.484449601124e-02  1.270533582526e+00 
-8.301382532152e-03 -4.126272785718e-02  3.584751964022e-01 
-3.605617967084e-02 -1.590432484588e-01  7.420667352643e-01 
 3.083514282643e+00 -6.302976470555e+00 -1.504183840116e-01 
-4.910370983487e-02 -1.072941003270e-01  5.018868676035e-01 
 5.785046712983e-02  9.288630482793e-01  2.546257628902e-02 
-2.212002690462e-03  9.083642407300e-02 -5.374027280517e-02 
 9.565360208654e-02  1.439307269561e-01 -2.966311018227e-02 
 2.543515572179e-02  4.342807669119e-04 -9.357979676666e-02 
 5.261498927363e-01 -7.397617399222e-02 -1.301706387210e-01 
-1.145856244947e-01 -1.312187649598e-01  9.092943999678e-01 
-1.913415864504e-01  2.972988851724e-01 -1.870153211540e-01 
 7.054199602760e-02 -2.240951859706e-01 -2.771138602866e-01 
-6.873230831594e-02  6.195591582534e-02  1.627093297125e-02 
 7.123934802655e-02  3.212052994651e-01 -5.730017148316e-01 
 6.511786643538e-02 -1.474364276418e-02  1.342997732635e-02 
-2.041066546027e+00  4.898356758625e-02  3.744393139900e-02 
-4.668701282643e-02  1.681435651663e-02 -9.051413649728e-02 
 2.972916574227e-01 -2.083543030657e-01 -4.153659916970e-03 
-1.998738561934e-02  1.782180157988e-01 -1.995061885666e-01 
 6.374924397789e-03  1.109830073451e-01  1.160670956322e+00 
-1.433844239805e-02 -2.802446221431e-01  3.749925633176e-02 
-3.888213845779e-03  1.507039276510e-03 -8.290615368060e-02 
-6.469850131913e-02  1.514178488966e+00 -1.222717218302e-01 
 3.724861342238e-01 -8.526301346230e-02  2.282125938523e-01 
-4.688393152126e-01  1.922014871079e-01  2.584910652923e-02 
 1.145914145124e-01  9.380000782475e-02  5.475115174792e-01 
-1.589426690595e-01  7.266794735878e-03 -1.049207464073e-01 
-5.679691282349e-02 -9.786721216557e-01 -2.011805993403e-01 
 3.608169394135e-01  7.674865302536e-02 -4.359388963481e-01 
-1.999431395631e-01 -7.555587104879e-01  1.943853972383e+00 
-6.646276015262e-03  5.856436648413e-03 -4.628306562653e-02 
-8.698212356414e-01  1.552037134227e-02 -2.514864747827e-01 
-4.572917551999e-02 -1.559071855406e-01  1.177086473696e-01 
 7.955314684449e-02  7.016402700896e-01 -2.439578736020e-02 
-1.056197385090e-01 -1.096677639285e-01  6.434692150658e-03 
 8.631837458160e-03 -2.620492933823e-01  3.524775049011e-01 
 8.492689428177e-02  7.208527266685e-01  1.371723089993e-02 
 3.440577527252e-02  1.165612852499e-02 -3.239663288071e-02 
 2.048267603714e-01 -4.971810858589e-01  4.342988343934e-01 
 1.471491594101e-01 -4.887786959941e-02  4.786230466305e-01 
-4.121841614161e-01  1.047411430551e-01  2.686011701790e-02 
 7.743048856084e-03 -1.543842283381e-01 -8.345340810729e-02 
 1.446760833438e-02  1.635465520813e-01 -7.603862661191e-02 
-3.728302989741e-02 -1.526315531370e+00  2.797688646024e-01 
 1.152185871433e-01  4.201239148939e-02  2.727557346594e-01 
-5.518179178570e-02 -1.130149683723e-01  1.227768468666e+00 
-1.373239423484e-01 -8.284045625620e-03  3.400662181750e-01 
-5.693645061522e-01 -6.391405137746e-02  5.481438125754e-01 
-5.632320943163e-02 -1.347991060590e-01  3.872009879583e-01 
-5.728219660545e-02  2.620217997078e-01 -8.463044839057e-02 
-4.710832902206e-01 -4.393098820170e-01 -4.078651559791e-01 
-4.603597649576e-02  2.823529403371e-01  1.740908172136e+00 
 2.212889780134e-01  5.728874130218e-01 -2.164607279864e-02 
-2.626460458185e-03  3.422093550869e-02 -5.838408512704e-02 
 9.298556567099e-02  2.499610106218e-02  1.881637077599e-01 
-1.524552567516e-01  4.285042408071e-02 -3.750100525345e-01 
-1.116190273384e+00  1.613050344304e-01 -3.266947466121e-01 
 1.102457441789e-01  2.288007086325e-01  7.997584064303e-01 
-2.774702120518e-01 -2.981835275719e-01 -2.850093181164e-01 
-5.968710955677e-01 -4.012833804186e-01 -2.674134710964e-02 
 4.622432750482e-02 -3.636259690352e-02 -1.290637309064e-02 
 9.292804992977e-02  3.732785659308e-01 -7.248470502275e-01 
 1.568437716405e-02 -3.334652412617e-01 -1.912856481185e-02 
 2.405815575903e-01 -4.090206504722e-01 -1.093372185948e-01 
-5.436501033454e-02 -3.817141762995e-02 -7.795833060617e-02 
 2.226448159280e-02 -3.692350244860e-02 -1.539684870872e-01 
-6.376592724712e-01  1.151683284838e+00  1.168877613516e-01 
-8.805258697965e-02 -7.625314510269e-02 -3.900018663744e-01 
 7.687445905917e-01  1.637131655486e-01 -1.390188131240e-02 
-1.335428035564e-01 -1.123516950545e-02  1.175014613844e-02 
 4.656186804022e-02  3.388546487697e-02 -6.163467234562e-02 
 4.210083274625e-03  6.656504100892e-01 -1.237323278101e-02 
-1.827528743934e-01  7.130592485727e-02  1.697043771902e-01 
-4.772216667507e-01 -1.397021612513e-01 -5.371363122970e-01 
 1.916908589773e-01 -1.440829491769e-02 -4.444892714977e-01 
-5.316097229345e-02  1.965168172426e-01  7.902283629349e-02 
 3.781129188509e-02  5.543869709472e-01 -4.625705310152e-02 
 3.256663962596e-03 -1.433708758757e-01 -1.008429132246e+00 
-7.902528319776e-02 -8.538842389798e-02 -5.228773433846e-01 
-6.019794440101e-01  1.400911833177e-02 -7.060895380703e-01 
-4.673915547612e-02  1.574556928128e-01 -4.694793689398e-01 
-1.616710064767e-01 -2.160010376318e-01  1.420052130751e-01 
 8.047381914332e-01  5.039626929338e-01 -3.503294968636e-01 
 1.241948108135e-02 -4.322730373583e-01  1.393777091347e+00 
-2.645107046472e-02 -5.641707628127e-01 -3.456031942656e-02 
-7.294983897172e-03 -4.401062506434e-02  5.565752209243e-03 
-1.036148290434e-01  1.802249066513e-01  1.162263892784e-01 
 8.147981359942e-02  2.138322999495e-01  3.341264689486e-01 
-6.571259184296e-01  2.909634770932e-01 -2.587174092781e-01 
 1.516931021381e-01  5.081372022728e-01  8.964306920206e-01 
-1.786338373838e-01 -2.454151320443e-01 -1.430958986980e-01 
 7.077188948730e-02 -2.578006683839e-02 -2.921553936814e-01 
-1.391760038007e-01  1.133231740822e-01  4.240751984409e-01 
-4.989900821266e-03  4.732805623641e-02  8.421525515315e-01 
 4.577762833401e-03 -1.690870434125e-01  2.574266129277e-01 
 3.492124809677e-02  1.062287747973e-01  2.858918131886e-01 
-4.561044044278e-02  6.432334442787e-01  2.706201902452e-01 
 9.737914963710e-02  1.203796383639e-01  1.206062450112e-01 
 4.256429455183e-01 -1.370802811818e+00  3.570378657189e-02 
-2.081970981190e-01  1.442822811123e-01 -1.211195642898e-01 
-4.868772749485e-01  4.282839721323e-01  7.760869595232e-03 
-8.002536003280e-02  1.714548165299e-02 -3.523717819492e-02 
 3.135173115136e-02 -3.931266783822e-02 -4.038200446104e-02 
-8.382532561118e-04  4.804672530446e-01 -3.189125275586e-02 
 3.160851068830e-01 -1.789883733162e-01 -1.587205161662e-02 
 5.887877004636e-01 -1.533485707476e-01  1.003387561638e-01 
-8.135562731925e-02  5.387932915773e-02  5.656797169337e-01 
-1.743188467792e-01 -1.458342023063e-01  7.299507943041e-02 
 3.316267360222e-02  4.062198897396e-01  5.751077426907e-02 
-3.784638543117e-02 -1.324508073895e-01  5.134566033521e-01 
-5.291962132427e-02 -5.831761790111e-02  2.104544013862e-01 
-8.872419805032e-01 -8.250933694213e-03  2.116578751911e-01 
 1.723394662452e-01  2.757906167641e-02  2.203459526497e-01 
-6.800460420316e-01  9.353793549386e-02 -3.097831891015e-02 
-1.419926074917e-01 -1.678548363961e-01 -3.770198350401e-01 
-4.296406271556e-02  2.535709171701e-01  1.098233585134e+00 
 5.360138050942e-02  7.580617792505e-02  5.859946701611e-02 
-3.709839992548e-02  4.566618291407e-03  2.691344193720e-01 
-4.180966813318e-02 -2.019423615533e-01  6.653126599864e-01 
-2.464034576517e-02 -8.209860610682e-02  3.983243051232e-01 
-7.012276486168e-01  2.864747970370e-01 -1.590559790686e-01 
 4.204571781289e-02 -2.731956799921e-01  6.701045409386e-01 
-4.219163429469e-01 -2.630810181636e-01  1.958680787171e-02 
 2.550715706660e-01  1.633827274006e-01 -6.504748568548e-01 
 7.735109362804e-02  2.382515831779e-01 -5.300758160977e-01 
-3.138031971379e-01 -1.264330925597e+00  4.970241134516e-01 
 6.962794800515e-03 -3.878000194094e-02 -3.072345359116e-01 
 3.887111210288e-02  1.717016797318e-02  1.644317505608e-01 
-1.963508807143e-01  1.269273082297e-01  3.978791010697e-01 
 1.359841920014e-01  3.117527519918e-01 -1.195908294679e-01 
-4.776623369071e-01  6.628165431329e-01  6.434493734642e-02 
 5.058430622404e-02  6.902340413854e-01 -3.572049489514e-01 
-3.686522191998e-02 -1.687615316984e+00 -6.612187773554e-02 
 3.703938925281e-02  4.360484978616e-02 -2.859874037000e-02 
-1.588091660268e-01  6.241095963854e-03 -2.583630664790e-02 
-1.178546421349e-01  2.428761790379e-01 -7.173011723417e-02 
 6.316000728009e-01 -1.970212252012e-01 -4.219483469435e-02 
-8.311788200568e-02  5.872239748538e-01  1.309678423759e-01 
-9.713473083902e-02  1.047308634952e-01 -1.124125146918e-01 
 6.751412148867e-01 -2.313682686052e-01  1.744297400436e-01 
 1.234039063241e-01 -5.119798801850e-02 -5.305162585411e-02 
-5.164331639852e-02 -2.252980890065e-01 -1.305216738290e-01 
-2.508230079061e-02 -1.295547033504e-01 -1.527455170344e-01 
 1.955445824442e-01 -2.241930287157e-03 -4.850506447285e-02 
 8.754452147228e-01  5.269577581943e-02  8.954883669269e-03 
 2.043431686295e-01  9.533452235766e-02 -3.996318676745e-02 
-1.384771969911e-01  4.007856858128e-01 -9.859081164466e-02 
 2.457903855088e-02  5.707339486165e-02 -4.709324247837e-03 
 2.663622962270e-02 -3.731877965467e-01  3.121608998946e-01 
 1.976825386023e-03  1.383398680307e-02 -8.259308584457e-02 
-1.775908129622e-02  3.228066408434e-03 -1.078821973087e-01 
-4.245590650653e-02 -5.503643254445e-01 -1.605299509901e-01 
 5.476084245965e-02 -6.970234142792e-04 -5.442118730942e-02 
-2.952631983063e-01  2.437956205265e-01 -1.139405186139e-02 
 1.785887114948e-02 -2.557769251251e-02  2.194099692242e-01 
 3.838050739939e-02  2.166845417812e-03  1.270140209540e-01 
 3.562547651255e-02  8.271932327012e-01  1.908413835415e-01 
 6.479624068863e-03  1.216858026042e-01  1.358877837019e+00 
 1.606624455371e-01 -6.293996807304e-02  4.101711029741e-01 
 1.506134415228e-01 -6.800868179471e-02  3.193902174944e-01 
-4.305677701478e-02 -3.442790046265e-01  5.781121988713e-01 
 1.839041282822e-01 -3.299174011222e-02  2.611252411476e-01 
 1.153277723685e+00 -1.598149201995e+00 -1.831018693662e-01 
 1.375456216322e-01  6.457648344023e-01 -2.752691209470e-01 
 1.423551346529e-01  9.376882055110e-01  5.197683565844e-02 
-2.488125329185e-01 -5.318512441644e-02 -5.358308165875e-02 
-3.473205531683e-01 -5.373188837313e-02 -1.735179916920e-01 
 1.608238030627e-01 -3.322098341192e-02  1.540840121706e-01 
 2.224863165326e-02 -2.401958574132e-01  6.069110854132e-01 
-5.080531524216e-02 -2.299553525713e-01 -4.570660104756e-01 
-2.096606635827e-01 -7.345269276870e-01  7.282053541173e-02 
-6.547070084322e-02 -1.698204629926e-02  9.703193569542e-02 
-8.673830558208e-02 -9.013139634307e-02  4.244307081250e-01 
-1.917505691619e-01 -1.004855078352e+00  7.321924658344e-01 
-6.324528553011e-01 -1.108146696192e-01  6.723546795213e-01 
-5.178684000723e-02 -6.746158144281e-04  3.465023248618e-01 
 5.793959450780e-02 -9.167663385476e-02 -4.452758004200e-01 
 3.422764654929e-02 -1.291165870907e-03  3.591618615157e-01 
 1.539456076324e+00 -1.828573731298e+00  4.552222475968e-01 
 5.030012958911e-02 -2.189737291389e-01  5.100392097015e-02 
 3.566977658661e-02  7.116697333886e-01 -6.882152447279e-02 
-1.913751062845e-01 -1.720841940927e-02 -8.532001344411e-02 
-1.274124719948e-01  6.517289349457e-01  2.831578955557e-01 
-9.794963330009e-01 -6.389525793483e-02  1.415817482892e-01 
-2.319364441915e-01 -2.021825625080e-01  4.250634519673e-01 
 1.536847732330e-01  2.202866242660e-01  2.136951374726e-01 
-7.717518356646e-02  3.765124432115e-02 -3.495241107417e-02 
-1.947618399135e-01 -3.182042149422e-02  8.079560171939e-02 
 4.414506293601e-01  3.980957217305e-02 -3.362649879142e-01 
-1.183311204600e-01 -5.527471668939e-01  3.544395649293e-01 
 6.871864484208e-01 -3.944201777126e-02  7.949364861838e-02 
-6.417447547476e-02 -5.403356609188e-03  1.915217877984e-01 
-2.398393087525e-01 -3.161132202281e-02 -5.267007686309e-01 
 2.859521891967e-01  1.842190962772e-01  1.337599750872e-01 
 6.403266981059e-01 -5.955874571815e-01 -8.930282274296e-01 
-1.609085303772e-02 -3.991524855779e-01 -2.582699296482e-01 
 1.302074443307e-02  4.019297115333e-01  2.417643450283e-01 
-1.035964986357e-01  2.679245357852e-02  6.162339432356e-02 
 1.199224227964e-01 -1.321736596259e-01 -6.205441963209e-02 
-1.173281029509e-01  1.504866977685e-01 -4.907188614326e-01 
 5.163918275391e-01  8.028016361968e-02 -3.879715807900e-01 
-2.071790195705e-01 -3.630890957335e-01 -6.687994851266e-01 
-1.050942045954e-01 -4.916520620244e-01  2.610312830840e-01 
 4.325884249989e-01 -1.249501096472e-02  4.668710911290e-01 
 5.584178136058e-01 -1.847874944817e-01  4.792261636025e-02 
-2.249952240409e-02 -1.157218207181e-01  5.463200757408e-01 
 2.897576882807e-02  1.837096317884e-01  6.254848503031e-01 
 5.627314800362e-02  1.946264798106e-02  1.607041865067e-01 
 7.964178407767e-02  6.301666569256e-01  1.996758603393e-01 
 1.802586329848e-01 -1.090424264453e-01  1.032150617818e-01 
 3.936691557529e-01 -1.029629153366e+00 -2.020272667499e-01 
-3.700057297743e-02  4.888230735002e-02 -1.986042848724e-01 
-9.352332013301e-02  7.664282320136e-01 -1.525053037640e-01 
 1.025040074598e+00 -1.563151552324e-01 -9.971061107535e-03 
-2.439981119808e-01  3.594219106079e-01 -1.082534806664e-01 
-2.659100335427e-01  3.998634267721e-02  9.608862926183e-02 
 2.263771994126e-01 -1.408992156050e-01  1.127106919359e-01 
-2.405374453705e-01 -3.042886442181e-01 -2.645165817688e-01 
-9.696441540675e-02 -2.637687467338e-01 -2.679822669616e-01 
-7.032447363239e-02  2.424839661850e-01  2.893258805339e-02 
 2.085232801146e-01  1.098622864013e-01  1.473077977271e-01 
 1.258888046433e-02 -1.549746896789e-02 -4.045324076720e-01 
-8.920541003382e-01  7.449483695143e-02  1.241847209994e-01 
-1.523142196295e-01 -1.029294563838e-02 -1.647965437011e-01 
-4.898257029524e-01  4.286756311069e-02  1.983858267135e-01 
 1.724628123468e-01 -2.503250187689e-01 -1.277703489646e-01 
-5.784021377773e-01  4.878409892067e-01 -4.275264821504e-02 
-4.059046617118e-03  2.250611504595e-02  3.618586816106e-01 
 6.842053940063e-03 -2.345988597523e-01  8.937872821197e-01 
 1.187013628041e-01 -1.533061433732e-02 -2.311780902928e-01 
-1.170106853280e-01  9.579822530182e-01 -1.141767954840e-01 
-4.342785280681e-01  2.218509780820e-01  4.292570173259e-01 
-2.526169916202e-02  2.539889723086e-02 -1.090266663280e-01 
-4.925015572671e-01  7.590767573343e-02  3.349694641692e-01 
-4.917090310967e-02  1.406323376204e-01  3.313810971950e-01 
-1.900186230575e-01 -3.926113259947e-01 -1.356634329748e-01 
-3.568139273886e-01 -2.719477816484e-01 -5.036351727351e-02 
 4.841191780258e-02  2.205614007200e-01  1.870005820303e-01 
 4.154845634059e-02  1.377166000090e-01 -1.212259169637e+00 
-5.862929167492e-02 -2.128562659598e-02  2.227557025255e-01 
-9.776222357609e-02  1.757240398741e-01 -7.754111711467e-01 
-4.521728893080e-01  6.105710585583e-01  1.549712950355e-01 
 9.413397803614e-01  1.123106903213e+00  3.952437459719e-01 
 1.508201714003e-01  3.227613522416e-02  1.945320645090e-01 
-1.393284215949e-02  4.274952526468e-02  2.513020955343e-01 
 3.477840090975e-01  6.836684282105e-01 -6.700608383831e-02 
 4.132235477351e-01 -1.263536829536e+00  4.937471932107e-01 
 5.033267847566e-01  1.033569390664e-01 -4.219355612424e-01 
-1.541914869722e+00  4.331707685016e-01  8.115076349597e-01 
 2.583562666393e-02  3.168258272154e-01 -6.455733491087e-01 
 2.858054539148e-01 -4.865208013348e-01  8.415238136955e-02 
-2.350253835505e-02 -8.165499557357e-01  2.110373331691e-01 
-2.291243062547e-01  1.350546934599e-02 -5.195294206702e-01 
-6.448074108114e-02 -1.298800939967e-01  9.018107359977e-01 
 1.584718347936e+00 -6.176609220526e-02  6.370289495925e-01 
-5.008248155167e-01  1.170119562290e-02  1.469819430390e-01 
-1.873595890716e-02  3.560792539788e-02  2.037673187919e-01 
-1.099320502588e+00  6.397631325540e-02  1.767804789982e-01 
 5.989717470672e-01 -1.690136478841e+00  7.243693431473e-01 
 3.426516627731e-03  3.756981900056e-02  8.456450825437e-01 
 2.736079134434e-02  5.117961533143e-01  4.232582088850e-01 
 5.203543399032e-02 -4.173247361102e-01  2.098745265351e-01 
-2.549089593904e-01 -1.406898371372e+00  5.143713830938e-01 
 7.051756741288e-01  8.257273020237e-02 -2.781147071632e-01 
-9.453028017203e-01  5.406503121015e-02  2.714277715939e-01 
-9.171270513778e-02  3.693175055857e-01  1.447538674834e+00 
-3.553346154851e-01  5.395710132379e-01  2.065130917284e-03 
-3.592672543753e-01  1.631807231105e+00 -5.945418398632e-01 
 9.415836056323e-01 -1.245471212615e-01  1.615597979038e-01 
-4.559128412767e-01 -2.213962175250e+00 -7.974674066821e-01 
 7.312741670665e-01 -7.157830276462e-02 -4.075040144981e-01 
-1.486256056532e-01  2.316276207412e-02 -5.029908695743e-01 
 8.049198993966e-02  3.207725394356e-02 -5.482253388937e-02 
-2.404382672641e-01 -7.082123979390e-01 -3.360092109912e-01 
-1.347645711036e+00  2.250129961158e+00  4.639959256594e-02 
-6.126063095790e-02 -3.313008767002e-01  1.116076781772e-01 
-2.731092781464e-02 -1.120778815064e+00 -2.898000098822e-02 
-4.214835152921e-02  1.049565138248e+00  7.352248278481e-02 
-3.278641863441e-01  6.727425254685e-01 -3.389750978548e-01 
-1.755969966847e-01 -3.662414428628e-02  3.248512578303e-01 
 4.144306050376e-01 -4.983294880661e-02 -1.407773813581e-01 
-1.739761458661e-02 -3.300489555834e-01  6.799056804021e-01 
-9.842953024302e-02  2.824772537306e-01 -5.059990899122e-02 
-3.446559549031e-01  1.945935066885e+00 -7.157092044671e-01 
 7.628298063745e-01 -8.077482939141e-02  5.287818366672e-01 
-1.890303973475e-01 -1.005157881011e+00 -1.474160620878e+00 
 5.167961222459e-01 -9.387044227811e-02  6.178346009544e-01 
 1.774142037234e-02 -1.568555689187e-03 -4.459613742156e-01 
 6.882015970641e-02  3.671459454636e-02  5.330802989362e-01 
-2.752303390398e-01 -1.026062998606e+00 -2.231994842192e-01 
-6.263760312359e-01  2.930114799025e+00  1.737289574222e-02 
 1.405709000804e-01  8.228520888716e-01 -1.056492213566e-01 
 5.333745966375e-02 -4.581803693949e-01  1.693278626173e-02 
 8.642117695852e-02 -3.380193986329e-01 -2.195714478573e-01 
 1.105781770631e+00  1.073549455833e+00 -3.162738428220e-01 
-2.868084696604e-01 -3.587382316225e-02  5.152977993004e-01 
-1.536030655150e+00  5.666298646139e-01  4.157342121631e-01 
 1.616482426218e-01  5.263370060507e-01 -1.744542782041e+00 
 6.694172408936e-01 -6.528735847643e-01  1.306704591303e-01 
 4.739249623502e-01  2.284825788781e+00 -6.576203603219e-01 
 7.040308080993e-01 -1.011557848410e-01  5.399483468246e-01 
 1.453393260809e-02 -1.663507410705e-02 -3.262388901520e-01 
-3.895189172160e-01  1.952736359549e-02 -3.085661874079e-02 
-4.915040333428e-01 -9.712880519532e-03 -2.384978201816e-02 
-8.273116470484e-02 -4.827958573489e-03  5.333682934869e-02 
 1.109023826054e+00 -1.733050322880e-01  2.637085796775e-02 
 1.820189103517e-01  6.109441338955e-01  7.250485081405e-01 
 9.420952583567e-02  2.686741351735e-01  6.066702872767e-01 
 2.793570780043e-02 -2.001522351199e-02  2.453757096065e-01 
 7.649491263773e-02  2.192762453498e-02  1.500987376966e+00 
 2.326574513842e-01  1.274039200689e+00 -3.436313396017e-01 
-4.749157868645e-01 -2.813059545468e-03  1.602314899884e-02 
-2.417868534541e+00  9.637307029055e-01  8.763302343417e-01 
 1.925812120358e-01  3.241790419225e-01  1.172780285294e+00 
-4.835069003764e-01  5.143014341966e-01 -6.121975257721e-02 
-8.354638572631e-02 -8.598838062917e-01  2.353438599438e-01 
-3.533289722527e-01  5.672551230523e-03  2.850582316610e-01 
orbocc
(*)
 0.000000000000e+00  0.000000000000e+00  0.000000000000e+00 
 0.000000000000e+00  0.000000000000e+00  0.000000000000e+00 
 0.000000000000e+00  0.000000000000e+00  0.000000000000e+00 
 0.000000000000e+00  0.000000000000e+00  0.000000000000e+00 
 0.000000000000e+00  0.000000000000e+00  0.000000000000e+00 
 0.000000000000e+00  0.000000000000e+00  0.000000000000e+00 
 0.000000000000e+00  0.000000000000e+00  0.000000000000e+00 
 0.000000000000e+00  0.000000000000e+00  0.000000000000e+00 
 0.000000000000e+00  0.000000000000e+00  0.000000000000e+00 
 0.000000000000e+00  0.000000000000e+00  0.000000000000e+00 
 0.000000000000e+00  0.000000000000e+00  0.000000000000e+00 
 0.000000000000e+00  0.000000000000e+00  0.000000000000e+00 
 0.000000000000e+00  0.000000000000e+00  0.000000000000e+00 
 0.000000000000e+00  0.000000000000e+00  0.000000000000e+00 
 0.000000000000e+00  0.000000000000e+00  0.000000000000e+00 
 0.000000000000e+00  0.000000000000e+00  0.000000000000e+00 