2mocoef
header
1
MO-coefficients from MOLCAS
1
48   48
a
mocoef
(*)
 4.738825001350e-05 -1.022921354301e-04  2.759476927929e-03 
-1.085919513022e-05  5.326032170217e-05 -2.503695201474e-04 
-6.503795970126e-05  2.315074550292e-05  1.484941240344e-03 
-1.897622578453e-05  2.122801911165e-05 -4.657391670102e-04 
 2.768491463027e-05  1.680169937983e-04  1.001084070646e+00 
 5.799859684280e-03 -6.651453622174e-03  1.214069261578e-04 
 5.647247351185e-04 -6.986117089714e-04  3.441350644005e-05 
-4.497101961561e-04  1.993658242338e-03  4.283739796813e-05 
 5.908471327969e-05  4.097812865725e-05  1.315021786425e-04 
 2.493251568447e-04 -3.811365274688e-04  2.400807967314e-04 
-1.309710823836e-05  3.472017214700e-06 -1.642624869801e-04 
-4.255625907636e-04  5.292792153277e-04  5.577568472078e-04 
 1.240463432356e-04  1.721045468834e-04  6.227474918624e-05 
 2.374787188371e-04 -4.453381389721e-04  7.170983104439e-05 
 1.084757438917e-04 -5.132696943499e-04  2.458447287560e-04 
 6.338630303559e-06 -7.624175464546e-07 -1.135743643224e-04 
 1.001238733529e+00  7.568673847843e-03 -4.929897866615e-03 
-1.561323410011e-04  1.229819877554e-04  1.458993827376e-03 
 2.998511234835e-04 -1.499162383965e-04  5.408102775026e-04 
-3.764194633220e-05 -3.689392388542e-05  4.353464843708e-04 
-3.298927169996e-05  7.750854692507e-04 -2.772496345047e-05 
 7.792643967194e-04 -2.865862958303e-03 -7.568054708216e-05 
-2.657068262617e-05  2.490629757708e-04 -6.507390220471e-07 
-1.636294402988e-05  1.778271332906e-03 -1.328052195593e-05 
-1.194559239802e-06 -3.704251191705e-04 -2.855155120166e-05 
-3.298308696353e-04 -6.821963610221e-04  1.480208724444e-03 
 3.519041343316e-04  3.997812218851e-05 -3.461259073043e-04 
 5.102514832026e-04 -3.102352132956e-04 -6.498549783159e-05 
-2.452543308102e-05 -3.743216769344e-04  5.107026819977e-04 
-3.335668145228e-04  6.391127611397e-05 -1.461921227437e-05 
-3.505256384699e-04 -7.623105255929e-04  1.932714428190e-03 
-2.386921051326e-04  5.099546972918e-05 -2.823461974625e-04 
-1.253342723750e-02  4.202983153606e-01 -1.593727771026e-01 
-9.093298089549e-03  7.210676717709e-03  1.576461888594e-01 
 1.209460261628e-02  1.573265388081e-05 -7.722332767198e-02 
 1.023634549801e-04  1.236011075214e-03  2.705201260292e-02 
 1.272284807275e-03 -9.371791224568e-04 -1.238797938550e-02 
 7.798263088902e-01 -1.381054081509e-01  1.993992554349e-03 
 2.749900081373e-02 -5.409171477797e-02 -1.183429338798e-02 
-1.089638026158e-02 -4.217316353954e-03  1.942019124127e-04 
-4.599636558351e-04  1.104838036640e-02  1.186830660306e-03 
 3.510657525383e-03  1.061557964479e-01 -5.684167710477e-02 
-9.839727969410e-03 -2.277428045545e-04  7.874185247486e-03 
 2.693638040871e-01 -1.304581168937e-01 -2.698829643133e-02 
-4.003659395920e-03 -1.491561514692e-02  2.356155001192e-01 
-1.135444151350e-01  2.655576749544e-02 -1.770488199715e-03 
-1.228363103235e-02  1.360609173933e-01 -6.596238194104e-02 
 1.044934571948e-02 -9.173699895439e-04  8.254400667452e-03 
 8.181768941150e-03 -7.053080757494e-01  1.620792798117e-01 
 4.522880231859e-02 -1.151081362528e-02  1.248931512446e-01 
-2.101888316988e-02  2.584567056637e-03 -1.473060410357e-02 
 6.022333243575e-04  2.062290246501e-03  6.624559066435e-03 
 3.420699853596e-03 -8.396361742455e-03 -5.877362377275e-04 
 3.395477320723e-01 -4.396807328767e-02  8.302749037167e-02 
 3.555187253901e-02  2.993950666166e-01 -2.129957079283e-02 
-8.161408989918e-03 -5.497001230560e-02  1.086707154787e-03 
 2.356196281126e-03 -1.505110043657e-02  6.258133416154e-04 
 3.030112062910e-03 -3.147090818497e-01  1.471827017761e-01 
 2.273708359249e-02  4.558311903573e-04 -1.036460431745e-02 
 3.163091590116e-01 -1.461522570850e-01 -2.497869056332e-02 
-3.792529351464e-03 -1.196320097648e-02  1.739837429542e-01 
-8.385250118181e-02  1.841775883794e-02 -6.562779782603e-04 
-3.248425389275e-03 -3.905988462802e-01  1.858443030363e-01 
-2.705006194423e-02  2.137482257004e-03 -1.082097388533e-02 
-1.941102075458e-04  9.987300066901e-02 -7.310848115223e-03 
 2.332958420538e-01  1.149039993312e-02 -7.872117951394e-02 
-3.911140339389e-02 -1.999945878771e-03  1.965299145647e-02 
 1.474155874553e-03  1.327501595558e-03 -3.614241404161e-03 
 3.110301892964e-02  1.290534094191e-03 -1.038661346890e-03 
-4.928361261713e-02 -1.232238333113e-02  6.632961002081e-01 
 3.306938857488e-02  2.660741049734e-02 -1.176410435212e-01 
-5.325626584688e-03 -1.046540197670e-02  6.383080828911e-03 
-1.377328820697e-05  2.098835162076e-04  2.881637161865e-03 
-3.216748560362e-04  1.992126219404e-01 -1.054037837439e-01 
-1.469055293362e-02 -4.704874618279e-04  5.422527661197e-03 
 4.814434946215e-01 -2.020301890636e-01 -2.192551162851e-02 
-6.159055262622e-03 -2.434720284982e-02 -4.876145014183e-01 
 2.016068665640e-01 -2.589678969420e-02  5.242111514160e-03 
 2.547133544419e-02 -6.051338227734e-02  4.639258463797e-02 
-5.493208466757e-03  1.147121822895e-03 -1.536061736447e-03 
-6.575984786325e-03 -1.942463073852e-02  6.146345870639e-02 
-4.370068132098e-01  4.971026434618e-02 -4.849439297522e-01 
 1.101399989472e-01 -1.369238947992e-02  1.507762049108e-01 
-2.492340433512e-03  2.967599449378e-03 -3.259791479641e-02 
 1.188521827008e-02  9.626679608719e-03 -1.690054321870e-03 
-8.168981526624e-02  1.525853043723e-02  9.640802525820e-02 
 7.913714104444e-02  5.047779650678e-01 -2.466996148157e-02 
-7.877368892473e-03 -7.901492153031e-02  1.501360078372e-03 
 1.591509053023e-03 -1.607453862318e-02  1.429531383855e-02 
 5.315424809603e-03 -1.295668927420e-01  4.860216837784e-02 
-9.323261912370e-04  1.267705668823e-03 -1.192906996931e-02 
 3.223093190049e-01 -1.120640625206e-01 -1.695934772385e-02 
-2.074908631124e-03 -1.717032357794e-03  7.697750477186e-02 
-3.988029141739e-02  1.020128475195e-02  1.183458203804e-03 
 4.638740692787e-03  5.679391975632e-01 -2.174828461143e-01 
 2.439804097656e-02 -1.896523538823e-03  9.232316021355e-03 
 3.049799410939e-05  9.411257551633e-03 -4.353462068807e-03 
 5.878223656393e-02  2.921603797319e-01  4.450064351853e-02 
-1.090118470866e-02 -6.280345729510e-02 -9.429421217081e-03 
 4.315290519302e-04  4.102375792300e-02  2.654259550781e-03 
-4.235844951818e-03 -3.861000860617e-04 -1.723839794479e-03 
-7.531356528424e-02 -1.956159015283e-02 -5.677230182603e-02 
 8.382370934170e-01 -7.005766868084e-02  3.139451237783e-03 
 3.718939151683e-02 -1.184314537238e-03 -5.415725896110e-04 
-1.878605278051e-02 -1.470399740562e-03 -2.177714154373e-03 
-4.460240600322e-03  4.031267722149e-02 -1.610048646956e-02 
-1.048124231306e-03  6.759025694943e-03  1.978017650834e-03 
 3.864354455555e-03 -4.574386200115e-03 -3.713516976610e-03 
 2.165984586827e-02 -3.376696556808e-03  6.411551938816e-02 
-2.169407270106e-02  4.296130342113e-03  1.986037866051e-02 
-5.011225632032e-03 -5.582033941332e-02  1.697880112387e-02 
-7.817305552885e-04  7.924989893969e-03 -8.798943889111e-04 
 3.152447036619e-03  1.956291663857e-05 -8.648947755133e-02 
-4.994887359188e-01  1.550724185462e-02  3.910261924363e-01 
 1.035499216267e-01 -2.498123066039e-03 -1.173510816678e-01 
-2.004075379761e-03  2.119890908386e-03  2.205322595639e-02 
 2.084716224102e-02 -8.151102061387e-03  6.566785230727e-04 
 4.560346666956e-02 -9.702368075915e-03  2.293520990091e-01 
 3.451300344106e-02 -3.861821210300e-01 -3.136778385613e-02 
 3.784803548949e-03  4.787997361879e-02  2.192059020746e-03 
-3.257147393379e-03  1.278462661091e-02  1.702496523748e-02 
-4.549354970708e-03 -5.878650026739e-01  2.189594988612e-01 
 2.273151185689e-02  1.356946581360e-03 -1.319096454096e-02 
 6.356954618918e-02 -1.073784828346e-02  4.103892374400e-03 
 3.672309657042e-04 -9.480553203265e-03 -3.700479713331e-01 
 1.214863054410e-01 -1.910591071420e-02  3.670888006043e-03 
 6.020288113220e-03  2.617620399658e-01 -1.033839800702e-01 
 5.106524681436e-03 -9.245481145233e-04  1.507937225068e-02 
 2.716054881853e-03  5.540034227476e-02 -2.136297304016e-03 
-2.399081407720e-02 -9.384041625150e-01 -2.351006751169e-02 
-4.923527629869e-03 -1.007052978199e-01 -1.386071996048e-02 
 1.684252152532e-03  1.387589758464e-02 -1.379564681444e-03 
-1.147478506200e-03 -7.119020708657e-04 -7.246019675547e-04 
-4.391784292741e-02 -2.207227328935e-02 -3.738747582818e-03 
 3.874941434043e-01 -1.617655858142e-02 -5.400749856286e-03 
 1.738855062201e-01 -1.291145281666e-02  7.927737202844e-04 
 1.953978163966e-02 -1.287959601155e-04  1.812981378988e-03 
-6.776494562784e-04 -1.754665286029e-02  9.932192993870e-04 
 6.942068361850e-04 -2.273254979187e-02 -1.027631587329e-03 
 5.792567594756e-02 -6.336917539924e-03 -2.261592002463e-03 
 1.252668163341e-02 -9.601349437479e-04  2.951080657533e-02 
-1.179553977225e-03  1.070324652645e-03  1.183755519143e-02 
-8.432007994308e-04 -2.928569276592e-02 -3.270857719760e-04 
-2.111009315102e-03 -2.516956040136e-02 -9.531780765652e-04 
 1.608120361223e-02 -1.092839043167e-01 -7.819087175600e-01 
 2.803538001258e-02 -1.171710295046e-02  1.913228954106e-01 
 8.982975176733e-02 -8.664157154587e-03  2.413504703972e-01 
 5.884629654411e-04 -1.207173309108e-03 -1.052039640999e-02 
 3.702919534908e-03 -4.790095428295e-04  3.119776859368e-02 
-2.548539279560e-01 -9.356651991960e-01  8.807119868832e-02 
-5.710403284706e-02 -1.715823030473e-01  6.424351767382e-02 
-5.153948463391e-02 -2.537746757734e-01 -7.422220394968e-04 
-1.849922019658e-03 -2.703669371442e-03 -5.125744492867e-03 
-1.431349880320e-03  2.460924396232e-02  3.996026749911e-01 
 4.050614804404e-03  2.887429050347e-04  1.153030545760e-02 
 1.408462422660e-01  5.621557110042e-01 -5.796091149572e-03 
-3.350593620807e-03 -8.482454955463e-03  2.085538732102e-01 
 8.034137075199e-01  3.183301911566e-03 -1.007383333474e-03 
-5.703810958594e-03  7.063576550662e-02  6.466043423050e-01 
-2.109322784209e-03  1.488131867898e-04  1.179734472194e-02 
-1.286906965793e-02  1.659853097287e-01  6.083669090872e-01 
 3.017681510281e-01  7.923370309295e-03 -9.676162756959e-02 
 5.786739478293e-01  2.425029292094e-03 -1.896899881738e-01 
-1.144788958769e-03 -6.905442508279e-04 -2.850303544543e-03 
 2.048781662118e-02 -6.619361266526e-04  4.495177607263e-05 
-4.749255827859e-02 -2.263539584526e-02  3.015610210894e-01 
-1.650158799816e-04  1.118317101373e-02  2.736088642793e-01 
 7.634497444535e-03  1.914987739165e-02  2.674833403899e-04 
-1.762841825038e-04  3.450657530572e-03 -2.062108050566e-02 
-1.779212191869e-05 -1.809004410153e-01 -1.358255533577e+00 
 1.045831022902e-03 -8.796685103098e-04 -2.673832276136e-03 
-1.098789587322e-01 -7.084997075306e-01  2.129621417560e-04 
-1.296925461533e-03  1.471385856623e-03  1.783493334017e-01 
 8.311413355377e-01  8.089391915931e-04  1.422282945943e-03 
 6.389459537703e-03  1.351458999316e-02  3.902837756783e-01 
 7.841733741659e-04  1.549847252680e-03 -2.205295194878e-03 
 2.742244546686e-02 -3.034651444741e-01 -1.358295343772e+00 
 8.870341893629e-02 -2.909781795208e-02  9.183417181763e-02 
 2.352018816281e-01 -6.773971303136e-02  2.739441202587e-01 
-3.915743888931e-04  2.618998369488e-03  1.118334750378e-02 
 3.660063406010e-03 -7.966958500104e-03 -2.026241747007e-02 
 1.773670918244e-01  6.506628240569e-01  1.460976442441e-01 
 5.014743053601e-02  3.897106343179e-02  1.644701253030e-01 
 5.803917726262e-02  6.223041836097e-02  9.575286507231e-04 
 1.529297735472e-03 -1.022224500892e-02 -3.297274066702e-03 
 8.465926589193e-03  9.975756524162e-02  6.626434105745e-01 
-4.482033300975e-03 -1.873737690748e-03 -1.314867212939e-03 
-1.270359694663e-01 -9.683505539177e-01  1.275077752385e-02 
 1.083635543387e-03 -2.605059589937e-03 -3.735957828259e-02 
-1.120772437754e-01 -8.713812506410e-03  1.594806641658e-03 
-7.228204843147e-03  1.268614422224e-01  1.447896517852e+00 
 8.692246566484e-03 -1.287256075629e-03  3.349003557153e-03 
 2.122209633456e-03 -2.158129984332e-02 -2.917949192406e-01 
 3.710422345991e-01 -1.790715476243e-02 -4.836153712097e-03 
 1.129946763811e+00 -2.714317473232e-02  4.082627152641e-04 
 4.638246355811e-03  1.396609655814e-04  5.719852514592e-04 
 2.162703898565e-03 -8.958219395889e-03 -2.206270078852e-03 
-5.495704682865e-03 -1.390740725096e-04 -3.083393214865e-01 
-6.247234201739e-03  8.590195505789e-03 -6.360427092194e-01 
-6.564692487879e-03 -2.512205075118e-02 -6.189677995950e-03 
-1.668754725917e-04 -1.077137631620e-03 -1.872557525235e-02 
-2.451117355224e-03 -3.842494240837e-02 -1.439040305783e+00 
-8.083481434215e-04 -4.866844172523e-05  7.424713953164e-04 
 2.252486438356e-02  1.018128756403e+00 -1.245834552636e-02 
-2.122227131344e-03 -9.308245372934e-03 -6.635807336018e-02 
-9.990595998771e-01 -1.079842374961e-02  1.833129321917e-03 
 6.956870108791e-03 -2.758159486302e-02  1.858025212587e+00 
 5.252548998391e-03 -3.598543035971e-04  1.247563686308e-03 
 5.405253826370e-02  3.409034977474e-02 -1.833608652988e+00 
-6.598368120623e-03 -4.306518774191e-03 -1.344974032177e-01 
-8.281862962484e-02  6.367266927007e-02 -2.235887281635e+00 
 2.989517937151e-03 -3.595767994228e-03  1.319467483709e-03 
 4.671145598354e-03 -4.672863744068e-02 -5.527922846302e-02 
 1.872877946647e-02  1.719652130840e+00  5.924379746777e-03 
-2.756134480115e-02 -4.029300043781e-01 -4.365921878852e-03 
-2.473740287537e-02 -1.154568583688e+00  1.227391033543e-03 
-1.509801856943e-03  2.643685125173e-02  5.543027110826e-04 
 1.030024289946e-02 -2.116650380882e-01 -3.923115095301e-02 
-2.590638841069e-02  6.919894753750e-04 -1.107584291694e-02 
 1.355643216679e-02  6.311005862102e-01  1.957901446227e-03 
 8.528804219912e-04  1.687977173240e-02  2.665133067748e-02 
 5.474854935066e-01 -2.310736181571e-03  3.904816449787e-04 
 1.782232661823e-02 -2.251542593817e-01 -1.258516013284e-01 
 2.268097915053e-02 -1.733856923571e-03 -6.283433494255e-03 
 3.066428809273e-02  9.364464185099e-02 -6.622605784038e-02 
 9.532526360760e-02 -1.082206314592e-02  1.425360938884e-01 
-6.444238955039e-01  3.750993882163e-02 -2.074692696119e-01 
 2.124456828685e-02 -3.679632628069e-03 -2.390433785891e-03 
-2.239068580398e-01  4.379515864998e-02  1.720839641577e-02 
 8.421255224185e-02 -6.676957731093e-02 -1.184034555587e-01 
-1.089443941688e-02 -2.104511903284e-02  7.313528465068e-02 
-9.356234026779e-03  7.315496111552e-04  2.619380268903e-02 
 1.301791610519e-03  1.677455531387e-02  1.125364599110e-01 
-1.231613413815e-02  1.149129841737e+00 -9.187562518934e-01 
 4.298629218549e-02  5.614934446817e-03 -6.794728658385e-02 
 7.296081273793e-01 -6.414107611740e-01  1.053823274750e-02 
 1.405246954191e-02  1.110561236931e-01 -1.024613522339e+00 
 1.058655678842e+00  3.683850204662e-02 -1.437374029595e-02 
-9.296393318337e-02 -5.960572895747e-01  2.611960651656e-01 
 3.700656411585e-03 -4.965607864243e-03  6.558955021064e-02 
-8.060741039634e-02 -7.069944328113e-02  1.026900617510e+00 
 1.000612102214e-01  7.527037961725e-02  3.219378255399e-01 
-3.568842614166e-01 -7.540912710640e-02 -2.196804120250e-04 
 1.036288430647e-02  2.255023779757e-02 -1.255800871697e-02 
-3.158615771000e-03 -2.368736006171e-01 -1.439788846503e-02 
-1.209894057025e-01 -2.536199144713e-01 -5.063939877908e-02 
 4.755496660135e-02  2.714765462332e-01  1.134896561480e-01 
 9.364160000129e-04  5.569538507590e-01  2.229758328641e-03 
-1.114755932590e-02  3.599450957010e-02  1.512672044242e-02 
-7.932087274618e-02 -1.048059523057e+00  1.087721639148e+00 
-7.656765671503e-02  3.604418257488e-03  1.826911974006e-02 
-5.476950189756e-01  1.613936128221e-01 -6.179013753250e-02 
 5.554854440450e-03  4.628424728845e-02 -8.270521312129e-01 
 5.940859337556e-01  7.047186346949e-02  1.278353189558e-03 
 2.201173590022e-02 -1.062232291676e+00  6.280547033024e-01 
 7.695366709156e-02  4.817301573127e-05  2.579001022431e-02 
 4.961761075700e-02  1.524590495402e-01 -3.142974561276e-01 
 9.587002481168e-03  1.351565388177e+00  2.131136949616e-01 
 8.236057663281e-02 -1.772998467455e+00 -3.093989808061e-01 
-2.461151389668e-03  5.700085292758e-02 -5.048563852705e-03 
 9.006719253897e-03  4.564565512816e-02  8.739839911259e-04 
 1.968986422677e-02  1.044327078284e-01 -1.302829287446e-02 
 1.823841585415e-01 -4.507707879428e-02  1.210211998320e-02 
 5.654406603593e-02  6.774599689713e-02 -2.400351776402e-03 
-5.829987509145e-02  1.978294431289e-02 -7.103857946917e-03 
-1.008738128040e-02  1.873717731877e-01 -2.227937731611e-01 
 2.218073612512e-02  2.105779014562e-02  5.921370658263e-03 
-2.222024716982e-01  2.552596509093e-01 -1.791951896639e-02 
-2.065894676862e-02  1.154841786675e-02 -1.271193828170e-01 
 1.538778175305e-01  1.681973610956e-02 -2.172484974830e-02 
 2.186940515881e-02  2.813141656758e-01 -1.455314055878e-01 
-1.865226636656e-02  4.679319578387e-02 -2.246515518514e-04 
 2.052753034972e-01  8.220975531053e-01 -9.253364987178e-01 
-8.540370935349e-02 -3.766877008873e-01  9.434621871199e-01 
 4.033462924753e-01  4.306132785643e-01 -1.141321501813e+00 
-1.850392409492e-02 -1.588028418751e-02 -8.004081858522e-02 
 5.111383728666e-02  1.263137555088e-01  1.457890880924e-02 
 8.147882520980e-02  3.430363208837e-01  1.498622150175e-02 
-1.437051902271e-02  4.206380246559e-02 -2.905691918381e-02 
 2.401932065222e-02  3.488232805643e-01 -1.014684275558e-02 
 9.926877944263e-03  1.179351978344e-01 -2.752879350070e-02 
-4.160824422684e-02  3.813768434105e-01 -5.829038366873e-01 
 9.039919358524e-02 -1.156756678834e-02  1.311229551277e-02 
-7.926689749704e-01  6.806255771353e-01 -8.916315209999e-02 
-9.141839747666e-04  5.828172560790e-02 -4.763893109729e-01 
 4.607962677814e-01  7.533879902512e-02  1.442805956850e-02 
 1.217586904543e-01  7.418209715386e-01 -4.795975495021e-01 
-9.955189803252e-02 -7.703840339393e-03 -1.113934739541e-02 
-1.158543353270e-01 -7.520188710386e-01  4.963949006181e-01 
-1.139207265271e-01 -8.376580200409e-02 -8.165841359768e-01 
 3.059660135135e-01  6.753703287421e-02  7.306602901152e-01 
-7.759971743051e-03  1.785168757048e-02  1.268988547137e-01 
 2.657744512895e-03  2.279290956951e-02  6.793049222405e-02 
 6.666958948752e-01 -7.272081251066e-01 -6.185373097658e-02 
 8.626788884361e-02 -9.448873524488e-02  7.829227335667e-02 
-5.797283813777e-02 -1.392691698200e-01 -1.134167670425e-02 
-1.869182089157e-02 -8.216157850487e-02 -1.011098594043e-02 
-1.470468313624e-01  2.470652512801e-01 -3.841410925701e-01 
 1.082991754169e-02 -8.905568392925e-03 -2.457093524639e-02 
-1.081214936443e+00  1.003606711658e+00 -1.297176061091e-01 
 1.357058322789e-03 -1.007211517449e-01 -1.098917466347e+00 
 1.176176297705e+00  1.364018287140e-01  9.331881421103e-03 
-7.233363613807e-02  4.064873896554e-01 -2.566485128912e-01 
 4.913472041387e-03 -7.955245590166e-03 -4.263944581628e-02 
-6.910809477128e-02 -2.637138293239e-01  2.743356208495e-01 
-1.309703485023e+00  2.636569125231e-02  1.034254697209e-01 
 3.288033321336e+00 -6.344706048686e-02 -1.632458376562e-01 
 1.405562320943e-02  7.316205681054e-03 -3.762288443405e-03 
-2.263312303376e-01 -5.174035425502e-02 -1.444180391931e-02 
-9.678935416119e-02  1.039869895194e-01 -1.067204556386e-01 
 1.083089239677e-02  2.861457665271e-02 -1.991519839547e-01 
-1.130434582972e-02  9.900590688676e-03  9.439351351385e-04 
 1.182026109924e-03  1.087351188469e-03  5.107723794298e-02 
 9.797047931628e-03 -5.767000186157e-02 -1.732217598706e+00 
 1.831187623252e-01 -4.059432435655e-04 -8.781276209457e-02 
 2.051025959487e-01 -4.063931495269e-01  5.124743614761e-02 
 5.911388560804e-03 -1.794360091017e-02 -3.513974675231e-02 
 1.942165099892e-01  1.568277683161e-02 -2.700514526143e-03 
 2.720174967078e-02 -1.246353207070e-01  1.876298523673e+00 
 2.025949138845e-01 -6.807184919990e-03  7.994318196975e-02 
 2.037345779680e-01  9.217033130657e-01 -1.803871564649e+00 
 1.619298922648e-01 -3.110790098391e-03 -1.209704656830e-01 
 1.853158500267e-01 -2.443756683074e-02  4.699611344063e-02 
-4.693808723407e-02 -1.429085294959e-02 -6.938825623831e-03 
 8.551710294481e-03 -6.864004848336e-04  2.763849742620e-02 
 1.193728479506e-01  1.238572851456e-01 -1.007241264427e+00 
-2.715419076344e-02  8.366298791062e-02  1.443441637338e+00 
 4.785434490903e-02 -3.329613117723e-01  4.818168459614e-02 
 1.218909304135e-02  2.629723228180e-02  1.375364194930e-01 
 2.091280484296e-02 -6.897867786920e-01  8.903792934114e-01 
-4.179388134490e-02 -2.720489748141e-02  1.262040588379e-01 
 5.517651620703e-01 -1.241192324004e+00  2.010972167466e-01 
 5.993851689376e-02  1.564702790317e-01 -4.034363654468e-01 
 1.277831795733e+00  2.156970084268e-01 -5.049893089830e-02 
-1.205905955227e-01  7.225877914952e-01 -2.451458719898e-01 
 3.404886611986e-02  2.013515948778e-02 -6.898627426863e-02 
-7.277506863681e-02 -3.205318186288e-01  2.042222762874e-01 
-1.225068433114e-02  2.031460726194e-01 -3.182580620399e-04 
 1.883675253120e-02 -6.249040236483e-01 -2.248752313283e-01 
-2.084780237943e-02 -1.325894039556e-01 -6.700164892611e-02 
 4.459918651742e-03 -4.715561235257e-04 -5.678756314951e-03 
 3.462223364304e-02  2.443961055909e-01  2.256915367427e-02 
-1.392769132557e+00  1.908811459391e-01 -9.385351085628e-03 
 1.910127305637e+00 -3.626158386967e-01 -6.367778248644e-03 
 3.765645623558e-02  4.867751610658e-04  1.246338547963e-03 
-1.125251600687e-02  1.492122302727e-02 -1.146784124543e-01 
 1.717943581116e-02 -2.639300970142e-02  4.770904941143e-03 
-1.514580257861e-01  1.036892021159e-01  6.768742339930e-03 
-2.950652313184e-03  2.465879044454e-02 -1.237551120083e-01 
 1.260894570444e-01  2.559233380512e-03  4.215021911785e-02 
 1.440113327451e-02  1.010688215727e-02 -1.082222565919e-01 
-1.987480465542e-02 -1.847222807714e-03  1.107126081958e-02 
 6.853674488464e-01  3.111980455568e+00 -5.519252055413e+00 
-1.046687671821e-01  4.167871018628e-02 -4.614179549600e-01 
 3.291153693183e-01 -1.477730702342e-01  8.016853661675e-01 
 1.983482114692e-02  4.015214581811e-03  1.162578872284e-01 
-3.410786471921e-02 -1.366868082764e-01  6.432531021923e-02 
 3.475717590087e-01 -9.619244374898e-02  2.929419955945e-01 
-1.080985818360e-01  7.724051816423e-02 -5.103083709668e-01 
 1.532134754547e-01 -3.385743995252e-01 -1.806890391664e-02 
-4.221792935087e-03  5.509946646238e-02 -3.491530821368e-02 
-2.675741347361e-04  1.916882979838e-01  8.131793468813e-01 
-1.681671958723e-01 -1.027362259687e-02  6.491602567528e-02 
-1.421546515404e-01  4.714251896371e-01 -1.166550094306e-01 
-3.822417147586e-02 -8.957025192998e-04  3.053804494253e-02 
-2.382065078569e-01 -1.691674747215e-02  1.173414653296e-02 
 7.772356769012e-02 -1.097449111354e-01  1.632851011354e+00 
 2.179285714414e-01 -3.320711653644e-02  1.308259897145e-01 
 2.345955468996e-02 -3.797452980607e-02  1.719795148232e+00 
-1.717146977129e-03 -4.416806067757e-03 -2.168723552548e-01 
-2.162240030860e-02 -8.602442677398e-02  1.785558379715e+00 
-3.215279846641e-02 -3.798903931201e-02  3.479134390094e-01 
 3.390571644575e-03 -7.584789846172e-02 -5.267792405022e-02 
-3.179088749024e-01 -4.494659818878e-01 -4.444467770858e-02 
-1.834447723075e-01 -1.183182004098e+00  1.646769876312e-01 
 3.473902089877e-01  2.907697699211e+00  1.645587262663e-03 
 2.652385220625e-02 -8.665478436188e-02  1.882278269111e-02 
 3.719773665699e-02  5.803859991161e-03  3.353137711446e-01 
-1.595279390171e-02 -1.603711883885e-02 -5.739963416904e-02 
-1.735838101270e-01 -8.957601568342e-01  1.756732620410e-01 
 4.874071251810e-02  1.243956242106e-01 -1.131978006906e-01 
-6.805621271077e-01 -1.254825062061e-01  4.539206086838e-02 
 1.002376769693e-01  7.685181519632e-03  3.201472435533e-01 
 2.595128504727e-02  1.316913724475e-02 -7.002750663949e-02 
-6.039785885750e-03 -1.814828843653e-02 -4.924159303937e-02 
 3.271387878405e-02 -5.452445975135e-02  7.133240388079e-03 
-8.032036512330e-02  8.321570678707e-02 -1.019149957116e-01 
-6.215125482262e-01  3.606432304374e-02 -1.432808127539e-02 
-7.559525579629e-02 -2.417579380498e-02 -6.976117792652e-03 
-2.937466769666e-02  8.165340238650e-02  7.755808520038e-02 
 6.725840381310e-02  5.314914146585e-02 -5.633256016472e-02 
-1.091449678498e-01 -1.448895502110e-01 -1.336936960832e-01 
-4.706092133949e-03 -6.178167223727e-04  1.186512657506e-02 
 7.036100502554e-04 -1.710433751413e-03  6.222846083000e-03 
-1.435298905431e-02 -3.144938376284e-01 -3.859066736636e-02 
-3.279360492726e-02  1.302364303180e-01 -1.512485012628e-02 
-1.349763408682e-01  3.459094390035e-02  6.621928073499e-02 
-6.857782661058e-02 -1.688784551228e-02  1.306033722807e-01 
-4.842365209437e-02 -1.550888621065e-02 -5.766149996403e-02 
 4.038133739640e-04  2.859412381319e-01  4.325605594112e-02 
 1.758932802375e-03  2.746237351120e-02  1.442682204884e-01 
 1.259440919205e-02 -8.212586260340e-02  2.139248509092e-02 
-1.038794841639e+00  2.005657112264e-01 -3.517112479560e-03 
 8.447058318952e-02  4.568488487613e-01  5.318686837540e-03 
-1.010562659796e-01  4.967778502669e-02 -3.364589875877e-02 
-1.511748663174e-01  2.698446241789e-01 -3.339220374323e-01 
-1.665285159358e-01  5.571830798700e-03  1.402595999203e+00 
 1.091999238710e-01  1.407036104221e-01 -1.637864921870e-01 
-1.463914071175e-01 -1.733855897051e-04  1.151974421922e-02 
 3.266530726470e-02  3.365311906718e-01  1.702111581817e-01 
 1.668662626079e-02 -1.803463443577e-02 -1.611703518844e-02 
-7.624625759858e-01  8.253003329455e-02  1.749758720949e-01 
-4.397554802321e-01  1.767549943884e-02  5.865802390813e-01 
-1.149529709633e-01  7.440037032486e-02  1.867624780684e-01 
-6.675621222274e-02 -4.319020194048e-01 -2.013476579259e-01 
 9.795740703800e-03 -2.297397206787e-01  2.571006933546e-02 
-3.193264427580e-03 -1.814219326965e-02  1.064489894934e-01 
-5.914780458486e-03 -1.032425670799e-01  7.054829262424e-03 
 6.882938792663e-01  2.078155867899e-01 -1.008735733854e-02 
-4.267264057250e-02  5.256221780795e-01  2.279349211514e-02 
 8.229429492692e-02  4.964076304499e-02 -1.303857420789e-02 
-5.355397105021e-02  7.291500626470e-02  2.112434902574e-01 
-2.752467765213e-01 -5.325331634782e-02 -9.250275574764e-01 
 1.661759054097e-01  1.652097751482e-01  1.776968095490e-01 
-1.735535339668e-01 -2.211735097558e-03 -5.652037767486e-03 
 2.316157583791e-02 -3.079559088690e-01 -8.202062548730e-02 
-1.354093771399e-03 -2.604675291091e-01  2.173694755130e-02 
 4.191545455080e-01 -1.176029568877e-01 -1.061653481612e-02 
 1.310819724157e-01 -7.243300719830e-02 -5.000718650722e-01 
 7.115561820345e-02 -1.182509950446e-01 -4.846605955127e-01 
 2.021740800779e-02  2.064380060377e-01  1.479393202203e-01 
-3.377601966794e-02 -4.836940546050e-02  1.070738044400e-02 
 7.318806467866e-02  3.131448783718e-01 -1.030690878774e+00 
 6.362631543921e-02 -8.072754235486e-03 -8.170115119572e-02 
-1.369111890122e+00  8.321320338094e-03 -2.223453005650e-01 
-3.654021108107e-02 -4.785544984664e-02 -1.132236675063e-01 
-1.421647953062e-01 -5.146488967042e-02 -2.049214014433e-01 
-8.659673234401e-01  1.757363477900e+00 -3.582932402811e-01 
 1.640605626045e-02  1.063456393915e-01  1.547444675362e+00 
 1.831183128869e-02 -3.242376158122e-01  1.029026941376e-01 
 1.764297720865e-02 -1.414065843761e-02 -1.163150659124e-01 
-4.377231038176e-02  6.313553358539e-01  2.219332896289e-01 
-1.552926200389e-01 -5.833848156089e-02 -2.735471825640e-01 
-9.443135030225e-01  1.895596746898e-01  2.731766154031e-01 
 2.950823460680e-01 -2.514908845062e-01  5.527275354878e-01 
-1.349460427573e-01  2.039502716460e-01 -1.870337948825e-01 
 3.024673208903e-01 -3.707493746459e-01 -2.348575722329e-01 
-6.549905191012e-02  8.588593722927e-02  2.177620666062e-01 
-1.400337557909e-01 -5.770245527632e-01  2.972311473131e+00 
 1.982445486306e-02 -5.907993594939e-03  2.622622450108e-01 
-4.998180136460e-01 -4.393998436561e-02  1.261871630763e+00 
-5.392637351119e-03 -3.562477537996e-02  3.656589350651e-01 
-3.514493664442e-02 -1.670981603870e-01  7.429387699976e-01 
 3.088818098226e+00 -6.309238862719e+00 -1.536097497940e-01 
-5.287416668348e-02 -8.442143075198e-02  5.042757566370e-01 
 5.730321082013e-02  8.946028024589e-01  2.621013583452e-02 
-4.915730274136e-03  9.112116306080e-02 -5.359456421222e-02 
 9.271918933210e-02  1.566267455716e-01 -3.382480228770e-02 
 2.350281147496e-02  5.455791595437e-04 -9.570794341241e-02 
 5.312119097221e-01 -6.812551081592e-02 -1.332206771330e-01 
-1.131579533654e-01 -1.338480535422e-01  9.181147973193e-01 
-1.864618523153e-01  2.951335365274e-01 -1.883880523212e-01 
 6.156041087385e-02 -1.967196590365e-01 -2.769572596372e-01 
-6.765085358112e-02  6.090305614550e-02  1.404052374468e-02 
 7.615436669781e-02  3.386713965293e-01 -6.376203435501e-01 
 6.881149356837e-02 -1.464131088886e-02  8.951353212690e-03 
-2.039098537734e+00  4.811075169294e-02  2.308137922952e-02 
-4.559716233481e-02  1.832418079751e-02 -1.005902476034e-01 
 3.042197939085e-01 -2.176479471482e-01 -1.131481724257e-02 
-4.949768822434e-02  2.466192086092e-01 -2.007978511950e-01 
 6.121254147206e-03  1.118002030708e-01  1.141701171298e+00 
-1.447361880816e-02 -3.006803993759e-01  4.082022174687e-02 
-4.146267369703e-03  8.180366433449e-04 -8.161457496115e-02 
-6.502492332032e-02  1.537235910323e+00 -1.345265918515e-01 
 3.676523121677e-01 -8.609473471188e-02  2.209257161682e-01 
-4.608490983420e-01  1.936842354732e-01  3.613882499848e-02 
 1.165118747193e-01  8.067432203999e-02  5.277223945316e-01 
-1.510748142106e-01  1.512298885584e-02 -1.058474441496e-01 
-4.462253265579e-02 -9.684586220396e-01 -2.003679179358e-01 
 3.572276018143e-01  7.917749134907e-02 -4.346738801789e-01 
-2.084599256838e-01 -7.847266852835e-01  2.036446947825e+00 
-8.453792656924e-03  5.381841540709e-03 -3.724225014832e-02 
-9.238728769778e-01  2.208795227321e-02 -2.134376702858e-01 
-4.702696010178e-02 -1.554895033518e-01  1.379677918900e-01 
 8.130597612330e-02  7.132761614498e-01 -1.402867361779e-02 
-6.449152489045e-02 -2.150567892811e-01 -1.502216458481e-02 
 1.124006865304e-02 -2.428286070224e-01  4.272195570952e-01 
 7.768027517737e-02  7.249986634382e-01  1.577873536790e-02 
 3.303969420466e-02  1.307661527787e-02 -3.559814663405e-02 
 1.962009883297e-01 -4.871150027224e-01  4.469173788876e-01 
 1.439522137649e-01 -5.555947199965e-02  4.682605390722e-01 
-4.306085042733e-01  1.023372025325e-01  2.064009789711e-02 
 1.928969636883e-02 -1.403284001264e-01 -2.813581729211e-02 
-1.089432568929e-02  1.567301796003e-01 -8.065891594463e-02 
-3.264106328826e-02 -1.568031798680e+00  2.790798407894e-01 
 1.184398682250e-01  3.831282911902e-02  2.716732584360e-01 
 6.119889417679e-02  1.030870869434e-01 -1.420768041127e+00 
 1.156060902866e-01 -1.825205892407e-02 -4.484495732431e-01 
 4.273165244074e-01  4.740713905465e-02 -7.021311815473e-01 
 4.815212758439e-02  1.528609494354e-01 -4.947153293829e-01 
 1.065319609820e-02 -2.993767267990e-01  1.102435384662e-01 
 6.236550601664e-01  5.653304698905e-01  3.250809404278e-01 
 4.361657104746e-02 -4.109686011753e-01 -1.386954678393e+00 
-1.871005857976e-01 -6.137495395781e-01  1.387988867912e-02 
-1.389159725379e-04 -3.703858503022e-02  5.799925112409e-02 
-9.642842761092e-02 -3.462730115872e-03 -1.513640484631e-01 
 1.702285827347e-01  2.070895856124e-02  4.433364189931e-01 
 9.073882524066e-01 -8.081731477894e-02  2.679605492864e-01 
-9.381731288372e-02 -1.372738071707e-01 -6.062203359174e-01 
 2.450245883947e-01  2.434981906796e-01  2.278066045278e-01 
 5.803886416311e-01  3.828122427941e-01 -3.697272430216e-02 
-7.947315570294e-02  8.085123760136e-02  1.146363977200e-01 
 7.359765065257e-02  2.461378821607e-01 -8.263472886689e-01 
-3.876782149836e-02 -3.438223484650e-01 -1.817808228060e-01 
-1.261984311773e-01 -3.525800620859e-01 -3.094703741782e-01 
-7.907279967536e-02  7.883459054221e-02 -2.012253801866e-01 
-4.659090573562e-02 -7.504362424323e-02 -7.543987789703e-02 
-2.391384712693e-01  1.064783423705e+00 -9.831825276869e-02 
-1.035563965161e-01 -2.155786213850e-01  4.783907311731e-01 
 6.572425775498e-01  2.162823909107e-02 -2.798629810834e-02 
-1.293144334528e-01 -2.074547896109e-02  1.658952153988e-03 
 1.531991033804e-02  1.045383200152e-01  1.924479473790e-02 
 2.119272574976e-02  7.287525678630e-01  8.660887602452e-02 
-5.699733473418e-01  1.967914534608e-01 -7.798827215632e-03 
-2.944667971396e-01  1.152178609970e-01  2.371982650004e-02 
 5.038850723832e-02 -1.526104744607e-01 -4.467664340010e-01 
-1.114362647319e-01  8.302774616054e-02 -5.166703527323e-02 
-1.747252552996e-02  5.696474158123e-01  1.474319747915e-01 
-3.641247777802e-02 -2.677242955253e-01 -4.220726216779e-01 
-1.014282665506e-01  8.356220311738e-02 -3.951470463031e-01 
-7.159212579692e-01  1.802912782232e-01 -4.820013868186e-01 
-2.828504977441e-02  1.066111632667e-01 -3.313847349097e-01 
-1.481911672481e-01 -1.527073709596e-01  1.797251424134e-01 
 9.161195133809e-01 -1.324972204595e-01 -4.243743826860e-01 
 5.051540304205e-02 -3.219208066694e-01  1.682999823043e+00 
-3.195281893722e-01 -4.501260392886e-01 -2.768236455245e-02 
 5.880300958335e-02 -2.284192806393e-02 -1.505780407493e-02 
-9.203293854412e-02  1.741306909077e-01  1.410743342679e-01 
 4.713399018408e-02 -1.216186381435e-01  2.227521966710e-01 
-6.887780493812e-01  2.539967108630e-01 -3.590273935358e-01 
 3.534064726858e-01  5.492937224204e-01  1.146670860465e+00 
-2.762615928294e-01 -2.608902639707e-01  1.149741477468e-02 
-3.874556178174e-02 -1.593078409611e-01 -2.943212677041e-01 
-1.365858538856e-01 -1.775073260726e-01  3.874953503323e-01 
-2.606809177136e-02 -3.711992707817e-02  8.928909858789e-01 
 7.217289475049e-03 -1.329339929144e-01  2.449123397212e-01 
 2.257429569123e-02  1.402871727169e-01  2.970867188523e-01 
-3.931929779402e-02  6.508197591028e-01  2.971111382083e-01 
 9.936826008803e-02  1.334132693495e-01  1.232908266688e-01 
 4.370196024199e-01 -1.404542991529e+00  2.951477565053e-02 
-2.005553236050e-01  1.927841604945e-01 -1.282601733045e-01 
-5.578288119676e-01  3.098035345573e-01  9.576128589725e-03 
-4.884774441198e-02  1.619519357502e-02 -3.378731279981e-02 
 1.443362677636e-02 -3.932821973213e-02 -3.701000536230e-02 
-6.390484256814e-03  4.256103879853e-01 -3.085985149290e-02 
 3.777679575826e-01 -1.946707253068e-01 -3.085047682519e-02 
 6.204702965552e-01 -1.206765869800e-01  1.420108494153e-01 
-1.012854842255e-01  6.356326438867e-02  6.045836072511e-01 
-1.239064369976e-01 -1.577623305086e-01  7.032459453014e-02 
 3.684487144982e-02  3.629134894824e-01  5.227565503714e-02 
-4.141593560727e-02 -1.509273168191e-01  4.687890238016e-01 
-7.360851387032e-02 -5.737523161281e-02  1.937583699057e-01 
-9.007842913280e-01 -5.339616360014e-03  1.941231023650e-01 
 1.879044942380e-01  2.919252215771e-02  2.135974243877e-01 
-6.937273247916e-01  8.768031283943e-02 -3.195841304611e-02 
-1.422789534191e-01 -1.236299009480e-01 -3.642945608791e-01 
-4.005795812939e-02  2.599044393724e-01  1.145025460577e+00 
 5.229011623206e-02  1.575398252186e-02  5.823694667112e-02 
-3.300963181287e-02  1.917854464372e-03  2.586880962744e-01 
-4.948374506272e-02 -1.925215661471e-01  6.753484111666e-01 
-2.974200113083e-02 -9.632669886423e-02  4.080902130236e-01 
-7.249630916138e-01  2.895391715607e-01 -1.616584160888e-01 
 4.244183305623e-02 -2.347696954234e-01  7.147119418554e-01 
-4.236114615959e-01 -2.563025527747e-01  9.704583956420e-03 
 2.574821253218e-01  1.713171682724e-01 -6.672173179767e-01 
 7.483057370755e-02  2.476921796264e-01 -5.294586264444e-01 
-3.036227945621e-01 -1.229463411211e+00  3.647641420286e-01 
 1.338932469945e-02 -2.281881832494e-02 -3.285593127207e-01 
 4.246486140057e-02  1.450465288416e-02  1.203598758183e-01 
-2.403203666312e-01  1.005088913803e-01  3.572828522163e-01 
 1.284739064163e-01  2.722542129804e-01 -1.142163543559e-01 
-4.466375086058e-01  7.162690486494e-01  6.405797737848e-02 
 6.167722038048e-02  6.674153651090e-01 -3.666717985331e-01 
-2.509438842164e-02 -1.729005149880e+00 -7.780220503159e-02 
 4.292607480473e-02  4.131015981147e-02 -2.399063335008e-02 
-1.684306326664e-01  2.768852678972e-02 -3.744629967651e-02 
-1.093715217448e-01  2.514240045048e-01 -5.868335130658e-02 
 6.419784990263e-01 -1.895544915423e-01 -3.914795120254e-02 
-9.740765192114e-02  5.930235118525e-01  1.308099684214e-01 
-9.104622166675e-02  1.019507823273e-01 -1.435565950164e-01 
 6.948827997583e-01 -1.980064481021e-01  1.630973476485e-01 
 1.123380824399e-01 -1.159835441427e-01 -4.841439738200e-02 
-6.502985525544e-02 -2.804304852192e-01 -1.334523237880e-01 
-2.262781067851e-02 -1.280907057431e-01 -1.738419449354e-01 
 2.189456749202e-01 -1.210651876259e-03 -4.908101785021e-02 
 8.710303332930e-01  5.467241769466e-02  1.951274430225e-02 
 2.207085716262e-01  1.036563419402e-01 -4.408248400042e-02 
-1.535058264842e-01  4.410935712889e-01 -8.386387863313e-02 
 2.962710309497e-02  8.476239582320e-02 -4.382444515425e-02 
 2.541216553487e-02 -4.650012054572e-01  2.848781595026e-01 
 6.839856180125e-03  1.627889607243e-02 -8.295634262599e-02 
-2.644470116171e-02  5.547466556810e-03 -1.209284144212e-01 
-4.760457833154e-02 -5.487363479818e-01 -1.702201314131e-01 
 9.854686680158e-02 -1.642291745366e-02 -5.211101828999e-02 
-2.956017651033e-01  2.823218556011e-01 -1.366623991437e-02 
 2.209742546110e-02 -1.502903033594e-02  2.001963138498e-01 
 6.793145283185e-02 -7.421241937045e-04  1.429693289959e-01 
 3.824612791051e-02  8.231217212645e-01  1.965007347122e-01 
 2.633962535844e-02  2.193000211143e-01  1.239524948596e+00 
 1.966514683449e-01 -5.690911420459e-02  3.624153889112e-01 
 1.528275445409e-01 -6.605412449513e-02  2.715361182839e-01 
-3.692006133369e-02 -3.325599904642e-01  6.274753125082e-01 
 1.697955514040e-01 -5.465564971895e-02  2.242671471111e-01 
 9.927733292337e-01 -1.408639973929e+00 -2.009799535389e-01 
 1.286614045374e-01  6.746570401022e-01 -2.637202001455e-01 
 1.377556030893e-01  8.448730063724e-01  5.323089065592e-02 
-2.421136019575e-01 -6.170822210226e-02 -4.347715721564e-02 
-3.445418717453e-01 -8.106795084945e-02 -2.000545499972e-01 
 2.377716344598e-01 -3.266070648356e-02  1.632839357265e-01 
 3.290903620409e-02 -2.226105100940e-01  5.724195942035e-01 
-5.636406170351e-02 -2.389327145870e-01 -4.415376595432e-01 
-2.019386020390e-01 -7.169994130236e-01  7.296552904082e-02 
-5.759574683882e-02  1.786333300977e-02  6.468936303315e-02 
-1.307557928757e-01 -8.422903641999e-02  4.530353380645e-01 
-2.075749134355e-01 -1.072064024930e+00  8.660607524330e-01 
-4.995835071396e-01 -1.175644623188e-01  7.128318738665e-01 
-4.549330571775e-02 -5.805490756437e-03  4.006325179170e-01 
 7.366358415254e-03 -1.117348205510e-01 -4.709051106030e-01 
 1.157860343491e-01  1.305830238412e-02  3.965060168669e-01 
 1.714494681366e+00 -2.038503857446e+00  2.714510917029e-01 
 5.319875775531e-02 -2.329039278385e-01 -3.224096672910e-02 
 4.452601218644e-02  8.405449909671e-01 -2.136378350447e-02 
-2.167641718563e-01 -1.888987669718e-02 -8.143440480044e-02 
-1.398846774056e-01  6.477521936811e-01  2.423528813378e-01 
-9.842298571376e-01 -3.510751532544e-02  7.566347332781e-02 
-1.090490507344e-01 -2.107031377057e-01  3.947811669875e-01 
 1.071648959012e-01  1.299895225558e-01  5.122421765899e-02 
-1.109689572694e-01 -1.071525127645e-01  1.761617357922e-02 
-1.214711718510e-01 -3.057774673919e-02  1.708636403973e-01 
 5.196782606065e-01 -1.512187031300e-03 -2.780402150764e-01 
-8.576518569293e-02 -3.767011993947e-01  2.709151821218e-01 
 8.305969720519e-01 -2.403597795651e-02 -3.203630823840e-02 
-6.117241253338e-02 -5.491113502118e-03  1.447301717399e-01 
-2.206046255470e-01 -1.647748857646e-02 -4.383529777561e-01 
 2.394739608733e-01  1.903865714442e-01  7.988378117970e-02 
 4.094008257449e-01 -3.309777686721e-01 -9.529919122093e-01 
-2.335155123277e-02 -3.495222844925e-01 -2.372166686041e-01 
 8.714015869038e-03  3.021658752261e-01  2.417819807611e-01 
-7.154644252424e-02  3.157088210327e-02  9.165475140338e-02 
 1.349716203985e-01 -3.004797552097e-01 -9.010269045677e-02 
 7.821256317483e-02  1.469681172587e-01 -5.173100641813e-01 
 5.125068043692e-01  1.179232469606e-01 -4.404048607418e-01 
-2.223404057395e-01 -3.984713506291e-01 -6.710603679386e-01 
-1.027095682964e-01 -4.995770972188e-01  2.592277941911e-01 
 4.583674665680e-01  3.505456550675e-02  4.318435569197e-01 
 4.972499129008e-01 -1.729348778176e-01  1.049086733174e-01 
-2.144506264975e-02 -1.122376567918e-01  5.102639330599e-01 
 2.972587611515e-02  1.826549117344e-01  6.321658545607e-01 
 5.288700723622e-02  1.671719800194e-02  1.467954021222e-01 
 7.150770837184e-02  6.157837064419e-01  2.193177402192e-01 
 1.825314868056e-01 -1.299802807910e-01  9.294527345486e-02 
 3.483523281684e-01 -9.858218236218e-01 -2.089545780554e-01 
-3.015502268149e-02  5.458648968713e-02 -1.914189483844e-01 
-8.827522313831e-02  7.487596772635e-01 -1.417715439078e-01 
 1.026365760904e+00 -1.644221598866e-01 -8.580348853369e-03 
-2.486817356130e-01  3.864278605064e-01 -1.199131771395e-01 
-2.662271315281e-01  3.976302487030e-02  1.114975807984e-01 
 2.307202243082e-01 -1.382745304870e-01  1.034096350054e-01 
-2.533865116016e-01 -3.078469091233e-01 -2.553831472241e-01 
-9.828961568537e-02 -2.580697948962e-01 -2.693324421437e-01 
-7.130606227586e-02  2.675251817192e-01  1.584278328408e-02 
 2.052897537080e-01  9.905958725342e-02  1.625709422850e-01 
 1.580769699936e-02 -4.818274915640e-03 -4.525892945372e-01 
-9.214425326695e-01  7.060428479553e-02  1.003894450075e-01 
-1.370713446410e-01 -1.092808819941e-02 -1.746972928544e-01 
-4.773744438075e-01  3.049545146337e-02  1.892743063285e-01 
 2.267684991886e-01 -2.506461995802e-01 -1.387135042187e-01 
-6.206438457180e-01  5.652355040674e-01 -9.353997452383e-02 
-4.269068155153e-03  1.523908973943e-02  3.243134654326e-01 
 8.150117974570e-03 -2.626031982934e-01  8.912015877306e-01 
 9.891673166659e-02 -1.034970612903e-02 -2.319573224451e-01 
-1.002138782634e-01  1.003924967857e+00 -1.397938576139e-01 
-4.525448953795e-01  2.108846318924e-01  4.252602157247e-01 
 2.638051789228e-02  2.892157004076e-02 -1.400227471952e-01 
-4.969469604814e-01  5.850822841904e-02  2.733641306116e-01 
-3.861444486906e-02  1.208972507439e-01  3.440239047395e-01 
-1.630131268647e-01 -4.477558636443e-01 -1.053110535197e-01 
-3.840922263795e-01 -2.602474829363e-01 -4.513742626567e-02 
 5.945937915386e-02  2.820936130370e-01  2.927902291052e-01 
 4.322443583655e-02  1.393357598616e-01 -1.166768136781e+00 
-6.506507778926e-02 -2.207583351286e-02  2.534915038254e-01 
-1.024210587147e-01  1.768165439501e-01 -7.618492196656e-01 
-4.699532949460e-01  6.417754090949e-01  1.772906461600e-01 
 1.022286277525e+00  9.154613658406e-01  4.122687900579e-01 
 1.532770368220e-01  3.831212767838e-02  2.120907514269e-01 
-1.308490807495e-02  1.175904170421e-01  2.707329409553e-01 
 3.584010184691e-01  6.491058566566e-01 -7.425212826993e-02 
 3.843936254462e-01 -1.319742323183e+00  5.179606530535e-01 
 5.207520878708e-01  1.070214852922e-01 -4.365491948753e-01 
-1.537973310547e+00  4.147034657333e-01  8.217046666875e-01 
 1.179206939109e-02  3.220105183564e-01 -6.001025311349e-01 
 2.660024101436e-01 -4.770975780618e-01  8.424506961695e-02 
-4.135828546359e-02 -8.553698061320e-01  2.197968587284e-01 
-2.335007555811e-01  1.328257197545e-02 -5.351587277850e-01 
-8.394441568702e-02 -2.293948528028e-01  8.239996973210e-01 
 1.566372157392e+00 -6.724191705452e-02  6.583834642290e-01 
-4.970758232096e-01  1.290296400416e-02  1.092105890716e-01 
-2.064772991454e-02  3.248370234421e-02  2.319318674443e-01 
-1.104693914691e+00  9.958289869698e-05  1.527312364476e-01 
 4.941593340711e-01 -1.583610496461e+00  7.237672807780e-01 
-2.150839645221e-03  2.905741147626e-02  8.519262890587e-01 
 2.721588742346e-02  4.447165770815e-01  4.400872322835e-01 
 4.255002625207e-02 -3.998983405800e-01  1.848455457201e-01 
-2.748842949356e-01 -1.305208318047e+00  4.829202905169e-01 
 6.668116607382e-01  8.066874640484e-02 -2.284943935463e-01 
-8.871200413516e-01  3.654461469273e-02  2.412000794932e-01 
-1.061891823896e-01  3.634493457040e-01  1.483669724403e+00 
-3.544925581459e-01  5.651129797395e-01  8.036399664344e-03 
-3.788255097377e-01  1.739885009139e+00 -6.406892043943e-01 
 9.695857671533e-01 -1.328491829275e-01  1.932794985173e-01 
-4.542972891510e-01 -2.213221718095e+00 -8.699581232247e-01 
 6.793479801127e-01 -6.797746096534e-02 -4.428028967198e-01 
-1.298225955780e-01  2.188011924647e-02 -5.133866302965e-01 
 7.899100342459e-02  3.470792782545e-02 -6.311785349855e-02 
-2.202998370179e-01 -7.188231268258e-01 -3.469210015338e-01 
-1.375240186727e+00  2.424098328641e+00  3.307479094016e-02 
-5.410052287588e-02 -3.051566598161e-01  8.667741471237e-02 
-2.683597756760e-02 -1.149100871873e+00 -3.549239266906e-02 
-3.484987099654e-02  1.073741064544e+00  5.728392997124e-02 
-2.770007875679e-01  7.183235471595e-01 -3.509867014265e-01 
-1.947529166732e-01 -3.749602987748e-02  3.389446996431e-01 
 3.649477434647e-01 -2.617350177913e-02 -1.195334181958e-01 
-8.728578537049e-03 -3.211219810738e-01  5.676029702359e-01 
-6.099100412055e-02  2.357359408915e-01 -4.401597916234e-02 
-3.225186096300e-01  1.915604662152e+00 -7.025319242689e-01 
 7.358971223494e-01 -7.894845445561e-02  5.208427116230e-01 
-1.758842395018e-01 -9.410618300473e-01 -1.456061055056e+00 
 4.876678989542e-01 -9.031055134328e-02  5.993427117921e-01 
 2.726759011830e-02 -2.802583458860e-03 -4.299315724632e-01 
 6.606718798110e-02  3.626459021474e-02  5.184773258888e-01 
-2.717758489251e-01 -9.923705106720e-01 -2.141364396871e-01 
-5.849323541752e-01  2.903475789000e+00  1.252943335012e-02 
 1.448504961224e-01  8.295178562037e-01 -1.143569557441e-01 
 5.351836812877e-02 -4.352657288447e-01  1.624005611311e-02 
 8.901569309722e-02 -3.507559935846e-01 -2.312164398148e-01 
 1.124069629345e+00  1.035671758250e+00 -3.005641805300e-01 
-2.758601865766e-01 -3.435126256125e-02  5.002801036120e-01 
-1.552790560957e+00  5.711854784402e-01  4.238619658187e-01 
 1.636108081766e-01  5.361766030733e-01 -1.790318428393e+00 
 6.832910810946e-01 -6.729279761568e-01  1.338799710845e-01 
 4.863735654987e-01  2.204701287269e+00 -6.278024521668e-01 
 6.746721781670e-01 -9.754955988792e-02  5.151316289063e-01 
 1.327829151670e-02 -2.098303252198e-02 -3.229120211484e-01 
-3.685961253303e-01  1.859465255510e-02 -2.873280983218e-02 
-4.971044049676e-01 -9.719077799851e-03 -2.354844344917e-02 
-8.124681623467e-02 -4.297825945889e-03  5.355616319174e-02 
 1.087419042973e+00 -1.731321640854e-01  2.775688077485e-02 
 1.893621528294e-01  6.149844457849e-01  7.385131303700e-01 
 9.611858768113e-02  2.736846526222e-01  6.156125699370e-01 
 2.841217303583e-02 -1.785999431430e-02  2.487557274961e-01 
 7.779061967001e-02  2.035811868423e-02  1.503685919671e+00 
 2.381933781632e-01  1.251200027099e+00 -3.337091454411e-01 
-4.647904639086e-01 -2.514179925070e-03  1.405138902901e-02 
-2.447023072666e+00  9.717470981277e-01  8.852723261711e-01 
 1.943802378702e-01  3.316875597997e-01  1.178484581229e+00 
-4.834641707308e-01  5.146704672528e-01 -6.098625535452e-02 
-8.465059188447e-02 -8.324887334917e-01  2.242265282615e-01 
-3.412882845426e-01  4.860299042801e-03  2.843695391258e-01 
orbocc
(*)
 0.000000000000e+00  0.000000000000e+00  0.000000000000e+00 
 0.000000000000e+00  0.000000000000e+00  0.000000000000e+00 
 0.000000000000e+00  0.000000000000e+00  0.000000000000e+00 
 0.000000000000e+00  0.000000000000e+00  0.000000000000e+00 
 0.000000000000e+00  0.000000000000e+00  0.000000000000e+00 
 0.000000000000e+00  0.000000000000e+00  0.000000000000e+00 
 0.000000000000e+00  0.000000000000e+00  0.000000000000e+00 
 0.000000000000e+00  0.000000000000e+00  0.000000000000e+00 
 0.000000000000e+00  0.000000000000e+00  0.000000000000e+00 
 0.000000000000e+00  0.000000000000e+00  0.000000000000e+00 
 0.000000000000e+00  0.000000000000e+00  0.000000000000e+00 
 0.000000000000e+00  0.000000000000e+00  0.000000000000e+00 
 0.000000000000e+00  0.000000000000e+00  0.000000000000e+00 
 0.000000000000e+00  0.000000000000e+00  0.000000000000e+00 
 0.000000000000e+00  0.000000000000e+00  0.000000000000e+00 
 0.000000000000e+00  0.000000000000e+00  0.000000000000e+00 