2mocoef
header
1
MO-coefficients from MOLCAS
1
26   26
a
mocoef
(*)
 6.872615765169e-05 -5.931565139789e-04  5.475328464329e-03 
 8.082024428022e-06 -3.337996440006e-05 -2.499949726420e-04 
-3.152670840224e-04 -9.094156686616e-05  2.977345012403e-03 
 9.960062039258e-01  2.373910070799e-02 -1.315149255102e-02 
-3.199838424507e-05 -4.844270685146e-04 -5.798219171514e-04 
 2.003098013752e-04  4.917713289854e-04  2.163453277217e-03 
-1.645886690812e-04  1.498937483589e-04 -1.124317302619e-04 
 1.743138144557e-03  1.964958824084e-04  1.440200762742e-03 
-2.150671833215e-04 -2.640852603493e-04 
 9.960684141877e-01  2.425275192980e-02 -1.216334181743e-02 
-2.085083427777e-04 -1.990553313411e-04  1.021341269896e-03 
-5.001220971650e-05  3.727654737648e-04 -3.831204948956e-05 
-2.774176582883e-04 -2.982147427235e-04  1.846498086125e-03 
-7.814310048012e-05  1.477399392734e-05  3.272834548629e-04 
 1.870482482944e-04 -3.355877770662e-05 -2.792671689406e-04 
-2.199683724572e-04  2.943592990566e-03 -1.719379920296e-04 
 1.003723551713e-04 -1.646090475605e-05  2.850618852885e-04 
-2.669152444808e-04  2.853765850950e-03 
-1.064269100768e-01  2.264413106021e-01  4.679897519829e-02 
-1.106600147764e-02 -6.667854101427e-03  1.245089548608e-01 
 3.066845322980e-03 -1.385144461626e-03 -3.445406417960e-02 
-1.918043343649e-01  4.104908835217e-01  4.356534133653e-01 
-6.377555803096e-03 -2.385507262854e-02 -6.296758075417e-02 
-2.132912870474e-02 -1.593098574496e-02 -2.864340382202e-02 
 4.273936051012e-02 -4.275944615842e-03  1.083238571131e-01 
-7.070055578678e-03  9.424920337419e-02 -4.897359884037e-03 
 5.108914149559e-02  7.386443819732e-03 
 1.633677114683e-01 -3.518027455825e-01 -2.921168674151e-01 
 4.924150277423e-06  1.942473601600e-02  6.382446429659e-02 
-3.830603751922e-03  1.273304643509e-02  2.112156074629e-02 
-7.693156533026e-02  1.647266485847e-01  2.532085670378e-01 
 8.799146460567e-02 -2.738035172744e-02  2.548299558627e-01 
 4.558237270648e-02 -2.246636197953e-02  1.042969311120e-01 
-1.603829297152e-01 -3.049341653218e-02  1.681611917743e-01 
 1.358996324776e-02  6.895318466448e-02  4.613359173545e-03 
-1.457871407485e-01 -2.589288558460e-02 
-4.120616760049e-02  8.136088958873e-02  1.809334602415e-01 
 1.577599553135e-01 -3.427402808918e-02 -3.056524940694e-01 
 3.029297114117e-02 -1.099249232762e-02 -4.377902643702e-02 
 1.523698007099e-02 -3.316491175178e-02 -6.837028541860e-02 
 3.074736996314e-01 -1.816580881959e-02  2.867681389874e-01 
 1.951079932397e-01 -7.628141216668e-03  1.665527422051e-01 
 1.906079307756e-01  7.687809229631e-02  2.074345843477e-01 
 3.529183179795e-02 -7.092395288184e-02 -1.351051759425e-02 
 5.646309411294e-02  2.001845812038e-02 
-1.711176997074e-03 -8.788458855085e-03  9.367701658672e-02 
-2.807184626213e-01 -3.439893453152e-04 -2.762011770820e-01 
-9.708188534038e-02  4.694810404976e-03 -3.412350538651e-02 
 1.072275529965e-02 -3.213373744647e-02 -1.994078293079e-02 
-2.526332200621e-01 -5.338858872056e-03  3.055039060298e-01 
-1.605726983616e-01 -2.514478398107e-03  1.715991656115e-01 
-3.307968830141e-02 -1.273019339465e-03 -7.075903353923e-03 
 1.307545817996e-02  1.782371283238e-01  5.031252812191e-02 
 2.123460242780e-01  9.894499683552e-02 
 9.226138764864e-04  7.189111874442e-04  2.077189332347e-03 
 5.804431781884e-02  1.862186683644e-01 -2.799205299802e-02 
 3.309944782139e-02  5.862983767584e-02 -8.580306442947e-03 
-1.613429221873e-02  4.440395002078e-02  4.339058101257e-02 
-4.300510629609e-02  5.833980825148e-01  5.188638135751e-02 
-3.988041309008e-02  4.520031753133e-01  3.506199020423e-02 
 3.521400844139e-02  2.292882364918e-02 -1.381477940850e-02 
-1.827393837227e-03 -2.401816855854e-03  3.014570464690e-03 
-2.885681302521e-02 -8.887746351463e-03 
-1.137733492117e-02  2.836128996247e-02  1.553618776586e-02 
-3.813487040677e-01  4.123242295892e-02  7.825161926469e-02 
-2.372137556966e-01  1.227560261035e-02  2.562684714580e-02 
 3.457664577469e-03  1.998877148992e-03 -4.662201534012e-02 
 3.001900981263e-01  7.171522680045e-02 -8.510072265830e-02 
 2.544578749375e-01  5.062875557406e-02 -4.079427709568e-02 
-2.204553832606e-01 -7.456767768910e-02  1.242272437053e-01 
 3.717228282878e-02 -1.977474684233e-01 -8.278278485754e-02 
 2.099250717423e-01  7.247642995556e-02 
 1.554469275064e-02 -4.057878987071e-02 -4.063778157213e-02 
-3.107124840044e-02 -6.102763126884e-01  2.850075077242e-02 
-3.552491967796e-02 -5.728002319009e-01  3.742094799125e-02 
-1.048493359991e-02  2.941292459442e-02  3.540577279235e-02 
-1.405411160391e-02  2.628592813319e-01  8.542047061711e-03 
-1.374319830083e-02  3.621901197590e-01  2.126533224078e-02 
 2.173794113209e-02  2.142205956243e-02 -8.087993745895e-03 
-6.620202448414e-03 -2.940177257946e-02 -4.249586691146e-02 
 6.932729142672e-03 -8.560594883366e-05 
 5.728578918438e-03 -2.204275457555e-02 -2.231137185353e-01 
 5.767967063549e-02 -5.844415583932e-03  1.062242219503e-01 
 1.668730171428e-01 -3.620042359779e-02  4.012960831857e-01 
 9.868062415444e-02 -1.566036988429e-01 -1.400169176303e+00 
 1.581237433998e-01  6.480146028981e-02 -1.236651759050e-01 
 3.263335837548e-01  1.511740971827e-01 -2.969717822630e-01 
-3.142501441774e-02  6.382773657177e-02  3.117661971971e-02 
 5.352427948430e-01  1.387000788474e-01  1.307865712682e+00 
 2.560000048442e-02  5.205704475028e-01 
 1.726424298460e-02 -1.971926159388e-02 -1.631305289032e-01 
 1.613202382093e-01 -1.109560248955e-02 -5.689430871179e-02 
 4.399758027852e-01 -4.375937686896e-02 -2.380488772171e-01 
-5.283272815675e-02  7.794341141956e-02  9.435862352900e-01 
 2.648421842728e-01 -4.962399900964e-04  4.798330710504e-02 
 7.110360760026e-01  1.939919206131e-04  1.488996644483e-01 
-3.928221239493e-02 -6.753647912556e-01 -1.090861037063e-01 
-1.615551847362e+00  7.341286096832e-02  5.786418601563e-01 
 5.666385019750e-02  6.742171518500e-01 
 1.273531847569e-01 -1.997524814831e-01 -2.373240450262e+00 
 1.827299641905e-02  3.975680955463e-02  1.078391484578e-01 
 6.631026967957e-02  1.685999595156e-01  5.036899881611e-01 
-3.617365905899e-02  5.772468330518e-02  4.549023079432e-01 
-5.401761795638e-02 -2.653675435928e-02 -1.868844716086e-02 
-1.404965042229e-01 -7.342253569301e-02 -1.977503815547e-01 
 4.876589231464e-02  1.546482454327e+00 -1.365231729323e-02 
-1.130417733062e-02 -3.790992538584e-02 -3.714487373187e-01 
 3.992298900921e-02  1.534728785887e+00 
-1.192997773790e-02  1.753406824821e-02  2.728349838141e-01 
 3.335120338238e-01 -2.725207947660e-02  4.668533580088e-03 
 1.765887221718e+00 -9.953548030043e-02  7.977463501696e-03 
 8.323362267781e-03 -1.507762633137e-02 -2.086168277900e-01 
-1.960711492281e-01 -8.818288183139e-03  2.268696514441e-02 
-8.851762857710e-01 -4.389208929194e-04  4.595613403519e-02 
-5.190768384539e-03 -1.991089683603e+00 -2.772406839060e-02 
 8.590626585844e-01 -4.086381220108e-03 -7.610620690697e-01 
 1.491464198411e-02  1.793814678590e+00 
-6.332328642070e-02 -1.252147678590e-02  1.989215237386e+00 
-6.084864416286e-03  7.018130847499e-03  1.342095412592e-01 
-1.438964131317e-01  9.779608361138e-02  2.490372896635e+00 
 5.857462289381e-02 -5.839330762245e-02 -1.857864010372e+00 
 8.819902951478e-03 -2.556530279005e-02  3.282802078682e-01 
 1.338296724584e-01 -7.745615493325e-02  1.790302076625e+00 
 3.476174907511e-02  5.741046135449e-01 -1.469898081503e-02 
-8.703945963019e-01 -4.569177917977e-02 -4.588995074351e-01 
 4.963118264414e-02  1.827526861846e-01 
 1.158626676578e-02 -2.476973260422e-01  2.262593425818e-02 
-5.551743211073e-01  1.134275793527e-01 -3.574827706082e-01 
 1.631755034697e+00 -2.056276377842e-01  8.937538894940e-02 
-2.374923819032e-02 -2.006309243165e-02  2.192339270992e-01 
-1.262425847677e-01  6.691174297853e-02  2.299508320066e-02 
 5.460953915790e-02 -8.641525756730e-03 -3.119892147919e-01 
-3.664258675420e-01 -6.217923735468e-01 -3.877020235893e-01 
 1.754682729432e-01  3.485116243626e-01 -1.495269335725e-01 
 4.000425717595e-01  4.984024231033e-01 
-5.361304199386e-03 -4.610029489422e-02  3.005805625588e-02 
 1.504752086349e-01  9.907326061787e-01 -1.416954629016e-01 
-3.446262480841e-01 -1.116200103333e+00  7.078866657670e-02 
-8.440602693885e-03  2.884949942943e-02 -1.896545265897e-02 
-1.185986513054e-02  1.932291762666e-01  4.177350800749e-02 
 1.701817661764e-02  3.846761952912e-02 -1.629822959109e-01 
 4.326614329904e-02  4.025519586832e-02  5.470128115135e-02 
 2.874874104446e-02 -6.446304961414e-02  1.375719927876e-02 
-8.638111275998e-02 -1.345957180597e-01 
 3.920492285846e-02 -3.680289220663e-01 -8.343673352476e-01 
 1.744872119869e-01 -1.775706842852e-01 -9.693575169230e-01 
-6.822253599608e-01  2.674353342715e-01  6.284445675477e-01 
-5.361429731621e-02  9.989904202419e-02  2.618134776135e-03 
 2.281460714434e-02 -3.858195758839e-02  2.339084282267e-02 
 1.176267491833e-02 -4.645321214955e-03 -1.154793393220e+00 
 3.164061279667e-01  3.632358909871e-01  8.486499838992e-02 
 3.487596189062e-01 -1.026609855311e-01  2.289037385442e-01 
-8.864569880176e-04 -1.766059504886e-01 
 5.544290830516e-02  1.241679466831e+00 -2.591610321882e+00 
-5.686081338600e-02  7.295161639880e-02 -1.245106456395e-03 
 2.227712374409e-01  3.606747329361e-02  4.792905992475e-01 
-7.875114188845e-04  2.503418935652e-01 -6.122292087295e-02 
 4.657142041028e-02 -2.573811451433e-02 -2.368128717069e-01 
-1.196859511926e-01  4.048427063316e-02  4.925097355621e-02 
 5.408694794354e-01  4.579585563141e-01  1.450934274460e-01 
 4.997894079960e-02  2.417441468765e-01 -1.282015754260e-01 
 6.206841783617e-01  5.625879563931e-01 
 9.953956330167e-03 -1.163184885598e-01  4.240932076920e-01 
-2.372756535544e-02  2.092710729508e-01 -7.493991180481e-02 
 8.080389346700e-02 -6.076289896789e-01  6.891322996261e-02 
-6.793009973567e-03  1.299466476998e-02 -1.226197329544e-01 
 1.761552369461e-02 -9.445831648272e-01 -1.552482938997e-01 
 2.153753240740e-02  1.221313718668e+00  2.963507404141e-01 
-2.958914005488e-02 -1.308114478635e-01 -1.516867965583e-01 
 2.094163467268e-02 -1.279686977754e-01  1.318751369287e-01 
 3.813112484442e-03 -5.015032784901e-02 
 4.804332826854e-02 -8.149747664474e-02  8.932751350084e-01 
-5.727072688429e-02 -1.241656815511e-02 -7.453532903807e-02 
 7.958769267759e-02  1.742362083882e-01  4.592916086789e-01 
-5.504312749485e-02  3.028843414867e-01 -4.603142027700e-01 
-2.309685249679e-01  1.626992141289e-01 -3.728028594595e-01 
 4.005459402562e-01 -3.645104671834e-01  1.294851200962e+00 
 1.335720707858e-01 -1.224961863190e-01 -5.551600756577e-01 
-3.649570303165e-01 -9.865292450667e-01  6.751482628628e-01 
 1.613452189569e-01 -7.102356057341e-02 
 3.198617278127e-02 -6.190888269489e-01  1.867698431715e+00 
 2.561109593309e-01  9.660402326369e-03 -1.407736862202e-01 
-5.394432564051e-01  5.734789140276e-02  6.641548058985e-01 
 4.929611292729e-03 -2.567669720759e-01 -6.485328810705e-03 
 6.387464815291e-01  1.293145589599e-01 -6.387578269606e-01 
-6.506148937660e-01 -2.416170226135e-01  1.457779048750e+00 
 1.231990420104e-02  1.752365482930e-01 -4.122799184755e-01 
 1.058167780727e-01  4.621003120583e-01 -1.356993504250e+00 
 1.199997393702e-01 -5.914543924498e-01 
-1.025565355091e-02  2.926851418619e-01 -5.448959680187e-01 
-9.356963049157e-01  4.355331991602e-02 -1.216625581621e-01 
 2.319122319214e+00 -8.350844044390e-02  7.101114328331e-02 
-4.752047196543e-03  8.322462477551e-02 -1.154551227498e-01 
 5.245246612090e-01  2.576111572860e-02 -1.413709960042e-02 
-1.478155838099e+00 -4.610675655293e-02 -4.172001912543e-02 
 3.731791352113e-01 -1.444571578736e+00  8.190213580947e-02 
 5.257605687454e-01 -2.259463576582e-01 -3.686488167826e-01 
-7.366207551190e-01  2.051718052855e+00 
-1.662256505584e-02  4.908159769953e-01 -1.490121456781e+00 
 2.797993168262e-01 -2.006134904741e-02  1.818943680922e-01 
-3.700238181556e-01  4.691278669424e-02 -6.063002308761e-01 
-3.685117378663e-02  3.555782577838e-01 -6.220110803815e-02 
 5.423985417728e-01 -4.296896202504e-02  6.926559041299e-01 
-6.587047481359e-01  2.730784442026e-02 -1.125019455515e+00 
-1.550946898403e-01  4.861794290658e-01 -8.668962678331e-01 
 1.526018342244e+00 -1.196741169528e-01  3.414584208333e-02 
 1.959332931968e-01 -2.947533879846e-01 
-3.327796675432e-02  1.330957772274e+00 -2.268731684519e+00 
 2.417857297383e-01 -9.553351081654e-02 -5.745821114342e-01 
-6.794375083261e-01  1.829500990745e-01  8.667258899459e-01 
 8.402293144177e-04 -1.454025059283e-01  4.436460396016e-01 
-8.431299441791e-02  3.016684785943e-02 -2.643941532769e-01 
 4.091635190298e-01 -9.490068673237e-02  5.870834629832e-01 
-8.319642217862e-01  1.886342014936e+00 -1.540200118497e-01 
-4.188959868310e-01  3.728008259212e-02 -2.099461135203e-01 
-5.532664353622e-01  8.361347643862e-01 
-1.230480940740e-02 -3.533073557856e-01  2.158039881228e+00 
 1.202932779119e-01 -2.030184966642e-02 -8.846068151628e-02 
 1.349162452756e+00 -1.005657849308e-01  9.118962163925e-01 
 5.045283652984e-03  1.464564526415e+00 -3.565110226929e+00 
 2.578766723105e-01 -6.081910176351e-03 -1.902910868837e-01 
-1.476949713409e+00  1.110150975198e-01  6.123760702300e-01 
-6.731794583782e-01 -4.473049101777e-01  7.045375548934e-01 
 6.717755430669e-01 -1.247453114196e-01 -1.500331974194e-02 
 2.809017618024e-01  2.915062843980e-01 
-1.066485073040e-02 -2.142293358287e-01  2.125373450829e+00 
-6.406812269427e-02 -1.012514547493e-02  8.783601971558e-02 
-1.923668107881e+00  6.485499272757e-02  1.146124173376e+00 
 1.177397534703e-03  1.274600981768e+00 -3.038048612454e+00 
-3.396123310234e-01 -1.937220693232e-02 -9.221572838095e-02 
 1.937110547443e+00  8.361984419110e-02  1.171319562319e+00 
 4.158471676026e-01  6.644090976803e-01 -5.211617176475e-01 
-2.120554923934e-01  7.557648395027e-01  3.481073545460e-01 
-6.714432625874e-01 -6.552419555927e-01 
orbocc
(*)
 0.000000000000e+00  0.000000000000e+00  0.000000000000e+00 
 0.000000000000e+00  0.000000000000e+00  0.000000000000e+00 
 0.000000000000e+00  0.000000000000e+00  0.000000000000e+00 
 0.000000000000e+00  0.000000000000e+00  0.000000000000e+00 
 0.000000000000e+00  0.000000000000e+00  0.000000000000e+00 
 0.000000000000e+00  0.000000000000e+00  0.000000000000e+00 
 0.000000000000e+00  0.000000000000e+00  0.000000000000e+00 
 0.000000000000e+00  0.000000000000e+00  0.000000000000e+00 
 0.000000000000e+00  0.000000000000e+00 