2mocoef
header
1
MO-coefficients from MOLCAS
1
26   26
a
mocoef
(*)
 6.012330422035e-05 -5.917428024910e-04  5.426204555198e-03 
-1.025625507637e-05  1.020842707425e-05 -2.561302399483e-04 
-3.201063207706e-04 -4.811020790693e-05  2.955590337026e-03 
 9.960163979156e-01  2.372172497756e-02 -1.318007846698e-02 
 1.171410050134e-05 -5.034248398906e-04 -5.050569524665e-04 
 2.115333743468e-04  4.576667338473e-04  2.074551276283e-03 
-1.749490841589e-04  1.411036237053e-04 -9.545097887267e-05 
 1.783378263319e-03  1.815424862750e-04  1.450110137315e-03 
-2.005028011397e-04 -2.569097770091e-04 
 9.960067538127e-01  2.452238102835e-02 -1.198225698411e-02 
-2.025331919285e-04 -4.109034652403e-04  1.139067674275e-03 
 6.495066910478e-05  3.341019283738e-04  2.833197506810e-05 
-2.608795193660e-04 -3.071232984797e-04  1.673957081460e-03 
-1.021533297686e-04  4.151332961271e-05  4.122334153142e-04 
 1.566560329762e-04 -2.981922149412e-06 -1.606146584255e-04 
-2.178141054515e-04  2.925729656037e-03 -1.772536731445e-04 
 7.727371586790e-05  7.506800101789e-06  2.848045450212e-04 
-4.185042980112e-04  2.871093869058e-03 
-1.004057882007e-01  2.095011080998e-01  4.154264837440e-02 
-9.984709344134e-03 -8.817983848283e-03  1.127731177833e-01 
 2.772599537683e-03 -1.678262393869e-03 -3.398344086669e-02 
-1.947973096631e-01  4.208967746585e-01  4.420534546941e-01 
-7.479273746328e-05 -2.905902808644e-02 -4.599537246453e-02 
-1.802172256676e-02 -1.976960044965e-02 -1.968685863967e-02 
 4.122391699438e-02 -2.587641587815e-03  1.185583752444e-01 
-7.393913151642e-03  9.746455150460e-02 -6.419151329352e-03 
 4.884797487058e-02  8.463337208884e-03 
 1.646422526652e-01 -3.461227505439e-01 -2.915999514527e-01 
 1.002848758126e-02  2.799259309572e-02  5.396784676822e-02 
-2.697479143570e-03  1.954383903307e-02  1.949307228301e-02 
-6.934123363332e-02  1.506611821965e-01  2.352830931238e-01 
 1.126035149026e-01 -2.222417475932e-02  2.595815831467e-01 
 6.140897008866e-02 -2.004606383903e-02  1.082227112037e-01 
-1.558806020568e-01 -3.085315908203e-02  1.741023311005e-01 
 1.276994373517e-02  5.433762899796e-02  9.277241639911e-04 
-1.496753107486e-01 -3.037718078744e-02 
-4.578193167644e-02  9.404163110306e-02  1.656742354734e-01 
 2.229160505964e-01 -2.949665227594e-02 -2.031880665351e-01 
 5.444164991818e-02 -1.197456893955e-02 -2.693295015752e-02 
 1.852825825596e-02 -3.822634621949e-02 -8.607595917371e-02 
 3.734452711212e-01 -3.360463817850e-03  1.719795859808e-01 
 2.370238717254e-01  3.342967297987e-03  1.063784639223e-01 
 1.949822492835e-01  7.908992727910e-02  1.927257450315e-01 
 2.677395364061e-02 -1.301651848951e-01 -2.708969922460e-02 
-1.124748784286e-03 -1.083510839011e-02 
-1.217039937729e-02  1.266892195528e-02  1.632318233801e-01 
-2.371733993776e-01 -1.715961939683e-02 -3.339147895250e-01 
-1.009759794218e-01 -1.448904853046e-03 -2.969623414250e-02 
 1.961647474223e-02 -5.211306202775e-02 -6.757637276923e-02 
-1.285194040656e-01 -2.867848591904e-02  3.867503201138e-01 
-7.598060135306e-02 -1.829180459286e-02  2.271078740276e-01 
 7.447684556175e-03  1.493328536703e-02  6.490834283775e-02 
 2.363702673738e-02  1.354026798347e-01  3.415777916124e-02 
 2.300971399470e-01  1.066818750370e-01 
-5.080041193315e-03  1.523278277920e-02  1.862828229184e-02 
 1.659966303148e-02  2.827095493021e-01 -3.324892136115e-02 
 1.456488867526e-02  1.312142509285e-01 -1.344504982738e-02 
-1.433619935322e-02  4.090558098771e-02  3.400934021621e-02 
-2.721658430696e-02  5.531830054388e-01  4.929192260990e-02 
-2.309506681498e-02  3.897880133680e-01  3.387677117570e-02 
 1.106310951730e-02  1.016479154428e-02 -5.558087110402e-03 
 9.554721922970e-04 -1.016556235905e-02  9.594870363434e-04 
-8.767311185287e-04  1.820681662305e-03 
-1.170504564659e-02  2.942531224159e-02  2.817484719555e-03 
-3.684382649345e-01  2.612820295148e-02  1.040841491586e-01 
-2.475969357952e-01  8.223432324559e-03  3.228184799776e-02 
 3.753535531732e-03  1.177153095288e-03 -5.028799330203e-02 
 3.078460786386e-01  2.127489212153e-02 -1.219880471668e-01 
 2.517695515009e-01  1.076282579912e-02 -6.267032512967e-02 
-2.221484364360e-01 -7.259284822466e-02  1.183867616445e-01 
 3.616048828354e-02 -2.055877338220e-01 -8.239387002937e-02 
 1.992759975117e-01  6.489851426047e-02 
 1.774380065547e-02 -4.721449554020e-02 -5.200343305038e-02 
-2.945129379229e-02 -5.943549010557e-01  2.453840411101e-02 
-2.670050147773e-02 -5.273770330396e-01  2.756147846630e-02 
-1.457880987885e-02  4.155835919952e-02  5.661689444806e-02 
-1.826930288850e-02  3.669623927492e-01  1.896331928423e-02 
-1.836759872068e-02  3.850575437422e-01  2.082740691055e-02 
 2.291231667182e-02  1.825505427827e-02 -9.789369287758e-03 
-8.612641203636e-03 -3.700397849803e-02 -4.514099443834e-02 
 6.862334987567e-03  4.661085002511e-03 
 3.181637909361e-03 -1.565265970347e-02 -1.835211124753e-01 
 4.890026797415e-02 -1.030988413407e-02  9.783865971750e-02 
 1.355399115514e-01 -4.291984943077e-02  3.456589028475e-01 
 9.802862880909e-02 -1.593338734891e-01 -1.374579018016e+00 
 1.632877653764e-01  6.943130736630e-02 -1.341175164775e-01 
 3.339891462816e-01  1.566240330029e-01 -3.187644592304e-01 
-3.199726136426e-02  4.020396685530e-02  3.399025647683e-02 
 5.433202392830e-01  1.445019566172e-01  1.329769358612e+00 
 2.034868481447e-02  4.303931510398e-01 
 1.780296052631e-02 -2.082430973266e-02 -1.715927663394e-01 
 1.355593008249e-01 -8.019549092758e-03 -5.347131238358e-02 
 3.443314923392e-01 -3.415421563097e-02 -2.008252139910e-01 
-5.167748949120e-02  7.884454811945e-02  9.193189552717e-01 
 2.815874813291e-01 -1.006253921042e-03  5.350401275028e-02 
 7.566853667466e-01 -1.771512612322e-03  1.635114098450e-01 
-3.569772148337e-02 -5.412332496929e-01 -1.110184921115e-01 
-1.664965314082e+00  7.674209214646e-02  6.192733241976e-01 
 5.558246091118e-02  5.860685292590e-01 
 1.284486353940e-01 -1.939971013719e-01 -2.408883618398e+00 
 3.029512427270e-02  4.078932049354e-02  9.998336731481e-02 
 1.225206816496e-01  1.654343135418e-01  5.152442982797e-01 
-3.277687608772e-02  5.416320513703e-02  4.023658856429e-01 
-5.674513797750e-02 -2.502676813494e-02 -2.163190526661e-02 
-1.580968860270e-01 -6.797224769099e-02 -2.282314007108e-01 
 4.498403483925e-02  1.497352959286e+00 -1.178101207162e-02 
 4.913014614888e-02 -3.300991000663e-02 -3.444310289747e-01 
 3.757741498766e-02  1.609633423644e+00 
-1.398370515319e-02  2.145649341593e-02  3.119280007791e-01 
 3.334472109531e-01 -2.761053796196e-02 -5.865776499557e-04 
 1.818400182796e+00 -1.104700800350e-01 -4.589207633702e-02 
 6.993454377802e-03 -1.478572789756e-02 -1.627546948691e-01 
-1.740805526803e-01 -7.533964298421e-03  1.796665596072e-02 
-8.265071882211e-01  5.286081537788e-03  3.825548291843e-02 
-9.222957069421e-03 -2.096405615195e+00 -3.710065172491e-02 
 7.739452312159e-01  5.193626338281e-03 -6.837538442796e-01 
 1.497680248563e-02  1.804169160462e+00 
-6.329115405766e-02 -1.474111529364e-02  1.981354975625e+00 
-5.973851936962e-04  6.131761945511e-03  1.444036809929e-01 
-1.260301108445e-01  9.307833958695e-02  2.496498670857e+00 
 6.009920845551e-02 -6.740454676003e-02 -1.878839208394e+00 
 5.807102192181e-03 -2.454916535991e-02  3.202912588825e-01 
 1.193410415612e-01 -7.194439495091e-02  1.782490456052e+00 
 3.025237418904e-02  5.650478614482e-01 -1.904389802903e-02 
-8.312795088045e-01 -5.166324546325e-02 -4.529729594641e-01 
 4.204322902111e-02  2.100468592698e-01 
 9.230498088904e-03 -2.121191611348e-01  4.537607329169e-02 
-5.583714395052e-01  1.000375351931e-01 -2.870157930151e-01 
 1.593867804412e+00 -1.856987857611e-01  4.877404791282e-02 
-1.935810732075e-02 -2.932598166940e-02  2.245909205842e-01 
-1.233711456320e-01  7.313593515289e-02  3.006266631221e-02 
 8.853731437583e-02 -2.265609769046e-02 -2.477097286435e-01 
-3.830869082307e-01 -5.830871371421e-01 -4.033501237562e-01 
 1.560996127009e-01  3.788439648555e-01 -1.701893258659e-01 
 4.159160171450e-01  4.525174347747e-01 
-5.371691073809e-03 -7.567657044927e-02  4.671609766056e-02 
 1.394720126466e-01  9.735686050604e-01 -1.638173159479e-01 
-3.112258005585e-01 -1.108145028848e+00  6.766840202568e-02 
-9.773244398683e-03  2.921842894898e-02 -1.434438598774e-02 
-1.730645797282e-02  2.167541266766e-01  5.385719063043e-02 
 1.754821836117e-02  6.189993369929e-03 -2.072974788494e-01 
 3.535484511547e-02  1.277839167311e-02  5.090362796897e-02 
 4.052060844251e-02 -6.264017470078e-02  2.207922562740e-02 
-8.534872554629e-02 -1.303299303918e-01 
 3.629058028736e-02 -3.988994959162e-01 -8.069039368654e-01 
 1.370105627534e-01 -1.906109808712e-01 -9.758578655461e-01 
-5.581776738303e-01  2.777757489011e-01  5.791505314184e-01 
-5.285606560404e-02  9.640086133843e-02  1.333722309436e-02 
 1.093482204218e-02 -3.334423358258e-02  6.963835264877e-02 
 7.606019203474e-03 -8.210063397815e-03 -1.242947321344e+00 
 2.883669600352e-01  2.796858932224e-01  7.532641188762e-02 
 3.819106437766e-01 -7.094003595962e-02  2.362051301069e-01 
 2.158888850688e-02 -1.612345969872e-01 
 5.516344310636e-02  1.198279033648e+00 -2.485366003240e+00 
-3.786539543227e-02  8.611948130792e-02 -2.060912579730e-02 
 1.755932234353e-01  1.047610998349e-02  5.256594163342e-01 
 5.248079878684e-04  2.519776639275e-01 -1.093956883181e-01 
 5.986113262206e-02 -3.707874657414e-02 -2.529420543258e-01 
-1.368007249129e-01  6.336658287808e-02  7.377350951120e-02 
 5.490058676487e-01  4.637440755799e-01  1.659016608000e-01 
 4.684349862970e-02  2.711864240332e-01 -1.711163855670e-01 
 6.219885168873e-01  5.210723755140e-01 
 1.023071518379e-02 -1.401264706517e-01  4.282503159336e-01 
-2.435125939491e-02  2.186867023811e-01 -9.573542813461e-02 
 7.714005919046e-02 -6.495180683836e-01  6.024809257134e-02 
-8.708020737476e-03  9.177798681091e-03 -1.002215398290e-01 
 1.507890530274e-02 -9.251901888280e-01 -1.450425504318e-01 
 2.613833342610e-02  1.234472372381e+00  2.598575760377e-01 
-3.829133685792e-02 -1.345986461265e-01 -1.608277968655e-01 
 3.192936057800e-02 -1.325363466566e-01  1.388289486745e-01 
-8.124369021173e-04 -5.999715378549e-02 
 4.940949581085e-02 -3.500869049479e-02  7.309119664701e-01 
-5.733016561273e-02 -1.231553219269e-02 -1.006311031642e-01 
 7.525388883071e-02  1.869818911044e-01  4.602312466423e-01 
-5.653161806390e-02  3.115056513715e-01 -4.386832990234e-01 
-2.396055647555e-01  1.546858059535e-01 -3.569937434136e-01 
 4.196659884179e-01 -3.640990236456e-01  1.221932574700e+00 
 1.383427722040e-01 -8.409728616068e-02 -5.577853518247e-01 
-3.476179355502e-01 -9.874309835466e-01  7.083398843798e-01 
 1.793396730027e-01 -5.160619926280e-02 
 3.154626399413e-02 -6.031394604479e-01  1.792365815089e+00 
 2.157877742850e-01  8.002811799215e-03 -1.810091589477e-01 
-4.464328513014e-01  6.216862984577e-02  6.709867212848e-01 
 1.512994639448e-03 -2.642673310862e-01  3.700810522236e-02 
 6.668716070623e-01  1.322771567603e-01 -6.284158034892e-01 
-7.289832305809e-01 -2.546846047405e-01  1.435499474123e+00 
 1.771143529744e-02  1.335648898828e-01 -4.378134059101e-01 
 1.473407149438e-01  4.136262037465e-01 -1.365075813633e+00 
 5.473982650976e-02 -4.734349498841e-01 
-1.811632156751e-02  5.145688017985e-01 -1.240856538702e+00 
-7.401415561476e-01  3.172300959124e-02 -1.485181681494e-02 
 1.990584311756e+00 -6.082394554222e-02 -2.420036193148e-01 
-2.034331295671e-02  2.649494354586e-01 -1.735452639083e-01 
 6.734870658029e-01 -3.599919292192e-03  3.271346778212e-01 
-1.611294884868e+00 -1.312508128715e-02 -6.228634630659e-01 
 2.647968276655e-01 -1.110762535291e+00 -2.711869587443e-01 
 1.159567037551e+00 -2.784243450561e-01 -2.407515381681e-01 
-5.574692968908e-01  1.741896310272e+00 
 9.034787231540e-03 -2.452497177153e-01  9.430133584973e-01 
-6.625804494834e-01  3.091687112447e-02 -2.667900260425e-01 
 1.359476871844e+00 -7.064563520171e-02  6.088475118316e-01 
 2.916419373382e-02 -2.994480902074e-01  6.936794340706e-02 
-2.690421887994e-01  4.957472630450e-02 -6.311328990143e-01 
-4.409191966076e-02 -4.832134173976e-02  9.894994218172e-01 
 2.444157105197e-01 -9.817391346512e-01  8.031696995282e-01 
-1.162551362373e+00 -1.472224720594e-02 -1.823092026947e-01 
-5.181792161367e-01  1.223965590794e+00 
-3.511778844295e-02  1.374127227131e+00 -2.422539494487e+00 
 2.671396974215e-01 -9.736872457466e-02 -5.707716976488e-01 
-7.679020101700e-01  1.849106324438e-01  8.093101597264e-01 
-1.415079572398e-03 -1.365160494693e-01  4.858884400144e-01 
-7.939133712099e-02  2.484269457866e-02 -2.082445503284e-01 
 4.448392207854e-01 -8.589891117954e-02  4.653250779457e-01 
-8.238374496446e-01  1.938526416830e+00 -2.011413114068e-01 
-3.509399809918e-01  4.374913747183e-02 -1.753768793603e-01 
-5.372291380520e-01  7.830426817011e-01 
-1.323549337560e-02 -3.627530784705e-01  2.260010186883e+00 
 1.314271532625e-01 -2.282601963570e-02 -9.713364631967e-02 
 1.250783864435e+00 -9.496199987423e-02  9.767506425090e-01 
 5.940608792069e-03  1.497799966242e+00 -3.668014944093e+00 
 2.386924745693e-01 -6.699912412064e-03 -2.036104059289e-01 
-1.383442279425e+00  1.110956541858e-01  6.903706415042e-01 
-6.822536267678e-01 -3.880377381857e-01  6.762360886700e-01 
 6.431202278617e-01 -9.236529700242e-02 -1.278700883736e-02 
 2.546158085978e-01  2.544913520520e-01 
-1.002461095342e-02 -2.194849756233e-01  2.095054617306e+00 
-7.815755083887e-02 -8.515011811235e-03  9.183748161731e-02 
-1.956188896794e+00  6.652224211166e-02  1.120750120928e+00 
 1.839661268580e-03  1.218141253487e+00 -2.921553652985e+00 
-3.445902202165e-01 -1.936179024958e-02 -9.249127460800e-02 
 1.976410962033e+00  7.967899117717e-02  1.166893725297e+00 
 4.513997619219e-01  6.545671847819e-01 -5.354795493366e-01 
-2.441494038653e-01  7.549391639800e-01  3.437061270565e-01 
-6.894797201867e-01 -6.591135509595e-01 
orbocc
(*)
 0.000000000000e+00  0.000000000000e+00  0.000000000000e+00 
 0.000000000000e+00  0.000000000000e+00  0.000000000000e+00 
 0.000000000000e+00  0.000000000000e+00  0.000000000000e+00 
 0.000000000000e+00  0.000000000000e+00  0.000000000000e+00 
 0.000000000000e+00  0.000000000000e+00  0.000000000000e+00 
 0.000000000000e+00  0.000000000000e+00  0.000000000000e+00 
 0.000000000000e+00  0.000000000000e+00  0.000000000000e+00 
 0.000000000000e+00  0.000000000000e+00  0.000000000000e+00 
 0.000000000000e+00  0.000000000000e+00 