2mocoef
header
1
MO-coefficients from MOLCAS
1
48   48
a
mocoef
(*)
 5.704505254722e-05 -2.654734475795e-05  8.931927749376e-04 
-6.957041962146e-06  9.783821149517e-05  1.864375912188e-04 
 1.215383216520e-04  4.695797428449e-04  1.259047099999e-03 
-4.895673516908e-05 -1.620107436542e-04 -3.726180735559e-04 
-1.209736209678e-04 -6.433878705642e-06  1.001089341795e+00 
 5.646912135571e-03 -5.388689256549e-03 -5.226141183402e-04 
 1.148911930501e-04  3.251280563093e-04  9.478606229873e-04 
 6.423045897913e-04  8.122817421588e-04  3.302089533499e-04 
 3.652530268187e-04 -3.484916395288e-04  1.557804552196e-04 
-7.362204546717e-04 -1.896551636568e-03  1.320815869596e-03 
 3.063574369608e-04  6.964604709815e-04  3.392860894171e-04 
-1.402635327547e-04  2.157377652202e-04 -1.237126296730e-06 
-5.938849685158e-04  3.349229606624e-04  8.189126871171e-04 
-2.148658594147e-04 -6.928749630494e-05 -5.873197938365e-05 
-7.152325481539e-05  6.433547283616e-04  1.989911754510e-04 
 6.764062888390e-05 -2.110962581436e-04  9.859583439729e-05 
 1.000884816448e+00 -8.357810033461e-03 -4.133185510696e-04 
 4.021769184859e-04  4.287393724199e-04  2.163172831141e-03 
 2.482321361887e-04 -6.590462097991e-04  6.212291825060e-04 
 2.538493192508e-05  1.586925713521e-04  1.058490378122e-03 
 2.645022803376e-04  9.593214409256e-05  3.435380933687e-04 
-4.679679504100e-04 -3.250980969295e-03 -1.556614901877e-04 
 4.073454917811e-04  6.547888433777e-03  7.251487816404e-04 
 2.014309898443e-03  5.261827239342e-04 -1.570459307524e-04 
-8.183405608749e-04 -7.931627502699e-04 -2.776993362116e-04 
 2.925271979866e-04  1.486973376893e-03 -1.324616304316e-03 
-2.391351832369e-04 -5.008842752646e-04  3.674226209279e-05 
 2.228734191367e-03 -1.077697838087e-04 -4.299002178648e-05 
 1.014853851243e-04  3.648772993048e-04  2.219265049957e-03 
-5.851514557085e-04  1.690801625963e-04 -2.642630874885e-04 
-2.763202869274e-04 -9.075834162500e-03  6.034668446111e-03 
-2.578862568918e-04  4.243057720548e-05 -1.021284626026e-03 
-4.948330881089e-03  2.738538218366e-02 -4.407511319818e-02 
 1.499988576538e-02  2.298119919765e-02  1.104952955455e-01 
-1.010803273915e-02 -1.261780107564e-02 -6.593572077982e-02 
 2.135941918387e-03  1.460940422261e-02  7.424504589176e-03 
 1.855515437902e-03 -2.929803230304e-03 -1.087974965830e-02 
 8.420214837379e-01 -1.762417295276e-01  6.690417940726e-03 
 1.720569596371e-02  1.326606099805e-01 -6.270689068592e-03 
-3.799469963680e-02 -5.857468118225e-02  3.369626121117e-03 
 5.871705724665e-03 -5.062672310291e-04  3.067911421314e-04 
-5.449503509201e-03  4.153429510010e-01 -2.029722704303e-01 
-1.535757857733e-02 -3.691741415343e-02 -1.189335630526e-02 
 3.028052159739e-01 -1.491513000267e-01  1.491760301913e-03 
 3.837865625785e-02 -3.825979088674e-03  1.953854847397e-01 
-8.473111511071e-02  2.441638960490e-02 -2.177296938444e-03 
-1.120164607674e-02 -6.493588141505e-02  1.646261229571e-02 
-9.834612061906e-04  3.748563238253e-03 -2.357163238041e-03 
 3.995687703156e-03  2.082880834834e-02 -1.640342054250e-02 
 1.954601190252e-02 -3.106594706498e-02  2.095822726315e-01 
-7.874729979284e-03  4.681313857999e-03 -6.098216558324e-02 
-9.935217559510e-04  2.874898469761e-03  2.248493007609e-02 
 1.099007919199e-03  4.361969413930e-03  4.795506463120e-03 
-8.264211056544e-03  1.410912078926e-02 -1.521556830175e-01 
-6.976607540642e-01 -4.615657955376e-02  4.606367366807e-02 
 1.922845030535e-01  6.294455033664e-02 -1.258771739105e-03 
-9.613150772855e-03 -1.408019020183e-03 -3.457916783131e-03 
-7.769431581384e-04 -5.793898329815e-01  2.503352563844e-01 
 1.549438913884e-02  2.661642851527e-02  1.857828089176e-02 
 5.234968795056e-01 -2.421159734409e-01 -4.766786472813e-03 
 3.300361839622e-02 -1.867976985874e-02  2.367895989835e-02 
-7.629025886740e-03 -2.017210313318e-03 -1.522754998126e-02 
-1.776245406941e-03 -1.568603008362e-01  6.725967254840e-02 
-3.792263213435e-03  7.763678135584e-04 -1.211770271768e-02 
-4.172960181413e-03  7.859460154846e-02  1.268944092545e-02 
-1.424602710839e-01 -1.769071441533e-02 -1.760855266185e-01 
 4.678493993066e-02  1.138378379649e-02  7.410836865494e-02 
-9.312250407792e-03 -5.900503565334e-03 -2.602315104715e-03 
-1.841269071564e-02  2.441968802199e-04 -5.243944133756e-03 
-1.291106143043e-01  2.260207377471e-02 -6.701712773771e-01 
 9.082153525164e-02  2.017031303587e-01  1.560198496322e-02 
 7.741306555568e-03 -1.735761452911e-03 -2.292906832695e-03 
-3.230684027278e-03 -3.835336875437e-03 -1.086329249583e-02 
 1.937430117372e-02 -1.306217941652e-01  4.585042335817e-02 
-2.177433692337e-02  8.777235481882e-03  9.604691800867e-03 
-7.683384725789e-02  2.140316965010e-02 -2.188340477969e-02 
 3.673908902445e-04  1.027635182048e-02  5.315911885222e-01 
-1.553505649940e-01  2.962703343546e-02 -4.520925162828e-03 
-1.956952363191e-02  2.069811783252e-01 -7.665349546130e-02 
-1.412554554286e-03 -1.910381702338e-03  1.392433567392e-02 
-3.442631660361e-03 -1.488327900162e-01 -5.290603638164e-02 
-9.069111877468e-01  1.938567827180e-01  5.869022235195e-02 
-4.708657529426e-02  3.864521828453e-03 -2.283748446560e-03 
-1.378184898673e-02  3.002936172749e-03  5.820091133021e-03 
-1.027299393310e-02 -6.205673981904e-03  2.460892386062e-03 
 9.461796587991e-02  3.661578869093e-02  7.012120003551e-02 
-4.085985934394e-02 -2.610713149383e-02  1.543417175162e-02 
-1.280908862519e-02 -1.024349379816e-02  1.474285701593e-02 
-5.996098814705e-03 -6.147661314570e-03  2.956135598704e-02 
-6.063104533402e-03  5.096477302859e-02  2.686810103179e-03 
 9.877188810968e-03 -4.171068372978e-04 -3.041511182002e-03 
 8.849958577418e-02 -4.007326425297e-03 -2.418113222624e-03 
 3.063824260437e-03 -9.326677108206e-05 -2.977402628242e-01 
-2.380048391259e-02 -9.841845411949e-03 -2.203639793678e-03 
 1.309435737836e-03  1.031138717871e-01 -3.360692589638e-02 
-2.573506636297e-02  4.749345618720e-03  9.184807769936e-03 
-6.226025817669e-03 -8.048837345209e-01  1.270055931440e-01 
 2.494796100888e-02 -6.639841628202e-02  6.064418318521e-02 
-3.547735248544e-03  3.096096010718e-02 -4.302790565433e-02 
-2.227851073986e-03 -1.042370059744e-02 -1.708182339542e-02 
-6.769007315175e-03  4.561051410166e-03  1.353119852120e-03 
-8.422449233289e-02  3.207852486203e-02 -9.341089053328e-03 
 2.847333928989e-02  3.596955991873e-01 -2.810088897828e-04 
-2.280130151515e-02 -5.086961922481e-02 -1.356712477650e-03 
-1.066299726825e-02 -1.387190402107e-02 -7.888557876289e-03 
 1.179299188881e-03  9.132452533775e-02 -4.800598959795e-02 
-6.127385944545e-03 -9.586368799936e-03  3.744509973027e-03 
 6.125259355655e-02 -2.171232155384e-03 -1.360171059849e-03 
 4.901495622834e-03  1.085894006790e-02  1.154166462402e-01 
-3.774187165034e-02  9.677029260423e-03 -2.718093386574e-03 
-2.667694822928e-03 -4.274827560104e-01  1.901192170273e-01 
-5.967684131251e-03 -2.910794504729e-03 -2.883480002593e-02 
-2.299654013342e-03 -2.805474043562e-01 -1.589958265017e-01 
 1.793273749623e-01  7.357685516528e-01 -3.843298727255e-01 
 1.325596443421e-02  3.761895648162e-02 -4.917362613087e-02 
 4.786975582420e-03  7.357507982755e-03 -8.777710912861e-03 
 7.777910732427e-03 -1.395088303346e-02  4.429693153460e-04 
 1.500803745722e-01  1.342866634225e-01  1.264114640105e-02 
-2.092019830143e-01 -5.986215175778e-02  1.638421955655e-02 
 9.922940829277e-04 -2.476551599483e-03 -7.920390566713e-03 
-2.186810852766e-02  1.444595698102e-02 -7.852664465157e-03 
 9.243483630329e-03 -2.313138761297e-01  4.641164311353e-02 
 3.960001061087e-03 -7.367461090973e-04  1.527317635494e-03 
 5.906209950876e-02 -1.035937119698e-02  6.093281864433e-03 
 1.963663663943e-02  2.334237918992e-02  5.639418224877e-02 
-1.189106229685e-03  2.321240104856e-03 -7.171074873099e-03 
 5.351396422033e-04  2.845311159877e-01 -1.133936414288e-01 
 1.155303652446e-02  2.166285074398e-02  1.045287435355e-02 
 1.607074276223e-03 -1.090196724776e-01 -2.760887751750e-02 
 6.578023114640e-02  2.065245139465e-01  4.472500080450e-01 
-1.835354507325e-02 -5.990691032594e-02 -1.440046860994e-01 
 1.754311015718e-03  3.504975340854e-02  2.412658725459e-03 
-6.588841081617e-03 -1.051961850601e-02 -6.097775578847e-04 
 9.503199635813e-02  6.514051541313e-02 -3.014603134795e-01 
 1.800658346408e-01 -5.716023855786e-01 -7.010257043150e-03 
-1.199877407697e-02  2.090487698349e-02 -4.574155496725e-04 
 1.074626065907e-02  1.029434295452e-02  4.461186953378e-03 
 9.040017370609e-03 -1.248794149697e-01  5.572282077301e-02 
-4.371256592034e-03  1.532974302387e-02 -7.233228535953e-03 
-3.133872717003e-01  1.011271736570e-01 -7.342768512405e-03 
-1.946505088366e-02 -7.664123065624e-03  5.523939269767e-02 
-3.371054321551e-03 -3.081403736351e-03  5.118163257710e-03 
-8.273515634328e-03 -4.328390705993e-01  1.707380676092e-01 
-6.312183995016e-03  8.808341946936e-03 -2.027014966183e-02 
 5.271603081833e-03 -2.784947603757e-02 -2.646640994912e-02 
 1.340864687821e-01 -1.024438453856e-01 -9.446068942789e-02 
 9.775633737045e-02 -4.260567599629e-02  3.861700694179e-02 
-3.529482516112e-03  1.247546231972e-03  1.230900520559e-02 
-9.353712940085e-03 -4.805338310557e-03 -1.396028452042e-02 
 2.470129159157e-01  5.524017499358e-01 -4.552972283855e-01 
 6.386324080964e-02  1.462198902387e-01 -2.520087759389e-01 
 6.342570285810e-02  1.265830470035e-01  6.158271293608e-03 
 3.201212318285e-03 -7.982771050926e-03  4.183092323643e-03 
-2.003268241032e-02  2.637728832137e-02 -2.036428946393e-01 
-7.464904861580e-03  9.871032288366e-03  9.522164164271e-04 
 8.791679763748e-02 -1.632646027939e-01 -4.600766820699e-03 
-2.256542515403e-03 -4.614393270900e-04 -4.533200741933e-01 
-7.431890016150e-01  5.119584038626e-03 -3.537149097314e-04 
-8.695745401623e-03  9.320817775465e-02  2.255462959076e-02 
 8.588492925253e-03 -6.217669585995e-03 -2.601613534287e-03 
 3.618266344854e-03 -2.494586561799e-02  3.584885242244e-02 
-5.991151841606e-02 -1.995835377794e-01 -1.679946731990e-02 
-2.924382000630e-02 -1.545813538497e-01  2.476168769010e-01 
 4.938580038892e-03  2.092378625730e-02  1.180259964465e-02 
 1.276224887837e-02  1.277136524234e-02 -2.149801551300e-02 
 2.672378072730e-01  9.332534363537e-01  2.668432973176e-01 
-1.224953530938e-01 -1.043877521809e-02  2.298166571515e-01 
-4.237289843249e-02  1.529975950253e-01 -2.565039289640e-04 
 1.377761306467e-02 -6.327243290068e-03 -9.665612660044e-03 
 1.068325065943e-02 -2.364132413262e-01 -8.467032835790e-01 
 1.078093123517e-02  7.344259929100e-03  5.700249323705e-03 
-3.570115947379e-01 -1.079773001338e+00  4.904140434157e-03 
-4.116505861829e-03 -1.788739136323e-04  3.096366919195e-01 
 4.723682803680e-01 -5.728917843031e-03  9.560966355962e-04 
-4.394699212019e-03  1.325104535325e-01  1.894386725621e-01 
-4.222244052364e-03 -1.305215571915e-02 -6.828719974154e-04 
-1.827482349752e-02  3.689931220238e-01  9.437922548722e-01 
-1.920293794827e-02  1.706998384095e-01  1.290316211862e-01 
-2.134434799078e-02  1.399158692814e-01 -5.512030655030e-02 
-3.101931053293e-03 -4.830453533458e-03 -5.040176012490e-03 
-3.591132591418e-03  3.996117235564e-03 -3.840911640189e-03 
-1.431434236251e-01 -1.434603299128e-01 -3.977247338872e-02 
-2.772453913509e-01  3.348168892555e-01 -8.114186091321e-02 
-4.170788709305e-01  2.720005647989e-01  3.820819253883e-03 
 1.313524643246e-02  2.052926069308e-02  3.857350634914e-03 
 2.189743423680e-03  1.197597986301e-01  8.570910401681e-01 
-3.327446408691e-03 -1.098876003874e-02  2.145789177909e-02 
-2.554988668523e-01 -1.019521297315e+00  2.167514135757e-03 
-8.728486969185e-03 -5.030356392809e-03 -3.116613415052e-02 
-1.458601922572e-01  6.404958140736e-03  1.333814342826e-02 
 1.166648104562e-02 -2.050452015163e-01 -7.318081254188e-01 
-1.918086306324e-03  9.993822752271e-03 -1.634872483793e-03 
 1.994920353311e-02 -2.525824013591e-01 -1.015749972264e+00 
 2.866479416970e-02 -1.968262063758e-01  8.498572126361e-02 
 1.198026519169e-01 -2.000310375064e-01  4.171838703039e-01 
 2.850850781565e-03  1.081486548566e-02  1.506318508461e-02 
 1.649160616208e-03  1.342580015336e-03  1.435213671412e-02 
 6.476267078399e-02 -2.968483405118e-01 -1.128202294482e-01 
-2.656374575051e-01 -2.202848952929e-01 -1.450141351680e-01 
-3.756705639461e-01 -1.797759393039e-01 -2.110801894079e-03 
-4.614038275933e-03 -1.714854291022e-02 -2.835066874954e-03 
-4.079488943703e-03  6.429305742787e-02  1.291966956041e+00 
-5.923402143063e-03 -2.927167962888e-03 -1.360163600997e-02 
 5.373089871975e-02 -8.671918949065e-01  2.660398530172e-03 
-4.824418253598e-03 -5.932417991291e-03 -2.597485403100e-02 
-5.257007987834e-02 -6.352824333213e-04  1.166397094448e-02 
-5.379851375928e-03  2.111298884678e-01  1.295104825039e+00 
 2.007563147058e-03 -8.590706282806e-03  5.803503563110e-03 
 2.307323666226e-02 -4.242994356845e-02 -9.796624008499e-02 
-9.888418627569e-02 -2.084524975232e-01 -4.960168343546e-01 
-2.471724012286e-01 -4.653990188826e-01 -1.492241149772e+00 
 1.048452154278e-03 -8.535575229814e-03  2.190484500909e-02 
 1.243303475223e-02  1.260307105265e-03 -2.151337645784e-02 
 1.220604275057e-01  6.948777698624e-01 -5.251372045176e-02 
-9.868665153466e-02 -4.011984959313e-01 -1.141396026611e-01 
-3.852609166858e-01 -7.209151137237e-01 -3.073505623465e-03 
-2.523243353808e-02 -1.411977530457e-02 -3.043388558753e-03 
-4.583515058545e-03 -7.467738272931e-02  7.662252441552e-01 
-2.750552384903e-03  6.643273857078e-04 -2.014605195041e-02 
 1.089174122865e-01  2.322003998218e-01 -8.870494112001e-04 
-9.429216151604e-03  5.447958902698e-03  2.074702416388e-02 
 5.720804928418e-02 -4.864215885558e-04  3.935632985305e-03 
-2.954630608248e-03  3.808401675502e-01 -2.155260397282e+00 
-7.885582565348e-04 -2.578978066868e-02 -1.201060434207e-02 
-4.702925725644e-03 -6.465735530218e-03  2.438410761005e-01 
 3.152654350179e-01  1.629308236532e-02 -1.166002004174e-01 
-1.578097841413e-01  2.610867871594e-02  3.320944862843e-01 
-1.801951035796e-02 -6.134651316380e-02  7.826962904709e-02 
-2.232317880788e-02 -4.674548374038e-03  6.024350624882e-02 
 1.544743839825e-01 -4.515074382082e-01 -4.947787696135e-02 
 3.904056715499e-02  1.093061032896e-01  6.173260124729e-02 
 4.914090537112e-02 -1.585793214064e-01  3.217066697232e-02 
-6.464217612861e-04 -3.627548453431e-02  4.363436444391e-02 
-1.158343372951e-01  7.859960647791e-01 -9.970108070901e-01 
-6.521959185052e-03  8.137198135416e-02  1.435270372233e-02 
 1.108879246779e+00 -1.484392570937e+00 -2.745998966047e-02 
-7.133298070077e-02 -8.567699920431e-03 -1.308309382048e+00 
 2.007448830102e+00  1.272245133839e-02  2.753571629270e-03 
-2.669803351168e-02  1.042047285938e-01 -5.833645996315e-02 
 2.161252056529e-02  7.351639254430e-03 -2.776962319176e-02 
 2.536270137813e-01  1.105675251336e+00 -1.750977991701e+00 
 1.239083125875e-01  7.503798975383e-01  7.030516014404e-01 
-2.043498706382e-01 -1.004111613907e+00 -1.653923767757e+00 
-7.163017503702e-03  1.492451927903e-02  1.650025237776e-02 
-8.264031460182e-03  6.355333088878e-03  4.070326185512e-03 
 3.781854070745e-02  6.446178504865e-01 -1.132276471351e-01 
 2.075931817717e-02 -1.298684226928e-01 -5.431484224159e-02 
-4.680865195727e-01 -1.741170091388e-01  3.283290033703e-02 
 1.019550049629e-01  9.498732208270e-02  4.351759764703e-02 
-2.363666136520e-02  5.079777453596e-01 -3.088036146719e-01 
 7.443114667671e-03  3.990660535003e-02  1.137500863267e-01 
-7.838219936958e-01  1.089765540197e+00 -1.142222047312e-02 
 9.227386239404e-03 -4.763778061249e-02 -4.571287158414e-01 
 5.109987732735e-01  3.329107955600e-02  1.938542645696e-02 
 7.984947861705e-02  2.569727717500e-01 -6.090565295793e-01 
 1.228145072707e-03  1.821946327915e-02 -3.824717674653e-02 
-1.184671803778e-01 -5.247952938131e-01  5.629743461708e-01 
 1.875631810571e-01 -9.363637051711e-02 -1.317364742264e-01 
-4.013541440496e-01 -9.643094917661e-02 -6.932248583284e-01 
-7.367761688072e-03  9.891455354861e-02 -1.189875865562e-01 
-7.873771082774e-02 -2.387652241998e-03  6.262051326000e-02 
 5.445528893919e-01 -3.140200767940e-01 -3.362995337686e-01 
-1.386258362577e-01  2.585421565298e-01  4.349961279550e-01 
 5.319191162169e-02 -4.402832916076e-01 -2.866636375398e-02 
-5.128042437496e-02  5.950665874485e-02  5.037585931268e-02 
 6.958096989540e-02 -6.490831036901e-01  5.095094044562e-01 
-4.173821693368e-02 -1.159798769055e-01 -5.236871333090e-03 
-6.220458826206e-01  7.218823006284e-01 -5.364867613534e-03 
 1.634844371772e-01  6.745331407125e-02 -1.152488278873e+00 
 1.301206394204e+00  1.018634755616e-01 -4.266161612227e-02 
-7.293886019070e-02 -8.533194119445e-01  1.986506452347e-01 
 2.088719749427e-02 -3.287844823251e-02  5.599993110556e-02 
 8.058131027418e-03  3.107836873869e-02  1.911561441320e-02 
-1.328660783213e+00 -2.959005165171e-01  3.319956230989e-01 
 1.720826295927e+00  3.706763805677e-01 -4.813440857605e-01 
-2.958264839515e-02  4.234597552236e-03  2.808321706033e-02 
-4.694531371664e-02 -9.530915557028e-03  1.529183083344e-02 
 1.076197648268e-01 -1.041078752179e-01 -9.205705962140e-02 
 7.473884597017e-02 -9.703964531691e-04 -7.717160863968e-02 
-7.462043985130e-02  7.770756882599e-02  8.261833918310e-03 
-1.096775000033e-02 -2.711803562573e-03  4.152992534928e-02 
-1.166434810998e-02 -3.297291695307e-02 -2.133668873640e-01 
-2.957521224596e-02 -1.115587537339e-02 -1.766388068399e-02 
 4.371275972370e-02 -7.266587493154e-02  2.160229805697e-02 
-6.553915241441e-03 -1.528882753405e-02 -5.512259693329e-01 
 8.359716864230e-01  1.846660246026e-02  3.386753238137e-02 
 4.618896775809e-02 -1.252749536580e-02 -6.372474012356e-02 
-3.651117307132e-02 -9.258099862035e-03 -6.740985796376e-04 
-1.364760792740e-01 -5.888460816223e-01  4.806714634420e-01 
-3.942054010958e-01  1.129739181887e+00 -3.706245271337e-01 
 4.595544598379e-01 -1.568792836294e+00  2.609218108513e-01 
 5.504253208287e-03 -1.601474722108e-02 -1.483988126992e-01 
-4.990621901113e-02 -1.655984057448e-02 -4.275247488994e-02 
-2.259423056157e-01  5.219956817029e-01  2.082151584310e-01 
-1.304658334214e-01  1.964131924763e-01 -2.826984913462e-01 
 2.528696737446e-01 -4.839788280740e-01  1.096904540854e-02 
-1.619145607950e-02 -1.790913562352e-03 -4.459612852245e-03 
-2.065698264915e-02  5.477547826630e-02  5.506205527097e-02 
 1.937719134267e-02  2.896024127717e-02  2.048351113136e-02 
 5.780315291465e-01 -8.523930922682e-01  1.708589459583e-02 
-1.928829461718e-02  6.295190057905e-02  2.940793867439e-01 
-1.767026678466e-01 -2.448780824035e-02  8.728829396291e-03 
 1.789303749135e-02 -6.171063607893e-01  6.570315368612e-01 
 1.615277401169e-02  1.082972232246e-02  1.122470889949e-01 
 8.925357201033e-02  5.059754860099e-01 -5.804142824107e-01 
 1.671885242230e-01 -3.805362030689e-01  5.186490467995e-01 
-4.876739806116e-01  2.360054702562e-01 -2.615189181567e+00 
 3.663334935909e-02  1.210556406347e-02 -1.598992914635e-01 
-5.796182564073e-02 -6.248011958104e-02 -1.249510758606e-01 
-5.284919436170e-01  1.723674595339e+00  5.176000650256e-01 
 1.505408115666e-01 -1.882554611938e-01 -8.374560466587e-01 
-5.232624339867e-01 -2.926814532127e-01  3.129515640581e-02 
-2.323452081839e-02  5.001023054663e-02 -1.001576863156e-02 
-9.581122523692e-02  2.111065087439e-02  2.493577688324e-01 
 7.125938339004e-02  3.762988995079e-02 -3.390769722660e-02 
 6.081052799470e-01 -1.551553119012e-02 -1.136905185887e-02 
-1.030984566172e-01  1.043482156616e-01  2.140027974208e-01 
-5.201558789837e-01 -8.030220781329e-02 -2.295027484908e-02 
 1.492507560810e-01 -1.191353104065e+00 -2.935779854179e-01 
 4.509749340649e-02 -7.740218795154e-02  4.587020267272e-02 
-1.776030025418e-01 -8.826668855244e-01  1.652132033621e+00 
-3.540268009361e-02 -2.412207831752e-01  1.077662240154e-01 
 5.159537047479e-02  4.025147086074e-01 -5.039293864966e-01 
-7.111241505977e-03  1.447086571511e-02  1.717429429541e-01 
-1.010075214237e-02  1.685277801059e-02  6.128524497785e-02 
 1.813504798195e-01 -4.177436381273e-01  2.676260209341e-01 
-9.911238400936e-01 -3.327314287923e-03 -3.393662961151e-01 
 1.685695204118e+00  1.659081987489e-01  6.306153034203e-02 
 1.101655119217e-01 -3.911915424780e-02  2.006883077708e-02 
 2.665635844213e-02  5.572356287636e-01 -1.219648876264e+00 
 1.467961975681e-01  2.010687928430e-01  1.011634827401e-01 
-2.314489029584e-01  1.290935151829e+00 -1.733099965290e-02 
 2.427479605228e-01 -1.289913003092e-01  1.434728576303e-01 
-3.557882241235e-01 -8.716728911914e-02 -5.419467061928e-02 
-1.336783140325e-02 -3.132120793201e-01 -5.014899730674e-01 
 9.864462373163e-03  1.582517920121e-02 -1.059672978034e-01 
 1.461071850160e-01  7.026465132823e-01 -1.360580134269e+00 
-1.627465120139e-01 -1.005528922577e-01 -6.674856207376e-01 
 3.252249727637e-01  2.202186257021e-01  1.330979764785e+00 
 2.207249972809e-02  1.220997025551e-01 -9.648490719856e-02 
-2.464255003015e-01  4.194749645534e-02  1.101212642690e-03 
-1.237141412808e-02 -5.625458065926e-02 -2.726763452914e-01 
 1.272566400160e-01 -4.751898480947e-01  2.958887724888e-01 
-7.074581014422e-01  5.432225916437e-01  1.410787586472e-01 
 2.016202538355e-02 -4.937062549370e-02  3.162511037211e-02 
 1.814279715855e-02  7.788357133788e-01 -5.211078574651e-01 
 2.386671893613e-01  9.174851008900e-02 -2.923741149364e-03 
-5.679296698734e-01 -1.186936479804e-01 -2.405993648880e-01 
-1.198705009396e-02  6.961826048825e-02  4.038778890712e-02 
 6.425947965487e-02 -6.720361104040e-02 -2.769748083042e-01 
-4.409421400611e-02 -2.779578290267e-01  1.359096427596e+00 
 8.748512763702e-02 -1.348435021145e-02  2.067266090132e-01 
-3.293633240502e-02 -1.520444850229e-01 -7.192850850083e-01 
 1.307625068313e-02  3.822299538975e-02  3.529977160179e-01 
-9.253650776591e-02 -3.440348805608e-01 -1.325879001479e+00 
-9.899749803256e-05 -1.723673373289e-01 -1.375860408425e-02 
-1.690391670240e-01  5.745958421029e-02  2.805882367399e-02 
 1.944232123024e-01 -2.399543614479e-01  3.907221582939e-01 
 2.480045154316e-01  8.771431125629e-01 -6.851981359171e-01 
-1.062464265864e+00 -1.909035510521e+00  5.374589804421e-02 
-1.900042064704e-02  4.474616994548e-03 -9.312365669637e-03 
 1.026777047125e-01  4.636010888733e-01  8.045280295253e-01 
 1.221220935821e-01 -2.149989071599e-01 -1.694570177442e-01 
-3.134304841721e-01  5.719869097359e-01 -1.917780128528e-01 
 8.770290912985e-02  1.101502693924e-02  2.534403290029e-01 
-2.250113182632e-01 -5.085540801530e-02 -2.195392976531e-01 
-1.256374633730e-01  4.786889889099e-01 -9.455401925583e-01 
 4.794136993625e-02 -5.477874210652e-03 -7.291101661678e-02 
-5.872446868371e-01 -2.683004019889e+00  4.571734562834e+00 
 6.212871999031e-02  1.528473572473e-01  3.809972528007e-01 
-2.958239358607e-01  4.013141910759e-02 -9.263104108965e-01 
 3.635085041568e-02  7.727135859678e-03  1.453879300928e-01 
-4.500586599846e-03  3.761529147728e-02 -6.236703828370e-02 
-3.502882097052e-01  5.290637738734e-01 -4.594180015867e-01 
 3.637530957781e-01 -3.678807662761e-01  7.811179071008e-01 
-5.397321466338e-01  8.436074550926e-01  6.916119090322e-02 
-5.339461995124e-02 -5.899181860328e-02 -1.576868743632e-02 
-2.484393928589e-02  4.448742060446e-02 -2.288960697534e-01 
 8.362323545062e-02  2.421667543446e-02  2.488488360034e-02 
 1.205858448091e-01 -8.795823694898e-01 -1.502511264337e-01 
-1.530679184801e-01  4.122871723926e-02  1.446699176709e-01 
 9.306879241837e-02  2.137040991285e-02 -1.290540208344e-01 
-8.077087430004e-03 -6.408749682665e-02 -1.523035110884e+00 
-7.329895993221e-02  5.065687830121e-02 -2.200003350860e-01 
 1.940054291416e-01  8.980746865784e-01 -1.673683913721e+00 
-5.203762537264e-02 -9.478048063324e-02  3.071827331468e-01 
-3.307073067005e-01 -1.911546339558e-01 -1.221085266440e+00 
 9.652528019953e-02 -9.425926703336e-02 -1.468859222724e-01 
 8.281612406031e-02  4.639879103927e-02 -9.841395874945e-02 
-5.613967172374e-01  1.223408356973e+00 -9.082625846401e-01 
-1.659983314395e-01  6.149367924894e-01  1.523953785826e+00 
 3.079223489733e-01 -1.499722597358e+00  7.591980283336e-02 
 6.629187558757e-02  3.152208290240e-03 -5.699881858392e-02 
-6.547006759798e-02  2.533364252111e-01 -7.281210575837e-01 
-8.440043251367e-04  2.177774376462e-01 -1.626102932394e-03 
 5.779238151740e-01  1.019207964904e-01 -8.727439885442e-02 
 7.762106287106e-02  5.955171312374e-02  6.664685226415e-01 
 1.396033601817e-01  1.449762684889e-01 -8.805126772395e-02 
-2.177760800295e-02 -1.235509851405e-01 -2.174100192193e-01 
-1.195540282307e-01 -8.627292526859e-02  6.463155458413e-02 
 3.534118819267e-02  1.480150127978e-01  3.564810783712e-01 
-5.504725065647e-02  5.220620915297e-02 -5.797891130104e-02 
 2.934055582432e-01  7.122460170695e-02  1.263411466221e+00 
 3.657492476760e-01 -4.330097502832e-02  9.404982778904e-02 
 1.216030671203e-01 -2.165767180570e-01  1.829152865791e-01 
 7.774554753822e-01 -1.779235579381e+00  2.366352398704e-01 
-1.634551652363e-01 -1.881345290544e-01 -1.017059935803e-01 
 9.493116627933e-01  6.917895750292e-01  9.229910537550e-02 
-8.636508530911e-02  1.701066381564e-01 -1.801919204861e-01 
-2.859213847291e-02 -4.734072621188e-01  1.901125300633e-01 
-8.215956283151e-02 -8.998008581436e-02 -7.190125517258e-02 
 4.270045885360e-01 -3.448364772784e-01 -3.691321296424e-01 
 1.553503310098e-01 -3.382431007668e-03 -1.270966940684e-01 
 6.084052346378e-02  2.726428625852e-01 -2.198196587885e-01 
 3.493200073564e-01  2.726516488673e-01  4.151537272820e-01 
-4.739875499825e-02  7.755087212040e-02 -3.246704783383e-02 
 1.097682491404e-01  4.607397466885e-01 -4.033094269062e-01 
 2.632699753403e-02  1.048246672479e-01  1.805824341940e-01 
 1.955278809313e-01 -2.020144771818e-01  1.218791739473e+00 
-4.931753110141e-02  1.359639169168e-01  1.870587178892e-02 
-2.152880789518e-01 -2.219436907404e-01 -3.746861468097e-01 
-1.699520093700e+00  2.510790863422e+00  2.324426350419e-02 
-2.005956104287e-01  1.323814349447e-01  1.901065809957e-01 
 1.339464109255e+00  6.793984829759e-01  4.692222028150e-02 
-1.169884113091e-01  5.272102183127e-02  1.271571659014e-01 
-8.708283586453e-03 -1.355436570100e+00 -1.739739033315e-01 
 2.274001876131e-01  7.689809299545e-02  6.004392819865e-02 
 2.420781054247e-01 -6.744240508883e-01 -5.271318664223e-02 
-6.317029077070e-02  2.130540690404e-01 -5.159788667161e-01 
 3.346575920004e-01 -1.079532159242e-01 -4.594257761451e-02 
-6.601526683895e-03  1.102534557668e+00 -1.257732214003e-02 
 1.056261048893e-01 -1.395729206538e-01 -1.309389788163e-01 
-7.447655441763e-02 -3.268162320341e-01  3.001670614351e-01 
 1.006402539154e-02  9.885474525101e-03 -4.885806331253e-02 
 4.083951858620e-01  7.271886716905e-02  7.111510202738e-01 
-2.075291718087e-01  2.835620738269e-01 -2.011576182458e-01 
 3.480931583278e-01  3.720034952732e-01 -5.931497241939e-02 
-3.187090720243e-01  7.465649562954e-02  4.494267552914e-01 
 8.271208139215e-03 -1.374502885892e-02 -8.601608102697e-01 
-1.521023249131e-01  1.902963162890e-01  1.082162248376e-03 
-3.074452441205e-02  4.633560520067e-02 -6.041822190874e-02 
-1.700684393552e-02  3.080147657033e-01 -5.739387415679e-02 
-2.339056355967e-02  1.073930903418e-01 -1.063855273189e-02 
-2.545087584675e-01 -1.152550738773e-01 -1.720000128415e-02 
 6.960640609034e-02  2.874413095718e-01 -4.708895818949e-01 
 1.415025498790e-01  1.923149478361e-02 -2.487432912292e-01 
 1.832610908631e-02  6.156525455327e-01 -7.140359164002e-02 
-2.725793720377e-01 -1.391817965671e-01 -1.209548517285e-03 
 2.696599641706e-02  1.220463695195e-01  6.342201970705e-03 
 7.755223044352e-02 -4.003471833739e-02  3.817638404418e-02 
 1.456790296536e-03 -7.613120434861e-02 -7.921923086163e-02 
-5.666478537556e-01 -1.116281080282e-01 -7.564081874216e-02 
 2.532267344637e-01 -5.047957424334e-01  9.187156017221e-02 
 4.465529332961e-01 -5.275292468326e-01 -2.057499864672e-01 
 1.735732354177e-02 -4.525335427977e-02  9.171835151148e-02 
 6.416494238748e-02  9.917917122004e-02  1.655018748911e-02 
-6.369541759940e-02  4.372633662302e-02  6.672745947313e-02 
-6.887823519416e-03  2.375901075064e-02  4.783761409720e-02 
 2.140934240530e-01 -4.568050587537e-02 -1.013060189629e-01 
 8.857850797832e-02 -1.037957766864e-01  7.010271460730e-02 
 6.312461486011e-02 -4.383588245151e-02  7.099858319804e-02 
 1.303819082175e-02 -1.019769354833e-01 -2.118381770469e-01 
 9.926921284095e-02 -9.484258338202e-02  2.441804736982e-02 
-1.466247583590e-01  2.276545594322e-01  4.209194284890e-02 
 8.001496650260e-02  3.589829153693e-01 -2.928128795665e-01 
 7.269741415538e-02  9.460939156339e-02  1.084646302178e-01 
-2.384318548970e-01 -3.212261685752e-01 -7.313856838031e-02 
-3.064628607102e-01 -2.046889120407e-01  6.228948724021e-02 
-2.673541125238e-01  4.352751083300e-01 -1.053089992813e-01 
-3.886956094485e-01  8.837441356368e-01 -2.182531040079e-02 
-6.019040373787e-02 -1.644569423792e-01  2.469964111290e-01 
 4.203614750054e-01  3.294936966802e-01 -7.794749742464e-03 
-1.622809499964e-02 -3.428235222653e-02 -6.297014318443e-03 
-2.323852868705e-02 -6.324606611831e-01  1.047659360782e-01 
-1.107756828679e-01  2.589810614130e-01 -4.678042679926e-01 
-5.876444498441e-02  2.218691289310e-02  4.880341711931e-02 
 1.926200146816e-01  7.120093211090e-02 -6.355681305667e-02 
 1.596029845726e-02  1.522656488590e-01 -2.609362210465e-02 
 2.908405466019e-01 -1.028561536081e-02  1.168789370435e-02 
 1.501300628373e-01  2.538042535300e-01 -2.763953695965e-02 
-4.806948128938e-02 -2.192101130063e-01  3.611900001996e-01 
 8.199299518874e-02  3.473350772111e-02 -1.279873547624e-01 
-1.927331540394e-01  2.690649148846e-01  3.204403877791e-01 
-4.198415788454e-01  3.188384955409e-01  2.036326830091e-01 
-1.230732976785e-01  1.265512882790e-01  1.338038677080e-01 
 5.263238341108e-01 -1.357021969478e+00 -1.850932718986e-01 
-4.941336602361e-02  3.036189337689e-01  4.092281890267e-01 
 3.533785035416e-01 -4.171249405963e-01  6.988908234180e-02 
 2.893988898324e-02  3.367831970498e-02 -1.108982051187e-02 
-5.704293331090e-03  3.334260420915e-02  4.144732021777e-02 
 6.690871158357e-02 -2.852133893428e-01  9.129418906457e-02 
 5.487655135798e-01 -1.345461963378e-02 -1.238222465608e-01 
-8.934727600077e-02 -2.519913641605e-01  5.807674712244e-01 
-4.032328580945e-01  2.059232366341e-01  1.222836312589e-01 
 4.467677049253e-01 -1.617296968504e-01  1.579431002732e-01 
 1.559872181577e-02 -3.604426948593e-01 -1.759428920972e-02 
-1.707853178816e-01 -7.294951786865e-01  7.804362239822e-01 
-5.834221164018e-02 -1.876767917829e-02 -1.715872094185e-01 
-2.629581996423e-02  2.566338271092e-01  8.601270599757e-01 
 1.421088827078e-01  1.830846712061e-01 -6.907495083565e-02 
-7.648938527605e-02 -2.388880393472e-01  1.264098418468e-01 
 4.935885944498e-01 -1.372608215844e+00 -1.400932041055e-01 
 2.120279119341e-01  2.239327728297e-01  5.964753988316e-03 
-8.442099496695e-01 -2.539577852301e-01 -9.791128684456e-02 
-6.344330283333e-02  9.761804513885e-02  1.648731958236e-02 
-7.217909082452e-02  9.901961885565e-01 -1.284045311439e-01 
-2.541593629395e-01  1.733828778212e-01 -7.373003315190e-02 
-4.101673602832e-01 -6.744109110811e-02  5.029496689404e-01 
 1.289859736690e-01  9.545002908902e-02  3.899842475594e-01 
-3.359000372234e-01 -7.935747914640e-02 -3.571937978523e-01 
 2.909337126678e-01  4.788803321292e-01 -4.031104081881e-02 
 2.935528420043e-01 -1.733021699100e-01 -1.258466427762e-01 
-4.440099004946e-02 -2.391632337290e-01 -6.733290767031e-01 
-1.093174692458e-01 -8.688202462861e-02 -1.493956086143e-01 
-2.802742020552e-01 -1.928355366088e-01 -1.247267949819e+00 
-2.810633936582e-01 -2.047854412535e-01 -4.098265884184e-02 
 4.398785713675e-02 -2.407489472147e-01 -4.006140945863e-01 
-1.740144560217e+00  3.197210268384e+00  3.823547463341e-01 
 9.840538818452e-02  1.056826578833e-01 -6.078747544705e-02 
-8.934842524839e-01 -9.293994753771e-01 -4.870544299946e-02 
 1.321371005402e-01 -1.279222329348e-01 -1.225341489654e-01 
 3.883725641257e-02  8.532705066673e-02 -1.036705591968e-01 
-3.343581280794e-01  1.973361358481e-01  2.090936385037e-01 
-6.770285621050e-01  3.359133902427e-01 -1.575259367371e-01 
-1.698905135718e-01 -1.927901812494e-01 -3.062333144659e-01 
 4.841741420730e-01  4.700194812502e-01 -2.215699015263e-01 
-1.071862925120e-01 -4.405736492440e-01 -2.281337737700e-01 
 2.257873665528e-01 -1.457979585860e-01  6.443389471156e-02 
 2.280621818090e-02  1.078006242507e-01  3.467563504585e-01 
 1.285407502759e-01  2.685548098878e-01  5.324446844123e-02 
 1.188841078474e-01 -4.033958887840e-02 -2.117423387835e-01 
 1.985236290245e-01 -2.395907082502e-01  3.427459651459e-01 
 1.377703432214e-01  9.032962391116e-02 -2.914568957818e-01 
-1.145130894185e+00  1.832419221160e+00  5.159668140298e-03 
 1.178454708434e-01 -2.728989003114e-02 -3.582664210419e-01 
 6.533949026622e-01  9.876946303602e-01 -5.509604227041e-02 
-3.999898521972e-02 -3.614226453042e-02  1.802199004799e-01 
-1.021141117835e-01 -1.202401814664e+00  3.279770684618e-01 
 7.608119511318e-02 -2.314555438173e-02 -2.726902816605e-01 
-2.214639357883e-01  2.261352725685e-01  1.026391259439e-01 
 2.824600052866e-02 -5.219080284299e-01 -6.592489973660e-01 
 1.005825386972e-01 -3.715310459958e-01 -3.531138394388e-01 
 9.622611791632e-02 -6.961576750145e-01  3.555300658763e-01 
-2.943396534661e-01 -3.883869529919e-01  1.584408850839e-01 
 1.237367217017e-01  4.180602205906e-01 -1.527336733494e+00 
-4.260292201614e-02 -2.804253096165e-01 -1.378955247201e-01 
-3.906646173523e-02 -4.394414730159e-01 -8.965773628119e-01 
 1.448619677393e-01 -2.680537817455e-01 -1.971554962055e-01 
 4.800691543141e-02  3.888442429301e-01 -1.316133551852e-01 
-4.477516464965e-01  1.826937111191e+00 -2.170313704118e-02 
-1.340311137380e-01  9.190140018957e-02 -5.791473870239e-01 
 3.789198891151e-01 -1.145275939311e+00 -8.084756187991e-02 
-4.491916742659e-03  6.666553894970e-02  2.752977732592e-02 
 2.909002621111e-02 -2.568173505346e-01  1.011856875057e-01 
 4.615538529200e-01 -2.429874972182e-01  5.375997077190e-01 
 2.872227979580e-01  8.445881123187e-02  4.121439826586e-01 
-2.918323993388e-01 -9.252228195257e-02 -3.441902514362e-01 
 2.750401222996e-01  1.983908586999e-01 -3.649996386935e-01 
 3.201097387943e-01  2.257540218547e-02 -2.293282150926e-01 
 9.909894402838e-02  3.241819302950e-01  6.165057492650e-03 
-3.516046353113e-02 -2.009430157265e-02  1.343509893697e+00 
-1.651251587272e-01  2.763530208410e-01  3.781393654869e-01 
 2.057963215010e-01  2.474037326568e-01  7.845296063501e-01 
-1.324179564329e-02  1.276256276990e-01  3.237701111451e-01 
 5.171248476925e-01  4.782607768390e-02  2.508722467741e-01 
 8.586244111663e-01 -2.413306973656e+00 -6.305242606506e-02 
 1.742222146913e-03 -1.868712299037e-01  2.416092404931e-02 
 8.642647392424e-01  1.238551432006e+00  1.636447729750e-02 
 2.901661584568e-03  7.051144624952e-02 -2.675310713333e-01 
-2.672623023406e-02 -1.956397768257e-01 -1.368704416790e-01 
 5.211532424286e-01 -9.624175680995e-02 -3.843103468752e-01 
 6.421012485287e-01 -4.963767563326e-01  3.157138776464e-01 
 6.694625061852e-02  2.256526953476e-02 -1.385608211141e-01 
 2.641523342550e-01  2.620916208982e-01 -6.541771520437e-02 
-3.799424246175e-01 -4.103451068552e-01  5.255692904887e-01 
 5.513087691935e-01 -2.134019775741e-01 -6.216179908728e-02 
-3.061667783965e-02 -1.436656726584e-01 -1.529821404968e-01 
 1.580091164551e-01  3.813688724727e-02 -2.296057813310e-01 
 1.610000133877e-01  1.175396735343e-01  5.625885803187e-02 
 2.145071963005e-01 -1.223979405544e-01 -2.138306254939e-01 
-2.642663851749e-01 -2.691625625438e-01 -5.813568721446e-04 
-3.777424105526e-02 -9.928212531716e-03  1.984407550461e-01 
 6.224195628244e-02 -2.825655415636e-02 -7.132377053629e-01 
-1.046852212860e+00 -1.270300949858e-01  4.208890784143e-02 
 2.752970032925e-02 -1.618444474581e-01  1.016218589421e-01 
 1.648246570321e-01  8.627243525143e-01 -2.342207768322e-01 
 3.687909187277e-01  1.572058459220e-01 -3.448147132216e-01 
-6.833908393670e-01  1.980672052261e-01  3.318522948991e-01 
-4.910420328229e-02 -1.533356813690e-02 -3.135576209062e-01 
 3.446441253484e-01  5.265924363048e-01  3.033739881619e-01 
 1.586156987759e-01  3.499572573494e-01 -2.260243554560e-01 
-5.103534675651e-01 -2.477815710155e-01 -1.743238726420e-02 
-8.898490125581e-02 -2.838190677445e-01  1.066680423720e+00 
 1.746601074665e-01 -2.006869290761e-02  3.831469426169e-01 
 2.131401220224e-02  9.472968607148e-02  5.799931076808e-01 
 4.568259030735e-02  6.090019433304e-01  6.492247241319e-01 
-4.666335157760e-01 -1.199120805136e-01  1.632451373043e-01 
 4.586346490948e-01 -1.745776754724e+00  1.049752311622e-01 
-1.589895259781e-01  1.919669303600e-01  5.786746916719e-01 
 8.999515410173e-01  3.279185505156e-01  1.632986792085e-01 
 5.922062542967e-02  8.093167117898e-02 -3.779003893920e-02 
 6.674679866501e-02 -2.842739047607e-01 -6.655488317241e-02 
-2.566442729031e-01 -6.879259195476e-03 -1.145981743127e-01 
 8.424612983453e-01 -7.048843910716e-01  2.852332800439e-01 
-1.304268162496e-01  1.176210392201e-01  4.542354352535e-01 
 5.491008531647e-02  2.592612997366e-01 -3.185291978836e-01 
-3.366139932703e-01 -9.630067118462e-02  3.462509062616e-01 
-5.049794765577e-01  4.826560972841e-01  3.651264144753e-01 
-3.812681969271e-01 -1.632479864332e+00  5.229927694564e-01 
 8.862605780317e-02 -2.845623619471e-01  5.316498666336e-02 
-5.316590046335e-02 -1.304566466212e-01 -4.757674451825e-01 
 1.401476263204e-01 -3.578792630670e-02  2.911213051962e-01 
 3.418559877437e-01 -3.851885700475e-02 -3.270836855979e-01 
-1.305322374015e+00  2.339027043461e+00  4.570497896696e-02 
 2.789773729735e-01  5.557910185512e-01 -7.337013732239e-01 
-1.351338458814e+00 -1.136574127282e+00 -5.453874138534e-02 
 1.127870334709e-01  8.283893127527e-02  1.426936814542e-01 
 3.800177680535e-02  5.571565269754e-01  7.736896189362e-02 
 2.034919226695e-01  1.304773542329e-01 -5.617597497353e-02 
-1.138188265226e+00  3.980760171311e-01 -6.014720517955e-02 
 9.931564006362e-03  4.948890597434e-01 -3.358066734637e-01 
-3.804919647960e-02 -8.981666606843e-02  3.617554269620e-01 
 4.292383113584e-01 -1.769237302520e-01  1.783981593516e-01 
 2.227242939321e-01  1.858727624874e-01  5.842944484990e-01 
 4.934238418372e-02  2.189691976531e-01  3.821456359339e-01 
-8.381383124048e-02 -2.506596135537e-02 -1.317999471065e-01 
 1.420724521078e-01  2.005935601748e-01  2.409530149863e-01 
 2.100761533725e-01  6.681262379800e-01 -2.255913729358e-01 
 3.568822701684e-01 -1.855331761682e-02 -7.687835181702e-03 
 4.917239692041e-02  4.286621687948e-01 -2.035337387171e-02 
-4.236896909010e-01  4.153021336511e-01 -2.398978421505e-01 
 4.507514174675e-02  7.854998773248e-01 -1.787121103342e-01 
 9.270152203819e-02 -7.132417924725e-02  1.344836387567e-01 
 1.193848058649e-01 -2.791554083897e-01  9.151244050634e-02 
 5.751584908721e-02  2.575438104581e-01 -6.054932046939e-01 
-5.098715841088e-01 -1.026418994563e-01 -2.387457796316e-01 
-6.837582351917e-01 -3.943768590765e-01 -5.401864868186e-01 
 1.717101646525e-01 -2.081011605073e-01 -2.224090930906e-02 
 1.267346345799e-01 -2.577823827607e-02 -6.176325133238e-02 
 2.353320602271e-01  4.727097625517e-01 -2.495376540766e-01 
-3.529615126576e-02 -7.855052649301e-02  7.416459218080e-01 
 7.871339099925e-02  1.563301081988e-01  4.956907147743e-01 
 2.025171314009e-02  9.176564171103e-02  3.219067603295e-01 
-1.074784137598e-01 -4.958319663084e-01  1.747513182225e-01 
-6.809943185023e-02 -7.814884032196e-03  4.931703903893e-01 
 2.178033009566e+00 -1.988160922112e+00 -6.793503876119e-02 
-6.044376019503e-01  2.087911340430e-02  3.894158908115e-01 
 9.691782208772e-01  5.589820805123e-01 -1.768064990059e-01 
 5.547577926706e-02 -1.363353080981e-01  6.955328191190e-02 
 2.894261494355e-01 -4.461794216822e-01 -5.643189519249e-02 
-9.813226002024e-02  3.286929512990e-01  9.967751141865e-03 
 1.514196427929e-01 -4.964756105023e-01 -1.462376234513e-01 
-6.692787878791e-01  4.930627887417e-01  6.449264304748e-02 
 4.516358434944e-02 -1.322078399846e-01 -2.282562551837e-01 
 8.719683110728e-02  5.961962809094e-02  1.819832790338e-01 
-2.383432542195e-02 -5.059462438303e-01  1.796270735032e-01 
-3.953972815292e-02 -3.097441793406e-01 -6.120829061200e-01 
-1.487735373462e-02 -2.278723710230e-01 -2.707647733864e-01 
-1.312434539704e-01 -5.389067743811e-02 -8.912869448374e-01 
-1.345021645133e-01 -3.612135947443e-01 -1.787711082417e-01 
-1.834000356522e-01  1.012118223978e-01 -7.276057377954e-02 
-8.791058310919e-02  2.072526997272e+00  7.712751045266e-02 
 5.574672854656e-02  2.998084699600e-01 -4.006182677459e-01 
-1.058807057606e+00 -5.132806814901e-01  4.061324817708e-01 
-2.940739156473e-01  7.183557880143e-01 -3.309180711998e-01 
-5.647116468342e-02  3.765192881872e-02  4.006601076029e-02 
 2.574077170594e-02  5.329038813616e-01 -1.123789388022e-02 
-1.218202696936e+00  6.117624589435e-01  1.872988501956e-01 
-5.334635093193e-01 -3.637684009528e-01 -4.777182526194e-01 
 2.263835669251e-01 -2.522737491020e-01  2.786723943350e-01 
-4.331946674957e-02 -5.562713347201e-02 -3.136832747209e-01 
-8.202811639578e-02 -1.317270496211e-01  8.736989811020e-02 
 9.213968643715e-03  9.402945720719e-02  2.496127175123e-01 
 4.229759851635e-02  7.701673156115e-02  5.218872317891e-01 
 2.063237877552e-02  1.727868397582e-01  7.205788634692e-02 
-8.274810354072e-03  3.396765287553e-01  1.576874092055e-01 
-1.699066925582e-01  1.347413637528e-02  4.226772147315e-01 
 1.545382584388e+00 -2.297556727120e+00  2.349047506986e-01 
 9.570671503239e-01  2.953362942901e-01  3.623048021669e-01 
-4.351163882976e-02  8.453780208258e-02 -6.428564909411e-01 
-3.722087629500e-01  2.588593862066e-02  6.703201706820e-02 
 5.492727516106e-04 -1.845795408485e-01 -2.846506153214e-01 
 4.302336124374e-01  6.078306986632e-01  3.433779451124e-01 
 7.423885893906e-01 -1.239311272401e-01 -3.857404183238e-01 
 3.390942237331e-01 -3.837368639397e-01  4.773636818327e-01 
-5.455890407248e-02  2.270428844027e-01 -5.165203797618e-04 
-1.509832347973e-01  1.973986340172e-01  4.156455705850e-02 
-6.856962710337e-02  1.104944386105e-01  2.235707613051e-01 
-6.635632365284e-03  3.133097251600e-02  7.892854782453e-02 
 2.150725505391e-01  1.342702756794e-01  8.705045056238e-01 
-3.565347110743e-02  8.477687023713e-02 -2.112511214229e-03 
 1.236324001849e-01  3.275016455877e-01 -1.823917510825e-01 
 3.048220090291e-01  3.264082380451e-02  1.481553471613e-01 
 5.396747727987e-01 -9.797304650274e-01  1.591407668566e-01 
 4.043627440587e-01  6.665584185195e-02 -8.064019251224e-02 
 3.772768818438e-01  4.698082994106e-01  7.278173776390e-01 
-4.306101165092e-01 -5.028835863854e-01  9.324103364227e-02 
 5.468126951242e-01 -4.671367214683e-01  3.061547999536e-02 
-4.382357403658e-01  2.626727896096e-01  3.711101468161e-01 
 5.642499264536e-01 -8.604643389758e-02  3.012110588486e-01 
 1.748169737246e-01 -3.200901637595e-01 -1.381951859719e-01 
-3.316259074109e-02 -7.980155413408e-02  6.603061861657e-02 
 1.489298296139e-01  6.428986565584e-01 -6.181425294814e-02 
 3.239020145290e-01  9.263216668533e-02  3.780055682135e-01 
-9.894007148708e-02 -5.379075707214e-01 -3.427152278481e-01 
 6.092446444549e-02 -1.592924984589e-01  3.393199573061e-01 
-1.659630356557e-01 -5.879070387932e-03 -4.475846123250e-01 
-4.642943709041e-03 -2.275722229281e-01 -4.319453632099e-01 
 7.689263528271e-02  1.466919841536e-01  7.901012552288e-02 
 2.045689591139e-01 -1.070946742876e+00 -2.738554994626e-03 
-5.622087721338e-01 -3.231034065782e-01  6.203191826207e-01 
-3.726250511830e-01 -7.116429418283e-01  7.878856962663e-02 
-3.216471512038e-01  4.337264523593e-01  9.110174518471e-01 
-1.411181000139e-01  1.306762908960e+00 -3.970328765400e-01 
-4.396705153363e-01 -2.280967609957e-01 -2.203907667533e-01 
 6.889207003682e-02 -3.972069596695e-02 -1.965386682753e-01 
-1.172504498356e-01 -1.034126524121e-01  1.258712756758e+00 
-2.536306541236e-01  7.429230929509e-01 -4.734200798734e-02 
-4.482414369585e-01  7.042550690424e-01 -3.485469437460e-01 
 2.787668528663e-01 -1.248789675605e-01  3.618471962028e-01 
 2.495926421915e-01  1.211822376401e+00  6.768774229257e-01 
-3.156949380763e-01  6.772067179737e-02 -1.425532905116e+00 
 2.077761763900e-02  3.600451028925e-02  4.782764042641e-01 
-7.600657560031e-03 -1.684169131717e-01  9.924258858277e-01 
 4.998549172496e-01  1.122391236700e-01  2.252764834157e-01 
 7.730204767755e-01 -1.215763024918e+00  2.241895288980e-01 
 8.381545216570e-01  2.433891254088e-01  3.623695498602e-01 
 5.147290974140e-01 -3.069086682504e-02  2.884116856082e-01 
 2.847095763833e-01  2.295419699366e-01  4.853736392491e-01 
 3.924934496172e-01 -1.119456907671e+00  2.042906649940e-01 
-1.104625986086e-01  6.205063895851e-01  1.224465022425e-01 
 1.313011296103e+00 -5.159848392299e-01  4.771655575540e-02 
 4.517873543589e-01  1.368556685869e-01  4.522146078232e-01 
-1.131777747826e-01  1.823670558469e-01 -6.171615866666e-02 
-9.546139593781e-02 -2.594706659151e+00  8.026320022371e-01 
-1.883492880895e-01  3.936072689042e-02 -1.269875976561e+00 
 8.413935658333e-02  7.092935579237e-01  5.832247306420e-01 
-1.502447190978e-01  1.925618972956e-01 -6.159886867441e-01 
-1.397684892055e-02 -4.735299146146e-02 -1.992890045503e-03 
 4.440542166724e-02  2.040393283917e-01  1.005165248992e+00 
 3.383444270404e-01 -5.076654940336e-02  7.563041926371e-02 
 3.332409057181e-01  9.780229761426e-02  2.542242045028e-03 
-6.543620112357e-01  4.197228964921e-01 -2.086382749990e-02 
-5.999280129953e-01 -2.400793334851e-01  7.931073716476e-02 
-1.002000827472e+00 -6.768326159346e-01 -7.108923118115e-02 
-7.248165076261e-01  6.159035421238e-01 -1.019131962320e-01 
-3.268677956717e-02 -2.577967278956e-01  3.926472636933e-01 
-2.509502938469e+00  9.255377661673e-01 -5.647972010569e-02 
-1.016963894120e+00  4.358989024213e-01  2.312761270599e-01 
-7.426487422876e-02  2.023350892536e-01  6.282225517900e-02 
-5.319650724158e-02 -1.957905893559e+00  6.019632309371e-01 
-2.013806745812e-01  1.788893419479e-01 -7.488134825449e-01 
 9.016020047935e-02  5.570025651009e-01  4.363749411915e-01 
-6.882669640403e-02  1.200811270954e-01 -1.754491172152e-01 
 2.846792799372e-02  1.615669169369e-01 -6.816681231488e-02 
 1.079948402645e-04  1.301900087820e-01  6.428302329083e-01 
 1.453478075966e-01  2.359778158151e-02 -3.423279112348e-01 
-1.652302081464e+00 -1.576128354528e+00 -4.821237144063e-01 
-8.198991833545e-01 -6.074210610025e-01 -5.907505371233e-02 
-4.228274401028e-02  9.750420610645e-02 -6.256047629186e-01 
-7.989535263472e-01  3.849642611658e-01 -3.483650547764e-01 
 1.221827220360e+00  4.250364099144e+00 -1.687298775665e+00 
-5.292290898883e-01 -1.269714350790e+00 -6.974149995809e-01 
 1.271762519957e+00 -4.257044112116e-01 -2.094168163831e-02 
 5.502082524761e-01 -2.885677810544e-01 -1.397393280390e-02 
-9.594340786349e-02 -2.121295870470e-01  4.557579771913e-02 
 1.304901547086e-01 -1.164931077887e+00  3.317668158891e-01 
-1.520985925883e-01  4.662192491140e-02 -4.034103575685e-01 
orbocc
(*)
 0.000000000000e+00  0.000000000000e+00  0.000000000000e+00 
 0.000000000000e+00  0.000000000000e+00  0.000000000000e+00 
 0.000000000000e+00  0.000000000000e+00  0.000000000000e+00 
 0.000000000000e+00  0.000000000000e+00  0.000000000000e+00 
 0.000000000000e+00  0.000000000000e+00  0.000000000000e+00 
 0.000000000000e+00  0.000000000000e+00  0.000000000000e+00 
 0.000000000000e+00  0.000000000000e+00  0.000000000000e+00 
 0.000000000000e+00  0.000000000000e+00  0.000000000000e+00 
 0.000000000000e+00  0.000000000000e+00  0.000000000000e+00 
 0.000000000000e+00  0.000000000000e+00  0.000000000000e+00 
 0.000000000000e+00  0.000000000000e+00  0.000000000000e+00 
 0.000000000000e+00  0.000000000000e+00  0.000000000000e+00 
 0.000000000000e+00  0.000000000000e+00  0.000000000000e+00 
 0.000000000000e+00  0.000000000000e+00  0.000000000000e+00 
 0.000000000000e+00  0.000000000000e+00  0.000000000000e+00 
 0.000000000000e+00  0.000000000000e+00  0.000000000000e+00 