2mocoef
header
1
MO-coefficients from MOLCAS
1
48   48
a
mocoef
(*)
 4.751508840396e-05 -1.341847759767e-04  9.489394441693e-04 
 2.369861902594e-04 -1.605567718783e-05  5.640057051955e-04 
 3.406225171540e-05  4.598920536708e-04  9.112538608319e-04 
-4.217816696383e-05 -1.457595145181e-04 -2.842769723710e-04 
-8.055426535852e-05 -2.984735781909e-06  1.001055577861e+00 
 5.758436879155e-03 -5.209041070620e-03  2.100792539905e-04 
-6.253185014552e-04  5.291181490076e-05  9.678221415358e-04 
 7.256137154039e-04  9.177147307655e-04  4.049775221521e-04 
 3.656758865053e-04 -4.421801239043e-04  9.851155591559e-05 
-7.365646329924e-04 -2.098816644878e-03  1.409926786879e-03 
 4.149345462470e-04  6.801595400722e-04  3.117739962997e-04 
 5.930400123590e-04 -1.012731164925e-04  2.112382167909e-05 
-5.511771308406e-04  2.798371480767e-04  2.453757800293e-04 
-1.893101392563e-05 -1.392855814051e-04 -6.593683458167e-05 
-2.898495733444e-05 -6.164766820809e-05  3.364688251547e-04 
 8.561560414148e-05 -2.016487035899e-04  4.490753900546e-06 
 1.000969466654e+00  5.035439124879e-03 -3.421720276956e-03 
-2.280145405454e-04  2.436857650562e-03  1.474108364612e-03 
 6.080805699322e-04 -1.350810926339e-03  8.589437524859e-04 
 3.627220435526e-05  2.107959185501e-04  1.387894896628e-03 
 5.322924802302e-04  1.429744450401e-04  3.660765007075e-04 
 2.499841377282e-03 -3.539746601419e-03  2.155364707642e-03 
-2.903692737918e-03 -2.743949139989e-04  7.828995973488e-04 
 2.775857832408e-03  1.260740452063e-03 -1.109730487409e-04 
-6.254832632021e-04 -4.944399689142e-04 -5.987082721481e-05 
 1.471508579507e-04 -1.105391100220e-03 -3.199140898573e-05 
-6.714048951027e-07 -2.817375868444e-04 -8.116037896988e-07 
 3.458021489356e-03 -1.044497070990e-03  5.035115213219e-05 
 1.860374332588e-04  2.093271136035e-04 -1.365396594270e-03 
 5.092252669959e-04 -5.678727453215e-05 -2.583437114123e-04 
-1.966265933730e-04 -3.654629819282e-03  3.435503184410e-03 
-3.405084942762e-04  1.751262004079e-04 -9.336262167428e-04 
-9.060129583018e-03  2.264773315715e-01 -6.887269695196e-02 
-9.084672682626e-03  5.741104130533e-02  5.703981382952e-02 
-8.528553055389e-04 -1.878877198070e-02 -3.880765238825e-02 
 1.488809425525e-03  1.630109071563e-02  8.309101147256e-03 
 1.353126268579e-03 -4.707599636381e-03 -8.813519965314e-03 
 8.370688304546e-01 -1.830441636462e-01 -4.982931910310e-02 
 6.185570573446e-02  3.751047030790e-02 -7.988723176636e-03 
-3.711063714968e-02 -3.864041869384e-02  4.131999144274e-03 
 7.797551010703e-03  2.627703668730e-03  1.621130803129e-03 
-3.365945125670e-03  3.818872151615e-01 -1.888613881113e-01 
-1.836382151800e-02 -3.284799783653e-02 -1.172580278641e-02 
 2.264142768111e-01 -1.246637866281e-01  1.077906383660e-03 
 3.323977353801e-02 -3.992968551046e-03  2.133706024036e-01 
-9.014706489847e-02  2.541758320385e-02  6.725806717426e-04 
-1.146384519176e-02  7.973546852073e-02 -4.344524459454e-02 
 1.220047525092e-03  4.006690999910e-03  7.875611477165e-03 
-8.422964427832e-03  5.678916781490e-01 -9.250703779152e-02 
-5.369549086501e-02  9.232907753018e-02  3.000357612869e-02 
 1.113194858995e-02 -1.680974239058e-02  6.400508021583e-03 
-2.612494902998e-03  8.537682616450e-03  2.051873343114e-02 
 1.487752061430e-04 -1.691389002897e-03  2.276142592508e-03 
-1.150844347190e-01  3.415454735073e-02 -2.607713473714e-01 
-4.289745430440e-01 -3.138242901812e-01  4.316866057519e-02 
 1.444044030585e-01  7.774899460636e-02 -1.850357683582e-03 
 4.420584169810e-04  1.092668608204e-02  1.781945617248e-03 
 5.141752980222e-03 -5.415838660887e-01  2.425079746199e-01 
 1.465195437247e-02  3.294753898331e-02  1.086192418603e-02 
 1.940541554581e-01 -1.119073762169e-01 -6.832318551404e-03 
 1.233068871204e-02 -1.507595539590e-02  1.873169479626e-02 
-2.330207272882e-03 -6.000960301522e-03 -8.739744325049e-03 
-2.912983134712e-03  2.747456010735e-01 -1.178058288235e-01 
 3.373322087885e-03  2.833323033275e-03  1.835882236740e-02 
 7.000900415446e-03 -3.810131789588e-01  6.494382078060e-02 
-3.222829877569e-02 -1.020256932833e-01  3.833610230559e-02 
 2.025658985091e-02  2.623359491131e-02 -1.101548191222e-02 
-5.699702982341e-03 -7.662693588250e-03  3.732852283573e-04 
-1.303975938990e-02  6.435619562743e-03 -9.688424254701e-05 
-1.424779048487e-02  5.593157558644e-03 -4.853574562431e-01 
-2.895518923745e-01  3.597823746883e-01  5.201884161793e-02 
 9.408105436559e-02 -8.048034967312e-03 -2.906844037858e-03 
-1.087409430121e-02 -1.175544552998e-02 -1.400285745563e-02 
 1.062704180468e-02 -2.836425815644e-01  1.143978486300e-01 
-7.826391696589e-03  1.093567079989e-02  1.630150996622e-02 
 3.154409770071e-01 -1.410064934272e-01 -1.536986908486e-02 
 2.748423950964e-02  4.150633772211e-03  4.354103145878e-01 
-1.451529910563e-01  2.798610615069e-02 -1.245278580516e-02 
-1.510911675496e-02 -2.061821095277e-01  9.591676793252e-02 
-6.145727033256e-03 -2.637077547051e-03 -1.419308765904e-02 
 4.908225148466e-03  4.279140647759e-01  1.340126043494e-01 
 5.821444590214e-01 -5.171036183160e-01 -9.737182541986e-02 
 4.829065213259e-02  1.364651495980e-02  8.913101081925e-02 
 1.120937197694e-02 -2.414154167788e-02 -2.603834159673e-03 
 4.795190511992e-03  9.297360303763e-03 -3.324458974971e-03 
-1.997899626295e-01 -1.219901063337e-01  5.592662129394e-02 
 6.270095063249e-02  2.904051209036e-01 -1.291086587894e-02 
 2.041215739396e-02  1.258929235708e-02 -8.099858405682e-03 
 9.549970589627e-03 -4.389631651457e-03 -2.379399127842e-02 
-1.834363499060e-03  9.495580347861e-02 -4.065662326491e-02 
-7.577840876155e-03 -5.695288933552e-03  4.637218898943e-03 
 2.503716797621e-02 -2.216748944010e-02  1.867825748275e-03 
-5.006611269230e-03 -6.968803618392e-03  1.810197279344e-01 
 1.740349023984e-02  7.417885058884e-03  2.835080758630e-03 
 3.545261013232e-03 -2.479335952624e-02 -8.803246259639e-03 
 1.925092641029e-02 -1.485313858395e-02 -3.423180941729e-03 
 1.747809272206e-03 -1.862146654987e-01 -6.998178091327e-02 
 6.982797483416e-01  4.199525278935e-01 -5.189346513100e-02 
 2.809361454484e-02 -1.836609915941e-02 -1.121303470040e-01 
 9.384969077491e-03  2.222876779845e-02 -2.520264465348e-03 
 8.815170098151e-03 -1.388812994129e-02 -9.156900583924e-04 
 9.115080900972e-02  9.612386581842e-02 -1.733667726759e-01 
-9.365008035006e-03 -3.007449808980e-01  3.154304693284e-03 
 1.239327298267e-03  5.601491282170e-03 -1.427988853764e-02 
-4.473370676837e-03  1.692119890242e-02 -2.141356621224e-02 
 1.273378928879e-02 -2.261636602937e-01  5.705640365697e-02 
-4.535546424733e-03  6.613039353463e-03 -1.284739617928e-03 
-1.700133369181e-01  5.391032069374e-02  2.815945246461e-03 
 8.716340714638e-04  1.025489670377e-02  2.238421031443e-01 
 5.474230125309e-03  6.123445710147e-03  3.758156145357e-04 
-3.795997488987e-03 -1.795800491320e-01  7.028688514131e-02 
 1.863261122887e-02  1.421407295559e-02 -1.646453722029e-02 
-2.318989052976e-03  1.797381950839e-01  1.351319508594e-02 
-1.306642484600e-01  5.198777138821e-02 -2.410323080315e-01 
 4.568840784723e-02 -2.622519750600e-03  1.008758944035e-01 
-6.943216094992e-03 -4.716866540251e-03 -1.329775095969e-02 
-1.095098360772e-02 -3.158740342219e-03 -4.512187019530e-03 
-2.127720990783e-01  3.949323212001e-02 -4.453485648699e-01 
 5.025806622836e-01  5.104511661182e-02 -1.036817466833e-02 
-9.665640220843e-02 -1.720365707383e-02 -2.125645335469e-03 
 3.654982128365e-03  2.349055554770e-03 -4.279366402683e-03 
 1.714999113208e-02  1.200285506283e-01 -5.289491985703e-02 
-2.109544896218e-02  1.618707317718e-03 -1.788275113269e-03 
-4.567090661477e-01  1.947580563432e-01 -1.586376814211e-02 
-2.941480937661e-02  1.489184664354e-02  3.335548483203e-01 
-9.701703759120e-02  1.793786377645e-02  7.418387976987e-03 
-1.086841934885e-02  3.145561667611e-01 -1.206000450641e-01 
 4.714312474595e-03 -2.028178933456e-03  2.174027422349e-02 
-3.356048716434e-03 -1.071689348999e-01 -9.800860186308e-02 
 3.895872077444e-02  3.495403101530e-01 -5.914396458064e-01 
 2.316685528286e-02  5.834240157808e-02  6.475044860628e-02 
-2.723320662173e-03 -1.728332656809e-02 -1.567325832637e-03 
 1.561323319741e-02  1.271968016228e-03  6.728926605079e-04 
 3.359339596509e-02  5.599748466192e-02  2.194077644045e-01 
-2.613067287083e-01  3.781736904476e-01  1.398937514459e-02 
 1.214315771059e-03 -2.252104087850e-02 -4.117792922453e-03 
-2.104132079065e-02  3.551313365911e-04 -7.863317367594e-03 
-6.295543071938e-04 -4.857292566253e-02 -1.181795225820e-02 
 5.000369709024e-03 -1.090984549101e-02  5.880229768608e-03 
 2.225542013291e-01 -6.344407765290e-02  1.057837404414e-02 
 2.578668727055e-02  2.446181017630e-02 -3.106390695156e-03 
-2.573055561609e-03  3.697208323671e-03 -7.530404322517e-03 
 6.254432451538e-03  5.567633705426e-01 -2.177736735695e-01 
 1.468657237224e-02  6.658646071350e-03  2.213804344326e-02 
 2.825037236718e-03 -6.938648933259e-03  3.065358448767e-02 
 1.188998574584e-01 -1.034080957698e-01 -8.916474398305e-02 
 8.546253169195e-02 -3.983543359269e-02  3.737493287972e-02 
-2.577668510667e-03  1.375995982005e-04  1.176755198064e-02 
-7.476702765994e-03 -4.484366800892e-03 -1.362147471830e-02 
 2.517298789967e-01  5.779180539646e-01 -4.456141761736e-01 
 6.678200863016e-02  1.629057029110e-01 -2.455639590350e-01 
 6.249236215303e-02  1.319240311378e-01  6.982680362886e-03 
 3.130938371626e-03 -8.073798632045e-03  5.043998571274e-03 
-2.016172607687e-02  1.001787216564e-02 -2.047848869301e-01 
-7.554001701613e-03  1.079834554747e-02  3.099559759779e-03 
 7.890282456507e-02 -1.723571395080e-01 -2.828094409567e-03 
-2.341949770956e-03 -1.781918522179e-04 -4.482261943694e-01 
-7.830425158741e-01  5.551463563292e-03  9.130363921425e-04 
-7.922419617445e-03  6.973895006075e-02  6.823738486255e-03 
 8.864308519733e-03 -6.576546712393e-03 -4.056304291210e-03 
-5.283465046102e-04 -9.445801975918e-03  1.257829063318e-01 
-5.234162597818e-02 -1.908448560087e-01 -1.854501500279e-03 
-1.751290066705e-02 -1.605305085848e-01  2.610740270512e-01 
 5.567079496584e-03  2.059835007245e-02  1.067281702468e-02 
 1.154021122387e-02  1.300982074091e-02 -1.777995390593e-02 
 2.666359849267e-01  8.798367273333e-01  2.784994277890e-01 
-1.063416886995e-01  1.617026249207e-03  2.467168331443e-01 
-1.624127690842e-02  1.562057711152e-01 -1.011725610643e-03 
 1.395550309846e-02 -4.747292320278e-03 -9.218326147137e-03 
 1.425928650096e-02 -2.403908773117e-01 -8.957520419713e-01 
 1.214018220013e-02  4.168707636483e-03  4.979474077556e-03 
-3.864631502278e-01 -1.040223642043e+00  5.162497311374e-03 
-2.644128792357e-03 -1.724346542148e-03  3.199487431120e-01 
 4.829971199990e-01 -4.203522342151e-03  1.817017878906e-03 
-4.624379787959e-03  1.062522605870e-01  1.660553858835e-01 
-4.322977530093e-03 -1.362943447945e-02 -9.819307181836e-04 
 2.315066935283e-02 -3.251719410874e-01 -9.340172081836e-01 
 5.324342683482e-02 -1.729175512414e-01 -1.129817603680e-01 
 5.441535889488e-02 -1.300812074466e-01  1.392025003391e-02 
 3.759934188529e-03 -5.476208987031e-04  3.519573866285e-03 
 2.813378870537e-03 -2.760016582665e-03  3.449982811543e-03 
 1.308303228014e-01  1.568220290515e-01  4.103398786827e-02 
 2.959802789228e-01 -3.039981695128e-01  8.838852692343e-02 
 4.165202735513e-01 -2.619520321341e-01 -2.558762742031e-03 
-1.258231752897e-02 -2.038759055160e-02 -3.750622349571e-03 
-5.790757052385e-03 -8.957644136143e-02 -9.131815272413e-01 
 2.506643643504e-03  1.130665704428e-02 -2.023945981355e-02 
 2.718933922787e-01  1.052891090734e+00 -2.205487758329e-03 
 6.540001653304e-03  7.301049796577e-03  2.721108974837e-02 
 9.228820515904e-02 -3.654774336268e-03 -1.316402517864e-02 
-1.011784981999e-02  1.970584399749e-01  6.927956277203e-01 
 3.019677174862e-03 -1.040977137117e-02 -1.497389618141e-03 
 2.147800704788e-02 -2.501699569513e-01 -9.841796955407e-01 
 6.115880313347e-02 -2.360292047938e-01  8.124008454341e-02 
 1.694948706991e-01 -2.500722980722e-01  4.293133386241e-01 
 5.704357817270e-03  9.762453811471e-03  1.446952452428e-02 
 5.562668553936e-05  3.160220242786e-03  1.253525405074e-02 
 7.091270759462e-02 -2.270635120516e-01 -1.119438943399e-01 
-2.546748202426e-01 -2.231657321439e-01 -1.599140285015e-01 
-3.465894471498e-01 -1.726798855207e-01 -3.349965274247e-03 
-1.881978946567e-03 -1.893732123925e-02 -5.779125160298e-03 
-4.051683893846e-03  6.375256551818e-02  1.173869777434e+00 
-5.126789411498e-03 -1.410859599438e-03 -1.235111981587e-02 
 4.467854047320e-02 -9.117458020290e-01  3.543969192513e-03 
-4.195735769912e-03 -7.232450481233e-03  6.516211859502e-04 
-2.826693197294e-03 -1.569627141870e-03  1.149549549141e-02 
-5.077076927045e-03  2.185658875653e-01  1.305779098393e+00 
 2.894563722014e-03 -1.157835353296e-02  2.998397027992e-03 
 2.118502012379e-02 -5.389112343348e-02 -1.320293697067e-01 
-1.124404254863e-01 -2.142374446830e-01 -4.907111380276e-01 
-2.747527447015e-01 -4.699969229285e-01 -1.465578420644e+00 
 2.703789163048e-03 -1.085709333798e-02  2.041259544566e-02 
 1.896982136062e-02  4.908981279069e-03 -1.821445914185e-02 
 1.307532573541e-01  6.773715251052e-01 -4.385455822837e-02 
-9.917933253616e-02 -4.085034738043e-01 -9.622306884738e-02 
-3.703848437297e-01 -7.056700847144e-01 -7.474374507290e-04 
-2.434344197892e-02 -1.634975224560e-02 -3.679959780971e-03 
-4.720136673132e-03 -5.554653860184e-02  6.985037303130e-01 
-2.216699263943e-03  2.464329416215e-03 -1.986032024494e-02 
 9.905500996419e-02  2.448665932223e-01 -3.027373714442e-03 
-8.257876425736e-03  6.702317886457e-03  4.692300355368e-02 
 7.096822836089e-02 -6.712706129835e-04  2.237410003341e-03 
-1.995626294941e-03  3.771227083912e-01 -2.065521523258e+00 
 2.236140176041e-03 -2.871184834809e-02 -1.397163607383e-02 
-7.079559529843e-03 -1.139738767409e-02  3.125157313482e-01 
 2.833061550676e-01  9.512428978840e-03 -1.244139249047e-01 
-1.106767752214e-01  3.023080933415e-02  3.245426355843e-01 
-1.613214008604e-02 -6.718489146580e-02  8.467747871337e-02 
-1.993775598116e-02 -4.998869726972e-03  5.291982401626e-02 
 1.098267345111e-01 -3.822096386615e-01 -3.247828632002e-02 
 2.975206552005e-02  1.013201184089e-01  3.201963247323e-02 
 8.105798955261e-02 -1.340687214958e-01  4.238317097355e-02 
 1.530746447623e-03 -4.519631989757e-02  4.035833162829e-02 
-1.230217660071e-01  7.886997288460e-01 -9.894223869540e-01 
-9.748501250277e-03  8.921756711974e-02  2.018770216421e-02 
 1.216938744877e+00 -1.645052816181e+00 -2.639840781147e-02 
-7.808974505321e-02 -4.586216839320e-03 -1.186130388152e+00 
 1.886277619688e+00  1.213228253354e-02 -6.518443575734e-03 
-2.545370680862e-02  9.477411024557e-02 -8.533016790922e-02 
 1.716140497921e-02  1.025318784587e-02 -2.915750655646e-02 
-2.046825330318e-01 -8.893380177448e-01  1.470203757493e+00 
-1.153070190931e-01 -6.685798063313e-01 -6.440579000201e-01 
 2.188549595231e-01  9.420069776346e-01  1.710633590264e+00 
 1.349263982755e-02 -4.183339563756e-02  1.587681438889e-02 
 2.833271462769e-02 -2.327046574639e-03 -2.343244809637e-02 
-2.025505815584e-01 -4.740260067534e-01  2.261468167368e-01 
 2.498167998024e-02  6.283353912893e-02 -8.110243703286e-02 
 3.784951817586e-01  2.176973556228e-01 -2.160076041756e-02 
-8.095916024713e-02 -1.097626319473e-01 -6.250228033000e-02 
 1.000648583813e-02 -2.611256584232e-01  1.626641448187e-01 
 1.862342404149e-02 -1.283910265517e-02 -1.112790493205e-01 
 8.618169292049e-01 -1.159054963881e+00  3.894551749264e-03 
-4.963542914837e-02  4.338807241978e-02  9.170716966590e-01 
-1.032620529092e+00 -5.949115700485e-02 -1.748561874556e-02 
-5.352263785116e-02  2.752528684829e-02  4.358225337032e-01 
-8.155735139804e-03 -4.504659404494e-03  2.438276158645e-02 
 1.818589403862e-01  8.022570124066e-01 -9.966426668279e-01 
-8.543313131020e-02  3.151603232883e-01  3.744064519203e-01 
 2.894684752688e-01 -2.197107208872e-01  1.100679808069e-01 
 2.742016543650e-03 -8.145612048611e-02  1.094720512706e-01 
 7.677459221123e-02  1.008129929621e-02 -6.170127346176e-02 
-5.149537646604e-01  5.124142157604e-01  2.416702981084e-01 
 1.498705720253e-01 -2.749803950905e-01 -4.029864547189e-01 
-2.376855537672e-01  3.663625331739e-01  4.787316350460e-02 
 8.350027914017e-02 -2.943490796821e-02 -4.144540850848e-02 
-5.542926392392e-02  7.630081319609e-01 -5.354958881957e-01 
 5.502418781801e-02  1.092060660665e-01  3.541890988490e-02 
 2.491957947326e-01 -2.721535321176e-01 -1.297614785084e-02 
-1.373836325861e-01 -7.621375409021e-02  9.985256127399e-01 
-1.149333604153e+00 -9.218433605078e-02  2.311728803941e-02 
 8.957707078864e-02  9.695540978856e-01 -4.917016455433e-01 
-2.314330555425e-02  3.769774450989e-02 -6.576325238077e-02 
 2.876129205249e-02  1.057481404658e-01 -6.915189906578e-02 
-1.209664259124e+00 -5.536659858940e-01  4.122031427719e-01 
 1.590864885007e+00  7.260958003913e-01 -4.395380087808e-01 
-2.883960602346e-02 -4.394952129253e-03  4.674835720279e-02 
-1.541202319551e-02 -6.606271224000e-03  1.323564109447e-02 
 1.036166372508e-01 -1.677820513516e-01 -9.458319608296e-02 
 1.337087265825e-01 -4.930445431470e-02 -6.162135128893e-02 
-1.206907076975e-01  2.136266280966e-01 -7.050796174718e-03 
-1.242520159999e-02 -3.185778459243e-03  3.285627646624e-02 
-1.377139079284e-02 -1.418690865429e-01 -1.201066696490e-01 
-5.085498832296e-02 -2.207672599423e-02 -3.149245904741e-02 
 2.192006335171e-02 -1.244392523074e-02  3.435611972153e-02 
-2.078583138157e-02 -3.822066871839e-02 -5.466586166526e-01 
 7.602423319726e-01  2.095340473724e-02  5.226054383669e-02 
 4.933404987594e-02  1.825953225220e-01 -1.533569319751e-01 
-3.443876842520e-02 -8.375602103565e-03 -1.383635241040e-02 
 1.059065046148e-01  4.472715604350e-01 -2.127364395132e-01 
 6.765313171969e-01 -9.446705830961e-01  2.077374234312e-01 
-7.626335666404e-01  1.338481339802e+00  2.061418048693e-01 
-6.339274137419e-03  2.272417161951e-02  1.477119727319e-01 
 9.429462241172e-02  2.087545869669e-02  6.259760746379e-02 
 3.164424758197e-01 -7.598295193090e-01 -2.923928068969e-01 
 1.132532136156e-01 -1.853355108289e-01  4.479253405713e-01 
-1.029513112665e-01  5.494915563548e-01 -3.376508750469e-02 
 9.407237066610e-03  4.890021465460e-03 -8.204921160709e-04 
 2.740729714616e-02 -1.954798406025e-01  4.428306719878e-02 
-4.868525300229e-02 -3.533347615214e-02 -1.045280016016e-02 
-5.582848563929e-01  7.231686849912e-01  2.008370793591e-03 
 3.146503913129e-02 -6.768178824871e-02 -3.269854144649e-01 
 2.187527843751e-01  4.510187332493e-02  1.093003526663e-02 
-4.434196499728e-02  8.079804777501e-01 -7.316752997360e-01 
-3.280898099870e-02  4.576426216199e-03 -1.228122444600e-01 
-8.483531009160e-02 -4.646171297286e-01  5.878441165202e-01 
-2.202275867034e-01  6.085564172688e-01 -4.568923404844e-01 
 5.890332306908e-01 -6.429615533382e-01  2.385992537404e+00 
-4.290636536955e-02 -1.791023379872e-02  8.211736707478e-02 
 1.129609397993e-01  3.833267614058e-02  9.602329306641e-02 
 4.126583387833e-01 -1.345065095707e+00 -4.758666552993e-01 
-4.158536181646e-02  2.340217497423e-01  7.734522817423e-01 
 5.628433648979e-01  1.862042600938e-01 -7.212065579108e-02 
-1.925674540366e-03 -2.374434591715e-02  2.395325984837e-03 
 5.251589246379e-02 -3.967263052661e-01  3.578655672780e-02 
-1.306296695178e-01 -4.123460967894e-02  3.138909544005e-02 
-1.735852222085e-01 -4.867786990963e-01  8.566264853941e-02 
 5.007553983412e-02 -4.943074899427e-02 -2.717994182811e-01 
 6.403595414438e-01  1.043621654238e-01  1.015645078599e-01 
-1.019790270400e-01  1.114605033190e+00  2.313600233158e-01 
-6.374303354507e-02  6.130883094591e-02 -7.668975503160e-03 
-1.355232449709e-01 -6.901789766084e-01  1.047830183886e+00 
-1.728512349800e-01 -2.247735938696e-01 -9.001812847968e-02 
 2.698986966526e-01  4.132290202852e-01  2.539201723925e-01 
-1.889635494243e-02  1.962347923568e-02  1.425205011971e-01 
-6.688287965751e-02  5.855123625665e-02  9.408755525110e-02 
 3.085340811439e-01 -8.369519415416e-01 -1.199012094490e-01 
-8.621726242774e-01  7.719720607993e-02  2.210101683177e-01 
 1.305656580736e+00  3.457626322586e-03  1.024091580512e-01 
 1.064856128405e-01 -6.465822587093e-02  3.902055014408e-02 
 6.545962175388e-02  8.830115520841e-01 -1.381184743949e+00 
 1.864933664984e-01  1.865842194460e-01  8.129716150930e-02 
-5.380087441555e-01  1.248939160714e+00 -9.559932735381e-02 
 2.626199604293e-01 -1.075347885453e-01  1.987375106883e-01 
-1.426972277379e-01 -4.209693979657e-02 -1.467896766981e-01 
-1.040055984652e-01  1.944051927879e-02 -1.595808445229e-01 
 4.638074755785e-03  2.968396156973e-02 -4.977341880825e-02 
 1.261787469676e-01  6.241026899694e-01 -1.445947305938e+00 
-1.790708797553e-01  1.562325337418e-02 -5.183831185142e-01 
 2.897412876617e-01 -2.599593294998e-02  1.034926030430e+00 
 1.447207199916e-02  6.148693329879e-02 -1.135599906166e-01 
-2.264619530362e-01  5.504454598429e-02  1.292213838554e-02 
 5.758650070168e-02 -1.593139503981e-01 -5.907668926148e-01 
 5.636238660099e-01 -1.904597185395e-01  7.617700482276e-01 
-1.491144624331e+00 -4.655228653964e-02  1.144725650304e-01 
-1.587577163577e-02 -4.201573296704e-02  2.529498618079e-02 
 2.678425764069e-02  6.959343833261e-01 -9.023481086523e-02 
 1.381735841533e-01 -2.160595758822e-02 -4.737424660781e-02 
-4.681013289304e-01 -5.408014606221e-01 -2.576861008252e-01 
-6.815084718621e-02  8.819030471416e-02  8.862894183848e-02 
 3.732537470363e-01  3.207307718111e-02 -2.491303366426e-01 
-1.030689363126e-01  3.166951899818e-02  9.722547292410e-01 
 6.804087356434e-02 -2.016010622785e-02  1.785394297457e-01 
 1.546927602107e-01  7.197076920920e-01 -2.639423317969e-01 
-8.848874220868e-02 -8.046363052531e-02 -6.042797301428e-01 
 3.279603514731e-01  3.799164048533e-01  1.838948985074e+00 
-1.847687409618e-03  1.979626924725e-01  1.657623912495e-03 
 5.615008941702e-02 -6.655518798611e-02 -2.909820698303e-02 
-1.758736320029e-01  1.501179603546e-01 -1.460190892232e-01 
-3.084444425093e-01 -9.802155231974e-01  2.463122390238e-01 
 1.027142867231e+00  1.995620118254e+00 -1.443532677596e-02 
 2.229509887156e-02 -1.414284822622e-02  2.193139811260e-02 
-7.394441882945e-02 -2.885319588765e-01 -7.804217778176e-01 
-1.449808532140e-02  2.114734669182e-01  1.285957966601e-01 
 1.052819533371e-01 -3.742677357503e-01  1.458454722858e-01 
-5.482354834584e-02 -7.693480591449e-03 -2.848233015992e-01 
 4.571601128173e-02 -3.244255322304e-02  1.387450521398e-01 
 1.181957097554e-01 -5.117468110136e-01  1.485529884980e+00 
 2.026967217903e-02 -4.575444975770e-03  1.480086344386e-01 
 5.656044780794e-01  2.580175129728e+00 -4.561969409850e+00 
-7.026009288913e-02 -1.372028583608e-01 -3.952977643762e-01 
 3.900161165000e-01 -9.366875023527e-02  7.775422514051e-01 
-3.596712451162e-02 -2.826788208160e-02 -9.837009940878e-02 
-6.749228226079e-02 -1.840196560227e-02  9.804743168100e-02 
 5.316905066598e-01 -8.522613508135e-01  5.480509967321e-01 
-2.326660340394e-01  4.680426241175e-01 -1.007148749640e+00 
 7.143032946211e-02 -1.102364570023e+00 -5.616921545391e-02 
 4.180397195317e-02  5.063310865395e-02  1.095212645674e-02 
 5.587216279838e-02  2.016472369449e-01  4.469029739586e-01 
-5.616775307751e-02 -1.001440875506e-01 -6.582487772406e-02 
-3.223444034284e-01  9.834868034773e-01  8.250992600329e-02 
 1.504588872676e-01 -5.074530786261e-02 -1.271967985428e-01 
-1.353852129997e-01 -4.507871459371e-02  5.214982633087e-02 
-1.537721215222e-02  1.536617987034e-01  1.332625701461e+00 
 1.230396081759e-01 -3.882944824989e-02  1.886865875763e-01 
-2.851116920046e-01 -1.318460088019e+00  2.111502939912e+00 
 2.947798934524e-02  1.105451280980e-01 -3.288539459345e-01 
 3.211526250817e-01  1.578637272059e-01  1.086437754934e+00 
-1.012392757485e-01  5.519993385524e-02  1.665791949235e-01 
-1.233422383455e-01 -1.286762061588e-03  1.197191995639e-01 
 6.414842417975e-01 -1.384030898872e+00  7.648258188158e-01 
 2.004747970046e-01 -5.453171194177e-01 -1.397121558003e+00 
-5.998647808653e-01  1.259363252994e+00 -4.239139597966e-02 
-4.602014499810e-02 -3.372526949520e-02  6.112240295810e-02 
 9.113537380738e-02  1.115991992302e-01  6.157830847299e-01 
 2.667559060994e-02 -2.358800172795e-01  9.598478675020e-03 
-7.236553292709e-01 -5.252666561168e-02 -5.962978036779e-03 
-6.587157492996e-02 -8.616747280869e-02 -5.570169788886e-01 
-1.355405726816e-01 -1.652911099085e-01  1.238674917964e-03 
-6.091204739320e-02  1.657716708443e-01  1.512717697809e-02 
 1.081183876398e-01  1.115210285687e-01 -7.755834588498e-02 
 1.980072769417e-03  1.428810402961e-02 -5.747628735151e-01 
 6.300866930800e-02 -7.386384365353e-02  6.713301280105e-02 
-3.789074819990e-01 -6.690620238837e-02 -1.297733659491e+00 
-2.971994930173e-01 -1.194980764643e-02 -5.463785484584e-02 
-1.352457070616e-01  1.270627575736e-01 -2.017016773454e-01 
-8.567548370412e-01  1.949592834201e+00 -3.087772944145e-01 
 1.629506052511e-01  2.225084098403e-01  2.626921400997e-01 
-8.443669260035e-01 -7.391697544257e-01 -9.675199496233e-02 
 8.013647381778e-02 -1.730680703193e-01  1.881547476322e-01 
 1.810492037134e-02  3.241421715739e-01 -1.935581962990e-01 
 8.407635052365e-02  7.143661524052e-02  1.122101412223e-01 
-3.415712048707e-01  3.329268697079e-01  3.744494850737e-01 
-1.900563622210e-01 -3.696143577561e-02  1.601242338823e-01 
-4.388832536913e-02 -2.563300087818e-01  2.932841856699e-01 
-3.505995822525e-01 -3.398813343376e-01 -3.459664104801e-01 
 7.548978721697e-02 -6.568685008582e-02  1.441723664718e-02 
 6.798901137983e-02  2.865335781440e-01 -4.126187359708e-01 
 1.226198217315e-02  5.117332554195e-02  8.078209648259e-02 
 4.160696769547e-01 -1.849517498131e-01  1.211653723489e+00 
-1.785753862729e-01  2.292270335887e-01 -9.649958290375e-02 
-7.922127646610e-02 -6.175287900493e-02 -3.807957760046e-01 
-1.706146186962e+00  2.475877174000e+00  2.875096297215e-01 
-1.476345817004e-01  1.257858403835e-01 -3.830457231452e-01 
 8.560621765044e-01  4.911432435905e-01  6.071028852551e-02 
-1.332624559455e-01  5.917558315581e-02  1.199847632696e-01 
 3.609937484738e-03 -9.079568277114e-01 -1.264331438851e-01 
 2.348989592945e-01  8.274874533954e-02  3.599282386439e-02 
-5.990075275356e-02 -5.478063544987e-01 -8.833866028231e-02 
-4.429515289420e-02  3.188735169864e-01 -7.148467582886e-01 
 3.502329493321e-01 -1.192758707066e-01 -1.775750177130e-01 
-3.808596590480e-02  1.189770241717e+00 -6.377527704800e-02 
 2.550120556809e-03 -1.831449289866e-01 -1.056927722469e-01 
-1.034896043220e-01 -4.289631696941e-01  3.902848143711e-01 
 3.404095034536e-02 -5.548085207134e-02 -7.172770692552e-02 
 2.034265708982e-01  1.483488593526e-01 -1.391154554866e-01 
-2.323094688484e-01  2.042671985935e-01 -2.123127622242e-01 
 3.556950088272e-01  4.218695433143e-01  1.099310005475e-01 
 4.620064273538e-01 -9.201423748323e-01  2.967360836657e-01 
 1.185407599302e-01 -7.128961611828e-02 -8.095925929972e-01 
-8.299477335281e-01 -1.558666353805e-01 -3.314627169462e-02 
 2.918932555586e-02 -7.128520685885e-03 -6.294370644626e-02 
-1.635334294125e-02  9.595605265497e-01 -2.922437896366e-02 
-1.269032344534e-01  9.067794985590e-02 -4.519495786026e-02 
-3.444432676946e-01  2.261453993640e-01  1.149315716272e-01 
 8.699218045608e-02  1.895678683755e-01 -1.491748455296e-01 
-4.424880704610e-02 -1.080892528403e-02 -1.567471938535e-01 
-7.076289821483e-03 -3.828804106701e-02 -1.024715144222e-01 
-3.113609953740e-01 -5.043827357256e-02  8.718872582935e-02 
-3.341243111822e-02 -1.502730160010e-01  9.792104080441e-02 
-7.127306951837e-02  6.420483800164e-02 -6.525082214810e-02 
 8.036214627529e-02  1.192620350604e-01  2.448334696602e-01 
 5.422945077295e-01  1.368563356996e-01  1.080375424927e-01 
-1.848106342480e-01  5.093421216134e-01 -1.032106285164e-01 
-4.998814474501e-01  5.178226723117e-01  2.285314188400e-01 
-2.352796667362e-02  4.780542154871e-02 -1.609850377341e-01 
 4.178495039250e-02  2.366908692526e-02 -1.608943015743e-02 
 7.358797800005e-02 -4.641965491301e-02 -6.665457944464e-02 
 7.913753806429e-03 -1.033094598617e-01 -4.020904558296e-02 
-1.790053990702e-01  3.168077135028e-02  1.242421216498e-01 
-8.689899047631e-02  9.246972337039e-02 -1.088677803027e-01 
-7.122535192870e-02  9.998944777879e-03 -1.364333761956e-01 
-1.256802582510e-02  6.223569481827e-02  1.737020918651e-01 
-1.140174029242e-01  9.921108195383e-02  4.173561771536e-02 
 9.231659006753e-02 -3.094702627651e-01 -5.316365561729e-02 
 6.333429167873e-02  2.897742008472e-01 -2.933634842540e-01 
 7.443257723816e-02  1.054693793079e-01  9.535058602029e-02 
-2.623907452966e-01 -3.505192653980e-01 -1.358979733123e-01 
-2.326362626735e-01 -2.223333646300e-01  6.827028569541e-02 
-3.119261539085e-01  4.469010994714e-01 -1.685751675757e-01 
-6.638435569930e-01  1.334044895660e+00  2.742069180406e-02 
-3.051012236396e-02 -1.519043907985e-01  1.960104073141e-01 
 2.420570421247e-01  2.887019900067e-01 -2.073819980207e-02 
-1.634301527411e-02 -5.655029569633e-02 -4.569499274975e-03 
-1.817841330433e-02 -5.878960160051e-01  9.367424844479e-02 
-1.104254711765e-01  2.860993648795e-01 -4.837869159234e-01 
-2.398842210305e-01  6.445821757134e-02  5.571059069902e-02 
 1.671905750076e-01  8.131741460762e-02 -1.409438768695e-01 
 5.591130516690e-02  1.367594660812e-01 -9.692151734181e-03 
 2.183297355298e-01  8.481836077994e-03 -3.816201756045e-02 
 1.725214122563e-01  2.485601265206e-01 -4.042327659127e-02 
-2.137009380875e-03 -2.719926816623e-02  2.026460165460e-01 
 1.182876344465e-01  3.681760785188e-02 -5.107160417383e-02 
-1.875275827228e-01  1.854833297123e-01  6.422213246760e-02 
-4.873597103860e-01  2.515263577733e-01  2.161703540574e-01 
-1.017634205378e-01  2.094522799585e-01  9.817397745303e-02 
 3.827000315254e-01 -9.321841852084e-01 -1.479499706176e-01 
-1.110439839828e-01  2.041621165139e-01  3.803745712452e-01 
 6.539091561029e-01 -2.338686928963e-01  8.358604665443e-02 
 5.705581132799e-02  9.289127576816e-03 -9.022400261521e-03 
 1.567185272026e-02 -3.171031012686e-01  8.986179058769e-02 
 1.865496858155e-01 -3.049023488867e-01  4.423782334783e-02 
 6.766867726089e-01 -1.775752001078e-03 -1.970365841432e-01 
-9.589420780937e-02 -2.632003549742e-01  4.126573867281e-01 
-2.836162668835e-01  2.252766453497e-01  2.015461465634e-01 
 3.834262942343e-01 -2.609997871287e-01  1.234850217536e-01 
-9.920524517898e-02 -2.691269631633e-01  2.852047246434e-02 
 2.070733591566e-01  8.808516997721e-01 -1.088754098013e+00 
 3.978658498594e-02 -4.878653252785e-03  2.122341212817e-01 
 9.111195045085e-02 -3.099679089452e-01 -8.787249426264e-01 
 2.122215330460e-02 -2.405044783742e-01 -6.157172812022e-02 
 9.385224642729e-02  1.928618504576e-01 -9.976806190466e-02 
-3.724725477379e-01  1.274090956280e+00  1.659401348819e-01 
-2.144281059367e-01 -3.028523629271e-01 -1.106535202837e-01 
 6.917171052172e-01  2.611391992878e-01  6.707240655345e-02 
 5.205822231386e-02 -9.427539047878e-02 -1.702541147403e-02 
 7.269896749147e-02 -8.011473451825e-01  1.074660062174e-01 
 2.705188726697e-01 -1.193557356502e-01  3.406825784746e-02 
 3.536902278426e-01  6.635573598803e-02 -4.227244719297e-01 
-7.197178289335e-02  6.095971632180e-04 -4.557406060825e-01 
 3.784967085636e-01  3.582117177912e-02  3.030879372652e-01 
-3.920459515577e-01 -2.773009048137e-01 -1.165278655192e-02 
-3.284320560764e-01  3.095557726165e-01  1.674344530324e-01 
 3.419551816465e-02  1.974916060699e-01  5.689044957570e-01 
 8.067234869633e-02  6.556769225145e-02  1.304273411597e-01 
 2.639789731316e-01  1.712893762278e-01  1.183480105710e+00 
 2.929104765657e-01  2.031928685520e-01 -4.443733180658e-02 
-1.917559757408e-01  1.638843746024e-01  4.239314250115e-01 
 1.820993554731e+00 -3.261099723398e+00 -3.639244935715e-01 
-8.764486315115e-02 -8.860004242246e-02  5.699790548971e-02 
 6.088077981830e-01  7.031396308774e-01  6.518596717207e-02 
-1.473051457130e-01  1.359866633604e-01  1.211957209261e-01 
-2.428907826038e-02  2.200476482046e-01  1.601637018513e-02 
 3.085547831904e-01 -1.743659331990e-01 -2.058970659300e-01 
 5.852247459944e-01 -3.346432576307e-01  2.091633129901e-01 
 1.581932010262e-01  2.721759303414e-01  3.803404485196e-01 
-4.635229369896e-01 -3.765039531837e-01  2.813994965073e-01 
 1.269871690322e-01  6.559390164690e-01  3.972279684684e-02 
-1.620105621903e-01  1.462478242255e-01 -8.886721972824e-02 
 4.602521549565e-02  1.866791102308e-01  1.946791181770e-01 
 1.557270959687e-01  2.452799919513e-01  6.038837273916e-02 
 1.038867971540e-01 -3.737381606436e-02 -1.016093034908e-01 
 1.528133474754e-01 -2.303836381875e-01  2.666735333755e-01 
 5.289461152558e-02  5.248701422047e-02 -2.215298745213e-01 
-8.226206442395e-01  1.373569819119e+00 -1.068005964048e-01 
 7.842328884929e-02 -3.886523191274e-02 -1.550518907450e-01 
 6.995373080520e-01  9.312250296232e-01 -1.396293045158e-02 
-8.848408973166e-02 -1.574219772516e-02  2.228910783104e-01 
-1.013100082095e-01 -1.108012341961e+00  3.201467240436e-01 
 2.728934262678e-02 -4.991492775787e-02 -2.792626959607e-01 
-1.077417997269e-01  2.318821777471e-01  2.151926413474e-02 
 1.029826896861e-01 -4.809575229284e-01 -4.399540804871e-01 
-9.554150155450e-02 -5.170894681631e-01 -3.424886513123e-01 
 5.741648362983e-02 -4.668107658174e-01  2.920977019088e-01 
-4.042088505841e-01 -3.192474203881e-01  1.879434818817e-01 
-9.246031609867e-02 -2.925642033447e-01  1.232896976584e+00 
-3.246815788330e-02  2.685822626339e-01  2.114288134649e-01 
 2.734005119033e-01  2.615397111475e-01  6.077791678381e-01 
 1.124645433183e-01 -3.799571868836e-02  2.015732456686e-01 
 3.826866375108e-01 -1.009973792980e-01  1.368129557440e-01 
 4.204993900614e-01 -1.518660240688e+00  1.119430022669e-01 
 1.150223828289e-01 -1.632349965779e-01 -5.904122890196e-01 
 3.972047807376e-02  1.080798504746e+00  3.357410941897e-02 
-1.289565726112e-02 -1.197677541914e-03 -1.286690738388e-01 
 2.777324734193e-02  2.915930152313e-01 -2.046419825734e-01 
 6.213976723084e-01 -1.279231886561e-02 -5.452556930346e-01 
-9.391661465444e-02 -1.859289142355e-01  4.199137512237e-01 
 4.182863167548e-02 -8.230392189468e-03 -4.848495349177e-01 
 4.044440836844e-01  3.586680644620e-01  6.910250321830e-02 
-2.200835743985e-01 -3.077219234793e-01  3.924482951354e-01 
 1.907457939475e-01 -3.863790453821e-01 -2.069669432088e-02 
-1.158299799363e-01 -3.817598532360e-01  1.538911133324e+00 
 2.290746869225e-02  2.475427923683e-01  1.954628071795e-01 
 1.285793298261e-02  4.302093147358e-01  8.322025149972e-01 
-1.979248741857e-01  3.505693612255e-01  1.956926025447e-01 
-6.743215917425e-02 -3.947798225987e-01  1.591142594816e-01 
 5.382401938873e-01 -2.002544377591e+00  7.161330850652e-03 
 7.609873158398e-02 -6.807498800146e-02  6.969482971765e-01 
-2.091402435111e-01  1.095842322231e+00  1.034583849270e-01 
 1.548875527031e-02 -5.485936956368e-02 -6.062947714719e-02 
-2.819225475296e-02  1.913138027398e-01 -1.060874337240e-01 
-4.924987910368e-01  2.195955980527e-01 -4.924565996343e-01 
-7.950644137831e-02 -1.669460687782e-01 -4.259954823618e-01 
 2.673336206500e-01  9.010659500794e-02  4.505819905967e-01 
-2.827569799134e-01 -1.648779217376e-01  3.959954062837e-01 
-3.841831587239e-01  1.711926113398e-02  1.525310736550e-01 
-7.083028419378e-02 -2.374145678303e-01 -9.303189811172e-03 
-2.754067526207e-02 -4.349029349854e-02  8.790517848990e-01 
-1.464081210924e-01  5.996147886147e-02  4.446731585167e-01 
-6.462190636441e-02 -5.036537760723e-03  2.617274475306e-01 
-1.614382466044e-01  1.851399849919e-01  3.704046919911e-01 
 4.862998059255e-01  3.325939206756e-01  9.906455968318e-02 
 3.642513470690e-01 -9.930315736035e-01 -2.555318665034e-01 
-4.398353398539e-02 -1.564906918663e-02  5.804560013456e-01 
 1.351990566793e+00  6.202553427320e-01  7.125421745480e-03 
-3.144105820044e-02  1.811562986371e-01 -1.900394974003e-01 
-1.439227058655e-01 -8.638862383580e-01  1.551896722636e-01 
 3.091702162058e-02 -2.201490805227e-01  1.009140669317e-01 
 9.094366080593e-01 -3.929868278993e-01 -9.243786279367e-02 
 1.052365762940e-01  1.156150677789e-01  2.323266685884e-01 
-2.585082788715e-01 -3.682420448774e-01 -2.508186292933e-01 
-2.583393983817e-01 -5.621990012900e-01  4.903999002820e-01 
 6.501892951268e-01  1.921187426705e-01  3.019229522817e-02 
 2.915511113217e-02  1.993914697685e-01  7.462783922591e-01 
 7.893369931633e-02  4.749010391438e-02  2.760135404811e-01 
 8.259355426291e-02  9.520825414759e-02  6.186290022089e-01 
 8.011960322908e-02  6.309982532679e-01  5.295252195960e-01 
-4.683645532935e-01 -1.033607324364e-01  1.756304637148e-01 
 5.062130097468e-01 -1.792742103534e+00  9.504114265301e-02 
-1.792920610347e-01  1.025659814781e-01  6.007807634683e-01 
 1.136895615114e+00  5.809561482587e-01  1.603583601381e-01 
 4.026912445066e-02  9.876275133400e-02 -1.050885437805e-01 
 5.643689588578e-02 -4.834171319298e-01 -5.395208962949e-02 
-1.775273894597e-01 -1.747007642756e-02 -1.422863482292e-01 
 9.798093218558e-01 -7.198626119318e-01  3.926772120836e-01 
-1.740429775073e-01 -6.829147994775e-02  4.306034769734e-01 
 1.064552080091e-01  2.929844113335e-01 -3.961450293917e-01 
-4.241727036628e-01  4.923910333938e-02  1.717724010856e-01 
-4.630212773429e-01  4.559287729494e-01  1.872007805855e-01 
 3.629781694021e-01  1.575686417484e+00 -5.981515827750e-01 
-2.170618041487e-01  3.196220491365e-01 -8.201645200968e-02 
 2.616715394901e-02  7.702072482217e-02  2.346757548108e-01 
-2.300457331445e-01 -1.595463111537e-01 -3.571712220422e-01 
-1.327660779641e-01  9.701050464454e-02  2.769501701809e-01 
 1.118897179157e+00 -1.987130084822e+00 -9.477268829890e-02 
-2.130000917501e-01 -6.223703100747e-01  6.870271301619e-01 
 1.282304834861e+00  9.646685084961e-01  3.659397955468e-02 
-9.818985829071e-02 -1.098905443137e-01 -2.001127330116e-01 
-6.347876899147e-02 -5.496830493031e-01 -3.999346541546e-02 
-1.080567673473e-01 -2.070688534434e-01  1.454800650346e-01 
 1.142513495051e+00 -2.787100959015e-01  7.871163006231e-02 
 1.225375886532e-01 -3.900944309816e-01  3.647557053620e-01 
-4.202930330044e-02  7.039243279231e-02 -3.081993124431e-01 
-3.777048626825e-01  3.334753352696e-03 -1.994386197831e-01 
-4.065740491940e-03 -3.306466324870e-01 -6.732120283197e-01 
 7.800889146231e-02  3.134461977433e-01  1.293940195304e-01 
-1.367327044114e-01 -9.260204352389e-03 -2.742727472672e-01 
 1.136591692115e-01  1.687257065633e-01  1.343037447849e-02 
 1.570540512736e-01  4.750920803693e-01 -3.402291732849e-01 
 3.736692888615e-01  6.267726463481e-02  1.494985925958e-02 
 2.098339192295e-01  6.823150699813e-01 -6.852176490314e-02 
-4.353336917341e-01  3.635860161434e-01 -3.334588725106e-01 
-1.123372570039e-01  6.883028188203e-01 -1.172915137947e-01 
 5.230870779291e-02  3.019436537065e-02  6.468683132301e-02 
 7.200568631198e-02 -2.123636521721e-01  8.317484678077e-02 
 1.143610046079e-01  3.006038344059e-01 -5.844686501998e-01 
-6.267599773331e-01  1.939960415140e-02 -2.269691738332e-01 
-7.577611845904e-01 -5.042808377668e-01 -6.483785154660e-01 
 1.980030245795e-01 -3.010607456867e-01 -2.914308918788e-02 
 9.184488655625e-02 -1.444613169321e-01 -1.223343422574e-01 
 2.301955779408e-01  3.360262970707e-01 -3.583689997680e-01 
-4.491313625993e-02 -1.421939089038e-01  6.527894570472e-01 
 1.068087599112e-01  8.580329153948e-02  5.609886513961e-01 
-3.619421266541e-02  9.619439588478e-02  1.338867504300e-01 
-1.715994813002e-01 -4.998900528710e-01  1.802572421992e-01 
-1.897994297185e-01 -6.730852265775e-03  4.976013556853e-01 
 2.201730591307e+00 -1.858293852072e+00 -5.630777739470e-02 
-5.764050495830e-01  1.979709894977e-02  4.749905294254e-01 
 8.295827198054e-01  4.409648813061e-01 -1.029310041824e-01 
-2.925463893512e-02  4.993197335312e-03  1.798227359575e-02 
 2.503111652775e-01 -4.059433823730e-01 -8.583176594455e-02 
-1.053923830963e-01  4.130795305671e-01  2.645228042365e-02 
 5.655471979833e-02 -4.438038521028e-01 -1.274191238227e-01 
-7.174613256015e-01  4.280660837365e-01  1.563792906998e-01 
 5.128677264579e-02 -1.173471482341e-01 -2.040908494256e-01 
-2.862336096334e-03  1.025425558650e-01  1.152442767178e-01 
-4.519363444648e-02 -4.890601270434e-01  2.600503055616e-01 
-1.708881164998e-02 -2.431873334151e-01 -9.786306742401e-01 
-3.737968540744e-02 -2.665651106584e-01 -4.305736374194e-01 
-1.651564740122e-01 -1.176396795959e-01 -9.383679139970e-01 
-1.675872720266e-01 -4.043000206644e-01 -1.913500093457e-01 
-2.094896002141e-01  1.207795891186e-01 -1.530362739789e-01 
-4.650008079659e-01  2.243936506922e+00  1.120112141389e-01 
 2.565139519573e-01  1.905915906347e-01 -3.886523404621e-01 
-1.266068056903e+00 -8.718883206591e-01  3.902069057033e-01 
-2.940966784998e-01  7.496979900433e-01 -3.544815755839e-01 
-1.500421671779e-01  2.443395017645e-01  1.366552357871e-02 
 5.567141492981e-02  3.964245022416e-01  1.545773205249e-01 
-1.044300039778e+00  6.943206282313e-01  1.507424034755e-01 
-2.419972843208e-01 -3.881532662108e-01 -3.396252296163e-01 
 1.882816087450e-01 -1.625434005488e-01  3.131834484619e-01 
-1.082350829702e-01 -7.921312181463e-02 -3.001978165223e-01 
-1.054941982972e-01 -1.150162427227e-01  4.644130455332e-02 
 4.068021493517e-02  2.400531970774e-01  3.510902996457e-01 
-1.006527024801e-02  1.260300327021e-01  3.745344381955e-01 
 7.724290036882e-02  1.841897391009e-01  2.547337861871e-01 
-8.802908077485e-03  3.853417603762e-01  2.141812490366e-01 
-1.384453154782e-01 -4.624462516773e-03  4.239041012155e-01 
 1.546388716859e+00 -2.401797021736e+00  2.989957134014e-01 
 9.471186667593e-01  2.600224225178e-01  3.612449956511e-01 
 1.181580050513e-01  2.587759870741e-01 -6.803399266135e-01 
-3.363807580455e-01 -1.277549109334e-02  4.657391355204e-02 
-9.250575083630e-02 -3.122253655637e-01 -2.553065134444e-01 
 4.909316826113e-01  5.665979167059e-01  3.113915851139e-01 
 8.163274428572e-01 -1.859454107019e-01 -3.782272743975e-01 
 3.720839846446e-01 -3.519833610095e-01  4.829068730043e-01 
-7.565131528610e-02  2.058177873105e-01 -3.977736952504e-02 
-1.654785780671e-01  6.588731906509e-02  9.448302404804e-02 
-7.382306155923e-02  1.156581112009e-01  8.742760917060e-02 
-3.168546895328e-02 -1.828389782185e-01 -2.743674662811e-01 
 3.130741854147e-01  3.233012799802e-02  1.024872387662e+00 
-1.258532539561e-01  7.487802088979e-02 -3.036592577104e-01 
 1.123541360471e-01  2.976918498033e-01 -4.560434445802e-01 
 1.320773374529e-01  8.175875281043e-02  1.607255720581e-01 
 5.586064659562e-01 -1.161162846485e+00  1.757553102312e-01 
 1.752528381981e-01 -4.961003887232e-02  1.663101118176e-01 
 1.458805685046e-01  1.428884156705e-01  6.048282716376e-01 
-5.632716890773e-01 -2.567875809379e-01  3.560834482350e-01 
 4.335875633077e-01 -1.245683368584e-02 -8.792458518224e-02 
-5.027962612711e-01  2.158781455212e-01  2.698821997700e-01 
 5.564507051493e-01 -6.003431621841e-02  1.886640343909e-01 
 9.293946383781e-02 -4.630233044927e-01  3.322937231526e-01 
-8.646044401567e-02  2.264516096565e-01  9.029380084344e-02 
-2.368050997150e-02  1.056460420296e+00 -2.724357271194e-01 
 4.461236979718e-01  4.611517223441e-02  5.930287547542e-01 
-6.349699100653e-02 -3.991613492088e-01 -3.393593012209e-01 
 5.585687253929e-03 -1.797855954809e-01  5.051810737405e-02 
-1.303065479186e-01 -2.541727098959e-02 -3.400253262234e-01 
-4.880830472691e-02 -2.488502613227e-01 -3.367024188988e-01 
-7.277513060021e-02  1.138799257753e-01  2.422236469881e-02 
-2.214331924481e-02 -8.486874041330e-01 -5.967445504601e-02 
-6.967974419365e-01 -3.618358266942e-01  6.657557495449e-01 
-3.165094429401e-01 -6.886593302638e-01 -2.712982576718e-01 
-1.100434729977e-01  5.615461971764e-01  7.635207866724e-01 
-4.381819122422e-01  1.318331563848e+00 -3.829093590415e-01 
-2.668267939627e-01 -3.792720230801e-01 -3.161959156743e-01 
-2.995232351829e-02 -6.658343586409e-02 -2.862430635889e-01 
-1.587482562201e-01 -5.785470627167e-03  1.350860019519e+00 
-2.591667023570e-01  7.875961539003e-01 -5.288334691792e-02 
-4.803320419746e-01  4.200062768745e-01 -2.562670260075e-01 
 1.645366633399e-01 -1.160159219392e-01  1.938709763604e-01 
 1.908854319095e-01  1.017581082241e+00  8.420291819492e-01 
-3.877772393650e-01  1.121305937580e-01 -1.191999620753e+00 
-1.305908391939e-02  3.859297498262e-02  3.516196433049e-01 
-1.934999450240e-02 -2.126805034091e-01  9.523032240370e-01 
 6.405604191249e-01  1.536327203604e-01  2.330990401874e-01 
 7.998228460137e-01 -1.364428285594e+00  2.415590137361e-01 
 7.046657604545e-01  1.765400050969e-01  4.556475006376e-01 
 5.520651464555e-01 -6.256430987220e-03  3.480346372794e-01 
 1.487653997474e-01  1.985592653564e-01  5.859583623973e-01 
 4.329403556572e-01 -9.879070218397e-01  1.607647788140e-01 
-1.756760552120e-01  5.757442237654e-01  1.015429305854e-01 
 1.229809307294e+00 -4.813269753497e-01  5.751915221926e-02 
 4.016160546151e-01  1.841312064283e-01  5.928407486353e-01 
-1.721907222291e-01  2.419826124454e-01 -2.939663884355e-02 
-9.819812306251e-02 -2.459224819251e+00  7.160755193158e-01 
-2.861708060269e-01  8.167139953409e-02 -1.178877356125e+00 
 4.915218660562e-02  5.827456126875e-01  6.103632967339e-01 
-1.908130634859e-01  2.122898778717e-01 -4.474306244244e-01 
-5.436231167865e-03 -3.128708068244e-02 -5.514214529662e-02 
 4.285489897041e-02  1.898460507494e-01  9.716640494294e-01 
 3.778842188905e-01 -3.535045860666e-02 -8.737244240338e-04 
-1.313187596237e-03  3.207088713545e-02 -1.224990381377e-01 
-8.057763091994e-01  2.717735142995e-01 -1.003810356809e-01 
-6.160137813680e-01 -2.062057468245e-01  4.003382951479e-02 
-1.081331944462e+00 -6.146486825956e-01 -1.558256249524e-01 
-5.392379747061e-01  1.190707238939e+00 -2.975654593556e-01 
-1.563943462365e-01 -4.579267443782e-01  3.133374906485e-01 
-2.355451273102e+00  8.721979118061e-01 -9.583215450433e-02 
-9.491034622242e-01  3.186643465540e-01  1.504827537357e-01 
-6.262290834711e-02  1.583081970703e-01  1.019263918047e-01 
 5.864281000024e-03 -1.743935641385e+00  5.155656539602e-01 
-3.047567749320e-01  2.023736736124e-01 -6.484343656154e-01 
 5.344350700384e-02  3.291988077725e-01  3.318628481917e-01 
-5.719307452546e-02  1.026580667396e-01 -2.102702196439e-02 
 4.704877404741e-02  1.731438883236e-01 -2.388393007405e-02 
-1.119684969143e-02  1.048262019456e-01  3.869385722877e-01 
 9.380538834794e-02  3.017814119578e-02 -3.258388367704e-01 
-1.593961695338e+00 -1.664066620998e+00 -5.589438739377e-01 
-6.659263267071e-01 -5.954763363046e-01 -7.653209188593e-02 
 7.550596857650e-03  1.554757001049e-01 -7.539914514524e-01 
-6.069300929842e-01  5.334848256770e-01 -3.389612360369e-01 
 1.288452042917e+00  4.097015231195e+00 -1.638445710697e+00 
-6.286904356157e-01 -1.197976841035e+00 -6.835225440511e-01 
 1.684819982624e+00 -5.929536935985e-01 -4.083564718346e-03 
 7.488780815703e-01 -3.400614132060e-01 -8.647649714551e-02 
-6.485853185657e-02 -2.415021243555e-01  5.569891492186e-02 
 1.373564882869e-01 -6.330021581004e-01  1.786150021434e-01 
-1.320829681224e-01  2.390632820808e-02 -2.123157802371e-01 
orbocc
(*)
 0.000000000000e+00  0.000000000000e+00  0.000000000000e+00 
 0.000000000000e+00  0.000000000000e+00  0.000000000000e+00 
 0.000000000000e+00  0.000000000000e+00  0.000000000000e+00 
 0.000000000000e+00  0.000000000000e+00  0.000000000000e+00 
 0.000000000000e+00  0.000000000000e+00  0.000000000000e+00 
 0.000000000000e+00  0.000000000000e+00  0.000000000000e+00 
 0.000000000000e+00  0.000000000000e+00  0.000000000000e+00 
 0.000000000000e+00  0.000000000000e+00  0.000000000000e+00 
 0.000000000000e+00  0.000000000000e+00  0.000000000000e+00 
 0.000000000000e+00  0.000000000000e+00  0.000000000000e+00 
 0.000000000000e+00  0.000000000000e+00  0.000000000000e+00 
 0.000000000000e+00  0.000000000000e+00  0.000000000000e+00 
 0.000000000000e+00  0.000000000000e+00  0.000000000000e+00 
 0.000000000000e+00  0.000000000000e+00  0.000000000000e+00 
 0.000000000000e+00  0.000000000000e+00  0.000000000000e+00 
 0.000000000000e+00  0.000000000000e+00  0.000000000000e+00 