2mocoef
header
1
MO-coefficients from MOLCAS
1
48   48
a
mocoef
(*)
 4.542633783542e-05 -2.041383043280e-04  8.815350434683e-04 
 2.322975091920e-04  4.508849054737e-06  5.581813793678e-04 
 4.439083335068e-05  4.653856981159e-04  1.115756802743e-03 
-3.839408372627e-05 -1.561784401750e-04 -3.636810784473e-04 
-1.036730715163e-04 -3.167977915856e-06  1.001073330322e+00 
 5.798250462824e-03 -5.335138887951e-03  1.097210711680e-04 
-4.515248234674e-04  1.151275290075e-04  1.054630108161e-03 
 7.047125159360e-04  8.767593242968e-04  3.462100179805e-04 
 4.139074056983e-04 -3.816123772813e-04  1.012900944591e-04 
-7.638997857768e-04 -2.133595748343e-03  1.422169321443e-03 
 3.539615295022e-04  7.062470930843e-04  3.485264906720e-04 
 5.977357648493e-04 -1.231593798432e-04  2.743769537395e-05 
-5.027195087602e-04  2.899149507099e-04  2.459034654578e-04 
-3.551819699253e-05 -1.101778630047e-04 -6.472243944135e-05 
-4.585134657241e-05  1.772048925658e-04  3.716799105721e-04 
 6.891998334462e-05 -2.111901322084e-04  6.886908505882e-05 
 1.001030393565e+00  5.414814011644e-03 -3.468279591715e-03 
 6.661117440436e-05  2.563670665237e-03  1.096484780789e-03 
 3.932758788764e-04 -1.319534566587e-03  1.374369672857e-03 
 4.721002370476e-05  2.977712669663e-04  1.512795373834e-03 
 4.892970264258e-04  1.104190605925e-04  3.499893640719e-04 
 2.331769741520e-03 -3.742763680779e-03  1.982440920690e-03 
-2.397814131044e-03 -3.199897471387e-04  7.490954060293e-04 
 2.788691696654e-03  1.422292940087e-03 -1.311789459907e-04 
-6.845167995892e-04 -5.287058277911e-04 -1.170379453888e-04 
 2.000798675084e-04 -9.091033568872e-04 -1.673645376463e-04 
-2.452568351878e-05 -3.400411425918e-04 -2.023118932855e-05 
 3.067455748763e-03 -9.558656497372e-04  4.917023524037e-05 
 1.606694085791e-04  1.533639891488e-04 -1.342388223117e-03 
 5.134561762286e-04 -7.918372988430e-05 -2.486630807468e-04 
-1.724044076988e-04 -3.698132321322e-03  3.705469239746e-03 
-2.282110100031e-04  1.483078786205e-04 -9.574854860810e-04 
-9.282520237171e-03  2.214883229425e-01 -7.114091967131e-02 
-2.920903816059e-03  5.455997182029e-02  5.739894619125e-02 
-3.149110976193e-03 -1.906510533323e-02 -4.321110650568e-02 
 1.697359061548e-03  1.614365840629e-02  8.816438882399e-03 
 1.656767656833e-03 -4.580021024740e-03 -9.131964386036e-03 
 8.385596933373e-01 -1.839030447490e-01 -4.721491985098e-02 
 5.648629056438e-02  4.759408557999e-02 -6.479123918603e-03 
-4.019604360231e-02 -4.708334194375e-02  3.406520512315e-03 
 8.347170533437e-03  2.947270637579e-03  1.254284121788e-03 
-3.820186507052e-03  3.922629434150e-01 -1.933321788648e-01 
-1.628379374778e-02 -3.399487936969e-02 -1.287232596762e-02 
 2.347923475531e-01 -1.263553998369e-01 -5.545522012516e-06 
 3.435212862170e-02 -4.100516260526e-03  2.037406647731e-01 
-8.496471983300e-02  2.401395072182e-02 -1.004359345019e-03 
-1.172964453040e-02  7.469065600596e-02 -4.366790280394e-02 
 7.762932693330e-04  4.693594134045e-03  7.273299159424e-03 
-9.201801098824e-03  5.802262216643e-01 -9.727630460024e-02 
-3.592997207297e-02  9.253497544625e-02  2.617821049908e-02 
 8.529274189465e-03 -1.657093497515e-02  1.118251918761e-02 
-1.377214476093e-03  9.176094647007e-03  2.269265038593e-02 
 1.806680316201e-03 -2.144094677698e-03  2.799075219641e-03 
-9.560981643831e-02  3.275253549016e-02 -2.257582140998e-01 
-4.381770283550e-01 -3.276270634318e-01  3.378127621187e-02 
 1.461626855333e-01  8.643691734626e-02 -9.607326604142e-04 
-1.005024280286e-03  1.061558998350e-02  2.231493467374e-03 
 4.892331550346e-03 -5.376059533966e-01  2.398702841798e-01 
 1.270342345304e-02  3.252984758001e-02  1.182976639007e-02 
 1.862173100184e-01 -1.084697243449e-01 -5.996093696897e-03 
 1.034917556754e-02 -1.515206507818e-02 -7.701197473221e-03 
 9.936670086177e-03 -7.429320562349e-03 -7.730346005974e-03 
-1.049356580617e-03  2.798771782871e-01 -1.190055230461e-01 
 2.122421387477e-03  3.821603256864e-03  1.794709351679e-02 
 7.646518497115e-03 -3.574270315229e-01  6.441560315172e-02 
-4.292861979986e-02 -1.021842209879e-01  4.662037866746e-02 
 2.243429929374e-02  2.675837317795e-02 -1.516054105145e-02 
-5.961293165847e-03 -8.134987970995e-03  2.481750134839e-03 
-1.196842220514e-02  6.577432744634e-03 -6.756008045240e-04 
-2.725286974274e-02  6.813802616840e-03 -4.667356418515e-01 
-3.440164597364e-01  3.583906840705e-01  4.241070985823e-02 
 1.019491035818e-01 -3.351528510837e-03 -2.412755270658e-03 
-1.199439097951e-02 -1.163393748631e-02 -1.440832350185e-02 
 1.027123568736e-02 -2.887146199423e-01  1.143933252074e-01 
-9.522622208263e-03  9.422537896229e-03  1.756546201212e-02 
 3.509578034487e-01 -1.573937472569e-01 -1.546860041447e-02 
 2.873673311819e-02  1.287149685152e-03  4.047797182755e-01 
-1.272087285718e-01  2.553347876691e-02 -1.305294033052e-02 
-1.454246647990e-02 -2.041034771043e-01  9.535458905626e-02 
-5.848232827598e-03 -3.134775276084e-03 -1.491856550160e-02 
 4.566338855147e-03  4.189579185981e-01  1.464936365673e-01 
 5.151995173263e-01 -6.247063128651e-01  5.017332417641e-02 
 4.266290578573e-02 -9.194672626431e-04  8.655038060406e-02 
 8.986711552129e-03 -2.045502903254e-02 -1.896948462073e-03 
 1.865629112286e-03  1.170786551562e-02 -2.853883005547e-03 
-2.047063113287e-01 -1.407357371204e-01  4.293513134012e-02 
 1.010438473946e-01  2.118652805024e-01 -1.406947403488e-02 
 1.614812264912e-02  1.475801219287e-02 -5.613698324074e-03 
 1.621467989694e-02 -5.551784776274e-03 -2.061069574116e-02 
-3.795518842725e-03  1.282438066269e-01 -4.387505007838e-02 
-7.734319289507e-03 -3.304094401161e-03  3.333770135063e-03 
-1.363763586424e-02 -1.842225158865e-02 -3.600821027438e-04 
-9.199891300772e-03 -1.283792108932e-02  1.643627362758e-01 
 2.143230679088e-02  6.165672045904e-03  4.591765718749e-03 
 1.916787345330e-03 -9.147036118403e-02  2.395155748315e-02 
 1.689950352400e-02 -1.901810759245e-02 -3.868968728980e-03 
 1.212819259944e-03 -1.897828300201e-01 -6.872873772169e-02 
 7.433674861239e-01  3.702247540894e-01 -5.874083210136e-02 
 3.567814397280e-02 -1.914579498376e-02 -1.060207417011e-01 
 1.166927140088e-02  1.915934283221e-02 -3.375807259348e-03 
 9.149103448596e-03 -1.063046037067e-02 -1.060845828901e-03 
 7.227962589003e-02  8.744461725788e-02 -1.712959694827e-01 
-1.005869513703e-02 -2.750673125542e-01 -2.312777638032e-03 
 2.743196927526e-03  5.079507326351e-03 -1.487576460245e-02 
-4.207665685736e-03  1.565226285022e-02 -2.442706344908e-02 
 1.250126832395e-02 -2.149513722353e-01  5.023667961713e-02 
-6.729603440857e-03  6.449730367350e-03 -1.489653225085e-04 
-1.514727653110e-01  4.731527061232e-02  1.749679719532e-03 
-1.827419633472e-04  8.416153579369e-03  2.633264536611e-01 
 1.158994609489e-02  7.243380995049e-03 -1.098480804496e-04 
-4.422617742810e-03 -1.382910495627e-01  5.203171897333e-02 
 2.339453093414e-02  1.255910955039e-02 -1.378714914943e-02 
-3.651550617516e-03  1.957233913578e-01  4.633019172659e-03 
-1.255374966424e-01  4.245324625799e-02 -2.449211894912e-01 
 4.554042098758e-02 -2.257403988192e-04  1.027208640343e-01 
-6.857444491433e-03 -5.253248311846e-03 -1.146654167845e-02 
-1.229403804991e-02 -3.356283811015e-03 -5.234659055771e-03 
-2.212431124508e-01  3.669217005223e-02 -4.728905077182e-01 
 4.630899148791e-01  7.150914808523e-02 -7.157834888210e-03 
-9.423302352174e-02 -1.691722228621e-02 -2.310799862476e-03 
 4.730025518387e-03  1.983338291767e-03 -5.610124898829e-03 
 1.706204919014e-02  1.212184978890e-01 -5.539848878420e-02 
-2.284397854687e-02  7.937773488663e-04 -1.183532354135e-03 
-4.270384163632e-01  1.827867848292e-01 -1.527004158964e-02 
-2.676093949851e-02  1.598955483164e-02  3.556775297977e-01 
-1.010141005716e-01  1.937704167246e-02  6.065998306550e-03 
-1.206218139903e-02  3.264694666447e-01 -1.260818441768e-01 
 1.879490931093e-03 -1.149698309568e-03  2.262459365077e-02 
-3.742055416435e-03 -2.603518518395e-02 -7.128797736456e-02 
 1.366770304364e-01  2.173234566443e-01 -5.987333306294e-01 
 2.420919242083e-02  6.074225880973e-02  9.678682757254e-02 
 5.845408444884e-04 -2.259772094992e-02 -1.547427134155e-03 
 1.224315487049e-02  3.379421315074e-03  1.319206821373e-04 
-1.330565444364e-02  2.301234365471e-02  2.501641968495e-01 
-2.310471144877e-01  4.253870594331e-01  6.634359563118e-03 
 8.324143961787e-03 -2.459252366875e-02 -5.039932845302e-03 
-1.914449404455e-02 -7.349119164568e-04 -1.118020709420e-02 
-2.388595779648e-03 -1.362704718763e-02 -2.560819951222e-02 
 4.388780672438e-03 -1.263085842076e-02  6.017449057020e-03 
 2.524971068787e-01 -8.038981582910e-02  1.002182397343e-02 
 2.458443533386e-02  1.936007295886e-02  9.280893590576e-03 
 7.315743556474e-03  3.779104072687e-03 -6.910963812544e-03 
 6.226410421706e-03  5.583235733029e-01 -2.248457457609e-01 
 1.507951513445e-02  3.806056377474e-03  2.449251128598e-02 
 3.538107492440e-03 -1.777002279967e-02 -8.167305274397e-04 
 1.443302267061e-01 -1.004171158407e-01 -8.442091969303e-02 
 9.489448264345e-02 -3.722912488477e-02  5.050665747647e-02 
-2.676981023699e-03  3.122978803777e-04  1.153681294025e-02 
-9.440754889300e-03 -4.231427278972e-03 -1.118450774840e-02 
 2.439824344042e-01  5.114744932422e-01 -4.651369799631e-01 
 7.055000776054e-02  1.638358500998e-01 -2.393596166729e-01 
 6.391453122037e-02  1.241258702461e-01  5.742697187670e-03 
 3.435344229451e-03 -7.533924736361e-03  4.470645286974e-03 
-2.021840282063e-02  3.820821958466e-02 -2.024852924734e-01 
-8.391518668640e-03  8.989644257065e-03  1.378913454685e-03 
 8.655905258314e-02 -1.564790374907e-01 -4.909803984218e-03 
-1.668351948743e-03 -3.688782894938e-04 -4.722462147257e-01 
-7.290202799220e-01  5.387461958170e-03 -5.025112297298e-04 
-9.118083147882e-03  8.179573108646e-02  2.474394653359e-02 
 9.703214864448e-03 -6.348971794770e-03 -2.958496502574e-03 
 1.525431086349e-03 -2.179021376654e-02  7.531668221253e-02 
-5.854798595161e-02 -1.921454268291e-01 -1.431798435048e-02 
-2.148626357298e-02 -1.518296501851e-01  2.633197505994e-01 
 5.188029189700e-03  1.993684498125e-02  1.120182078282e-02 
 1.160372154564e-02  1.254820957214e-02 -1.886759175933e-02 
 2.763165614570e-01  9.166792681744e-01  2.638911439423e-01 
-1.099394166429e-01  3.124149811875e-03  2.239370618544e-01 
-2.000586254981e-02  1.708240696262e-01 -5.137567610657e-04 
 1.364312761276e-02 -5.436321737992e-03 -9.588677178797e-03 
 1.239042311756e-02 -2.392656173379e-01 -8.896105442103e-01 
 1.012142764169e-02  5.855483426051e-03  5.571079697642e-03 
-3.691122810758e-01 -1.045141791549e+00  4.562947555852e-03 
-3.241191334390e-03 -2.223422679467e-03  3.146551012370e-01 
 4.485858165391e-01 -4.905825318652e-03  8.849281775477e-04 
-4.647498755515e-03  1.240687253638e-01  1.828175544615e-01 
-4.714661325816e-03 -1.351743166665e-02 -9.955080400694e-04 
 1.983464673510e-02 -3.023803303676e-01 -8.227871578831e-01 
 1.610518788410e-02 -1.549817457679e-01 -1.196707506980e-01 
 5.114065359835e-03 -1.083453482903e-01  5.819334396460e-05 
 2.509493265232e-03  1.253710499312e-04  1.271195212419e-03 
 2.359655832675e-03 -2.404860521673e-03  1.927354126530e-03 
 1.236412363307e-01  1.780334218197e-01  5.177107207254e-02 
 3.246001429578e-01 -2.862116405094e-01  8.932737398875e-02 
 4.543725684490e-01 -2.415519992075e-01 -3.219740484371e-03 
-1.211403786264e-02 -1.896936812433e-02 -3.157584068615e-03 
-3.474449768570e-03 -1.167336121010e-01 -1.026249785245e+00 
 3.654005473007e-03  1.122747994715e-02 -1.999148427476e-02 
 2.570746712842e-01  1.122206164502e+00 -3.026829108522e-03 
 7.288432908158e-03  6.724270112891e-03  3.002373027162e-02 
 1.388028607969e-01 -6.007648071602e-03 -1.463635190466e-02 
-1.020999316758e-02  1.734119604625e-01  5.697949331700e-01 
 1.453660884356e-03 -1.014602192885e-02 -1.280451563084e-04 
 2.496354556737e-02 -2.844785755999e-01 -1.138689571960e+00 
 3.198109574433e-02 -2.385299220439e-01  6.296050668227e-02 
 1.163104354298e-01 -2.378930549367e-01  4.282809859570e-01 
 3.987816535075e-03  1.010313687759e-02  1.377784500935e-02 
 1.375210841760e-03  2.571135845791e-03  1.514325844347e-02 
 9.350954997690e-02 -2.485776916621e-01 -1.038519160275e-01 
-2.282680536227e-01 -2.619024585015e-01 -1.295625341429e-01 
-3.070225370638e-01 -2.149986209461e-01 -2.074883317525e-03 
-5.378174564839e-03 -2.137011514565e-02 -3.569004791965e-03 
-4.765387368555e-03  5.604835886075e-02  1.131318348784e+00 
-5.124850441267e-03  2.113477417326e-04 -1.577753143974e-02 
 8.137652613740e-02 -7.508063830409e-01  2.174398980977e-03 
-3.458310656350e-03 -6.137372043767e-03 -1.575590155929e-02 
-2.440958191753e-02 -1.555671462953e-03  9.935653665307e-03 
-7.316934720430e-03  2.438676404705e-01  1.372451980907e+00 
 1.954062744910e-03 -1.229063902114e-02  4.023712693044e-03 
 2.233535921260e-02 -3.820021785230e-02 -8.219327143156e-02 
-1.000150753563e-01 -2.123713191636e-01 -4.764890299352e-01 
-2.505162814119e-01 -4.860649468994e-01 -1.508286456853e+00 
 1.258638639388e-03 -1.123234559174e-02  2.276168209546e-02 
 1.343463690568e-02  3.150130942360e-03 -1.962233975543e-02 
 1.289346579750e-01  7.025051274689e-01 -5.462448457377e-02 
-8.498995440382e-02 -3.967056437468e-01 -1.163570845143e-01 
-3.724141227502e-01 -7.147451531144e-01 -2.573760669925e-03 
-2.519613001335e-02 -1.525400281146e-02 -2.642541901546e-03 
-4.979501581773e-03 -6.156912143036e-02  7.180039644613e-01 
-2.896852106103e-03  1.820882831247e-03 -2.021225551456e-02 
 1.017001128711e-01  2.479489338322e-01 -1.274079264207e-03 
-9.591795060964e-03  5.606994840822e-03  2.305517130745e-02 
 5.470259491873e-02 -2.852714827879e-04  4.021765693730e-03 
-2.732862567856e-03  3.998545685395e-01 -2.180638154979e+00 
-5.928364147621e-04 -2.831945773313e-02 -1.194835362657e-02 
-7.120184239786e-03 -1.312883074283e-02  2.626330720585e-01 
 2.894468282459e-01  2.082103382013e-02 -1.116798302674e-01 
-1.237358142101e-01  1.991826495460e-02  3.432546765343e-01 
-1.708453467609e-02 -6.079665040815e-02  7.697438151276e-02 
-2.162065993771e-02 -4.643018981513e-03  5.914672736004e-02 
 1.432814635583e-01 -4.476935678193e-01 -4.234075846337e-02 
 3.718353801560e-02  1.128571487228e-01  5.748313930347e-02 
 5.580435740546e-02 -1.621579924677e-01  3.322204157504e-02 
 3.569417465473e-04 -3.819270083073e-02  4.320675708865e-02 
-1.177475163993e-01  7.968349195268e-01 -1.014066026768e+00 
-6.252914647491e-03  8.315228517547e-02  1.490925927282e-02 
 1.128114103784e+00 -1.515492690129e+00 -2.731877797478e-02 
-7.141730996835e-02 -6.776609990883e-03 -1.281086981521e+00 
 1.997212837035e+00  1.045271384775e-02  2.993911514064e-03 
-2.496243300281e-02  1.045162076331e-01 -5.632489272868e-02 
 2.142773805785e-02  8.000291313413e-03 -2.694944857803e-02 
-2.419561910497e-01 -1.055936466419e+00  1.666078675383e+00 
-1.160715668263e-01 -7.069058368938e-01 -6.859908079471e-01 
 1.900283975860e-01  9.400451187738e-01  1.615830020753e+00 
 9.265201026879e-03 -2.344768364622e-02 -1.285356342503e-02 
 1.461601875444e-02 -6.440995878629e-03 -1.451229555874e-02 
-1.012623518285e-01 -5.461904979688e-01  1.559341150485e-01 
-6.046901793099e-03  1.304075177829e-01 -2.383122868812e-03 
 4.609123549946e-01  1.422748437111e-01 -3.235727944459e-02 
-1.026553988215e-01 -9.969557533970e-02 -4.997987163125e-02 
 1.828802209941e-02 -4.851988101342e-01  3.182311358126e-01 
-4.016053907616e-03 -3.417256485637e-02 -1.172944203757e-01 
 8.643657542121e-01 -1.148786286462e+00  1.303691139092e-02 
-2.178118922766e-02  4.849129112992e-02  5.751775275018e-01 
-6.483029484645e-01 -4.143450638435e-02 -1.636396113732e-02 
-7.421074112273e-02 -2.142841656896e-01  5.670204903283e-01 
-1.678233637655e-03 -1.623165612402e-02  3.809196509108e-02 
 1.276914824318e-01  5.673607794848e-01 -6.326264056125e-01 
-1.557578313938e-01  1.789129829873e-01  1.765965480430e-01 
 3.506474218007e-01 -1.395986314101e-02  5.806510670502e-01 
 7.970763305709e-03 -9.122899889141e-02  1.103471458954e-01 
 7.481392842703e-02  2.975585770978e-03 -6.626141530454e-02 
-5.583577328495e-01  3.942968192158e-01  3.379741877468e-01 
 1.280721435256e-01 -2.735338519109e-01 -4.525340922050e-01 
-7.576293497086e-02  4.407466695553e-01  3.236479282248e-02 
 6.126124381121e-02 -5.199123180604e-02 -4.881627910127e-02 
-7.154134787489e-02  6.833946077383e-01 -5.230730757526e-01 
 4.471406264092e-02  1.210065260389e-01  1.718577467322e-02 
 5.637167444525e-01 -6.496473309604e-01  4.246484997176e-03 
-1.607025567521e-01 -6.688122494687e-02  1.151148745247e+00 
-1.324718075993e+00 -9.907067183646e-02  4.214429865605e-02 
 7.868218957823e-02  8.433866816276e-01 -2.263965500763e-01 
-1.982443879078e-02  3.484864292431e-02 -5.607054875630e-02 
 2.039069550843e-02  8.223334549854e-02 -3.665881301635e-02 
-1.312024297042e+00 -3.814555607234e-01  3.434213594791e-01 
 1.700191617043e+00  4.931475699865e-01 -4.287251083540e-01 
-2.948864263904e-02  2.455217379880e-03  3.711193896164e-02 
-3.685337547389e-02 -7.343316144254e-03  1.500705144050e-02 
 1.050919269722e-01 -1.365971468577e-01 -9.815507581182e-02 
 9.986069552532e-02 -2.149786885813e-02 -6.275947925672e-02 
-1.043760648114e-01  1.278756683466e-01  5.137970314237e-03 
-1.248323193294e-02 -5.454187609456e-03  3.889056323453e-02 
-1.131133452559e-02 -5.736073507475e-02 -1.818520464466e-01 
-3.541470954094e-02 -1.467898427222e-02 -2.382121986491e-02 
 3.459035908630e-02 -6.464898147796e-02  2.489153863318e-02 
-1.243403432344e-02 -1.974185389599e-02 -5.150413760849e-01 
 7.748965004287e-01  1.785969613824e-02  3.823568561078e-02 
 4.832187214390e-02  6.586037527400e-02 -9.220770082470e-02 
-3.808198648210e-02 -9.550712551684e-03 -8.567597764061e-03 
 1.144539765165e-01  4.834464291584e-01 -3.100345712222e-01 
 4.795535281676e-01 -1.095137393093e+00  3.000297150081e-01 
-5.359374526212e-01  1.546330101731e+00  1.495822252983e-02 
-2.753080419936e-03  1.473168040835e-02  1.600216158129e-01 
 5.600115851479e-02  1.936316908600e-02  4.782736792272e-02 
 2.366246642980e-01 -6.337912665435e-01 -2.246243500517e-01 
 1.300510384252e-01 -2.046065383601e-01  3.325647426901e-01 
-2.210162420152e-01  5.508359391099e-01 -1.294934509036e-02 
 1.497420202792e-02 -6.792077292330e-03  4.570437254249e-05 
 2.404137463636e-02 -5.113588764565e-02 -5.959786071424e-02 
-1.908414862893e-02 -2.901601713574e-02 -2.110886340133e-02 
-5.685491323942e-01  7.472499923951e-01 -2.011321799915e-02 
 1.609719931878e-02 -6.790356361893e-02 -2.491828774430e-01 
 1.356053987153e-01  2.277757671514e-02 -1.107140082258e-02 
-3.024873758729e-02  7.159825761706e-01 -6.440282313406e-01 
-1.778040879891e-02 -4.353454397801e-03 -1.217282989177e-01 
-9.668952772053e-02 -5.403702933267e-01  5.951612037539e-01 
-1.946275867298e-01  4.252359029580e-01 -5.177010834522e-01 
 5.087042547006e-01 -3.153895054246e-01  2.569357842961e+00 
-3.530988739469e-02 -2.010550145547e-02  1.487576967823e-01 
 5.452802031969e-02  5.938108036282e-02  1.225769081290e-01 
 5.070606324936e-01 -1.687000851368e+00 -4.964929023523e-01 
-1.953779026404e-01  2.390871051893e-01  8.252885258893e-01 
 6.200150341477e-01  1.879849707907e-01 -3.105974142739e-02 
 2.638345022993e-02 -5.349581951642e-02  7.969434454365e-03 
 9.581357025670e-02 -9.598130185961e-03 -2.835982393959e-01 
-6.809292500205e-02 -3.003183969228e-02  3.534159892816e-02 
-5.318623324569e-01  1.304767055409e-02  1.574702559939e-02 
 1.081290038323e-01 -1.087428068433e-01 -1.534900500062e-01 
 4.776673202193e-01  7.543578420851e-02  2.646573655170e-02 
-1.511041086848e-01  1.152055369091e+00  3.005865106865e-01 
-4.637604050925e-02  7.776844321047e-02 -3.924531344431e-02 
-1.419871837179e-01 -7.176760497307e-01  1.388175490781e+00 
-6.079266829442e-02 -2.904674276521e-01  8.752511044318e-02 
 8.403672226493e-02  4.471851544344e-01 -4.982025673521e-01 
-5.671250365585e-03  1.948692551192e-02  1.524038607711e-01 
-1.309303267691e-02  1.516658265350e-02  5.672529123015e-02 
 1.642240824645e-01 -3.638950543762e-01  2.676548855154e-01 
-1.000994111612e+00 -1.321580222411e-02 -3.521198721844e-01 
 1.698548209852e+00  1.531509606157e-01  6.560226253273e-02 
 1.102762461706e-01 -3.732611432043e-02  2.107722078645e-02 
 2.322674028508e-02  5.661817879702e-01 -1.249151816071e+00 
 1.476121189652e-01  2.065208938308e-01  9.950959595059e-02 
-2.306415202914e-01  1.330853408811e+00 -1.760238023241e-02 
 2.421874637930e-01 -1.236511134917e-01  1.347799437977e-01 
-3.519288019592e-01 -8.643379082732e-02 -5.518297165174e-02 
-7.877306334907e-03 -3.642526827081e-01 -3.894942382942e-01 
 1.414115294283e-02  8.409811311738e-03 -8.805935843558e-02 
 9.892082780716e-02  4.899096653220e-01 -1.027717350329e+00 
-1.745284710840e-01 -8.372333665846e-02 -6.448909617018e-01 
 3.169731038312e-01  2.063680910226e-01  1.284274080591e+00 
 2.214040523913e-02  1.141544479604e-01 -8.774116669124e-02 
-2.381668620614e-01  4.078919125251e-02 -2.260902905245e-03 
-3.128281649087e-02 -4.165578262808e-02 -3.378970354360e-01 
 1.794018393499e-01 -4.687797911813e-01  3.999509790869e-01 
-7.819890059507e-01  5.486784180173e-01  1.477299245433e-01 
 1.043810993832e-02 -5.630166348456e-02  2.885622221403e-02 
 2.048711435316e-02  7.689463230174e-01 -5.063488803566e-01 
 2.446542312962e-01  8.391849509982e-02 -9.571781454589e-03 
-5.404455976778e-01 -2.273190627738e-01 -2.564376042314e-01 
-2.358891421696e-02  7.633050122697e-02  6.383086404267e-02 
 9.128660652347e-02 -6.077499667909e-02 -2.905627140864e-01 
-5.247107205522e-02 -2.473884343159e-01  1.231229208217e+00 
 8.042918248742e-02 -8.861736810884e-03  1.945468854355e-01 
 4.621920273452e-03  2.433379276626e-02  9.210776476954e-01 
-1.070853134904e-02 -2.972969626774e-02 -3.654387865341e-01 
 8.186650459032e-02  3.373954927959e-01  1.357593372039e+00 
 3.203260392478e-03  1.698453604283e-01  1.957347699084e-02 
 1.577275826789e-01 -5.214198878180e-02 -3.529822220195e-02 
-2.257568974016e-01  2.803564685243e-01 -4.246297388613e-01 
-2.151690857167e-01 -8.976333270120e-01  7.454300971744e-01 
 1.019326484161e+00  1.959826865818e+00 -5.257007471333e-02 
 1.199783284700e-02 -1.009758935786e-02  9.845923914687e-03 
-1.019031962890e-01 -4.749339510477e-01 -8.066431485919e-01 
-1.183146232267e-01  2.114878326305e-01  1.672218631204e-01 
 3.139734239923e-01 -6.497866149075e-01  1.831382247901e-01 
-9.801241409693e-02 -4.984587596706e-03 -2.544761278417e-01 
 2.437239764230e-01  4.981569279839e-02  2.100547959304e-01 
 1.172809407677e-01 -4.648394265162e-01  9.066060948310e-01 
-4.924286613492e-02  7.624357130726e-03  6.953230196216e-02 
 5.771725691471e-01  2.645249130337e+00 -4.462651145913e+00 
-5.368590740910e-02 -1.568608876968e-01 -4.801884876295e-01 
 3.410230460458e-01  2.930147611425e-02  1.220202743398e+00 
-3.918121363514e-02  2.146192514647e-02 -1.367232977185e-01 
-1.290405506072e-02 -3.551200589449e-02  7.486235553168e-02 
 4.177602441226e-01 -6.798848842803e-01  5.114128639969e-01 
-2.891184677148e-01  2.018756535626e-01 -8.923455875732e-01 
 3.804100836372e-01 -5.289130664079e-01 -7.231036013237e-02 
 4.486529704297e-02  5.534016743365e-02  2.242298120993e-02 
 2.672772274975e-02 -2.938846831656e-02  2.888457232782e-01 
-8.085414145523e-02 -3.977118006967e-02 -2.365336733300e-02 
-2.239520991083e-01  7.866243831018e-01  1.482236693301e-01 
 1.247360375094e-01 -3.810084435204e-02 -2.280916351535e-01 
-9.205377454173e-02 -3.563547561649e-02  1.272457255482e-01 
 1.409606209641e-02  5.214235216611e-02  1.678509264041e+00 
 9.143634097072e-02 -4.162079494149e-02  2.387844831887e-01 
-2.706734431380e-01 -1.252625620008e+00  2.256258787931e+00 
 4.208000490148e-02  1.215888798406e-01 -2.814741645366e-01 
 3.266140541765e-01  1.819857733897e-01  1.181198376465e+00 
-8.166556797948e-02  9.217674005067e-02  1.634150080545e-01 
-8.017010373335e-02 -3.783615038639e-02  9.545531856255e-02 
 5.333260585558e-01 -1.212671809254e+00  8.439506303132e-01 
 1.833745308562e-01 -6.410772954166e-01 -1.420631933673e+00 
-3.141437035062e-01  1.588209038951e+00 -6.321533142706e-02 
-7.168235573212e-02 -1.241455109230e-02  5.536239024001e-02 
 6.572546715993e-02 -2.375123555564e-01  6.724347368071e-01 
 1.398159276490e-02 -2.108412597793e-01  9.541425088845e-03 
-5.632425567487e-01 -1.981413554474e-01  5.714768039354e-02 
-8.560945698066e-02 -5.641027876807e-02 -6.553415924638e-01 
-1.156829559076e-01 -1.384964249673e-01  6.246446320199e-02 
 1.342814301258e-02  1.334146092248e-01  5.415901021725e-02 
 1.119241270475e-01  9.501461814469e-02 -9.098732985285e-02 
-3.005921931626e-02 -1.245350285093e-01 -3.704469667587e-01 
 5.626867465896e-02 -5.410437269448e-02  6.655480336027e-02 
-2.954229683716e-01 -7.401415150803e-02 -1.239253963518e+00 
-3.367487236041e-01  3.529392986967e-02 -8.170736136223e-02 
-1.461595277036e-01  1.787935246271e-01 -1.962318397526e-01 
-8.327459048845e-01  1.875372991299e+00 -2.378779615521e-01 
 1.589726094500e-01  1.894632302815e-01  1.105466773955e-01 
-9.066789437009e-01 -6.591474571163e-01 -9.348536591907e-02 
 8.296236688525e-02 -1.721661662162e-01  1.930381095476e-01 
 3.226798805299e-02  4.124250815651e-01 -1.855176798197e-01 
 9.564639549656e-02  8.421528014227e-02  7.827628696529e-02 
-4.228201747828e-01  3.240578757042e-01  3.712930021526e-01 
-1.623158432086e-01  1.349751154961e-03  1.135246949116e-01 
-5.374144807912e-02 -2.851962857550e-01  2.278478210361e-01 
-3.555857950718e-01 -2.533833558760e-01 -4.136702072098e-01 
 6.777247190593e-02 -8.032419721360e-02  2.450258411815e-02 
 1.193391231873e-01  5.026658130566e-01 -4.734164049044e-01 
 2.067647463778e-02  1.123473334220e-01  1.710339898607e-01 
 2.293892279761e-01 -2.131593444014e-01  1.287794068606e+00 
-3.320539392774e-02  1.373616056652e-01  1.165678013476e-02 
-1.953777989643e-01 -2.002607317375e-01 -3.751564669646e-01 
-1.697149597399e+00  2.486811339255e+00  6.369103438121e-02 
-2.096918094567e-01  1.295666274878e-01  1.251454047353e-01 
 1.369972778649e+00  6.905448468623e-01  4.999031001907e-02 
-1.208400296449e-01  6.505180132188e-02  1.180758940909e-01 
-9.605251365610e-03 -1.367416893491e+00 -1.598896808049e-01 
 2.211650696529e-01  7.631687586417e-02  5.390413855288e-02 
 2.365081766252e-01 -6.705810110057e-01 -7.070667526302e-02 
-5.117618694389e-02  2.224703224667e-01 -5.565724039600e-01 
 3.494401839036e-01 -9.478063835885e-02 -6.187793398267e-02 
 8.992205997932e-03  1.128769394389e+00  2.459263435149e-02 
 9.854093264252e-02 -1.458543885643e-01 -1.292237976870e-01 
-8.615132401345e-02 -3.753864974526e-01  3.186241387050e-01 
 1.512796023227e-02  3.237984176697e-03 -5.961252953611e-02 
 3.903422198894e-01  7.653087026443e-02  6.043286137489e-01 
-2.044647594806e-01  2.743253492468e-01 -2.056109837058e-01 
 3.434844034649e-01  3.818260393133e-01 -5.899337863152e-02 
-3.145584488351e-01  1.021158267912e-01  4.305186250062e-01 
 3.264856573215e-02 -9.480726600156e-03 -8.536356141768e-01 
-2.882573069433e-01  1.259119597896e-01 -8.343179195714e-03 
-2.011517265424e-02  3.322371245402e-02 -5.724921489427e-02 
-1.382393505046e-02  4.037078145505e-01 -7.164701110750e-02 
-3.692979527375e-02  1.163632375560e-01 -2.944354928043e-03 
-3.179577072547e-01 -7.023748010713e-02  9.907247990293e-03 
 6.319777490199e-02  2.840575160717e-01 -4.538395555345e-01 
 1.417897893557e-01  8.988701888916e-03 -2.364633515784e-01 
-1.413595938689e-02  5.546922893542e-01 -9.019402557526e-02 
-2.854272141377e-01 -1.458585444973e-01  8.004042042767e-03 
-3.388885653800e-02 -1.513802272836e-01  1.497397431907e-02 
-8.600071878396e-02  4.063170060013e-02 -4.681605182789e-02 
-1.544589635023e-02  8.432266034296e-02  3.623786760386e-02 
 5.614549738753e-01  1.058078949102e-01  7.837945231020e-02 
-2.487405380608e-01  4.871341919315e-01 -8.779810551478e-02 
-4.302149389142e-01  5.013220241284e-01  1.965913184129e-01 
-9.427941061594e-03  4.868966244506e-02 -5.849722564901e-02 
-1.151151167949e-01 -1.404003617690e-01 -1.249513509892e-02 
 7.133441439652e-02 -4.755025660388e-02 -7.633250182610e-02 
 9.344511897587e-03  1.590656569310e-02 -5.406310710869e-02 
-2.241341098148e-01  4.142971656635e-02  1.111172731602e-01 
-9.784221461714e-02  1.145930213923e-01 -8.894606082722e-02 
-6.752887866052e-02  3.435237832096e-02 -4.771970517878e-02 
-1.044168670831e-02  1.175987333330e-01  2.096326125240e-01 
-1.039805113122e-01  5.360711384379e-02 -2.454189660236e-02 
 1.574633418416e-01 -2.416685370900e-01 -3.976446211198e-02 
 7.362815291568e-02  3.356404521039e-01 -2.853314371026e-01 
 6.381698786241e-02  9.680353212928e-02  1.141480807859e-01 
-2.185749915633e-01 -3.368179901297e-01 -9.286363122337e-02 
-2.514577939027e-01 -2.203680177344e-01  3.956936415935e-02 
-2.516490257123e-01  4.225747758617e-01 -1.220847116758e-01 
-4.600595464768e-01  1.018330329833e+00  5.468634597802e-03 
-3.854088841262e-02 -1.816349920757e-01  1.804337436403e-01 
 3.001395111581e-01  3.601281256922e-01 -2.005075413186e-02 
-1.733623949571e-02 -4.294734960019e-02 -4.283825484139e-03 
-2.349589541431e-02 -5.707415462909e-01  9.193454727197e-02 
-1.317223989738e-01  2.999186655151e-01 -4.835804754377e-01 
-1.718722731115e-01  3.787633028935e-02  7.770570490204e-02 
 2.025913052395e-01  1.010001254121e-01 -1.254302648656e-01 
 5.270315461167e-02  1.266115650327e-01 -4.428172078506e-02 
 2.391724590887e-01  1.514763796278e-02 -1.282625834310e-02 
 1.591938250530e-01  2.793893063835e-01 -3.003069195453e-02 
-4.439437188930e-02 -2.021596034442e-01  3.580563300427e-01 
 9.427264737162e-02  4.268741674514e-02 -1.198843919080e-01 
-2.084957706374e-01  2.405672372296e-01  3.426027202086e-01 
-4.590747076764e-01  2.972989379824e-01  2.014552944912e-01 
-1.429232649533e-01  1.775674495345e-01  1.201105159746e-01 
 4.759208170221e-01 -1.251591051402e+00 -1.839657288503e-01 
-5.074355331297e-02  2.770923925510e-01  4.002895072045e-01 
 3.808645858245e-01 -3.520763776079e-01  6.637247252785e-02 
 2.587023083623e-02  2.955514046753e-02 -3.212468040236e-03 
-9.940930638806e-03 -2.315884367868e-02  5.373558040029e-02 
 6.218249423756e-02 -2.513039144782e-01  3.346434269110e-02 
 5.159000071522e-01 -1.172274981467e-02 -9.694080092945e-02 
-6.715979289167e-02 -2.370323593663e-01  5.537959376020e-01 
-4.031521252839e-01  2.079792863594e-01  1.093638899450e-01 
 4.816892352827e-01 -1.449426901050e-01  1.591773439121e-01 
 2.788004174966e-02 -3.422057378495e-01 -2.035328196194e-02 
 1.734893464629e-01  7.428276626325e-01 -8.114569870398e-01 
 6.520094868876e-02  1.896343783416e-02  1.751048216831e-01 
 1.246239760462e-02 -2.646322836339e-01 -8.907372411687e-01 
-1.630330374875e-01 -1.823970220517e-01  7.001265207405e-02 
 6.649020065314e-02  2.541655904132e-01 -1.331999879188e-01 
-5.210964312924e-01  1.423822977836e+00  1.409413424741e-01 
-2.106744976676e-01 -2.180314355156e-01 -3.379722684908e-03 
 8.289940719088e-01  2.331208705161e-01  9.740531213295e-02 
 6.843547545901e-02 -1.032497721589e-01 -1.742848793241e-02 
 7.297880791707e-02 -9.903808641062e-01  1.308386733683e-01 
 2.455264877431e-01 -1.650521090427e-01  5.755523830841e-02 
 4.005146888468e-01  7.817192657611e-02 -4.985704348396e-01 
-1.260566552904e-01 -9.611593343594e-02 -3.916468977375e-01 
 3.388044920168e-01  9.163530546670e-02  3.583700169892e-01 
-2.766771113915e-01 -4.819053983522e-01  3.097143089240e-02 
-2.944298158576e-01  1.774177208995e-01  1.268430890936e-01 
 4.361565607249e-02  2.381614267043e-01  6.728469153556e-01 
 1.090529419401e-01  9.058924965467e-02  1.484478929068e-01 
 2.818671251068e-01  1.874804262837e-01  1.245785504325e+00 
 2.933159087950e-01  2.010779714954e-01  4.192790196425e-02 
-4.798561238052e-02  2.590618051074e-01  3.966469278983e-01 
 1.718715997827e+00 -3.165758852606e+00 -3.676703048110e-01 
-1.000597716110e-01 -1.101675235224e-01  5.087701044742e-02 
 8.862147228308e-01  9.300453378089e-01  4.999100218423e-02 
-1.304869477629e-01  1.286485846319e-01  1.184843411586e-01 
-3.958354304030e-02 -8.325561441268e-02  9.968602524536e-02 
 3.278787796481e-01 -1.902569338421e-01 -2.092762369491e-01 
 6.610293670898e-01 -3.276726126050e-01  1.493408518958e-01 
 1.710454659734e-01  2.056598338169e-01  3.042719962653e-01 
-4.840944293743e-01 -4.641228453195e-01  2.338478096598e-01 
 9.754635006975e-02  4.383604052837e-01  2.286551379245e-01 
-2.222845221084e-01  1.436720118675e-01 -6.686019594000e-02 
 2.254769194358e-02  1.058533889978e-01  3.496593250110e-01 
 1.314377436308e-01  2.714659233778e-01  5.840946451989e-02 
 1.205129441010e-01 -3.756211603311e-02 -2.119659442612e-01 
 2.101405499414e-01 -2.392528370344e-01  3.329523889581e-01 
 1.295336669868e-01  8.405096391110e-02 -2.878923140425e-01 
-1.128653506229e+00  1.801998836300e+00  5.867397387248e-03 
 1.192012642502e-01 -3.266981007556e-02 -3.539187995367e-01 
 6.323924868191e-01  9.980668981783e-01 -5.518974345805e-02 
-3.987017896890e-02 -3.790185401400e-02  1.829138732632e-01 
-1.053878797602e-01 -1.186268743593e+00  3.282538289633e-01 
 6.485535303816e-02 -1.941826924310e-02 -2.786327189671e-01 
-2.316317932037e-01  2.333750029541e-01  9.034081075119e-02 
 3.365916020910e-02 -5.261305975578e-01 -6.488387197251e-01 
 9.016423385538e-02 -3.800586905816e-01 -3.438981049979e-01 
 8.969852806227e-02 -6.774719506858e-01  3.432112459265e-01 
-3.020773508889e-01 -3.863378316200e-01  1.589169423851e-01 
-1.236878020297e-01 -4.237234561382e-01  1.494346158787e+00 
 3.937168970824e-02  2.721299996144e-01  1.260580065665e-01 
 3.329012366308e-02  4.346127608142e-01  8.807969043877e-01 
-1.550247888524e-01  2.629963410528e-01  1.766404373048e-01 
-5.397682491005e-02 -4.012482497367e-01  1.297308925039e-01 
 4.443011677383e-01 -1.790376319840e+00  1.987514812351e-02 
 1.308150845321e-01 -8.949485162239e-02  5.837733413052e-01 
-4.072301127741e-01  1.104247972638e+00  8.376774224339e-02 
 4.555702215498e-03 -6.556172586048e-02 -2.403636593683e-02 
-2.873340168918e-02  2.757019355342e-01 -1.024590233068e-01 
-4.697896701491e-01  2.420396363087e-01 -5.191633306400e-01 
-3.027087232888e-01 -7.313508838199e-02 -4.205689533194e-01 
 2.869593566456e-01  9.308739411746e-02  3.547009462184e-01 
-2.817024900751e-01 -2.004901242432e-01  3.722150426845e-01 
-3.140022566855e-01 -9.983799289120e-04  2.086680035094e-01 
-9.779525686995e-02 -3.216159777804e-01 -1.208190508317e-02 
-3.701332028364e-02 -2.976324346976e-02  1.350394924708e+00 
-1.522699292195e-01  2.888579695394e-01  3.686607630239e-01 
 2.203779319808e-01  2.603887052454e-01  7.925141865584e-01 
-3.557093224721e-03  1.156489512532e-01  3.063289938283e-01 
 4.931142614779e-01  2.010420445861e-02  2.494351081868e-01 
 8.505877170781e-01 -2.415955164770e+00 -4.639884182705e-02 
 8.684053869830e-03 -1.972542563037e-01 -2.299170205892e-02 
 7.928724224539e-01  1.264358463434e+00  2.253086349634e-02 
 6.328097666793e-03  6.115945607083e-02 -2.662870820284e-01 
-1.981081207090e-02 -1.472469398755e-01 -1.515844219929e-01 
 5.392939084908e-01 -8.194901090154e-02 -4.175223548919e-01 
 5.858279617273e-01 -4.764747131294e-01  3.362432764854e-01 
 6.926006003540e-02  1.046713937166e-02 -1.715685333989e-01 
 2.923304431003e-01  2.902186006821e-01 -4.213523035928e-02 
-3.781291017022e-01 -3.790143951255e-01  5.046482477647e-01 
 4.989156003725e-01 -2.442678394877e-01 -6.319526897888e-02 
 3.004663617914e-02  1.487828245309e-01  2.335205597252e-01 
-1.687603408144e-01 -1.973174483110e-02  2.601756689254e-01 
-1.482631477940e-01 -1.017390288618e-01 -1.481839730865e-02 
-2.253564613418e-01  1.297254248388e-01  2.319703556331e-01 
 2.984736406012e-01  2.796305486003e-01  1.601784344447e-02 
 8.859701189154e-02 -1.439670954619e-01 -2.016016088029e-01 
-6.268923014058e-02  1.007838069621e-02  7.130394035440e-01 
 1.108892046677e+00  2.129845243058e-01 -4.001540568705e-02 
-2.589196270237e-02  1.690570119680e-01 -1.236327439286e-01 
-1.713530423527e-01 -8.787505491650e-01  2.245413512628e-01 
-3.263574880144e-01 -1.661692570741e-01  3.151707097302e-01 
 7.277239474474e-01 -2.255962201341e-01 -3.073495690986e-01 
 5.552728400383e-02  1.188673589992e-02  3.037527340971e-01 
-3.246541061005e-01 -5.047543854702e-01 -3.083643712268e-01 
-1.892785146305e-01 -3.723758116658e-01  2.538203445843e-01 
 5.419720992029e-01  2.284722629633e-01  1.318444058165e-02 
-1.061238185581e-01 -3.612919207285e-01  1.102536544819e+00 
 1.778267466358e-01 -3.305647634960e-02  3.856968343371e-01 
 1.850311511349e-02  9.388912034563e-02  5.610566368983e-01 
 5.183537116958e-02  6.062525438012e-01  6.542036316645e-01 
-4.567724804129e-01 -1.235303867288e-01  1.468077632900e-01 
 3.972128860006e-01 -1.627491814459e+00  1.023492528191e-01 
-1.601687949400e-01  2.106355282948e-01  5.517425532382e-01 
 8.459009322255e-01  3.012736803447e-01  1.751953323119e-01 
 6.863903607413e-02  9.185649568555e-02 -2.896095606374e-02 
 6.922332010840e-02 -2.707613944571e-01 -5.852798459215e-02 
-2.588488184452e-01  7.691088554924e-04 -1.306232985972e-01 
 7.809024186426e-01 -6.856647624170e-01  2.845705362749e-01 
-1.390561230778e-01  1.323597977835e-01  4.331718634836e-01 
 5.345672052993e-02  2.472268953603e-01 -3.001654216823e-01 
-3.199938322998e-01 -9.328053736226e-02  3.444585962825e-01 
-4.909996978025e-01  4.804934592050e-01  3.853674536671e-01 
 3.823458105333e-01  1.643793314348e+00 -5.205437475797e-01 
-8.254323323411e-02  2.846171973942e-01 -5.958590950264e-02 
 5.174553831138e-02  1.258727789235e-01  4.906640120288e-01 
-1.395675118194e-01  5.457425874565e-02 -2.660128733143e-01 
-3.665395097264e-01  3.542208890363e-02  3.282744495901e-01 
 1.303416904928e+00 -2.361741628326e+00 -4.190590336039e-02 
-2.863076498407e-01 -5.435785027707e-01  7.480211517751e-01 
 1.369063787904e+00  1.121463884641e+00  6.522185235264e-02 
-1.123187017744e-01 -8.392902808053e-02 -1.412956604326e-01 
-3.456094294080e-02 -5.585404172223e-01 -7.898229304575e-02 
-2.155623332376e-01 -1.328985490716e-01  5.786166789970e-02 
 1.155956144958e+00 -4.152192708843e-01  7.382396941168e-02 
-1.604960286615e-02 -4.812310882287e-01  3.515018766288e-01 
 3.849930040010e-02  9.927812547308e-02 -3.694950913126e-01 
-4.339675856651e-01  1.594318879248e-01 -1.629707004522e-01 
-2.498423362428e-01 -1.642421583837e-01 -5.786535421348e-01 
 4.690665073467e-02  2.148756478035e-01  4.532457996745e-01 
-8.047082466384e-02 -1.001446380948e-02 -9.685791616651e-02 
 1.448253617077e-01  2.101348285903e-01  2.742247215394e-01 
 1.965384290015e-01  6.089420160093e-01 -2.102484622298e-01 
 3.533878974811e-01 -1.553517540635e-02  4.350671952679e-02 
 2.765462588385e-01  2.275094225968e-01 -2.883732385382e-02 
-4.856889895401e-01  4.113946763311e-01 -2.028939445494e-01 
 1.340377414403e-01  8.384368711122e-01 -1.954836071465e-01 
 9.723045892357e-02 -7.190802399660e-02  1.359262680695e-01 
 1.430765954561e-01 -3.135929185300e-01  8.359101769661e-02 
 5.084664669246e-02  2.899697311445e-01 -6.025103317777e-01 
-4.964830233566e-01 -1.540645872891e-01 -2.524283987761e-01 
-7.542224687329e-01 -3.410003148503e-01 -5.320684258023e-01 
 1.752118598672e-01 -2.245110112080e-01 -4.372594003691e-02 
 1.316225780017e-01 -3.009271697911e-02 -4.277738837408e-02 
 2.331813151090e-01  4.102328700833e-01 -2.406881372046e-01 
-3.891539432375e-02 -9.339848404609e-02  7.092259610138e-01 
 8.777141982656e-02  1.633673957960e-01  5.187865990921e-01 
 6.231392008892e-03  7.104133431661e-02  2.978947509795e-01 
-1.283999015864e-01 -5.612020420346e-01  2.001432223778e-01 
-1.010255391598e-01 -7.104813657496e-03  4.919944502612e-01 
 2.160248047471e+00 -2.035767336240e+00 -6.511985418287e-02 
-5.531123986699e-01 -2.415327342757e-02  4.179730353705e-01 
 9.782685142192e-01  4.926624818031e-01 -1.613533491760e-01 
 4.726802672676e-02 -1.343287287487e-01  5.806600563572e-02 
 2.760967466787e-01 -4.304639799014e-01 -6.439878916478e-02 
-1.027901370658e-01  2.995427967716e-01  6.995020501913e-02 
 2.209876525114e-01 -4.922557055345e-01 -1.242586246185e-01 
-5.891532794525e-01  5.297455091579e-01  1.212438834928e-01 
 2.624079662677e-02 -1.107940880559e-01 -2.296093511490e-01 
 7.304952513732e-02  6.065216680694e-02  1.899344287189e-01 
-4.421388009000e-02 -5.483410104309e-01  2.041126430019e-01 
-3.862799581454e-02 -3.066269767773e-01 -6.310163326680e-01 
-1.294752943866e-02 -2.287265328562e-01 -2.655661168137e-01 
-1.357147169051e-01 -5.508073328280e-02 -9.090788642925e-01 
-1.388212726358e-01 -3.750362646971e-01 -1.810238073378e-01 
-1.876705662410e-01  1.047816871837e-01 -6.749576658794e-02 
-6.604658030697e-02  2.063318672187e+00  8.091086040271e-02 
 6.948316078842e-02  2.969077903126e-01 -3.976761186939e-01 
-1.069974473490e+00 -5.304217318691e-01  4.024186072297e-01 
-3.033355539306e-01  7.122759198523e-01 -3.258512127102e-01 
-5.354428596911e-02  4.160412974333e-02  3.513182084858e-02 
 2.623339430525e-02  5.407590766785e-01  4.983276220632e-03 
-1.212567556886e+00  6.165734375712e-01  1.835287041187e-01 
-5.291531071826e-01 -3.650676852480e-01 -4.684657512039e-01 
 2.240929820009e-01 -2.484541258119e-01  2.812625411556e-01 
-4.151556257990e-02 -5.281804368998e-02 -3.188475937451e-01 
-8.259181231422e-02 -1.407677443271e-01  9.171912604987e-02 
 1.113186716766e-02  1.054158227063e-01  2.746324043261e-01 
 4.162496783036e-02  8.060635234748e-02  5.230440086089e-01 
 2.290291260968e-02  1.768421134334e-01  9.170309461637e-02 
-7.416794469976e-03  3.543479451378e-01  1.719791201311e-01 
-1.743909064508e-01  1.234155082399e-02  4.271596546307e-01 
 1.556532387613e+00 -2.356902122623e+00  2.349975774801e-01 
 9.503213911611e-01  2.937437458916e-01  3.820751971247e-01 
-1.238064371406e-02  1.002091962028e-01 -6.458955075189e-01 
-3.658041680663e-01  2.234219498570e-02  7.239092212741e-02 
-9.448909580817e-04 -1.890590030420e-01 -2.899876038723e-01 
 4.276444392483e-01  6.025446668918e-01  3.382846725574e-01 
 7.717855456799e-01 -1.399538059464e-01 -3.878641066007e-01 
 3.427088544882e-01 -3.799421212346e-01  4.950392845361e-01 
-5.706795785164e-02  2.366601277543e-01 -7.178173539915e-03 
-1.594515619962e-01  1.836988893860e-01  5.124319043719e-02 
-7.527527276973e-02  1.178287316419e-01  2.165859083938e-01 
-7.059441190576e-04  6.201884895120e-02  1.007953919128e-01 
 2.122008252667e-01  1.420126239644e-01  8.589559274037e-01 
-3.091320366577e-02  8.696382901604e-02  1.685761613157e-02 
 1.263021833068e-01  3.410118624065e-01 -1.634644713334e-01 
 3.151819641255e-01  3.128627995150e-02  1.508988548566e-01 
 5.502507431590e-01 -9.858765025602e-01  1.605693889802e-01 
 4.262647296536e-01  8.022411855094e-02 -9.022145043385e-02 
 4.031675189827e-01  4.985910902510e-01  7.213217726118e-01 
-4.200524257333e-01 -5.143936180896e-01  7.806385458627e-02 
 5.521442254008e-01 -5.155890791172e-01  4.127709903438e-02 
-4.248818898840e-01  2.745409380080e-01  3.757330260276e-01 
 5.826469043016e-01 -9.282183015359e-02  3.021151936629e-01 
 1.814858430041e-01 -3.185529893179e-01 -1.633824788647e-01 
-2.975486183641e-02 -9.659217459165e-02  6.469442326040e-02 
 1.587076882697e-01  6.033385446493e-01 -4.460296962072e-02 
 3.195634336971e-01  1.002026458219e-01  3.559260629473e-01 
-9.586099095404e-02 -5.208975337073e-01 -3.367035194251e-01 
 6.380523255463e-02 -1.549895061130e-01  3.491326803972e-01 
-1.672397970333e-01 -2.842757541742e-03 -4.479908678736e-01 
-2.066218922848e-03 -2.233709483441e-01 -4.287919389483e-01 
 9.260202582286e-02  1.508329043758e-01  8.292620196349e-02 
 2.161677935775e-01 -1.111041146369e+00 -2.125462727448e-03 
-5.517595356560e-01 -3.232076888010e-01  6.219239604420e-01 
-3.614566125400e-01 -7.019346589929e-01  9.527001135235e-02 
-3.339220826558e-01  4.207796842188e-01  9.129522288850e-01 
-1.223230087234e-01  1.307890861133e+00 -4.011805475761e-01 
-4.520446061042e-01 -2.263957383030e-01 -2.125939372316e-01 
 9.433483778096e-02 -4.588457109523e-02 -1.891790421985e-01 
-1.091815013264e-01 -1.088725467412e-01  1.258472201635e+00 
-2.539536391169e-01  7.444271114950e-01 -4.628097243144e-02 
-4.462763008388e-01  6.930908253319e-01 -3.439638843441e-01 
 2.866409967398e-01 -1.236674725560e-01  3.561770560599e-01 
 2.467719142761e-01  1.193020392300e+00  6.664064455057e-01 
-3.155095848005e-01  6.207974775381e-02 -1.424487598705e+00 
 2.340899874999e-02  3.545820088251e-02  4.870554417929e-01 
-9.744584736646e-03 -1.784133784022e-01  9.755613707602e-01 
 4.935882196628e-01  1.123865594130e-01  2.201394534013e-01 
 7.538653630946e-01 -1.188312253402e+00  2.221281471368e-01 
 8.516004170898e-01  2.346898642883e-01  3.586713397367e-01 
 5.317214836111e-01 -2.392034914411e-02  2.837581894319e-01 
 3.171415791673e-01  2.452192700209e-01  4.805830848809e-01 
 4.003083424525e-01 -1.149627878372e+00  2.133878595243e-01 
-1.023220875586e-01  6.259501092205e-01  1.128979036727e-01 
 1.357128920090e+00 -5.325979893111e-01  4.919141384982e-02 
 4.741018911749e-01  1.329293652163e-01  4.376107850614e-01 
-1.090311745269e-01  1.738425675200e-01 -6.373000326278e-02 
-9.248476601054e-02 -2.559106426124e+00  7.947653869451e-01 
-1.851518087526e-01  3.305790038446e-02 -1.254510376203e+00 
 8.759852153708e-02  7.281117232213e-01  6.041762336569e-01 
-1.568960528836e-01  1.946698472113e-01 -6.444391350654e-01 
-1.236635116756e-02 -4.766596280889e-02  1.495115892926e-02 
 4.482748430194e-02  2.015546752957e-01  1.029768796489e+00 
 3.501414813947e-01 -4.996306977414e-02  8.195743848534e-02 
 3.561733496873e-01  8.143243617707e-02  1.047805754902e-02 
-6.283853579197e-01  4.314079230238e-01 -1.311849086290e-02 
-5.869267315704e-01 -2.387309958967e-01  8.935031313524e-02 
-9.873232442017e-01 -6.751259672363e-01 -5.964827725029e-02 
-7.234323992378e-01  5.602303987014e-01 -8.486888479737e-02 
-3.065162179401e-02 -2.367809696832e-01  3.991837474606e-01 
-2.487982227653e+00  9.131507929278e-01 -5.454768496129e-02 
-1.010631717657e+00  4.437918095694e-01  2.390519194987e-01 
-7.515522000790e-02  2.071753181748e-01  6.095019768242e-02 
-5.559294391818e-02 -2.010148938718e+00  6.219633440334e-01 
-2.046803797266e-01  1.798355141712e-01 -7.718228757308e-01 
 9.141988221689e-02  5.663438433173e-01  4.471874943313e-01 
-7.066010591975e-02  1.231672278035e-01 -1.823993022195e-01 
 2.925498597449e-02  1.620897238999e-01 -6.403770753586e-02 
 2.553966416140e-04  1.325316297607e-01  6.572086489779e-01 
 1.489289857732e-01  2.292882779183e-02 -3.404503845002e-01 
-1.644364556182e+00 -1.585260618620e+00 -4.800432357557e-01 
-8.173372174019e-01 -6.017567335763e-01 -6.067843468940e-02 
-4.246293979144e-02  1.003109468563e-01 -6.242282666197e-01 
-8.033319001599e-01  3.797408217785e-01 -3.511007674545e-01 
 1.218914124649e+00  4.244956529987e+00 -1.684331095329e+00 
-5.287489275856e-01 -1.269133135183e+00 -6.944616062114e-01 
 1.261568579605e+00 -4.215739682057e-01 -2.039838999684e-02 
 5.460277271854e-01 -2.853495093541e-01 -1.496983737751e-02 
-9.672524327143e-02 -2.134736901960e-01  4.582517691874e-02 
 1.313150335656e-01 -1.188463438667e+00  3.405691134809e-01 
-1.549249432034e-01  4.809595672382e-02 -4.119608050391e-01 
orbocc
(*)
 0.000000000000e+00  0.000000000000e+00  0.000000000000e+00 
 0.000000000000e+00  0.000000000000e+00  0.000000000000e+00 
 0.000000000000e+00  0.000000000000e+00  0.000000000000e+00 
 0.000000000000e+00  0.000000000000e+00  0.000000000000e+00 
 0.000000000000e+00  0.000000000000e+00  0.000000000000e+00 
 0.000000000000e+00  0.000000000000e+00  0.000000000000e+00 
 0.000000000000e+00  0.000000000000e+00  0.000000000000e+00 
 0.000000000000e+00  0.000000000000e+00  0.000000000000e+00 
 0.000000000000e+00  0.000000000000e+00  0.000000000000e+00 
 0.000000000000e+00  0.000000000000e+00  0.000000000000e+00 
 0.000000000000e+00  0.000000000000e+00  0.000000000000e+00 
 0.000000000000e+00  0.000000000000e+00  0.000000000000e+00 
 0.000000000000e+00  0.000000000000e+00  0.000000000000e+00 
 0.000000000000e+00  0.000000000000e+00  0.000000000000e+00 
 0.000000000000e+00  0.000000000000e+00  0.000000000000e+00 
 0.000000000000e+00  0.000000000000e+00  0.000000000000e+00 