2mocoef
header
1
MO-coefficients from MOLCAS
1
48   48
a
mocoef
(*)
 2.920569067198e-05 -2.402674436066e-04  2.893151636963e-03 
-2.758002321132e-06 -3.914130515150e-05 -4.119434277958e-04 
 1.149945905949e-04 -1.005910355117e-04  1.691504456237e-03 
-5.350366019004e-05  4.888526844578e-05 -5.373516260495e-04 
-6.479479959415e-05  8.758452175624e-05  1.001240972879e+00 
 6.682724688786e-03 -7.238181744348e-03  1.340017022947e-04 
 2.399198346919e-04 -7.113481564517e-04 -1.728728074769e-04 
-2.375843131946e-04  2.152389092778e-03  8.837383505987e-05 
-9.674098122598e-06  2.181276706549e-04 -1.498411783036e-04 
 3.021171852132e-04 -4.524604608336e-04  2.275487813609e-04 
-3.452328589306e-06  5.113281531852e-06 -1.058992846290e-04 
-2.463259638557e-04  3.708453053211e-04  5.662373581006e-04 
 9.329336972456e-05  1.250516035858e-04 -6.935194361972e-04 
 5.968987350046e-04 -5.961993722456e-04 -3.997682401577e-05 
 2.282384927852e-04 -1.824245855121e-04  2.200051394619e-04 
 8.814513602042e-05  1.429325175626e-05 -1.673781540499e-04 
 1.001208959240e+00  7.422697193728e-03 -4.184088704168e-03 
 9.975629627415e-05 -4.961765084510e-04  1.767318559512e-03 
 4.260330450815e-05  5.379542539989e-04  7.660955255748e-04 
-1.027769432141e-04  7.558124584194e-05  7.687523867249e-04 
 1.727517427309e-04  5.082974349594e-04 -1.747556407764e-04 
 5.026147815670e-04 -3.301731993133e-03  6.905005532783e-05 
 1.451499616721e-04  3.571524101231e-04 -4.496860798992e-04 
-2.559985668809e-04  2.140709888613e-03 -5.644603571880e-05 
 6.534142504295e-05 -3.105049494747e-04  8.650721917631e-05 
-3.391857919375e-04 -2.820166427347e-04  1.417848474166e-03 
 2.259300218782e-04 -1.326893901026e-04 -1.969500047746e-04 
 9.253169374772e-04 -4.551968607661e-04 -7.138300877259e-05 
 1.699298899921e-05 -4.374214079313e-04  2.011627493157e-04 
-3.464369061653e-04  2.455287188676e-05  4.237620304603e-05 
-4.112252549945e-04 -3.551635273121e-04  1.451307230323e-03 
-3.338398080494e-04 -9.530062788895e-05 -2.550569629713e-04 
-1.172598820943e-02  4.227894056919e-01 -1.632578134185e-01 
 9.132474852220e-03 -1.532559087297e-02  1.745739491936e-01 
-5.317936585331e-03  7.171389861057e-03 -8.463115814355e-02 
 5.234917672916e-04 -1.585633344177e-03  2.860460473919e-02 
 6.113029123165e-04 -7.661638033040e-04 -1.516434037443e-02 
 7.813578532685e-01 -1.623013474045e-01  2.754803021376e-02 
 2.218672177375e-02 -5.727542896398e-02 -7.992928818465e-03 
-4.931732718686e-03 -7.614514029578e-03  5.686702574550e-04 
-1.000473387299e-03  1.142668327558e-02 -1.217509620695e-03 
 2.637297005898e-03  1.154002618881e-01 -5.783184050550e-02 
-9.425159416745e-03  3.056891958714e-03  7.532736413409e-03 
 2.875000481040e-01 -1.389433114956e-01 -3.069766796818e-02 
-4.270833035717e-03 -1.417514677642e-02  2.507539815872e-01 
-1.220160978549e-01  2.495371424990e-02  3.097162491999e-03 
-1.696485822021e-02  9.318637931015e-02 -4.752277766763e-02 
 7.171894062190e-03  4.514638048169e-04  8.197686894657e-03 
 5.239420216961e-03 -7.037245490520e-01  1.548340932491e-01 
-1.315098738144e-02  4.463871564936e-02  8.356100829952e-02 
 6.199829096541e-03 -1.167558589719e-02 -1.035471074555e-03 
 1.407457145728e-03 -2.293933430770e-03  2.200777562465e-03 
-3.703366901037e-03 -7.340957604302e-03 -2.509463274062e-03 
 3.106333287891e-01 -3.869549917269e-02 -5.837302090988e-02 
-2.575020930277e-02  3.659554286106e-01  1.320716226024e-02 
-4.076168792228e-03 -8.332228336773e-02  8.288629029025e-04 
 6.991716689869e-04 -1.526892950497e-02 -1.342557944453e-03 
 3.518356417341e-03 -3.272520671591e-01  1.565116451430e-01 
 2.253721014012e-02 -6.505244529116e-03 -9.611713853831e-03 
 2.114586087280e-01 -1.000175632858e-01 -2.126957487842e-02 
-3.717969615263e-03 -1.535882949673e-03  3.395579418016e-01 
-1.554806257144e-01  2.630810991750e-02  2.046770010833e-03 
-1.537522121076e-02 -3.099571623737e-01  1.428727949045e-01 
-2.024272727453e-02 -1.474342092389e-03 -1.296635045869e-02 
 1.969023274453e-03 -9.961042664440e-02  1.220749192740e-02 
 2.079176279887e-01  4.523314742451e-02  1.271524678703e-01 
-3.154317713736e-02 -1.037241522573e-02 -2.835853002598e-02 
-2.789653259310e-03  4.091908371618e-03  7.321779618485e-03 
 3.247615143688e-02 -8.318923285978e-04  1.333806242920e-03 
 7.691642755020e-03 -1.934980764674e-02  6.651278865386e-01 
 1.178796495301e-01 -9.821261353789e-02 -1.347853662668e-01 
-1.680408690166e-02  3.222225883544e-02  2.319642494359e-03 
-9.113465396665e-04 -2.675845656471e-03  6.007745715594e-03 
 7.090650366067e-04  1.139117319203e-03 -2.031658624752e-02 
-1.269039836363e-03  2.593910715654e-03  7.267955853004e-04 
 4.908569159484e-01 -2.132554091326e-01 -2.308661252305e-02 
-3.525227883868e-03 -2.671250476542e-02 -5.056308520763e-01 
 2.113154959429e-01 -2.007090295293e-02 -4.757464524024e-04 
 2.792876465294e-02 -1.940665069292e-01  1.022456059362e-01 
-1.498244644126e-02 -1.489753916444e-03 -6.997675468194e-03 
-5.143857202364e-03  1.181956614828e-02  6.550960384913e-02 
 4.655753942652e-01 -1.354236555328e-01 -4.534271367035e-01 
-9.110140125263e-02  2.831916159668e-02  1.432110102215e-01 
-9.555914048828e-03 -8.970634991700e-04 -3.094221611648e-02 
-6.564854830803e-03  7.813771775393e-03 -1.568870467036e-03 
-9.213555130360e-02  1.862399165233e-02  1.007696718226e-02 
-1.514667372768e-01  4.477462882517e-01  6.117643590802e-04 
 8.887574870350e-03 -8.477706130156e-02  6.404789681253e-04 
 7.133723518711e-03 -1.250908798658e-02 -1.541382633214e-02 
 5.568333559659e-03  5.904791306825e-01 -2.272807000366e-01 
-2.449879034427e-02  8.779018557562e-03  1.123437294167e-02 
 9.613562487967e-02 -5.280123765713e-02 -1.023775388251e-02 
-5.660704368336e-03  4.601147388282e-03  2.488187011846e-01 
-8.027836347497e-02  1.352630247606e-02 -2.057297239592e-03 
-1.237629370606e-03 -1.175809944614e-01  4.153647463309e-02 
 3.008577163507e-03 -3.417188971039e-03 -1.077114861002e-02 
 2.807121804568e-04  3.515149606151e-02 -4.703487289939e-03 
 1.990442259514e-01  2.813818210318e-01  1.309186542404e-03 
-2.268825177661e-02 -6.638505264184e-02 -4.602916494410e-03 
-3.269167433346e-03  4.189902119361e-02  2.327578880403e-03 
-1.495804533239e-02  5.204514502483e-03 -9.272182505026e-04 
-3.900818405189e-02 -4.040395235483e-03 -1.980073822181e-01 
 7.917688183061e-01  2.970064342212e-02  8.357895555280e-03 
 3.451117716545e-02 -5.581293398190e-03  6.008078132807e-04 
-1.762877933357e-02 -8.722001858094e-04 -8.355392426014e-03 
-2.627065985999e-03  1.661352135687e-01 -5.116439864643e-02 
-7.741735583820e-04  8.217840688754e-03  4.281972359021e-03 
-8.679608448549e-02  2.424682699353e-02 -1.192419098186e-03 
 2.213275671876e-02  2.359847047042e-03  1.125779800457e-01 
-3.423811408938e-02  6.074225433631e-04  2.131434837227e-02 
-4.591443685395e-03 -1.719702443856e-01  6.066070870521e-02 
-5.061079458792e-03  5.382620283340e-03 -6.413742871223e-03 
-3.163349573685e-03  1.586294338687e-02  8.818874049403e-02 
-4.373822759932e-01  9.191232605567e-02 -4.267034671237e-01 
 7.196230076296e-02 -2.426733617192e-02  1.284523966368e-01 
 6.587834418001e-03  1.553026213047e-02 -1.929102568176e-02 
 2.130499006821e-02  9.297131916043e-03 -7.958684419040e-04 
-7.320904888876e-02  3.749376277249e-04  2.181391004491e-01 
 2.013383299955e-01  3.992107565747e-01 -3.398662853048e-02 
-3.050205050313e-03 -6.521423392369e-02  2.258291918464e-03 
-1.635715819476e-03 -1.521572438865e-02  1.773327748997e-02 
 4.871522566282e-03 -2.036681441358e-01  7.334253845463e-02 
 2.624547616131e-03 -1.678674368695e-03 -1.283140417303e-02 
 3.807913396353e-01 -1.296071017392e-01 -1.929572429662e-02 
 1.153956278162e-03 -3.735839342538e-03 -2.982985851084e-02 
-6.184967704698e-03  8.600280433590e-03  5.288286339547e-03 
 8.726267840297e-03  5.618951204778e-01 -2.088030247970e-01 
 1.988532944797e-02  5.335091994543e-03  1.470854413229e-02 
-3.269892687515e-03 -1.547037163288e-01 -7.811283117543e-02 
-1.006699112394e-01 -9.050933748822e-01  7.423472317604e-02 
-1.721337637143e-02 -1.076770851678e-01 -6.727149739061e-03 
-3.225445374522e-03  1.584297101476e-02  4.902622031102e-03 
-4.961041645458e-03  4.273116996208e-03  6.869203939549e-04 
 2.213634583969e-02 -8.550665212287e-04 -2.389545001516e-02 
 4.031260201600e-01 -3.555843159253e-02 -1.771787644424e-02 
 1.826053157067e-01  1.195520808574e-03 -5.688738222011e-05 
 2.179001571567e-02  1.688983897819e-04  7.418275737770e-03 
 9.348885523399e-04  1.161316013659e-01 -9.735713317254e-03 
-6.420288663102e-03 -2.027270305326e-02  3.081490388839e-03 
 6.254100910366e-02 -8.573193839873e-03 -2.542471014630e-03 
 1.239826848989e-02 -4.174740108803e-04 -5.232989406127e-02 
 9.654807418301e-04 -1.890128653090e-03  1.397556811822e-02 
-6.526707909437e-04  6.577991275056e-02 -1.985254793447e-02 
 1.766117793553e-03 -2.043031762013e-02  3.944392864184e-03 
 1.717252545117e-02 -1.335025335146e-01 -8.646343838502e-01 
-5.345743949526e-02  5.008761175336e-02  1.954833989214e-01 
-1.114893530076e-01  1.228747006347e-01  2.657575225684e-01 
 4.368488650251e-03 -4.370004683838e-03 -8.852461440200e-03 
-1.968695627811e-03 -6.037373717806e-04  2.995748489592e-02 
-2.272120357001e-01 -9.507427581263e-01 -5.931509475118e-02 
-2.901590300754e-02 -1.730382431971e-01 -4.906075103144e-02 
-5.527036787283e-02 -2.879485389088e-01 -3.294230383271e-03 
-2.479697707692e-03 -5.633229103238e-03  4.858515394733e-03 
-5.970044406346e-03  6.304821801100e-02  7.337333324863e-01 
 1.577553898303e-03  1.251610949737e-03  1.098778743123e-02 
 1.469793623307e-01  8.200753954804e-01 -8.543013428998e-03 
-2.502196899706e-03 -5.348343047165e-03  1.076656324484e-01 
 6.296496167553e-01  9.392764369724e-03  1.658863544959e-03 
-9.447329917743e-03  2.044159379082e-02  4.694241249416e-01 
-4.198986665239e-03 -2.631837361597e-04  1.044528186216e-02 
 9.577865634081e-03 -1.050445410128e-01 -4.211634664467e-01 
 3.618183290673e-01 -4.150668018372e-03  1.035405736863e-01 
 5.731707778489e-01 -3.478234691207e-02  1.755908635191e-01 
-3.140725361927e-03 -3.065991622996e-04  5.850175773830e-03 
 2.463273769480e-02  9.942271753140e-04  1.298244112041e-03 
 2.631830739755e-02 -5.771159404502e-03  2.785764355110e-01 
 4.630777349752e-02 -4.485405753002e-02  2.616419573357e-01 
 6.041243250041e-02 -3.386615407871e-02  2.714110863641e-03 
-2.155027777035e-03 -1.658665250349e-04 -2.665107775327e-02 
 1.532184428324e-03 -6.658999242538e-02 -5.681233210467e-01 
 4.813846327085e-04  5.889893400801e-04 -2.548859676672e-04 
-1.618278939892e-01 -8.767989469474e-01  1.982050725661e-03 
 1.552825278291e-03 -5.302101242154e-03  1.613430074889e-01 
 7.709186994182e-01 -1.253112369030e-03 -4.237942784587e-04 
 7.293764302340e-04  1.853392689648e-01  1.262352762592e+00 
 7.291493236161e-04 -1.647829977960e-03 -1.146267853559e-04 
 2.865454630593e-02 -3.061408650055e-01 -1.230526479441e+00 
-5.349352816813e-02  1.133125844555e-01  1.098276698843e-01 
-9.107576726890e-02  1.900924779265e-01  3.270650147178e-01 
 3.358957556704e-05 -1.789049734270e-03  1.175295450988e-02 
-5.944375213397e-03 -4.582770136764e-03 -1.982632139499e-02 
 2.000970665371e-01  6.685670672454e-01 -1.014596234023e-01 
-2.346439026562e-02  5.645221012556e-02 -1.230866849482e-01 
-6.175777277982e-02  1.134448197030e-01 -1.232048059333e-03 
-4.070239226654e-03 -8.881997151449e-03  1.439684698127e-03 
 7.573851194150e-03  1.318077440055e-01  1.210601261023e+00 
-5.165431446230e-03  3.533516326857e-03 -1.072195414452e-03 
-4.767275019234e-02 -2.755324748547e-01  9.524311426892e-03 
-1.233902407828e-03 -6.824712071385e-03 -1.438780452863e-01 
-8.583594860692e-01 -1.304517702311e-02 -5.331171373656e-04 
-2.200844499434e-03  1.026030368329e-01  8.257982212165e-01 
 4.749021219834e-03  3.444948488210e-03 -2.550253423306e-03 
-2.782164441092e-03  5.999010243603e-03  2.081633736793e-01 
 3.612081185319e-01 -7.569373278152e-02 -2.364735886855e-03 
 9.978142766156e-01 -8.935148032110e-02  8.877916842550e-03 
 2.678086925374e-04 -1.929417099734e-03 -6.065152315861e-04 
 8.659566666083e-03  4.607679707163e-03  5.441474240226e-03 
 7.868701123271e-03 -1.097405665410e-01 -3.254648533054e-01 
-3.370117907282e-02 -1.390284172536e-02 -6.634479975541e-01 
-3.179411430746e-02  2.751699493358e-02  2.361328175720e-03 
 1.574721067622e-03  3.943495935394e-03 -2.530611451781e-02 
-2.533028400595e-03 -5.058197560687e-02 -1.566517877699e+00 
 3.292004214605e-03  3.849785330977e-03 -6.779495611435e-04 
 3.364128701050e-02  1.202214179605e+00 -1.364087279156e-02 
 2.697654238181e-03 -1.361973892693e-02  5.987583309851e-03 
-1.048455018858e+00 -9.261215313207e-03 -2.734540163950e-03 
 1.371621868515e-02  6.509320930284e-02  1.215527342660e+00 
-1.358681341593e-03 -4.945564170983e-03 -1.853154641690e-03 
 6.929820489520e-02  1.030071446229e-01 -2.186760925248e+00 
-2.016148675057e-02 -4.199859013019e-02 -5.922024748695e-02 
 1.860957093859e-02  6.838941451364e-02 -2.471583448838e+00 
 1.098971373697e-02  3.436193475692e-03 -1.252191341426e-02 
-2.397262768629e-03 -2.907199770504e-02 -5.659421628952e-02 
 2.493494527913e-02  1.967740075008e+00 -2.400457458284e-02 
 2.061678963882e-03 -3.778649456716e-01  1.025550140476e-03 
 6.399980325822e-02 -1.235332773554e+00  4.348235143619e-03 
 1.492485128420e-04  3.647168734385e-02 -3.316118660335e-03 
 1.154103422341e-02 -1.959215506623e-01 -1.311239411434e-02 
-1.477336596470e-02  5.040929805170e-03 -5.940891037249e-03 
-1.377942758803e-02  6.464565744173e-01 -1.411375708436e-03 
 3.984839485452e-04  2.296486770391e-02  2.105023625180e-02 
 6.275642238207e-01  1.836134647149e-03 -1.139677983932e-03 
 2.671655822829e-02 -4.791941441963e-02 -3.635821224474e-01 
 2.398781638580e-02 -8.729581456933e-05 -1.471364575917e-02 
-4.825293730017e-02 -2.093609307277e-01  2.134876457695e-02 
 1.018546789394e-01 -9.068528288625e-02 -2.147749411785e-01 
-4.625987860145e-01  1.883869991961e-01 -4.380891153087e-02 
-4.522069771491e-02 -1.446677060393e-02 -1.544013747050e-03 
-2.144548899371e-01 -4.330834189242e-02 -1.784960936562e-02 
-1.133496933774e-02  2.099228130031e-01 -7.097985213922e-02 
-5.918967723040e-02  2.733112426751e-02  2.905537201599e-03 
-1.310596697117e-02 -1.809416172155e-01  1.469346444663e-03 
 1.328647534001e-02 -2.885614674753e-02  9.784700498689e-02 
-2.140133534100e-03  6.788419848213e-01 -6.600563423706e-01 
-4.983688849017e-03 -1.357520482647e-02 -6.456519370520e-02 
 6.729589001587e-01 -5.847739803206e-01  1.729444730151e-02 
 1.254947366860e-03  9.064799557349e-02 -8.778334129626e-01 
 8.298948870384e-01  2.726562530897e-02  1.397362213604e-03 
-9.535357631170e-02 -1.205763970535e+00  1.104200414382e+00 
 4.498220590062e-02  1.566057023000e-02  5.466114646410e-02 
 6.631031805628e-03  2.193454638333e-01  3.287063016093e-01 
 7.237416031925e-02  1.162893004331e+00  9.778928019419e-02 
 1.234389670561e-02 -1.649776231040e+00 -1.145927367944e-01 
 2.076413673292e-02  4.234523373559e-02 -3.801611647175e-03 
-2.600351228116e-02 -1.191197055321e-01 -1.206690302106e-02 
-9.764560328182e-02 -2.351712825889e-02 -3.493593355356e-02 
 1.877809508850e-01  7.382099339463e-02  4.049583328204e-02 
 4.659085548270e-02  2.735456082876e-01  1.038426699934e-03 
-5.080289697697e-02  1.159216967622e-02 -2.983007790323e-03 
-2.601326568696e-02 -6.758078803268e-01  3.124459440080e-01 
-2.058260738717e-02  1.856588347386e-02 -1.370137633993e-02 
-2.525146503590e-01  2.087032651051e-01 -1.566951214170e-02 
-1.499244240215e-02  2.868042068047e-02 -1.656870156560e-01 
-1.539225931829e-02  1.924637602586e-02 -1.285147208026e-02 
 1.618371477070e-02 -6.621043173624e-01  5.554966156756e-01 
 3.983997274129e-02  1.884307430197e-03 -5.985103622369e-03 
-8.844812282639e-02 -1.403385678109e-01  6.701300828822e-01 
-1.455461311381e-01 -7.425670330725e-01  1.344480515741e-02 
 4.080584393980e-01  7.632529530251e-01  2.098236761643e-01 
 6.376759334786e-02 -5.220268602325e-02 -1.920683524511e-02 
 3.070253782362e-02 -2.343343713677e-01 -2.870048123341e-02 
-1.905989839407e-01 -6.384438130104e-02  9.994577943550e-02 
-1.102975355619e-02  2.177772834033e-01 -1.285633629285e-01 
-4.763597965927e-03  2.396911983303e-01 -2.484931614298e-03 
 3.724681033669e-02  1.476370362795e-02 -2.881722817342e-02 
-3.777174774047e-02 -1.278105614328e+00  1.038678606630e+00 
-1.156069120494e-01 -6.627172240655e-03  3.222050795739e-02 
-3.829236933633e-01  1.241860087714e-01 -4.216141145016e-02 
 2.060215573273e-02 -1.931333476659e-02 -5.594746276769e-02 
-1.507052948820e-01  1.417881054041e-02  2.057119625621e-02 
 4.579806853151e-02 -9.271429347148e-01  9.866052720154e-01 
 9.562790938223e-02 -3.458834299133e-02  2.662480123595e-02 
 1.931204292825e-01  9.148295079388e-01 -4.429219618412e-01 
-2.780864871587e-02 -1.627826678690e-01  1.132084694138e+00 
-3.210053332347e-01  2.303810729790e-01 -1.013075989018e+00 
-5.807668022565e-02  1.430095070625e-02 -1.110761608607e-01 
-5.482979393337e-02  3.039301849179e-02  7.429104444663e-03 
-8.141485161690e-02  2.260718856670e-01  4.011510095928e-02 
-3.948927563274e-02  1.074183338580e-01  1.527869917359e-01 
-6.929099335998e-03  7.336721118373e-01 -1.424812476167e-02 
-5.749151159854e-03  1.331737734740e-01  1.547170059689e-03 
-2.821254714080e-02  4.926186114636e-01 -3.415076727079e-01 
 6.938865938656e-02 -3.288425608674e-02  8.200136229869e-03 
-6.454970817301e-01  4.729144926761e-01 -7.597218229149e-02 
-1.967879701255e-02  1.275433419774e-01 -4.050029555705e-01 
 1.187196902188e-01  8.239348068276e-02  6.644492953079e-03 
 1.214629120844e-01 -6.486742405057e-02 -1.024365346555e-01 
-5.858303381307e-02  8.856100279180e-03  2.150576562365e-02 
-1.038156368249e-01 -6.479756866384e-01  6.159115944710e-01 
 3.828524787142e-01 -1.588321180051e-02 -4.244251910411e-01 
-7.778676988079e-01  5.147171206697e-02  3.304803471817e-01 
-2.906562600705e-03  6.135916325608e-03  1.165738348099e-01 
 7.522874550827e-02 -1.923344521925e-02  4.194909930869e-02 
 5.478109451377e-01 -5.199431688088e-01  2.109389146169e-03 
 2.639918043700e-02  1.748561827697e-02  1.421528348609e-01 
-1.716714748011e-02  3.771188951465e-02 -4.701594212581e-02 
 3.284950031801e-03 -6.258292608164e-02  2.068646647754e-03 
-1.682504058650e-01  1.070552638324e-01  2.085186276262e-01 
-3.573750726325e-02  1.415572600625e-02  1.371293526828e-02 
-1.372090454947e+00  1.260746754069e+00 -1.799775687909e-01 
-2.060984535755e-02 -4.245075659907e-02 -1.155452451888e+00 
 1.033884858191e+00  1.615889390576e-01  2.759050016693e-02 
-8.876628595424e-02  3.922205597500e-01 -8.129608253918e-01 
-4.309909365757e-02 -1.753207861023e-03 -6.364074657092e-02 
-2.629370299000e-02 -1.745048093007e-01  3.618236286481e-01 
-1.272012281853e+00  7.899192600023e-02 -1.274742830267e-01 
 3.047438634258e+00 -2.148273859958e-01  3.267354324215e-01 
-3.017773813421e-02  3.562559425176e-02 -7.305506856880e-04 
-2.003314662521e-01  3.813807359725e-02  2.573763069859e-02 
 2.091237267612e-01 -3.332050471965e-01 -6.173885985276e-02 
 7.144526313132e-02  2.153799994137e-02 -2.563799329149e-01 
-7.799403170402e-02  3.500186098006e-02 -1.118228584154e-03 
-5.337474910810e-03 -1.637205474522e-02  5.351613074843e-02 
-5.444132638509e-02  1.331667281470e-01 -1.724630738810e+00 
 1.900509490518e-01 -3.489816054971e-02 -9.559760810467e-02 
-2.260665163643e-01 -3.965980767031e-02 -3.735282790014e-02 
 1.080622022973e-02 -3.427668172720e-02 -5.109162840437e-01 
 6.820114075766e-01  8.480796523771e-02 -6.527064165595e-03 
-1.479792103183e-03  1.430653807006e-01  1.374901525559e+00 
 1.349936785162e-01 -2.196342058764e-03  9.684706293928e-02 
-1.304885984475e-01 -5.345956703406e-01  1.160976915426e+00 
 2.202052822943e-01 -7.413611175407e-02  3.423590994118e-01 
 1.108579731373e-01  5.078704761812e-02 -2.776475801933e-01 
 1.685606552089e-01 -1.638912872435e-02 -5.306502342338e-02 
-2.051578264624e-02  1.989557380857e-02 -2.657060211905e-02 
-1.713060250233e-01  8.757462590037e-02 -8.770490158010e-01 
 8.833406600834e-02  1.213591766600e-01  1.122831746561e+00 
-8.452713336935e-02  9.928408438006e-02  3.813115050380e-02 
 2.934840355489e-02 -7.988995637425e-03  1.710889056784e-01 
 1.382533756884e-02 -7.295385135770e-01  4.600327236870e-01 
 2.687429563750e-02  5.357509677574e-02  6.747265207942e-02 
 6.115310323329e-01 -1.398668214951e+00  1.893178946960e-01 
 6.816130507159e-02  1.665307348863e-01 -6.937653349735e-01 
 1.264637646725e+00  1.531253926911e-01  6.143170284411e-03 
-1.739400565132e-01  7.088654076366e-01 -8.866441405262e-01 
-5.333781162079e-02 -6.262093875167e-02 -8.149642445428e-02 
 1.561901202131e-01  7.110776670678e-01 -1.183027092565e+00 
-5.066028160145e-02  1.946206572532e-01 -1.217411415488e-01 
 2.262753603522e-01 -5.942639058014e-01  2.702318864865e-01 
 3.930289819359e-02 -1.700772588858e-01 -3.776395705893e-03 
 2.963543879346e-03 -3.060892198558e-02  1.479000917138e-02 
 9.200545667935e-02 -1.174901867040e-02 -2.321943681158e-02 
-1.355815641157e+00 -1.218106107159e-02  7.144653190806e-02 
 1.908877938521e+00  1.066220126502e-02  4.045389078132e-03 
 3.755912791836e-02  8.164763651953e-03  2.865390814434e-02 
-2.709313735222e-03 -7.638008716753e-02  2.549966446721e-01 
-3.650921941882e-02  2.587323979027e-02 -8.241600047717e-03 
-4.368471421551e-02 -1.895670456283e-01  3.533748718795e-02 
-3.121246465509e-03  5.324043083646e-02 -1.446537035726e-01 
 2.840796894430e-01  4.959408952995e-02  1.347196087572e-02 
-1.201823430384e-02  1.378319718823e-01  2.419385320977e-01 
 4.873906142493e-02 -3.211055623366e-02  1.307822022182e-02 
 6.805181167558e-01  3.068846904739e+00 -5.444586037290e+00 
 2.536683733871e-02 -1.290493185342e-01 -5.178267422475e-01 
-1.920646384597e-01  4.923792802511e-01  8.147162019832e-01 
-1.012592869149e-02 -2.228354329253e-02  6.232531284618e-02 
-3.799707544451e-02 -2.870720909821e-02  5.964593711514e-02 
 3.254853280579e-01 -1.929405348434e-02 -2.888435484178e-01 
 3.290469610668e-01  1.108769768997e-01  5.841961084351e-01 
-4.448724769551e-01 -5.362278167890e-01 -1.763857614399e-02 
-3.295701111032e-03  4.423050297662e-02  3.541290274689e-02 
 7.687766148993e-03 -1.934848136410e-02  1.301906170086e+00 
-1.391491009659e-01  7.261791789194e-02  1.210762093262e-01 
-4.653961421610e-02 -1.171063599906e-01 -5.686252560860e-03 
-2.496362481617e-02  7.940461160977e-02 -1.433506435398e-02 
 4.437576848652e-01  1.126812371648e-01  2.776002658671e-02 
-2.637414766396e-02  1.221107989313e-01  9.462209470716e-01 
 1.520686246960e-01  6.958727765018e-02  9.734390115763e-02 
 9.131248690016e-03 -1.264874463210e-01  1.860209414295e+00 
-5.264747694200e-02 -8.194062207792e-02 -2.757246922072e-01 
-7.862759252465e-02  1.042614363618e-01  1.746704166986e+00 
-1.463707816433e-01 -6.854904404045e-03  3.355254803529e-01 
-3.944067440610e-02 -1.172783946456e-01 -6.762471218140e-02 
-3.553446103332e-01 -3.121765937047e-01 -3.018545472478e-01 
 1.583424742193e-02 -1.081553894602e+00  6.976110361334e-01 
-3.364016149484e-02  2.747533257778e+00 -1.261390059610e-02 
 1.133596584981e-02 -9.996897232739e-02  1.177661341737e-02 
 3.614371362959e-02  1.011450438778e-02  2.761748822577e-01 
-2.124166124491e-02 -8.039160716612e-02 -3.929496186254e-02 
-3.656545791840e-01 -8.747374283701e-01  2.285866660051e-01 
 1.396686103664e-02  9.755707173646e-02 -7.961426567409e-02 
-6.043337985993e-01 -1.079265276275e-01  9.175733950757e-03 
 1.021390203928e-01 -1.592347192971e-02  2.831878218385e-01 
 5.563921613604e-02  6.314097016622e-02 -7.743280143614e-02 
-1.298791547170e-01 -5.130734640947e-01 -1.133639488633e-01 
-1.184402900838e-01  4.907228039070e-02  4.406853792903e-02 
-4.463732453604e-01 -9.150472379367e-02 -8.500989896219e-01 
-4.714004904346e-01 -7.960178403182e-03 -1.440008667291e-01 
 4.256128464340e-02 -8.849884842689e-02 -1.750937830200e-02 
-4.197998350017e-02  5.136103632741e-01 -4.895415666714e-01 
-9.646220421026e-02  3.996039608974e-01  1.434499529243e+00 
 2.592503779555e-01 -1.248969890126e+00 -8.952623663133e-02 
 6.284514141236e-03 -9.201765261672e-04  1.025466173786e-02 
 1.851198369261e-03  1.602285379804e-01 -2.343425948514e-01 
 2.952766385671e-02 -2.634674450621e-01  1.104267275897e-01 
-4.144575989362e-01  1.038141206949e-01  1.152832036656e-01 
-7.347125517443e-02 -2.170391846786e-03  6.709303234215e-01 
 3.727851650489e-01  1.156516894306e-01  9.145668986775e-02 
-1.007432694509e-01 -2.546468265403e-01 -2.035652904563e-01 
 5.167478210466e-02  2.094588733165e-01 -6.316606607785e-02 
 5.747776935453e-02  2.441097373830e-01 -6.282600480741e-01 
 2.780865833444e-02 -1.631029372828e-01  1.031632977065e-02 
-5.035569111233e-01  3.953989672690e-01  6.265712847423e-02 
 8.777929168955e-02  6.191141300134e-01  2.425544040152e-02 
-2.771023494912e-02 -1.220695145695e-01  4.008575461030e-02 
 1.719018009756e-01 -2.315920282315e-01 -1.854947675793e-01 
-2.823483263559e-01  9.263858519144e-02  6.926149682220e-01 
 1.583073273413e-01 -2.797167162451e-01  5.763037590804e-02 
-1.854238521963e-01 -3.117617247631e-03  9.482943936754e-03 
-2.497574822993e-02  3.020227643594e-01  1.517171958338e-01 
-1.023916354388e-01 -1.392298772780e-01 -1.138223363326e-01 
-2.027318215047e-01  1.370260962390e-02  8.198686832998e-02 
-5.909215300945e-02 -4.894548607951e-02  3.758604845931e-01 
 4.757264149887e-02  8.998361949549e-02 -3.182085114108e-01 
-2.822528084771e-02 -2.394440875480e-02 -7.075155345323e-02 
 4.331427562363e-02 -2.462774389846e-01 -1.287677004971e-02 
 5.846099684580e-02  2.390277343647e-01 -4.446114113061e-01 
-3.989082907820e-03  5.188974247812e-02 -7.182946286735e-03 
 1.038268227973e-01 -4.642296889099e-02  7.305532793230e-02 
-7.418005170147e-02 -1.154590374566e-01 -2.657728459735e-03 
 1.232691394905e-01 -1.061688390172e-01  1.213963405784e-02 
 4.956699168771e-02 -6.652204572107e-02  5.796678032930e-02 
 2.881846609900e-02  1.248714367960e-02 -3.109230440406e-01 
-5.188532355169e-02 -4.226901383557e-02  2.685320504191e-01 
 3.229891860515e-02  6.581464317788e-03 -9.267368530153e-04 
-8.041152347760e-02  1.602987140237e-01 -2.477608757502e-02 
-1.917171068183e-02 -1.357117834806e-01  4.991111682003e-02 
 2.173942288364e-01 -4.154833331393e-02 -1.101074013208e-01 
 5.959181969012e-01  1.980712161564e-02 -1.388440922509e-01 
 3.173796672180e-02  4.150036580671e-02 -4.577453520022e-01 
 2.375966906814e-03  1.078057296162e-01  3.323331211686e-02 
 7.285289673451e-03  2.154027559482e-01 -5.022227599015e-02 
-1.506444015007e-01 -6.621031042679e-01  1.470347112011e+00 
 3.997065601580e-02  5.999516312377e-03 -1.542489901997e-02 
-1.377833201678e+00 -1.012706464887e-01  1.139150194446e-01 
 2.039730570654e-01 -1.986672898365e-01  1.213876566372e-01 
-1.534232495441e-01  1.331463651014e-01  2.718805522095e-01 
 1.193081012399e+00 -2.215026856487e+00 -4.726414370166e-01 
 4.327532315471e-02 -1.056448363166e-01  1.889101431121e+00 
 9.185042457202e-02  8.844840500276e-02  7.676203502413e-02 
 4.711294434302e-02  1.295052928455e-03 -8.345225346903e-02 
 1.888693198136e-02  3.274965958469e-01  1.127426671893e-01 
 7.810844927967e-03  1.409433046860e-01 -1.502922844628e-01 
-6.249438554399e-01  1.766118383168e-01  8.169655616467e-02 
 1.571489041627e-01 -1.992790126656e-01  1.205268195398e+00 
-1.497493705838e-01  2.887441041180e-01  9.316293707752e-03 
 8.669360888478e-02 -7.966098090388e-01 -1.517077880898e-01 
-1.521171533479e-01 -1.507300137316e-02  2.730764277425e-01 
-6.507253590009e-02 -2.742817961610e-01  2.652803104101e+00 
-1.458919348039e-02  2.366081530747e-02  2.897937440350e-01 
 5.695782472336e-01 -4.220368181553e-02  1.454078751415e+00 
-3.421239249457e-02 -5.165024369683e-02  4.130679399358e-01 
 5.039340791376e-02 -2.496948277407e-01  6.938791547058e-01 
 2.869614449762e+00 -6.383276358752e+00  1.274154276743e-01 
 2.239693852095e-02 -1.078736914239e-01 -7.062712365832e-01 
-1.438361402828e-01  9.462258979633e-01 -1.083953032751e-02 
 1.073939564437e-02  6.703221642327e-02  6.865294135419e-02 
 7.321823223391e-02 -9.562858915372e-02 -2.337024182448e-01 
 2.500292467974e-02 -1.613510038170e-01  3.454489160135e-02 
 1.189928653333e+00 -3.235522817653e-01 -2.702652743380e-01 
-1.361834711914e-01  5.414650212507e-02  4.597946618654e-01 
-9.816901503222e-02  1.403268381058e-01  5.376064875067e-02 
-1.482839434845e-01  2.699287378513e-01  4.313511228083e-02 
 9.816140295759e-04 -3.275279879887e-02 -1.229380406118e-01 
-2.000770986661e-01 -7.954953652954e-01  2.038437448480e+00 
 6.719918419235e-02 -8.189999161093e-02  1.191240340283e-01 
-7.089745586032e-01 -1.486108648045e-01 -9.550638023495e-02 
-3.576522920768e-02  8.818262398617e-02  2.060989849645e-01 
 2.446636225806e-01  5.372184304827e-01  2.010957377497e-02 
 7.144038646871e-02 -6.412316096554e-01 -5.087389307435e-02 
-1.055485079513e-01 -1.390675972791e-01  1.867823723708e-01 
 2.503145924458e-01  6.858443966437e-01  1.851833991744e-02 
-8.458213485951e-02  9.410962815515e-03 -1.359498099489e-02 
 1.403906780482e-01 -2.287190526685e-01  1.321451424203e-01 
 2.950480243064e-01  1.513923986889e-01  4.530358421414e-01 
-1.408972755317e-01  1.078981208657e-02 -3.427712815414e-02 
-5.878056654429e-02 -1.740495315972e-02 -9.146621641812e-02 
-5.471692056246e-02  7.522302313765e-02 -1.900773829068e-01 
-1.042545479954e-01 -1.321861790492e+00  3.952959312717e-01 
 3.386405635275e-01 -5.792789285144e-02 -1.270761643414e-01 
-1.618886550147e-01 -5.759956128630e-01  2.157096562949e+00 
-6.848427905154e-02 -6.562522364193e-02  2.279346412602e-01 
 1.483946719006e+00 -3.674408413503e-01  2.979582713895e-01 
-2.325457315039e-01  1.367678095385e-01  2.140211244014e-01 
-1.590399129867e-01  5.020328190650e-01  2.898571272333e-02 
 6.313955482246e-02 -1.034390153517e+00  1.411408262854e-01 
-1.457681824139e-01  6.089069079822e-03 -1.054536816997e+00 
 2.616078764621e-01  7.975448990478e-01 -2.477080392131e-02 
-9.625203033453e-02  2.046664280866e-02  8.197775007682e-02 
 1.178522820214e-01 -1.605511557440e+00  2.734910938931e-01 
-3.523835240120e-01 -7.401778043326e-02 -1.421743785654e-01 
 4.058600776771e-01 -2.285742769698e-01 -3.649570138471e-02 
-1.035771048944e-01 -1.871625431527e-01 -6.428107537874e-01 
 1.412788598263e-01  8.489913693252e-02 -1.656749093061e-01 
 2.039198450460e-02  1.709696302991e-01  2.188177999418e-01 
-2.916814553939e-01  3.782061446160e-01  2.001740255565e-01 
 4.561435723504e-03 -1.186811972967e-01 -5.993836583484e-01 
-4.402143059028e-02  1.217960465340e-01 -4.091933290634e-01 
 2.810856477490e-01  4.734279034878e-02 -8.592555153403e-01 
-9.671418448020e-03 -2.338734223556e-02 -4.116231895242e-01 
 3.853814863298e-02  2.145344183764e-02  9.837949431741e-02 
 5.778742358361e-01  6.791846162528e-01 -9.150312250368e-02 
 2.210150762086e-02 -5.947995979372e-01  2.113428168422e-01 
 3.553677032870e-02  3.096818830037e-02 -1.243848313078e-02 
-2.102955612556e-02 -5.341386681199e-02 -3.298302335991e-02 
 1.942606268446e-02 -2.959530572098e-01 -1.744384099934e-02 
-3.775047426226e-03 -3.327019230743e-01  3.516177454947e-01 
-2.450114147196e-01  1.724790498655e-01 -1.581623229157e-01 
-1.159437817965e-02  2.930902054252e-01 -2.211216671230e-02 
 1.258051887771e-01 -2.356502787538e-01 -6.674752738087e-02 
-1.337160460180e-01 -1.484673227701e-01  9.988254923698e-02 
-2.741119769164e-01 -2.666476808762e-01  5.999376473393e-01 
-2.634512062118e-02 -1.678058904158e-01 -7.642530132324e-01 
 5.676066516313e-02  9.076995087262e-02 -4.094090275772e-01 
 1.012789447474e-02  6.705356544209e-03 -3.881339217595e-01 
-2.662283831415e-01 -1.604842882786e-01 -1.777744535771e-01 
-3.834365573847e-01 -6.187566208765e-02  2.802799720624e-02 
 2.017483145283e-01  6.076849544426e-01  1.655934612065e-01 
 6.835883494059e-02 -6.460101919932e-02 -6.225579469107e-01 
 6.252917688167e-02 -7.411782008914e-01 -7.733426525219e-02 
-6.783827067648e-03  9.865197951656e-04  1.406795977954e-01 
-3.425420532304e-02 -3.480420708607e-01  3.275512958651e-01 
 6.992975369393e-02  6.098964945115e-03  4.703871496765e-01 
 3.894204012733e-01  5.338521095583e-02  1.463987265786e-01 
-2.791728808985e-02 -1.923411157580e-01 -1.843775970122e-02 
-2.217265281022e-02  3.112220554734e-01 -1.902114312750e-01 
 6.303245012443e-01  4.756272672165e-01 -4.652601824953e-01 
-4.086062927509e-02 -3.916024730452e-01 -1.629651166485e-01 
-9.100885445142e-02 -4.098146844518e-01 -2.878028560617e-02 
-1.053492976416e-01 -2.337058281136e-01 -2.223072644112e-01 
-3.104879747490e-01 -3.831115862153e-01 -1.444516896546e-01 
-7.254712108772e-03 -1.441652059934e-01 -1.600423189358e-01 
-2.149301783551e-01 -2.831167234339e-01  7.247852002237e-02 
 3.536665067824e-01 -4.236815709142e-02 -1.759981078231e-01 
 1.013489841662e-02  1.081207286013e-02  9.595364513776e-01 
 7.852004528005e-01 -5.955765245219e-01 -3.513224238565e-02 
-1.141520948283e-01 -2.541626958411e-02  2.400342859975e-02 
-1.066841046714e-01  2.820934947970e-02  4.858552787425e-02 
 1.667158645689e-01  5.250059570884e-01  3.346847049928e-02 
-4.807389946813e-01  1.954824270092e-01 -1.155382939007e-01 
-4.554135548200e-01  3.552377262290e-01  8.423883469283e-01 
-2.058577217252e-01 -1.907128007913e-01 -5.687751597632e-01 
-1.849941600646e-02  1.597086560526e-01 -3.173629191056e-01 
-7.711768265357e-02  3.820195761721e-01 -3.751322849486e-02 
-1.641952547602e-01 -6.385540395437e-01  6.929311755980e-01 
-1.895309458636e-01  4.664876643187e-02  1.192980425058e-02 
-3.708402825282e-01  1.428796108106e-01  2.130837872896e-01 
-4.041120323980e-01  2.905360103539e-01  1.944533992295e-01 
-3.741534474027e-01  1.509091366615e-01  3.202406214334e-02 
 1.099147289626e-01 -5.482961708019e-01 -2.263527475741e-01 
-1.614856776519e-01  2.558510623736e-01  1.283222782477e+00 
-2.880051216274e-01 -5.335046539112e-01 -1.121994094126e-01 
 5.915593811075e-02  1.799274689679e-02  3.757695302453e-02 
-2.103861715360e-02 -4.174690039774e-01  5.324687283189e-01 
-8.850938057372e-02  3.624597856379e-01  1.819449209294e-02 
-4.631792110227e-01  7.043660514042e-02 -3.740054631867e-01 
 5.127462879892e-01  3.724157241189e-01  1.048229267350e+00 
-3.228716968631e-01 -2.921357632161e-01  2.490648132804e-01 
-4.977368805010e-02  8.702264052384e-02 -2.956739074891e-01 
 5.412384648243e-02 -2.939387060464e-01 -1.208057834677e-01 
-1.173918020398e-01 -6.041742610898e-01 -2.929947346772e-01 
 1.598493344541e-01 -6.312218638350e-02 -3.564774977189e-01 
 2.658994741307e-01  8.459595716528e-03 -3.640907473083e-01 
 1.681111176869e-01  6.076517770797e-01 -2.898523034336e-01 
 1.634889278347e-01 -1.402481779222e-01  1.845192509642e-01 
 8.701349852459e-01 -2.156817123650e-01  1.737117158004e-01 
-1.948783046438e-01 -2.099605640002e-01 -7.967384867231e-01 
-2.751311865634e-01 -7.870764907365e-01  4.696731192751e-02 
-8.305785084342e-02  1.814369297442e-03  9.320954912387e-03 
-1.396412487636e-01 -6.221562990110e-02 -1.591347522668e-01 
 1.311690344304e-01  2.037302876929e-01  1.491589109337e-01 
 8.082261537305e-01 -1.653641816808e-01  8.361083092898e-02 
 2.034141984638e-01  2.599696786986e-01 -4.960635117024e-02 
 5.675602905431e-02  2.064980405193e-01  4.575819323907e-01 
 4.648147069598e-01 -1.548852822309e-02  1.428562986762e-01 
 2.576665864986e-02  5.650728618197e-01  1.674042131362e-01 
-2.932637721350e-02 -1.277144845953e-01 -4.428337688109e-01 
-2.022903595741e-02  5.053014896637e-02 -1.847261794043e-01 
-1.003857541592e+00  1.213893762255e-01 -1.505640922275e-01 
 7.220653404746e-01 -1.376087370382e-02 -2.147988006485e-02 
-4.519474617177e-01  2.035671275688e-01 -9.980944062241e-02 
-3.902483257264e-01  8.442941418688e-01 -3.067840838078e-01 
-7.262437671896e-02  5.085349938899e-02  1.349351158870e+00 
 6.705617874622e-02 -4.506143962389e-01  1.894641813138e-01 
-2.080695213604e-02  1.148686347165e-02  1.562002808421e-01 
 6.722564348550e-02  3.035754415760e-01  2.956892011931e-01 
-9.739413136946e-02 -5.941927564214e-01  3.121792471961e-01 
-9.154174663534e-01  4.471811374723e-01 -2.605752758147e-01 
-8.590516204743e-02  1.702689905918e-02  7.636393602355e-01 
-2.867990123422e-01 -2.116423245208e-01  1.760864070076e-01 
 1.100452346914e-01 -1.689547372963e-01 -3.336376085769e-01 
 8.469894411574e-02  3.604594421478e-01 -3.496442034378e-01 
-2.677522179537e-01 -1.107866321568e+00 -2.086316656985e-01 
 2.104219046805e-01  1.315582804626e-01 -2.845136150383e-01 
 3.275048701949e-01  5.205768232653e-02  2.507981018105e-02 
 5.913934436603e-02 -2.403357520803e-01  2.788178004353e-01 
 1.214249387308e-01  2.885850256222e-01 -1.411124841422e-01 
-5.519557171812e-01  1.055518259664e+00  4.827583630659e-02 
 1.463751908951e-01  5.765528267440e-01 -1.893042857112e-01 
 6.055742095444e-02 -1.835287968241e+00 -2.877230596329e-02 
 1.228337193319e-01  6.528667601864e-02 -7.892881763016e-02 
-1.510452984376e-01  1.314212987346e-02 -2.125859785598e-01 
-1.570915964073e-01 -3.695904783017e-01 -2.815006666777e-01 
 3.997824907369e-01 -1.546170147593e-01 -8.594949343504e-03 
-2.224122412137e-01  7.039349460136e-01  3.767585818604e-01 
-3.420177080899e-02  1.740542839058e-01 -1.986955809326e-01 
 4.436332612131e-01  1.514350290386e-01  2.648946196743e-01 
 2.357025292963e-01 -1.611773274491e-01  2.012616383615e-01 
 4.022834959428e-02  3.057582877350e-01  1.115409592983e+00 
 5.676538479862e-02 -1.070194089788e-01  6.024917546912e-01 
-8.523326368238e-02 -1.994904732421e-02  1.352135169013e-01 
 1.288910208058e-01 -1.516891640080e-01  8.949990358603e-01 
-2.125980226918e-01 -9.247640918654e-02  8.757128299460e-02 
 3.347544538136e-01 -1.105265023149e+00  2.644930915203e-01 
-3.936140604974e-02  9.166682066102e-01 -2.176481953990e-02 
 3.275010738143e-02  5.308489104057e-01 -8.516773941510e-02 
-2.770433492992e-01 -1.054643121538e-01  2.931464038140e-02 
-4.188432573010e-01  2.216740863220e-02 -8.122974282344e-02 
 2.028331321791e-01 -1.215272355145e-01  4.321579567768e-01 
-1.172113383786e-01 -2.516990060987e-01  5.408142410832e-01 
 1.558338867277e-01 -1.263240449111e-01 -3.065556321778e-02 
-1.714654818535e-01 -4.341380335216e-01  8.757990200324e-02 
-1.865698772596e-01  7.607457544767e-02 -1.382190797719e-01 
-1.594432150267e-01  5.068033561638e-02  3.202383856856e-01 
-6.803846344457e-03 -2.335345130203e-01  4.106803667910e-01 
 8.541101362714e-01  1.286137810474e-01  8.278440227534e-01 
-9.102125033290e-03 -6.631973704923e-02  3.328199885253e-01 
-1.507364326286e-01 -4.719951627682e-02 -2.348880791688e-01 
-1.174554632364e-01 -1.405511595671e-01  3.143677582571e-01 
 1.309932482805e+00 -1.800028154076e+00 -6.634492857681e-01 
-2.810719602388e-02  3.001361407855e-02 -1.277330730295e-01 
-3.061179303741e-02  9.711436296575e-01 -6.939553274683e-02 
 1.438304239212e-01 -5.920055191617e-02  1.718900321586e-01 
-1.748852238596e-01 -1.060995165769e-01  2.606351981709e-02 
-1.360955059269e-01  4.123636619683e-02 -2.313606707584e-01 
 3.232541209388e-01 -6.251665997963e-02 -8.576204640413e-02 
-6.204476327029e-02 -4.944555882925e-01 -5.270507024263e-01 
-1.947382701463e-01 -5.730963893006e-01 -1.296620855247e-01 
 3.113662387170e-01  8.925863597960e-01  1.512053904510e-01 
 8.837307952155e-01  4.259516365339e-02  4.070327488512e-01 
-1.251387397953e-01 -7.155444639633e-01  6.523279620945e-01 
-9.388297833324e-01  3.054343398955e-01  5.735983502482e-01 
 1.762708055093e-02 -4.706487054408e-02  3.794798990884e-01 
 2.163911346578e-01 -8.665356675178e-02 -2.621981811212e-01 
 2.560666386881e-02  8.635172770369e-03  3.125570160626e-01 
 1.327794174231e+00 -1.729027514018e+00  6.308784554116e-01 
 1.403958670764e-01 -2.343041801352e-01  8.199213480239e-02 
-1.533021314066e-02  8.559845782198e-01  2.108436877999e-01 
 2.024947852950e-01 -4.944064394289e-02 -1.341461269710e-01 
-2.347321776004e-01  9.000635579375e-01  1.842538459821e-01 
-9.456523704290e-01  1.760999086879e-01  3.058360663855e-01 
-3.756369823840e-01 -2.201058478213e-01  5.597645724651e-01 
-1.431975969812e-01  2.005264843229e-01  2.778739697646e-01 
-6.886475565038e-02  3.913017381660e-02  1.120936381037e-02 
-3.638129533616e-01 -6.644533265404e-02 -1.008826714276e-02 
 2.329771519828e-01 -4.131089975632e-03 -3.166964066116e-01 
-4.066318536616e-02 -1.277388889105e-01 -1.154486827412e-01 
-3.197808021614e-01  1.325547095724e-01  1.046769889193e-01 
 1.458161513800e-01 -2.250806409766e-02 -3.010425304355e-01 
-2.597715809501e-01  2.058247362788e-01  4.451994262933e-01 
 3.437556672898e-01 -1.891645316845e-01 -2.128649002213e-01 
-9.198508241700e-01  8.377846671014e-01 -4.528373946431e-01 
-9.204972285378e-02  2.309115117926e-01 -1.675318640661e-01 
 1.404214497031e-02 -3.497781952790e-01  8.365748825032e-01 
 3.070966645703e-01  9.770146420024e-03  1.471399708776e-02 
-2.144829935782e-01  4.530282773372e-01 -2.468604073112e-01 
-9.444434922603e-02  2.826010394924e-01  2.570451623483e-01 
 4.574576455689e-01  1.712512286534e-02 -2.494450713668e-01 
-6.129955767318e-01 -2.026393296617e-01 -2.134801427827e-01 
-1.954899012522e-02 -8.826235293365e-02  2.927988508990e-01 
 1.623620771712e-01 -2.049766095613e-01  1.559839141187e-02 
-3.080060888894e-01 -1.378162709102e-01  1.971106703615e-01 
 1.683261653157e-01  9.196298203155e-01  1.007677588691e+00 
-9.537211454538e-02  6.793613116603e-02 -2.625657738337e-01 
-9.306755841586e-02 -2.978190638999e-02  1.884295104518e-01 
 9.724634265693e-02  6.922041494065e-01  4.747953454760e-02 
 1.442180920440e-01  4.366861688983e-01  2.475351251969e-01 
 1.061365562322e+00 -1.119206795597e+00 -1.000466789590e-01 
-5.392321817487e-02  2.441396917370e-01 -8.528125411545e-02 
-1.103057172662e-01  7.192505627159e-01 -2.612616355333e-01 
 9.410460980889e-01 -6.853688208331e-03 -8.119563327561e-02 
 3.751624513584e-02 -7.107587710227e-01  1.811052941209e-01 
 4.028113669650e-01 -1.419570378510e-01 -6.307014895538e-02 
-2.147033332060e-01  1.950571468821e-02  3.154358858252e-01 
-2.669455848637e-02 -8.597568029375e-02 -5.832718661161e-01 
 4.953252829512e-02 -3.547616853349e-01 -4.264337857513e-01 
 1.284587372327e-01 -1.063173879123e+00  2.086005631917e-01 
-5.329439523686e-01  1.097728266439e-01 -3.510781660612e-01 
-1.277594115781e-01 -7.181522588321e-01 -1.176837909832e+00 
 4.553380770281e-01  2.700805719797e-01  4.692052179646e-01 
-1.857439269154e-01 -2.042657646447e-03 -5.849447782970e-01 
 1.294380430310e-01  3.176232814030e-01  4.214879492952e-01 
-7.104228294353e-01 -6.596760771436e-01 -4.282108993491e-01 
-1.865891628488e+00  1.659966914952e+00  5.032578148515e-01 
-4.125312670166e-02 -1.868697137460e-01  2.980826917050e-01 
 2.229796959126e-02 -7.928980339638e-01 -2.491517339617e-01 
 5.070014664404e-01  3.213060937100e-02  3.702672352697e-02 
-4.448569310338e-02  4.212752028424e-01 -8.820984244682e-02 
 3.132723070613e-02  6.956992375092e-02  4.873354010882e-01 
 8.914318942328e-03 -6.101760083535e-03 -2.085625655261e-01 
-7.752360883570e-03 -2.238911049102e-02  1.216602399371e+00 
-1.761661102748e-01  6.453642306250e-01 -1.918110555110e-01 
-4.917227412606e-01  1.539080851158e+00 -5.557422949225e-01 
 5.684734851249e-01  2.590908123655e-01  7.077901297728e-01 
 8.249095675929e-02  4.214618973836e-01  4.942789699330e-01 
 1.268679249742e+00 -3.050490457044e-01 -5.021902069251e-01 
-7.065315461678e-02  1.564934802378e-03  2.583566482509e-01 
-5.361031293009e-01  1.299487165974e-01 -4.694861644939e-01 
-1.080710920833e+00  4.169890276123e-01  1.576264480951e-01 
 7.037393198144e-01 -3.715478789646e-01  7.738092144662e-01 
 9.103405498788e-02 -2.198606099041e-01  4.905130117664e-01 
 7.652145772617e-02  3.210219469533e-01  5.354146375050e-01 
 6.146715097303e-02  1.451876473814e-01  8.971611847826e-02 
-1.588909640357e-02 -2.350792865343e+00  7.383776953132e-01 
 9.944665487585e-01 -2.897820694034e-01 -5.318297012059e-01 
-1.242562446799e+00  1.907470566287e-01  5.490557709149e-01 
-1.464729759683e-01  2.906644052448e-01  6.053737726677e-01 
 6.325740799687e-04  6.554410287413e-02  2.041674259106e-01 
-3.969867850352e-01  8.098130201911e-01 -2.409272548264e-01 
 4.728080225311e-01 -4.698980934962e-02  5.103099897813e-02 
-3.406713767529e-01 -1.632581999149e+00 -5.062169199342e-01 
-1.433188998632e-01  1.597046666514e-01 -1.233234632205e+00 
-1.517794380916e-01 -2.160246086223e-02 -2.198240494106e-01 
 7.594929867963e-02  4.182154107001e-02 -4.805679377572e-01 
 3.070110889379e-01 -1.744235705622e-01 -1.470813053183e-01 
-3.413995941220e-01  2.809958863242e+00 -6.504613993463e-04 
 3.932910632216e-02 -1.622759195262e-01  1.040849031163e-01 
 3.350340879542e-02 -7.518810219553e-01 -3.443962139638e-02 
-1.969678722194e-02  1.336479810460e+00  2.690772776091e-01 
 1.149971343302e-01  6.256844529733e-01 -2.182466091044e-01 
-2.180867799140e-01  1.203049359635e-01  8.601321970167e-02 
-6.963456706880e-01  3.447089795350e-01  3.976721562083e-01 
 1.000414014607e-01 -2.195175056593e-01 -4.600744287418e-01 
 2.150731731444e-01 -3.999548501490e-01 -5.673098991734e-02 
-1.353515050683e-01 -7.707491531107e-02 -7.091782889215e-02 
-4.739262561472e-02  9.191851038710e-03  6.599943314260e-02 
-4.708109221151e-03 -1.549405358248e-01 -1.085259420368e+00 
-6.747305590622e-02  1.074000648223e-01  3.575471935031e-01 
-4.984244301994e-02  4.476514355941e-02 -2.204815578313e-01 
 3.190555400732e-02 -1.521200910682e-02  2.926635959515e-01 
-2.897677621412e-02 -5.351668436395e-01 -9.953045990100e-03 
 2.654641548404e-01  2.321861887710e+00  3.804741147537e-01 
 7.982087755446e-02  1.013214417587e+00  2.476109171718e-01 
 3.621104127919e-02 -1.948769549485e-01  2.819021901322e-01 
 6.273544199140e-02 -3.684246560955e-01  1.409199345523e-01 
 1.212948896372e+00  7.798083852855e-01 -1.239351211994e-01 
-1.995884731401e-01  1.857923377867e-01  2.294114297608e-01 
-2.688826743742e+00  9.567118205037e-01  9.309741475657e-01 
 1.856733211338e-01  6.620465292172e-01 -1.547082941889e+00 
 6.075481533659e-01 -4.146728343638e-01 -4.446821089975e-02 
 6.062130337587e-01  6.716291865460e-01 -1.344270568964e-01 
 1.724268829370e-01  4.634818728803e-02  3.488169901052e-01 
 4.455894566664e-02  3.021329591551e-01  4.239969823325e-01 
-1.649476183831e-01  5.342238388977e-03  1.989387515689e-01 
-5.465346652205e-01 -1.520497077757e-02 -1.562512372482e-02 
 5.281770200922e-02 -3.418599839096e-02  1.432390731428e-01 
 1.025098951625e+00  1.659018081297e-01  1.689285225688e-02 
-4.557954627969e-02 -9.765696747660e-01  8.742714497291e-01 
 1.358102114601e-01 -1.923432996299e-01  6.019355390072e-01 
 4.108034782892e-02  4.612729081163e-02 -4.027598133956e-02 
 1.364149825065e-01 -3.330722313315e-01  1.624938600996e+00 
-1.713237517800e-01  6.207285379208e-01 -1.791316522392e-01 
-2.287305294641e-01  1.152726926325e-01 -1.907694225484e-01 
-1.528827075438e+00  6.397025999603e-01  5.941099688713e-01 
 1.222825498421e-01  1.282789550834e-01  2.688761516523e+00 
-1.083583118205e+00  8.653668769432e-01  6.834049977095e-02 
-5.505722314559e-01 -1.196511206751e+00  3.173861685039e-01 
-4.127822371164e-01 -1.048035567609e-01 -1.124952018639e-01 
orbocc
(*)
 0.000000000000e+00  0.000000000000e+00  0.000000000000e+00 
 0.000000000000e+00  0.000000000000e+00  0.000000000000e+00 
 0.000000000000e+00  0.000000000000e+00  0.000000000000e+00 
 0.000000000000e+00  0.000000000000e+00  0.000000000000e+00 
 0.000000000000e+00  0.000000000000e+00  0.000000000000e+00 
 0.000000000000e+00  0.000000000000e+00  0.000000000000e+00 
 0.000000000000e+00  0.000000000000e+00  0.000000000000e+00 
 0.000000000000e+00  0.000000000000e+00  0.000000000000e+00 
 0.000000000000e+00  0.000000000000e+00  0.000000000000e+00 
 0.000000000000e+00  0.000000000000e+00  0.000000000000e+00 
 0.000000000000e+00  0.000000000000e+00  0.000000000000e+00 
 0.000000000000e+00  0.000000000000e+00  0.000000000000e+00 
 0.000000000000e+00  0.000000000000e+00  0.000000000000e+00 
 0.000000000000e+00  0.000000000000e+00  0.000000000000e+00 
 0.000000000000e+00  0.000000000000e+00  0.000000000000e+00 
 0.000000000000e+00  0.000000000000e+00  0.000000000000e+00 