2mocoef
header
1
MO-coefficients from MOLCAS
1
26   26
a
mocoef
(*)
 6.188319414125e-05 -5.524992129571e-04  5.024950795942e-03 
-2.150228745345e-05 -1.492282736515e-05 -2.027222754016e-04 
-1.135924940461e-04  1.004431464366e-04  2.745807630769e-03 
 9.959556367751e-01  2.413010473304e-02 -1.357993683417e-02 
 2.229824105919e-05 -7.994502169427e-04 -3.387393489213e-04 
 2.724458769656e-04  8.496586306277e-04  1.729298053644e-03 
-1.765360535567e-04  2.953373123509e-05 -2.012042279705e-04 
 2.123421779333e-03  7.201044376636e-05  1.907463817174e-03 
-1.711376958241e-04 -1.723299227190e-04 
 9.960845634804e-01  2.400186759081e-02 -1.138082823205e-02 
-9.337962286571e-05  5.441478312377e-04  1.128830631872e-03 
-1.351532489586e-04 -4.299062187724e-04 -3.188722535017e-04 
-2.179635583470e-04 -2.719177367879e-04  1.678503247942e-03 
-7.590621352910e-05 -4.537278396102e-05  3.820280766490e-04 
 4.479112989481e-04  1.178445541883e-04 -3.229913440518e-04 
-2.387424118837e-04  2.691039151279e-03 -2.147958674235e-04 
-2.470837518355e-05  9.398990363521e-05  5.156639853653e-04 
-3.909769964014e-04  2.463389635882e-03 
-8.940846927038e-02  1.864810060859e-01  4.023075012968e-02 
-4.033029546482e-03  1.102139253407e-02  1.011093287916e-01 
 2.761516188235e-04  5.120620968587e-03 -3.097876021390e-02 
-1.973911922928e-01  4.267217749289e-01  4.254222897512e-01 
-7.504849257905e-03 -5.113535798597e-02 -6.989466555301e-03 
-1.957740327896e-02 -2.822535841063e-02 -1.761619779430e-02 
 3.752855210288e-02  1.074197436336e-03  1.415449573147e-01 
-7.449678996058e-03  1.264614558419e-01 -1.094277205986e-02 
 4.040721315583e-02  5.951198487712e-03 
 1.661699824777e-01 -3.524622419794e-01 -2.929391908726e-01 
-1.267322353599e-03 -3.624817887613e-02  1.065104131745e-02 
-1.197788237519e-03 -1.177918784106e-02  1.572174403192e-02 
-5.612156939340e-02  1.236745804381e-01  1.822936110863e-01 
 1.062766962632e-01 -3.951177842908e-02  2.963213335599e-01 
 5.158259899532e-02 -2.024988414010e-02  1.127010394161e-01 
-1.444849166857e-01 -3.247247695498e-02  1.859825502632e-01 
 1.014510219227e-02  5.832825228822e-02  2.965079793807e-04 
-1.313514266382e-01 -2.611230603547e-02 
-4.858693547102e-02  1.048427904711e-01  1.576225801851e-01 
 1.962396463320e-01  1.075105368657e-02 -1.353060893226e-01 
 6.706571858619e-02  7.292340410237e-03 -2.219594554916e-02 
 1.351953167285e-02 -2.555473556585e-02 -7.970090983253e-02 
 4.320122582019e-01  2.832969532472e-02  1.064956848914e-01 
 2.382863686831e-01  1.612517641245e-02  6.940688554052e-02 
 1.596984687322e-01  5.083284328065e-02  2.015790800499e-01 
 2.516483206589e-02 -1.939717422586e-01 -3.612751436728e-02 
-3.754357517842e-03 -1.126373266119e-03 
-3.020320401319e-02  4.753845360889e-02  2.315327777682e-01 
-2.306548838974e-01  2.597213735659e-02 -3.472527498459e-01 
-1.274303803622e-01  2.715382217965e-02 -3.235371235423e-02 
 3.311307256034e-02 -7.624081483536e-02 -1.440848087844e-01 
-7.363302366664e-02 -2.011243251982e-02  3.756169640035e-01 
-2.793079297291e-02 -1.788874290312e-02  2.285469808025e-01 
 2.569307528171e-02  2.904270175615e-02  8.657528369063e-02 
 1.965319494809e-02  9.706158208067e-02  1.952586156132e-02 
 2.438007835449e-01  1.101693469212e-01 
 1.852385423332e-02 -4.094939679689e-02 -2.841180297402e-02 
 3.315083690064e-02  2.763880646935e-01 -2.112301478284e-02 
 3.551127226604e-02  1.322066191740e-01 -2.133311766463e-04 
-2.727315039672e-02  7.429832626286e-02  6.673203926475e-02 
-6.383041578277e-02  5.449957262862e-01  4.684632432801e-02 
-5.457848075341e-02  3.892102060681e-01  3.364375945119e-02 
 1.584840135652e-02  6.680962248623e-03 -1.735439690574e-02 
 1.658979194607e-03 -6.427680328169e-03  4.042790800700e-03 
-1.280153741830e-02 -2.744114926645e-03 
-2.902193688510e-03  1.341669840737e-02 -3.687171500044e-02 
-3.749501257270e-01  3.150700809330e-02  1.610426414701e-01 
-2.358930521806e-01  5.995572219227e-03  4.145004182685e-02 
-8.607559860492e-03  2.481197250573e-02  2.082948205922e-03 
 2.724218634669e-01  5.432061400056e-02 -1.579844420163e-01 
 1.946830978907e-01  3.140606359449e-02 -8.656743863413e-02 
-2.476799096972e-01 -9.724564712102e-02  9.060595300029e-02 
 3.290232782082e-02 -1.975539617178e-01 -7.197530857100e-02 
 1.777195790799e-01  7.194661560569e-02 
-1.954466641149e-02  4.146419607517e-02  1.231076418554e-01 
-4.002220617501e-02 -5.967632725792e-01 -2.752209715684e-02 
-3.844497463737e-02 -5.094302902800e-01  3.359753843828e-03 
-1.156079804557e-02  3.051747173498e-02  4.467034632238e-02 
-2.630940229295e-02  3.590261895410e-01  4.775716752862e-02 
-2.491979170665e-02  3.669558292687e-01  4.168532378393e-02 
-1.258043627326e-02 -7.968095842848e-03 -1.252265362924e-02 
-1.713855995510e-03 -4.351311137275e-02 -3.428645842260e-02 
-3.656029201363e-02 -3.893609128625e-02 
 2.967994720968e-02 -6.633218862233e-02 -4.816893206490e-01 
 7.400796946778e-02 -1.649255836805e-02  1.099932032423e-01 
 2.061526467718e-01 -1.262075987599e-01  4.665867557372e-01 
 8.972624281519e-02 -1.330583753029e-01 -1.540600173538e+00 
 1.225462461734e-01  7.811045280174e-02 -1.008499618798e-01 
 3.000771477707e-01  2.533754740826e-01 -3.225955169198e-01 
-6.096866323590e-03  2.364181762741e-01  5.626118905467e-03 
 6.545993336186e-01  8.782100213986e-02  1.362251250609e+00 
 3.177170419732e-02  6.992143657811e-01 
 9.336874461677e-02 -1.383999110714e-01 -1.356469705125e+00 
 1.574548652641e-01 -5.239490929337e-02  4.022717994862e-03 
 4.351818225811e-01 -1.477485294888e-01  3.088288529949e-02 
-6.894039229837e-02  1.042090494632e-01  1.199321034873e+00 
 1.403472909460e-01 -1.689087231433e-02  2.993666864045e-02 
 4.242844102406e-01 -2.958256217698e-02  6.968466360485e-02 
 2.096737122003e-02  2.417812199595e-01 -8.284853177608e-02 
-1.408114299504e+00  3.517769836651e-02  1.405851675900e-01 
 8.404411191260e-02  1.376767418943e+00 
-8.779105200102e-02  1.312415119290e-01  1.563370715458e+00 
 1.290368946047e-01  2.905242037759e-02 -1.195116042493e-01 
 3.796059573261e-01  8.872350718829e-02 -4.244634293324e-01 
 1.040169596800e-02 -1.844029318429e-02 -3.233101824899e-02 
 2.015227675603e-01  2.725926646330e-02  3.024536768097e-02 
 5.745754906270e-01  3.954908090548e-02  2.271098740291e-01 
-8.031544941984e-02 -1.618468018176e+00 -4.872776440828e-02 
-9.643367444988e-01  7.443441598375e-02  9.664144655553e-01 
-2.801012133498e-02 -4.959537202143e-01 
-1.402147501211e-02  3.236643899008e-02  2.334068961562e-01 
 3.062050872441e-01 -3.250154926463e-02  1.796191033671e-02 
 1.655899604294e+00 -8.886635759053e-02 -4.477115875171e-02 
 8.791263133710e-03 -1.942099948238e-02 -1.744346556316e-01 
-2.090542699315e-01 -1.668016605922e-02  1.184289722569e-02 
-9.476957757634e-01 -2.839182956336e-02 -1.493947199659e-02 
-1.171509916956e-02 -1.778312823820e+00 -2.172562267640e-02 
 1.074553480681e+00 -1.394852699138e-02 -9.588242458267e-01 
 2.940478974456e-02  1.569834677194e+00 
-6.985862150395e-02  2.877217856333e-02  2.008787752492e+00 
 2.169415660448e-03 -1.482848731193e-02  1.698855260610e-01 
-1.194274815196e-01  1.289405276473e-01  2.316821626051e+00 
 5.663847516719e-02 -6.034792430645e-02 -1.538466944035e+00 
-4.611450700658e-03 -2.966413828845e-02  3.264590835119e-01 
 1.067985585449e-01 -2.781821865175e-02  1.788523196975e+00 
 5.553864660081e-02  4.045008008078e-01  2.006344867469e-02 
-9.968722823315e-01 -3.757409396708e-02 -5.069997589368e-01 
 6.516206615192e-02  5.779108033099e-02 
 2.053474854224e-02 -4.324495274597e-01  3.843445057581e-02 
-2.837782508875e-01  3.809071300497e-01 -7.257343326200e-01 
 5.824486052393e-01 -4.995881842338e-01  5.331918882379e-01 
-3.595835503705e-02  1.801109547677e-02  8.760771472535e-03 
-1.451438128235e-01  1.028386072358e-01  6.507026719013e-02 
 3.399932510652e-01  1.625585399342e-02 -5.578307656344e-01 
-1.498954631319e-01 -1.624736318548e-01 -3.096761220332e-01 
 1.804783777850e-01  2.954647421845e-01 -6.987147396472e-02 
 2.793901834772e-01  1.061162321376e-01 
 9.576393049562e-04  1.559741310882e-01 -2.529176406229e-01 
 2.771987691400e-01  9.035723622788e-01  2.067493574112e-01 
-5.500177297239e-01 -1.038397376583e+00 -3.026449124786e-02 
 6.296711560373e-03  5.847837123725e-02 -5.433126454271e-02 
 3.231541137288e-02  1.548224705495e-01  4.251795552147e-02 
-1.705805911222e-01  5.302455112800e-02  5.116733314386e-02 
 2.024185818734e-01  2.127529745897e-01  2.078174397092e-01 
-1.486242129019e-02 -1.627256990623e-01 -5.449090944494e-02 
-8.701099994538e-02 -3.135894818071e-02 
 3.055534183817e-02 -7.602827596367e-02 -8.732838178100e-01 
 4.222205550374e-01 -2.185465340215e-01 -7.332731190549e-01 
-1.266794321158e+00  2.348346223478e-01  5.539114412397e-01 
-3.497222366160e-02  1.451589632484e-01 -2.497582605353e-01 
 1.018577871982e-01 -4.664390923066e-02 -2.836910276972e-02 
-2.140617375963e-01  4.019237791876e-03 -9.085638168549e-01 
 5.050561722095e-01  5.210665201289e-01  2.860557451871e-01 
 4.639905207157e-01 -1.774350923867e-01  6.615774448650e-02 
-1.327808358580e-01 -3.435233251173e-01 
 5.520234921920e-02  1.054286485590e+00 -1.836057747541e+00 
-1.668623483434e-01 -9.080317273079e-02  3.192664376514e-02 
 4.587122278185e-01  4.567155895762e-02  1.373899873947e-01 
-1.385592161185e-02  2.592629841537e-01  5.451138490761e-02 
 3.676269515681e-02  3.050457345948e-01 -2.912990210569e-01 
-4.942830880442e-02 -3.232290276420e-01  2.187401129769e-01 
 4.857737967296e-01  2.121447045326e-02 -3.610478893470e-02 
-8.231759109829e-03  8.987576343667e-02  3.713173353859e-02 
 7.058818200465e-01  2.592565975245e-01 
 3.089320765413e-02  2.210818908513e-01 -2.077971320785e-01 
-6.901488086364e-02  1.664706905459e-01 -9.958337162810e-02 
 1.801007105820e-01 -5.950910283357e-01  2.353335413126e-01 
-4.099873243326e-03  5.260369079802e-02 -1.038469832865e-01 
 8.740772606481e-02 -8.848076442491e-01 -2.779655373928e-01 
-4.661245913488e-02  1.185815454100e+00  4.000828517654e-01 
 1.401953874626e-01 -1.764197607050e-02 -1.196790567969e-01 
 2.731872942611e-04  3.881309717226e-04  4.985036526471e-02 
 2.140209955793e-01  8.790258660273e-02 
 3.890545213832e-02 -7.875382515713e-01  2.457977653174e+00 
-1.557374381792e-01  1.550297665406e-02 -1.808989531297e-01 
 4.689832062716e-01  2.427711021398e-01  7.097378709351e-01 
-5.074827178211e-02  5.074792621627e-02 -4.867895051017e-02 
 8.390931873885e-02  1.462790574405e-01 -5.685603282616e-01 
-3.504806892799e-01 -5.137380610207e-01  1.950629738206e+00 
 8.718099788135e-02 -5.984796177188e-01 -4.514935923588e-01 
-6.104205413528e-01 -8.216280109551e-01 -2.684569255037e-01 
-7.203840645292e-02 -1.488912348560e-02 
-2.024250008381e-02  5.844477217959e-01 -1.551279335226e+00 
-9.366847345874e-01  9.998166324710e-02 -1.918182916887e-01 
 2.389019835082e+00 -2.384472460402e-01 -1.651543590217e-01 
-5.036794896980e-03  1.134303500315e-01  1.572313180731e-03 
 2.251227471626e-01 -2.548081939627e-02  1.573989256906e-01 
-1.193688179373e+00  5.574195760464e-02 -7.551089469156e-01 
 1.881160844405e-01 -1.140465197339e+00  3.135590000957e-01 
 5.202776543266e-01 -2.819367334348e-01  5.482895603224e-02 
-6.547775651953e-01  2.099115752548e+00 
-1.269794998487e-03 -4.410076441092e-01  9.319767163740e-01 
-2.755825249498e-02  1.959232881772e-02 -1.443196036712e-02 
 4.148661576467e-01 -1.803839679207e-02  1.942588312399e-01 
 3.055672331570e-02 -3.663575259089e-01  2.523757081643e-01 
 9.099217337459e-01  1.451580206559e-01 -2.492901438756e-01 
-1.440725583859e+00 -1.559603677905e-01  3.414210743254e-01 
 3.272433679653e-02 -3.406759589446e-01 -6.394437394746e-02 
 6.848564422790e-01  7.644381238799e-01 -1.652706424765e+00 
-7.582403154715e-03  6.841473058943e-02 
-2.879060244238e-02  1.189873940452e+00 -1.643697769654e+00 
 3.457025124213e-01  6.894367064733e-02 -5.008694378889e-01 
-8.777492571740e-01 -1.761535716969e-02  1.018921429014e+00 
 1.275879159409e-03 -1.202885236206e-01  3.935493582503e-01 
-2.194877374311e-03  7.599438573604e-02 -3.889024623896e-01 
 3.570170807086e-01 -1.836386649040e-01  1.056361706400e+00 
-7.906590217524e-01  1.890393042088e+00 -1.929871169438e-01 
-5.807741890086e-01  9.379089554253e-02 -4.539852263676e-01 
-4.527654366235e-01  6.130167668777e-01 
-1.043349005064e-02  4.074271311949e-01 -1.310279138242e+00 
 2.211821339907e-01 -4.818748356282e-03  7.184081869476e-02 
 1.942545181448e-01 -6.816506519036e-03 -5.482556932290e-01 
-5.244732551551e-02  4.514942994357e-01 -1.164443001921e-01 
 5.311488013429e-01 -7.825641656051e-02  6.696564463805e-01 
-1.042698967185e+00 -2.960714776863e-02 -1.023681784061e+00 
-3.116570191635e-01  2.761500249599e-01 -8.331998914255e-01 
 1.559175041566e+00 -4.734029735019e-01  3.861911034825e-02 
 2.932186043266e-01 -9.201604587169e-02 
 6.740056761214e-03  3.630846196601e-01 -1.036733589106e+00 
-9.243400115382e-02  1.407159473584e-02  1.592761187385e-01 
-1.701075664908e+00  8.915877027220e-02 -2.704209822829e-01 
-1.260874056914e-02 -7.298709617944e-01  2.030973561452e+00 
-1.020896932893e-01  9.409439058836e-03  1.972190306890e-01 
 1.595932787138e+00 -1.658967070894e-01  2.331839216261e-01 
 7.762996366139e-01  4.877729305317e-01 -1.015131615458e+00 
-5.893861991046e-01  2.450926331111e-01 -7.474097446407e-02 
-5.763500347468e-01 -2.296097233147e-01 
-1.722950342529e-02 -3.349065035440e-01  2.815358925740e+00 
-2.468530318725e-02 -6.721982731228e-03  1.351763464548e-01 
-9.288933901686e-01  1.347418011059e-01  1.405759049855e+00 
 8.116984938380e-03  1.789496938813e+00 -4.392679426565e+00 
-3.177064162407e-02 -1.539196777848e-02 -1.576226295985e-01 
 9.395381338797e-01  2.214037773484e-01  1.384696094669e+00 
 1.398230900297e-01  2.221853867572e-01 -2.749126391553e-01 
 2.598636129435e-01  6.191553542248e-01  3.307446144202e-01 
-5.000099825837e-01 -2.846813902486e-01 
orbocc
(*)
 0.000000000000e+00  0.000000000000e+00  0.000000000000e+00 
 0.000000000000e+00  0.000000000000e+00  0.000000000000e+00 
 0.000000000000e+00  0.000000000000e+00  0.000000000000e+00 
 0.000000000000e+00  0.000000000000e+00  0.000000000000e+00 
 0.000000000000e+00  0.000000000000e+00  0.000000000000e+00 
 0.000000000000e+00  0.000000000000e+00  0.000000000000e+00 
 0.000000000000e+00  0.000000000000e+00  0.000000000000e+00 
 0.000000000000e+00  0.000000000000e+00  0.000000000000e+00 
 0.000000000000e+00  0.000000000000e+00 