2mocoef
header
1
MO-coefficients from MOLCAS
1
26   26
a
mocoef
(*)
 6.844247866934e-05 -5.618970933553e-04  5.078143960696e-03 
-1.164394935372e-07 -3.664139296233e-05 -2.220088206321e-04 
-1.032168746925e-04  7.426917336034e-05  2.765453176032e-03 
 9.959440996119e-01  2.415208824013e-02 -1.354272760873e-02 
-5.813206284001e-06 -8.149299540096e-04 -4.205596235250e-04 
 2.557974422720e-04  9.213997996438e-04  1.816065217926e-03 
-1.636144266083e-04  3.891203967469e-05 -2.097586396412e-04 
 2.085417393007e-03  8.118752349124e-05  1.897393038482e-03 
-1.873179251207e-04 -1.804478775674e-04 
 9.961422739068e-01  2.372606450802e-02 -1.144540613407e-02 
-1.724297156790e-04  2.338686536444e-04  9.791333483595e-04 
-2.525820821652e-04 -4.402291435738e-04 -4.436407183754e-04 
-2.169912189859e-04 -3.033209349072e-04  1.800819058929e-03 
-1.107958248507e-04 -1.374759519959e-04  4.566780303296e-04 
 4.353302234038e-04  3.920338555735e-05 -3.598299086276e-04 
-1.912567355015e-04  2.692591080885e-03 -1.916639263737e-04 
 5.329923596546e-06  1.184168887738e-04  5.308033342666e-04 
-2.043265685135e-04  2.455780822148e-03 
-9.468727779749e-02  2.011373232287e-01  4.677514395914e-02 
-6.335708936710e-03  5.215388547985e-03  1.035387254227e-01 
-5.502885899603e-04  8.034050652716e-04 -3.278757346483e-02 
-1.947206133524e-01  4.165881451855e-01  4.218647980448e-01 
-1.519052037551e-02 -5.396942208727e-02 -1.291214901146e-02 
-2.379264925680e-02 -3.034373432984e-02 -2.076320150170e-02 
 4.066360116820e-02  1.156289717486e-03  1.342358566193e-01 
-6.464805673383e-03  1.273072297771e-01 -8.685203995585e-03 
 4.437226018315e-02  6.105200397449e-03 
 1.672997491335e-01 -3.631605537465e-01 -3.044384173722e-01 
-1.233264344007e-03 -2.398044692780e-02  3.487228182867e-02 
 2.691046930771e-04 -4.916815886254e-03  1.907202710286e-02 
-6.471101045199e-02  1.413365695600e-01  2.040522010869e-01 
 9.779374386361e-02 -2.318429504189e-02  2.724573076668e-01 
 4.712440194188e-02 -8.281143537861e-03  9.725991981135e-02 
-1.518112090377e-01 -3.365737395493e-02  1.801950382846e-01 
 1.129413142807e-02  6.084564925179e-02  7.668027591003e-04 
-1.370937128064e-01 -2.695130626611e-02 
-4.689912114893e-02  1.003799440024e-01  1.734971079018e-01 
 1.666092492017e-01  1.067873578237e-02 -1.979073520232e-01 
 5.075485687407e-02  7.807776046860e-03 -3.246955272585e-02 
 1.361846378665e-02 -2.544533976184e-02 -8.140994008975e-02 
 4.111844292825e-01  2.672065999134e-02  1.737637050566e-01 
 2.295376721308e-01  1.620447601359e-02  1.050631843731e-01 
 1.592204782236e-01  4.986931081733e-02  2.182298242115e-01 
 3.086355567193e-02 -1.696060434695e-01 -3.427314364630e-02 
 2.875795407484e-02  1.723142662772e-02 
-1.291710115321e-02  1.027616084781e-02  1.648834866044e-01 
-2.571889560069e-01  3.212733768842e-02 -3.419530349154e-01 
-1.293398187623e-01  2.599389311410e-02 -4.171291789491e-02 
 2.621822971099e-02 -5.982640368908e-02 -1.008928264811e-01 
-1.440910057909e-01 -3.467711564158e-03  3.574410141553e-01 
-6.868196241079e-02 -3.601635048964e-03  2.058378470263e-01 
 2.270546945358e-03  2.516876455398e-02  5.571746229916e-02 
 1.683705927248e-02  1.327190436736e-01  3.123180964172e-02 
 2.305773841709e-01  1.036015931866e-01 
 1.051947480643e-02 -2.420034153003e-02 -4.917083898595e-03 
 7.116649083854e-02  1.707341082377e-01 -2.549523880543e-02 
 5.330825604738e-02  5.385784233263e-02 -3.907750111123e-03 
-2.877781353794e-02  7.797695864583e-02  7.004073018183e-02 
-9.016316743095e-02  5.763686976810e-01  3.850526385769e-02 
-7.654978291241e-02  4.507975960080e-01  2.960332551211e-02 
 4.025009942811e-02  1.451224435890e-02 -3.299375416699e-02 
 8.697651157613e-04  3.040700125234e-03  8.466514465935e-03 
-4.019172528130e-02 -2.096454286067e-02 
-6.685162876768e-03  2.132722158747e-02 -1.599577938052e-02 
-3.813233305430e-01  5.083889382815e-02  1.547544658527e-01 
-2.233681703097e-01  1.466438334355e-02  3.955346486424e-02 
-9.596211769671e-03  2.798520413232e-02  9.973428555993e-04 
 2.626289540559e-01  1.055905177997e-01 -1.451474866967e-01 
 1.949225653254e-01  7.201540379712e-02 -7.402386352720e-02 
-2.424862270015e-01 -9.872308160621e-02  8.782584634975e-02 
 3.121693396950e-02 -1.968194401656e-01 -7.351940974944e-02 
 1.816952248991e-01  7.317300268398e-02 
-1.811442393969e-02  3.343882142203e-02  1.167285129036e-01 
-4.511018875682e-02 -6.190368536722e-01 -2.101085259568e-02 
-4.726373518178e-02 -5.512415700796e-01  6.034900479760e-03 
-5.699329187113e-03  1.406666932065e-02  2.543057360285e-02 
-1.272013777842e-02  2.498544874695e-01  3.829029291229e-02 
-1.741537185516e-02  3.372983340388e-01  3.402020426303e-02 
-1.611623688057e-02 -2.959235411691e-03 -6.261988469751e-03 
 3.934907081122e-03 -3.602253056002e-02 -2.941240529748e-02 
-3.023550138667e-02 -3.400512555971e-02 
 4.096852657406e-02 -8.945361865823e-02 -6.390092441392e-01 
 8.826542873208e-02 -1.750815732376e-02  1.259486546483e-01 
 2.423017802061e-01 -1.400748930428e-01  5.384382303337e-01 
 8.443896572876e-02 -1.214221102281e-01 -1.465305364938e+00 
 1.166958425249e-01  7.179164981371e-02 -8.754890281604e-02 
 2.917404798893e-01  2.421324525279e-01 -2.905028755414e-01 
 1.738653954952e-03  3.329058511713e-01  1.187584583674e-03 
 5.781583427846e-01  8.196899028472e-02  1.282364531660e+00 
 4.636247655956e-02  8.771155855406e-01 
 1.108613321715e-01 -1.678235533705e-01 -1.689708167334e+00 
 1.167046615220e-01 -5.540017367062e-02  3.223991920151e-02 
 3.218364742679e-01 -1.527555109960e-01  6.554745496055e-02 
-7.894815624274e-02  1.158193542775e-01  1.337231666712e+00 
 5.538777674653e-02 -3.290885977231e-02  2.102110811558e-02 
 1.785011834045e-01 -6.892696361172e-02  2.033233266576e-02 
 4.320378729723e-02  6.146395643897e-01 -6.452803666341e-02 
-1.093198754888e+00  1.021124436304e-03 -3.154915165591e-01 
 8.724369204379e-02  1.410396545589e+00 
-5.562846795126e-02  8.715647478333e-02  1.069533317096e+00 
 2.114086087833e-01  6.992421143122e-03 -1.162665231064e-01 
 6.511930610672e-01  2.509794676790e-02 -4.025849442575e-01 
-7.391760122217e-03  8.078726684844e-03  2.666633094187e-01 
 2.086851589369e-01  2.169010333388e-02  3.130676026033e-02 
 5.823798176353e-01  3.585186009304e-02  2.000459031795e-01 
-7.675506056838e-02 -1.641907489570e+00 -6.934528165166e-02 
-1.178500934615e+00  8.043200278129e-02  9.061415487436e-01 
 1.362742230264e-03  1.110602285652e-01 
-1.296807638289e-02  3.250621607466e-02  2.011581154060e-01 
 2.880053811432e-01 -3.412600870084e-02  3.004920720738e-02 
 1.556493534427e+00 -8.093352674456e-02  1.905999364098e-02 
 1.143477770588e-02 -2.198293603068e-02 -2.394330554261e-01 
-2.374648608632e-01 -1.891694126432e-02  1.705023526879e-02 
-1.032092224833e+00 -3.605625894701e-02 -9.401936594932e-03 
-5.589753061866e-03 -1.614227559201e+00 -9.246428026446e-03 
 1.221386199764e+00 -2.339743863009e-02 -1.089960871568e+00 
 3.085170785925e-02  1.499355055108e+00 
-6.941722200429e-02  3.304886535626e-02  2.008785840712e+00 
-1.989295962825e-03 -1.716942892606e-02  1.601658991217e-01 
-1.397170433716e-01  1.337282801450e-01  2.304352297607e+00 
 5.428742517882e-02 -5.156474251758e-02 -1.495330384809e+00 
-5.596071200939e-04 -2.752572957718e-02  3.340700950289e-01 
 1.265133693709e-01 -3.439953078224e-02  1.802684970856e+00 
 6.059790007427e-02  4.139119591744e-01  2.259514584540e-02 
-1.055767366716e+00 -3.166136307845e-02 -5.129019809711e-01 
 7.149467212355e-02  3.456163797734e-02 
 2.330144593612e-02 -4.334492422067e-01  6.802909797689e-03 
-2.409533622087e-01  4.662891942155e-01 -7.504705598388e-01 
 5.148604135614e-01 -5.997388970543e-01  5.885320210003e-01 
-3.852748753157e-02  3.217817327594e-02 -1.403636955331e-02 
-1.298978293055e-01  9.948851493326e-02  4.048450551928e-02 
 2.664036378277e-01  3.833805394176e-02 -5.499539545135e-01 
-1.056755119025e-01 -1.384463914330e-01 -2.687598746046e-01 
 1.934552743972e-01  2.445994927908e-01 -9.189590402544e-02 
 2.461578379532e-01  1.334445120346e-01 
-3.076313793307e-03  1.850764360285e-01 -1.751079028673e-01 
 2.907662114557e-01  8.809595840754e-01  3.196557525011e-01 
-5.838868163486e-01 -9.931939210501e-01 -1.172211600273e-01 
 1.221810014820e-02  4.310100332870e-02 -3.990756866605e-02 
 4.081611120528e-02  1.335828024155e-01  4.561811018500e-02 
-1.703118203769e-01  6.977782334144e-02  1.522300560499e-01 
 1.851199405170e-01  2.174239517406e-01  2.162156684918e-01 
-5.877960605051e-02 -1.703619170613e-01 -5.401465387483e-02 
-1.080282377525e-01 -6.139781948081e-02 
 3.205647467135e-02 -5.351440673090e-03 -9.389713992484e-01 
 4.591317116760e-01 -1.995378083323e-01 -6.775780047844e-01 
-1.383150575365e+00  2.145586353023e-01  5.514773517362e-01 
-3.381797889156e-02  1.475459516205e-01 -2.309777461081e-01 
 1.116300525168e-01 -4.399729512229e-02 -5.992847177756e-02 
-2.075753992320e-01 -7.271635227319e-04 -8.123573512418e-01 
 5.254858554480e-01  6.069679631752e-01  2.920709844034e-01 
 4.251640931539e-01 -2.021844701188e-01  5.791433403548e-02 
-1.334949904153e-01 -3.717722311006e-01 
 5.611072413318e-02  1.124365705846e+00 -2.012861137064e+00 
-1.981846127056e-01 -5.436910359019e-02  4.093726133793e-02 
 5.461138679245e-01 -5.029772724738e-02  8.917897441481e-02 
-1.310087641251e-02  2.519961045104e-01  1.007548829164e-01 
 3.582127498375e-02  2.262484807280e-01 -2.825050160168e-01 
-4.946616980507e-02 -1.960484814417e-01  1.576354241569e-01 
 4.817343779725e-01  5.190702344845e-03 -3.877458248388e-02 
 1.356776427719e-02  1.021624164373e-01  7.282611302946e-02 
 7.110142160551e-01  3.352875862009e-01 
 2.488690555959e-02  1.478196635453e-01 -7.028054658757e-02 
-6.504817454382e-02  1.698775027246e-01 -8.122226533924e-02 
 1.765213610475e-01 -5.674681371489e-01  2.069581321317e-01 
-1.061801465022e-03  3.578993824221e-02 -1.320707292339e-01 
 8.445019926135e-02 -9.259139422936e-01 -2.475031909481e-01 
-5.117290422821e-02  1.203781757766e+00  3.715439640180e-01 
 9.424878612657e-02 -3.507318900432e-02 -1.041632108934e-01 
 6.463897569869e-03 -5.946832010790e-03  6.083546745757e-02 
 1.409842276394e-01  9.665475286472e-02 
 3.941737575015e-02 -7.788522912491e-01  2.466336472704e+00 
-2.255686435000e-01  1.316126253608e-02 -1.387775206542e-01 
 6.610874414278e-01  2.271659625955e-01  6.683134434750e-01 
-4.837195568571e-02  6.964314592898e-02 -1.031500806220e-01 
 1.128140179245e-01  1.472081882362e-01 -5.757500827185e-01 
-4.558841993780e-01 -4.957065037147e-01  1.926913561651e+00 
 1.532406405799e-01 -7.662043187659e-01 -4.054916340621e-01 
-5.680855677531e-01 -8.124327414251e-01 -2.781500222237e-01 
-7.179166849099e-02  8.169618510151e-02 
-2.328705417461e-02  6.090288012168e-01 -1.652441009482e+00 
-9.041463775439e-01  9.735202509258e-02 -1.836044722577e-01 
 2.287603977995e+00 -2.431453549481e-01 -1.896805478331e-01 
-1.371439200036e-03  8.828699025095e-02  3.240640511535e-02 
 2.097283789858e-01 -2.499620258757e-02  1.849341586205e-01 
-1.134543771600e+00  7.025764209995e-02 -8.383821897359e-01 
 1.884174597245e-01 -1.082146063069e+00  3.504389205168e-01 
 5.075559678332e-01 -2.394380466346e-01  6.707069997056e-02 
-6.962401004723e-01  2.100076656962e+00 
 2.423301743118e-03 -5.867858201983e-01  1.100381167387e+00 
-8.195626102764e-02  7.104145891035e-03  6.594305451112e-02 
 5.382258620834e-01 -1.883326660713e-02  2.325415057696e-02 
 3.226382550443e-02 -3.390844487219e-01  1.691970209167e-01 
 8.945312322585e-01  1.253715640118e-01 -1.833396217612e-01 
-1.452500659559e+00 -1.071071270231e-01  1.271629296557e-01 
 1.618456969691e-01 -6.207875704358e-01 -7.376848838034e-03 
 7.672826884773e-01  7.731184038435e-01 -1.540838519443e+00 
 6.720345955320e-02 -1.969068643066e-02 
-2.696768464614e-02  1.085499028347e+00 -1.412721567508e+00 
 3.414116256143e-01  7.091949031130e-02 -4.811377591193e-01 
-7.416424896315e-01 -1.540485467460e-02  1.030688583965e+00 
 2.186410996670e-03 -1.470670754700e-01  4.004739995290e-01 
 1.706628639712e-01  9.950182559058e-02 -4.169281570961e-01 
 4.039769303504e-02 -2.233051734841e-01  1.142314986268e+00 
-8.071988371952e-01  1.799261581733e+00 -2.516053998610e-01 
-4.134434697977e-01  1.494067511912e-01 -7.145644049461e-01 
-4.207638085920e-01  6.089478379839e-01 
-8.472723994659e-03  3.304636278285e-01 -1.231149665512e+00 
 1.828767039657e-01 -5.623418417559e-03  7.926494994559e-02 
 3.453589187075e-01 -1.430094351540e-02 -6.092864432815e-01 
-5.341288632057e-02  4.396315685804e-01 -9.409158300849e-02 
 5.424984200045e-01 -8.002167284480e-02  6.858618349783e-01 
-1.141390117191e+00 -2.453580387208e-02 -1.096420125388e+00 
-2.851067970903e-01  1.301967761187e-01 -7.954834686411e-01 
 1.592267331588e+00 -5.073551004483e-01  4.712644046573e-02 
 3.226635589560e-01 -7.561529588345e-02 
 6.246555387570e-03  3.615575041860e-01 -1.004570666069e+00 
-7.772473643500e-02  1.450571196278e-02  1.533878985262e-01 
-1.719684158290e+00  9.072777852822e-02 -2.477541145753e-01 
-1.351106274331e-02 -7.119197609718e-01  1.996407699461e+00 
-9.088890966052e-02  8.461360885275e-03  2.015946052296e-01 
 1.593827814252e+00 -1.668142626579e-01  2.626345953848e-01 
 7.511325132430e-01  5.172431567023e-01 -1.050593451161e+00 
-5.696002540782e-01  2.460157431515e-01 -8.798244149959e-02 
-5.717460429959e-01 -2.443978199614e-01 
-1.734651047368e-02 -3.149690142260e-01  2.757690526256e+00 
-1.944337234885e-02 -8.651763605709e-03  1.340304705087e-01 
-9.094606234714e-01  1.331398824800e-01  1.389392186972e+00 
 6.509752035091e-03  1.807387753508e+00 -4.401415113299e+00 
-2.500626053885e-02 -1.394168115049e-02 -1.451826230152e-01 
 9.140544371330e-01  2.201793309493e-01  1.346317999638e+00 
 1.267762360937e-01  2.294578414181e-01 -2.801730511533e-01 
 2.948968368280e-01  6.127604763669e-01  3.378271853343e-01 
-4.855660099459e-01 -2.791937140561e-01 
orbocc
(*)
 0.000000000000e+00  0.000000000000e+00  0.000000000000e+00 
 0.000000000000e+00  0.000000000000e+00  0.000000000000e+00 
 0.000000000000e+00  0.000000000000e+00  0.000000000000e+00 
 0.000000000000e+00  0.000000000000e+00  0.000000000000e+00 
 0.000000000000e+00  0.000000000000e+00  0.000000000000e+00 
 0.000000000000e+00  0.000000000000e+00  0.000000000000e+00 
 0.000000000000e+00  0.000000000000e+00  0.000000000000e+00 
 0.000000000000e+00  0.000000000000e+00  0.000000000000e+00 
 0.000000000000e+00  0.000000000000e+00 