2mocoef
header
1
MO-coefficients from MOLCAS
1
48   48
a
mocoef
(*)
 3.334139057966e-05 -1.978871093882e-04  2.886629766038e-03 
-7.404285903421e-06  1.110473223636e-05 -3.282754362941e-04 
-1.790744183641e-04  3.129829846993e-05  1.647079344582e-03 
 1.001299665764e-05 -2.953353998247e-05 -5.238475730832e-04 
 1.034625271601e-04  1.284368782038e-04  1.001230926992e+00 
 6.556483033402e-03 -7.337103329049e-03  1.380945635063e-04 
-4.432884318156e-04 -8.568220427086e-04  5.965990972974e-05 
 3.257358358333e-04  2.105877992251e-03 -3.073935421370e-05 
-3.488767782557e-05  1.073685566253e-04  2.103443718548e-04 
 3.406503495733e-04 -2.299490604198e-04  2.602348117761e-04 
-1.075900995847e-04 -1.324025372546e-05 -1.611502898307e-04 
-6.485415773838e-04  6.248167031564e-04  6.266901618102e-04 
-9.817748890750e-05  2.060518332724e-04  1.353731265915e-06 
 2.300010237842e-04 -4.843705797133e-04 -5.707497456986e-05 
 1.310466914207e-04 -4.801684253594e-04  1.986487850869e-04 
-1.138568052502e-05  6.395751164880e-06 -1.211117344733e-04 
 1.001503853196e+00  9.249162199975e-03 -5.367474945969e-03 
-7.915053203674e-05  3.970764259160e-04  2.098930544731e-03 
-2.225126270118e-04 -2.554666645170e-04  7.953255085973e-04 
 1.008159210910e-05 -3.912477928899e-07  6.620125737195e-04 
-1.604636123074e-04  5.888944468621e-04 -1.303489046180e-04 
 7.766949997617e-04 -4.015521205557e-03 -1.043086633975e-04 
 1.708575544338e-05  1.317709663970e-04  2.835674427147e-04 
 1.070602162169e-04  2.248321993664e-03  7.730010543467e-06 
-2.060837055571e-05 -3.147750040212e-04 -7.482673179944e-05 
-4.368215460490e-04 -8.092838832258e-04  2.061676097528e-03 
 2.779959334521e-04  4.596268308486e-05 -2.477279086767e-04 
 6.381513936023e-04 -5.038497164635e-04 -1.100234600360e-04 
 6.046514469729e-06 -4.579348917493e-04  8.457481578839e-04 
-4.860057193255e-04  1.382244426725e-04  7.254918083424e-06 
-4.185782284537e-04 -8.107385786428e-04  1.531308682830e-03 
-4.010052237246e-04  3.940174858217e-05 -3.422361980211e-04 
-1.544165329240e-02  4.117369065005e-01 -1.581681704647e-01 
-1.301787567432e-03  8.252986301097e-03  1.912972588165e-01 
 4.173892252865e-03 -3.397318771734e-03 -8.752219605015e-02 
-1.423533143913e-06  4.381704680123e-04  2.877063790674e-02 
 4.885572347725e-05 -1.281414792260e-03 -1.261534201333e-02 
 7.963549608012e-01 -1.644938112683e-01  2.523353715478e-03 
-2.206414024151e-02 -9.003531641691e-02 -1.246332038058e-02 
 7.969718880755e-03  1.242701044897e-02 -7.261519877447e-05 
 5.236630241433e-04  1.234706913072e-02  1.216111960383e-03 
 3.569920406924e-03  1.032986659839e-01 -5.585868624800e-02 
-7.743780794588e-03 -3.277079531021e-04  9.012165381721e-03 
 2.675998079708e-01 -1.327481773830e-01 -2.753680148752e-02 
 2.414621360359e-03 -1.657215751261e-02  2.309348898909e-01 
-1.156214648360e-01  2.782448716447e-02  1.110511706328e-03 
-1.213196433427e-02  1.000905439626e-01 -4.917801184782e-02 
 9.019608777085e-03 -1.303075714055e-04  7.819505372646e-03 
 1.322583216683e-02 -6.715298388234e-01  1.577728260696e-01 
-7.585607554621e-03 -2.686101943762e-02  7.531339557234e-02 
 1.998015972335e-02  7.163903983713e-03 -1.732570164914e-03 
-3.132194958756e-05 -1.168237929727e-03  3.107400198027e-03 
 8.001313302752e-03 -6.451968558078e-03 -7.228753102951e-04 
 3.190172129464e-01 -3.964857503325e-02  1.175090711353e-01 
-2.965847470294e-02  3.745176287633e-01 -4.198823275365e-02 
 8.256190198503e-03 -6.833283209216e-02 -9.288258263888e-04 
-1.457351323478e-03 -1.737474796455e-02  3.088113726318e-03 
 3.999476722523e-03 -3.546673604405e-01  1.578479030598e-01 
 2.163620702628e-02  9.023834138062e-04 -1.373732335624e-02 
 3.771631304558e-01 -1.745165738935e-01 -2.831115982158e-02 
 2.898907665446e-03 -1.241424609835e-02  1.558243321584e-01 
-7.629177815517e-02  1.805348142674e-02  9.255926763949e-05 
 4.103618476714e-04 -2.979096848244e-01  1.468418872395e-01 
-2.346825083178e-02  3.294635275962e-04 -9.424987283187e-03 
-3.684171060429e-03  1.164188577148e-01 -1.828204877786e-02 
 2.766391873994e-01  5.221378319574e-03 -1.094130800616e-01 
-5.150626964273e-02 -1.169830935355e-03  2.955579313914e-02 
 1.463769998909e-03 -9.230200005836e-04 -6.625319860820e-03 
 3.222613384721e-02  8.779958361690e-04 -1.806022343572e-03 
-5.773028294126e-02 -1.974331861772e-03  6.449089541322e-01 
-8.869455330873e-03  5.423362648856e-02 -1.362771459728e-01 
 2.962198930149e-03 -2.233696704438e-02 -4.095261243834e-03 
-6.711912667368e-04  8.459883601433e-04  5.220285788357e-04 
 2.234927469350e-04  2.739268208258e-01 -1.376405368901e-01 
-1.811908904774e-02 -1.830251833228e-03  8.487766316678e-03 
 4.659728876727e-01 -2.022830040893e-01 -2.231983698696e-02 
 4.426761741938e-03 -2.336864354909e-02 -4.736500991998e-01 
 2.049321325218e-01 -2.819227060177e-02 -3.562969469546e-03 
 2.511261444799e-02 -6.974074090139e-02  4.607152087097e-02 
-4.386081922201e-03  6.724837232798e-04 -3.747140111891e-03 
-5.259801952183e-03  6.605622014707e-02  9.443205969440e-02 
-3.728821215452e-01 -3.018550033988e-03 -5.098644422426e-01 
 6.348599445942e-02  4.578304926301e-03  1.623632361874e-01 
-1.723036540250e-03 -3.756961632258e-03 -3.312383346234e-02 
 7.889300058064e-03  9.943411899315e-03 -1.930858661843e-03 
-9.160254565798e-02  1.119625947917e-02  5.862337544948e-02 
-2.405328723171e-02  5.209089577285e-01 -1.619884834732e-02 
 2.656336478988e-03 -8.284123468108e-02 -9.051268385380e-04 
-2.924658183471e-03 -1.586419547241e-02  1.485309006450e-02 
 6.356717094286e-03 -1.929230609976e-02  6.431032156591e-03 
-7.268625470040e-03 -3.789922878937e-06 -9.193251612694e-03 
 2.868589076102e-01 -9.875868931040e-02 -1.509550922070e-02 
 1.434334019260e-03  1.990061547952e-03  8.691330257517e-02 
-4.486247586527e-02  9.323687201508e-03 -3.617224620781e-05 
 5.238204102965e-03  5.760615092715e-01 -2.179173226209e-01 
 2.568420354124e-02 -1.287429995224e-03  1.128306678535e-02 
-1.125094015549e-04 -3.943656899148e-02  2.174904976287e-04 
-8.886934551931e-03  4.684593039798e-01 -1.791313195743e-02 
 3.353662971024e-04 -7.346465663857e-02  5.290824849098e-03 
-1.802703711760e-03  3.633043501605e-02 -3.042726580047e-03 
 1.188296283756e-03 -1.748017383193e-03  1.236157537431e-03 
 5.784182681707e-02  1.460321370378e-02  1.258390899578e-02 
 7.820143999065e-01  3.564864189720e-02 -1.577079902274e-04 
-1.390384686331e-02 -1.993313115533e-03 -6.108192196877e-04 
-2.009713548137e-02  1.319471495072e-03  4.517699406516e-04 
 3.095419348201e-03  3.563655586118e-03 -1.631169890230e-03 
-1.443965857477e-03  1.229552197878e-02  4.103004193797e-05 
-1.781148141717e-02  9.699597199588e-03  3.053041141394e-03 
 2.060529526299e-02  2.746398043799e-03 -2.289267481137e-02 
 8.253041203498e-03 -2.351361962016e-03  1.956890594596e-02 
 2.433807948994e-03  1.286086073305e-02 -2.663173525898e-03 
 7.435958126118e-04  1.113715875291e-02  2.771311793162e-04 
 4.321730269110e-03  1.221586075685e-02 -4.672399407275e-02 
-5.106275340814e-01 -6.713713648045e-03  3.292745660445e-01 
 9.778573933454e-02  5.407220071270e-04 -1.066563594124e-01 
-3.102089115805e-03  2.448803996170e-03  1.792269892384e-02 
 2.376038867902e-02 -2.910564591296e-03  1.212011750657e-03 
 2.259446733240e-02 -3.045864683771e-02  3.010503837309e-01 
 6.471991861000e-03 -3.468637800653e-01 -5.078644873167e-02 
 1.563971939514e-03  5.251837599455e-02 -1.946641491283e-03 
 1.836754950226e-03  1.221341476516e-02  2.046126436980e-02 
-4.855599263355e-03 -5.874482000033e-01  2.250424467909e-01 
 2.004222195334e-02  2.105867479542e-03 -1.710748759982e-02 
 1.316752393360e-01 -3.597777990451e-02  1.192891965086e-03 
 1.079549460655e-03 -1.194564107254e-02 -4.169119211050e-01 
 1.432307213427e-01 -2.240382464964e-02 -1.986768332199e-03 
 4.804278427156e-03  3.186981560046e-01 -1.130007348092e-01 
 6.149655731745e-03 -7.567054373710e-04  1.518645653924e-02 
 8.047129545526e-04  4.256085817420e-02  3.916772484547e-02 
 8.298882593360e-03 -8.869196106712e-01 -2.575208373044e-02 
 5.154082643656e-04 -9.624737223060e-02  1.339657871975e-02 
 2.157747289438e-03  2.027013232780e-02 -2.041720865702e-03 
 9.546964206934e-04 -2.829891532595e-03  9.532231596184e-04 
 3.297100771288e-02  1.405592290778e-02  5.164282775551e-03 
 5.707204798337e-01  3.446135269497e-02  3.077371393861e-03 
 1.406228480278e-01  8.810365659722e-03 -2.493799835554e-05 
 2.666527630761e-02 -7.695958026069e-04 -9.737873335774e-04 
-1.329507862622e-03 -3.470996431066e-02  9.786416364902e-03 
 1.481912152578e-03 -2.693241923136e-02 -1.603332244283e-03 
-4.535596881454e-02  8.380029729236e-03  2.037967585129e-03 
 1.766493542980e-02  1.415529948383e-03 -3.236369531193e-02 
 5.926273730016e-03 -1.472976652391e-03  1.665263090433e-02 
 1.354161049088e-03 -2.425534884848e-02  4.300888376450e-03 
-5.966304563836e-04 -2.584913902835e-02 -1.423241205339e-03 
 1.418858412354e-02 -8.730529330948e-02 -6.621423371001e-01 
 1.046369321929e-01 -1.047799384466e-02  1.480082193900e-01 
 1.761807233774e-01 -3.121059231670e-02  1.676101482372e-01 
 5.675524761156e-04  2.580304314526e-03 -1.067478703800e-02 
 9.301447732546e-03  5.982449629363e-04  2.674690775778e-02 
-2.590714100148e-01 -8.738816051855e-01  1.486791792313e-01 
 4.226004528420e-02 -1.847291358794e-01  1.108708324407e-01 
 4.368367230059e-02 -2.709821981873e-01  2.642762284505e-04 
 1.915988113160e-03 -2.732840514756e-03 -1.227991512416e-02 
-1.148484490642e-04 -2.441097977540e-02  1.775511631229e-01 
 4.000935525454e-03 -2.320458101806e-04  9.202970785070e-03 
 1.195577514209e-01  4.329653227467e-01 -5.118328698389e-03 
 2.408399330034e-03 -1.005398185247e-02  2.655400738904e-01 
 9.491045874260e-01  6.444978103329e-04  8.289611073269e-04 
-3.898158729710e-03  7.536975567075e-02  6.140765995667e-01 
-3.525020471246e-03 -4.895872819840e-04  1.046722019955e-02 
 7.376720426302e-04 -1.620266248532e-02  1.017590597471e-01 
 2.673031946070e-01  6.802616935270e-04 -3.584172213007e-02 
 5.041002520440e-01  1.899648769817e-02 -5.445363917292e-02 
 3.161693364618e-03 -1.022489062430e-03  3.786083652110e-03 
 1.651042983602e-02  1.428495187690e-03 -1.362453486970e-02 
 1.067404232910e-01  4.798224053483e-01  3.275246688511e-01 
-2.242574371217e-02  7.013050224636e-02  3.357848413855e-01 
-3.025047400887e-02  1.219271148828e-01 -1.783662214834e-03 
-6.170744196032e-04 -2.251392597134e-03 -1.974940093412e-02 
 5.526668903931e-03 -5.338581106992e-02 -8.219527989162e-01 
 5.596890345135e-04  3.402552599742e-04 -5.632785304424e-03 
-1.840934031530e-01 -1.303435499500e+00  7.502605436676e-03 
-4.033031573852e-04  2.855801052700e-04  1.022249333003e-01 
 5.612377789756e-01 -4.525753403057e-03 -7.050663658803e-04 
 3.489917653637e-03  1.081266682274e-01  7.491559034288e-01 
 2.072451367683e-03 -4.505104901258e-04 -1.217764633080e-03 
 3.593444398852e-02 -3.189114978533e-01 -1.590918354931e+00 
 1.556895584698e-02 -3.318149888492e-02  1.585120542027e-01 
-2.314633868795e-02 -5.153719842379e-02  4.621013087916e-01 
-7.919714535340e-04  6.746473124054e-05  1.104146556234e-02 
 1.461605623790e-03 -1.105750499049e-02 -1.095274089524e-02 
 1.557529611517e-01  4.175588245191e-01 -8.000085737060e-02 
-1.539189757343e-02  2.428967698642e-02 -8.118811366140e-02 
-6.468242596254e-04  2.571826862274e-02  4.062060406596e-04 
 1.497112058559e-03 -1.063367421141e-02  2.313190908495e-03 
 6.863670430076e-03  1.191036763666e-01  1.353568903813e+00 
-8.970785586131e-03 -1.542750092879e-03  5.424042637799e-03 
-5.242576995379e-02 -2.541947074287e-01  8.006933290067e-03 
-5.724794837756e-04 -5.897973776420e-03 -7.647681844061e-02 
-6.388910307631e-01 -6.697126592004e-03  1.540076299049e-04 
-8.189960295705e-03  1.083872979684e-01  1.189687691853e+00 
 5.426924731875e-03 -5.740657476174e-04  5.676764014472e-04 
-2.523342135566e-03  1.867695149555e-02  1.966976755319e-01 
 3.859503697525e-01  8.956315043414e-03 -3.821241789606e-03 
 1.203216901427e+00  1.949307405371e-02 -8.924235353780e-02 
-5.433500216862e-04 -2.653988686170e-04 -2.560998235616e-03 
 1.047866902471e-02  2.638057042230e-03 -1.110918921641e-03 
-1.386896249899e-02 -3.323345300808e-02 -2.740187102551e-01 
 2.735017801895e-03  7.102281474039e-03 -6.401719000932e-01 
 1.831110753539e-03 -1.685046372177e-02  2.361873382804e-03 
 2.921207403628e-04  1.129124548821e-03 -2.518601300068e-02 
-2.763011774566e-03  6.710886741824e-04 -1.873502909350e+00 
 2.860019655586e-03 -1.849474534963e-03  2.502508053268e-04 
-1.075885790752e-02  9.908139933190e-01 -1.364026316052e-02 
-9.027595484984e-05 -1.022761357483e-02 -3.272943162609e-02 
-8.917433022592e-01 -9.709502251217e-03  8.545771538623e-04 
 9.686072621790e-03  4.741451293147e-02  1.586136955765e+00 
-1.576099200797e-03  2.247837507469e-03  8.983591949577e-04 
 6.574906237536e-02  1.034022681581e-01 -2.196810449514e+00 
-8.153157615271e-03  2.298558943637e-02 -6.624951231912e-02 
 6.929282650733e-02 -6.260346409063e-02 -2.509810420278e+00 
-1.226011274958e-03  9.219645812002e-04 -1.409251833386e-02 
 2.602863502636e-03 -3.951603305479e-02 -5.901584691000e-02 
 5.930409960436e-03  2.059551722343e+00  9.115748365178e-03 
 1.827155906385e-02 -3.790655739552e-01 -2.633482908787e-02 
-1.639900283416e-02 -1.205930402938e+00 -1.000440407030e-03 
-3.302144808918e-04  3.471930776773e-02  8.225893628039e-04 
 1.821515477651e-02 -1.026512257994e-01 -3.446021423500e-01 
-2.653148953170e-02 -1.970547878525e-03 -5.749212132954e-03 
 3.260930832031e-02  6.710686777406e-01  4.959947774644e-03 
-2.218029729606e-04  2.464218452293e-02  3.716574555461e-02 
 5.475449864778e-01 -7.117751392178e-03 -5.335996738621e-05 
 2.437347854769e-02 -1.830456505390e-01 -2.286428304310e-02 
 2.192526014828e-02 -7.092049899741e-04 -7.299271100409e-03 
 3.170975071968e-02  1.852324650516e-01  3.925870161110e-02 
 6.622794662941e-02 -3.644222596298e-02  2.052978637782e-01 
-5.007814073101e-01  6.221487580727e-02 -3.277665552879e-02 
 1.057110110873e-02 -6.878699044717e-03  2.365852195182e-03 
-2.118688868471e-01 -7.101585384073e-02  1.698627967863e-02 
 9.490647804981e-02 -2.569966687610e-01 -1.628359917950e-01 
-2.709445284765e-02  7.575243618642e-02  1.787859774430e-01 
 4.108552946620e-03  2.985468584331e-01 -1.410727942476e-02 
 4.492736413785e-03  3.246743687170e-02  9.501762109560e-02 
-6.612229985971e-02  5.523680441592e-01 -3.681040296417e-01 
 2.599896205741e-02  5.581162559473e-03 -4.838831394288e-02 
 1.738002155370e-01 -3.092954798116e-01 -3.290675082365e-02 
-8.961980765227e-03  1.195753248572e-01 -1.375092268478e+00 
 1.281481592052e+00  8.329166057413e-02  5.736524015500e-03 
-8.170342420426e-02 -1.025623671993e+00  8.565208128342e-01 
 3.567572807323e-02 -4.447561482627e-03  6.583098612063e-02 
 6.821123792492e-03  1.361642835477e-01  5.367027194537e-01 
-5.570610182495e-02 -1.692897255947e-01  4.126141496139e-01 
 4.334459037603e-01  3.006895169125e-01 -3.751124918283e-01 
-7.770357832175e-03 -1.699406446131e-02 -1.858444084816e-02 
 1.309842084096e-01 -1.151218709997e-01 -2.858202558887e-03 
 4.711298061159e-02 -9.585203111356e-02  1.324394394049e-02 
-8.224246454340e-02  1.218864664729e-01 -1.123229846149e-02 
-1.802740624181e-02  6.073842705676e-01  9.461196541901e-03 
 1.551771820287e-02  5.400394228464e-02 -5.765281345700e-02 
-1.047545099565e-01 -9.325450586189e-01  5.636450192601e-01 
-3.769583971785e-02 -6.212640332737e-03  4.823143578055e-02 
-1.324252204497e+00  9.409699042451e-01 -1.124158781844e-01 
 1.631911143119e-03 -2.138696806883e-02 -6.902053656596e-01 
 5.567675085806e-01  8.837333511602e-02 -6.090301520968e-03 
 1.127259735087e-01  5.066767785384e-02 -3.592299560126e-02 
 7.093333280832e-03  4.486052983339e-03 -3.967294389037e-02 
 2.109644483805e-02  5.230051921122e-02 -1.144119538800e-01 
-1.042328351520e-02  1.343676654650e+00  1.203794387315e-01 
 4.887163839175e-02 -1.759429325847e+00 -6.715513714782e-02 
-1.408710628632e-03  5.691000566598e-02 -1.638707247218e-02 
 1.506565412613e-02  1.493152860210e-02  1.013822214698e-02 
 8.508105794871e-02 -1.859882012230e-02 -7.163256091703e-03 
 1.956522191238e-01  4.338843650988e-02  2.188529935595e-03 
 1.747612409078e-03  7.034873368325e-02  2.568743169838e-03 
-6.251484570023e-02  2.356394071848e-02 -4.944562057496e-03 
-2.539755042582e-02  8.941902199400e-02 -1.429883095759e-02 
 7.608548299388e-03  4.413417510978e-02  1.154323353609e-02 
-2.552489401668e-01  1.597667755200e-01 -3.437503607200e-02 
-2.139212715461e-02  4.334210640937e-03 -2.606696239520e-01 
 2.343138067241e-01  3.414051586325e-02 -2.930983999348e-02 
 1.924917313258e-02  2.277724060064e-01 -1.641400839116e-01 
-1.490120778494e-02  2.531221788380e-02  1.717236892424e-03 
 1.958597009832e-01  5.814992207946e-01 -1.119279424210e+00 
 9.910696926253e-02 -2.458773155141e-01  4.203138594247e-01 
-1.604035348648e-01  2.732907873626e-01 -5.373642415869e-01 
 5.436023235095e-03 -1.890155564355e-02 -1.713351168929e-02 
-1.542845723521e-03  2.442998074705e-01  4.521081969399e-02 
 2.904185611423e-01  4.669430906380e-02 -3.557148927223e-02 
-2.473906137672e-02 -1.612937348801e-01  3.981053473845e-02 
 1.873285569069e-03  1.284923914316e-01 -4.185399709279e-04 
 1.901304227410e-02  5.380457018004e-02  5.677760498682e-05 
-2.077392205357e-02  1.064732649537e+00 -7.529723795941e-01 
 1.216061780976e-01 -7.677173722391e-03 -2.033993213349e-02 
-2.975635705410e-01  3.679538669044e-01 -4.728052539660e-02 
 9.534411575387e-03  3.090911413761e-02 -4.473438407193e-01 
 5.880651131654e-01  5.536836100117e-02  9.579697865079e-03 
 2.519924866455e-02  1.308483421022e+00 -1.232792603294e+00 
-1.316975393198e-01 -7.612592289616e-03 -1.250971441006e-02 
-1.713157360026e-01 -9.947067627180e-01  2.913683918736e-01 
-7.557583571334e-02 -3.267067361930e-02 -1.073428665368e+00 
 1.258537138485e-01  2.994833100707e-02  7.433932328901e-01 
 9.896840117178e-04 -1.412093161170e-02  1.525404732740e-01 
-3.191733356720e-03  6.987573612787e-03  5.310730408487e-02 
 6.234072115662e-01 -5.259062991745e-01 -6.479594710701e-02 
-5.774773967277e-02 -3.554373157623e-02  1.089924991542e-01 
 5.576293672630e-02 -7.006180945544e-01  5.337727625506e-03 
 9.709234613551e-03 -1.205167582661e-01 -9.552550133370e-03 
-1.301605105943e-01  2.126245190211e-01 -2.510777009458e-01 
-1.977937692573e-02 -2.177823346147e-03 -3.526971525981e-02 
-6.871709391365e-01  8.125269886728e-01 -9.943972144956e-02 
-1.095920945699e-03 -1.426075202927e-01 -7.098257173045e-01 
 9.314898798053e-01  1.172298569112e-01 -3.326675667705e-03 
-1.129174764158e-01  2.916090520826e-01 -2.481311730747e-01 
 2.975189985302e-02 -1.279145327859e-03 -3.143554310142e-02 
 8.590101509390e-02  3.755142311220e-01 -4.687789000305e-01 
-1.267488467293e+00 -8.231627421691e-03  1.159288690074e-02 
 3.322104802137e+00  1.981243054020e-02 -1.460533248406e-01 
-6.844809708775e-03 -4.240389056259e-03  1.095954961570e-02 
-2.182720899545e-01  1.912646864157e-02  1.062279366542e-02 
 3.445397022893e-02  7.866236811941e-02 -2.175888082673e-01 
-2.435485427625e-02  1.171749940872e-02 -6.520133362753e-02 
 3.041529372463e-02 -4.686374367155e-02 -1.363632020333e-02 
-9.684273471050e-04  1.442119727521e-02  6.533525868481e-02 
 1.706884989494e-02 -1.341050546898e-01 -1.608087519912e+00 
 1.668712025178e-01  1.108642005922e-03 -8.125413311235e-02 
 2.708446632472e-01 -5.704661524394e-01  6.784123877872e-02 
-1.576168391723e-02 -2.666715808721e-03 -1.247427794153e-01 
 4.860412466700e-01  5.483684797869e-02  1.983177692367e-02 
 2.610859906257e-02  1.801759927154e-01  1.618234414757e+00 
 1.917549278848e-01  1.205359344843e-03  8.154041535072e-02 
-8.431934140606e-02 -3.416471286498e-01  4.454615171045e-01 
 3.781638981498e-01 -1.767994342391e-02  1.563790594613e-02 
-4.628360113873e-01  5.505988432416e-02 -2.600108152987e-01 
-4.211336708933e-02  2.035606381272e-02 -4.523348863004e-02 
 2.618052286880e-02  1.043923654374e-02  7.965081954944e-03 
-3.007673115863e-03  1.234710105008e-01 -1.025796819918e+00 
 8.311769427915e-02  7.713534132197e-02  1.653521806738e+00 
-1.280883858784e-01 -2.294800903771e-01 -4.245000589894e-02 
-1.065646512203e-02  7.451553587429e-03  1.284271995079e-01 
 1.919604612454e-02 -7.603323255376e-01  7.801121497549e-01 
-2.381553850388e-02 -8.988981568164e-03  1.056231626628e-01 
 5.090886723039e-01 -1.266924077893e+00  2.381549280212e-01 
-4.842453374837e-02  1.467822862453e-01 -2.788395315668e-01 
 1.213597942963e+00  2.193738483786e-01  3.785478617357e-02 
-1.306766984935e-01  6.136441439259e-01 -1.043794564508e+00 
-4.490502796376e-02  1.064860798553e-02 -1.100694212874e-01 
-3.147665085015e-02 -1.488197965529e-01  4.767994404428e-01 
 5.330411471519e-02  2.416154657451e-01  6.265220772656e-02 
-9.307326856891e-02 -7.414166353499e-01 -6.378519727752e-03 
-9.877105986962e-03 -1.622149098870e-01  2.923815411863e-02 
-1.818009111551e-03  2.390089338455e-02 -2.122428445006e-03 
-5.455741018834e-02 -1.554400479039e-01 -6.215116581086e-02 
-1.368030087932e+00 -7.739489903300e-02  8.984715465888e-02 
 1.969899323064e+00  1.738315557471e-01 -7.390393238861e-03 
 2.876717141958e-02 -4.194293265053e-03  5.518657902062e-03 
 6.018540493190e-03 -7.427608861180e-02  2.099258539190e-02 
 1.137274771929e-02 -1.812904446430e-02  1.906411157118e-03 
 1.421621345187e-01 -1.295554875094e-01  5.744648633145e-03 
-1.886468641944e-02 -1.890428983741e-02  7.908479051446e-02 
-1.485074321929e-02  1.235662287581e-02  3.693918267226e-02 
-3.049487010479e-02  1.379723568217e-02 -1.485348570321e-01 
-1.805284631599e-02 -8.049876988318e-03 -1.207642832680e-02 
 6.776157077295e-01  3.126213607604e+00 -5.979559147335e+00 
 9.719469781276e-02  1.627408378654e-02 -4.731674664342e-01 
-2.980556511162e-01 -1.229228430118e-01  5.923817693067e-01 
-1.266370030446e-02  8.963889003854e-03  1.082372248781e-02 
 7.950480148997e-02 -1.052722356442e-01  7.083345236846e-02 
 3.724408166936e-01  9.415541349900e-02 -7.322969900492e-02 
-9.532267383570e-02  2.851317005471e-01  8.034934479804e-02 
 1.363756878145e-01 -9.118325246137e-01 -1.347359273693e-03 
 6.584919486384e-03  8.079870742944e-02 -4.366384581777e-03 
 4.474898756537e-03 -2.192118340647e-03  1.502847725145e+00 
-2.151600257919e-01 -2.880868903693e-02  1.584928137716e-01 
 4.915739168249e-02  2.275405175282e-01 -6.930949165765e-02 
 1.302412711492e-02  3.662150285304e-02 -1.858102760529e-02 
 2.416941757745e-01  7.711296245200e-02  1.676288641274e-02 
 3.159869552722e-02  9.714255940527e-02  8.676002527704e-01 
 1.587022819742e-01 -1.523889652176e-02  9.063434519314e-02 
 1.583493943260e-01  5.246312832892e-01  7.908302795531e-01 
 1.937595028591e-02  4.241819501088e-02 -4.155414571044e-01 
-1.792765150199e-01 -3.250661994922e-02  2.112602662497e+00 
 3.117986697447e-02  2.420477545321e-02  3.738599702908e-01 
 2.117246184486e-02 -9.117852089702e-02 -5.510670911884e-02 
-2.986107176372e-01 -5.421146920886e-01 -7.051421075785e-02 
 5.273428104576e-02 -1.151846500501e+00  2.503558891352e-01 
-1.022074816016e-01  2.779050097032e+00  2.571157418022e-03 
-1.672423888237e-02 -1.127024038939e-01  2.799229582197e-02 
 4.185848289258e-02  3.122815066575e-02  7.115763014859e-01 
-6.553640453819e-02  8.780723747184e-03 -2.787067785475e-02 
-1.912755585649e-01 -9.365488742490e-01  1.896467189607e-01 
-2.573628445464e-02  9.982281876471e-02 -8.337883309230e-02 
-6.586991393216e-01 -1.121411695999e-01 -3.221128958100e-02 
 6.468863494049e-02  3.156945804084e-02  4.240724106734e-01 
 6.104655612415e-02 -1.988180446338e-02 -7.193006324332e-02 
-6.603972118729e-03 -4.034452286798e-02  1.385488478614e-01 
 6.678649240835e-02  1.270079550874e-02 -4.041487342926e-02 
 3.730889142576e-01 -7.333800694779e-03  1.285717695433e-01 
-5.812164625469e-01  2.466815109702e-02  2.610899277174e-02 
 5.062558939453e-02 -6.573878082224e-03 -1.547603508009e-04 
 3.361951634442e-03 -9.223941851824e-02  2.082452913547e-01 
 4.702512906976e-02 -9.148717841725e-02 -8.382788722363e-01 
-5.697747749463e-02  1.546613954097e-01 -1.631841494321e-01 
-5.927972453249e-03 -9.728077211029e-03  3.320722643821e-03 
-1.044598843141e-03 -1.554455360998e-01  1.226629415108e-02 
-3.949621613944e-02 -2.407791943512e-01 -1.655647419929e-02 
 4.143793170482e-01 -1.133375777316e-01 -4.648118195506e-02 
-1.864462543978e-01 -3.113792664672e-02 -4.089234598190e-01 
 2.649040904720e-02 -7.461870767062e-02  2.012866376875e-01 
 3.259575819030e-02  1.774297702622e-01  1.912211550779e-02 
-2.896542499510e-02  2.804844475571e-01  1.965477148526e-02 
-2.657935760212e-02 -1.187891817448e-01  1.322648454771e-01 
 6.045083290557e-04 -8.925269198406e-02 -2.995933360342e-02 
 5.234641019164e-01  1.906561951957e-01 -2.951316462479e-02 
 2.154983045270e-01  3.494123196385e-01 -5.360849510993e-03 
 1.096769951853e-01 -1.224532622498e-02  1.736889752267e-02 
 8.257793109835e-02 -1.454290390158e-01  1.597197212882e-01 
-1.142579217245e-01 -1.714621232156e-02 -8.281150609859e-01 
 4.057736230317e-02 -7.952312941643e-02 -1.905681161793e-01 
-1.084259724172e-01 -3.556428289108e-03 -6.083635481370e-03 
-1.169537686914e-02 -1.438338525499e-01 -1.490897509875e-01 
-5.857005694927e-03  9.167478061076e-02  4.699016814752e-02 
 4.930351279356e-01 -7.966707226063e-02 -8.757229875700e-02 
-4.995198640463e-01 -1.704236404400e-02 -3.929002375093e-01 
 1.000829450037e-01 -4.368375836509e-02  3.263053633451e-01 
 4.932370328602e-02  1.586026156788e-01  7.156686345952e-02 
-2.053013795480e-02 -3.303955949223e-01 -1.905247767780e-02 
-2.307224193558e-02 -1.019244658819e-01  1.478585480712e-01 
-2.799410107138e-03 -1.086735500392e-01 -2.465881164019e-02 
-8.084120923675e-02  2.585186944483e-01 -3.308623615098e-02 
-7.877515512756e-02  5.869477301526e-01 -1.305032311570e-02 
-6.069995502450e-02  2.552041556933e-02  3.001868421648e-03 
 1.853773061342e-02 -3.297073145380e-02 -2.437177445565e-02 
-3.280027201328e-01 -1.591047554515e-02  1.970473408345e-01 
 2.093050809573e-01 -2.373563006966e-02  1.404325598267e-01 
-1.969782196745e-01 -1.164829094816e-03  6.890702495992e-03 
-1.100053449757e-02 -3.041015520404e-02  2.335569223723e-03 
 3.795812379799e-02 -3.140474774910e-01  1.326266099076e-02 
-1.091076266617e-01  4.562725870214e-02 -3.982578539871e-02 
 4.299817995041e-02  5.631123445269e-02  1.380948219510e-01 
-2.985950747665e-02  4.252440246361e-02 -4.584061302666e-01 
-7.572336526925e-03 -3.443345143702e-02 -3.500706019834e-02 
-1.214734166800e-02 -6.311292335921e-02  3.423459435298e-02 
 7.159649219341e-02  3.036818102197e-01 -1.678318726230e+00 
-2.299232966895e-03 -1.448413647443e-03 -9.986399342179e-02 
-1.511026229672e+00 -2.358790880429e-02 -5.412573566333e-01 
-6.874428009343e-02  3.971233605084e-02 -2.235696471086e-01 
-8.510065819969e-02  4.119586130801e-02 -3.406990905310e-01 
-1.433023120510e+00  3.122724031811e+00 -3.374267537121e-01 
-2.897011143365e-02  9.359281311823e-02  1.709116593318e+00 
-1.224509935412e-02 -4.763504921237e-01 -7.298986826197e-02 
-1.933739272718e-02 -1.564785092360e-02 -1.164093800612e-01 
-3.868939843100e-02  7.609390452981e-01  2.602490043091e-01 
-9.434486769062e-02 -3.728619699595e-02 -2.055608884189e-01 
-1.235264359090e+00  2.800250827214e-01  3.307986705526e-01 
-2.042990422292e-01 -2.095949204098e-01  4.865798269790e-01 
-1.469957242675e-01  1.614427252769e-01  9.217394127508e-02 
 3.002299213400e-01 -5.548929125608e-01 -1.199493200348e-01 
-6.775810918122e-02 -1.465916705664e-02  2.249449639852e-01 
-8.945744078486e-02 -3.783472726107e-01  3.002035353823e+00 
 4.250976222881e-02 -1.224207310814e-04  3.101415979257e-01 
-7.408611582585e-01  6.508640808853e-02  1.340681740471e+00 
-3.052805841282e-02  7.797914876807e-02  3.747244017671e-01 
-6.713027318534e-02 -1.109610390681e-01  6.789991025398e-01 
 2.803524723624e+00 -6.194797812652e+00 -1.963180766252e-01 
 1.698476812170e-02 -8.168341213884e-02  7.717754623338e-01 
-1.412016265924e-02  1.095807972182e+00 -2.641130614055e-02 
-9.296768358880e-03  9.031544862206e-02 -9.044179452273e-02 
 8.718571663285e-02  1.282556980797e-01  1.257630973874e-01 
-1.448135140573e-02  8.363764340193e-03 -1.523666559044e-01 
 3.589181432590e-01 -9.124148140188e-02 -8.922487173267e-02 
 5.029592948466e-02 -2.005063997627e-01  1.018839617754e+00 
-2.994229192685e-01  3.551281262689e-01  1.287248591275e-01 
 1.362607625428e-01 -3.405015781405e-01 -2.097194949993e-01 
-1.172871365941e-01  2.757043148636e-03  1.113166913366e-01 
-7.700129036016e-02 -2.958091427572e-01  1.315416955902e+00 
 4.466942455025e-02  3.863120696698e-02  1.237497048173e-01 
-1.908614454199e+00  4.599242828006e-02  2.527713814069e-01 
-5.703361052561e-02  4.174234055802e-02  1.473168557020e-01 
 2.253478361301e-01  4.120294567888e-01  3.878886320653e-02 
 1.321341433222e-01 -8.040753360243e-01 -2.207181187557e-01 
 3.701693947520e-02 -6.337063653314e-02  1.399635991367e+00 
-1.254109900398e-01  7.043259434832e-01 -3.852587357735e-02 
 1.135348763678e-02  1.384735880487e-02 -9.489197851825e-02 
 1.078856129847e-01  5.850468943952e-01  3.008276573304e-01 
 3.843648751373e-01 -8.371599436578e-02  3.407348624760e-01 
-8.183033870824e-01  2.057704412715e-01 -3.591622549567e-02 
-3.654760220032e-02 -1.001670367702e-02  5.313580227891e-01 
-2.195024787891e-01  6.602023903797e-02  1.358471324409e-01 
-2.240710436097e-01 -1.594469428079e+00  2.023268067287e-01 
 3.648980860970e-01  2.841529393927e-02 -1.879628280336e-01 
-1.608992213046e-01 -5.932140892655e-01  1.737311878113e+00 
 3.146023011101e-02  4.424464501532e-02 -1.701413719666e-02 
 1.072154724288e+00  1.281230709031e-01 -4.433034152061e-01 
 4.171450803832e-02  4.573073671748e-03  8.977636591603e-02 
-1.037967240578e-01  6.644792238927e-01 -8.315800371648e-02 
-3.494699866340e-01  3.220876603153e-01  1.711621679991e-01 
 6.719675915437e-02 -2.668933042386e-01 -7.653124656074e-01 
-2.119432227386e-01  7.522648095507e-01  1.355838038677e-02 
 4.051257391077e-02  1.223146645772e-02  3.568672361731e-02 
 1.897548155588e-01 -1.609617953630e+00  2.271387950839e-01 
-2.084109390260e-01 -4.328818727544e-03  8.009308660035e-02 
 2.865497549955e-02 -7.136410127680e-02  4.627124615586e-03 
 1.153369524509e-01 -1.900056858477e-01 -6.424338901083e-01 
 2.120250451010e-01  4.294445238726e-02  4.887776326654e-02 
-1.468251984999e-01 -3.665148529435e-01  4.121709842157e-01 
-2.092502700496e-01 -9.130445957947e-02  5.002834971124e-01 
 1.951250202761e-02  1.412680679214e-01  4.044267565198e-01 
-1.712357125814e-01  4.581496906783e-02  2.184364564378e-01 
-4.450065348796e-01  3.534759693532e-02  3.231984982532e-01 
-2.853432959997e-02  2.340975511638e-02  2.003067384988e-01 
-2.355515301213e-01  7.372072869105e-02 -4.280986718128e-02 
-2.172178073534e-01 -2.209766740303e-01 -5.104225167625e-01 
 3.147434991509e-02  2.213048958032e-01  2.177051452930e+00 
-9.830607889586e-02  2.801894255856e-01  2.738339340947e-03 
 2.651198347748e-03  3.553093222251e-02 -2.892573353364e-02 
 3.590265630919e-03 -5.862201099759e-02  2.542104763581e-01 
-1.608579000296e-01 -6.172030085617e-02 -3.420751496195e-01 
-1.342914592742e+00  2.423242308100e-01 -3.833357944310e-01 
-1.260468033716e-01  3.566830942341e-01  1.225414607682e+00 
-3.954899432158e-01 -3.613509849659e-01  1.772975930829e-01 
-5.129931760669e-01  4.373105048314e-02 -2.163112211373e-01 
-6.902932002440e-02 -5.367275420464e-02  6.908454874941e-02 
-4.140801169272e-02 -3.199237084893e-01 -5.512383446322e-01 
-5.216584466219e-02 -2.337110893258e-01 -4.938730282117e-01 
-3.215881782459e-01 -2.331247439039e-01 -6.560695501255e-01 
 3.924872229570e-02 -2.068501733589e-02 -3.417857100412e-01 
-7.707112908130e-02 -1.039597584542e-01  1.837954810695e-01 
 9.373579833562e-01  1.047031452481e-01 -1.900506295768e-01 
-6.545718301729e-02 -4.867863690768e-01  8.189645628920e-01 
 4.193076728768e-01 -3.383037925861e-01  1.408573467063e-02 
-6.313791545526e-02 -6.476033671836e-02 -1.693131662820e-02 
-6.190394798509e-02  7.549557901741e-03  2.938977015317e-02 
 1.564407740026e-01  3.523633022778e-01  3.752516349455e-01 
-2.930453941144e-01  1.885238059021e-01 -1.827985446737e-01 
-3.162619199413e-01  3.680715818336e-01  6.099228960012e-01 
-9.853235263184e-02 -9.467210871720e-02 -1.768354708443e-01 
 1.274010411355e-01 -1.243127499125e-01 -1.128927255802e-01 
-1.026705096108e-01  4.273423935398e-01  4.533297733077e-01 
 2.437412676840e-02  2.245914992208e-01  8.784580315280e-01 
 4.286173641060e-02 -2.386958151483e-01  4.558263571440e-01 
 1.985636048126e-01 -2.958553758249e-01  5.219670134280e-01 
 1.815682999092e-02 -1.287035956001e-01  3.642624989519e-01 
 8.432994429412e-02  2.427481051692e-01 -3.010900010393e-02 
-2.693365945014e-01 -9.923378837272e-01  8.671046519834e-02 
 6.011213913699e-02  3.456253367959e-01 -4.163316691716e-01 
 7.027724670904e-01  4.613951520615e-01 -1.834183362731e-02 
-7.262309079679e-02  6.535634110724e-02 -1.551754613178e-02 
 7.910711838433e-02 -1.494656982200e-01  4.051269119367e-02 
-1.503230474485e-01  3.643857900847e-01 -2.306788252519e-01 
 3.423495458289e-01 -2.213525607558e-01  1.581383504798e-02 
-5.732011570661e-01 -2.730774389793e-01 -1.695849263229e-01 
-3.313298670880e-02  1.089429285001e-01 -5.897995509439e-01 
-1.950102658610e-01 -1.050551558309e-01  1.788305776368e-01 
 8.057872291496e-02  3.426125868290e-01 -1.708662590060e-01 
 9.018141765194e-02  3.951332522739e-01 -4.843713472416e-01 
-1.931084214122e-02 -2.161256481448e-01  5.222921954304e-02 
 1.028456884026e-01  1.172727481464e-02  1.014409290865e-02 
 2.321345794173e-01  6.457923337305e-01 -1.480961872397e-02 
-2.174023107444e-02 -1.495563815914e-02 -1.547331937303e-01 
-6.810084499278e-01  8.401892627540e-01  6.993073737535e-02 
-2.424522406120e-01  1.823586885381e-03 -1.081629743294e-01 
-2.741070599312e-01  1.785542541611e-01  7.978911061385e-02 
-1.258442380713e-01  8.253347072563e-03  3.682029617511e-03 
 6.996328509859e-02  4.639278920573e-02 -4.069330551830e-03 
-4.149514647059e-02  3.865878805363e-01 -8.824089250119e-02 
-2.328497219082e-01  6.709406600756e-02  5.501976976985e-02 
 3.758919529011e-01 -1.501336127009e-01 -2.897517023993e-01 
 1.392812943651e-01  2.317455942138e-02  4.783201600802e-01 
-1.599955135637e-01  1.656317753275e-01 -3.955065848136e-02 
 7.329532393998e-05  7.079745948689e-01 -1.072436143438e-01 
 4.470335222012e-02  2.272958185221e-01  3.616122198209e-01 
-1.234593811239e-01  2.671359702778e-02  1.318123978080e-01 
-9.871087299972e-01 -3.243114978842e-03  1.455270211405e-01 
 8.983947335385e-02 -2.903551355930e-02  9.851796257296e-03 
-7.335049626331e-01  4.398838470010e-02  4.040621341057e-02 
 1.690267055873e-01 -5.187139701391e-01 -2.542588537404e-01 
 5.724788585309e-02 -7.035676819173e-02  1.164844168794e+00 
 2.292133447547e-03  6.068119870925e-01  2.775269707826e-02 
 3.690241926767e-02 -2.658127030423e-03  2.492818261408e-01 
 3.326173207387e-02 -3.493501381276e-01  8.518966925002e-01 
 2.613561305028e-02 -1.189576224193e-01  4.859526826833e-01 
-8.600574748328e-01  3.357256269314e-01 -1.004106837802e-01 
-1.746968545766e-01 -4.631008381950e-01  6.365186829859e-01 
-3.495750466194e-01 -1.639563640176e-01  1.947230907953e-02 
 1.375721912353e-01  4.344842704983e-02 -6.593451707291e-01 
-3.147917569061e-02  6.727877450449e-02 -4.783944145519e-01 
-3.147537979206e-01 -1.242157663657e+00  8.453134605726e-01 
 3.956758558352e-02  3.454754062889e-02 -8.608475363329e-02 
 9.544118022542e-02 -4.772283680674e-02  1.900613196463e-01 
 5.475352841298e-01 -9.853203569705e-02  3.735475040099e-01 
-1.040961402700e-02  3.217388005719e-01 -7.913901898720e-02 
-3.023006544461e-01  2.610172257834e-01  3.089914602975e-02 
 9.362394500494e-03  5.304861794221e-01 -3.128423844301e-01 
 3.042170517295e-02 -1.191763575062e+00  1.818576654068e-01 
-2.293302091732e-02  2.900452466095e-02  1.300573667464e-02 
-1.256894032781e-01 -2.541180221983e-01  1.310216615143e-01 
-1.557334957602e-01 -4.562279715648e-01 -2.610753069870e-02 
 5.223881980305e-01 -1.842440847603e-01 -5.546388895798e-02 
-1.101381145911e-01  4.261758691259e-01  4.207125002713e-02 
-9.658307267131e-02  1.871464328424e-02  1.717926016733e-01 
 5.962505709399e-01 -7.759479442163e-02  9.074925296618e-02 
 1.534011370035e-01  4.041392510631e-01 -6.020191591554e-02 
 2.070450802869e-01  8.195982797681e-01 -4.473891799415e-01 
-5.192240153152e-02  1.631114327672e-01  7.507004200868e-02 
 3.591338313540e-01 -6.148649855018e-03 -1.472941463959e-01 
 6.768928331789e-01 -2.122634115658e-01 -2.472587521379e-01 
 1.030233415161e-01 -2.729783571675e-01  1.024557756720e-01 
 3.889486386016e-01 -4.963086872579e-01  1.872753271442e-01 
 1.283796530835e-01 -3.514421384159e-01 -2.774875815925e-01 
 2.426165611714e-02  7.750609126344e-01  2.246982420632e-01 
 9.939096185338e-02 -2.094362437119e-02 -7.738163078540e-02 
 7.889557117580e-02 -1.349374668502e-02 -1.830238814227e-01 
 1.332304664409e-01 -7.573019408958e-01 -7.000275922472e-02 
 4.431012794992e-02 -7.133331001674e-02  9.899959343706e-02 
-3.591256527576e-01 -2.263968469083e-01 -2.131128181000e-01 
 1.967459754732e-01  8.368765828911e-02  6.100776897041e-02 
-4.580875699796e-01  1.981021797520e-01 -2.359296116676e-03 
-1.254332428602e-01  3.344135179860e-01  1.423588018752e-01 
 3.641586952488e-02  1.959571157264e-01  1.258802194457e+00 
 2.325934563396e-01  8.374600973820e-02  5.361001642307e-01 
 1.739617508977e-01  6.485161775529e-02  2.802794211756e-01 
 8.124675571966e-02  2.808624752379e-01  5.265340783352e-01 
 1.608782485524e-01 -7.659741724821e-02  2.416987822402e-01 
 1.076474384798e+00 -1.593153399825e+00 -3.409547257402e-01 
-9.028615800480e-02  6.521747046635e-01 -3.694192807113e-01 
-1.189937930634e-01  9.574113294578e-01 -5.898916279584e-02 
 2.334969271505e-01 -3.043032113750e-02 -6.911410215001e-03 
-3.299658386758e-01 -2.233392331388e-02 -1.965453221822e-01 
 1.272952213615e-01  1.242302994307e-02  1.568662540118e-01 
 1.551624184310e-01 -2.557304550641e-01  5.620488382135e-01 
 5.523641294680e-02 -3.768743157116e-01 -5.362197752188e-01 
-2.606331599856e-01 -8.136514753546e-01 -7.922654978789e-02 
-6.732119486152e-02  1.075884329710e-01  1.142229999341e-01 
 3.959422855083e-02  7.876953186576e-02  3.853298203473e-01 
-7.740346140462e-02 -5.605491973001e-01 -8.910090225272e-02 
 1.013668048684e+00 -5.821357156816e-02  3.122849667528e-01 
 4.748407106899e-02  7.521103711091e-03  2.135550040229e-01 
 1.617916635023e-01 -7.495829175726e-02 -5.877539714797e-01 
-8.709610933421e-03 -8.053365936610e-02  1.539106463820e-01 
 6.806265450286e-01 -7.340233776269e-01 -7.361193216901e-01 
 1.051157755952e-02 -5.625617916168e-01 -2.517473058945e-01 
 2.420923472326e-02  5.473602771171e-01 -1.974871747648e-02 
-1.218845589248e-01 -1.040934727330e-02  1.081434947828e-01 
 8.414037352644e-02 -1.159623301948e-01 -4.410421105643e-02 
-2.213612572355e-01 -9.800843478159e-02 -5.014728560657e-01 
 5.144208030802e-01 -9.888608092328e-03 -3.708913061006e-01 
 1.060532328906e-01 -3.866108178902e-01 -5.276370899059e-01 
-7.240755146972e-02 -3.740181539475e-01 -4.845636960416e-02 
 2.684665682267e-01  8.072608251798e-01  2.894183851553e-01 
 9.286195161484e-01  3.073483802865e-02  1.842404514455e-01 
-1.582318041707e-01 -8.250820020036e-01  8.464145538698e-01 
-2.659807428163e-01 -1.095391920282e-01  7.356999095316e-01 
 5.405957511874e-02  2.778341959454e-02  3.298730821824e-01 
-2.490096163498e-01 -2.899419145077e-02 -3.039082720396e-01 
-3.647885391368e-01 -5.647734923380e-02  3.973760659599e-01 
 1.645003045365e+00 -2.045662056993e+00  8.121729467244e-01 
-4.938082992589e-02 -8.402487243817e-02  1.962856851464e-01 
 3.113850474723e-02  8.697186404588e-01  3.212995944981e-01 
-1.588507148754e-01 -2.952968199513e-02 -8.234559752360e-02 
-2.056353621330e-01  3.243315235132e-01  2.458180465082e-01 
-6.463317639480e-01  1.217530805999e-01  1.657256074879e-01 
-6.335115544581e-01 -1.886168000252e-01  6.469834592109e-01 
-2.021895834492e-01  2.707931528356e-01  5.385834872532e-01 
-1.276098982371e-01  1.442115399940e-01  2.451142047367e-01 
-3.747532829836e-01  5.159061573119e-01 -1.068373365032e-01 
 5.579167444605e-01 -1.442898921873e-01 -1.380251869026e-01 
-1.218431686055e-01 -5.895771776407e-01 -2.787838219787e-02 
-3.913949721048e-01  2.237114304002e-01 -4.257601067164e-02 
 3.473125391881e-02  2.195424987624e-02  1.026719960605e-01 
 2.012338296443e-01  6.284592446104e-01 -4.357895380661e-01 
-2.424521436225e-02  6.062528420115e-02  1.077845950873e-01 
 4.746317493057e-01 -1.876094788568e-01  1.983011602904e-01 
-1.121236639696e-01 -2.443586606671e-01  1.858946832753e-01 
-1.510539800602e-01 -1.039130661074e-01 -5.334356109726e-01 
 8.728236613550e-01  3.906376312211e-02 -9.460057731249e-02 
 8.549166085075e-02  3.178434574987e-01  8.149193361676e-02 
-4.237617686655e-01 -3.420521002195e-02 -5.627312531257e-02 
-2.425963079417e-01  4.229430468930e-02  2.329952321550e-02 
 6.222913219175e-02  2.887427168927e-01  2.066728603684e-01 
 2.450226057633e-02  1.462082911582e-01 -3.624074715283e-01 
-1.386081012620e-02 -7.917061480793e-02  3.517602151993e-02 
 1.036131539401e-01  1.998335436107e-01 -2.513697969483e-01 
 4.774551894543e-02  1.965769797478e-01 -4.321854337172e-01 
 8.718566176914e-01  1.803614647268e-01 -1.572797921062e-01 
-1.547978671195e-01 -1.716553257127e-02 -6.909427131910e-02 
-3.334012278942e-01  4.511297045410e-01  1.649052786957e-01 
-2.985411293828e-01 -9.489453666133e-02 -1.331471183287e-01 
-5.838120590225e-01  5.334171727599e-01  9.237158900248e-02 
 1.613454795062e-03  6.425337638608e-02  3.039255414545e-03 
-8.461967426819e-02 -4.021832751011e-01  7.311233789683e-01 
 6.870496386656e-01 -3.531306796980e-02  1.932774138820e-01 
 4.946601519641e-02 -6.042249269727e-01  7.583565947961e-02 
 4.447371484344e-01  3.276964592352e-01 -1.803612441426e-01 
 8.648628991154e-02  2.078616096379e-02 -1.715639418880e-01 
-5.237914083133e-01 -2.837209012307e-03  2.261930758533e-01 
-6.373395917496e-03  2.212101206202e-01  2.244411986283e-01 
 1.148469394608e-01  6.414855073884e-01 -1.424100713821e-01 
 3.198650171203e-01 -1.476296275827e-01  2.072855809075e-01 
-3.725527988577e-02 -2.296429681552e-01 -4.057318255898e-01 
 6.072636081331e-01 -2.660054495767e-02  1.105151764215e+00 
-1.855458257608e-01  3.250822383068e-03 -3.620724508253e-01 
 1.565569987921e-01  1.421779398895e-04  8.543041794975e-01 
-5.037528267537e-01 -6.971886843983e-01 -2.730105329009e-01 
-1.363775950122e+00 -1.961987023485e-01  3.419614952745e-01 
 9.148094665502e-02  1.918592719475e-01  5.822361843740e-01 
-2.370592571587e-02 -1.801919864897e-01 -3.677258300900e-01 
-2.182326171326e-02 -3.753101077436e-01  1.506916845843e-01 
-4.470215848564e-01  3.558787910645e-01 -1.047970056779e-01 
 8.950383189832e-02 -1.059871703763e-01  4.610183821170e-01 
 1.803285810213e-01 -1.620569708030e-01 -3.143727696887e-01 
 2.074505895645e-01 -3.635982399604e-02  1.532547464203e+00 
-3.909632564212e-01  7.794160898436e-01 -4.752972124493e-02 
-3.344514271742e-01  1.716107344672e+00 -6.322952924116e-01 
 7.246940237114e-01  2.339272497147e-02  6.463574333880e-01 
-4.383900303410e-02 -2.606574824992e-01 -4.475469237121e-01 
 1.315328896116e+00 -6.560705916000e-03 -1.268443927967e+00 
-2.943838354066e-01 -2.652242889841e-03 -2.916078408237e-02 
 1.754154652625e-01 -1.418073145665e-01 -2.756650272487e-01 
-1.043990551315e+00  7.574897421742e-02 -3.022580913228e-02 
 6.095279761566e-02  1.806570737941e+00  7.122052877450e-01 
-5.930348406190e-02  1.683789136462e-02  5.354194042463e-01 
 2.803686928597e-03 -5.756238625559e-01 -3.302453684770e-01 
-1.448038624195e-01  7.635483330404e-01  9.785140745449e-02 
 1.897170658354e-01 -1.894292807577e+00  6.071214343587e-01 
 8.923252864584e-01 -1.621466840138e-02 -3.844088432150e-01 
-1.552231846452e+00  4.522193378347e-01  6.334140273633e-01 
 4.205070907334e-02  2.954975187060e-01  4.097623646268e-01 
 8.339521113714e-02  4.928942617554e-02 -7.681013789473e-02 
-2.044444883233e-01  1.033861965072e+00 -4.246888870080e-01 
 4.885396691086e-01  2.139821569358e-02  1.119031987432e-01 
-5.313682195937e-01 -2.478979197618e+00 -1.076868754048e+00 
-7.407100154219e-01 -1.164764068095e-01 -4.174203471301e-01 
 3.072653916647e-01  7.568619074213e-03 -6.329238689815e-01 
-1.056809389547e-01  2.500999792350e-02 -9.949529592963e-02 
 4.234134063423e-01 -7.279765499196e-01 -4.197904075854e-01 
-1.611606385225e+00  3.086394764238e+00 -4.072643082902e-01 
 4.107216101730e-02 -3.640793699172e-01 -3.729975756236e-01 
 1.876535319131e-04 -1.334127902830e+00  1.873618579860e-01 
 8.911215132362e-02  1.008392603646e+00 -2.146828079568e-01 
-9.545476166689e-02  2.059202637530e+00 -8.280147544724e-01 
-7.170182715690e-01 -4.014253230349e-02  6.956617918051e-01 
 1.040355131062e+00 -1.180495056998e-01 -3.661702791360e-01 
-2.406134020706e-02 -4.180912023882e-01 -3.083889082791e-01 
 1.817183116917e-01 -3.317573443114e-02  2.725134557735e-02 
-9.365554562356e-02  6.757240751828e-01 -2.620941649470e-01 
 1.537238388935e-01 -5.482824897950e-02  3.084996772414e-01 
-8.030075655859e-02 -4.811956899733e-01 -1.397292275929e+00 
 2.800024823999e-02 -4.308622360489e-02  5.800954446612e-01 
 2.032535919783e-01 -1.606598133666e-02 -4.165065170778e-01 
-1.810980153929e-02 -8.890569981382e-03  5.393229002601e-01 
-3.518564792383e-01 -7.977648160110e-01 -2.081471274599e-01 
-5.540649213073e-01  2.867368260988e+00 -6.090876483782e-02 
-8.855828086366e-02  9.035551957390e-01 -1.882613334822e-01 
-3.170426435063e-02 -4.732205315140e-01  8.382534284837e-04 
-6.113380280756e-02 -4.997303529944e-01 -4.084328895246e-01 
 1.212489126259e+00  8.712473396497e-01 -2.237029317784e-01 
-1.319035118701e-01 -3.549546389952e-02  5.283171117022e-01 
-1.463889253550e+00  5.589695891631e-01  3.523105310909e-01 
-9.853921864658e-02  5.789789585516e-01 -2.118008114493e+00 
 8.312453130583e-01 -8.343213871595e-01 -1.116127002120e-01 
 4.848008238959e-01  1.480066427967e+00 -3.880945717175e-01 
 4.666936840890e-01 -5.420345230938e-02  3.820055849109e-01 
-1.332743280117e-01 -6.473774968576e-01 -4.686058981092e-01 
-4.871421018574e-01 -4.805805463788e-02  1.465195114799e-01 
-4.567820777195e-01  2.863538223946e-03 -9.791227661069e-02 
 1.405111594208e-03  9.200532026707e-04 -4.405665614817e-02 
 1.268011157169e+00 -2.890240690191e-01  3.742734008614e-02 
 2.817683191415e-01  1.084561129337e+00  6.812488409970e-01 
-7.906777398702e-02  3.294374420189e-01  4.587096864721e-01 
-1.756423040527e-02 -1.150769006715e-01 -1.108864124719e-01 
-5.406030269065e-02  8.925430499119e-02  1.511473285521e+00 
 3.986224609546e-01  1.961130360806e+00 -5.860325504949e-01 
-6.224985083564e-01 -1.017755853483e-01  1.397673034314e-01 
-2.665237622300e+00  1.123533729127e+00  9.607413547664e-01 
-1.551475957699e-01  3.397487645183e-01  7.573685282903e-01 
-3.660249667439e-01  3.794130234064e-01  3.358644324049e-02 
 6.535328506298e-02 -6.593963470734e-01  2.255860082030e-01 
-2.824335777755e-01  3.250212052558e-02  2.267604419146e-01 
orbocc
(*)
 0.000000000000e+00  0.000000000000e+00  0.000000000000e+00 
 0.000000000000e+00  0.000000000000e+00  0.000000000000e+00 
 0.000000000000e+00  0.000000000000e+00  0.000000000000e+00 
 0.000000000000e+00  0.000000000000e+00  0.000000000000e+00 
 0.000000000000e+00  0.000000000000e+00  0.000000000000e+00 
 0.000000000000e+00  0.000000000000e+00  0.000000000000e+00 
 0.000000000000e+00  0.000000000000e+00  0.000000000000e+00 
 0.000000000000e+00  0.000000000000e+00  0.000000000000e+00 
 0.000000000000e+00  0.000000000000e+00  0.000000000000e+00 
 0.000000000000e+00  0.000000000000e+00  0.000000000000e+00 
 0.000000000000e+00  0.000000000000e+00  0.000000000000e+00 
 0.000000000000e+00  0.000000000000e+00  0.000000000000e+00 
 0.000000000000e+00  0.000000000000e+00  0.000000000000e+00 
 0.000000000000e+00  0.000000000000e+00  0.000000000000e+00 
 0.000000000000e+00  0.000000000000e+00  0.000000000000e+00 
 0.000000000000e+00  0.000000000000e+00  0.000000000000e+00 