2mocoef
header
1
MO-coefficients from MOLCAS
1
48   48
a
mocoef
(*)
 3.637583270979e-05 -2.168095864066e-04  2.902593216555e-03 
 1.211670181209e-05 -1.312140392690e-05 -4.002357899067e-04 
-1.830975428506e-04  2.298536915480e-05  1.669382706982e-03 
 9.940751888204e-06 -2.796866877635e-05 -5.335313431534e-04 
 1.019297197061e-04  1.212091020655e-04  1.001225637282e+00 
 6.565791356183e-03 -7.318903182096e-03  1.029669775002e-04 
-4.191588377576e-04 -8.551189012693e-04  6.375751311993e-05 
 3.555532098613e-04  2.129811235079e-03 -3.072034421781e-05 
-3.540359562833e-05  1.052798507445e-04  2.112133485588e-04 
 3.147728690703e-04 -1.757138146248e-04  2.406077051078e-04 
-1.121111439702e-04 -1.415344388816e-05 -1.608199836027e-04 
-6.199589566400e-04  6.103671231046e-04  6.157103577659e-04 
-9.380672295989e-05  2.022411227742e-04  7.677699213758e-05 
 1.994446850319e-04 -4.716401912877e-04 -5.378568504810e-05 
 1.273819284403e-04 -4.722274219374e-04  1.951974572183e-04 
-8.642073341076e-06  5.827189228151e-06 -1.227977143212e-04 
 1.001362207151e+00  8.312463251160e-03 -4.793211569361e-03 
-1.299590311686e-04  1.717202504530e-04  1.820068476881e-03 
-2.416147110900e-04 -1.689600735916e-04  8.543742466307e-04 
 1.190303640686e-05 -1.099417272720e-05  7.182437828905e-04 
-1.617881786521e-04  6.895738821144e-04 -1.519535657473e-04 
 7.276998886905e-04 -3.865198183435e-03 -1.253217427085e-04 
-3.357443605345e-05  2.841661191503e-04  2.804960909447e-04 
 1.129679744309e-04  2.147988071475e-03  7.333961281424e-06 
-2.339307158968e-05 -2.781342284688e-04 -6.655446760696e-05 
-4.394818156823e-04 -7.078573033094e-04  1.990094334451e-03 
 2.416381342043e-04  4.418621120530e-05 -2.288171818162e-04 
 7.053782478723e-04 -5.155017891410e-04 -1.119432635052e-04 
 4.689055415006e-06 -4.476252835173e-04  9.095304693567e-04 
-5.129185224711e-04  1.447196454400e-04  5.793449253929e-06 
-4.059671338823e-04 -5.180679686124e-04  1.380320203208e-03 
-3.368748993322e-04  3.548153716703e-05 -3.119179129370e-04 
-1.411682650262e-02  4.333869962955e-01 -1.658337459369e-01 
-3.847553146336e-03  3.234785764939e-03  1.828440550317e-01 
 4.206905054409e-03 -3.544635313684e-03 -8.590359159754e-02 
 3.009736324459e-06  6.206048102084e-05  2.884042555228e-02 
-3.400973120481e-04 -1.121536923810e-03 -1.438424900276e-02 
 7.786628375863e-01 -1.563178835761e-01 -6.248446449569e-03 
-2.240650243522e-02 -7.973400961450e-02 -1.052475984993e-02 
 8.260572863216e-03  1.036975844548e-02 -4.100931798464e-05 
 7.393285152712e-04  1.203465604762e-02  1.195263560158e-03 
 3.063360771508e-03  1.139246736567e-01 -6.042630726437e-02 
-8.488479574138e-03 -5.969198807601e-04  9.269394019631e-03 
 2.616184817016e-01 -1.285917295113e-01 -2.698742936968e-02 
 2.315642898286e-03 -1.582810827438e-02  2.380609182203e-01 
-1.169363679995e-01  2.788856371495e-02  1.132851416811e-03 
-1.206077490946e-02  1.116912853751e-01 -5.483937168811e-02 
 9.968803586890e-03 -3.640343311936e-04  7.979980393169e-03 
 9.786445943184e-03 -6.880171866001e-01  1.632785709761e-01 
-1.229894934519e-02 -1.883140996096e-02  1.249715386790e-01 
 2.141601879014e-02  5.880242704442e-03 -1.633659113248e-02 
-1.409937616988e-04 -3.676938569549e-04  5.831568160316e-03 
 7.599346855024e-03 -8.072835972526e-03 -1.459283664045e-03 
 3.372370777933e-01 -4.328406436445e-02  1.034643791390e-01 
-1.694682314941e-02  3.285237430744e-01 -3.802063790739e-02 
 8.037128779695e-03 -6.124707175930e-02 -8.471587005638e-04 
-1.611444765620e-03 -1.603504848633e-02  2.880105161813e-03 
 3.843718193946e-03 -3.772547433200e-01  1.697173838961e-01 
 2.316437302230e-02  1.352240261031e-03 -1.390923151442e-02 
 3.540440763488e-01 -1.639183993082e-01 -2.667729283232e-02 
 3.006511008131e-03 -1.235958174672e-02  1.558900211677e-01 
-7.663612381453e-02  1.784491935328e-02  4.385433548077e-04 
-6.882094316535e-04 -3.123824250267e-01  1.539099401097e-01 
-2.441558806253e-02  6.501772789682e-04 -9.204997966644e-03 
-3.388847030333e-03  1.003157904100e-01 -8.308228658086e-03 
 2.557081428171e-01 -1.328585856001e-03 -1.569877693904e-01 
-4.884935410583e-02  7.835637324729e-05  4.468170414134e-02 
 1.044280685842e-03 -1.756163594080e-03 -9.263596308614e-03 
 3.286110112422e-02  1.983907479597e-03 -1.788229131099e-03 
-4.734283065423e-02 -1.799089888620e-03  6.436884794775e-01 
-2.150991988489e-02  1.122879839010e-01 -1.352549219685e-01 
 3.353403571236e-03 -3.246134050394e-02 -4.299467755382e-03 
-6.840119804697e-04 -1.338967544738e-03  1.458383333242e-03 
 1.038701736625e-03  2.611088583858e-01 -1.350167507066e-01 
-1.820382901603e-02 -1.952947598531e-03  7.206000170179e-03 
 5.018502162836e-01 -2.136604197420e-01 -2.422368481088e-02 
 4.276563930712e-03 -2.353161040506e-02 -4.523424934375e-01 
 1.924226365658e-01 -2.576710940199e-02 -3.658276924143e-03 
 2.516272574160e-02 -3.112999783326e-02  3.457295876079e-02 
-3.112116326904e-03  4.258275121568e-04 -3.080375055683e-03 
-5.090724225166e-03  1.597900638036e-03  9.822653205430e-02 
-3.640585980064e-01 -1.595138542059e-02 -5.405565547008e-01 
 6.933203683360e-02  6.222080551668e-03  1.705293502089e-01 
-1.249150040513e-03 -5.496930348805e-03 -3.272686833635e-02 
 4.883786191706e-03  1.220478874958e-02 -1.144493566323e-03 
-7.723767940354e-02  2.214229886471e-02 -1.579297248385e-02 
-5.398920567181e-02  5.442759698422e-01 -2.025091466541e-03 
 1.683876445193e-03 -9.068013229065e-02 -4.051345420530e-04 
-2.429464327781e-03 -1.874184843885e-02  1.279607244069e-02 
 7.265852025922e-03 -1.694352683781e-02  9.919040379768e-03 
-5.887351718570e-03 -3.310445591887e-04 -9.625661333155e-03 
 2.494209772451e-01 -8.223547456502e-02 -1.371312221666e-02 
 3.590709926181e-04  4.067971757337e-03  1.671832148579e-01 
-7.480196322700e-02  1.376561121713e-02 -3.527818771441e-04 
 2.757961798624e-03  5.321721649164e-01 -2.022472867915e-01 
 2.381643806708e-02 -1.761111084558e-03  9.027850269321e-03 
-3.415289601726e-04 -1.875485681520e-02  5.473137499741e-03 
-3.804820275172e-02  3.196303468355e-01 -3.387031925654e-02 
 7.033952004289e-03 -7.709891607889e-02  9.776050809018e-03 
-1.810288348860e-03  4.382872788184e-02 -4.117245792228e-03 
 2.894168197416e-03 -1.963550687088e-03  1.179806644376e-03 
 5.573007195111e-02  1.585133661732e-02  3.032205667283e-02 
 8.388529046237e-01  4.130461783125e-02 -2.908756613798e-03 
 2.663459069203e-02 -1.548451417731e-03 -4.958049564102e-04 
-2.084244894587e-02  1.428093261728e-03  1.516370978438e-03 
 3.707855499688e-03 -1.615649812997e-02  3.702464629878e-03 
-1.356006406233e-03  8.027105388858e-03 -8.128057049295e-04 
-5.202904063553e-03  5.117697583422e-03  2.724887862256e-03 
 2.231508393695e-02  2.582046626050e-03 -4.162031348920e-02 
 1.410631900321e-02 -3.230647203621e-03  2.108336473199e-02 
 3.280949963307e-03  4.652503766446e-02 -1.608948994103e-02 
 2.206012295922e-03  7.397450028658e-03  1.178218450997e-03 
 3.791532129681e-03  4.767274947161e-02 -3.995264715828e-02 
-5.473891865047e-01 -2.111117245191e-02  2.975939645264e-01 
 1.161861504614e-01  4.055177786470e-03 -9.820192549939e-02 
-2.809958278183e-03  3.984231340381e-04  1.531051160242e-02 
 2.784117076589e-02 -2.945075886781e-03  7.011385575889e-04 
 8.163324126049e-03 -3.222613272048e-02  2.987275639271e-01 
-2.599933244509e-02 -3.094788480616e-01 -4.886349341366e-02 
 8.304329493051e-04  4.864520806953e-02 -2.045246712412e-03 
 2.649276138001e-03  1.172346385236e-02  2.014718852166e-02 
-5.115097213301e-03 -5.751377189232e-01  2.172575653530e-01 
 1.825273406087e-02  1.959450364155e-03 -1.676770803139e-02 
 1.449522453124e-01 -3.931999682111e-02  4.478800299238e-04 
 3.437267940756e-04 -1.198624037211e-02 -4.110314807291e-01 
 1.370001536194e-01 -2.113479758500e-02 -2.776021190831e-03 
 5.630534256535e-03  3.691550442280e-01 -1.324617567156e-01 
 8.629323008824e-03 -1.319988938354e-03  1.607747765360e-02 
-3.184571606029e-04  3.611055066723e-02  4.522930150588e-02 
 1.218943946868e-02 -9.257942152254e-01 -2.254746456266e-02 
 2.236547530824e-03 -1.292389474892e-01  1.148739976871e-02 
 1.271860151780e-05  1.715686004440e-02 -1.467725037224e-03 
 8.083903285500e-04 -2.235649471806e-03  1.880126973264e-04 
 1.738270301253e-02  1.376435811781e-02  1.835905505944e-03 
 4.099781521658e-01  2.602639243302e-02  3.593615651595e-03 
 1.990651275828e-01  1.033098756571e-02  8.038735203397e-04 
 2.083415053501e-02 -4.126154941127e-04 -1.245341353815e-03 
-1.480905765348e-04 -3.489110684460e-02  7.651283224900e-03 
 1.518258172022e-03 -2.525210100472e-02 -1.370585114632e-03 
-4.000261548405e-02  6.353983000124e-03  1.473228619964e-03 
 1.396348320093e-02  1.039230363752e-03 -2.194624044044e-02 
 2.924207433109e-03 -7.888757496773e-04  1.249405549532e-02 
 1.013342984833e-03 -2.571000423842e-02  7.007146450870e-03 
-8.404088128218e-04 -2.288341379576e-02 -1.305019256671e-03 
 1.468341617317e-02 -1.171667942481e-01 -7.445701512573e-01 
 1.217425331834e-01 -8.960750011942e-03  1.680794957987e-01 
 1.970878617458e-01 -3.451962988272e-02  2.183950403967e-01 
 4.662587513625e-04  2.489554233320e-03 -1.109340119955e-02 
 1.049890715666e-02  1.267303400501e-03  2.744186286493e-02 
-2.403801574917e-01 -8.572733913969e-01  1.432174151882e-01 
 3.838107481318e-02 -1.727623788950e-01  1.067513670452e-01 
 4.201442261500e-02 -2.539703614481e-01  2.166421287615e-04 
 1.864523946539e-03 -2.942015692054e-03 -1.269226552457e-02 
-7.563493355483e-04 -1.530930931593e-02  2.375091520456e-01 
 3.774502477093e-03 -1.433985875944e-04  9.665534480598e-03 
 1.049621049560e-01  3.921676425408e-01 -5.570947148087e-03 
 2.239332020421e-03 -1.039135182181e-02  2.492046366212e-01 
 9.009897140441e-01  1.499106939231e-03  7.370595202392e-04 
-4.828638495468e-03  9.522492204336e-02  7.398866265150e-01 
-3.288691621835e-03 -3.829893829704e-04  1.046484052904e-02 
-9.562949225227e-04  3.990281306683e-03  1.960958435229e-01 
 2.995683621651e-01  2.828400428121e-03 -4.860303481379e-02 
 5.542381933657e-01  2.454842761127e-02 -9.774861488957e-02 
 2.934371415304e-03 -1.122616102917e-03  3.544585248739e-03 
 1.778801567448e-02  2.093313063407e-03 -1.460199965888e-02 
 1.013472966303e-01  4.886025259103e-01  3.035104357044e-01 
-2.259079723236e-02  6.955570821074e-02  3.043497504584e-01 
-3.127109147934e-02  1.209387476768e-01 -1.917504918640e-03 
-7.092320555448e-04 -1.615401193985e-03 -2.012492513829e-02 
 5.533187957108e-03 -6.307792849626e-02 -1.003108201903e+00 
 9.214381839185e-04  3.431138103983e-04 -5.842543122159e-03 
-1.776905984989e-01 -1.234335570593e+00  7.780069371208e-03 
-5.596598401645e-04  1.921521333776e-03  9.499584475548e-02 
 5.176595309673e-01 -4.438547042192e-03 -6.349790510088e-04 
 3.431267468371e-03  1.061815473530e-01  7.655710991350e-01 
 1.725016615933e-03 -3.785301603979e-04 -1.594278675692e-03 
 3.167344643102e-02 -3.228799865391e-01 -1.513055999959e+00 
 1.422442953190e-02 -3.161488075606e-02  1.563290662456e-01 
-3.152608431118e-02 -4.851378173106e-02  4.121105178656e-01 
-6.347869214297e-04 -3.531648633444e-04  1.189957536677e-02 
 1.062549397979e-03 -9.550745816036e-03 -1.537815696526e-02 
 1.759213392297e-01  5.334091717530e-01 -6.956535788343e-02 
-1.910057201559e-02  3.612574309636e-02 -6.418488652317e-02 
-6.109830965177e-03  5.508119193683e-02  2.488145795803e-04 
 1.172285701010e-03 -9.533485141346e-03  2.780120920736e-03 
 7.517462188717e-03  1.221337598733e-01  1.309340302809e+00 
-8.648868018053e-03 -1.442867908009e-03  4.203950456092e-03 
-7.308543587181e-02 -3.653948218618e-01  9.389132197394e-03 
-8.533673459545e-04 -3.762665862107e-03 -9.322203629240e-02 
-6.663965835175e-01 -7.503770303343e-03 -1.488898304950e-05 
-6.389390086022e-03  1.107987086766e-01  1.133271476768e+00 
 5.594224858126e-03 -5.658481683635e-04 -4.658874019357e-04 
-2.326285274918e-03  1.410245053932e-02  1.761536836833e-01 
 3.761549302354e-01  9.450932415220e-03 -1.438066000634e-03 
 1.142697268093e+00  1.766439271833e-02 -6.844103276970e-02 
-1.504414592258e-03 -2.192999691267e-04 -2.681144794008e-03 
 8.520035371324e-03  2.818922217626e-03 -5.344493231977e-04 
-1.368520248580e-02 -5.138130048461e-02 -2.997015204431e-01 
 2.792252802233e-03  8.211885904281e-03 -6.677926043065e-01 
 3.079224868908e-03 -1.713699985303e-02  2.655704993461e-03 
 2.820225694736e-04  8.520016133362e-04 -2.249866553003e-02 
-2.946898283158e-03  2.710536885093e-03 -1.776166413278e+00 
 2.694190463143e-03 -1.849004733146e-03  9.289603262591e-04 
-5.728875746442e-04  1.063665892095e+00 -1.436622088897e-02 
 3.282313562584e-05 -1.038006618609e-02 -4.175328549011e-02 
-9.625338882661e-01 -1.012702963754e-02  7.604215108467e-04 
 9.132049558556e-03  4.803437784879e-02  1.531791704539e+00 
-1.495194179505e-03  2.280630865192e-03  6.975842211972e-04 
 6.428758208665e-02  1.024466846358e-01 -2.182193370508e+00 
-5.712220556867e-03  2.485791404988e-02 -5.608048618366e-02 
 7.270558721885e-02 -6.228429707433e-02 -2.514304633636e+00 
-1.280328700931e-03  1.410600192821e-03 -1.030558504370e-02 
 2.612672383652e-03 -4.141467498950e-02 -6.127534868512e-02 
-9.272130080916e-03  2.051636168461e+00  8.321646191327e-03 
 1.642409183033e-02 -3.803681021166e-01 -2.792086279554e-02 
-1.481169111106e-02 -1.206878041418e+00 -9.441914844702e-04 
-1.076420044404e-04  3.615112907247e-02  4.812519439254e-04 
 1.714478072554e-02 -1.156144737988e-01 -3.473653856299e-01 
-2.703980069069e-02 -1.867222470092e-03 -5.415487736076e-03 
 2.493941187432e-02  6.944840178773e-01  4.079231997481e-03 
-3.898534201585e-04  2.419729832554e-02  2.896653015394e-02 
 5.640736137870e-01 -6.626776178361e-03 -2.647075019554e-04 
 2.397675913194e-02 -1.983085285141e-01 -1.158074448550e-02 
 2.198787753977e-02 -5.169083602370e-04 -6.431632957501e-03 
 2.647399418519e-02  1.535356092479e-01 -8.471236497259e-03 
 6.723062821668e-02 -2.389669692541e-02  1.370183983524e-01 
-5.833821404848e-01  3.111188228823e-02  4.552537292487e-02 
 1.307347642709e-02 -4.741009729159e-03  4.334232540251e-03 
-2.366114694501e-01 -5.782754135497e-02  1.592370316476e-02 
 7.133473482257e-02 -2.457844016865e-01 -1.439445573458e-01 
-1.373846323998e-02  6.120496150599e-02  1.650632868927e-01 
 7.252203993068e-03  2.039250767408e-01 -1.460749811218e-02 
 2.423371751991e-03  2.182089163169e-02  9.991788280519e-02 
-4.571445948478e-02  6.885200422514e-01 -4.418977841641e-01 
 2.971071414980e-02  6.231159752347e-03 -5.731004294237e-02 
 3.976453529430e-01 -4.597446588434e-01 -1.335639884880e-02 
-7.960052889685e-03  1.176961855726e-01 -1.201373902378e+00 
 1.111015775879e+00  6.294587667274e-02  6.313560988705e-03 
-9.540395767294e-02 -1.062147972745e+00  8.804619401471e-01 
 3.616431052236e-02 -5.452399002444e-03  7.370774725894e-02 
-1.207266862517e-02  1.046705937338e-01  7.268541685094e-01 
-4.573471692651e-02 -2.779074987249e-01  4.182894849930e-01 
 3.558859069003e-01  4.448478555961e-01 -3.224649873145e-01 
-7.108963139723e-03 -2.152579775214e-02 -2.094070216519e-02 
 9.397429852558e-02 -1.555324899419e-01 -5.488797035121e-03 
 4.982549685338e-03 -1.522703269868e-01 -1.676827862614e-02 
-9.511762045408e-02  1.605466934086e-01  1.520706909661e-02 
-2.137718259711e-02  6.489167932994e-01  6.107903416856e-03 
 1.947396809126e-02  5.149235107904e-02 -3.805486643034e-02 
-1.037904872898e-01 -9.564662971244e-01  5.683294040662e-01 
-4.484749762010e-02 -8.296528222287e-03  4.192877203775e-02 
-1.165775936236e+00  7.613567652204e-01 -1.026041707268e-01 
 1.212892633116e-03  1.433807292234e-04 -7.965936869120e-01 
 6.328155188898e-01  8.862806792501e-02 -2.428654154451e-03 
 9.218061719898e-02 -2.853304054495e-01  2.487800752457e-01 
 2.616681685380e-02  2.191910532494e-03 -2.686516122319e-02 
-1.790953893064e-02 -5.389989211269e-02  1.822859445605e-01 
-2.982264374257e-02  1.367048158303e+00  8.349251816025e-02 
 9.836035700763e-02 -1.756098209656e+00  5.712873393718e-03 
-2.404671058135e-03  5.729733723210e-02 -1.529304606505e-02 
 1.960200304475e-02 -4.240675778354e-02  1.368879236388e-03 
 2.784405744686e-02 -4.514053492318e-02 -4.365610551758e-03 
 1.790530742319e-01  8.408620895872e-02 -1.560158229312e-03 
 1.344197295473e-02  1.105519592046e-01  2.728801951859e-03 
-6.302888819996e-02  1.744584291274e-02 -6.215660049833e-03 
-2.839218286100e-02 -1.752540207330e-01  1.573239484180e-01 
-1.695135502837e-02  4.467099783175e-02  1.744591580286e-02 
-2.710686694736e-01  1.278106772441e-01 -3.187127219475e-02 
-2.298489210180e-02  1.136840508784e-03 -2.415077911331e-01 
 1.735063222014e-01  3.001265057938e-02 -2.994869262461e-02 
 2.041072339906e-02 -5.150344976682e-02  9.025899208789e-02 
 1.092425123777e-02  2.714816220414e-02  2.349007853316e-03 
 2.028497276935e-01  6.438148522007e-01 -1.057531379994e+00 
 9.392196770945e-02 -1.464081772116e-02  5.492314770620e-01 
-1.267517909469e-01 -1.700577349948e-02 -6.531628708500e-01 
 4.611364165581e-03 -1.053675233841e-02 -3.017742906758e-02 
 7.905709397190e-03  2.266662551962e-01  4.206615806053e-02 
 2.722897508588e-01  6.413904016362e-02 -3.879581881906e-02 
 3.189093954701e-03 -1.132102485254e-01  4.143550837061e-02 
-2.511924364197e-04  2.275367651206e-01  4.272093560163e-04 
 8.615633726684e-03  6.956077672731e-02 -3.122633081804e-03 
-3.592993739367e-02  9.528375361694e-01 -6.856861270313e-01 
 1.163583625237e-01  3.351078895681e-05 -1.212007917083e-02 
-4.577215960718e-01  4.618141029354e-01 -6.449747282713e-02 
 5.388579562463e-03  3.826728505400e-02 -5.955470699180e-01 
 7.056179958193e-01  7.075482055538e-02  3.678812321874e-03 
 4.159470056075e-02  1.256590177541e+00 -1.198436659954e+00 
-1.278146315691e-01 -2.473023154269e-03 -1.225406975057e-02 
-1.587044775929e-01 -9.500704762860e-01  2.693760194300e-01 
-8.662126743962e-02 -2.990388721345e-02 -1.046300113714e+00 
 1.664253921955e-01  2.737619959595e-02  7.594904000448e-01 
 1.208255584703e-03 -1.409814186312e-02  1.614481277458e-01 
-3.844612248306e-03  1.003302789459e-02  5.159272501015e-02 
 6.274465644763e-01 -5.261016792052e-01 -6.808366643002e-02 
-5.596883812499e-02 -7.540657299720e-02  1.076893115031e-01 
 4.997365268693e-02 -5.973465014475e-01  5.189572974605e-03 
 1.010157887083e-02 -1.127920423195e-01 -9.147748179596e-03 
-1.348019460058e-01  2.272121153576e-01 -2.627365220356e-01 
-1.472162377597e-02 -2.017099142758e-03 -3.653753836942e-02 
-7.536835184941e-01  8.314246927132e-01 -1.036723386068e-01 
-1.469556036339e-03 -1.336545749855e-01 -7.906066561420e-01 
 9.851687326908e-01  1.221313412114e-01 -3.437990559991e-03 
-1.029779859672e-01  3.231827936264e-01 -2.378848742810e-01 
 2.768562277371e-02 -1.223966754946e-03 -3.220244638270e-02 
 8.978796535323e-02  3.934446686079e-01 -4.817099754964e-01 
-1.287476307151e+00 -8.569605452851e-03  2.676724807949e-02 
 3.358411728184e+00  2.247349565448e-02 -1.517959583403e-01 
-5.113343574534e-03 -4.008880740362e-03  1.020684621582e-02 
-2.160994593204e-01  1.903531501530e-02  8.648825216600e-03 
 2.414287231790e-02  8.804142093200e-02 -1.558961091981e-01 
-1.898381105896e-02  1.051105521222e-02 -1.651233359600e-01 
 2.267821927725e-02 -3.118785815203e-02 -1.092060338079e-02 
-7.036679819587e-04  1.503355756924e-02  5.678194061073e-02 
 1.693674420311e-02 -8.133945371872e-02 -1.678233858822e+00 
 1.654078121568e-01  1.345666658062e-03 -8.444253301520e-02 
 2.473940490413e-01 -5.053554256893e-01  5.444671051744e-02 
-1.239384568489e-02 -6.488905877050e-03 -1.035038676522e-01 
 4.094881921245e-01  3.994494120431e-02  1.655866092026e-02 
 3.096636723444e-02  1.292342843225e-01  1.697456878500e+00 
 1.883530039156e-01  9.995515467418e-04  8.548283705041e-02 
-9.750274454067e-02 -4.039617702511e-01  5.621205943856e-01 
 3.078903168113e-01 -1.233448919382e-02  2.304600439185e-02 
-2.697258838634e-01  3.727007893767e-02 -2.898586364137e-01 
-4.969232693594e-02  1.610646331281e-02 -4.590727541991e-02 
 5.565490331403e-03  1.656323475353e-02  8.258541470583e-03 
-3.249507156975e-03  1.181283311590e-01 -1.034694435003e+00 
 4.127712002694e-02  7.406272246796e-02  1.625126186293e+00 
-6.827797080803e-02 -2.290758906800e-01 -4.484584323801e-02 
-1.006904901138e-02  6.491440642790e-03  1.374704869148e-01 
 1.975490356426e-02 -7.569014217935e-01  6.386984151229e-01 
-6.605100882326e-03 -1.123120507235e-02  9.689024405605e-02 
 5.501251455670e-01 -1.305772320736e+00  2.423237287180e-01 
-5.161118379528e-02  1.466642186521e-01 -3.031222550177e-01 
 1.247403145777e+00  2.215145807321e-01  4.147777827082e-02 
-1.353031227082e-01  6.144908457293e-01 -9.710422726269e-01 
-3.632478484900e-02  1.312462194527e-02 -1.056953986668e-01 
-6.690206016248e-02 -3.114514701324e-01  7.830595057513e-01 
 2.926058680048e-02  2.515742087779e-01  9.179411271114e-02 
-4.355923182613e-02 -7.166275651150e-01 -4.506688148662e-02 
-9.179456577637e-03 -1.697623960543e-01  2.892963401782e-02 
-8.534914749358e-03  3.072548557147e-02 -3.454281757238e-03 
-6.356621966541e-02 -1.813440289522e-01 -2.556482792454e-02 
-1.381392453146e+00 -8.445909549724e-02  2.840295359937e-02 
 1.959912096175e+00  2.035994404111e-01 -6.108151047082e-03 
 3.074866367119e-02 -7.886039234404e-03  1.690987530153e-03 
 4.556498888536e-03 -5.052848209593e-02 -1.008426858133e-01 
 2.482024921136e-02 -1.668596002793e-02 -1.003514669475e-02 
 1.321908454526e-01 -9.567419500174e-02 -2.858131217310e-04 
-1.911106521318e-02 -2.719816115175e-02  9.320158158773e-02 
-5.913918441959e-02  2.906049742020e-03  3.413812403335e-02 
-2.900321118132e-02 -1.004672591042e-02 -1.585532953739e-01 
-2.418697724956e-02 -6.463134319362e-03 -1.205411365179e-02 
 6.894425586736e-01  3.156316902260e+00 -5.878291744805e+00 
 1.036331478488e-01  3.756625475680e-02 -5.013010937037e-01 
-3.066451261804e-01 -1.693647046130e-01  7.603337566319e-01 
-1.366038767450e-02  1.984072322318e-03  4.071502911027e-02 
 7.917155209919e-02 -1.094574248284e-01  5.810715652620e-02 
 3.096491493309e-01  1.035395144295e-01 -1.053490904481e-01 
-1.642312802602e-01  1.776348740923e-01  1.385213180507e-01 
 2.306397175844e-01 -6.483789274191e-01 -3.096817333423e-03 
 6.398860122971e-03  6.912956505215e-02  2.677791128295e-03 
 8.205228890921e-03 -3.433898164150e-02  1.585050995138e+00 
-2.150521550377e-01 -2.952257661814e-02  1.551797738236e-01 
 3.933644705300e-02  1.059387013387e-01 -4.466992407025e-02 
 6.723078053193e-03  4.777131035903e-02 -4.687721850879e-02 
 2.152405104385e-01  7.090466112050e-02  1.646721454792e-02 
 3.294868867612e-02  1.058880573467e-01  8.943202114466e-01 
 1.595641772167e-01 -1.568150446472e-02  8.002730432770e-02 
 1.004782283685e-01  2.643105053177e-01  1.358339457353e+00 
 1.309549848149e-02  4.120830950730e-02 -3.228063740364e-01 
-1.528227738211e-01 -2.195991355807e-02  2.034178983060e+00 
 4.162213558092e-02  2.332314777391e-02  3.770689409124e-01 
 1.305827817641e-02 -8.119942257575e-02 -5.554730573940e-02 
-3.190014370840e-01 -6.084839853553e-01 -7.053664611904e-02 
 5.466562288230e-02 -1.169512107856e+00  2.543864357566e-01 
-1.050127921189e-01  2.878030724502e+00  3.777313446728e-03 
-1.685536867137e-02 -1.126978306871e-01  2.928805208705e-02 
 4.501073856052e-02  2.510241720889e-02  5.723347347134e-01 
-4.127165370654e-02  1.561054214921e-02 -4.208702934016e-02 
-1.751598063411e-01 -9.736035444924e-01  1.975352138154e-01 
-2.493849286544e-02  1.016073764117e-01 -6.146181566523e-02 
-6.866056489290e-01 -1.182081439401e-01 -3.365539591205e-02 
 6.389562185833e-02  2.495746773206e-02  3.368272904682e-01 
 4.327653361039e-02 -2.259567173203e-02 -8.188443514756e-02 
-5.590536890113e-03 -3.895019160423e-02  1.730966068779e-01 
 6.259616008776e-02  1.619033817700e-02 -3.908128466183e-02 
 3.405868012777e-01 -7.284127909716e-03  1.590628252064e-01 
-5.975461110880e-01  2.476808233990e-02  3.226187840257e-02 
 4.246533432633e-02 -6.506134743999e-03 -1.246457586405e-03 
-3.288283593669e-03 -1.039494084235e-01  2.118815159791e-01 
 4.579469055038e-02 -1.092531390403e-01 -8.053522747306e-01 
-5.931412871087e-02  2.063814194412e-01 -1.496278290493e-01 
-6.137865626699e-03 -1.097112541969e-02  2.059210374047e-03 
-2.482556130598e-04 -1.360731958909e-01  1.483453251239e-02 
-3.706978934143e-02 -2.475348776001e-01 -2.138398398294e-02 
 3.807032420212e-01 -1.105925379621e-01 -4.324052621290e-02 
-1.641979394853e-01 -2.916712556494e-02 -3.826334645471e-01 
-3.069885878172e-03 -7.588287006048e-02  1.761616299697e-01 
 3.307051033845e-02  1.595089616993e-01  2.575312950967e-02 
-2.770483502918e-02  2.857645815306e-01  2.138041000447e-02 
-3.431313932702e-02 -1.524321089770e-01  2.004905686439e-01 
 1.426601285488e-03 -1.200934533654e-01 -3.547055498401e-02 
 4.559503998257e-01  2.845702174550e-01 -3.599180182411e-02 
 1.463687398239e-01  5.767482084589e-01 -8.674245601323e-03 
 7.512297564199e-02  2.654162061155e-04  1.942630470307e-02 
 9.291099418917e-02 -1.719154580526e-01  1.430349122900e-01 
-2.586393043923e-01 -2.524937241973e-02 -7.009586454109e-01 
 1.205397849617e-01 -7.130546168569e-02 -1.177056105389e-01 
-1.740919910030e-01 -3.382068143084e-03 -2.122597806045e-03 
-1.463123195264e-02 -1.500827551121e-01 -1.375504001956e-01 
 1.052164840606e-02 -5.609137492194e-02  4.851718148829e-02 
 4.167330867141e-01 -5.459684957287e-02 -9.794489409120e-02 
-4.298236813456e-01  5.538399832737e-03 -3.147203435140e-01 
 8.136039666818e-02 -2.389770032417e-02  1.130594668619e-01 
 4.048814498831e-02  1.316463063659e-01  5.366734527934e-02 
-2.457043821851e-02 -3.167791301684e-01 -1.706690581703e-03 
-9.106112438357e-03 -3.924497669990e-02  8.010991190641e-02 
-5.096751703975e-03 -5.225724852952e-02 -6.670258223211e-03 
-3.499314952363e-01  1.558326470954e-01 -1.521103721504e-02 
-1.393712091847e-01  3.902923560366e-01 -1.014263842903e-02 
-1.059904503930e-01  3.041256486788e-02 -6.067205823606e-03 
-2.519349626404e-02  4.039958107903e-02 -1.049837566418e-01 
-2.630497897750e-01 -6.218623290768e-03  6.048917567533e-01 
 1.685002128513e-01  2.074247203749e-02  2.134295322303e-01 
-1.269988535576e-01  7.600029791941e-04  5.520656777347e-03 
-4.614712963125e-03  5.070287849705e-02  7.728366368604e-02 
 3.769355191677e-02 -3.160126252824e-01 -1.009549788578e-02 
-3.533673982079e-01  8.576121644908e-02  7.525026048461e-03 
 2.590968469450e-01  5.465909323469e-02  3.259573871640e-01 
-7.951301034241e-02  6.328592407714e-02 -5.520816798103e-01 
-2.570080198954e-02 -1.219879846499e-01 -6.804094582068e-02 
-1.948636800436e-03  7.199097943678e-02  4.096253284822e-02 
 6.985596238293e-02  2.935967250546e-01 -1.687016607196e+00 
-7.254904914006e-03  3.545496623820e-04 -1.087649852294e-01 
-1.473450892035e+00 -2.516576920943e-02 -5.507320424581e-01 
-6.584431823610e-02  3.583156297326e-02 -2.313898381037e-01 
-8.148932982178e-02  4.026666935383e-02 -3.495926375476e-01 
-1.470757504817e+00  3.204879241862e+00 -3.423455715948e-01 
-2.834177720758e-02  8.485729728980e-02  1.706349071862e+00 
-1.505242330994e-02 -4.745081722885e-01 -7.649371242235e-02 
-1.767255320837e-02 -1.752180905862e-02 -1.147278069730e-01 
-3.906655103360e-02  7.449728684410e-01  2.543724956983e-01 
-9.866101539607e-02 -3.176848859101e-02 -2.094893646505e-01 
-1.247431036712e+00  2.758490757988e-01  3.298679026895e-01 
-2.099334711252e-01 -2.012001278722e-01  4.761566825380e-01 
-1.452098669191e-01  1.527965325307e-01  1.013147150133e-01 
 2.966820715744e-01 -5.364789613407e-01 -1.184011247642e-01 
-7.001836737595e-02 -1.973956296504e-02  2.246350850954e-01 
-8.058265165743e-02 -3.358173406796e-01  2.907107431422e+00 
 3.943354036493e-02 -8.925939224193e-05  3.196484895217e-01 
-7.324397868624e-01  6.274223715556e-02  1.323346428648e+00 
-3.047548232207e-02  7.574194083944e-02  3.777249704240e-01 
-7.011691115694e-02 -1.153386117578e-01  6.732769615156e-01 
 2.780590326689e+00 -6.146823367815e+00 -2.058263293199e-01 
 1.857790827660e-02 -5.776952838678e-02  7.968767421935e-01 
-1.478784688881e-02  1.057153224164e+00 -2.802078759187e-02 
-7.170309224927e-03  9.078965880414e-02 -9.151178772061e-02 
 8.390163559750e-02  1.343802481299e-01  1.288782267823e-01 
-2.335767582666e-02  1.261508892860e-02 -1.613574176402e-01 
 3.451116027996e-01 -8.369564743491e-02 -8.794891478514e-02 
 4.601162651407e-02 -2.046478739094e-01  1.033390782324e+00 
-2.963518429152e-01  3.548592679453e-01  1.322585009203e-01 
 1.330151297425e-01 -3.165144231330e-01 -2.136073311753e-01 
-1.206670807020e-01  2.376109306935e-03  1.176877194184e-01 
-8.873704882952e-02 -3.388187633145e-01  1.430778142470e+00 
 5.071825315018e-02  3.952309247388e-02  1.228686930097e-01 
-1.863683091947e+00  4.905889611625e-02  2.471942394532e-01 
-5.543033527348e-02  3.653763658529e-02  1.585167499238e-01 
 2.328832970702e-01  4.450730669822e-01  4.247664660344e-02 
 1.476438987338e-01 -8.534706551680e-01 -2.099596130368e-01 
 4.198969325485e-02 -6.933617374735e-02  1.323630432356e+00 
-1.293416199680e-01  7.304646520752e-01 -3.948809249342e-02 
 1.393110901837e-02  1.376994903867e-02 -9.190600953570e-02 
 1.117479204392e-01  5.184744106445e-01  3.075992221348e-01 
 3.735511589510e-01 -8.040276277542e-02  3.467000113390e-01 
-7.740744380771e-01  1.919358337417e-01 -2.553043283102e-02 
-3.228801186428e-02 -2.628761877524e-02  4.868150593863e-01 
-2.102672332985e-01  7.888311916231e-02  1.337989946980e-01 
-2.069019813157e-01 -1.634800727007e+00  2.346765551037e-01 
 3.539259272928e-01  2.446195561511e-02 -1.648348575955e-01 
-1.638191282949e-01 -6.027828103993e-01  1.734317461463e+00 
 2.608043075248e-02  4.064723515905e-02 -1.819852493206e-02 
 1.140433148158e+00  1.214960767203e-01 -4.355349890455e-01 
 4.411806958930e-02 -5.325004802472e-03  9.526651015362e-02 
-1.238395577968e-01  6.580992542824e-01 -8.060427472325e-02 
-3.372536945522e-01  3.129123096087e-01  1.709443674026e-01 
 6.958870518544e-02 -2.531468550390e-01 -7.810461761059e-01 
-1.982209704886e-01  7.198990650119e-01  1.518656468688e-02 
 3.974579964072e-02  1.161450099223e-02  3.899272011858e-02 
 1.773408703300e-01 -1.652704484154e+00  2.307629961690e-01 
-2.288340122797e-01  1.252671723375e-03  6.194237222828e-02 
 4.789229759593e-02 -8.282429675112e-02 -1.741380596253e-03 
 1.067371018759e-01 -1.724733212040e-01 -6.287553119517e-01 
 2.023309343138e-01  2.946990620182e-02  3.880462649468e-02 
-1.325706290516e-01 -3.093452696784e-01  4.030339112620e-01 
-2.237314343415e-01 -8.912234259302e-02  5.079691752633e-01 
 2.123225923936e-02  1.668134300390e-01  4.773024116727e-01 
-1.630235637491e-01  6.039986708027e-02  2.805481340073e-01 
-4.472048480244e-01  4.606582049842e-02  4.038848672264e-01 
-3.113682522151e-02  1.874987962049e-02  2.480328643339e-01 
-2.104017781486e-01  9.350605915704e-02 -6.300210442501e-02 
-3.229869824252e-01 -2.489983311381e-01 -4.889112726236e-01 
 4.023234141217e-02  2.923105063005e-01  2.089435950274e+00 
-1.140660589983e-01  3.003630201950e-01  1.464100147962e-04 
 6.406666434462e-03  3.964547364961e-02 -3.006187225460e-02 
 7.183909000282e-03 -3.072888165027e-02  2.510035638567e-01 
-1.696118106053e-01 -8.603257508337e-02 -3.728133840225e-01 
-1.297531738105e+00  2.167437163036e-01 -3.665130991255e-01 
-1.152393740417e-01  3.273747741521e-01  1.163443535053e+00 
-3.892623812560e-01 -3.497178671681e-01  1.759655528762e-01 
-5.293114230099e-01  2.479837258632e-02 -1.956022868292e-01 
-4.252610173733e-02 -8.249605206338e-02  7.025911553260e-03 
-2.935617260596e-02 -2.699304877212e-01 -5.905779085695e-01 
-7.239410683807e-02 -2.274989066805e-01 -4.862797782678e-01 
-3.809503681184e-01 -2.152384233385e-01 -6.348088414409e-01 
 3.905433942081e-02  2.091897415339e-02 -3.433191845632e-01 
-9.993446119251e-02 -1.186108799735e-01  1.769970727928e-01 
 9.094498629662e-01  1.360042675052e-01 -2.384767235425e-01 
-8.014585135625e-02 -4.915523187653e-01  1.043902086213e+00 
 3.696822446243e-01 -2.960020498224e-01  1.564568230238e-02 
-6.583748352416e-02 -5.745635385205e-02 -2.041320986820e-02 
-5.747508933365e-02  3.397370670160e-02  4.722939613261e-02 
 1.500778364810e-01  3.522017216260e-01  3.451406256575e-01 
-4.512730982351e-01  2.259896244704e-01 -2.158827021284e-01 
-2.884869863732e-01  3.979718708285e-01  7.208039681379e-01 
-1.274826932939e-01 -1.310534423677e-01 -1.182670193497e-01 
 6.657408276037e-02 -1.051534873551e-01 -1.483173096626e-01 
-1.127638539056e-01  4.353983424733e-01  4.522964059651e-01 
 1.985160157953e-02  2.024484259691e-01  8.088511211988e-01 
 4.724483694890e-02 -2.660338069144e-01  4.331084126977e-01 
 2.106535176136e-01 -3.015474108550e-01  4.905670280310e-01 
 3.090032446589e-02 -7.104379778234e-02  3.571324764399e-01 
 9.001733249682e-02  2.422845936175e-01 -4.043635929127e-02 
-3.070912538849e-01 -8.731017652528e-01  9.555273156774e-02 
 2.982064940130e-02  3.503855106028e-01 -4.635219898694e-01 
 6.975595366700e-01  3.944946126591e-01 -1.293294061916e-02 
-9.114112978243e-02  5.743766217607e-02 -1.415270621913e-02 
 7.089153275375e-02 -1.387235537669e-01  3.053391959936e-02 
-1.495957545538e-01  4.149280732887e-01 -2.175806358037e-01 
 3.673482533580e-01 -2.212615134882e-01  2.342875322425e-02 
-5.447640372061e-01 -2.618458686234e-01 -2.026677118790e-01 
-2.004912034564e-02  1.131307852404e-01 -5.629765809946e-01 
-1.647493723327e-01 -9.719090817238e-02  1.837095697925e-01 
 8.472755991703e-02  4.107054471862e-01 -1.636779838963e-01 
 8.366126416381e-02  3.682895893309e-01 -4.713204063533e-01 
-1.899749021652e-02 -1.750909910007e-01  4.570903042782e-02 
 9.714995406734e-02  4.320993901672e-02  6.736382527379e-03 
 2.342381345758e-01  6.556081106189e-01 -1.613513526359e-02 
-2.898597342400e-02 -1.245909068547e-02 -1.619935420903e-01 
-7.091338037385e-01  9.010962972330e-01  6.908809191872e-02 
-2.485908124978e-01  8.225043234361e-03 -1.104694034624e-01 
-3.491733199773e-01  1.640306257117e-01  7.733066421299e-02 
-1.008000312258e-01  5.617361118955e-03  7.189060066148e-03 
 6.639526266882e-02  3.729468017460e-02  3.217674275331e-03 
-4.006539282581e-02  3.366382308435e-01 -8.438663547274e-02 
-2.489876122967e-01  7.340647711451e-02  6.342562897891e-02 
 4.332489619469e-01 -1.471899611686e-01 -3.050108220236e-01 
 1.405736524608e-01  1.448582728401e-02  5.310392912067e-01 
-1.453565081038e-01  1.649445680698e-01 -4.528018886761e-02 
 1.261644213173e-03  6.675022905492e-01 -1.164395366411e-01 
 2.503604954337e-02  1.499008817090e-01  4.207112750659e-01 
-1.375457840188e-01  3.005437722848e-02  1.311279569763e-01 
-9.813768342946e-01 -9.793654969054e-03  1.612684626806e-01 
 1.386180990042e-01 -4.724664993807e-02  3.516500044423e-02 
-7.401846968148e-01  6.221027030852e-02  3.769545617459e-02 
 1.573977830258e-01 -5.239408725320e-01 -2.341078295244e-01 
 6.385019769799e-02 -3.512182278209e-02  1.162018151090e+00 
 1.327536950660e-02  5.330045616944e-01  4.019266137481e-02 
 3.522945002255e-02 -1.187312844614e-03  2.377898332163e-01 
 2.458403530247e-02 -3.632544949391e-01  8.650023728962e-01 
 1.442267264260e-02 -1.658139239707e-01  4.846772492188e-01 
-8.379466540884e-01  3.200089965590e-01 -1.008112516340e-01 
-1.992769355138e-01 -4.256669761449e-01  6.606146473117e-01 
-3.544026706306e-01 -1.518805357686e-01  2.666524402106e-02 
 1.622442889317e-01  4.064594942610e-02 -6.609894369355e-01 
-2.284532040452e-02  1.004855514622e-01 -4.860403483430e-01 
-2.594446077181e-01 -1.030117170843e+00  6.366845215653e-01 
 3.677339648720e-02  6.850297351884e-02 -8.745025616260e-02 
 2.429257401994e-01 -4.741901225418e-02  1.213053300089e-01 
 6.820415390502e-01 -1.481368003273e-01  2.922946367261e-01 
 6.968561526599e-02  2.270923024140e-01 -4.948115837873e-02 
-1.837762609893e-01  1.806447680744e-01  8.180579790623e-02 
 3.511732716839e-02  4.332985917551e-01 -4.479358292352e-01 
 3.711684607519e-02 -1.052613890981e+00  2.120688279746e-01 
-3.354468919749e-03  2.133763613082e-02 -2.310026112228e-02 
-1.140499138151e-01 -2.053655472739e-01  1.466012161647e-02 
-1.164243511112e-01 -6.160489306375e-01 -6.828063352000e-02 
 5.932467471243e-01 -2.176089906511e-01 -2.594997980113e-02 
-1.717564824239e-01  4.036100177847e-01 -4.446098575165e-02 
-2.647679428604e-02  4.320074838362e-02  1.726417978560e-01 
 4.781941761002e-01 -2.041862064346e-02  1.301250314865e-01 
 1.203283766288e-01  4.630899089272e-01  1.905895225456e-02 
-2.717115538614e-01 -1.077154498074e+00  5.701158783130e-01 
 5.225337516711e-02 -1.424504530827e-01 -1.037566521951e-01 
-3.356153807032e-01 -6.736504669080e-04  1.682832233400e-01 
-5.388955146817e-01  1.857289015445e-01  3.129317589339e-01 
-1.122347108750e-01  3.186433160126e-01 -1.119905807914e-01 
-4.198872353869e-01  5.548964448842e-01 -1.683681655398e-01 
-1.274045174218e-01  4.598988043521e-01  2.133512571906e-01 
-2.693059975972e-02 -1.059193503925e+00 -1.655914099168e-01 
-9.566297607162e-02  2.423597564248e-02  7.797477030748e-02 
-1.144736709955e-01 -2.844346912768e-02  2.077527995688e-01 
-1.600906838260e-01  6.274728537343e-01  7.556217559722e-02 
 7.289121192482e-02  3.014175363945e-02 -1.046953121314e-01 
 3.284180456862e-01  3.325230591888e-01  2.391246892669e-01 
-2.157593254600e-01 -7.673115234167e-02 -6.244948416521e-03 
 5.927384595052e-01 -1.928804316345e-01  8.391158707452e-03 
 1.543771697856e-01 -2.458611612169e-01 -1.509063422065e-01 
 4.217742745975e-02  2.231496939756e-01  1.205448468916e+00 
 2.355278482949e-01  8.667796965241e-02  5.343479401202e-01 
 1.644020418575e-01  6.298434685806e-02  2.584238642411e-01 
 7.634126341500e-02  2.769697934120e-01  5.479004854253e-01 
 1.528375090268e-01 -9.299430878448e-02  2.281363685294e-01 
 1.017650930529e+00 -1.530396799366e+00 -3.429744371892e-01 
-8.348711908627e-02  6.660349372446e-01 -3.508717906514e-01 
-1.193442304330e-01  9.226069299201e-01 -6.056370942350e-02 
 2.421875092113e-01 -3.973930152976e-02 -5.277312584943e-04 
-3.346115079543e-01 -1.587538191711e-02 -2.001135401039e-01 
 1.444031502620e-01  1.227583930518e-02  1.719435398458e-01 
 1.523310422887e-01 -2.488129007341e-01  5.505527604150e-01 
 5.262271700564e-02 -3.788955547443e-01 -5.134486778646e-01 
-2.616630521257e-01 -8.019812986413e-01 -8.228434227446e-02 
-6.622604199582e-02  1.266813610869e-01  9.597496171040e-02 
 3.083734031588e-02  7.230310850361e-02  3.953174082340e-01 
-9.102030733361e-02 -6.309311116978e-01 -2.241374389190e-03 
 1.002741097129e+00 -6.080754331387e-02  3.733943915600e-01 
 4.528876841710e-02  1.132509255273e-02  2.526871283701e-01 
 1.406495705362e-01 -5.723794227409e-02 -6.034648730142e-01 
-6.384623021771e-02 -8.591344964868e-02  1.911404473359e-01 
 8.371180257316e-01 -9.313230419532e-01 -6.579528534814e-01 
 1.466935313697e-03 -5.626940092900e-01 -2.090560022876e-01 
 2.104616739324e-02  6.314109815395e-01 -4.217478388683e-03 
-1.123726573670e-01 -1.064124959319e-02  1.069704398000e-01 
 6.281692495202e-02 -1.133152790471e-01 -8.091551931567e-03 
-2.670667399014e-01 -8.153857584122e-02 -4.836755433491e-01 
 4.297792565321e-01 -2.253684215405e-02 -3.050863347884e-01 
 8.879710701240e-02 -3.606606589450e-01 -4.559005421303e-01 
-9.262984014349e-02 -3.625338011078e-01 -3.400111303824e-02 
 2.336139110796e-01  8.713486149763e-01  2.714804473524e-01 
 9.881120603770e-01  2.076348390358e-02  1.744023716613e-01 
-1.598832081202e-01 -8.169425760876e-01  8.430869887320e-01 
-4.011405401864e-01 -9.305419963767e-02  7.254763405090e-01 
 6.733381723101e-02  2.902855299155e-02  3.137626973505e-01 
-2.370762861596e-01  9.215283138198e-03 -2.646830769781e-01 
-3.347203485660e-01 -6.162912711726e-02  3.888956794092e-01 
 1.608661252507e+00 -2.000949666455e+00  8.691933205450e-01 
-5.652194395008e-02 -4.424303174261e-02  2.014032846203e-01 
 2.006313116217e-02  8.212628429441e-01  2.854605924210e-01 
-1.059090527647e-01 -3.089410722605e-02 -1.078652305709e-01 
-2.156732626974e-01  4.092193566561e-01  2.284044566973e-01 
-6.679031512520e-01  1.143424238417e-01  2.198324274894e-01 
-6.516488592685e-01 -1.963137079006e-01  6.761308290447e-01 
-1.983082628039e-01  3.107957967451e-01  5.692070322398e-01 
-1.182735286202e-01  1.723733137430e-01  2.260217822128e-01 
-4.009473148722e-01  4.357431338781e-01 -1.204586554539e-01 
 4.768327939414e-01 -1.275673003732e-01 -1.557871998293e-01 
-1.129723925110e-01 -5.384401749426e-01 -5.469814654431e-02 
-4.160945267294e-01  2.276069930481e-01 -9.460229103333e-02 
 3.727690523389e-02  1.877211942772e-02  8.954546610971e-02 
 2.035804444037e-01  6.187603898591e-01 -4.218914050842e-01 
 2.239766713704e-02  7.476587417745e-02  9.032373294481e-02 
 4.049932628144e-01 -8.919376201311e-02  1.474771722379e-01 
-1.028872179032e-01 -2.368445593598e-01  1.581122810550e-01 
-1.487844668992e-01 -1.481919214569e-01 -5.482703255254e-01 
 8.817148654454e-01  4.648190061321e-02 -9.600525735484e-02 
 9.830333652068e-02  3.231891998946e-01  6.019910156450e-02 
-3.985632700496e-01 -3.862128081329e-02 -6.056143768981e-02 
-1.936649404413e-01  4.847584855967e-02 -6.573421948201e-03 
 7.002663363346e-02  2.736104778950e-01  1.530113588915e-01 
 3.604663449019e-02  1.270167317718e-01 -3.805201037175e-01 
 8.531097563132e-03 -1.631068696572e-01  5.481489438068e-02 
 4.159411654070e-02  2.006403677822e-01 -2.561065216288e-01 
 4.668527892796e-02  1.896474769718e-01 -4.366734940497e-01 
 8.982147081948e-01  1.809980092309e-01 -1.475961945509e-01 
-1.626263668306e-01 -1.853706450617e-02 -7.479240899757e-02 
-3.175663265494e-01  4.427791096289e-01  1.756498853603e-01 
-3.519621159734e-01 -1.042980006006e-01 -1.340962475578e-01 
-5.920677218213e-01  5.289678784259e-01  1.447476666484e-01 
 7.537400599498e-03  6.978097010313e-02  4.307558986395e-02 
-8.390966998323e-02 -4.094892567418e-01  7.172336886863e-01 
 6.882820315668e-01 -3.680522412256e-02  1.924397726161e-01 
 4.252792067573e-02 -6.507198345011e-01  1.008824155066e-01 
 4.615708144131e-01  3.168127927903e-01 -1.746121220452e-01 
 3.595950793630e-02  2.366564061447e-02 -1.562565117990e-01 
-5.264233271075e-01  1.932446057116e-02  2.961513191242e-01 
-1.388008964259e-02  2.552805060736e-01  2.232342397277e-01 
 9.429798670419e-02  7.059683195070e-01 -1.724365207998e-01 
 3.498159136749e-01 -1.432396725070e-01  2.146369596632e-01 
-4.579269676567e-02 -2.701291729472e-01 -4.646087852587e-01 
 5.669865782496e-01 -3.017176807000e-02  1.081456119546e+00 
-1.760944738651e-01  2.838178568404e-03 -3.812272574855e-01 
 1.637031572724e-01 -4.608717213983e-03  8.415879412833e-01 
-5.009934040792e-01 -7.091643161081e-01 -2.837505807324e-01 
-1.401662531629e+00 -7.073712578507e-02  3.453881442389e-01 
 8.997199577556e-02  1.863444673380e-01  5.853305288346e-01 
-2.388016283187e-02 -2.221345942020e-01 -3.979118272198e-01 
-2.800782878223e-02 -3.644487449708e-01  1.343498618783e-01 
-4.255897158374e-01  3.989842399273e-01 -1.138074191530e-01 
 7.170968591223e-02 -1.134535512220e-01  4.777189222089e-01 
 1.571022945277e-01 -1.485344829356e-01 -3.152621256356e-01 
 2.225848907284e-01 -2.080568591897e-02  1.505502395270e+00 
-3.713678820499e-01  7.763107970510e-01 -6.163231727421e-02 
-3.326361177991e-01  1.717930650707e+00 -6.374220527595e-01 
 7.181276902557e-01  2.692376817174e-02  6.421468618808e-01 
-2.006931064384e-02 -1.458223124747e-01 -3.552448648903e-01 
 1.308776962866e+00 -2.772019561442e-03 -1.238994180475e+00 
-2.955660481540e-01 -1.810490665533e-03  9.289326788148e-03 
 1.818516219620e-01 -1.450306311674e-01 -2.772062035598e-01 
-1.066654084338e+00  1.225130491000e-01 -1.781144899873e-03 
 1.713925068773e-01  1.603695420643e+00  7.374645176072e-01 
-6.365062754021e-02  3.420991036704e-02  5.503153646034e-01 
 3.916852982901e-03 -4.911897753529e-01 -3.533293729170e-01 
-1.561076892906e-01  7.197018367888e-01  8.387815961164e-02 
 1.860407941162e-01 -1.987479954802e+00  6.497774688556e-01 
 9.128735509226e-01 -1.589498291575e-02 -4.127115264726e-01 
-1.587051305638e+00  4.432594602063e-01  6.570394212776e-01 
 5.304048326478e-02  3.181944925938e-01  4.194322428622e-01 
 7.680513402676e-02  4.391421278236e-02 -8.329304581855e-02 
-2.108385247589e-01  9.731385501324e-01 -4.070644918495e-01 
 4.695293783744e-01  2.596707923539e-02  8.048689763667e-02 
-5.312508964397e-01 -2.479447793833e+00 -1.122909346938e+00 
-6.735723872479e-01 -1.155007720892e-01 -4.789211691942e-01 
 2.913183812892e-01  6.585627449471e-03 -6.355036205717e-01 
-9.930927150563e-02  1.899312395159e-02 -1.092755762886e-01 
 3.857543648375e-01 -7.262565793893e-01 -4.245976804771e-01 
-1.617490419327e+00  3.229368024743e+00 -3.812435124595e-01 
 3.619365820422e-02 -3.464240001106e-01 -3.564974312307e-01 
-1.128240866456e-04 -1.365190245219e+00  1.803399838303e-01 
 8.324434508193e-02  1.041784045429e+00 -2.024136925864e-01 
-5.924642282966e-02  1.978730209902e+00 -8.020919514041e-01 
-6.746873995568e-01 -4.009082501122e-02  6.749845477654e-01 
 9.316476573454e-01 -7.944095015047e-02 -3.266481486999e-01 
-2.956755059133e-02 -3.989862859199e-01 -3.351654396609e-01 
 1.982002071127e-01 -4.900997933616e-02  2.405441618735e-02 
-8.977855940240e-02  7.200632747547e-01 -2.756444854312e-01 
 1.730446741185e-01 -5.464001731489e-02  3.161218378342e-01 
-7.254747680968e-02 -4.433860950790e-01 -1.377661670187e+00 
 3.280653653408e-02 -4.038042796406e-02  5.662648146871e-01 
 2.023338411517e-01 -1.622945273770e-02 -4.036930406200e-01 
-1.726707482918e-02 -9.109658350185e-03  5.286099028781e-01 
-3.533173410850e-01 -7.751208830454e-01 -1.999737160698e-01 
-5.193510716919e-01  2.832385665498e+00 -6.245417746952e-02 
-9.079336489471e-02  9.042429319076e-01 -1.912429557040e-01 
-3.131668398023e-02 -4.560417496529e-01  6.522522417921e-04 
-6.178332510181e-02 -5.074737635698e-01 -4.118075110031e-01 
 1.219995223797e+00  8.297722945900e-01 -2.087785433973e-01 
-1.204463735472e-01 -3.386828522632e-02  5.114054167136e-01 
-1.474150646472e+00  5.611936462530e-01  3.576350924923e-01 
-9.920036463309e-02  5.847156197623e-01 -2.136777971598e+00 
 8.367889405478e-01 -8.435528457247e-01 -1.126501947541e-01 
 4.899985867311e-01  1.447244566192e+00 -3.754364834916e-01 
 4.559044651115e-01 -5.305139434629e-02  3.694872553269e-01 
-1.294544123911e-01 -6.297843260219e-01 -4.674705965819e-01 
-4.659054891534e-01 -4.675317387793e-02  1.403911460347e-01 
-4.627424550651e-01  2.702613865153e-03 -9.384505291818e-02 
 2.440249349418e-03  4.314535588630e-04 -4.260983365167e-02 
 1.247699176505e+00 -2.842302436878e-01  3.959148151909e-02 
 2.918376001585e-01  1.082101969833e+00  6.945052041751e-01 
-8.045080442395e-02  3.354781246735e-01  4.671183968225e-01 
-1.769105975143e-02 -1.107283051017e-01 -1.133954503311e-01 
-5.499127131400e-02  8.669573412057e-02  1.514854211518e+00 
 4.040248968240e-01  1.922939274496e+00 -5.702467232691e-01 
-6.080137512053e-01 -1.004733299383e-01  1.333569987557e-01 
-2.694524478014e+00  1.131680752220e+00  9.697101238242e-01 
-1.561791713536e-01  3.465641324710e-01  7.626361235894e-01 
-3.661861465113e-01  3.795106264107e-01  3.328143802380e-02 
 6.546716517501e-02 -6.463401393155e-01  2.198417933527e-01 
-2.764958633561e-01  3.233964885863e-02  2.260805869499e-01 
orbocc
(*)
 0.000000000000e+00  0.000000000000e+00  0.000000000000e+00 
 0.000000000000e+00  0.000000000000e+00  0.000000000000e+00 
 0.000000000000e+00  0.000000000000e+00  0.000000000000e+00 
 0.000000000000e+00  0.000000000000e+00  0.000000000000e+00 
 0.000000000000e+00  0.000000000000e+00  0.000000000000e+00 
 0.000000000000e+00  0.000000000000e+00  0.000000000000e+00 
 0.000000000000e+00  0.000000000000e+00  0.000000000000e+00 
 0.000000000000e+00  0.000000000000e+00  0.000000000000e+00 
 0.000000000000e+00  0.000000000000e+00  0.000000000000e+00 
 0.000000000000e+00  0.000000000000e+00  0.000000000000e+00 
 0.000000000000e+00  0.000000000000e+00  0.000000000000e+00 
 0.000000000000e+00  0.000000000000e+00  0.000000000000e+00 
 0.000000000000e+00  0.000000000000e+00  0.000000000000e+00 
 0.000000000000e+00  0.000000000000e+00  0.000000000000e+00 
 0.000000000000e+00  0.000000000000e+00  0.000000000000e+00 
 0.000000000000e+00  0.000000000000e+00  0.000000000000e+00 