2mocoef
header
1
MO-coefficients from MOLCAS
1
26   26
a
mocoef
(*)
 6.940540670696e-05 -7.712829957566e-04  7.816907823747e-03 
-5.902924181742e-05  1.237184498762e-05 -4.601083634974e-04 
-5.221447595423e-05 -1.312364736484e-04  3.857097008903e-03 
 9.959267291088e-01  2.459459486612e-02 -1.554945603198e-02 
-1.277176822591e-05  1.671183084805e-04 -8.205617933105e-04 
 3.164379640152e-04 -1.849982816530e-04  2.909238975181e-03 
-6.927057271631e-05 -2.444967704186e-04 -1.318039419039e-04 
 1.695417223374e-03  1.818741303350e-04  1.394019353730e-03 
-1.784063088851e-04 -2.504330369521e-04 
 9.958727719948e-01  2.538625618125e-02 -1.197480882610e-02 
 8.986403047626e-05 -5.703965805013e-04  1.837659909156e-03 
-5.432828137925e-04  4.277215825743e-04 -5.104966538704e-04 
-6.146197113759e-04 -3.985017746481e-04  1.873181875249e-03 
-4.747750731051e-05  4.901908641256e-05  2.587182521287e-04 
 2.847979341047e-04 -2.138974757258e-05  4.849604369015e-04 
-3.985521442332e-04  3.350590927856e-03 -1.723657349934e-04 
-2.446552803555e-04 -2.549882103152e-06  1.668786154986e-04 
-4.850476979711e-04  2.507718554544e-03 
-1.211202339582e-01  2.483027843216e-01  4.045486696393e-02 
 1.094430010421e-02 -1.431792800022e-02  1.411614040041e-01 
-4.955646595388e-03 -3.575239825718e-03 -3.364908438204e-02 
-1.917754703491e-01  4.102925828189e-01  3.905394921084e-01 
 1.691360430064e-03  7.863778050122e-03 -7.963238690572e-02 
-7.711790602059e-03  4.411278693621e-03 -1.490370802291e-02 
 6.132266492411e-02  1.290429960419e-02  1.093384787401e-01 
-1.307365138303e-02  8.883402204495e-02 -6.193756645032e-03 
 4.966551224042e-02  4.608628777853e-03 
 1.473917699918e-01 -3.096104432346e-01 -2.326674426246e-01 
-1.576908255681e-02  2.996939065805e-02 -3.342074569561e-02 
 7.140443243206e-03  1.069264666888e-02  2.362865028780e-03 
-7.688270141374e-02  1.676761431242e-01  2.750786950895e-01 
 7.694158425784e-02  1.267208840212e-02  3.574594331299e-01 
 2.426673441368e-02  5.610173573625e-03  1.393752647373e-01 
-1.305900743409e-01 -2.712900241443e-02  2.024454305967e-01 
 1.475415267883e-02  1.031323634993e-01  6.106104299341e-03 
-1.070334071789e-01 -1.212559371192e-02 
-2.299921722066e-02  5.250020184633e-02  7.339091202336e-02 
 3.074099421805e-01 -1.227801763058e-02 -6.436822178955e-02 
 6.939212094033e-02 -5.457872490054e-03 -4.583549252692e-03 
 1.432151656794e-02 -2.949359237444e-02 -6.783949512847e-02 
 4.015833037611e-01 -1.324666377250e-03  3.459104244045e-02 
 2.574135217111e-01  4.513230235368e-04  1.944811589563e-02 
 1.774720958177e-01  5.793608945129e-02  1.496825601528e-01 
 1.820224812629e-03 -1.617098247708e-01 -1.754799969762e-02 
-8.572960824893e-02 -3.940188699803e-02 
-2.640745573045e-02  5.633386725670e-02  9.893331962382e-02 
-3.902225276426e-01  2.277905489470e-03 -6.129704083840e-02 
-2.756003948856e-01 -2.276542576644e-03 -6.465814411774e-03 
 9.601942074479e-03 -1.457378082985e-02 -5.918770221196e-02 
 3.018310858521e-01  1.045433923712e-02  3.129188774671e-02 
 2.502233148979e-01  7.236760981759e-03  1.202202612086e-02 
-1.774178257555e-01 -3.759823984092e-02  1.687781829716e-01 
 5.126349900140e-02 -1.750115341519e-01 -7.655656641077e-02 
 2.610533546931e-01  7.563584747019e-02 
-1.354909488618e-02  3.090404597533e-02  2.427865904788e-02 
 1.328850409314e-02  3.131771199169e-01 -1.459832011010e-02 
 4.821593853345e-03  1.176348943707e-01 -1.211607637166e-02 
 7.430948215330e-03 -1.961292826809e-02 -1.595268084222e-02 
-1.054221647904e-02  5.474067611064e-01  4.942028871980e-03 
-7.481975711979e-03  3.720640989059e-01  1.855697474763e-03 
 1.056077244438e-02  1.048496790301e-02 -6.832568268629e-04 
-1.762605421138e-03  6.254674976360e-03  5.469396827013e-03 
-1.731394559168e-03 -8.477682583740e-04 
 5.692753025434e-02 -1.093781639013e-01 -3.012711916827e-01 
-2.629248312953e-02  3.516231719162e-02  4.101692873485e-01 
-3.126677419564e-02  2.135543079720e-02  3.648221407761e-02 
-4.168572300199e-02  1.072399287734e-01  1.345114955160e-01 
 1.198764294094e-01  1.299589911446e-02 -3.794107540630e-01 
 9.216464126173e-02 -1.202106786203e-03 -2.064023512907e-01 
-1.934487917813e-01 -8.519801731106e-02 -3.381618834891e-02 
-7.426645504584e-03 -1.392631216202e-01 -5.101018729808e-02 
-1.541477380399e-01 -7.312682101338e-02 
 1.801080155788e-02 -4.214871442525e-02 -8.873575989447e-02 
-3.931468866290e-03 -5.896088229381e-01  3.632255525161e-02 
 7.187870117179e-04 -5.694932797606e-01  2.550871763980e-02 
 1.251864761718e-03 -1.583139633536e-03 -2.361814795597e-02 
-3.405315851765e-03  3.957719195682e-01 -1.111570854003e-02 
-5.260558941103e-03  4.628019594783e-01 -3.148842319597e-03 
 2.491475002224e-02  1.681444060646e-02  1.012635676483e-02 
 8.176367570876e-03  3.851870289968e-03  2.934260289176e-03 
 2.409365844638e-02  2.944716844386e-02 
 2.986916057259e-02 -5.533430938097e-02 -6.016591331747e-01 
 5.482226101743e-02  1.642742024240e-02  1.097758596907e-01 
 1.144021826285e-01  7.161069960412e-02  3.457943552875e-01 
 8.459045150507e-02 -1.396683417958e-01 -1.278573073307e+00 
 1.612612433054e-01 -1.327127194472e-02 -1.484151187242e-01 
 3.492446249156e-01 -4.944844472467e-02 -4.490216052349e-01 
 1.811566247819e-03  1.979172301332e-01  1.250345140802e-02 
 5.269257142710e-01  1.196488708628e-01  1.334160645859e+00 
 4.788156603599e-02  6.498615667060e-01 
 1.110301237161e-02 -1.535976979747e-02  7.653940835219e-02 
 1.669883425398e-01  1.088322348877e-03 -4.305895251082e-02 
 5.471591988235e-01 -2.943922561304e-02 -1.064607451318e-01 
-4.903552664509e-02  7.999995097087e-02  8.734304278697e-01 
 2.631901460576e-01  8.330711907326e-03  5.671579203259e-02 
 6.771847394434e-01  3.386920045677e-02  2.691509919038e-01 
-3.355268801192e-02 -8.519655465923e-01 -9.498812873962e-02 
-1.681678047922e+00  6.948005427017e-02  5.600398347455e-01 
 4.704981811210e-02  7.222431756248e-01 
 1.136786504758e-01 -1.852411145939e-01 -2.125659991991e+00 
 2.188613105506e-02  4.845357060150e-02  1.037780023857e-01 
 2.842565358331e-03  1.779598170344e-01  4.561663380201e-01 
-4.131373292114e-02  4.934145117884e-02  6.983455771345e-01 
-8.689847542612e-02 -1.752681864584e-03  8.512873855678e-02 
-2.101547834463e-01 -3.982449423591e-02  8.049611455921e-03 
 8.044156500331e-02  1.465946485100e+00 -2.341997798602e-02 
-2.473043922905e-01 -3.525465652851e-02 -6.930362525258e-01 
 7.056021071431e-02  1.394659425636e+00 
-4.563348376289e-03  2.385632815280e-02  1.946004080367e-01 
 3.096772902622e-01 -3.882597350488e-03  2.419856533926e-02 
 2.165859069635e+00 -3.287317314420e-02 -1.008161469283e-01 
 3.945706886247e-03  6.257874394939e-03 -2.103264198773e-01 
-1.741261341115e-01 -6.952217775458e-03 -4.681067806586e-02 
-1.031459076203e+00 -1.289411268982e-02 -1.312755057917e-01 
 1.934685502293e-02 -2.322692644346e+00 -1.292074301592e-04 
 1.174233453491e+00 -2.293891584603e-02 -7.490674951769e-01 
-2.073650280400e-02  1.955349151334e+00 
-6.344621751072e-02 -2.213212823798e-02  3.243472815537e+00 
 4.784463361425e-02  6.838907030796e-03  2.382298485502e-04 
 2.077758051163e-01 -6.225804351581e-02  2.602300827569e+00 
 5.839590526415e-02 -6.057162989615e-02 -2.551533646398e+00 
-1.605412166347e-02  1.784187667975e-03  2.464734697992e-01 
 3.027985578957e-02 -3.765167131896e-02  1.801674337916e+00 
 1.275259923192e-01 -4.415408575426e-01 -1.128271574013e-02 
-6.326247017471e-01 -4.665275963789e-02 -5.202661673180e-01 
 7.645123830363e-02  6.988528195783e-02 
-1.091570921639e-02 -1.847201399054e-02  5.535748967718e-01 
-7.555931597997e-03  9.607932215512e-01  7.503850024409e-02 
 1.116584970711e-01 -1.122997104607e+00  8.941402179009e-02 
 8.734051438784e-03 -1.836509220001e-02 -2.454505205942e-01 
 3.703190518629e-03  2.691608460158e-01 -2.888248202690e-02 
-1.705860333690e-02 -6.698905517671e-02  3.115777406504e-01 
-8.981199676786e-02 -1.296750673095e-01 -1.926526541426e-02 
-6.112908805893e-02 -2.372064584055e-02 -4.086480009038e-02 
-7.390979199174e-02  7.616215869141e-03 
-1.158217640686e-02 -7.427948479629e-01 -9.141463080259e-01 
-7.074759328196e-02  5.917972854792e-02 -8.794553857499e-01 
 3.312712805703e-01 -1.091036822091e-01 -3.132759834686e-01 
-5.899084305162e-02 -9.087092217547e-02  1.022908601737e+00 
-6.255086101265e-02 -2.944986195961e-03  2.017275865330e-01 
 7.370952887712e-02  7.022153586165e-02 -2.022376395897e+00 
-2.171793826767e-01 -4.055506877928e-01 -2.079317484559e-01 
 7.140354610090e-01  1.722663493142e-01  2.325952407887e-01 
-7.682358053018e-02  9.240333028843e-02 
 1.640596757330e-02  4.040839018887e-01 -3.586183996728e-02 
-5.527683714278e-01  1.440903861615e-02  6.457055634639e-02 
 2.008722375244e+00 -1.688461968814e-02  3.061283903436e-01 
 6.062091612756e-03  7.415783334738e-03 -8.499759541130e-02 
-8.172988186750e-02 -1.614578648655e-02 -1.241263792690e-01 
 1.434571315539e-01  1.548522351928e-02  5.914225536169e-01 
-1.793762620059e-01 -9.445409854974e-01 -4.403767049086e-01 
-9.046842677900e-02  5.037289793710e-01 -3.239401409120e-01 
 5.957758234302e-01  9.021437940908e-01 
 4.439367500212e-02  9.481617620580e-01 -3.930376994325e+00 
 2.286642703715e-01  1.467970766105e-01 -3.659392834332e-01 
-1.097454279816e+00  3.851367088332e-02 -6.919887805690e-01 
-3.058205508910e-02  2.136380911500e-01  1.192364592527e+00 
-2.178647612677e-02  1.731609971994e-02  3.053935953528e-02 
 7.749866882966e-02 -4.330721758208e-02 -1.656606223059e+00 
 6.105084610807e-01  8.988324467565e-01  2.849455262810e-01 
 4.863188985871e-01  1.684343169935e-01  3.187081315279e-01 
 4.652842377903e-01 -3.452145408632e-01 
-3.819702711259e-03  8.804624218315e-03  1.193933576508e-01 
 6.973820191951e-03  2.969036794461e-01  3.697529361793e-02 
 4.624797930734e-03 -7.976970044373e-01  3.212990801381e-02 
 2.500533233285e-03  7.661973834147e-03 -8.131778336737e-02 
 2.871164752072e-02 -9.361926552133e-01 -6.894100069354e-03 
-5.630164241279e-02  1.331559402488e+00  9.984080344135e-02 
-1.050389308248e-02  5.176925226377e-04  2.651712558675e-02 
-3.752441329195e-02 -2.494593570020e-03 -4.441235498632e-02 
-1.823272927313e-02 -9.381949952902e-03 
 4.053488013114e-02  1.321769634993e-01 -1.882975745334e-01 
-2.362458818017e-01  1.957923499845e-02 -1.777047192999e-01 
 4.665634176876e-01 -2.948777302810e-02  4.966032613462e-02 
-6.428335179264e-02  3.647264958157e-01 -8.315505317536e-02 
-5.220562442802e-01 -1.455952102250e-02 -2.972543616647e-02 
 6.917110740138e-01  4.935791002016e-02  3.323541651492e-01 
 1.792153520186e-01 -3.697346208188e-01 -3.326920818257e-01 
-4.489885641115e-01 -1.088889655028e+00  1.233640970183e+00 
 9.648082132732e-02  2.859751934772e-01 
 6.343585483498e-02 -5.051476697172e-01  1.155590638900e+00 
 7.086739851868e-01  2.123107553055e-02 -1.787578323367e-01 
-1.913880346122e+00 -2.889539518228e-02  2.039587849110e-01 
-4.286717683207e-02 -6.118680478120e-03  2.903288676431e-01 
 2.992428016850e-01  7.854312868881e-04 -4.365257065094e-01 
 1.601675526358e-01  3.330811974025e-02  1.070309546190e+00 
-2.574126151765e-02  1.059510381313e+00 -7.944300813566e-01 
 1.048738103741e-01 -5.519129610954e-02 -5.764480864818e-01 
 5.310211227897e-01 -1.655783925636e+00 
 9.451915383678e-03  6.645123418188e-01 -1.159860915533e+00 
-4.959129723786e-01 -3.631133062029e-02 -5.098406395971e-01 
 1.897010637696e+00  7.503701373737e-02  6.834906418653e-01 
-2.496274727520e-02  1.581994135573e-01 -1.136633833207e-01 
 7.525424309740e-01  2.022062430357e-02 -2.882845536094e-01 
-1.863707837161e+00 -2.908097944909e-02  4.916769992598e-01 
-1.680064015685e-02 -3.700562687391e-01 -2.011267744792e-01 
 7.179674820497e-01 -2.871479723273e-01 -8.351636111125e-01 
-4.539624131485e-01  1.859546070749e+00 
 8.679346870608e-04  6.461271861645e-01 -5.430958068052e-01 
 3.044115421310e-01 -6.336575967868e-02 -5.523710779377e-01 
-1.411992629515e+00  7.855823939442e-02  9.477578011794e-01 
 2.091337441991e-02 -2.993757511846e-01  4.005837192026e-01 
-5.057421938979e-01 -1.186690355504e-02 -6.894956481462e-01 
 1.314240598726e+00  3.196286608827e-02  1.355308297863e+00 
-4.778873260009e-01  1.676600191445e+00  2.574068292555e-01 
-1.518215032441e+00  2.069372617206e-01 -1.476490168192e-01 
-4.191897359389e-01  1.213634807581e-01 
-5.819394556933e-02  1.152662363685e+00 -1.665674245951e+00 
 4.902584108274e-01 -6.982963139326e-02  2.167682032786e-01 
-1.230501519715e+00  7.154977360577e-02 -1.044041301039e-02 
 1.594655257527e-03  4.319334361744e-01 -6.879495473004e-01 
 2.838972022332e-02  2.671077102761e-03  6.606683316682e-01 
 4.391661635619e-01  7.551393170203e-03 -3.130168957243e-01 
-7.264992911272e-01  1.643674513917e+00 -6.044885458143e-01 
 5.688560569252e-01  1.459462352857e-02  3.030228779117e-01 
-1.964552278356e-01 -1.287785208944e-01 
 5.061595187173e-03 -5.438354047018e-01  3.575620910608e+00 
 1.338502985786e-01 -7.175804731070e-03 -1.653293025401e-01 
 1.520623527790e+00 -7.156468136046e-02  1.718134108273e+00 
 1.425475366832e-02  1.671657734116e+00 -4.996944652153e+00 
 3.106045988829e-02  1.533705301996e-02 -2.636875670098e-01 
-9.908426883369e-01 -7.917870454810e-02  1.040370310266e+00 
-6.122215877515e-01 -7.081578372295e-01  6.660801832596e-01 
 5.053003172363e-01  5.751541189316e-02  7.346436518344e-02 
 3.382370513694e-01  3.204160749111e-01 
 1.520518482294e-02 -2.949393338073e-01  2.317756521781e+00 
-2.277188259239e-01  1.511323111276e-02  6.712560278181e-02 
-2.394086520758e+00 -5.269333965098e-02  8.340515676425e-01 
-1.442187104294e-03  1.063126406198e+00 -2.622098259379e+00 
-1.608824228027e-01 -2.203745973630e-03 -1.338811819576e-01 
 1.981632584229e+00  7.086620391581e-03  1.177986709946e+00 
 7.669517031146e-01  5.899715189656e-01 -6.094086284710e-01 
-2.864982450703e-01  6.848017440241e-01  2.560678657657e-01 
-8.259575047877e-01 -9.027884758553e-01 
orbocc
(*)
 0.000000000000e+00  0.000000000000e+00  0.000000000000e+00 
 0.000000000000e+00  0.000000000000e+00  0.000000000000e+00 
 0.000000000000e+00  0.000000000000e+00  0.000000000000e+00 
 0.000000000000e+00  0.000000000000e+00  0.000000000000e+00 
 0.000000000000e+00  0.000000000000e+00  0.000000000000e+00 
 0.000000000000e+00  0.000000000000e+00  0.000000000000e+00 
 0.000000000000e+00  0.000000000000e+00  0.000000000000e+00 
 0.000000000000e+00  0.000000000000e+00  0.000000000000e+00 
 0.000000000000e+00  0.000000000000e+00 