2mocoef
header
1
MO-coefficients from MOLCAS
1
26   26
a
mocoef
(*)
 8.028723232116e-05 -7.960695650694e-04  7.862703945450e-03 
-4.969302997905e-05  1.306791469104e-05 -4.662536055632e-04 
-3.722180415095e-05 -1.264025449814e-04  3.878055981994e-03 
 9.959166340967e-01  2.460797365791e-02 -1.551314898962e-02 
-3.220911476785e-05  1.623941454293e-04 -9.172497386648e-04 
 2.973693306901e-04 -2.153134756474e-04  2.968454545576e-03 
-6.818326811411e-05 -2.476557143281e-04 -1.349318365201e-04 
 1.663959560919e-03  1.895381698317e-04  1.377206568142e-03 
-1.968584236102e-04 -2.563959094522e-04 
 9.959131671060e-01  2.507493144446e-02 -1.186131762865e-02 
-8.167655709205e-05 -2.819027073814e-04  1.529616869742e-03 
-6.681713843526e-04  4.261328081716e-04 -7.442747936511e-04 
-5.974781663079e-04 -4.571848169458e-04  2.003276881587e-03 
-1.129487098258e-04  9.576622729680e-05  5.551454010480e-04 
 2.589362878141e-04  2.185697096709e-05  5.603235341795e-04 
-2.327544984110e-04  3.368877965289e-03 -1.069678521565e-04 
-1.976058075412e-04  7.596486330684e-05  2.116690350822e-04 
-1.832121858046e-04  2.518321256241e-03 
-1.250957573678e-01  2.608656757262e-01  4.722786588298e-02 
 4.063764333482e-03 -9.610289700563e-03  1.352007412504e-01 
-6.864853640544e-03 -8.449121856966e-04 -3.688470399655e-02 
-1.891009838001e-01  4.006923806439e-01  3.864751519796e-01 
-7.824868146013e-03  1.126326430454e-02 -7.499230704083e-02 
-1.386670118339e-02  6.599265100796e-03 -1.307887415800e-02 
 6.347196237274e-02  1.349445404340e-02  1.051106955957e-01 
-1.146845286236e-02  9.219068583503e-02 -3.954603351943e-03 
 5.747697812054e-02  6.687005539044e-03 
 1.508348512907e-01 -3.252780570333e-01 -2.584334765164e-01 
-1.069704659986e-02  2.236735580513e-02  1.047685786095e-02 
 7.820232235786e-03  6.906193461639e-03  7.280212406378e-03 
-8.437473886016e-02  1.836788739828e-01  2.942420973590e-01 
 9.094343567379e-02  1.582309878436e-03  3.138559319679e-01 
 3.503196565542e-02 -2.293424834947e-03  1.139621927203e-01 
-1.441232972175e-01 -3.284912154975e-02  1.993287842385e-01 
 1.529610479322e-02  9.049696304505e-02  3.616789040964e-03 
-1.240788257805e-01 -1.829961830475e-02 
-3.435272718723e-02  7.561712327444e-02  1.220699748600e-01 
 2.976976836152e-01 -1.598243400584e-02 -1.421505528335e-01 
 6.282114341957e-02 -7.087092739701e-03 -1.455668705414e-02 
 1.841857336648e-02 -4.021423367505e-02 -7.982518382121e-02 
 3.846270185124e-01 -1.770287617575e-03  1.018623426344e-01 
 2.456465002127e-01  1.395975742235e-03  5.356932443208e-02 
 1.994256203861e-01  6.585757925364e-02  1.623794346866e-01 
 7.892121775367e-03 -1.399884049965e-01 -1.427935015852e-02 
-4.428935638059e-02 -1.866824084134e-02 
-3.608015626671e-02  6.477544910509e-02  2.260604843254e-01 
-9.319327402621e-02 -2.364397027229e-02 -4.167725886937e-01 
-2.533021628606e-02 -1.363750350720e-02 -4.858351076679e-02 
 3.456843125068e-02 -8.924009935239e-02 -7.844776013199e-02 
-1.350699426905e-01 -2.414130175651e-03  3.941104029025e-01 
-9.589802124059e-02  7.092882220334e-03  1.929053103311e-01 
 1.165540469920e-01  6.991782219894e-02  4.781988750548e-02 
 1.901596283104e-02  1.457845428635e-01  4.549555898442e-02 
 1.927862245697e-01  8.784608047882e-02 
-4.961016362066e-03  1.200809647206e-02 -2.675647650504e-03 
 2.290805606539e-02  2.243547132089e-01 -3.978484254432e-03 
 1.039271638639e-02  4.417776833424e-02 -6.666962903256e-03 
 6.527152424799e-03 -1.818741277433e-02 -9.810592389331e-03 
-1.593096662867e-02  5.848731490478e-01  8.105117692513e-03 
-1.286150557083e-02  4.430731883088e-01  2.976529603022e-03 
 1.369882955838e-02  1.443224627303e-02 -1.785005573679e-03 
-3.263491474401e-03  1.067516398783e-02  6.593922946975e-03 
-1.041032816944e-02  2.473539077847e-05 
-1.759568433839e-02  4.018095677753e-02  4.730667458127e-02 
-4.009073402641e-01  1.209407508392e-02  2.819578690355e-03 
-2.690395650871e-01  1.479923994301e-03 -2.239738842067e-03 
 3.559114873543e-03  1.089415261694e-03 -3.424726995680e-02 
 3.070766878521e-01  2.796541834955e-02 -2.995229638880e-02 
 2.635202462432e-01  1.945548846378e-02 -2.054392301996e-02 
-2.065632829505e-01 -5.239990986958e-02  1.549435698900e-01 
 4.724341069266e-02 -1.908930490052e-01 -8.372683301941e-02 
 2.362595471765e-01  6.631910268559e-02 
 1.726054822145e-02 -3.550484903590e-02 -9.704517273933e-02 
-5.464876893137e-03 -6.105394233296e-01  3.353021868159e-02 
-2.540211169464e-03 -6.138746716720e-01  2.353959194890e-02 
-3.809163330669e-04  2.064925636763e-03 -1.383116248904e-02 
-3.453717884625e-03  2.888926946340e-01 -1.230356047683e-02 
-5.141390134740e-03  4.512518934226e-01 -5.705466454209e-03 
 2.489036209832e-02  1.903395513730e-02  8.478605033871e-03 
 8.233753967329e-03  1.684202856552e-03 -5.734827738514e-04 
 2.226112613670e-02  2.684078153274e-02 
 3.536557068735e-02 -6.765946756709e-02 -6.787639130087e-01 
 6.344816243989e-02  1.660950767521e-02  1.207326120679e-01 
 1.369667265380e-01  7.792414401922e-02  3.952090472587e-01 
 8.258162053821e-02 -1.350733034577e-01 -1.259944567938e+00 
 1.565746413383e-01 -1.256966577802e-02 -1.367765133948e-01 
 3.420193406379e-01 -4.914559274072e-02 -4.244126287287e-01 
 8.289794386546e-03  2.486903255432e-01  8.848593577593e-03 
 4.894509961849e-01  1.142281331255e-01  1.290535385164e+00 
 5.576797693631e-02  7.548981817015e-01 
 8.740506993870e-03 -1.104981034166e-02  1.179206696307e-01 
 1.869470731667e-01 -4.791025076975e-04 -4.691513396346e-02 
 6.341423160603e-01 -3.618308536540e-02 -1.361319571587e-01 
-4.983855334828e-02  8.083762957786e-02  8.828973579899e-01 
 2.495843608658e-01  8.819104487574e-03  5.110353395678e-02 
 6.306639981656e-01  3.518203500809e-02  2.594287782819e-01 
-3.719363841355e-02 -9.867361234005e-01 -9.247155268141e-02 
-1.623522149995e+00  6.622221954130e-02  5.195963040718e-01 
 4.550861075547e-02  7.743928394785e-01 
 1.115898797863e-01 -1.885248492354e-01 -2.068515692299e+00 
 2.109190894756e-02  4.571550399828e-02  1.047775581925e-01 
-7.446574426661e-04  1.718922083493e-01  4.170759615390e-01 
-4.735337121362e-02  5.802358298380e-02  7.986619926858e-01 
-9.031284433417e-02 -1.184898449766e-03  8.980552003546e-02 
-2.179807442031e-01 -3.567269592630e-02  4.667952531163e-02 
 8.160711276535e-02  1.437521814546e+00 -2.543168824449e-02 
-3.142816787739e-01 -4.096149392746e-02 -7.619206564154e-01 
 7.016399471891e-02  1.352022876293e+00 
-5.064489302535e-03  2.449474969938e-02  1.868712108603e-01 
 3.074528626205e-01 -4.086122635160e-03  2.590483179636e-02 
 2.107243901711e+00 -3.122043918169e-02 -9.571552743659e-02 
 5.738736841780e-03  3.002544017669e-03 -2.433381111121e-01 
-1.904998773898e-01 -6.863626111371e-03 -4.591863078443e-02 
-1.068051929350e+00 -1.437135814030e-02 -1.437447659498e-01 
 1.826605473123e-02 -2.256315893712e+00  6.119236204475e-03 
 1.255586791161e+00 -2.760773393521e-02 -7.910022129055e-01 
-2.077538094440e-02  1.899008554968e+00 
-6.299942019030e-02 -2.168777294672e-02  3.223839794785e+00 
 4.797640101346e-02  7.110645140131e-03 -9.056966779259e-03 
 2.001225410777e-01 -6.321822750261e-02  2.599366261741e+00 
 5.720792492710e-02 -5.605653131516e-02 -2.529974136589e+00 
-1.701204492431e-02  4.867601205604e-04  2.527149417772e-01 
 2.977705316341e-02 -3.571146732736e-02  1.795853905706e+00 
 1.291974584476e-01 -4.304371409484e-01 -9.160770155934e-03 
-6.428253432364e-01 -4.302926521520e-02 -5.346259420438e-01 
 7.977541965314e-02  6.926847754966e-02 
-1.067249096815e-02  1.161290453075e-02  4.804957124875e-01 
-6.175838037583e-03  9.757399314158e-01  7.807563913418e-02 
 1.001044222207e-01 -1.132783282864e+00  7.634607063723e-02 
 9.128565496168e-03 -1.427278461274e-02 -2.328216386560e-01 
 3.338859389537e-03  2.530826325335e-01 -2.499776425610e-02 
-1.657250206409e-02 -3.938467164860e-02  2.934527260789e-01 
-7.701659079308e-02 -1.150899007208e-01 -1.275368401914e-02 
-5.538013420583e-02 -1.850023858034e-02 -3.636089411944e-02 
-6.177470778860e-02  6.299750262875e-03 
-1.022682890015e-02 -7.708041660778e-01 -8.229703588603e-01 
-7.014689875251e-02  6.533189400984e-02 -8.897932897915e-01 
 3.458593124796e-01 -1.136958941169e-01 -2.711270907349e-01 
-6.014924452821e-02 -9.179118000285e-02  9.993644313940e-01 
-6.133893402933e-02  1.751533037345e-03  1.677031992836e-01 
 5.869353350934e-02  6.543380775763e-02 -1.944263847071e+00 
-2.312435121707e-01 -3.999401535626e-01 -2.117162155292e-01 
 6.851194033108e-01  1.458803976141e-01  2.178803206953e-01 
-9.783449722979e-02  1.149840680040e-01 
 4.898091162791e-02  1.038850246446e+00 -3.685974501027e+00 
-4.147138432711e-02  1.227972712779e-01 -3.393405448022e-01 
-8.837058781230e-02  4.879552560228e-02 -4.997999196159e-01 
-2.891971529816e-02  1.904597666805e-01  1.117231908351e+00 
-5.837668008184e-02 -1.098478599468e-03 -3.022470909428e-02 
 1.257256355793e-01 -2.326958268953e-02 -1.289306765130e+00 
 4.617866984716e-01  4.135406053543e-01  4.943593333745e-02 
 4.119340579102e-01  3.464184945376e-01  1.639227116082e-01 
 6.641124352504e-01  1.300934831067e-01 
 5.964101403674e-03  4.537952435181e-02 -1.662489778401e+00 
 6.244468817239e-01  4.701293452226e-02 -2.202936895594e-01 
-2.419354445513e+00  3.765231439575e-02 -5.673958399030e-01 
-1.937685282014e-02  7.841035570343e-02  6.192730580019e-01 
 7.128909534583e-02  2.045260915989e-02  1.086974110459e-01 
-5.447325683041e-02 -3.012110959992e-02 -1.206985020875e+00 
 4.154640109336e-01  1.339289309070e+00  4.923728712337e-01 
 2.778798026524e-01 -3.675911846151e-01  4.039460305856e-01 
-3.278584681619e-01 -1.042313914454e+00 
-4.400929398563e-03  3.655756765605e-03  1.155695261051e-01 
 7.104288184247e-03  2.943314410068e-01  3.366031998348e-02 
 3.280837990011e-03 -7.554641491842e-01  2.291879689973e-02 
 2.157717486680e-03  3.372924926534e-03 -6.358345155942e-02 
 2.920104159561e-02 -9.567350000307e-01 -3.651495011316e-03 
-5.582952146248e-02  1.315450124617e+00  8.762734301715e-02 
-1.247025405620e-02 -8.586313938136e-04  2.419769321951e-02 
-3.527008288336e-02 -2.923770327692e-03 -4.413718688490e-02 
-1.988369591886e-02 -1.212550669583e-02 
 3.807855570258e-02  1.535378609257e-01 -1.889338107754e-01 
-2.873293159206e-01  1.699479359187e-02 -1.797290727597e-01 
 6.213197396499e-01 -2.508011574956e-02  8.713598416621e-02 
-6.213512920748e-02  3.617586851477e-01 -1.224512606360e-01 
-5.089003587820e-01 -1.503472731360e-02 -3.760225215264e-02 
 6.043671575674e-01  4.544084288043e-02  3.546384446083e-01 
 1.890376097321e-01 -4.469131889392e-01 -2.814549561611e-01 
-4.587477194873e-01 -1.106724547872e+00  1.213374237629e+00 
 3.395441556770e-02  4.323659608774e-01 
 6.339590039519e-02 -5.598241319153e-01  1.366903050743e+00 
 7.336866742981e-01  2.520381199322e-02 -1.192561431346e-01 
-2.030503269345e+00 -4.245053410051e-02  1.791529566138e-01 
-4.126239062825e-02  5.694326036695e-03  2.168177817501e-01 
 1.698298175759e-01 -1.898495761167e-03 -4.229779515529e-01 
 4.235338716966e-01  3.870148865852e-02  1.111159044003e+00 
-4.268308347526e-02  1.058933555452e+00 -7.806333391027e-01 
-3.858774555205e-02 -6.712326534071e-02 -4.219369679654e-01 
 5.981955109105e-01 -1.819282844191e+00 
 1.600562346256e-02  6.300111414336e-01 -9.467769034586e-01 
-3.736739772218e-01 -3.892853465984e-02 -5.425346259388e-01 
 1.529670312856e+00  7.743552869309e-02  8.006931865345e-01 
-2.453795204713e-02  1.211302915785e-01 -9.527695992508e-02 
 7.588703627476e-01  1.897242168308e-02 -4.035163333912e-01 
-1.741947052777e+00 -2.475467051216e-02  7.791098735538e-01 
-6.621571588726e-02 -1.071785618198e-01 -2.551556675001e-01 
 5.885979157588e-01 -2.437540553762e-01 -9.541555598401e-01 
-4.336159095636e-01  1.651398593064e+00 
-1.068340425785e-02  7.785362317337e-01 -6.680282966714e-01 
 3.936333602593e-01 -7.105144114611e-02 -4.458696361779e-01 
-1.655292914974e+00  8.362015698466e-02  8.981673842413e-01 
 2.527297477621e-02 -2.292009723153e-01  2.232217771713e-01 
-5.584790190776e-01 -1.355305455901e-02 -5.426522959356e-01 
 1.492955703682e+00  3.330648206659e-02  1.269440955941e+00 
-5.991985658441e-01  1.909424096691e+00  1.912033702695e-01 
-1.465285062796e+00  2.308145523322e-01 -2.778062954878e-02 
-4.205829617287e-01  7.277117133237e-03 
-5.618071842940e-02  1.038281943319e+00 -1.634692435510e+00 
 4.196286133977e-01 -6.049715306784e-02  2.769896283209e-01 
-9.094103947613e-01  6.249971281879e-02 -1.738871234882e-01 
-4.533442931330e-03  4.509020675445e-01 -6.498133380773e-01 
 1.173374390289e-01  3.765168865125e-03  7.645991783770e-01 
 1.759322324106e-01  3.069151163671e-03 -5.458457375312e-01 
-6.506441068945e-01  1.332116458034e+00 -6.539978313681e-01 
 8.139030584370e-01 -5.373675974904e-02  3.187815206286e-01 
-1.215934984759e-01 -9.478621448120e-02 
 3.795527420973e-03 -5.199005012285e-01  3.481246617860e+00 
 1.328500371343e-01 -6.257503434073e-03 -1.558203390858e-01 
 1.572594587430e+00 -7.194011808605e-02  1.683397587924e+00 
 1.418612329255e-02  1.659879707231e+00 -4.949543416456e+00 
 3.484963874362e-02  1.496326538943e-02 -2.471848000395e-01 
-1.035575229612e+00 -7.745029000800e-02  9.840791823495e-01 
-6.222722428518e-01 -7.202221480170e-01  6.847627334805e-01 
 5.266347285129e-01  4.453471478539e-02  8.117668478474e-02 
 3.508202602471e-01  3.472864655826e-01 
 1.453652059858e-02 -2.869963472329e-01  2.350440605166e+00 
-2.156021618231e-01  1.514654700777e-02  6.814990653793e-02 
-2.379667221013e+00 -5.392446760890e-02  8.597069992276e-01 
-1.635863963248e-03  1.100723385264e+00 -2.715766522079e+00 
-1.600323607018e-01 -2.807900017569e-03 -1.284703345806e-01 
 1.971805543001e+00  6.770666909124e-03  1.185979306911e+00 
 7.449580803046e-01  5.960963057910e-01 -6.108076070891e-01 
-2.644808537174e-01  6.907901154618e-01  2.603064842200e-01 
-8.159213559854e-01 -9.003567108646e-01 
orbocc
(*)
 0.000000000000e+00  0.000000000000e+00  0.000000000000e+00 
 0.000000000000e+00  0.000000000000e+00  0.000000000000e+00 
 0.000000000000e+00  0.000000000000e+00  0.000000000000e+00 
 0.000000000000e+00  0.000000000000e+00  0.000000000000e+00 
 0.000000000000e+00  0.000000000000e+00  0.000000000000e+00 
 0.000000000000e+00  0.000000000000e+00  0.000000000000e+00 
 0.000000000000e+00  0.000000000000e+00  0.000000000000e+00 
 0.000000000000e+00  0.000000000000e+00  0.000000000000e+00 
 0.000000000000e+00  0.000000000000e+00 