2mocoef
header
1
MO-coefficients from MOLCAS
1
48   48
a
mocoef
(*)
-1.303934007418e-05 -4.007446587928e-04  3.260650965566e-03 
-3.712975365708e-05 -1.010097456068e-05 -4.914497746894e-04 
 1.045634380751e-04  7.524342670188e-05  1.777968602003e-03 
 3.530151400230e-05 -1.361354039080e-05 -5.671740698373e-04 
 5.693732946336e-05  1.061976916916e-04  1.001387996717e+00 
 7.393826970022e-03 -7.833585838578e-03  6.244461917616e-04 
 1.175931500308e-04 -6.137189937101e-04 -3.894720171882e-04 
-5.061258454040e-05  2.210032102686e-03 -3.425054727212e-05 
 3.313543315050e-05  3.733134740897e-04  2.015744731936e-04 
 3.340548424638e-04 -4.081202827529e-04  1.712756590661e-04 
-7.126547412075e-05 -2.192323846780e-05 -6.583293504301e-05 
-1.013895226741e-03  8.376075357945e-04  7.677786138794e-04 
-2.874008601672e-05  1.588671690833e-04 -3.974905799882e-04 
 3.375374172966e-04 -5.276794359187e-04  7.982740108329e-05 
 1.799888973224e-04 -3.467818650829e-04  2.893707591942e-04 
 5.062764059916e-05 -2.008656679232e-06 -1.396132315303e-04 
 1.001655840791e+00  1.005068481340e-02 -5.895867103118e-03 
-9.710328994356e-05  9.067921583645e-04  2.132020549283e-03 
 6.058668384074e-05 -6.693979836343e-04  9.282532878446e-04 
 9.013568664395e-05 -4.276839139206e-05  5.983960327959e-04 
 2.730708276448e-04  6.841137628083e-04 -2.470997432921e-04 
 6.166145808390e-04 -3.689520000854e-03 -1.892729987757e-04 
-1.050386220493e-04  1.088533350495e-08 -3.623488506816e-04 
 1.554758077185e-04  2.708630473524e-03  2.340283220024e-05 
-1.693862586595e-05 -2.402429290631e-04  1.166528034288e-04 
-3.675057611582e-04 -7.664643922006e-04  2.036645911054e-03 
 1.548724860243e-04  1.097223314469e-04 -2.543580941926e-04 
 7.091006215239e-04 -5.259171110209e-04  2.636375393179e-05 
-3.164074157103e-05 -5.264044498359e-04 -1.156646062946e-04 
-2.828397792743e-04 -5.284705782417e-05 -2.535693793727e-05 
-4.140856445081e-04 -1.145512927440e-03  1.977427119799e-03 
-4.874841711749e-04  1.131030411278e-04 -4.092353864378e-04 
-1.801473164141e-02  4.105517338735e-01 -1.712439805591e-01 
 1.034262066497e-02  1.794347857524e-02  1.911404141491e-01 
 2.409101986502e-03 -5.858675175095e-03 -9.135624239952e-02 
-2.348526921139e-04  2.336543787046e-03  2.861760001471e-02 
 1.635568541584e-03 -2.187497627956e-03 -1.640917696180e-02 
 7.882006483867e-01 -1.783683653820e-01  3.725260597236e-02 
 6.240475816630e-03 -7.357733028731e-02 -3.547055395434e-02 
-1.305138448582e-03 -8.940542227936e-03 -7.232717680420e-06 
-1.314559203242e-04  1.267468598391e-02  1.513112048620e-03 
 3.395222906094e-03  1.293657437737e-01 -7.093044578235e-02 
-1.092489943853e-02 -2.437681274685e-03  8.278065815168e-03 
 3.242354329680e-01 -1.558883456371e-01 -3.018137753944e-02 
 1.501279003874e-03 -1.800393225670e-02  2.157760679906e-01 
-1.060005046018e-01  2.310229518014e-02 -3.006641244258e-03 
-1.640003203852e-02  9.655747787897e-02 -4.681361760950e-02 
 7.939664619466e-03 -2.089943891218e-04  8.634651240996e-03 
 1.519532991686e-02 -6.523054569830e-01  1.839038434045e-01 
-1.970712478011e-02 -5.140800875161e-02  1.543921184231e-03 
 2.788876127916e-02  1.409386239295e-02  2.497640717171e-02 
-6.281364510176e-04  9.106582375626e-05  7.064285784184e-04 
 7.216485170497e-03 -4.258985659400e-03 -3.052725306010e-03 
 2.795128650826e-01 -6.506011552842e-02  1.174321095730e-01 
 9.179350455593e-04  4.507915466862e-01 -4.963405299108e-02 
 1.316499378252e-03 -1.038596572465e-01 -3.798148733152e-04 
 1.359981131938e-03 -1.834061541158e-02  5.811351637428e-03 
 4.722617281939e-03 -3.349256923975e-01  1.494454624139e-01 
 2.219024253167e-02  3.974168125671e-03 -1.080145677860e-02 
 4.094548789964e-01 -1.887444615135e-01 -3.029593694548e-02 
 1.527231899559e-03 -8.201232695528e-03  2.387330438437e-01 
-1.123473536198e-01  2.524704553167e-02 -2.820011988627e-03 
-9.913950010656e-03 -2.656518243234e-01  1.363560317777e-01 
-2.183556542089e-02  2.912596084694e-04 -1.175874794349e-02 
-3.006750241643e-03  6.806656256583e-02  4.981911352001e-04 
 3.268406921080e-01  2.132109544812e-02 -1.110172362188e-01 
-7.777624490103e-02 -5.543946834441e-03  3.944833037421e-02 
 5.535854228634e-03 -2.130798378995e-03 -8.451069083658e-03 
 3.143550829616e-02  3.385608901642e-03 -1.677881535317e-03 
-1.080203786296e-01 -3.507232753791e-02  6.440970183651e-01 
-2.740286653152e-02  5.145822544768e-02 -1.244819811640e-01 
 5.899982350698e-03 -1.698582494457e-02  1.438311030781e-03 
-1.670426926002e-03 -5.572809927316e-03  3.932034290926e-03 
 4.386689582478e-03  3.017738337192e-01 -1.444140414553e-01 
-1.706477225189e-02 -5.665814017942e-03  5.880277335830e-03 
 4.676616330700e-01 -2.082585101122e-01 -1.878644792555e-02 
 7.558725279598e-04 -2.319831987439e-02 -4.088058644446e-01 
 1.750525676219e-01 -1.486217432853e-02  3.604402583409e-03 
 2.903906330375e-02 -1.089622583388e-01  5.884551268433e-02 
-6.134607106630e-03  1.933167899862e-03 -5.508141607271e-03 
-7.888294289967e-03  1.517552699784e-01  6.940765507017e-02 
-2.176760565611e-01  3.150811326139e-02 -5.900921763018e-01 
 3.601912978308e-02 -4.792079298937e-03  1.822711524498e-01 
-1.825855367240e-03 -4.790475774471e-03 -3.512613437229e-02 
 5.462205535950e-03  8.541949405684e-03 -1.694575668900e-03 
-1.451467126449e-01  1.709431985384e-02  9.604009635224e-03 
 6.528813806726e-03  5.313861911641e-01 -4.271544359668e-03 
-6.771830600448e-03 -1.081846470702e-01 -8.231903653070e-04 
-1.028326092908e-03 -1.395609788068e-02  9.767127591063e-03 
 6.138719491783e-03  1.419276728979e-01 -5.881628963776e-02 
-1.308965548234e-02 -1.105609739686e-03 -5.423854316066e-03 
 2.052581132606e-01 -6.923796517870e-02 -1.221412333869e-02 
 7.508590845747e-04  8.644210892865e-03  1.955576809779e-01 
-8.548963605280e-02  1.811301290875e-02 -2.386123189000e-03 
-1.426016153248e-03  5.338535600633e-01 -2.161072712717e-01 
 2.713717995352e-02 -1.634338096763e-03  1.105331612929e-02 
-1.101761084629e-03 -6.236494954818e-02 -5.611214570129e-03 
-4.257095513563e-02  4.717336636738e-01  2.960934080357e-02 
-3.912123848598e-03 -8.285382334050e-02 -2.145385600965e-04 
-5.670560997781e-04  3.762445342398e-02 -1.471849540361e-03 
 3.552843879620e-03 -3.003649912779e-03 -4.784711216915e-04 
-7.119869459623e-03 -8.257165727766e-04  5.681398222278e-02 
 7.797171639485e-01 -3.044962856014e-02  4.461303456865e-03 
-1.445929116758e-02 -3.551474302265e-03  1.866786728158e-03 
-1.805381743563e-02 -3.498175233363e-04  2.136425360704e-03 
-6.087647123164e-04 -1.126985057221e-02  2.697189695017e-03 
-2.875355156633e-03  1.145127627563e-02 -3.921432357768e-05 
 1.178249780954e-02 -1.349683703224e-03  1.143753161564e-03 
 2.294720876421e-02 -8.754822918652e-04  5.642086048846e-03 
-8.147769692095e-03  3.512104029165e-03  1.893906535707e-02 
-2.293575550984e-03  2.429014164945e-02 -7.866162467071e-03 
 8.899287086823e-04  1.193255053779e-02  1.309872476434e-03 
 4.751189694838e-03  4.822779818224e-03  5.022569110981e-03 
-5.788746830908e-01 -5.271250458034e-02  1.643622028562e-01 
 1.340990708431e-01  2.129911679125e-02 -5.286385894943e-02 
-8.658742743906e-03  1.252391582369e-03  1.607631959357e-02 
 2.680124662104e-02 -1.635842829864e-03  1.519806153322e-03 
 3.744782040422e-02 -5.120985157564e-02  3.454029799893e-01 
-3.513309063504e-02 -2.102485595867e-01 -6.267023864913e-02 
 1.318800938045e-02  4.323445317571e-02  1.038618108191e-03 
 9.274935698045e-05  1.916995336652e-03  2.851615766488e-02 
 2.068869567324e-04 -5.947578298050e-01  2.216083454139e-01 
 2.012237795239e-02  6.451567410371e-03 -1.599881126784e-02 
 2.598485820640e-01 -8.612271951012e-02 -2.777664771497e-03 
-5.558873414950e-04 -1.348111629051e-02 -4.096866994890e-01 
 1.357721020559e-01 -1.385480143870e-02  3.002921623934e-03 
 1.677850669569e-02  4.066420444473e-01 -1.447086557980e-01 
 6.608255035885e-03 -2.296268069993e-03  1.732115066705e-02 
 5.213616069280e-03  1.298183883761e-01  4.156694218798e-02 
 5.616968029131e-02 -8.756069404745e-01 -5.575657448506e-02 
 6.389296885697e-03 -9.065044959164e-02  1.100596336989e-03 
 3.648568972455e-05  2.342522575625e-02 -2.658039698373e-03 
 5.107719323240e-03 -3.073647537992e-03 -1.661281001932e-03 
-4.312418194334e-02 -9.710992167445e-03  3.866919170729e-02 
 5.671608558000e-01 -4.124480284578e-03  1.095602556565e-02 
 1.457655452713e-01 -3.303492524396e-03  9.475229471632e-04 
 2.930114497015e-02 -2.494502460896e-04 -4.997152746664e-03 
-6.915967438917e-04 -9.941390973959e-02  2.709610721633e-02 
 6.541245034940e-03 -2.604678948052e-02 -3.915280740583e-03 
-2.294513163488e-02  1.073188835451e-03  9.477240633913e-04 
 1.865680789413e-02 -8.414185713861e-05  6.337764596915e-02 
-1.214118226788e-03  2.635401228905e-03  1.836678121146e-02 
-6.806210343187e-04 -4.369713780850e-02  6.773180331908e-03 
-1.001386868298e-03 -2.593133463173e-02 -3.573525303378e-03 
 1.267324599694e-02 -4.670303472002e-02 -6.468505986964e-01 
 5.218310717992e-02 -3.287077808802e-03  1.693646211871e-01 
 6.767746944849e-02 -1.546915617212e-02  1.349300923965e-01 
-2.541899897111e-03  1.205074400682e-03 -6.865436464152e-03 
 1.140629496083e-02 -1.424390667752e-03  2.723863870980e-02 
-2.587383459658e-01 -9.241296928815e-01  1.439412284421e-01 
-3.862335705367e-02 -2.101936667089e-01  1.195395796070e-01 
-2.953775146077e-02 -3.344256354409e-01  5.976079825730e-04 
 4.849428929603e-06 -3.296341719347e-03 -1.222347238392e-02 
-3.995250363505e-03 -2.553043135063e-02  1.993224115139e-01 
 2.865224396235e-03  4.301463744335e-04  9.566096893936e-03 
 5.991889000943e-02  4.758967277984e-01 -1.037067934279e-02 
-4.112733497967e-04 -3.960622907656e-03  2.408716053545e-01 
 1.054758948855e+00  6.835168258346e-03 -1.342225699655e-03 
-1.106211163311e-03  7.065941466101e-02  5.126347046441e-01 
-3.362383845414e-03  1.592975277943e-03  9.616277108287e-03 
-1.071875381340e-02  7.964867874053e-02  6.116867123500e-01 
 2.545111035034e-01  4.047964974347e-02 -3.056023387086e-02 
 5.442894189214e-01  1.144398886874e-01 -8.942506968172e-02 
 4.574150821622e-03 -1.935598450906e-03  4.094382394606e-03 
 2.102145756643e-02  7.042320383506e-03 -7.478903186569e-03 
 5.010908251122e-02  3.188589128082e-01  3.295728501464e-01 
-3.397059589198e-02  5.957981829881e-03  3.099423394590e-01 
-6.104749457620e-02  1.025259367267e-01 -3.567899597775e-03 
 3.745413555499e-04  6.330187738869e-03 -2.083558665241e-02 
 6.303336990292e-03 -9.281156729981e-02 -1.251585703348e+00 
 3.838318161010e-03  1.010023672827e-03 -6.216798311292e-03 
-1.304871992945e-01 -1.232360510019e+00  6.479820546607e-03 
-1.836568664515e-03  1.849382501069e-03  1.777130753510e-01 
 6.661355410139e-01 -5.257153753238e-03  2.036883701287e-03 
 7.499815640315e-03  9.272024077960e-02  4.672344536683e-01 
 5.646752979137e-04  1.920871630848e-03 -3.673910683915e-03 
 3.210254406907e-02 -3.127549323584e-01 -1.508751611465e+00 
 1.428960371360e-01 -7.093258511747e-02  1.433176087197e-01 
 2.630274415215e-01 -1.259325493308e-01  4.858523369665e-01 
 2.691051706840e-04  3.831096988390e-03  9.898606988236e-03 
 3.445171516427e-03 -9.139253698328e-03 -1.273376499256e-02 
 1.348150907427e-01  4.266889805981e-01 -2.598895512987e-03 
 1.844395263058e-02  4.550805647728e-02 -4.055700931278e-02 
 3.972575227811e-02  7.512127445359e-02  1.363679749595e-04 
 3.694221458671e-03 -1.031355495001e-02 -9.212152962204e-03 
 7.681355085394e-03  7.530127561181e-02  8.779875095610e-01 
-8.579404099699e-03 -4.496426388608e-03  2.840592886228e-03 
-6.324047561388e-02 -5.609959339207e-01  1.123043333691e-02 
 1.398884590344e-04 -9.367800875101e-03 -4.917377560797e-02 
-3.604644152354e-01 -1.246867711300e-02  8.406350593303e-04 
-7.584307254014e-03  1.159630933439e-01  1.624238279765e+00 
 5.635975024245e-03 -1.588297671993e-03  2.081639604458e-03 
-6.468533933018e-03  2.892215806459e-02  5.201148110901e-01 
 3.550013124074e-01  5.286982058827e-02  7.176659491451e-04 
 1.222381178126e+00  9.815177455622e-02  4.016930410747e-02 
 6.101013851256e-03  1.544136599579e-03 -1.251420319547e-03 
 6.858194110515e-03  8.781267532747e-03  8.713562627211e-03 
-1.321336403346e-02 -3.585324468606e-01 -2.700130658531e-01 
 2.605461057739e-02 -1.247366603853e-02 -6.345691527489e-01 
 1.220751187877e-02  4.206991666312e-02 -4.217114262614e-03 
-1.169612760776e-03  4.251638999766e-03 -2.455680235462e-02 
-1.149061571368e-02  2.255450449484e-02 -2.146492413499e+00 
 6.350439098236e-03 -1.638165024115e-03 -3.164865822394e-03 
 1.173165015670e-02  1.299924095075e+00 -1.851672370668e-02 
-2.356772323181e-03 -1.333332326338e-02 -3.290053597111e-02 
-8.436526107969e-01 -1.201318589644e-03  2.586534837085e-03 
 1.226215491478e-02  2.118098263800e-02  1.418574922878e+00 
-4.884006172864e-03  3.291270836434e-03  4.733132325446e-04 
 6.216440842459e-02  1.016863533394e-01 -2.293760204441e+00 
-1.349882544643e-02  2.051476094519e-02 -2.490127585734e-02 
 1.195760496931e-01  6.507849752996e-03 -2.483947997320e+00 
-8.753015198366e-03 -4.932330521120e-03 -1.577580718451e-02 
-6.624027342040e-03 -4.247462684140e-02 -5.369928219869e-02 
 4.276291109570e-02  2.071363490609e+00 -3.604476057916e-02 
-1.020719839382e-02 -3.374568623044e-01 -4.578965707792e-02 
-4.828849023889e-02 -1.200660211522e+00 -3.477654374997e-03 
-1.054472425271e-03  3.957748074069e-02 -8.481414579821e-03 
 9.087476976309e-03 -2.187079362900e-01 -5.955161967099e-02 
-1.627444516851e-02 -4.539612478609e-03  3.029105915014e-03 
-5.159358777580e-02  7.658816059865e-01 -6.687618416871e-03 
 3.998259322609e-04  2.588763534746e-02  5.104083266232e-02 
 4.247599439713e-01  6.795004431604e-03  6.819230288855e-04 
 3.125607583208e-02 -7.146475632302e-02 -1.426002672237e-01 
 2.905672937391e-02  1.157795141296e-04 -8.741270431019e-03 
-6.172773617544e-02 -2.481975892086e-01  5.766787848046e-02 
 1.433722589375e-01  4.179516103777e-02 -2.416334435061e-01 
-5.898053083608e-01 -1.058872000872e-01 -7.263382436012e-02 
 2.745186823678e-02  1.386849786981e-02  1.214704672354e-02 
-1.845702358785e-01 -5.670602872598e-02  7.369497180719e-04 
 8.722001664160e-02  3.159619777019e-02 -1.063504485728e-01 
 4.617006487339e-02  9.506607453091e-02  7.300070931414e-02 
-4.616135460889e-03 -3.026894834860e-01  1.367834445033e-02 
-1.401076493767e-02 -4.116300781958e-02  1.099113128293e-01 
-1.965745202937e-02  4.623406938975e-01 -3.317981505160e-01 
-6.158805050058e-03  7.564507259126e-03 -6.006523835369e-02 
 5.436283847982e-01 -5.066937328546e-01  5.708086421412e-03 
 7.330910816432e-03  9.014202477383e-02 -1.209763533516e+00 
 1.330207128015e+00  4.908164543101e-02 -9.055265864643e-03 
-1.086528960311e-01 -1.091037680879e+00  7.826309147110e-01 
 5.103191706837e-02 -1.068063611737e-02  5.160387911300e-02 
 4.091202746383e-02  4.185836170843e-02 -7.005747249070e-01 
-4.287443443861e-02  1.255069499963e+00  3.684078728573e-02 
-1.339722937855e-01 -1.765670722611e+00 -1.260973417143e-01 
 1.018417225439e-02  5.265755740575e-02 -7.330599318897e-03 
 8.113786594389e-03  8.229736281216e-02  4.355329417495e-03 
 4.954685677469e-02  1.818051547389e-01  2.410143359926e-02 
 2.044438799059e-01 -4.184637421517e-02 -2.465953708352e-02 
 2.010530714568e-02 -2.122764529980e-01  5.080097951815e-03 
-6.130486914430e-02  5.524986474880e-03  6.790107160519e-03 
 1.791496707949e-02  5.176467418398e-01 -7.152949376355e-02 
 1.233961624361e-02  4.984155016738e-02  9.283546668145e-03 
 1.391761429780e-01 -7.678212146590e-02  6.703397854011e-03 
-1.458593613572e-02 -2.236610009704e-03  2.189703281240e-02 
 1.051338822479e-01 -4.544873351255e-03 -2.494227322451e-02 
-1.507136661544e-03  4.196613845832e-01 -3.687498580540e-01 
-3.032915879553e-02  1.659120417619e-02  9.876121175750e-03 
-1.654620688821e-01 -4.346203395622e-01  1.663801742497e+00 
-2.268374146524e-01  5.002012794615e-01 -1.225133343620e-02 
 7.410515509092e-01 -4.507800374647e-01  4.234585654589e-01 
-5.440522755174e-02  4.067365901266e-02  9.517443183133e-03 
 2.762744780075e-02 -2.598280684756e-01 -3.718751957218e-02 
-2.594672516866e-01 -3.062633454109e-01  1.198876100673e-01 
 3.458284458045e-02  1.398230121112e-01 -1.552468941622e-01 
-3.404518075585e-02  5.060045968867e-01 -7.527033521908e-03 
-2.801885490183e-02 -5.198839310180e-04 -3.794533574276e-02 
-4.005514889472e-02 -1.289896256980e+00  5.919852547168e-01 
-1.258026329620e-01  9.203346237321e-03  2.898221847427e-02 
-3.658596021134e-01  4.002278411726e-02 -2.525587954904e-02 
-2.009313158406e-02 -4.232884774009e-02  1.086843957893e-01 
-3.623672314023e-01 -1.287615320056e-02 -7.213931417264e-03 
 4.798404383736e-02 -9.882211124441e-01  1.108485906934e+00 
 1.151601266250e-01  3.218840098792e-02  2.254823037992e-02 
 2.043783580375e-01  1.049029982432e+00 -2.892871864009e-01 
-4.946155498045e-02  1.113155610292e-02  1.164965204023e+00 
-3.465975621756e-01 -3.356468192720e-02 -8.108658411429e-01 
 4.032360941500e-02 -8.521345128502e-03 -1.440914560860e-01 
-9.346296051379e-02 -5.227876429417e-04  2.237536218827e-03 
-2.676400077012e-01  1.531473432880e-01  4.388056355384e-02 
 7.498715676950e-03  5.116955844714e-02  1.465283776680e-01 
 2.573298493954e-02  9.410389802920e-01  7.829287403155e-04 
 9.329434702376e-03  1.479276684418e-01  1.360565024336e-02 
 2.716026163062e-02  2.488688807215e-01 -1.363653110196e-02 
 6.428176117589e-02  2.686476233422e-02  1.514963929364e-02 
-5.293370887059e-02 -2.170706650160e-01 -2.131262595071e-02 
 1.151677204189e-02  1.578505440661e-01 -8.775165552766e-03 
-2.869286844272e-01  4.466892923482e-02  1.057626316651e-03 
 1.615784296230e-01 -4.185151092006e-01  2.411473118294e-01 
-3.434380269655e-02 -9.096638361872e-03  5.618707638778e-02 
-2.774102991599e-02 -2.351320208663e-01  6.383987568741e-01 
 1.882835335882e-01  1.388942660822e-02  1.480372317680e-01 
-2.940061169887e-01 -1.678906501231e-02 -4.791405676807e-02 
-8.975917888998e-03  8.672808234852e-03  3.723771594579e-02 
 7.707684136692e-02 -1.116655715897e-02  4.313452357211e-02 
 4.577355878541e-01 -4.582770882224e-01 -1.930705948753e-01 
 5.753149317571e-02  1.583766130733e-01  5.051602751243e-01 
-6.068120172586e-02  3.508233260389e-01  2.921885488668e-02 
-1.641449869644e-02 -1.177740691341e-02  2.776283509991e-04 
-1.691121380429e-01 -1.326375893262e-01  2.128274584626e-01 
 1.090217945949e-02 -5.497231173339e-03  3.205875828341e-02 
-1.408499143475e+00  8.304415958939e-01 -2.116340200806e-01 
 1.912190935869e-02  3.128357109544e-03 -1.295824058221e+00 
 1.321496690563e+00  2.271979540005e-01 -2.442114949712e-02 
-2.942309930606e-02  5.795633233392e-01 -8.263600287170e-01 
-6.069943578796e-02  6.110114439151e-03 -6.659372789084e-02 
 6.464080314369e-02  2.673550579939e-01 -2.435761234115e-01 
-1.167333097386e+00 -3.949172029641e-02 -4.349924997939e-02 
 3.260404159190e+00  1.371107000956e-01  2.515693848257e-01 
 4.872732128621e-03 -2.155305083467e-02 -4.394589122365e-02 
-2.345154082871e-01  6.208210157678e-02  2.799558103343e-02 
 1.378799616817e-01 -1.476417186285e-01 -2.891059229849e-01 
-5.999485108548e-02  9.798248005879e-02  3.906779385645e-02 
 7.406663553401e-02 -1.388884397597e-01 -8.540039773443e-03 
-3.699592349213e-04  1.860015206472e-03  9.099849795653e-02 
-3.025855859089e-03 -1.089483799466e-01 -1.695264092042e+00 
 1.920382033260e-01  1.487880251344e-02 -6.203181000906e-02 
 1.448845469716e-01 -5.411242010094e-01  4.185932773597e-02 
-1.397775905327e-02  3.792251877537e-02 -3.892283805194e-01 
 7.718417137251e-01  8.179475204743e-02  2.732885353436e-03 
-1.647072622789e-02  3.360312727320e-01  1.535020220002e+00 
 1.513513434055e-01  9.822506937333e-03  9.466641144858e-02 
-6.012979885440e-02 -2.616181614229e-01  2.793612738086e-01 
 1.040124311495e-01  2.440767882996e-01  4.313685073078e-02 
-3.142195147402e-01 -7.674897587409e-01 -1.790962180337e-01 
-1.429807076000e-03 -1.810611578969e-01 -1.755266215561e-02 
-7.173301323006e-03  1.910699439587e-03 -9.362032342679e-03 
-3.212952610729e-02  1.468696669013e-01 -1.147798090458e-01 
-1.343085161653e+00  9.878337854289e-02  2.108949490933e-01 
 1.957778408251e+00 -1.791906121853e-01 -2.615883181449e-03 
 2.994928960680e-02 -9.446164792413e-04 -1.647883720481e-03 
-2.605464153505e-03 -3.131571652490e-02  1.053005260517e-01 
 7.757821879792e-03  1.309991647009e-02  3.690411298557e-02 
-2.871999639377e-02  2.579545490842e-02 -4.696275410384e-03 
-6.265855089139e-02  1.111271359532e-02 -1.313214917183e-02 
 2.414725265894e-02  3.948321771867e-03  6.421797660207e-02 
-4.019047765860e-03 -5.850130302414e-03 -2.412256440424e-01 
-2.501555722005e-02 -2.037281918456e-02 -7.648011103736e-03 
-1.915972242189e-01 -7.500336669630e-01  1.426980734632e+00 
 4.122848320370e-01  3.375903285499e-02  3.431804680837e-01 
-4.269890138233e-01  6.162030399276e-02 -4.792387757014e-01 
-1.634573689682e-01  3.793996948967e-02 -1.058599986316e-01 
 4.638491177239e-02  1.103141048686e-02 -2.022130335564e-02 
-2.635933909389e-01  3.306551756809e-01 -8.252949323091e-01 
 1.224873667718e-01  1.653819607542e-01  1.199946200952e+00 
-2.184285108296e-01 -1.643128174045e-01 -2.113112602937e-02 
-2.412857367154e-02  1.133964139761e-03  1.363862603565e-01 
 9.396429739838e-02 -7.804574609723e-01  6.014896344147e-01 
-2.336707590904e-02 -4.983323450859e-02  1.009572632867e-01 
 6.978070412454e-01 -1.400314094325e+00  2.746032812788e-01 
-2.882976855576e-02  1.842429816793e-01 -1.369402904078e-01 
 7.976243532715e-01  4.585148505022e-02 -2.945702146994e-02 
-1.742835776416e-01  5.111937726190e-01 -1.085709257148e+00 
-8.751958639469e-02  7.174868091821e-02 -1.151439472372e-01 
 6.095976567940e-01  2.885742002564e+00 -5.909958365072e+00 
 1.579830341757e-01  5.865619682337e-02 -3.847153439229e-01 
-5.808184518157e-01 -2.795223754665e-01  3.685408965147e-01 
-4.306766973158e-02  4.028419060709e-02  1.507849425585e-03 
 1.906409791634e-02 -1.435148209687e-01  7.194043745149e-02 
 3.450096364127e-01  1.342257664867e-01 -2.648056341754e-01 
-5.679107150661e-02  3.859521056305e-01  5.433105969531e-01 
 4.544263768083e-02 -1.189025013778e+00  1.209309036968e-02 
-7.653204401205e-03  7.254778321431e-02  4.920664791062e-03 
 1.684230924289e-02 -9.275035173550e-02  1.708392690704e+00 
-2.217982865657e-01 -7.043092609017e-02  1.577381578867e-01 
 1.059750874848e-01 -2.237550380119e-02 -5.182175048325e-02 
 9.916592190648e-03  8.079673784481e-02  1.566324583594e-01 
 4.214212096007e-01  1.280450987671e-01 -3.796985059482e-02 
-5.011358931232e-02  1.166573292119e-01  7.301313935420e-01 
 1.687938995883e-01 -3.472059228761e-02  9.530704385091e-02 
 1.745494873276e-01  5.798680532990e-01  6.202044561889e-01 
 2.713191505339e-02  6.004592109078e-02 -3.974944204743e-01 
-2.843309751873e-01 -1.737281143509e-01  1.942242126731e+00 
 8.342699896140e-02 -1.770800665739e-03  3.543550147278e-01 
-5.160803915598e-02 -9.899097783021e-02 -4.017113740217e-02 
-2.040767516937e-01 -3.432970518847e-01 -3.399064218264e-01 
-7.466565836415e-02 -1.022709581075e+00  8.546340896748e-01 
 1.551130288971e-01  2.695086577157e+00  1.825963616424e-02 
-1.332245177361e-03 -9.123506277943e-02  5.483399836632e-02 
 2.795612205905e-02  2.460356639203e-02  7.374529548890e-01 
-6.081348318591e-02  2.468477718778e-02 -2.482266080404e-02 
-4.222000567337e-01 -1.090037119300e+00  2.227620197299e-01 
 1.782476499283e-02  1.296182914033e-01 -2.614446466981e-01 
-2.745091756537e-01 -5.690200456160e-02  8.310535837606e-03 
 1.010200792701e-01  9.874794992999e-02  3.291372315785e-01 
 7.747126710167e-02 -5.269247239936e-02 -6.666829343699e-02 
 1.187303341084e-01  4.839413774100e-01 -8.095832375205e-02 
 1.052466869422e-01  5.109060847403e-02  6.673598452481e-04 
 4.755691767672e-01 -9.810276993531e-02  6.064071056694e-01 
-5.317693579426e-01 -1.849670264406e-02  1.102409096554e-01 
-1.418422964986e-02  6.273626986269e-02  2.584420802664e-02 
 1.036133279149e-01 -6.210062456800e-01  3.994732488887e-01 
-4.626219002698e-02 -2.708103407870e-01 -1.190593021988e+00 
 1.720439633356e-01  8.571959983757e-01 -1.096789065783e-01 
 9.950435556967e-03  4.567516929329e-03  7.610834875258e-03 
-1.574943144600e-02 -1.498888169842e-01  1.745376240701e-01 
-5.685622853042e-02 -2.654949968917e-01 -9.666810660011e-02 
 3.655185767564e-01 -2.940742098783e-02 -8.957038215647e-02 
-9.140318513214e-02  6.236863282494e-03 -5.497714387882e-01 
-1.726409479386e-01 -6.034914354355e-02  1.026837295754e-01 
 6.951861626080e-02  2.761419030232e-01  1.651040032354e-01 
-5.403807834704e-02  2.562204357408e-01  6.174596830007e-02 
 2.049563542003e-03  2.372995269475e-02  4.146139948290e-01 
-2.416659036245e-02 -1.278949063181e-01  3.404963257074e-02 
 8.008472488060e-01  2.657269938538e-01  5.047230250030e-02 
 4.540336624087e-02  5.644418426840e-01  1.122715420099e-02 
 7.097597534775e-02  8.497247486044e-02 -4.909702008288e-02 
-2.229215264788e-01  1.730160852448e-01  2.351272396564e-01 
-3.931064278426e-01 -8.331824050348e-02 -9.693102613184e-01 
 3.873882871621e-01  4.155059196105e-01  8.834870364774e-02 
-1.918841881478e-01  7.369955727788e-03 -5.206961866431e-03 
 3.723982148275e-02 -3.478607357885e-01 -2.115680210989e-01 
 3.592810735432e-02 -1.451181000835e-01  8.658261375844e-02 
 3.125025653082e-01 -5.412007015447e-02 -2.853420969849e-02 
-6.787216749596e-02  3.058370765880e-03 -5.672273178249e-01 
 1.246353678453e-02 -1.421385625561e-01 -3.919253671041e-01 
 3.123814527887e-02  1.584568438969e-01  1.784968643780e-01 
-2.673613817751e-02 -2.040719977794e-01 -1.606670476447e-03 
 2.188128741690e-02  1.147257946916e-01  5.224806345366e-02 
-4.753488849845e-03  6.072548865851e-02  6.935029157739e-02 
 7.669902676575e-01 -1.489330220640e-01  7.290374032102e-02 
 3.416788847450e-02 -2.898734384997e-01  3.745158747875e-03 
 5.729112755125e-02 -1.307000965273e-02 -2.588223566755e-02 
-1.409107540675e-01  2.935096655935e-02  1.881924652291e-01 
-6.449700680691e-02  5.017006433618e-03 -8.679367256223e-01 
 1.480945059449e-01  1.339646226106e-01  2.660961487536e-01 
 6.070256127688e-02  6.601023322036e-03  1.482372987357e-02 
 3.995260224667e-02 -3.071805839115e-01 -1.509216539207e-01 
-2.293791346312e-02 -2.916228974134e-02  1.100543714036e-02 
 3.972545508807e-01 -8.579445041706e-02  8.812774926651e-03 
 6.006830852364e-01  2.145940771465e-03 -4.392035255939e-01 
 6.544939346837e-02 -9.734628838425e-02 -3.837719249053e-01 
 1.929115321087e-02  2.920734014232e-01  1.399435874816e-01 
 2.523636024774e-02  2.077627385800e-01 -5.693799254050e-02 
-1.554984653283e-01 -6.868571768613e-01  1.283100531623e+00 
 4.841759594692e-02  2.308005584589e-02 -1.037419636029e-01 
-1.585711850529e+00 -5.970427004088e-03  7.851093550238e-02 
-1.644508869865e-01  1.182513201980e-01  9.849462268499e-02 
-2.451657320344e-01  1.365157826421e-01  2.328256191343e-01 
 1.050459717444e+00 -1.765475936193e+00 -4.844101745244e-01 
-9.068341830659e-02 -1.728679739142e-02  1.909990441505e+00 
 9.157024289422e-03 -1.271578834926e-01  6.397618263987e-02 
-4.384001871214e-02  3.951850864337e-04 -8.613581809842e-02 
 4.508191299559e-02  2.832745600357e-01  2.955871500830e-01 
 3.670925588733e-02 -1.587149014531e-01 -1.213424755585e-01 
-6.215483090301e-01  1.635480273466e-01  5.801166604425e-02 
 1.253691626540e-01 -1.950544518365e-01  1.145822928020e+00 
-1.747177214354e-01  2.603503440771e-01 -2.962863709285e-01 
 1.218110163111e-01 -7.660732144817e-01 -3.054862262680e-01 
-1.123653413314e-01  9.824011504711e-02  2.521895096849e-01 
-8.413077859249e-02 -3.665602171023e-01  3.191167497519e+00 
-5.653827258546e-04 -2.238191148696e-02  3.420379548870e-01 
 7.335821985659e-01  5.403848978809e-02  1.542077490528e+00 
 5.911793644859e-02  9.916839937430e-03  4.380285450010e-01 
 5.256654930021e-02 -1.918299465881e-01  6.861351109290e-01 
 2.828529422379e+00 -6.754685703525e+00  1.402267823095e-02 
-1.329089254705e-02 -9.408851746782e-02 -7.112128012364e-01 
 8.131119162645e-02  9.372038723053e-01 -2.118226747085e-02 
-4.947245847539e-03  4.595416129941e-02  3.755002400816e-02 
 7.521971093307e-02 -2.198711384930e-01 -3.708193894335e-01 
 9.354684404171e-03  1.371681550271e-01 -3.684350846181e-02 
 1.372502562164e+00 -3.386656490653e-01 -2.546038597413e-01 
-4.869292440998e-02  1.633509748308e-02  4.480482433020e-01 
-1.360474748086e-01  1.346247246168e-01 -3.773888854361e-02 
-1.460020160822e-01  2.829561723702e-01  5.008092412386e-02 
-3.370442900701e-02 -2.995999826658e-02 -1.424094599279e-01 
-1.204931934775e-01 -4.866733271185e-01  1.427460869296e+00 
 5.322387458724e-03  5.933711173539e-02  5.593158352156e-02 
-1.267074194999e+00 -1.954565434344e-02  3.945336107152e-02 
-4.762758297646e-02 -4.043254395280e-02  2.182436859931e-01 
 2.669081546543e-01  3.557122312409e-01  2.137455404727e-02 
 7.438572739696e-02 -6.596629427313e-01 -5.423468548996e-02 
 2.377717640427e-02 -1.014466426307e-01  4.520034925020e-01 
-7.157364953279e-02  5.379555349993e-01 -1.292618029867e-02 
 2.608564027383e-02  2.595333760463e-03 -5.135333678852e-02 
 1.342600543591e-01  4.009437365767e-01  1.311544207825e-01 
 3.609196301120e-01 -1.443491556952e-01  4.704680712445e-01 
-1.955887763526e-01  2.267318439031e-02 -3.641791252187e-02 
 2.465532033625e-02  2.621345292444e-03  5.415081138365e-02 
-6.787938223185e-02  9.876984868957e-02  6.320826468197e-02 
-1.153405273522e-01 -1.397962009948e+00  2.575860354733e-01 
 4.198653246466e-01  1.307382635304e-01 -2.075309527957e-01 
-1.877303845644e-01 -6.333393430745e-01  2.529200200125e+00 
 2.037063748776e-02  1.125612563949e-01  1.480113517328e-01 
 1.524811489931e+00  3.191591535524e-01  1.388328124866e-01 
 1.588978684101e-01 -1.364260201051e-01  2.290439001233e-01 
 5.894263663220e-04  6.468459134401e-01 -1.980324486909e-02 
-1.285455195938e-01 -8.184947331800e-01  1.092259718288e-01 
 9.438733771637e-02 -8.653590829269e-02 -1.027375864593e+00 
-2.638490992948e-01  8.882554173090e-01  1.105011050516e-02 
 9.687605193295e-02  1.835633050078e-02  3.685002246284e-02 
 1.965324321924e-01 -1.735558165256e+00  6.166733838767e-02 
-2.755905596569e-01  8.047438150009e-03  4.994131955695e-02 
 3.524718137790e-01 -2.069711258724e-01 -1.860464580240e-02 
 8.450131096098e-02 -1.535404794174e-01 -7.143162483069e-01 
 2.120341599165e-01  1.538616000581e-01  2.299045864637e-01 
-7.532920625734e-03 -2.357832084095e-01  5.112317278074e-01 
-2.202113001754e-01 -3.148902382921e-01  3.314636815930e-01 
 4.798790120172e-02  7.536561220931e-02 -2.509409658447e-01 
-3.073475937254e-02 -2.553078187498e-01 -3.170289693114e-01 
 1.517114893673e-01 -1.526081109022e-01 -4.633099805267e-01 
-1.202126831077e-02  1.718449834931e-02 -2.372795183552e-01 
 1.750764139176e-01 -1.477679341328e-02  1.270025498860e-01 
 6.504447336871e-01  8.896615630259e-02 -5.053734094563e-02 
-1.447048463676e-02 -5.944565771763e-01  1.853111372734e-01 
 2.547903422893e-01  5.622586497601e-01 -1.331802765471e-02 
-3.749827104896e-02 -7.390087643658e-02 -9.232557887844e-02 
 4.720081618088e-02 -1.456610383530e-02 -1.319330684117e-01 
 6.674526207521e-03  4.295348930120e-01  2.662580003071e-01 
-2.511438285542e-01  8.063975913684e-02 -1.153282448978e-01 
-1.387471280166e-01  2.191944264903e-01 -2.077194192810e-01 
 1.518585318739e-01 -2.465543704958e-01 -1.363724665193e-01 
-2.583009317200e-01 -2.619917450028e-01  2.185877346251e-01 
-1.982929556685e-01  3.934679625285e-01  6.113718197051e-01 
-1.229535383401e-01 -6.052694801086e-01 -4.520687986916e-01 
 8.877140311606e-02  7.963675982634e-02 -6.012121608035e-01 
 2.575811665111e-02  2.743268743087e-01 -4.155836845087e-01 
 1.288873233397e-01  3.452257971160e-01 -2.398975726322e-01 
-3.010265856560e-01 -1.548969852367e-01  1.496444323281e-01 
 7.751064054581e-01  5.840605430537e-02 -7.877951299951e-02 
-8.036663045400e-02 -1.657018679414e-01 -4.474019871057e-02 
-5.983520441528e-01 -9.667709591167e-01  1.070479047931e-01 
 6.751486754752e-02 -4.043168099100e-02  9.505756100939e-02 
-8.210143033642e-02 -3.009094397968e-01  1.164488310759e-01 
 1.570680347752e-01 -1.631111051005e-01  4.615547762388e-01 
 3.048116339986e-01  1.503258362958e-01 -1.702835353786e-01 
 3.789224818566e-01  2.422554168449e-01  5.314674004819e-01 
-2.440109510282e-01 -1.364093304353e-02  5.169182172622e-01 
 4.404542169323e-01  3.601922581890e-01 -3.184337363595e-01 
-5.729242442105e-02  7.386835207878e-02  7.340788548087e-02 
 1.919219284039e-02  7.122650150123e-02  5.680461737871e-01 
-1.289835253884e-01  3.019099904160e-01  2.473616330944e-01 
-4.210123151127e-01  2.310217360124e-01  1.230599883679e-01 
-1.742410345643e-01  4.232887749728e-02  1.545318396077e-02 
 1.677069230936e-01 -1.547709211278e-01  1.033593864864e-01 
 4.134550449562e-01 -8.431176299967e-01 -1.661885089146e-01 
-4.299119798961e-02 -5.017066893702e-02  1.046749606995e+00 
-4.774464624646e-01  5.029579709491e-01 -3.509404356924e-02 
 7.099432466314e-02 -3.444174251261e-02 -1.199063993421e-01 
-7.887259598702e-02  4.023538562399e-01 -1.709491724753e-01 
 8.898193707460e-02 -3.605494982876e-01 -2.550054924763e-01 
-5.348269208131e-01 -8.298851805729e-04 -1.197171834654e-01 
 4.138866506251e-01  2.657190556586e-01  4.397466448195e-01 
-7.678463133523e-02 -3.617648165721e-01  2.265279235672e-01 
-5.514305877196e-01 -3.419334270404e-01  6.902084400969e-02 
-5.027619763514e-02 -5.110010349870e-01  1.807244669266e-01 
 2.255586875928e-01  9.272231815907e-01 -2.813186508810e-01 
-1.412805625977e-02 -6.435202199205e-02  3.086104473652e-01 
 4.614024041170e-01  1.304526374265e-01  1.256351344554e-01 
 4.416829314532e-03  5.431715254731e-01 -2.434817913332e-02 
 3.189331438364e-01 -1.794345699290e-01  1.556753361983e-02 
-4.172718555038e-02 -4.783588994702e-01  2.259677263219e-01 
-2.965371534026e-01 -1.237085517452e-01 -9.676594878175e-01 
-2.564372254388e-01  9.234189824511e-01  4.771676119782e-02 
-2.295173930198e-02  5.714410365755e-03 -6.793254423607e-02 
 7.018633326934e-02  3.817374867350e-01 -4.334484050814e-01 
 5.651239182144e-03  1.916704997996e-01 -1.828155795215e-01 
 3.780595506523e-01 -1.827257812797e-01  4.057141196126e-01 
 3.673972405924e-01 -4.785828422803e-01 -7.507759074504e-01 
 3.004919254819e-01  3.543913733642e-01  4.671393839973e-01 
-2.207575359343e-01  6.167907469584e-02  2.094924489201e-01 
-7.879359793875e-02  2.685031424360e-01  5.365158828924e-02 
-3.143904788810e-02  3.130958901749e-02  1.051714425224e+00 
-1.583512705898e-01 -1.190319146628e-01  4.474675105301e-01 
-4.397498038696e-01 -2.878560788238e-02  4.537376862643e-01 
 4.061535879012e-01  3.190570090609e-01  4.785289649732e-01 
-3.488095203238e-01  2.937075337329e-01 -1.472843503658e-01 
-6.625884176443e-01 -2.157181062944e-01 -2.370987516433e-01 
-9.098798297434e-02  4.960157285173e-01  1.274921713926e+00 
-6.137435651883e-02  3.827003807170e-01  1.620745797760e-01 
-9.671162462668e-02  2.238168761505e-02  5.888747861994e-03 
 2.739862813173e-02 -3.309662652335e-01  4.846460934151e-01 
-1.551517514987e-01 -3.710514812201e-02 -1.152188876241e-01 
-8.638519802348e-01  4.933261762778e-02 -2.356614185861e-01 
-1.468060308582e-02  2.506876769398e-02  4.892299491236e-01 
-2.154370811293e-01 -4.023640736045e-01  2.479857761832e-01 
-3.544932040102e-01 -2.248941755419e-02 -2.403997119071e-01 
 3.824780286152e-02  6.339367618490e-01 -1.572493460076e-01 
 1.294426749394e-02  2.330468102118e-02  2.256589247237e-01 
-2.993785587240e-02  1.809011148226e-01  2.191933733754e-02 
 6.451131260473e-01  2.849494285269e-03 -2.780292170533e-03 
 8.013317456017e-01 -3.092575105717e-01 -1.550581376344e-01 
 2.377426887733e-01 -2.583766350179e-01  1.522789425578e-01 
 6.018124631356e-01 -8.201675028544e-01  1.456205526862e-01 
 1.296831852239e-01 -1.941450505820e-01 -7.140951970804e-01 
 1.429943778871e-01  2.269923796315e-01  2.935506004539e-01 
-1.662637126743e-02 -9.036427981820e-03 -8.498802147161e-02 
-6.003573388614e-02 -3.042353162376e-01 -1.466153836003e-01 
 1.325981440742e-01 -9.145118192594e-01 -1.339833720709e-01 
 5.771722897000e-01 -2.282847836510e-01  1.662418735955e-01 
-4.374452963806e-01 -9.921352256551e-04 -2.758033059585e-01 
 1.386475938124e-01  1.402433979479e-01  5.169075326784e-02 
-4.429427456741e-02  1.973133483563e-01  1.235157947385e-01 
-7.264531293027e-02  2.818965182225e-01  2.114154508424e-01 
-2.881003311746e-01 -1.170803466308e+00 -3.253611894675e-01 
 2.836304094715e-01 -1.034513681416e-01 -2.464227377211e-01 
 5.693700189265e-01  1.792333713280e-02 -1.307231428683e-01 
 3.764187388029e-02  1.892629844574e-01  2.804840111718e-01 
 4.020879198680e-01  1.665605453436e-01 -1.307685665035e-01 
-5.578432510391e-01  1.013177708700e+00  1.366818195548e-01 
-8.411648041071e-02  5.226516919362e-01 -6.293742241267e-01 
-3.363102620938e-02 -2.091527115773e+00  4.458536667343e-02 
-5.547303559661e-02  7.506586898848e-02 -1.667089787941e-01 
-1.783210525308e-01  5.766281354303e-02 -4.779413416299e-01 
-6.777419464137e-02  1.899336391507e-01 -4.509803715024e-01 
 9.300686838277e-01 -2.532076568079e-01  6.905675716511e-03 
 7.743743122416e-02  7.228602410284e-01  3.337955263137e-01 
 5.789672366381e-03  3.018116503475e-01  6.698130408924e-02 
 3.481444213240e-01  1.391192477045e-01  4.017145016236e-01 
 1.881264277244e-01  1.392760636799e-01  3.179774607875e-01 
 6.819094249707e-02  2.766194269870e-01  1.492883845622e+00 
 5.586647752309e-01 -8.012024120640e-02  9.750929703976e-01 
 2.014147201752e-01  3.096046258518e-02  4.139620597783e-01 
-5.414204137180e-02 -8.438924517986e-02  3.583230912648e-01 
 1.348786567556e-01 -8.069991520329e-03  3.279557961257e-01 
 1.393409733967e+00 -2.459451036861e+00 -4.568668326482e-01 
 9.746456155036e-02  6.757716009270e-01 -6.511016177967e-01 
 1.096890047261e-01  1.445574076684e+00  6.822156031948e-02 
-6.552142090424e-02 -8.326406712749e-02  4.409970791289e-02 
-3.729714654375e-01 -6.757566324857e-02 -2.121359663000e-01 
 3.059081241223e-03  8.411746783880e-02  5.282154023271e-02 
 4.242473575705e-01 -2.459317733496e-01  4.316254610740e-01 
-6.422506804765e-02 -5.594533562930e-01 -9.972554701001e-01 
-1.504388631692e-01 -7.256709013145e-01  1.134433415060e-01 
 3.741152589699e-01  2.689278189202e-01  2.621102267795e-01 
 3.685849876130e-01 -8.694008098375e-02  3.750420618848e-01 
-8.775384351988e-02 -5.617569312464e-01 -3.220274699769e-01 
 4.455783671548e-01 -1.613972491437e-01  6.808723107464e-02 
-1.050592678112e-01  2.357303785191e-02  1.322412767777e-01 
 2.545851555808e-02 -5.429781212102e-02 -9.207229248510e-01 
 1.534936683346e-01  1.197252624202e-01  1.299028292175e-01 
 6.195723090852e-01 -1.468285265379e-01 -5.628809884340e-01 
-1.787598737131e-02 -6.779440267777e-01  2.450175519913e-01 
 3.349644515460e-02  3.162298425607e-01  1.258479568305e-01 
-3.002282109522e-01  2.726833408979e-02  2.097203994812e-02 
 3.774213542523e-01 -1.041209850024e-01  1.677426007926e-01 
-3.196900196008e-01  1.119895186538e-03 -6.102183217298e-01 
-5.856760485008e-02  1.855055936102e-01 -4.194905065013e-01 
 3.060674072231e-02 -6.440841975400e-02 -2.706172692562e-01 
-9.701188779610e-04 -1.189506550806e-01  2.355119823369e-01 
 2.736218665961e-01  2.514680897074e-01  2.665642748128e-01 
 6.554244230267e-01 -1.056549320864e-02 -1.270474854876e-01 
 3.061476666664e-01  1.383478847514e+00 -1.185246550416e+00 
 4.985350631782e-01  2.179479333731e-01 -5.439539646991e-01 
-2.875578530674e-01 -1.047726396718e-01 -2.882601823980e-01 
-1.386129107317e-01 -1.022117462107e-01  3.442405159726e-01 
 3.404983754918e-01 -6.149981279566e-02 -3.940139797575e-01 
-1.553298418767e+00  2.147829046148e+00 -7.341363256184e-01 
 1.332340643831e-01  3.289509964747e-01  1.027608315486e-01 
 4.695146261931e-02 -5.641342424214e-01  4.193136077080e-01 
 9.659966148471e-02  3.884226265521e-03  4.526774582607e-02 
 3.951662508989e-01 -3.150018394374e-01 -1.789505240531e-01 
 7.401295928635e-01  1.595102876349e-01 -2.113650878948e-01 
 1.145756576666e-01  2.859998654933e-01 -4.712948668047e-01 
-3.230159517593e-01 -2.137187110223e-01 -5.465695940370e-01 
 7.327132107803e-02 -2.068302907008e-01  1.696840501096e-01 
 3.757209114999e-01 -5.045980496014e-01  1.226019686138e-01 
-5.153147115290e-01 -9.807191725639e-02  1.492830074387e-01 
-2.490237445563e-02 -9.597636877938e-02  3.934687587404e-01 
-3.577493496980e-01 -1.639600346561e-01 -4.590773784942e-02 
-2.555448724143e-01 -1.864950750174e-02  1.543444326211e-01 
-6.046652954944e-01 -2.245222785209e-01 -7.934807466413e-02 
-2.878154413391e-01  1.702536305734e-01  2.156307684647e-01 
 8.560563834197e-01 -9.420280771128e-01  5.480319612406e-01 
 9.471329594229e-02 -2.285422713821e-02  2.243044416659e-01 
 8.449529133306e-02  1.706930115035e-01  9.028401209049e-01 
-2.615717915586e-01  1.767493109352e-02 -1.469009922212e-01 
-5.735723525652e-02  1.214838408087e-01  2.038606057479e-01 
-1.427711728124e-01  3.297372407522e-01  2.093516003496e-01 
-4.171176104072e-01 -4.982650458176e-02  3.370812736242e-01 
-4.875288832335e-01  2.486330586744e-01  4.296304581192e-01 
-5.397025068617e-02  1.219526165280e-01  3.369144316357e-01 
-2.742299393928e-01 -2.761041789502e-01 -1.004594154849e-01 
-4.357741035306e-02 -3.057203623357e-01 -2.671396161344e-01 
-8.802107228669e-02 -4.885739881252e-01 -2.122891968877e-01 
 5.879366518347e-01  2.509271593240e-01  3.763175323166e-01 
-1.694615804054e-01 -4.895933602144e-02  1.929388267860e-02 
-5.525009882982e-02  6.895684220709e-01 -1.286262969313e-01 
-3.450057229957e-01 -1.573213504796e-01 -2.517288497827e-02 
-1.381126546062e-01 -6.895683927254e-02  7.731882147914e-02 
-5.027305552358e-02 -2.050909787570e-01  2.449580678437e-01 
-5.490249081743e-02  4.332589450292e-02  3.337850119922e-01 
 1.039482254908e+00 -6.130280285891e-02  8.770381475366e-02 
-6.180712533485e-02 -3.067926879944e-03  6.603294125005e-02 
-7.272100052340e-02  1.254201089723e-01 -1.154656421630e-01 
-4.556881629337e-02 -4.945263085681e-02 -1.153556741093e-01 
-4.891344751173e-01 -1.705376768827e-02  3.599895832254e-01 
-6.194870383101e-02  9.060788784178e-02 -2.306667231566e-01 
-1.841088527888e-01  9.934490422982e-01 -2.150335152722e-01 
 6.280183277375e-01  2.219419812446e-02  2.129952703086e-01 
-1.610420606671e-01 -8.222388389453e-01 -8.986431210944e-01 
 1.280258992521e+00 -1.361377944536e-01  2.564387741010e-01 
-4.138348193052e-01  1.867098376966e-02 -4.990561414820e-01 
 6.495855141043e-02 -3.113521542972e-01  3.542660791101e-01 
-8.387642730173e-01 -6.026595152043e-01 -3.824622133261e-01 
-1.658725588478e+00  1.388663185236e+00  2.247789432166e-01 
 9.709739815824e-03 -2.825330567416e-01  4.485704174691e-01 
-4.092369684373e-02 -7.724710719899e-01  5.992034940157e-02 
-4.640099788160e-01  1.490191840718e-01  2.801580074277e-01 
-2.180403345862e-01 -2.439683843276e-01  2.618921121557e-02 
 4.242119239944e-01 -1.727317393506e-02  2.951083292115e-01 
 1.988818447492e-01 -4.246922585064e-02 -2.927407849475e-01 
 1.205916037892e-01 -2.156315449476e-01  1.307202611752e+00 
-2.598357662215e-01  5.155495818665e-01  2.141219848739e-02 
-5.434215866476e-01  2.032371117271e+00 -7.381437573390e-01 
 7.983936565848e-01 -1.806978126706e-01  7.771229947285e-01 
 2.658262596962e-01  1.090813258974e+00  2.143078097776e-01 
 1.560113796738e+00  3.717424465781e-01 -1.256557616956e+00 
-2.844141163821e-01 -6.657490688809e-02  4.441710606245e-01 
 3.779521192162e-01 -9.060706229966e-02 -7.344659071170e-01 
-8.098944832333e-01  6.709595539720e-01  3.299435174294e-01 
 1.480029006577e+00  1.741462405339e-01  6.382039856073e-01 
-2.405276400827e-02  2.643826804631e-02  2.016958717284e-01 
-1.477182593083e-02  3.720844049031e-01 -1.791829854792e-01 
 3.236820255289e-02  5.594929179771e-01  5.509709851204e-03 
 2.177804425597e-01 -3.148174038977e+00  1.112951810729e+00 
 1.185166277831e+00  2.878896914968e-01 -5.852025091643e-01 
-1.746587640184e+00  4.486597208418e-01  7.536011672064e-01 
 4.737581970400e-02  2.610592860389e-01 -4.919374417136e-01 
 3.050913338515e-01 -3.504327287457e-01 -1.085895125855e-02 
-6.184109764812e-02  1.554712585440e-01 -2.144864254190e-02 
 2.031309024819e-01  6.771030603569e-02 -2.153252106177e-01 
-4.701798201264e-01 -2.047645304825e+00  1.097354039748e-01 
-6.859395731562e-01 -1.440714750144e-01 -1.141519774632e+00 
 1.388898151975e-01  4.223162004671e-02 -1.497935926021e-01 
-1.506674325837e-01  6.985508311051e-02 -4.577877742578e-01 
 6.306705570865e-01 -9.022720242731e-02 -1.823058955798e-01 
-5.795946773520e-01  1.944269048673e+00 -4.675249350019e-01 
 5.423545524826e-03 -5.606130915093e-01 -2.832840517657e-01 
 6.444225710983e-03 -5.576519319472e-01  9.645469661489e-02 
 1.214031511735e-01  1.341199454671e+00  1.397141750356e-01 
-3.217544182106e-01  1.225892507989e+00 -5.619428911658e-01 
-5.220991695073e-01 -1.022455550417e-01  9.697774265521e-02 
 7.493674350555e-01 -6.509875642591e-02 -2.870771741513e-02 
-6.132071471940e-02 -6.225220266819e-01 -3.410385208378e-01 
 6.645063574896e-02 -2.779494037960e-01  2.982141681775e-02 
-1.198099446011e-01 -5.577780926427e-01  1.128953681775e-01 
-2.315173929097e-01  9.616386027377e-03 -6.388139517390e-02 
-3.625768332885e-01 -1.731224930084e+00 -1.328166196412e+00 
-3.624734609961e-01 -2.292078474715e-01  2.567619734188e-01 
 1.470383211295e-02 -1.396614553975e-02 -4.288931199955e-01 
-1.161513649694e-01  2.879597573770e-02  3.530705382238e-01 
-3.320651383379e-01 -1.015114920588e+00 -1.156855291869e-01 
-1.417831321728e-01  3.386107595991e+00  4.959691591753e-01 
 5.187804640865e-02  9.056346907376e-01  8.571535644182e-02 
 1.944619950223e-03 -5.340966414271e-01 -1.115836766435e-01 
 5.977954771283e-02  2.109962902041e-01 -2.418370707946e-01 
 1.025628849021e+00  1.898444449391e+00 -4.927245826133e-01 
-4.930505240735e-01 -2.559056085947e-01  5.796085606059e-01 
-2.428921804369e+00  8.725092713254e-01  6.849134011406e-01 
-3.191446711317e-02  5.484638604766e-01 -1.602126854195e+00 
 6.737012239001e-01 -5.207348671266e-01  1.206507773938e-01 
 5.135166518257e-01  1.636628727812e+00 -5.822657490776e-01 
 4.559722639590e-01 -1.083458857128e-01  5.460884206314e-01 
-1.258319048971e-02  3.126191733918e-04  2.111539999501e-01 
-2.674278047405e-01 -4.366352428917e-02  8.475063270372e-02 
-6.107522110060e-01 -1.235591772836e-03 -1.776653297074e-02 
-6.908377986045e-02  5.289472275689e-02  4.237791956186e-02 
 1.193836156008e+00  6.816263253452e-02  2.511012345525e-01 
 9.834791194996e-01 -2.599917852592e-01  1.018575118257e+00 
-9.806887649724e-02  3.530937430994e-01  6.481185960201e-01 
-2.344730012638e-02  4.280522656881e-02  8.887648130317e-02 
-7.017278424947e-02 -1.556965395969e-01  1.730019857705e+00 
 2.423375537304e-01  1.017789184093e+00 -2.386239651388e-01 
-3.480153111366e-01 -1.175384073502e-01 -2.792429393696e-01 
-3.260132418973e+00  1.337944668300e+00  1.054841974396e+00 
-6.277701848612e-02  4.258162068638e-01  1.612139664980e+00 
-6.606854304854e-01  5.210958890407e-01 -9.707563707101e-02 
-4.345571012379e-01 -1.245084313169e+00  3.626732574164e-01 
-4.063475292302e-01  7.496124953008e-02  1.618999229788e-02 
orbocc
(*)
 0.000000000000e+00  0.000000000000e+00  0.000000000000e+00 
 0.000000000000e+00  0.000000000000e+00  0.000000000000e+00 
 0.000000000000e+00  0.000000000000e+00  0.000000000000e+00 
 0.000000000000e+00  0.000000000000e+00  0.000000000000e+00 
 0.000000000000e+00  0.000000000000e+00  0.000000000000e+00 
 0.000000000000e+00  0.000000000000e+00  0.000000000000e+00 
 0.000000000000e+00  0.000000000000e+00  0.000000000000e+00 
 0.000000000000e+00  0.000000000000e+00  0.000000000000e+00 
 0.000000000000e+00  0.000000000000e+00  0.000000000000e+00 
 0.000000000000e+00  0.000000000000e+00  0.000000000000e+00 
 0.000000000000e+00  0.000000000000e+00  0.000000000000e+00 
 0.000000000000e+00  0.000000000000e+00  0.000000000000e+00 
 0.000000000000e+00  0.000000000000e+00  0.000000000000e+00 
 0.000000000000e+00  0.000000000000e+00  0.000000000000e+00 
 0.000000000000e+00  0.000000000000e+00  0.000000000000e+00 
 0.000000000000e+00  0.000000000000e+00  0.000000000000e+00 