2mocoef
header
1
MO-coefficients from MOLCAS
1
26   26
a
mocoef
(*)
 6.409120242805e-05 -4.854587360391e-04  4.626033507783e-03 
 5.126016990155e-05 -3.105126753571e-06 -2.188476196735e-04 
-5.334714976421e-04  3.254312233964e-05  2.858066167274e-03 
 9.959986663104e-01  2.378677603324e-02 -1.302098050151e-02 
 2.951546131581e-05 -3.530142768227e-04 -4.844697528195e-04 
 2.186454645578e-04  3.818525709679e-04  1.920851802914e-03 
-1.155456913156e-04  4.195837815841e-04 -1.480964438037e-04 
 1.947396505424e-03  1.277979700555e-04  1.648757557452e-03 
-1.860835860407e-04 -2.105945359347e-04 
 9.961117597063e-01  2.370881498104e-02 -1.084333939296e-02 
-8.984113904983e-05  4.824527116486e-04  9.730177107368e-04 
 1.322013023328e-04 -3.741274389063e-04  2.018965839312e-04 
-1.909433389743e-04 -2.271937526654e-04  1.193353944547e-03 
-6.386150288785e-05 -4.250890622198e-05  4.206567453633e-04 
-8.190746708334e-06  8.778160954728e-05 -3.413131934543e-04 
-2.148431484505e-04  2.649374952874e-03 -7.842203021821e-05 
 3.443887295742e-04  1.332032095932e-05  3.120233861224e-04 
-2.080942776954e-04  2.247012839890e-03 
-8.888775935852e-02  1.845432693526e-01  4.338292702602e-02 
-4.635476454329e-03  9.506859015793e-03  1.026607435845e-01 
 6.147237256005e-03  4.985212078673e-03 -3.822653558100e-02 
-1.983167402643e-01  4.296635237248e-01  4.480057714320e-01 
 6.242325848881e-03 -2.211386015456e-02 -2.217801517040e-02 
-1.649381223473e-02 -1.287389882180e-02 -2.078538612550e-02 
 3.636110530483e-02 -7.925230824819e-03  1.360177188681e-01 
-6.390587698306e-03  1.113715000503e-01 -8.158465655231e-03 
 3.338474696300e-02  7.054536636805e-03 
 1.702297273372e-01 -3.579839306684e-01 -3.287788507801e-01 
-1.317047530682e-02 -3.512054459004e-02  7.086632592234e-02 
 1.886287712733e-03 -1.635776198286e-02  3.758794697235e-02 
-5.962561172737e-02  1.309591050638e-01  1.928610549095e-01 
 1.055609070274e-01 -2.461683347940e-02  2.389516455845e-01 
 5.260268093562e-02 -1.004189515583e-02  9.275981636231e-02 
-1.758166491453e-01 -3.922572943542e-02  1.624496654753e-01 
 1.230928351070e-02  4.698460473184e-02  9.060765653395e-05 
-1.268989893860e-01 -3.030996338949e-02 
-3.774516266881e-02  7.833052591377e-02  1.256385835336e-01 
 1.575816231152e-01  1.247896202083e-02 -1.420808758158e-01 
 2.949297201291e-02  9.015892679369e-03 -2.579111847018e-02 
 1.499043234222e-02 -2.859825976483e-02 -7.291711025511e-02 
 4.503355394351e-01 -1.526779294329e-02  1.150228301934e-01 
 2.733523615329e-01 -1.014789756824e-02  6.896854141766e-02 
 1.323859888152e-01  5.288162469846e-02  2.193681511826e-01 
 2.630784317567e-02 -1.885263594585e-01 -3.511147260418e-02 
 4.787720693649e-03 -6.806300515060e-03 
-7.828372401166e-03 -6.221698942261e-03  1.809304523180e-01 
-2.714716143494e-01 -7.903141693071e-04 -3.169712380610e-01 
-1.685586963796e-01  8.407961861974e-03 -3.788027206632e-02 
 1.794582818592e-02 -4.109208914501e-02 -8.916733932187e-02 
-5.112909578838e-02 -2.311594318766e-02  3.691627666474e-01 
-1.193961541223e-02 -1.798072732901e-02  2.234880000816e-01 
-1.528559694617e-02 -1.367271122485e-03  9.595788167220e-02 
 3.351388443002e-02  9.044713946896e-02  1.532264473115e-02 
 2.432626155758e-01  1.435699475630e-01 
 1.319630296732e-02 -3.081996789916e-02 -1.676386565574e-02 
-8.406514793353e-03  2.833489294884e-01 -1.313290692958e-02 
-5.476396251274e-03  1.413511884218e-01  3.002438833975e-03 
-1.297342379641e-02  3.571601652959e-02  3.051789878688e-02 
 1.446831107830e-02  5.526771996440e-01  2.876708996379e-02 
 9.534266302050e-03  3.914278171208e-01  2.052978558004e-02 
 2.889628495075e-04 -2.914766361458e-03 -3.382103623523e-03 
 3.255205623350e-03 -4.627261788084e-03 -3.939098057082e-03 
 7.023663966557e-03  7.111659946680e-03 
-8.664083076494e-03  1.925141962512e-02 -1.710556646535e-02 
-3.551972299930e-01 -1.085402552689e-02  2.068509566012e-01 
-2.375974969654e-01 -7.355297960365e-03  5.528493462470e-02 
 7.027254543427e-04  5.403376632189e-03 -4.565662102989e-02 
 2.289744516968e-01  7.991505237990e-03 -2.266084897734e-01 
 1.914629846728e-01  1.217111877526e-02 -1.114110140921e-01 
-2.444448119968e-01 -9.943667609527e-02  5.234478315716e-02 
 1.706854275656e-02 -1.880013970289e-01 -6.205150064998e-02 
 1.616490162235e-01  9.282357786425e-02 
-1.835983740850e-02  4.153196204758e-02  1.033614711685e-01 
 1.255678415228e-02 -5.930609053925e-01 -2.521017562137e-02 
 1.138227867849e-02 -5.149713809998e-01 -2.964192625579e-03 
-3.212226410600e-03  7.755731926651e-03  8.733126069809e-03 
 6.989720946946e-03  3.727012762561e-01  3.273967178954e-02 
 1.044823504958e-02  3.773059837090e-01  2.938332583066e-02 
-2.447514596466e-02 -2.158283770984e-02 -1.807492616141e-02 
-1.187720101905e-02 -5.944264004076e-03 -1.262553237581e-03 
-1.373620914870e-02 -1.742752541643e-02 
 9.714575782671e-03 -3.344677269529e-02 -1.712515205090e-01 
 1.106567075277e-01 -6.796771744172e-04  1.030019369884e-01 
 2.514988922430e-01 -3.208249803610e-02  4.272881162561e-01 
 9.662483880251e-02 -1.515231361500e-01 -1.457960466710e+00 
 1.391933287348e-01  2.464937605925e-02 -1.034469762330e-01 
 3.190369730809e-01  7.929446962534e-02 -2.529382687146e-01 
-4.300700653387e-02  2.642192640814e-02  2.130349775415e-02 
 5.130458078308e-01  1.337912702274e-01  1.345770602526e+00 
 3.757269954573e-02  5.824607271159e-01 
 1.007932306971e-01 -1.370450236606e-01 -1.402370899103e+00 
 1.941302534692e-01 -3.200455806897e-02  3.667526003652e-02 
 4.310162387299e-01 -7.710787662072e-02  7.061997026149e-02 
-7.078783493482e-02  1.166940117091e-01  1.093098204092e+00 
 1.117741868692e-01 -1.693062301256e-02 -4.559362668583e-03 
 3.622249440881e-01 -4.494123436790e-02 -4.834682037020e-02 
 1.853661228522e-02  3.450360161970e-01 -8.919481110556e-02 
-1.164011765507e+00  2.434694509099e-02  6.085264946040e-02 
 1.078249218925e-01  1.306082196940e+00 
-9.051991400614e-02  1.426379336721e-01  1.505975769981e+00 
 8.666203743632e-02  3.522409659138e-02 -9.869805250695e-02 
 1.633671536161e-01  1.477481475458e-01 -4.801759241605e-01 
-3.375114288292e-03 -1.213094759478e-02  3.320249822812e-01 
 2.144433441070e-01 -1.924323432172e-02  9.407388206999e-02 
 6.730754124808e-01 -9.055929413217e-02  3.210251358989e-01 
-6.220567255900e-02 -1.443243485470e+00 -5.618926830909e-02 
-1.282128956678e+00  6.629195809224e-02  7.046681374957e-01 
-4.884251053940e-03 -5.748601394427e-01 
-3.376580736719e-02  3.690483891690e-02  8.126378937514e-01 
 2.973858635159e-01  1.939067130128e-02  1.407133719701e-02 
 1.356325440574e+00  8.621825683951e-02  5.191097530039e-02 
 1.237884396557e-02 -2.798690578446e-02 -2.320466491950e-01 
-2.259818123374e-01 -3.011000450853e-03  8.448918651542e-02 
-8.773090825993e-01 -5.395831222975e-03  2.443254627261e-01 
-5.095936384906e-02 -1.705773737490e+00 -4.885216218096e-02 
 8.079397945069e-01  8.584688600995e-03 -9.637923115769e-01 
 6.732474333506e-02  1.121344568169e+00 
-5.790831513628e-02 -2.199735756787e-02  1.555410264874e+00 
-5.334953950560e-02 -1.989139529222e-02  2.080929983621e-01 
-3.779542309871e-01  2.362024824882e-02  2.548602022957e+00 
 5.490271406232e-02 -5.131649733366e-02 -1.624711100298e+00 
 1.680555798948e-02 -1.806610036501e-02  3.365224688693e-01 
 1.692422973689e-01  7.387663373103e-03  1.785934494526e+00 
-3.292963543510e-02  1.199467258442e+00 -2.369659514398e-02 
-9.570207569158e-01 -6.420093053163e-02 -4.491433146906e-01 
 1.510048772918e-02  1.335844866194e-01 
-2.049616439329e-02  1.475893804240e-01  3.205623862750e-01 
-3.793650285084e-01 -5.779200930076e-01  4.670166402915e-01 
 8.565130731640e-01  7.360031708888e-01 -8.937743428170e-01 
 1.693514543799e-02 -8.198848712705e-02  4.640963569661e-01 
-8.070438385796e-02 -1.455842245744e-01 -4.987584049042e-02 
 2.025446276969e-01 -4.001332878413e-02  3.038157123466e-01 
-4.268451926704e-01 -4.058443208353e-01 -2.334622111118e-01 
-1.300007823103e-01  2.210424813514e-01  6.476895371035e-04 
 1.967444687333e-01 -7.538765251500e-02 
-8.273454860186e-03 -5.406044638589e-02  2.740227850349e-01 
-3.805554660165e-01  8.135491117120e-01  2.265638113411e-01 
 7.608704165450e-01 -8.853984903542e-01 -4.085507570943e-01 
 5.752855412625e-03 -4.075580106641e-02  2.726271835840e-01 
-5.069415631134e-02  1.423752693653e-01  3.716056731154e-02 
 1.518628251475e-01  1.711965206771e-02  1.292297093885e-01 
-3.148464994957e-01 -1.971131209885e-01 -1.916877614856e-01 
-1.453500668438e-01  1.817833295758e-01 -1.292899289841e-02 
 1.897784657336e-01  2.185069124069e-02 
 2.180579369926e-02 -6.127665412907e-01  1.054525916618e-01 
-3.838652450190e-01 -1.517230062149e-01 -8.635568016829e-01 
 6.486356496423e-01  1.705765685260e-01  5.818732262952e-01 
-3.820598251196e-02  4.922023809895e-02 -1.144058058478e-01 
-5.541259854211e-02 -3.551162193975e-02  1.011294121527e-01 
 1.300510081899e-01 -1.144376790505e-02 -8.361642731047e-01 
-1.423260634443e-01 -1.051881722139e-01 -1.051812583884e-01 
 1.136969340398e-01  2.331264826651e-01  7.372417732120e-02 
 2.103212675043e-01  6.672115062730e-02 
-2.241646545839e-02 -4.757837835529e-01  6.691173758774e-01 
 6.519879091225e-02  1.684616809444e-01  3.290108955383e-02 
-6.445684068375e-02 -4.752434877872e-01 -4.439288162788e-01 
 4.713787672150e-03 -1.300938177324e-01  1.867137846454e-01 
-3.303460143688e-02 -8.408853536794e-01  1.422527481525e-01 
-2.621539084105e-02  1.092532686462e+00 -2.890859415170e-01 
-2.337718310949e-01 -2.130148501615e-01  4.718401492212e-02 
 8.895216099360e-02 -8.961217507138e-02  8.557021884397e-02 
-3.868633301038e-01 -1.418017940551e-02 
 6.662701111626e-02  4.515753719188e-01 -2.519408746876e-01 
-9.306667248958e-02  7.237430338928e-02 -2.185229472544e-01 
 1.439841461562e-02 -3.105012912506e-01  1.061171622531e+00 
-2.938488339862e-02  2.340600989767e-01 -4.858884413835e-01 
-2.818275850540e-02 -3.860597770379e-01 -5.355251815736e-01 
 1.661690296291e-01  5.043146841295e-01  1.182649924594e+00 
 4.201345828204e-01  3.153791222289e-01 -3.383415724502e-01 
-2.282497296671e-01 -2.862936474373e-01  6.620602527534e-02 
 6.129329577457e-01 -6.557348696533e-02 
 1.177724636968e-02 -9.990470609405e-01  2.168658936266e+00 
 1.244997676119e-01 -4.891611654849e-02 -7.234281429982e-02 
-2.576143726015e-01  2.984426133544e-01 -2.086090496129e-01 
-4.862143030819e-02 -4.552712937030e-02  2.379529753524e-01 
-1.297077613951e-01  2.182044763352e-01 -2.131513524668e-01 
 3.610611159113e-01 -4.402945049281e-01  9.105736552529e-01 
-2.526563006167e-01 -3.949230298656e-01 -6.011069296581e-01 
-3.108364415487e-01 -7.670591949029e-01  3.672206733850e-01 
-2.427456717136e-01 -4.726153630761e-01 
-1.214359165792e-02  6.950260735258e-01 -1.154777099446e+00 
-8.258705661949e-01 -8.481270783987e-03 -1.542446798002e-01 
 1.705611272987e+00  2.555634364601e-02  1.045839139762e-01 
-1.510117405085e-02  1.279110566142e-01  7.022032073556e-02 
 1.035753248919e-01  2.121068283330e-02 -2.120920200691e-02 
-6.535188151744e-01 -4.610212279949e-02  4.197422510737e-02 
 2.550396979742e-01 -8.101069181590e-01  2.556920614752e-02 
 9.400314542561e-02 -4.110783458260e-01  1.241727773460e-01 
-8.023620318891e-01  1.887401991446e+00 
 1.171895098536e-02 -6.316687007530e-01  1.648067562298e+00 
-9.248086087458e-02 -1.137438027178e-02 -6.608182013352e-02 
 3.947865224556e-01  6.623025365565e-02  3.642540642206e-01 
 2.286040831208e-02 -3.584402892937e-01  2.249348407024e-01 
 7.966007885589e-01  1.996163589730e-02 -5.068458448044e-01 
-1.248127136745e+00 -3.997667008720e-02  1.045615013508e+00 
 9.318973141878e-02 -5.237012319352e-01 -1.233130705310e-01 
 2.619459271227e-01  5.751275479336e-01 -1.566151763517e+00 
-2.079002252150e-01  1.804910267482e-01 
-2.379565280541e-02  9.555779408717e-01 -1.556778782289e+00 
 3.964805784038e-01  8.624368802172e-02 -6.084219722104e-01 
-1.098745661679e+00 -1.240646407524e-01  1.074867561637e+00 
 5.918542671574e-03 -2.682188508640e-01  5.036161977211e-01 
-2.163267571246e-01  2.623634840007e-02 -4.318316702537e-01 
 8.750079209904e-01 -5.612441049287e-02  7.841265797647e-01 
-8.001116254225e-01  1.977755663890e+00 -8.188664461420e-02 
-7.601659031368e-01  2.747113468367e-01 -2.661318956878e-01 
-3.689168740761e-01  3.333179641751e-01 
-1.280551021653e-02  6.966285409110e-01 -1.838107703208e+00 
 2.260199901790e-01  1.829755921912e-02 -5.135443403459e-02 
-2.162480944874e-01 -5.408705712231e-02 -3.608111432045e-01 
-4.332612278470e-02  3.348503388792e-01  1.660604357181e-02 
 6.275327563906e-01 -7.167835738721e-02  5.533017535907e-01 
-7.743279065222e-01  5.947351612346e-02 -9.840386355135e-01 
-2.844825004143e-01  6.558075960229e-01 -9.236354062321e-01 
 1.539217569520e+00 -1.034400366784e-01 -1.231019965537e-01 
 1.124953312771e-01 -2.228801566156e-02 
 1.305103774982e-02  1.642333200687e-01 -1.493176927615e+00 
-6.646684746360e-02 -5.058173454825e-03  1.042087175935e-01 
-1.237309861478e+00 -6.081509588112e-02 -4.873527832327e-01 
 2.228303902536e-04 -1.177769839991e+00  2.688800236618e+00 
-2.767099793756e-01 -6.177526840856e-03  2.383885339219e-01 
 1.776828899055e+00 -8.545550267110e-02 -4.531398421987e-01 
 6.813290231399e-01  2.943560341029e-01 -7.916721863435e-01 
-7.111210216183e-01  3.818346767524e-01  6.624343605254e-02 
-2.422732534387e-01 -1.914647099215e-01 
-9.574742869257e-03 -3.672599906086e-01  2.244542729897e+00 
 5.622552001575e-02  2.588599247301e-03  1.325780025017e-01 
-1.445715986186e+00  8.751914752733e-03  1.352282452868e+00 
 5.215975291908e-03  1.525679907488e+00 -3.671283583244e+00 
-2.349076478958e-01 -1.760873427141e-02 -1.211621146599e-01 
 1.610495394174e+00  6.622963875205e-02  1.215025778227e+00 
 2.955635196073e-01  4.960571261850e-01 -4.212064293107e-01 
-4.235447151337e-02  7.625105512951e-01  4.190357202302e-01 
-4.922690020941e-01 -3.632558559856e-01 
orbocc
(*)
 0.000000000000e+00  0.000000000000e+00  0.000000000000e+00 
 0.000000000000e+00  0.000000000000e+00  0.000000000000e+00 
 0.000000000000e+00  0.000000000000e+00  0.000000000000e+00 
 0.000000000000e+00  0.000000000000e+00  0.000000000000e+00 
 0.000000000000e+00  0.000000000000e+00  0.000000000000e+00 
 0.000000000000e+00  0.000000000000e+00  0.000000000000e+00 
 0.000000000000e+00  0.000000000000e+00  0.000000000000e+00 
 0.000000000000e+00  0.000000000000e+00  0.000000000000e+00 
 0.000000000000e+00  0.000000000000e+00 