2mocoef
header
1
MO-coefficients from MOLCAS
1
26   26
a
mocoef
(*)
 5.829452456420e-05 -5.691552582312e-04  5.183165732224e-03 
 1.155409639075e-05 -3.973719606046e-06 -1.991052263939e-04 
 4.670484670897e-04  1.220565465840e-05  2.957692462720e-03 
 9.960211841846e-01  2.359698836993e-02 -1.284604972404e-02 
 1.608265473777e-04 -1.322747730965e-06 -3.476160618646e-04 
-5.812038701246e-04  6.091651632294e-06  1.946349050037e-03 
-2.183679766605e-04 -3.081342147735e-04  1.395393940963e-04 
 1.581224647939e-03 -1.216763806714e-04  1.507845975713e-03 
-1.424655287032e-04  2.935744991939e-04 
 9.960466236184e-01  2.409464732793e-02 -1.095436063306e-02 
 2.521012695515e-04 -5.414604350189e-05  1.313226830084e-03 
-2.715130708009e-04  3.006945806699e-05  2.390074305383e-05 
-2.466946929943e-04 -3.105513764245e-04  1.572709351182e-03 
 1.269233396542e-04  1.375589198233e-07  3.426324677093e-04 
-3.022827597536e-04  1.171104880947e-05  6.710131387409e-05 
-3.952382020433e-04  2.857641278517e-03  1.305873118101e-05 
 3.002314004032e-04 -2.821111917055e-04 -9.546847145608e-05 
-2.067009749053e-04  2.251009014948e-03 
-9.497594228901e-02  1.996601968418e-01  3.534467488745e-02 
 1.485843709734e-02 -1.040799529103e-03  1.259253434931e-01 
-3.640140571458e-03 -8.653115532970e-04 -3.456067056717e-02 
-1.969449736511e-01  4.275040558594e-01  4.537815876684e-01 
 1.989868172172e-02 -2.327375188180e-04 -5.226576340879e-02 
 2.540923844684e-02 -7.358695766635e-04 -1.974322703511e-02 
 4.359037708374e-02  5.744315247658e-03  1.039732610723e-01 
-9.373045615585e-03  1.054889098707e-01 -6.637098975344e-03 
 2.584914538722e-02 -6.137634805268e-03 
 1.584282834946e-01 -3.291909011350e-01 -2.546691959041e-01 
-4.518490996084e-02  2.693480899195e-03  9.822159355538e-03 
 7.276748047535e-03  1.844192624890e-03  2.837592975922e-02 
-6.285086300650e-02  1.352939442598e-01  2.116556629298e-01 
-9.701447833740e-02  5.759593457814e-03  3.151476979480e-01 
-6.489724436050e-02  3.064865571849e-03  1.596041133010e-01 
-1.495312625729e-01 -3.456532948417e-02  6.865950086597e-02 
 2.338555007361e-03  1.763176778387e-01  1.093556566692e-02 
-1.077712557308e-01 -2.015035406910e-02 
 6.711497488162e-02 -1.321802640591e-01 -2.881708202031e-01 
 7.709003555960e-02  3.395880809666e-03  3.203949847531e-01 
 2.207253841472e-02  4.042805541249e-03  4.458045290725e-02 
-2.330216324283e-02  5.201819676175e-02  1.118416736818e-01 
 2.575763754028e-01 -1.309113338556e-02 -2.945022390020e-01 
 1.665875070394e-01 -9.715637534031e-03 -2.030628331848e-01 
-1.190365121427e-01 -4.087286643665e-02  6.155377416114e-02 
 1.261523963725e-02 -1.841783613306e-01 -3.611675558653e-02 
-1.830552068057e-01 -8.820103882192e-02 
 2.678433350234e-03 -1.508055263620e-02  2.725532869938e-02 
-3.556071110394e-01 -1.783938737132e-02 -1.024392339834e-01 
-2.721511185817e-01 -7.952242843117e-03 -5.055888475542e-02 
 1.895268192997e-03 -1.218520810130e-02  2.573170778485e-02 
 3.109425407390e-01 -1.642838672301e-02  8.718182482417e-02 
 2.623639859668e-01 -5.487384038180e-03  3.966929152580e-02 
-1.896560543969e-01 -5.765528587705e-02  2.037633590155e-01 
 8.384043337896e-02 -1.253350602965e-01 -4.204255654163e-02 
 2.223775614451e-01  9.925000179423e-02 
-1.197985896150e-03  3.238072717499e-03 -1.075589840617e-04 
-1.752538901144e-02  3.042801677213e-01  1.420933939660e-03 
-1.673077195696e-02  1.536075641714e-01 -1.931152368771e-03 
 2.673317584686e-04 -8.489453169467e-04  7.159451787988e-04 
 2.974075789431e-02  5.450738056844e-01 -3.676531622244e-03 
 2.424320570686e-02  3.764507632923e-01 -2.245411615797e-03 
-6.532512522702e-03 -3.212291011400e-03 -1.924062317526e-04 
 3.507559336898e-03 -1.147472826205e-03 -3.246829335853e-03 
 4.151990995700e-03  3.726219634750e-03 
-3.586579478890e-03  1.548653190300e-02 -6.861418112651e-02 
-3.075837605982e-01 -9.760167069024e-03  2.022993035795e-01 
-1.139418680593e-01 -4.948396475279e-03  5.051579290865e-03 
-1.531900119976e-02  4.325537562345e-02  4.657681405675e-02 
-2.993224792587e-01  6.673054601060e-03 -2.566423320301e-01 
-1.818946469045e-01  5.708727081537e-03 -1.507218514522e-01 
-2.078796235158e-01 -1.031108198339e-01 -1.846404936814e-01 
-4.155428477876e-02  3.014491099621e-02 -3.724365748900e-03 
 6.891048402311e-02  2.908467365143e-02 
 2.387781881148e-03 -5.831474482870e-03 -1.006376610754e-02 
 2.733308487397e-02 -5.779737506728e-01  6.089859569831e-03 
 2.597549179652e-02 -5.347019915020e-01  2.470002012717e-03 
-3.908678175395e-04  1.758247155432e-03  9.934407571929e-04 
 2.024689141548e-02  3.958046792023e-01 -2.968557115717e-03 
 2.167380316598e-02  4.000517694088e-01 -3.127910551656e-03 
-7.171116080903e-03 -8.187406209079e-03 -1.490445196853e-02 
-1.928606425890e-02  1.296066733965e-02  1.491346241940e-02 
 1.139976992634e-02  1.232617993483e-02 
-1.233754570041e-02  1.095395291056e-02 -2.044415434479e-02 
-5.285107987612e-02 -6.718565376360e-03  9.554915021733e-02 
-1.511267279322e-01 -1.988637018521e-02  3.049998984616e-01 
 1.053809638427e-01 -1.732842183629e-01 -1.458926387802e+00 
-1.375735519467e-01  1.145674065540e-02 -1.413144055417e-01 
-2.914372906869e-01  2.555572355169e-02 -3.439762652369e-01 
 6.866404288568e-03  3.197156104681e-01  1.334132292644e-01 
 1.304399891045e+00  4.702150090558e-02  6.760284660791e-01 
-4.183519673632e-02 -6.426303108124e-02 
-8.673813026548e-03  1.594414039313e-02  5.665600511452e-02 
 1.316679287501e-01  1.478412350301e-02  8.163413845418e-02 
 3.006827045945e-01  5.825175728272e-02  1.476002884290e-01 
 4.059576264843e-02 -6.334533294986e-02 -6.405244392282e-01 
 2.944763664856e-01 -2.772263787497e-02 -7.362581656362e-02 
 7.431660730475e-01 -7.608183464062e-02 -2.075962810626e-01 
-5.815873242837e-02 -4.931512739513e-01 -9.580008780392e-02 
-7.405273056515e-01  1.370268119783e-01  1.518518594291e+00 
 6.132461530025e-02  5.308986302593e-01 
 1.334604315686e-01 -2.017042241863e-01 -2.124102578427e+00 
 7.083315448787e-02  1.154113681628e-02  1.098408351214e-01 
 1.646677718503e-01  3.245002543571e-02  5.226168115666e-01 
-2.946822106640e-02  5.995429366778e-02  2.779116824079e-01 
-3.761825660235e-02 -2.474202292497e-03 -5.423659935660e-02 
-1.331372102792e-01 -6.963956994797e-03 -2.380195877617e-01 
 3.719462754570e-02  1.221518233252e+00 -2.613496316416e-02 
 4.194324613455e-02 -1.129275101949e-02 -1.488813908967e-01 
 8.281991348991e-02  1.562130063537e+00 
-1.920712243549e-02  3.025172062625e-02  7.178896486250e-01 
 3.327573963697e-01  2.337230756464e-02 -9.263387769283e-03 
 1.669355126522e+00  7.251375515535e-02 -9.117639700942e-02 
 3.002215683059e-03  9.700560511334e-03 -8.398928483949e-02 
-1.920247048163e-01  7.541677920737e-03 -2.218311852538e-02 
-8.016193235434e-01  7.960904017143e-03  5.942725926805e-02 
-1.097839294297e-02 -2.205114710780e+00 -1.118664714661e-02 
 7.877112679418e-01  4.107770389724e-02 -6.871566600584e-01 
 3.686482909282e-02  1.266685174810e+00 
-6.508220564126e-02 -2.746536055956e-02  2.019559559740e+00 
 1.390704075009e-02  3.259019724309e-03  1.585888281546e-01 
 3.713883126157e-02  3.308418915073e-03  2.512208964483e+00 
 6.458238796688e-02 -8.121815184108e-02 -1.902746821776e+00 
 1.430989891520e-02 -1.150153016339e-04  3.173845204311e-01 
-6.164437245656e-02 -2.916346912879e-03  1.815623824968e+00 
 2.887758603902e-02  2.570781090182e-01 -4.729149542911e-02 
-4.902128798670e-01 -3.011036897273e-03 -7.806897978773e-01 
-3.931692617945e-03  5.740520689052e-01 
-3.012739560738e-02  3.003509024809e-01  4.125772300618e-01 
-5.100472859097e-01  2.889617272760e-02  5.411775027559e-01 
 1.092308075596e+00  1.153245717509e-02 -2.512919361698e-01 
 3.465497616668e-02  2.243255435548e-03 -1.673470171546e-01 
-1.238515283588e-01 -1.869161237973e-02 -2.043531803225e-02 
 1.253925597810e-01 -9.355630178381e-03  5.727681830543e-01 
-4.024014656597e-01 -2.725450772122e-01 -3.127674272293e-01 
 8.857701375524e-02  4.452776880306e-01 -4.266569711525e-01 
 2.388942472315e-01  1.577801801444e-01 
 3.396877870857e-04 -1.338348496430e-02 -8.621535719509e-03 
-3.211900312852e-02  1.003741846990e+00 -2.560541686423e-02 
 9.492004787782e-03 -1.125456243699e+00 -1.783160599220e-03 
-1.547429747166e-03  1.078276294788e-03  9.727835642596e-03 
 3.560563321205e-02  2.405992057619e-01 -8.118476253663e-05 
-3.118902487392e-02 -2.012447726499e-02 -3.083497003176e-02 
 1.302144878025e-02  1.232484038121e-02  8.904060176821e-03 
-1.397003127730e-02 -1.149315379113e-02  2.950643267776e-02 
-1.986858330255e-02 -2.085052085543e-02 
 1.977122085620e-02 -5.768721841224e-01  1.557850326399e-01 
-3.446730410596e-01 -2.412799882648e-03 -8.641713202821e-01 
 1.007308192395e+00  3.490718238637e-02  5.847581652579e-01 
-4.879984731700e-02  7.363349750739e-02 -2.007990037423e-01 
-3.859898776993e-02 -4.654220243439e-02  7.722335237722e-02 
 1.026398898184e-03  2.647419512394e-02 -8.399687702071e-01 
-2.317107455409e-01 -4.205227344684e-01 -3.492417760151e-01 
 2.994877257651e-01  3.149618009339e-02  3.374708199880e-01 
 2.891636460468e-01  2.201543393938e-01 
 5.428598388074e-02  9.715705307314e-01 -1.851049917539e+00 
-3.994939813504e-03  9.343352301438e-02 -1.816368954316e-01 
-3.866217060582e-01 -2.433886807754e-01  7.607085631628e-01 
-8.830032867364e-03  2.817865714591e-01 -3.397714176237e-01 
-1.240792254711e-01 -3.298174697883e-01 -2.659171657492e-01 
 2.806429600038e-01  4.397363288359e-01  1.686344934237e-01 
 5.337572652258e-01  6.631107025363e-01  1.197303668740e-01 
-1.431161250590e-01  1.363936998548e-01  4.895811196922e-02 
 6.610315582359e-01  1.950831859123e-02 
-2.233489972466e-02 -3.538097188222e-01  6.887320489954e-01 
 2.074671505215e-02  2.177368724309e-01  9.971800916141e-02 
 6.766997687589e-02 -6.329412440824e-01 -3.286301935980e-01 
 5.674726710208e-03 -1.213458244127e-01  1.664519094293e-01 
-9.753726314495e-03 -8.778054328007e-01  1.061319784014e-01 
-5.575596717265e-02  1.200183540447e+00 -5.745091343260e-02 
-1.838789055424e-01 -2.249173238445e-01  2.189459891803e-02 
 9.179310329199e-03 -7.922130607093e-02 -1.445145364821e-02 
-2.766501490604e-01 -4.106138051138e-02 
 3.839237422927e-02 -2.388486694429e-01  1.461600652544e+00 
 2.463105063408e-01  1.948933438786e-02  1.430284008079e-01 
-6.107054517313e-01 -5.236945743783e-02  2.331394653573e-01 
-4.353278052655e-02  2.462910937671e-01 -4.931202822199e-01 
 2.021346959223e-01 -3.436547205912e-02 -3.332160740426e-01 
-1.192689409497e-01  5.427377763962e-02  1.506405260977e+00 
 6.145684232621e-02  1.147534990105e-01 -1.027132701832e+00 
 5.952268298660e-01 -5.404057286631e-01 -3.622518323609e-01 
 1.801799014584e-01 -6.549163347620e-01 
-2.129334592268e-02  7.095221802950e-01 -1.991940470808e+00 
-3.290790793452e-02 -1.393794599339e-02 -2.937730081730e-03 
 1.083028550170e-01  5.012976564377e-03 -3.906441763494e-01 
-6.944976082930e-03  2.822399663770e-01 -6.127041293215e-02 
 7.767759634708e-01 -5.748402921488e-02  4.663048815441e-01 
-1.056334519459e+00  7.818017367783e-02 -1.259109274736e+00 
 8.462253674622e-02  1.966660565197e-01 -4.022814824667e-01 
 1.419551124069e+00  4.541473845033e-01 -3.492906727839e-01 
-1.941776036506e-01  4.570048111109e-01 
 9.931549790532e-03  2.637364861526e-01  3.662225652728e-01 
-8.019503683881e-01 -4.986458913835e-02 -2.980324309275e-01 
 1.731776374421e+00  7.927478837389e-02  8.808788234325e-01 
 1.538492448327e-04 -1.374629701525e-01  2.131018878494e-02 
 2.385020990646e-01 -1.169537278244e-02 -5.497203099432e-01 
-8.485202342069e-01  2.388459553567e-02  1.335698999243e+00 
 3.483089694084e-01 -1.032398571060e+00  8.820161454118e-02 
-2.445755992315e-01 -1.993668958565e-01 -7.017516599006e-01 
-7.082018298651e-01  1.740184318080e+00 
-2.611995190494e-02  7.560028601036e-01 -1.621705114452e+00 
-3.087246910007e-01 -1.258298806622e-02  1.643842700804e-01 
 4.184080536066e-01  3.180352287007e-02 -3.380097837012e-01 
-3.354058818573e-02  3.816876516463e-01 -1.948395108372e-01 
-4.298449574992e-01  3.338818919577e-02  6.267328723739e-01 
 5.066627946815e-01 -4.648822793498e-02 -8.378592771199e-01 
 1.207655509120e-01 -1.074660236466e-01 -1.628957784295e-01 
 4.018011848924e-02 -8.593310615858e-01  1.356226818919e+00 
-2.389834605313e-01  6.924745055667e-01 
-2.866021847867e-02  1.098645050863e+00 -1.981571275780e+00 
 5.120005903817e-01  2.090269117291e-02 -5.465122646170e-01 
-1.315113098009e+00 -4.053880761392e-02  6.917421989323e-01 
-3.564613975773e-03 -8.449297018587e-03  1.920767418860e-01 
-2.332119645272e-01  6.201156150571e-03 -2.700303919376e-01 
 7.993556062112e-01 -1.974499573783e-02  3.943263440988e-01 
-8.364874444530e-01  2.069554167529e+00 -1.931651132733e-01 
-3.443486067938e-01  1.406236162501e-01 -6.278504950558e-02 
-4.496305913392e-01  3.516002548601e-01 
 2.509540961859e-03 -6.310974645884e-01  1.766333204998e+00 
-2.086124404361e-02  3.329340526701e-03 -2.803796738383e-02 
-1.367669250106e+00 -4.139203380690e-02  5.192713535760e-01 
-7.252962368567e-03  1.308926429190e+00 -2.879513306228e+00 
-3.439431907896e-01  7.722798596577e-03 -1.020075409397e-01 
 1.507552964561e+00 -4.177164517273e-02  1.472914102206e-01 
 4.236763176469e-01  1.359946082103e-01 -1.626422078272e-01 
 1.818911413122e-02  6.623733248877e-01  6.875488407449e-01 
-5.421663918574e-01 -4.444091289548e-01 
 1.988197021142e-02  1.474669206410e-01 -2.608870087969e+00 
-6.030465057932e-03  7.812654129996e-03 -3.548248184376e-02 
-1.739760497569e+00 -4.739808161450e-02 -1.428355072961e+00 
-9.100338917669e-03 -1.399219203963e+00  3.554330981635e+00 
-3.470880511978e-01  8.260064810197e-03  1.819120167454e-01 
 1.809850103657e+00 -4.652850777877e-02 -1.490374609452e+00 
 6.886634441526e-01  5.859896870818e-01 -7.179397263326e-01 
-3.434129538090e-01  4.161967465875e-01  2.461600256399e-01 
-2.768902076266e-01 -5.677994986690e-01 
orbocc
(*)
 0.000000000000e+00  0.000000000000e+00  0.000000000000e+00 
 0.000000000000e+00  0.000000000000e+00  0.000000000000e+00 
 0.000000000000e+00  0.000000000000e+00  0.000000000000e+00 
 0.000000000000e+00  0.000000000000e+00  0.000000000000e+00 
 0.000000000000e+00  0.000000000000e+00  0.000000000000e+00 
 0.000000000000e+00  0.000000000000e+00  0.000000000000e+00 
 0.000000000000e+00  0.000000000000e+00  0.000000000000e+00 
 0.000000000000e+00  0.000000000000e+00  0.000000000000e+00 
 0.000000000000e+00  0.000000000000e+00 