2mocoef
header
1
MO-coefficients from MOLCAS
1
26   26
a
mocoef
(*)
 7.650482186672e-05 -5.029586749713e-04  5.379158771531e-03 
-3.687845222218e-06  1.361386677613e-05 -3.512614980143e-04 
 4.742856328108e-04 -1.104433135134e-04  3.175216038745e-03 
 9.959615755007e-01  2.409332064946e-02 -1.379626746884e-02 
 7.761336488042e-05  1.620812320757e-04 -5.322438870086e-04 
-3.346898439307e-04 -2.106594972778e-04  2.146674267027e-03 
-1.872020329965e-04 -2.604792184866e-04  2.827835556636e-05 
 1.806298468355e-03 -1.057041998583e-04  1.723432197952e-03 
-1.676522821220e-04  4.246033955711e-04 
 9.959211605975e-01  2.528987738292e-02 -1.314473948925e-02 
 1.085032474675e-04 -6.652042935887e-04  8.872162550765e-04 
-3.519437983749e-05  6.557633776164e-04  1.006050157488e-03 
-2.993674233198e-04 -2.494291006467e-04  1.090204307697e-03 
 1.199103000886e-04  6.660340373756e-05  4.362930337410e-04 
-2.881619610339e-04 -1.268119348077e-04  2.975916735367e-05 
-3.818753869602e-04  3.501149099477e-03  1.009686816071e-04 
 3.420699461857e-04 -1.668272607486e-04  7.799441667214e-05 
-1.415667384528e-04  3.600272746771e-03 
-1.005664671260e-01  2.057930523890e-01  3.666614198131e-02 
 1.333388132753e-02 -1.411728568623e-02  1.082660279630e-01 
-1.873132571645e-03 -3.795612286414e-03 -3.648085566635e-02 
-1.966612018883e-01  4.270671953195e-01  4.320239942959e-01 
 1.555618700546e-02  9.558267431801e-03 -3.592403261174e-02 
 1.735473349453e-02  6.384433561545e-03 -1.836394408471e-02 
 5.102674795006e-02  5.665319286321e-03  1.215171733892e-01 
-1.132867842875e-02  1.172225531222e-01 -7.878986151087e-03 
 4.291413187308e-02 -6.212707424503e-03 
 1.712487011241e-01 -3.592342911864e-01 -2.780279396600e-01 
-4.374177085223e-03  4.523827134168e-02  1.085349011317e-01 
 7.262999528791e-03  1.845051165268e-02  3.126939554793e-02 
-6.854105889745e-02  1.514812884242e-01  2.142681164723e-01 
-7.402376940543e-02  4.244515081645e-03  2.249710442456e-01 
-4.618942327822e-02 -2.014475026502e-03  9.142586797607e-02 
-1.696595108119e-01 -3.057756954744e-02  6.934138997322e-02 
 4.042436472055e-04  1.458274679693e-01  5.354505360427e-03 
-1.833134459946e-01 -2.946760941166e-02 
 2.993525974936e-02 -6.236645565763e-02 -1.111014596383e-01 
 1.894180636245e-01  1.294195745333e-02  1.848383701033e-01 
 2.767133059225e-02  6.518234248354e-03  2.216211845516e-02 
-6.522874444953e-03  1.387330702891e-02  3.075313608358e-02 
 4.221765871130e-01  3.569401820572e-02 -1.769645060121e-01 
 2.554145961682e-01  1.843724427562e-02 -1.035053206337e-01 
-1.009904357627e-03  1.211664697180e-02  1.531186661322e-01 
 1.906247967609e-02 -2.242094535876e-01 -2.385548409098e-02 
-1.546185340082e-01 -6.096507994848e-02 
 7.646099980171e-03 -2.191562346085e-02  1.834555495008e-02 
-3.799741127552e-01  3.529968923362e-02 -1.674177684921e-01 
-2.149289050955e-01  8.333760813171e-03 -4.306834216223e-02 
-4.705763078286e-04 -3.107518538894e-03  3.711400156718e-02 
 2.806038426524e-01  4.121428830409e-02  1.761781119425e-01 
 2.081499984258e-01  2.177750172255e-02  7.625056037304e-02 
-1.862524876684e-01 -6.959395712154e-02  2.098188250492e-01 
 6.114409333992e-02 -9.388876599147e-02 -3.074770477572e-02 
 2.470098005599e-01  8.173409318643e-02 
-1.427447339937e-02  3.226966628279e-02  2.833321866256e-02 
 4.586315117530e-02  2.894185764995e-01 -1.548767244354e-02 
 3.641952341159e-02  1.286159458526e-01 -8.759458867204e-03 
 7.776148769980e-03 -2.066055781625e-02 -2.092486385716e-02 
-6.032430265405e-02  5.533423112637e-01  1.252226449800e-02 
-4.896682458594e-02  3.825640383953e-01  5.353667140854e-03 
 2.410757321464e-02  1.394289581097e-02 -3.017310957247e-03 
-4.519503537664e-03  1.260660356999e-02  8.463603146945e-03 
-1.158173815877e-02 -2.646058206662e-03 
-2.804330420984e-03  1.630351927928e-02 -1.151059351248e-01 
-2.778297708461e-01  4.471265895846e-02  3.279040878302e-01 
-1.160155570293e-01  2.013780162918e-02  2.168410714561e-02 
-1.687790039428e-02  4.324781137798e-02  5.639131024817e-02 
-1.013126386984e-01  1.327155194326e-02 -3.926380290261e-01 
-4.763014869729e-02  2.659825627916e-05 -2.118409162866e-01 
-2.421900112744e-01 -1.061839984584e-01 -1.224014815557e-01 
-1.102681116873e-02 -8.282804844714e-02 -3.003993706381e-02 
 2.063427139307e-02  1.701491779709e-03 
 2.110284055588e-02 -4.924914594046e-02 -9.986545325382e-02 
-5.062347688104e-02 -5.913089227318e-01  3.094785941104e-02 
-5.208360876572e-02 -5.243094774194e-01  1.005858758043e-02 
-1.221601846455e-03  4.732371740811e-03  5.799720012738e-03 
-2.769298980674e-02  3.791965833169e-01 -1.718057742050e-02 
-2.790739642075e-02  3.991600719541e-01 -9.926861023685e-03 
 3.816389779012e-02  2.936330268564e-02  2.717489800925e-02 
 2.350743185104e-02 -1.540846855369e-02 -2.097952905341e-02 
 6.640802163705e-03 -6.854960846712e-03 
-1.264898965505e-03 -1.662293165218e-02 -1.801645998778e-01 
-4.422007892653e-02  5.305630633625e-03  9.260795745467e-02 
-1.283608246367e-01  6.797909883144e-02  4.555694635360e-01 
 1.068900311176e-01 -1.690374227262e-01 -1.730941187483e+00 
-8.308306337703e-02 -2.172589815001e-02 -1.236635407222e-01 
-2.068992811061e-01 -8.245703452260e-02 -3.348179147498e-01 
 9.755959116486e-04  4.448594468160e-01  9.795308171446e-02 
 1.350741071127e+00  4.388005011447e-02  8.342084159107e-01 
-3.468747966951e-02  1.458285402823e-01 
-1.543403866787e-02  1.851685080709e-02  2.099761608292e-01 
 1.364501178990e-01 -2.195588287115e-02  2.503375847550e-02 
 2.740539453603e-01 -1.052258600427e-01  7.872973491405e-02 
 2.958185640125e-02 -4.372759589800e-02 -5.431794092407e-01 
 2.990516178895e-01  3.632810444878e-02 -4.874352180105e-02 
 9.061800954199e-01  1.189753695223e-01 -1.308165154990e-01 
-4.905862556123e-02 -6.708844287514e-01 -7.787821581183e-02 
-1.017048964171e+00  1.020139434091e-01  1.658325977248e+00 
 4.250777660674e-02  4.539346127965e-01 
 1.241236513951e-01 -1.795285987794e-01 -2.790929593769e+00 
-1.099849036293e-02  5.195930347760e-02  9.732569401613e-02 
-8.186812930085e-02  2.417640580479e-01  6.709880032243e-01 
-3.324554895704e-02  5.771646552059e-02  4.159364542995e-01 
 4.544824589611e-02  6.258918938352e-03 -3.353411497937e-02 
 1.377353842779e-01 -3.875388193525e-02 -2.502517825792e-01 
-2.278089854864e-03  1.744250375134e+00 -2.421811576854e-02 
-3.556772758431e-01 -1.748507975482e-03  5.820008290924e-02 
 1.170874340282e-02  1.793948505631e+00 
 1.536305095798e-02 -9.504182480031e-03 -3.796824524613e-01 
 3.073925418683e-01 -4.326686495118e-02 -3.537493293037e-03 
 1.809141764136e+00 -1.424518135733e-01 -9.284582250745e-02 
-6.760815630833e-03  2.542666391774e-02  8.564294350111e-02 
-1.624659281720e-01 -1.189132986441e-02 -6.975485565209e-02 
-8.322791582808e-01 -6.373715779257e-03 -1.947338715845e-01 
-3.464582328759e-02 -2.026811546068e+00 -2.740544382371e-02 
 8.695861983532e-01  5.564436719282e-02 -6.082554770714e-01 
 3.019069385940e-02  2.110510468764e+00 
-5.685629471055e-02 -5.232810809707e-02  1.890437525746e+00 
 6.633622024378e-02  8.109237138326e-03  1.325400145256e-01 
 3.655318840523e-01 -3.280291772172e-02  2.815391768841e+00 
 5.772704737756e-02 -6.153942488744e-02 -2.021544858624e+00 
-6.033558731540e-03  6.745243515389e-03  3.194228044897e-01 
-1.254492569948e-01 -5.028904387751e-02  1.888950034490e+00 
 2.864498563712e-02  7.738285495574e-02 -5.194236888937e-02 
-5.596035194878e-01 -2.435730808320e-02 -8.866681771878e-01 
-3.505338673496e-02  1.247128619167e+00 
-5.984516108398e-03  1.093632387436e-01  4.936924737415e-02 
-5.673219091181e-01  7.170007346846e-02  4.136012062404e-02 
 1.644336670339e+00 -1.974965902880e-01  5.067184022327e-01 
 9.043885485526e-03  2.427106717401e-02 -4.122332960574e-01 
-9.286814349208e-02  6.174108596588e-02 -1.108010123964e-02 
 9.970993940693e-02  2.872399280131e-02  2.801011498792e-01 
-4.198634987336e-01 -3.561646442524e-01 -3.286044243483e-01 
-5.918183696219e-02  3.177511530488e-01 -5.950763679197e-02 
 4.521526309543e-01  6.581722526031e-01 
-2.218344959227e-02  2.052975422455e-01  5.445541441271e-01 
 1.043696035323e-01  8.989980163725e-01  3.459772088658e-01 
-2.169562594017e-01 -1.078750995853e+00 -4.275924400029e-01 
 1.920343943355e-02 -3.600779747875e-02  4.278072652974e-02 
-3.885573309955e-02  2.185754986183e-01 -6.602941881634e-02 
 3.090709006748e-02 -1.071381580841e-02  5.100481524968e-01 
-5.937495170650e-02 -1.519344674246e-01 -9.273566984311e-03 
-8.858118735418e-03 -4.263121445687e-02 -1.532829091535e-01 
-1.343599189919e-01 -2.629130101166e-01 
 3.125291554525e-02 -4.183412423443e-01 -9.706489158927e-01 
 6.858379391943e-02  4.016001089035e-01 -9.045241862771e-01 
 7.646318676377e-02 -3.959689822365e-01  5.030680893243e-01 
-4.790238023098e-02  6.134288038302e-02  1.067632378001e-01 
-1.886803072492e-02  8.651699426712e-02  1.021324690241e-01 
-2.702761890311e-02  3.246980207765e-04 -1.377356628217e+00 
 8.601524113602e-02  1.388939943773e-02  9.419592487148e-02 
 2.252896745400e-01  4.598787101132e-02  3.637510048419e-01 
 1.801518160593e-01  1.858516362372e-01 
 2.549945222441e-02  6.403073404954e-01 -1.407004495808e+00 
 4.165953084997e-02  2.251709191391e-01 -4.697279792449e-03 
-1.400760153264e-01 -4.788191371443e-01  5.729717303796e-01 
 8.995637788244e-04  1.373978231944e-01 -2.274570475669e-01 
 3.493920748867e-02 -8.272727601257e-01 -1.267908672155e-01 
 4.626768073703e-02  1.090607439103e+00  2.080340159856e-01 
 2.456774007366e-01  5.156511515184e-01  1.572748089929e-02 
-6.868730396148e-02  9.724973502049e-02 -3.836586428579e-02 
 2.586746922341e-01  4.237034605006e-01 
 5.937692074491e-02  1.154481071864e+00 -2.699967550140e+00 
 1.037518705689e-01 -9.086734132711e-02 -6.548622398036e-02 
-4.646319958051e-01  6.045601113107e-01  1.160395213966e+00 
-4.411965911637e-04  2.466339637995e-01 -4.189843210263e-01 
-1.088338329706e-01  4.392792450178e-01 -2.575021128158e-01 
 2.632050208337e-01 -7.055803553493e-01  3.892054008960e-01 
 5.235635554665e-01  1.132699603848e+00  7.268435910304e-02 
-1.208438020065e-01  7.656817480251e-02 -2.242410956839e-02 
 4.526563230919e-01  7.877177435165e-01 
 5.732546041486e-02 -4.387696409490e-01  1.421730484915e+00 
 7.949843789168e-02  1.093945354894e-02 -3.014247363944e-01 
-1.198654937495e-01 -6.168361949530e-02  5.694713249214e-01 
-6.657257370853e-02  1.099002966632e-01  3.805278052569e-04 
 2.097868540469e-02 -1.135008798173e-02 -5.042268878951e-01 
-7.702247872110e-03  6.112469529616e-02  1.493715213814e+00 
 2.692530362813e-02 -4.559625686790e-02 -8.284704009157e-01 
 3.086076486459e-02 -7.237215280332e-01 -2.329992451836e-01 
 1.063703778949e-01 -2.485669717439e-01 
-9.552583762680e-03  3.973562123229e-01 -1.071558643991e+00 
 8.985516130536e-02  1.944241515609e-03  8.484145491538e-02 
 6.683883217598e-02  4.497627117259e-02 -2.866040681271e-01 
-1.565922492831e-02  2.791919854203e-01 -2.038338946196e-01 
 9.225327050617e-01  1.045162875472e-01  3.467455485131e-01 
-1.341976431582e+00 -1.526355962286e-01 -6.420806861332e-01 
-1.856091456605e-02  1.563181706685e-01 -6.779525725486e-01 
 1.642294035605e+00  2.927287623473e-01 -6.933488754115e-01 
 1.045180305336e-02  1.134672019694e-01 
 2.652841245282e-02 -5.326703896423e-01  1.623822568074e+00 
-3.508122080546e-01  5.539399704781e-02 -2.047484180949e-01 
 1.253316985560e+00 -1.028528753753e-01  8.625811678146e-01 
 3.646334716555e-02 -4.373674881163e-01  8.483774328289e-02 
 5.237741326632e-01  3.584886579002e-02 -7.551300035107e-01 
-1.318534212887e+00 -9.524732123370e-02  1.350342077492e+00 
 2.371065144437e-01 -9.641961461591e-01  4.602857280771e-01 
-2.221057064336e-01  4.945807186407e-01 -1.547650775532e+00 
-1.090549118830e-01  7.961012213419e-01 
 4.503843699458e-03  2.041936586679e-01 -6.439817279356e-01 
-9.319967275011e-01  1.100115930816e-01  9.382342460511e-02 
 2.355212812663e+00 -1.488731315827e-01  8.579420730466e-02 
-1.993902448194e-02  1.647261677536e-01 -1.541508977980e-01 
 9.508542615388e-02 -2.683583434807e-03  2.932207737938e-01 
-1.107564857090e+00 -4.480016877020e-02 -2.832773878547e-01 
 6.689669457934e-01 -1.822932437878e+00  1.957010400407e-01 
 2.840022587172e-01 -7.457273216300e-01  3.620327876263e-01 
-3.741106633557e-01  1.945905180823e+00 
-3.603008348406e-02  1.381463427429e+00 -3.011248950693e+00 
-5.810000822508e-04 -1.126583469365e-01 -6.256609198013e-01 
 6.052554821627e-01  1.390066370424e-01  5.430824624708e-01 
-2.192654224629e-04 -6.148509687303e-01  1.581534340311e+00 
 6.870369216583e-02 -9.377512543563e-04 -1.094949707468e-01 
-6.296021840455e-01 -7.033328771227e-03  1.136753660729e-01 
-7.855136273604e-01  1.032037643294e+00  1.087645493436e-01 
-2.471461759607e-01 -3.491098388521e-01 -4.369773602551e-01 
-6.182441329477e-01  1.685255373803e+00 
-1.590075030985e-02  9.482111834997e-02  1.276252341055e+00 
-3.033672679754e-01 -2.677633875625e-02 -3.702629328827e-01 
-8.184829379991e-01 -9.463639218601e-03  8.703842133337e-01 
-3.405783121452e-03  1.252225395129e+00 -2.870290050116e+00 
-1.914463351407e-01 -4.011377842018e-03 -2.639623320090e-01 
 1.327394269126e+00  5.672583767647e-02  6.184307037817e-01 
 5.611797291644e-02  3.110058963056e-01 -2.411496415207e-01 
-6.510317751420e-02  6.119675707073e-01  5.486259184040e-01 
-9.560123870268e-01  2.043288820838e-01 
 6.356450377888e-03  1.498281945563e-01 -2.271841212352e+00 
-2.262647495330e-01  2.417230553344e-02 -4.885312016310e-02 
-1.556039733703e+00  9.982089606308e-02 -1.521920605489e+00 
-1.243722353263e-02 -1.367037921824e+00  3.708051173164e+00 
-2.162982136858e-01 -1.320729537847e-02  1.550164737258e-01 
 1.833643864987e+00  1.452757346691e-01 -1.341127025822e+00 
 6.709274141665e-01  3.968911613290e-01 -7.980870221153e-01 
-4.567696851183e-01  4.721476010837e-01  2.182378430355e-01 
-3.983399831704e-01 -6.656373160510e-01 
orbocc
(*)
 0.000000000000e+00  0.000000000000e+00  0.000000000000e+00 
 0.000000000000e+00  0.000000000000e+00  0.000000000000e+00 
 0.000000000000e+00  0.000000000000e+00  0.000000000000e+00 
 0.000000000000e+00  0.000000000000e+00  0.000000000000e+00 
 0.000000000000e+00  0.000000000000e+00  0.000000000000e+00 
 0.000000000000e+00  0.000000000000e+00  0.000000000000e+00 
 0.000000000000e+00  0.000000000000e+00  0.000000000000e+00 
 0.000000000000e+00  0.000000000000e+00  0.000000000000e+00 
 0.000000000000e+00  0.000000000000e+00 