2mocoef
header
1
MO-coefficients from MOLCAS
1
26   26
a
mocoef
(*)
 8.400057263651e-05 -4.827250580950e-04  5.415963663565e-03 
-2.433057692418e-05 -4.508782145077e-06 -3.110583188937e-04 
 4.666294105205e-04 -1.285320669503e-04  3.183369650237e-03 
 9.959525766996e-01  2.410928702018e-02 -1.377201004667e-02 
 1.137799092276e-04  1.644691410463e-04 -5.673100935059e-04 
-3.295461389192e-04 -2.229082310544e-04  2.209547283987e-03 
-2.027730741569e-04 -2.711430268096e-04  2.825817640877e-05 
 1.801330065617e-03 -1.347796213487e-04  1.692987365469e-03 
-1.615255869754e-04  4.250998660843e-04 
 9.959748410376e-01  2.504586449020e-02 -1.338708232092e-02 
 1.694280339806e-04 -3.663394248436e-04  7.862232900911e-04 
-2.798296684219e-05  7.029586949287e-04  9.892116059091e-04 
-3.230359378365e-04 -2.207665100303e-04  1.273067658573e-03 
 5.895511669858e-05  9.810789734945e-05  2.605884390657e-04 
-3.104447841327e-04 -1.084170115282e-04 -1.260560790219e-04 
-2.807336669700e-04  3.536577720551e-03  3.002626896707e-05 
 3.301681294543e-04 -1.664367413340e-04  9.685790904360e-05 
-1.224687437603e-04  3.597114278925e-03 
-1.060856552840e-01  2.211893938367e-01  3.946636119058e-02 
 1.448992903726e-02 -1.035997344911e-02  1.266401932807e-01 
-1.933784817921e-03 -1.847082710060e-03 -3.575886044373e-02 
-1.941607482782e-01  4.179014502784e-01  4.269553759801e-01 
 1.747915661795e-02  1.332492266946e-02 -5.993354517140e-02 
 1.853220766316e-02  9.026166050580e-03 -2.981004370217e-02 
 5.100030149947e-02  3.970076270775e-03  1.144574205238e-01 
-1.114968801250e-02  1.069948395976e-01 -7.972882806767e-03 
 4.193581851929e-02 -8.381980831150e-03 
 1.689499383989e-01 -3.612921468654e-01 -2.672084167760e-01 
 7.299951904509e-04  2.993078540683e-02  9.937855544602e-02 
 6.606514935728e-03  8.630411012085e-03  3.106834985186e-02 
-7.399365316585e-02  1.613667757131e-01  2.231271538216e-01 
-5.316981275224e-02 -7.850189888458e-03  2.431303820238e-01 
-3.366826705829e-02 -9.195717601236e-03  1.009513157836e-01 
-1.607394602094e-01 -2.564479913500e-02  8.700090626495e-02 
 3.661873631004e-03  1.471748721915e-01  6.450935574742e-03 
-1.785317207251e-01 -2.682875737066e-02 
 2.814489270632e-02 -5.356703588070e-02 -1.412089880603e-01 
 1.262659192623e-01  2.469160726107e-02  3.421095308636e-01 
 1.736652886372e-02  1.100349203167e-02  4.571352726363e-02 
-5.705559994250e-03  1.421659437228e-02  2.052510650419e-02 
 2.729908573103e-01  3.743710597172e-02 -3.440517104771e-01 
 1.646263961933e-01  1.944766344325e-02 -1.855919262029e-01 
-7.012313425064e-02 -2.206625755585e-02  4.011579897024e-02 
 1.376018596827e-04 -2.174920375365e-01 -3.084099139772e-02 
-1.796103251859e-01 -6.650937374420e-02 
 7.149920297438e-03 -2.506389671003e-02  5.539405683569e-02 
 2.981801545044e-01 -5.133335279817e-02 -2.353453573019e-01 
 9.036628813618e-02 -2.073748172394e-02 -2.179419241766e-02 
 9.998701791936e-03 -2.674937249315e-02 -2.492706193483e-02 
 3.087657506806e-01 -3.391936593276e-02  2.648021010468e-01 
 1.815876696155e-01 -2.101875593683e-02  1.350687391936e-01 
 2.040601404373e-01  9.091323714999e-02  1.963943672190e-01 
 2.932586007422e-02 -4.090858242384e-02  1.228153105809e-02 
-5.106459329201e-02 -1.661927144506e-02 
-6.862221790326e-03  1.593233748623e-02  1.092043805559e-02 
 1.453251342639e-01  1.758984427832e-01 -1.121175127844e-02 
 8.038887062605e-02  4.998363688969e-02  4.245722549868e-04 
 8.523977493105e-03 -2.210513621233e-02 -2.710371643950e-02 
-1.129598401122e-01  5.639107764142e-01  2.393897127577e-02 
-9.328590740899e-02  4.329532436213e-01  1.424320857738e-02 
 8.900295333704e-02  4.585740482252e-02 -3.028750494687e-02 
-1.382602539256e-02  4.327837551912e-02  1.548304394810e-02 
-6.781225947195e-02 -2.159940714234e-02 
 6.037685890485e-03 -1.613591526787e-02 -1.044800260518e-02 
-3.747948670945e-01  8.729631416995e-02 -8.893573693707e-02 
-2.035138284691e-01  2.677336710043e-02 -3.221343597023e-02 
-2.409936970821e-03  1.191122660321e-03  3.974535213072e-02 
 2.919414145283e-01  1.747556198384e-01  8.397025682092e-02 
 2.203105722059e-01  1.222644605262e-01  2.691396039760e-02 
-2.062481907264e-01 -7.729000388414e-02  2.007514657358e-01 
 5.894305323211e-02 -1.285123530167e-01 -3.411534503597e-02 
 2.201264227797e-01  7.525358476697e-02 
 1.935144215784e-02 -4.233204989666e-02 -8.604204921678e-02 
-5.784023013466e-02 -6.053519063158e-01  2.894261167304e-02 
-6.371380521859e-02 -5.753464275473e-01  1.296252806890e-02 
-2.079874913246e-03  7.245437966767e-03  4.539315306996e-03 
-1.582750792884e-02  2.722007059418e-01 -2.041998159277e-02 
-2.152948176532e-02  3.760972999420e-01 -6.040447249126e-03 
 3.041515653589e-02  2.498416516549e-02  2.418003791808e-02 
 2.277638005415e-02 -1.867861652129e-02 -2.542504883280e-02 
 1.028929138855e-02 -1.412956986238e-02 
 9.797864999809e-04 -2.317064491298e-02 -2.241471671150e-01 
-5.034020435313e-02  5.817499384700e-03  9.825340469615e-02 
-1.472033986333e-01  7.651665754873e-02  5.096644016709e-01 
 1.071876419296e-01 -1.654683594973e-01 -1.751653443056e+00 
-8.197070673422e-02 -2.169031955151e-02 -1.152995077645e-01 
-2.065452368044e-01 -8.472230031320e-02 -3.164596776617e-01 
 3.956483264309e-03  5.226248928138e-01  9.478220706959e-02 
 1.337030965700e+00  4.102303956677e-02  8.175925813480e-01 
-3.547053518948e-02  1.802874986034e-01 
-1.759784273818e-02  2.203894319301e-02  2.555032976737e-01 
 1.564850936902e-01 -2.349144563387e-02  2.429479575725e-02 
 3.468225820287e-01 -1.165754302866e-01  8.812866159287e-02 
 3.167225046098e-02 -4.528524730204e-02 -5.834703043460e-01 
 2.843923918221e-01  3.460695238214e-02 -4.815902189832e-02 
 8.713305178340e-01  1.186595839305e-01 -1.271069638338e-01 
-5.120103501741e-02 -7.853027421702e-01 -7.513380274714e-02 
-9.620864824743e-01  1.016038266682e-01  1.636250005032e+00 
 4.473649962492e-02  5.215796414882e-01 
 1.229194263385e-01 -1.831683603776e-01 -2.752875982541e+00 
-1.109328954915e-03  4.735302787575e-02  1.048353344969e-01 
-3.998856819178e-02  2.320630226666e-01  6.623296941235e-01 
-3.522581795190e-02  5.913230636771e-02  4.474299117108e-01 
 4.933839333123e-02  7.776445099925e-03 -3.265087412627e-02 
 1.464685458954e-01 -3.244286439209e-02 -2.275152448720e-01 
-2.051794026339e-03  1.673793043986e+00 -2.947909332918e-02 
-4.020533526306e-01 -1.567273497607e-03  4.873287043320e-02 
 1.488776447523e-02  1.832838276784e+00 
 1.379405515852e-02 -8.727316670338e-03 -3.378178876754e-01 
 3.065586605688e-01 -4.559633274652e-02 -3.901636412336e-03 
 1.779435290024e+00 -1.390161584325e-01 -9.759925185755e-02 
-6.308408974441e-03  2.332466072105e-02  8.134877318085e-02 
-1.784855399073e-01 -1.324105137086e-02 -6.874994575145e-02 
-8.871239028993e-01 -1.310349663278e-02 -1.842643740605e-01 
-3.428264043822e-02 -2.009009200423e+00 -2.238452829604e-02 
 9.427465655610e-01  4.843700521217e-02 -6.826340457384e-01 
 2.752494069908e-02  2.050774372791e+00 
-5.743130917863e-02 -5.287579509272e-02  1.912160223772e+00 
 6.782757251383e-02  8.688214045171e-03  1.253040642300e-01 
 3.545019101013e-01 -3.057141908729e-02  2.809101262262e+00 
 5.705145172533e-02 -5.472460746641e-02 -2.012879700144e+00 
-7.311096769174e-03  4.232967925090e-03  3.260800744390e-01 
-1.280793153530e-01 -5.088310447830e-02  1.895060057520e+00 
 3.418916148514e-02  7.670227207370e-02 -4.644434676648e-02 
-5.694381338896e-01 -2.121682824686e-02 -9.079767597858e-01 
-3.240023507686e-02  1.222632013641e+00 
-5.851048684290e-03  1.091808374752e-01  3.820596052173e-02 
-5.717907654973e-01  7.242780597705e-02  3.817555293580e-02 
 1.702176646686e+00 -2.035847578460e-01  5.235360160534e-01 
 9.173787289695e-03  2.395013063489e-02 -4.199318859000e-01 
-9.269783184938e-02  5.596942051459e-02 -7.274303776676e-03 
 7.100667481952e-02  3.674339763885e-02  2.743952914957e-01 
-4.123310407602e-01 -3.961605788072e-01 -3.175698704273e-01 
-5.870688217365e-02  3.108913264827e-01 -5.984767380968e-02 
 4.501919552539e-01  7.102705075985e-01 
-2.453996421298e-02  2.339754856671e-01  5.378460298766e-01 
 1.005534437309e-01  9.019033348760e-01  3.789476300725e-01 
-2.113365561933e-01 -1.069567869336e+00 -4.484041639083e-01 
 2.209061088076e-02 -3.638384403019e-02  2.904282044766e-02 
-3.637983436950e-02  2.000323966119e-01 -5.326075094855e-02 
 2.823625446965e-02  1.046376556254e-02  5.233127770425e-01 
-5.924856993403e-02 -1.526258137806e-01 -5.634151318635e-03 
-4.694691238043e-03 -3.179482996327e-02 -1.588384901776e-01 
-1.349108664262e-01 -2.615604124976e-01 
 3.398211671042e-02 -3.961210327908e-01 -9.937289376986e-01 
 7.839412856509e-02  4.353016364780e-01 -9.084477912467e-01 
 4.986672468685e-02 -4.214372362010e-01  5.412042667355e-01 
-4.997952970373e-02  6.207515497631e-02  1.212416035055e-01 
-2.019161157102e-02  8.528622205451e-02  6.541166613532e-02 
-2.381681203164e-02  8.779443105310e-03 -1.297838558205e+00 
 8.899506001367e-02  5.409297483556e-02  7.478916276191e-02 
 2.121435961890e-01  2.669176847004e-02  3.379185219541e-01 
 1.791340434125e-01  2.039415887046e-01 
 5.038704451663e-02  1.171851031854e+00 -2.680079961956e+00 
 8.877432702269e-02  1.335423892120e-01 -1.808729541364e-02 
-3.599387948594e-01 -7.024194815322e-02  1.040362119066e+00 
 1.754441075993e-03  2.338035744136e-01 -3.701739719808e-01 
-1.914326051265e-02 -5.020582080144e-01 -2.156036053709e-01 
 1.643117365708e-01  5.726868148091e-01  3.241384696598e-01 
 4.710473615547e-01  1.038673558533e+00  5.544763898239e-02 
-1.030739873178e-01  1.300407609248e-01 -3.682825640520e-02 
 4.439914527751e-01  7.770607734754e-01 
 3.731172110646e-02  6.935824965770e-01 -1.671268798917e+00 
 6.621870413923e-02 -1.951585666840e-01 -4.011329235052e-02 
-3.257803196989e-01  7.396551579684e-01  6.886974504534e-01 
 2.469081431503e-04  1.400506740220e-01 -2.352190546985e-01 
-1.089350968775e-01  8.137924077633e-01 -1.437168130128e-01 
 1.951444412205e-01 -1.150050921230e+00  2.002422959099e-01 
 3.187475521687e-01  7.258571433507e-01  5.952556082353e-02 
-5.538674435333e-02  2.630021683946e-02  1.512244581567e-03 
 2.562030896104e-01  4.734847442903e-01 
 5.763950234311e-02 -4.018634134834e-01  1.440240084378e+00 
 8.596588576539e-02  1.180709970163e-02 -2.667257262638e-01 
-1.519269359537e-01 -5.502287173741e-02  6.075255496149e-01 
-6.394342262342e-02  1.170592933868e-01 -4.631382230102e-02 
 1.375463578868e-02 -9.507135267601e-03 -5.316146470931e-01 
 1.729312071114e-02  5.485374332307e-02  1.590174372327e+00 
 3.354947076686e-02 -7.413300688299e-03 -8.212873989690e-01 
-1.274523153932e-03 -7.077394946395e-01 -2.588947878449e-01 
 1.197903870335e-01 -2.541663677014e-01 
-1.090909389845e-02  4.045769385354e-01 -1.116505825368e+00 
 1.132534687580e-01 -3.995872786487e-03  7.704421290560e-02 
 5.830244077989e-03  5.033426811906e-02 -3.246711742820e-01 
-1.780987167965e-02  2.778271123714e-01 -1.638470767698e-01 
 9.058620318788e-01  1.012414873056e-01  3.725733008580e-01 
-1.282178756853e+00 -1.445710271502e-01 -6.885317262997e-01 
-5.333157863040e-02  2.121417694794e-01 -7.058012356472e-01 
 1.635600727876e+00  2.704604777302e-01 -6.403363057801e-01 
 1.231164553917e-02  6.574694572106e-02 
 2.328625999393e-02 -2.640474577385e-01  8.110138208577e-01 
-8.596259685330e-01  1.128300593862e-01 -9.055917626459e-02 
 2.427897039385e+00 -1.717809904564e-01  7.065172231596e-01 
 1.465403456404e-02 -2.017806178261e-01 -7.901305288633e-02 
 4.953120872910e-01  3.034307951433e-02 -3.847256141854e-01 
-1.728771702383e+00 -1.055559486378e-01  8.355938025769e-01 
 6.299286517599e-01 -1.899202318319e+00  4.456927852491e-01 
 6.848307926614e-02 -7.315911253578e-02 -9.632596763284e-01 
-3.347883066991e-01  1.847189503371e+00 
 1.289193463871e-02 -4.847946790985e-01  1.533226691659e+00 
 4.905028832654e-01 -4.625145635515e-02 -1.784206357104e-01 
-9.905587382050e-01  4.695460288094e-02  4.901033588501e-01 
 4.025255163933e-02 -3.810264623184e-01  1.024409839356e-01 
 2.761626520374e-01  2.623553893971e-02 -7.011012162002e-01 
-2.311568496399e-02 -3.036594498734e-02  1.075384965819e+00 
-3.609450898225e-01  7.807680128429e-01  1.533177338003e-01 
-3.297316151689e-01  9.050955366504e-01 -1.270469944537e+00 
 2.366356435992e-01 -9.872185584294e-01 
-3.631256650412e-02  1.360158113934e+00 -2.856541481267e+00 
-1.930027452928e-02 -1.131810297390e-01 -6.384048863757e-01 
 5.779663168312e-01  1.373032612962e-01  6.047346266473e-01 
 8.250873219291e-04 -5.578410127707e-01  1.419096484179e+00 
 5.862329111753e-02 -2.853711694316e-03 -1.402532361269e-01 
-5.696433467110e-01 -4.614023293651e-03  1.983562134646e-01 
-7.878932934123e-01  1.031089793157e+00  1.076032538383e-01 
-2.725818058543e-01 -3.172932377455e-01 -4.302616174641e-01 
-6.724825321599e-01  1.696031501718e+00 
-1.380108104299e-02  4.370619412343e-02  1.294292625200e+00 
-2.973677519954e-01 -2.103210815993e-02 -3.340982656431e-01 
-9.462511384881e-01 -8.548852412074e-03  7.671052035027e-01 
-4.478304739226e-03  1.230238296379e+00 -2.788399352484e+00 
-2.082384053312e-01 -5.054700267727e-03 -2.469948689302e-01 
 1.455942534424e+00  6.432453076824e-02  5.389384724618e-01 
 1.138802533557e-01  3.083874173376e-01 -2.878148765360e-01 
-6.676048503817e-02  6.559521035095e-01  5.890681523238e-01 
-9.304116900707e-01  7.095529145764e-02 
 6.620191130247e-03  1.428846688534e-01 -2.302591880637e+00 
-2.037670447097e-01  2.191588595896e-02 -3.917646189112e-02 
-1.533325918509e+00  1.017503128174e-01 -1.546891970949e+00 
-1.141026270047e-02 -1.426435212865e+00  3.827202180336e+00 
-2.094909205786e-01 -1.203997565488e-02  1.590448125945e-01 
 1.783949740412e+00  1.417811466609e-01 -1.347523997648e+00 
 6.533888227201e-01  3.999907292753e-01 -7.904902015777e-01 
-4.611881014713e-01  4.537962339767e-01  1.827460038422e-01 
-3.577626620059e-01 -6.836891817605e-01 
orbocc
(*)
 0.000000000000e+00  0.000000000000e+00  0.000000000000e+00 
 0.000000000000e+00  0.000000000000e+00  0.000000000000e+00 
 0.000000000000e+00  0.000000000000e+00  0.000000000000e+00 
 0.000000000000e+00  0.000000000000e+00  0.000000000000e+00 
 0.000000000000e+00  0.000000000000e+00  0.000000000000e+00 
 0.000000000000e+00  0.000000000000e+00  0.000000000000e+00 
 0.000000000000e+00  0.000000000000e+00  0.000000000000e+00 
 0.000000000000e+00  0.000000000000e+00  0.000000000000e+00 
 0.000000000000e+00  0.000000000000e+00 