2mocoef
header
1
MO-coefficients from MOLCAS
1
48   48
a
mocoef
(*)
-4.598898345107e-05  1.614783502685e-03  4.649820513914e-04 
-8.965033895588e-04  2.357214569647e-04 -1.249938928874e-03 
 8.792816572869e-05  1.282106346299e-04  6.302113183423e-04 
 3.566104920280e-05 -3.208805892264e-05  1.021601754430e-04 
-1.906601253140e-05  6.855196781459e-05  1.000559841091e+00 
-1.083702052728e-02 -9.414226065287e-04  1.313978960536e-04 
 3.182572147540e-04 -2.134171652346e-04 -2.579957795172e-04 
 3.772233029145e-04  9.879347234859e-04  5.154514131420e-04 
 3.345346189556e-04 -3.843217906841e-04  1.214928097994e-04 
 1.667100965262e-04  1.813496099388e-03 -8.670779382739e-04 
 1.120309436345e-04  2.293292387543e-05 -4.233657297154e-05 
-4.419719253763e-03  2.785790938621e-03 -3.434224187662e-04 
-8.720860569584e-04 -4.258795830496e-04 -7.174042809497e-03 
 4.238151407367e-03  1.370653068778e-03  7.018940314711e-04 
 1.157010386952e-04  8.842314537653e-04 -5.028665969264e-04 
-4.224290774668e-05 -2.733858895982e-05 -3.403889708801e-05 
 1.000913082961e+00  4.738121153958e-03 -5.293491404729e-03 
-1.095470602637e-03  1.604261902455e-03 -1.246178731765e-03 
 9.867842486843e-04 -1.112013443236e-03  5.022091470062e-04 
 5.943170521743e-04 -6.692453692181e-04 -2.728147432309e-04 
 2.755807123976e-05  5.530103998116e-04 -9.490103028880e-05 
 5.767213670551e-04  4.058511384571e-04 -3.116486093020e-06 
-1.191584832259e-04  1.461430884301e-06  2.569725140683e-05 
 2.599386604709e-04 -3.795980278485e-04  2.804069975154e-05 
-2.572626654980e-05  5.351745732718e-05  2.519531291045e-05 
 1.093639244964e-05 -7.367313148039e-04  1.591256525428e-03 
-5.823779417347e-04 -1.206381976194e-04 -2.540941578377e-04 
 2.904210098319e-04  1.911979256787e-04  2.728377898108e-05 
-1.084259070277e-05 -7.491993286373e-06  1.158683772382e-05 
 1.368296453088e-04 -2.266828505890e-05 -5.210442331024e-05 
-2.657283010304e-05 -9.979852019342e-04  1.598980381549e-03 
 3.295930225986e-04  3.135708154017e-04 -4.408527983972e-04 
 8.710598941289e-03 -8.110609887041e-01  1.279197513103e-01 
 6.707678569888e-02 -5.438785774033e-02  1.204416237637e-01 
-7.141790349631e-03  1.708016080757e-02 -5.066021155264e-02 
-6.309961948059e-03  7.913610715049e-03 -3.082696899157e-03 
 4.593666359303e-04 -5.286107855526e-03  1.713633216048e-03 
-1.189555979096e-01  2.394240435808e-02  4.743242098398e-02 
 5.126185673276e-02  5.970119888112e-02 -6.833881483589e-03 
-8.307007448378e-03 -1.390951840295e-02 -1.070926115790e-04 
-1.148009583731e-03 -3.722643161042e-03 -2.628781258400e-04 
 1.683429176074e-03 -3.850781936939e-01  1.765857163752e-01 
-2.794689515898e-02 -8.133534169510e-03 -8.865381614527e-03 
-1.156387260284e-01  5.921075489830e-02 -3.159353116273e-03 
-9.858634284726e-03  1.246321038537e-03  1.957393983139e-02 
-3.628937168904e-03  6.154774327677e-04  6.782951310661e-04 
 5.657705834878e-04 -3.757080551164e-01  1.680507387567e-01 
 1.887190603286e-02  1.367727507391e-02 -1.679537866249e-02 
 1.711738949081e-03 -8.603150472314e-02  1.387774747985e-02 
-5.392254167808e-02 -9.702593718907e-02  1.309019410590e-01 
 1.774208849659e-03  7.842239612643e-03 -2.666929094420e-02 
-2.515205878821e-03 -1.112651481358e-03  4.674772997268e-03 
-3.618103161117e-03  1.095536962513e-03  1.719318257649e-03 
 8.532836285266e-03  4.031593508460e-02 -4.687206581937e-01 
-4.595062977637e-01 -1.904716777834e-01  9.211126355965e-02 
 8.221709068520e-02  3.648423444684e-02 -5.571224272450e-03 
 7.935633125460e-03  7.171003880544e-03  2.724933510864e-03 
-1.315246877473e-02 -2.096316166962e-02  1.243663428492e-03 
-1.850796838111e-03 -2.390406746492e-03  2.361884149021e-03 
 5.053628974401e-01 -2.059046408104e-01  9.340982083296e-03 
 3.257104991463e-02  1.309239059374e-02 -5.528727859986e-01 
 2.374329723250e-01  3.231009330875e-02  1.402405215021e-02 
 4.834342334497e-03 -1.626820223838e-01  7.542619761888e-02 
 7.521023142349e-03  5.597200742010e-03 -4.764107914747e-03 
-1.060676408749e-03 -2.347997623832e-02  1.471872172641e-02 
-6.097064114417e-01 -2.948032017443e-01  1.066050104218e-01 
 9.095733165904e-02  4.240547410549e-02 -1.190075319669e-02 
-5.926473984864e-03  1.223445895611e-02 -8.508928257223e-03 
 1.809027964386e-02  1.897340525471e-02 -3.586555016496e-04 
 1.858449449877e-02 -2.798751993564e-02  1.005508095002e-01 
 1.081380136703e-01  3.043789788452e-02 -1.893105848163e-02 
-1.466010351369e-02 -3.063088525904e-03  1.247587904736e-03 
-9.411192385989e-04 -6.231891279829e-04  1.597139439891e-03 
 2.504164525515e-03  5.270754840484e-01 -1.967047617985e-01 
 1.832045570169e-02  1.437271196733e-03  1.265710571179e-02 
-6.763635302296e-02  1.831218033985e-02 -2.591019178590e-03 
-2.337419111056e-03 -9.543444546009e-03  1.365961504371e-01 
-5.411726564541e-02 -8.449951001431e-03 -3.694814047931e-03 
-1.261900022409e-03 -5.283408848320e-01  2.123151979509e-01 
 8.992827375983e-03  1.194626015071e-02 -1.872536165580e-02 
-7.752659136495e-03 -1.242092787469e-01 -1.128667165712e-02 
-7.609380240277e-02  2.062741833064e-01  4.822864276955e-02 
-2.875279335916e-02  4.205230958914e-02 -1.023960506300e-02 
-6.021958275401e-03  9.857115260511e-03  1.188613618946e-02 
-4.487506271231e-03 -3.428191413736e-03 -4.267477696817e-03 
 4.002428345301e-02  8.293822705514e-02 -2.399403172064e-01 
 4.692676505654e-01 -6.848930318941e-01 -2.124170152398e-02 
 3.086128637133e-02 -5.527575498579e-02  5.592156807265e-03 
-8.895359157179e-03  1.553799323702e-02 -2.340672459698e-03 
-1.439282425489e-03 -3.754111987253e-02  3.331217874889e-02 
-1.884112260196e-03  4.264525243416e-03  5.184758118156e-05 
-8.766172712034e-02 -3.294275388897e-02 -9.978388988870e-03 
 9.897256301023e-03 -1.100407272281e-02 -6.221374046358e-02 
 1.404595632943e-02 -2.718710795691e-03  1.564434510979e-02 
-1.993291287318e-02 -8.553797964326e-03  1.980917813082e-02 
-2.168790699443e-03  3.792297043051e-03  3.799895057103e-04 
 1.436867794087e-03  1.302644412596e-01 -1.969528050917e-02 
-5.354391697000e-02  8.895360592276e-03 -7.479367204912e-02 
 1.764188607723e-03 -4.780326345325e-03  1.780909609039e-02 
 1.522419079319e-03 -2.839341454207e-03 -6.403478890468e-03 
 5.848726133980e-04  3.018707390975e-03 -1.194299930491e-02 
-8.879811008606e-01  1.161280510392e-01 -7.711753438083e-02 
 2.400410938397e-02  2.806296411244e-02  3.985977864488e-02 
 7.687948879221e-03 -2.728143080460e-04 -6.702683482714e-03 
-2.883260060693e-03  2.268823974141e-03 -2.251388291133e-03 
-7.944449722064e-04  1.137712070966e-01 -5.228755722218e-02 
 6.133539311456e-03  2.036848925753e-03  5.093396241274e-04 
-2.647602258268e-01  1.359118915790e-01 -1.422957506931e-02 
-2.424905253879e-02 -1.265749367343e-02 -3.672189363540e-01 
 1.848867270087e-01  3.199760107867e-02  1.977460039668e-02 
 6.333754300027e-03  6.029604181806e-02 -2.706538766103e-02 
-3.492828503618e-03 -2.232279277863e-03  1.663640734197e-03 
 2.228340501941e-03  2.891052147278e-01  1.149650167750e-01 
 2.218602707335e-01 -2.990383661273e-01  3.961360195692e-01 
 7.089909100826e-04 -3.356219709753e-02  3.187340304086e-02 
 2.897761411273e-03  4.701071263452e-03  3.698310891853e-04 
-5.405947481199e-03 -1.710274277585e-03  2.995443094561e-04 
 5.085779627907e-02  7.775978817525e-03 -4.732961292139e-01 
 4.231361632316e-01  4.632453596605e-01 -6.479825810788e-03 
 7.598626055244e-03  2.798120957678e-02  1.652199779170e-04 
-4.852393209372e-03  9.907881482817e-03  4.037128565528e-03 
-2.166494679719e-03 -1.458895386410e-01  2.626117246192e-02 
-2.871436993034e-03 -8.074961957208e-03  4.042681765182e-03 
-2.186964113871e-01  9.348005887111e-02 -1.600859972779e-02 
-8.778513988650e-03 -1.254457098560e-02 -1.381447665513e-01 
 6.352782027742e-02 -4.739111039885e-03  1.612919618488e-02 
 1.607685032769e-02 -1.357819886686e-01  4.352948052265e-02 
 1.098782836183e-02 -2.090660579746e-03  2.469611123613e-03 
-1.386205612085e-04  2.595459543870e-01  8.489812426545e-02 
 2.340035880659e-01 -2.943711925251e-01  4.967809410702e-01 
 5.306889758699e-03 -2.326490169590e-02 -4.652637514350e-05 
 1.980512783444e-03  8.039618780835e-04  1.189452030218e-02 
-1.256959990861e-03 -5.028272118238e-03 -8.287664857326e-03 
-2.843403078769e-01 -5.789946076288e-02  4.125697377373e-01 
-9.938274699894e-02 -3.043653414575e-01 -3.676832974310e-04 
-1.148609131183e-02  1.244459601826e-02 -1.239449026432e-03 
 3.191118628251e-03  9.602900868628e-03 -8.217254814491e-03 
 4.859706123637e-03 -1.858438661921e-01  5.190246717930e-02 
-4.637931689600e-03 -7.403818389658e-03  5.026491911627e-03 
 5.317447508975e-02 -2.886459141664e-02  1.359911469756e-02 
-7.824903342346e-04 -2.106157364824e-02  1.341284175555e-01 
-5.194561873096e-02  4.922988426188e-04 -8.443378569836e-03 
-1.014878718877e-02 -1.852398995869e-01  6.983992589301e-02 
 1.255712281162e-02  9.930731524265e-04  2.414389932264e-03 
-8.089350847466e-03  1.479950759874e-01  2.264954261222e-01 
-1.774865827256e-01  5.152736848472e-01  4.548855192501e-01 
-7.926680490851e-02  2.397890164291e-01  1.689452029953e-01 
-1.042206254133e-02  2.888912708985e-03 -1.316797230407e-02 
-1.592364671361e-03 -5.192294277370e-03 -2.217923486092e-03 
-1.068180416516e-01 -9.120325111113e-02  5.104848564709e-02 
-1.646700318236e-01  2.869131859318e-01 -3.011334878639e-03 
-6.637290128713e-02  1.122876631789e-01 -7.389183476570e-03 
-7.017242722504e-03  1.095072840327e-02  3.266160934491e-03 
-1.889350738424e-05 -5.788124782037e-02 -7.583341771241e-02 
-7.166636660702e-03  1.406517778895e-02  1.051990569762e-02 
-9.003854746629e-02  1.203704361892e-04  4.112538641269e-04 
-1.602867001545e-03  3.576981426587e-03 -4.326337031666e-02 
 9.834866878591e-02  8.392513611728e-05 -7.550453711085e-03 
 7.803927973300e-03 -1.065808350446e-01 -6.755006272721e-02 
-2.003660905927e-03  1.686375160887e-02  1.146751487151e-02 
 2.058456904845e-02 -1.892828386673e-01 -7.306860104601e-01 
 2.213609189969e-02  5.546450081271e-02  3.899030249440e-02 
 2.919090059300e-02  2.100397154298e-02  7.203723520308e-02 
 1.434339707224e-03 -6.806258571123e-03 -1.130233307583e-02 
-9.885886150095e-03 -8.795965875569e-03  3.421768297547e-02 
-2.557882544684e-01 -9.150971833907e-01 -5.873878462415e-02 
 1.745560022912e-01  4.889598384634e-02 -8.197314646134e-02 
 1.438802868516e-01  5.112395784718e-02  7.212851160528e-03 
 8.796308277920e-04 -7.899472014056e-03  3.195011679766e-03 
-3.010359133486e-03 -8.856884638145e-03  4.205481354368e-01 
-2.288347845598e-05 -1.878164360684e-03  9.647336165250e-03 
 3.761204728585e-01  7.949888867868e-01 -9.039229653142e-03 
 2.382877558684e-03  3.460716998966e-03  2.705374329961e-01 
 5.143468014764e-01 -8.559720481114e-03  4.981717210033e-03 
 1.208861356706e-03  1.132186149105e-01  4.091742513113e-01 
-1.397440154802e-03  2.007144400011e-03  5.798571999957e-03 
-3.229993354694e-02  1.965303797432e-01  1.229965660098e+00 
-2.080699705652e-01  4.661768306259e-02 -3.044865756219e-01 
-3.771926320967e-01  2.190935080918e-02 -4.949414385150e-01 
 5.039787899550e-03 -1.635097833153e-02  5.038435154324e-03 
-6.503974674625e-03 -1.708225212588e-03  1.325377322840e-02 
-1.100682362910e-01 -3.790292019052e-01 -3.429665389447e-03 
 1.394250799401e-01 -4.127066550353e-02  1.856379100132e-02 
 1.231707454160e-01 -1.639318478769e-02  1.144348692287e-02 
 3.684975258517e-03 -8.258324927971e-03  5.238417092776e-03 
-2.252772189822e-03 -2.136490570256e-01 -1.485934101257e+00 
-6.301840900625e-03 -2.858950919888e-03 -1.772793167242e-03 
 2.781607335590e-01  5.672488465385e-01 -1.639883502517e-03 
-6.908876104449e-04 -6.902227412275e-04  1.646220556012e-01 
 1.241098911923e-01 -1.362804515395e-03  1.048859943470e-02 
 7.881116284844e-03  3.427273973201e-03 -7.956151720265e-01 
-2.467054520338e-03  4.513518398817e-03 -1.010198359066e-02 
 8.307679126026e-03  4.975467859279e-03 -1.422051636112e-01 
 1.028207788873e-01  1.447619502093e-01  4.798924178648e-02 
 1.656883709273e-01  1.739047171563e-01 -6.405431814928e-02 
 2.768006391723e-03 -1.284057883015e-02 -5.727748720441e-04 
-1.643204941968e-02 -1.280586029938e-02 -1.035681665892e-02 
 4.126838946394e-02  3.404449565493e-01  3.071396674672e-01 
 2.806031528874e-01  1.105105842891e-01  4.134652962598e-01 
 3.977998516158e-01  1.528814238255e-01  1.261807810512e-02 
-4.388493935200e-03 -9.247120279811e-03  3.911441479296e-04 
 1.001959089413e-02 -7.684493790562e-02  3.662606607552e-01 
-8.017524854039e-04 -1.418484374812e-03  1.004282872045e-02 
 9.950355142028e-02  1.070819525180e+00  2.233336285258e-03 
 1.740840028012e-03 -1.048338859805e-03 -6.179353489609e-02 
-1.556179734809e+00  1.530003617928e-02  1.197241064178e-02 
 5.431556222144e-03  1.151881710347e-01 -3.727780218427e-01 
 6.835937304790e-04  6.202459198865e-03 -5.712259836449e-03 
-5.670953532015e-03  6.484891321731e-02  3.801025384818e-01 
 4.006709968633e-01  2.044966861089e-01 -1.945565985495e-01 
 8.561125903515e-01  4.775041584711e-01 -3.909016844740e-01 
 2.374680172392e-03  6.380843669776e-04  2.585260204123e-03 
 1.512663250781e-03 -6.085784933826e-03  4.713849448271e-03 
-2.435638767396e-02 -1.757522278200e-01 -9.408011605893e-02 
-5.020626973162e-02 -6.653501345680e-02 -8.367472063937e-02 
-2.497601737594e-02 -6.304772272190e-02 -3.179683925723e-03 
-5.782453413484e-03 -1.008404287089e-03 -7.912026417896e-03 
-8.648393979645e-04  1.100171553179e-01  1.147945938754e+00 
 7.597915780470e-03  3.742929452994e-03 -2.078017265204e-03 
-6.268782607577e-02  2.216222834315e-01  2.450218350752e-03 
 5.254959920743e-03  9.843163986201e-03  7.959226737931e-03 
 3.493673527919e-01  1.123315176121e-03 -2.354651262368e-03 
-8.243549978378e-03 -1.545507137937e-01 -1.912717539535e+00 
 9.751785172801e-03  2.149893280720e-03 -3.007447442987e-03 
 2.691404480033e-02  1.520917206749e-01 -4.847482176213e-02 
 3.979378601268e-01  7.298251510081e-02  1.695013523997e-01 
-8.547194404973e-01 -3.879626322022e-01  1.774275620596e-01 
 4.053693227707e-02 -8.361123208429e-02  1.818865664253e-02 
-9.168248599703e-02 -1.056033206643e-02 -1.027025668363e-02 
-1.698612104674e-01  2.907161448937e-01  2.489706336025e-02 
-9.701580535622e-04  1.984187056482e-01 -2.239870929662e-01 
-1.272499327232e-01 -1.327745249080e-01  8.291211586952e-02 
 6.783489978293e-02 -2.632509977540e-02  5.596994957482e-02 
-5.673858419178e-03 -5.554500849927e-01  5.247415487180e-01 
-2.183791163173e-02 -9.339956533639e-03  6.263723133901e-03 
 1.226405803262e+00 -1.927834850493e+00 -7.162119692261e-02 
-3.893218187897e-02 -9.250985043246e-02  8.120546742545e-01 
-4.377155775519e-01  4.563794317737e-02  5.197909694121e-02 
 8.042168799193e-02  6.507936122288e-01 -3.078751204149e-01 
 1.494574211503e-02  1.057628680218e-02 -1.197984878402e-02 
-4.291025604849e-02  1.202956571536e-02  3.107208533929e-01 
 1.255763736643e-01 -1.298008761993e-01  3.867906347017e-01 
-4.488039898771e-01  2.440761818217e-01 -1.116768979631e+00 
-1.319433447609e-01  4.424289714466e-02  8.529142301261e-02 
-6.830625805987e-03 -1.317514567239e-01 -4.440915244763e-02 
-1.555372176779e-01  2.989716266179e-01  8.595150020011e-02 
-1.152836934166e-01  4.995486859481e-02 -4.651197606670e-02 
 3.559731362999e-02 -2.760398663879e-01 -1.309771635098e-02 
-2.003430601307e-02  2.414175790052e-02  5.423208758451e-03 
 6.789381908515e-03 -1.462549723937e+00  9.718241606671e-01 
 6.482359491364e-02  2.695439445915e-02 -1.280026235711e-02 
-4.107367976438e-01  4.844739862966e-01  1.098010480619e-02 
 1.052439018193e-02 -1.484655158640e-02 -1.620266550862e-01 
 2.519059823729e-01  3.044434848571e-03 -2.193419331849e-02 
 3.113193394655e-02 -8.663998025258e-01  4.463374758083e-01 
-6.783519129581e-02 -2.372273554647e-02 -2.249222892032e-02 
-4.965923081189e-02 -1.683140107464e-01  2.450874698746e-01 
-4.224431677922e-01  8.331715845437e-01  1.206939952103e-01 
 8.949961643175e-01 -6.874099950976e-01 -2.845745198527e-01 
-7.069002363807e-02  4.724530097008e-02 -1.310330481654e-02 
 1.081833295460e-01 -1.269308408387e-02 -1.965600532421e-02 
-1.301198484804e-01  3.627684257058e-01 -2.023635363969e-01 
 2.113887815636e-01  2.903158104762e-01  2.256730018360e-01 
-5.108051294048e-02 -2.786953236608e-01  7.137577079300e-02 
 5.094377788614e-02 -2.877454166102e-02  2.910493100623e-03 
-2.328481362188e-02  2.203031652052e-01  3.466827372082e-02 
 1.777374457769e-02  6.395579514944e-02 -5.587409897340e-02 
 9.586635555848e-01 -9.292319780256e-01 -2.229777854649e-02 
-1.000800419232e-01  9.155124679712e-03  2.277488146008e-01 
-4.346792690530e-01  2.780491082672e-02  7.348134717166e-02 
 1.306099071001e-02 -1.088993530420e+00  7.875272201270e-01 
-4.894307533308e-02 -1.028928964612e-02  5.268464635495e-02 
-2.292168635937e-02 -2.225385703722e-02  2.095040542537e-01 
 4.231729094785e-01 -1.068784290196e+00 -4.219753929226e-01 
-9.450176327611e-02  1.459732245338e+00  3.433582188684e-01 
-3.967515349472e-02  4.490460133711e-02 -5.800082714992e-02 
 9.754275778082e-02  2.173353580537e-02 -8.581327438444e-03 
-1.368270851577e-01  4.659183071633e-02  7.722940527664e-02 
-2.005521341678e-02  1.383278778635e-01 -6.322797199894e-02 
 7.626529131952e-02 -8.921570777405e-03  5.431698629571e-02 
 5.193675189846e-03 -4.467619447533e-02  5.243836762881e-03 
-1.256011435911e-02  3.748739503266e-01 -2.892379072494e-01 
 2.090216794413e-03 -2.164992791102e-03 -5.338021551223e-02 
 6.447635279413e-01 -3.226252804002e-01 -3.993794880089e-02 
-5.321174985542e-02  5.694067614056e-02  4.313074246230e-01 
-6.264499758493e-01  1.678605099217e-02  4.395033767365e-02 
-3.288787566165e-02 -8.739208543328e-01  5.745504255906e-01 
 3.061654128738e-03 -5.407867851596e-02  3.280051690581e-02 
-8.262887772639e-02 -3.326041295865e-01  6.853969028361e-02 
-1.955526134413e-01  1.052406859219e-01 -1.128231006823e+00 
 3.008178243308e-02 -3.911867822187e-01  1.851575397800e+00 
-7.941168646338e-02 -7.254525129553e-03 -1.733585441142e-03 
-4.296449993817e-02 -1.279984942174e-01  3.667313671679e-02 
 1.637860721791e-01 -3.113383350058e-01  3.311704498527e-01 
-3.657790152510e-02  3.629524185916e-02 -1.399158243448e-01 
 2.259093589954e-01  4.275459467025e-01 -6.746300792695e-02 
 2.397884362139e-02  3.173230881617e-02  2.591522832407e-03 
-6.174282282779e-02 -7.191727795748e-01  1.011952324571e+00 
 1.016499705444e-01  2.469691282770e-02  2.743166081082e-02 
 6.248323580970e-01 -1.053144550348e+00  5.859883166568e-02 
-2.607974038880e-02 -5.955248691439e-02 -8.689608303200e-01 
 6.805558534089e-01 -1.253985060778e-01 -6.103553425252e-02 
-2.422176331423e-02 -6.553713983479e-02  6.072549973771e-01 
-7.384290061703e-02 -3.701348201618e-02  4.505890885990e-02 
-1.082758979121e-01 -5.347367802370e-01  1.046136303054e+00 
 7.916703092700e-01  1.198307110068e-01  4.034621184041e-01 
-1.413221785221e+00 -2.654133795817e-01 -6.899723121199e-01 
 5.644471264889e-02 -7.799010416791e-03  3.740751978517e-02 
 1.527125155804e-01  8.067803505793e-02 -4.044506689211e-02 
-1.017483026316e-01  2.380664253604e-01  1.778173461831e-01 
 3.544302960422e-01 -7.258806395296e-02  2.456035693342e-01 
-1.106009102034e-01  7.391095864345e-02 -6.734320131540e-02 
 2.961837512926e-02  6.232134158214e-02 -4.041292434418e-03 
-9.275596049679e-02  4.885886338506e-01 -1.458523081587e+00 
-1.683096669001e-01 -3.545640113900e-02 -1.083671484772e-01 
 5.579968979730e-01 -4.325759572864e-01  7.762529271951e-02 
-8.348315175328e-02 -6.892417955215e-02 -1.385561475352e+00 
 1.271345980186e+00 -1.606594046740e-01 -2.268917283729e-02 
 4.891212366143e-02 -1.026461236767e-01  3.035912198185e-01 
-1.250384255462e-02 -7.960069206860e-03  2.062424845963e-02 
 5.081504370203e-02  2.928623008625e-01 -6.058737210021e-01 
 8.204275686370e-01  6.672314182168e-01 -3.962759895922e-01 
-1.707664847666e+00 -1.250695554846e+00  8.906145192504e-01 
-8.045519290466e-02  2.004067582686e-01 -1.200952071644e-01 
 1.304516463926e-01  5.553230144026e-02  4.573005508283e-02 
 1.751941765966e-01 -3.833219174325e-01  8.136839231210e-02 
-4.299042563304e-01 -2.046422329435e-01 -2.079311261597e-01 
 4.034236587959e-01  2.597616039815e-01  1.624679566161e-03 
-3.655146269748e-02 -2.433782500241e-02  1.088998532575e-02 
 6.548161235141e-02  1.773652170572e-01 -1.108028929973e+00 
-1.196359941843e-01 -3.501040276221e-02 -1.571152559184e-02 
-5.955918446089e-01  4.530721506205e-01 -3.210136993865e-02 
 8.619314298551e-02  1.052811019348e-01  5.618517293567e-01 
-4.412229821961e-01  7.164647471189e-02 -2.502623685931e-02 
 1.785396627979e-02 -4.136909227810e-01  1.868864160591e+00 
-1.177869271014e-01 -1.282374059694e-01  1.743876233745e-01 
 1.616934459969e-01  7.446430512833e-01 -1.317356649584e+00 
 2.730109777837e-01 -8.145369791116e-02 -4.124700256044e-01 
-6.960296631098e-01 -9.857694018563e-02  7.991600778872e-01 
-4.655642959091e-02 -9.052476462798e-02  2.227619055471e-03 
 1.000580137783e-01 -7.337288806287e-02  4.581032694521e-02 
 2.715489172330e-01 -2.867180213228e-02 -1.013239133587e+00 
 6.821531810772e-01 -1.519004629402e-03  1.366495057348e+00 
-8.386617627186e-01  3.380799208474e-02  1.545403181467e-02 
 3.858031492167e-03 -1.951626753170e-02  1.905523647331e-02 
 3.443552352155e-02 -2.582511953013e-01  2.612012120265e-01 
 2.100430765757e-02  1.243075273051e-02  2.724172396591e-03 
-3.423358133841e-01  1.272999643950e-01  8.539360313909e-03 
-1.086806417688e-02 -5.334621339074e-02 -8.906562687011e-02 
-2.456052573950e-01  1.137906081196e-01  7.654883181126e-02 
 3.190986491935e-02  4.184638815821e-02  7.586860593425e-01 
-1.111454523355e-01 -8.403997337338e-03  4.643492937228e-02 
-4.705477016572e-01 -2.185618682173e+00  3.214679400830e+00 
 5.520114790233e-02 -8.543923528248e-02 -7.012153126030e-02 
-2.794557465037e-01  1.728593262348e-01 -2.132448847023e-01 
 5.840987923406e-02 -1.972554239998e-02 -6.112648772012e-02 
 3.213530869202e-02 -7.055845041371e-02  2.564082910808e-03 
-1.749472782099e-02  1.824844678180e-01 -5.487354159514e-01 
-7.299376394327e-01  3.305506140343e-01  1.201067868158e+00 
 1.355650012291e+00 -9.043674273642e-02  1.821864093906e-02 
-8.293073114852e-03 -2.626889102536e-02  5.563744032601e-03 
 2.016065388081e-02 -3.457913250433e-02 -7.508332727201e-01 
-8.871764862410e-02 -5.364918071554e-02 -4.043108986797e-02 
 1.111451696101e-01  6.074132612695e-01  1.417383622189e-01 
 8.509776252789e-02  3.989172873426e-02 -3.173192969266e-01 
-6.436247472894e-01  1.760151105301e-01  1.398687789110e-01 
 4.458949121175e-02  1.374308627867e-01 -6.941291932007e-01 
 2.170911036142e-02  9.091082182000e-02 -7.993491975097e-02 
-3.411108086206e-01 -1.620970655778e+00  2.237058883909e+00 
 1.558924448970e-01  1.014557048655e-01 -2.727847814462e-01 
-4.523256004936e-01 -1.939694563591e-01 -2.579262851174e-02 
-3.223461811526e-02  3.144052353918e-02 -6.891591888840e-02 
-7.265046870010e-02  9.916336729819e-02  4.631291755489e-02 
 2.524372544822e-01 -4.148692645430e-01  1.511999651726e-01 
 4.325407363220e-01  8.958012740097e-01 -7.694146926997e-01 
-1.154211846148e+00 -1.342322405034e+00 -3.386083870951e-02 
-3.630906772515e-02 -1.235461927287e-02  1.018455972357e-02 
 3.933643659274e-02 -2.629518286841e-02 -6.297472026711e-01 
-1.058879174141e-01  1.077891137846e-02  4.778304326208e-03 
-7.540222088682e-01 -1.287372707947e-01 -1.913276618854e-01 
-1.199379865800e-01 -5.668829206509e-02  4.208490737416e-01 
 5.223255213193e-01 -5.640539038085e-02 -1.992362885288e-01 
-7.892421141332e-02  5.073874965695e-02 -3.031398669924e-01 
 1.656371736723e-02 -2.960248308245e-02 -6.518309568514e-02 
 4.943917181007e-01  2.140471447705e+00 -3.444146724130e+00 
 3.275702781245e-02  1.377746402126e-02  5.208994594453e-02 
-7.036482210820e-02 -1.185434950492e-01 -1.861167700353e-01 
 1.209303796766e-01  9.374465916888e-02  8.753521869518e-02 
 6.471298121090e-02 -6.309823490360e-03  1.284023972203e-01 
 6.786908221112e-01 -8.373604208907e-01 -3.551886656635e-02 
-4.364001938257e-01  9.224893772794e-01  2.417026577009e-01 
 7.518274520484e-01 -1.387359316877e+00 -4.888020051672e-02 
-1.975586168097e-02 -2.152287954900e-02 -2.970714082363e-02 
-5.862121014203e-02  1.591781110342e-01  2.429348446991e-01 
 8.621841477941e-02 -7.633706722277e-02  4.092601349214e-03 
 2.827504855082e-02  5.528733143368e-01  5.097571030738e-02 
-2.533209959844e-02  1.179367872478e-01 -5.634750172866e-01 
 6.272862766153e-01 -8.486133078630e-02  1.562279046521e-02 
 1.041749070513e-02  2.523418747109e-01  3.812121982703e-01 
-6.137466975141e-02 -6.925923052339e-02  2.434352949082e-02 
-1.076699982611e-01 -4.200181901976e-01  8.131781433382e-01 
-1.571877076271e-02 -8.965586885873e-03  1.512979520728e-01 
-6.393172417564e-02  1.984652238376e-02 -2.580223041200e-01 
 3.208831565287e-01  8.868288514075e-02 -2.824921298761e-01 
 1.184276540900e-01 -3.994874746371e-01  1.888867134528e-01 
 8.855580851038e-01 -1.247251008730e+00  9.315550457933e-02 
 1.821330196400e-01 -1.071122804704e-01 -3.741894068327e-01 
-4.065216586966e-01  3.634109950646e-02  1.131728684915e-02 
-4.102281174408e-02 -4.521039078700e-02 -2.620958700923e-02 
-1.343674868329e-02 -1.910409934106e-01 -2.248029447177e-02 
 7.562189654815e-02 -2.769695604951e-01 -4.250518385826e-02 
 5.610848062738e-02 -1.856316990105e-01 -6.784507326066e-02 
-2.813072012503e-02  1.014996691389e-01  2.385857197854e-01 
 3.129625959871e-01 -1.125829664919e-01 -5.335933203893e-02 
-8.011575378131e-02 -2.774720254546e-02 -2.051030009772e-01 
-4.430198656941e-02  2.758516136382e-01  1.609838242582e-01 
 4.880063694497e-02  1.409048419966e-01 -4.454649470681e-01 
-1.542248127177e-02  9.785583166081e-02 -2.629293534214e-01 
 6.669410162363e-02 -1.637300640553e-01  5.193276638280e-01 
 2.651215263289e-01  4.312747489622e-02  3.696171136434e-01 
 2.026964717252e-01 -1.131915577885e-01 -4.189577942641e-01 
-1.951277755625e+00  2.717876060192e+00  1.399145793170e-01 
 3.154490189399e-03  7.790095436787e-02 -1.917316758811e-01 
-1.426011580762e-01  3.611402179302e-03  3.433283513923e-02 
 1.272030708658e-02  5.353496095501e-02 -1.814512258315e-02 
 8.125156681500e-02  1.924185987073e-01  4.184722310310e-02 
 1.026123868233e-01 -1.714237170669e-01 -1.986042580884e-01 
-3.149546461343e-01 -2.825993554372e-01 -7.706123833643e-02 
-8.381610793092e-02 -1.808934522293e-01  9.002107206836e-02 
-5.622780367707e-01  2.266617538452e-01 -4.771602158574e-02 
-6.735579119534e-02  4.631772324967e-02  2.545366389815e-01 
-1.009287650867e-01  5.014540450378e-02 -4.011949899090e-02 
-4.917964003383e-02 -1.942365359350e-01  3.281835766014e-01 
-4.562511521104e-02  3.302972484462e-02 -3.474522353438e-02 
-2.160232123202e-01  1.483625512055e-02  6.863788542017e-03 
 1.248979200738e-01  5.993417307679e-01 -2.307103483001e-02 
-3.334572156282e-01  5.163685350417e-02 -1.843707159575e-01 
-8.153243848835e-01  1.350832300691e+00 -2.644781953002e-01 
 2.164599726884e-01 -1.138925965396e-01  7.225732698914e-01 
-1.235431275979e-01  1.565748050976e-01  2.909510714987e-02 
-8.903352730754e-02 -1.327910322757e-02  6.506392370238e-02 
-6.566509743031e-02 -2.867804783060e-01  1.324400400945e-01 
 1.256380664925e-02 -1.809355066760e-01  1.234687036125e-01 
 2.708160242573e-01 -3.733145820598e-01 -1.036628442601e-01 
-1.453445450576e-01  1.780106471219e-01 -5.145138975640e-01 
-7.902928283732e-02  8.296539440407e-02  4.602783410388e-02 
 6.163714081486e-03  7.075982131382e-02 -1.849963176908e-02 
 1.693083615953e-01 -1.892341649898e-01  1.571956407456e-02 
 6.457649966809e-02  2.655096140405e-01 -4.984356070456e-01 
 1.339744759071e-01  9.523335037900e-02  8.336285125746e-03 
-4.863397883356e-01 -5.115810100443e-01  2.363523440650e-01 
-1.980414631382e-01 -1.044519383694e-01 -2.223653008565e-01 
 6.379591646969e-02 -1.138147523641e-01 -2.832672254567e-01 
-1.245757983079e+00  1.913694923104e+00  1.497233595050e-01 
 5.653268787652e-02  1.038720127717e-01 -3.118624437143e-01 
-2.853280002757e-01 -2.071263137399e-01  1.169305763537e-02 
-7.006071229029e-02 -1.794368008284e-01 -1.724813658940e-01 
-1.130270539832e-01 -6.985656170303e-02 -9.808956607566e-03 
-9.557365117186e-02  5.149819167996e-02  1.052609463177e-01 
-2.380221707220e-01 -6.028134237187e-01  2.305667443745e-01 
-3.922744225359e-01  2.290038740867e-01 -1.044701150290e-02 
-3.808123673410e-02  6.974404534481e-02  2.282761629909e-01 
-3.948434534694e-01  4.912503650973e-01  1.218674844601e-01 
-1.294252358254e-01  1.684908527563e-02 -7.927352067693e-02 
 1.677077524575e-01  6.910601098323e-01 -1.068067775944e+00 
-6.131183920962e-02 -7.713283768654e-02  1.163515737272e-01 
 6.835251394032e-02 -2.126049526667e-02 -4.387943411458e-01 
-1.030036488816e-01 -3.363347115748e-02 -3.754001532072e-01 
 1.187030267281e-02 -4.374202156125e-02 -2.029434648531e-01 
-8.292915795501e-01  1.476640087240e+00 -4.383481624838e-02 
-6.376814352982e-02  6.767504008056e-02  1.239448230398e-01 
 4.736427317266e-01 -4.827582754753e-01 -2.306250021667e-01 
 9.692294201120e-02 -2.135748309134e-01  1.084938909684e-01 
 8.539653053490e-02 -2.983841392977e-02  1.329767760458e-01 
 3.824410446553e-02  1.160449399008e-01 -7.095712185330e-02 
 1.865574939261e-01 -1.066321510329e-01  9.071009434742e-02 
-2.371936443214e-01 -5.056612136578e-02 -4.547378983156e-01 
 5.789158542959e-02  3.670925282616e-01 -5.053522620200e-01 
 2.612702210055e-01  1.956280699185e-01 -1.272703488596e-01 
 1.327116490635e-01  8.586218998010e-02  1.593441386345e-01 
 1.469821275248e-02  1.277501897368e-01  7.218249776462e-02 
 4.606775665743e-02  5.631286678960e-03  2.017489311040e-01 
-4.099216062428e-02 -2.261735740458e-03 -3.090160389671e-01 
 8.200182105844e-02 -1.359498550034e-01 -8.537603367801e-02 
 3.612130867851e-02  1.150476483617e-01 -1.212019845379e-02 
 1.139702136215e-02  2.881097412847e-01 -2.611816772898e-01 
-2.937533391186e-01 -1.256382622852e-01  9.545833819802e-01 
 8.803401531755e-01  5.016250796749e-01  7.190550223665e-02 
-3.793819358911e-02  1.124834807284e-02 -9.617093017913e-02 
 8.289316251010e-02 -1.859657917014e-01  3.060749806743e-02 
-5.750981995894e-02  4.089594540362e-02  1.715295378369e-01 
 8.584395259062e-01 -2.822161143586e-01 -6.176883336877e-01 
 1.362678659256e-01 -2.001772319930e-02 -1.041960246251e+00 
 2.338625843050e-01  1.782704612512e-01 -2.712932881826e-01 
-4.913263596696e-01 -2.109104136068e-01  5.856262316293e-02 
-1.343055679616e-01 -1.565593884287e-02 -1.185088773516e-01 
 1.113492034130e-01  4.034337021712e-01 -8.887318462606e-01 
-7.882306862211e-02 -1.552623935679e-02 -1.201840095701e-01 
 5.305312605359e-02 -3.707896591124e-01  8.011340010535e-01 
-4.313281983469e-01  2.342572786719e-01  3.281150232769e-02 
 2.050653725799e-01 -2.343525290586e-01 -4.794975864970e-02 
-2.257493841468e-01  2.126099910659e-01  2.256487525817e-02 
 1.472322595319e-02 -7.225896817100e-02  1.782455159235e-01 
 8.491142415629e-02 -2.562593182739e-02  6.471600767546e-02 
-1.164392250227e-01  1.377127322699e-02  1.515106321984e-01 
-1.674589495644e-02  4.332715290099e-01 -6.527873576721e-02 
-8.282310262567e-02  3.355330325870e-02 -1.077633215100e-01 
 7.680521248058e-02 -2.687845207381e-01 -3.528886419648e-01 
-5.236142615129e-03  4.469492823179e-01 -3.070896422349e-01 
 1.285094993025e-01 -9.715192649618e-02 -6.038258089229e-02 
 3.476561707908e-01  1.141209609050e+00 -3.482732013580e-01 
-2.362228871037e-01  1.364622047486e-01 -2.835464658675e-01 
-3.790329208684e-03  7.874469134826e-05  8.296321456197e-02 
-1.369788530672e-01 -9.622386050882e-02  8.360202243529e-02 
 9.691634217743e-01  5.957959386876e-01 -4.074747434824e-01 
 8.011243123680e-02 -1.238202483623e-01  6.128853733891e-02 
-2.098303789429e-01 -5.756985931748e-02  1.873651631334e-02 
 5.371349790886e-02 -1.907712364618e-01  4.591197426629e-02 
 7.813793093322e-02 -3.992718116439e-02 -2.501899520580e-01 
 4.934804297909e-02 -4.769071916209e-02 -7.326928902445e-02 
 1.192772558765e-01 -4.714341088611e-02  1.765959879988e-02 
 3.371596055925e-02  6.515963619395e-01 -9.094132516212e-02 
-2.236134992693e-01 -3.765331499766e-01  4.884997024766e-01 
 1.961836265120e-01  9.739817520262e-02  2.037832764669e-01 
-3.230505902289e-03  1.680625257516e-03  2.442564967047e-01 
-1.729596158383e-01  6.245281170594e-02 -2.041191379013e-01 
 1.974237626825e-01 -8.636217876260e-01  4.747979484219e-02 
-5.041601317719e-01 -6.890129705716e-02 -2.878832758894e-01 
-1.127740498660e-01 -4.850015421843e-01  6.271562278558e-01 
 1.135520972792e-02  3.392589607232e-02 -7.359284726999e-02 
-1.545070309526e-01 -1.461676951411e-01 -4.687487890975e-01 
 2.536103100151e-01 -3.162362411448e-01 -2.027741265417e-01 
 1.607229662032e-01  4.220739904534e-01 -3.694396459916e-01 
-1.578433518206e+00  2.326153284743e+00  9.380456809207e-02 
 3.822710700191e-02  1.610741222841e-01  1.870982266640e-01 
-2.291707138299e-01 -6.483952701369e-01 -4.239562964183e-02 
-1.176334459238e-01 -1.597840967267e-01  1.871185643165e-01 
-1.010759771698e-01 -8.106489395256e-01  3.850712074829e-01 
 7.040720072513e-02 -4.555398185232e-02  2.555331608291e-01 
-5.182905018741e-01  2.274040372545e-02 -2.784515283834e-01 
 1.026954736812e-01  1.705770087628e-01 -4.495806010219e-01 
 8.585694572159e-02 -1.810586728386e-01  2.716355194731e-01 
 3.213372080018e-01 -4.254261673730e-01  1.565455854613e-01 
-8.961462484612e-02  1.344441344116e-01  1.713839410830e-01 
-2.652116881757e-01 -1.066244198945e+00  1.581234439304e+00 
 1.385586301069e-01  1.205852108184e-01 -3.764792173993e-02 
-6.854268524671e-01 -2.719801089711e-01  5.840914593147e-01 
 1.598325693824e-01  3.968162755320e-02  1.157782308484e-01 
 6.228525794456e-01  3.744680917624e-01  2.659470635877e-01 
 1.123177759502e+00 -1.642222260210e+00 -3.586688833084e-02 
 1.725520859892e-02 -2.871995724358e-01 -2.703936398658e-01 
 4.174330468351e-02  5.217048011422e-01  5.288866080697e-02 
 3.412682237206e-02  9.454993752811e-03 -1.697119763661e-01 
 3.046059349067e-02 -1.136299292569e+00  5.135945704283e-01 
 2.014920198859e-01 -9.386719703408e-02  1.552362623969e-01 
 2.562636576086e-01 -4.766381026697e-01  1.795398962671e-01 
-3.274341704130e-01  3.295810335336e-01  4.284507734562e-01 
-4.249985647134e-02  8.883016192464e-02 -2.608009927792e-01 
 9.939278599123e-02  5.393213973674e-01 -1.911228669670e-01 
 3.654777529082e-02 -2.149841482210e-01 -2.533744590568e-01 
 2.509736212740e-04 -8.905797422030e-03 -2.323035998007e-02 
 1.154079329419e-01 -2.009138811365e-01 -9.291834315855e-02 
 2.458030862126e-03 -2.060062007067e-01 -1.555138171481e-01 
 2.459644120837e-01  4.422469552175e-01  3.455496374278e-01 
 9.972508293778e-03  6.912029915014e-02  3.577034444740e-02 
 1.477842130579e-01 -1.565914452434e-01  4.466051134616e-02 
 2.360244741797e-03  2.694179245357e-02 -1.603322261977e-01 
 2.808202370904e-02 -9.423705591978e-02  4.360361229577e-02 
 4.166403352206e-02  1.787688279088e-01 -1.011250628834e-01 
 2.560418071674e-02 -1.108150505647e-01  7.118695145976e-02 
-2.457660431905e-01  6.438013779059e-01  4.224293627649e-01 
 5.953737692805e-02 -6.928945903264e-02  7.634995116540e-02 
-1.027179244631e-01  4.905756451004e-02  1.352588033884e-01 
 6.736710375532e-03  6.590317842044e-02 -4.799293495627e-02 
 4.170521113921e-02  1.066263012266e-01 -7.737136647380e-02 
-2.145361421783e-01  5.939604061648e-01  2.777410292524e-01 
 9.113569500749e-02  3.530020662798e-01 -4.868143815527e-01 
 2.697054057603e-01  1.051376305856e-01 -7.127214614245e-02 
-2.984114695704e-01 -7.328386562767e-03 -1.669495895823e-01 
-3.150869482098e-01  2.985056697348e-01 -1.416457364781e-01 
 1.570493905284e-01  1.653671122372e-01 -1.852348315029e-01 
-8.715461822367e-01  7.217084715356e-01  1.783699205618e-02 
 2.961530467460e-01  2.738534640499e-01  1.852592969630e-01 
-2.054660000593e-01 -2.379922866652e-01 -6.023144528073e-02 
 5.304758198846e-01 -7.978881196572e-02 -2.346504585154e-01 
 1.218330168841e-01 -1.606293924082e-01  9.931628514112e-02 
 1.590204513404e-01 -2.433906303875e-01  1.789292821922e-01 
-1.414524267847e-02  2.693730411882e-01  6.542869052417e-02 
 5.459548631191e-01  3.975669266001e-03 -2.324295802838e-01 
 1.509713972787e-01 -1.418125987724e-01  3.634876077782e-02 
-1.331696758306e-01  4.262410347005e-01 -3.582694727567e-01 
 7.221523858691e-02  2.717792596770e-01 -1.219103175882e-01 
-1.194984083887e-02 -4.114434203102e-02  7.025744758488e-02 
 4.634385739392e-02 -2.535128840804e-02  2.308489546270e-02 
-3.122170426026e-02  3.713766381479e-04  1.678735189188e-02 
-5.429774635629e-01 -1.510259329967e-02  1.268067673795e-01 
-3.162503646548e-01  6.367508405430e-01  1.332294960870e-01 
 5.985537573950e-01 -5.796176541437e-01  9.807361942631e-03 
-9.150592137353e-02 -5.927370818599e-02 -1.586610542789e-02 
 1.688503687553e-01  1.460408738610e-01  1.485670493987e-02 
-1.257224743917e-01  2.019742249039e-01  6.658632074150e-02 
-5.900680169678e-02 -5.099439558906e-02  4.715375066425e-02 
 2.552272790649e-01 -5.715054171246e-01 -2.181332190075e-01 
 1.786670175850e-01 -9.558091930846e-02  2.885776731708e-02 
-2.204425659409e-01 -2.719046173616e-02  7.688227097068e-02 
-6.828322337934e-02  1.765375376683e-01 -6.727728276073e-03 
-9.852955002347e-02  3.030161875942e-02 -1.797678633313e-02 
-2.568643735472e-01  6.115258989964e-01  2.686686310145e-01 
 1.854742664824e-01  7.591039116919e-01 -9.503235085840e-01 
 1.815943736093e-01  9.857760685782e-02 -1.123921400502e-02 
 3.659665508616e-01  2.178582733814e-01 -3.680115897669e-01 
-1.350140576153e-03  2.388609458067e-01 -3.993218457383e-01 
 2.349733227411e-01 -3.388881864685e-02  3.191347213267e-02 
 2.915938627808e-01  4.803567371940e-01  1.751423208227e-01 
-2.345760408119e-01 -6.849419106908e-02 -3.211452577706e-01 
-3.579124002733e-01 -2.765419358798e-01 -1.443531553814e-01 
-9.324443279094e-02  8.424084419970e-02  1.239635856466e-01 
 8.699416358035e-02  4.868702502254e-02  3.904937760083e-01 
 6.580149504896e-02 -1.728367838709e-02  2.975548652421e-01 
-3.165550675185e-01 -7.432585464422e-02 -1.913839012286e-01 
-3.468577155795e-01 -7.300929096568e-01  9.036246807766e-02 
-2.415954806015e-02  5.420807251551e-02  5.046787413012e-01 
 9.454947989056e-02  6.522241659176e-02 -4.483624355821e-01 
-1.042802265797e-02  5.211940551806e-02 -4.715478267527e-01 
-9.055631631467e-02 -3.567177022181e-01  4.167663748905e-01 
 2.435791685963e-01  2.982740565443e-02  8.609208897444e-02 
-9.117625763077e-03 -1.226698448919e-01  6.311332603457e-01 
 3.328716458367e-01  3.105971745158e-01 -1.353621710813e-01 
-2.786196992572e-01  2.938929172892e-01  7.519556791994e-02 
 2.521064681943e-01 -8.301591542467e-01 -1.545633408730e-01 
 3.290338539495e-02 -1.384976448692e-01 -7.495246075501e-03 
-2.856362828985e-02  6.572394542765e-01 -1.024996619556e-01 
-1.042661095701e-01 -4.298163690439e-01  3.091368697516e-01 
-1.136599474405e-01 -8.867384362417e-02  2.480550748818e-01 
 2.695570085274e-01  3.484436262464e-01 -4.374736104960e-01 
 1.500278765639e-01 -1.063624055378e-01  2.174782340888e-01 
 1.946357939013e-01 -1.238757500184e-01  2.887205452580e-01 
-1.513234843387e-01 -1.438315786682e-01 -1.229623514084e-01 
-3.118335509328e-01 -4.961361259223e-02  1.549694069138e-01 
-5.132935447459e-01  1.568304245895e-01 -4.444892787959e-01 
-1.090387062996e-01 -4.554898779592e-01  4.825524042338e-01 
-2.530433703449e-01 -2.059799527546e-01  5.056954804740e-02 
-1.255954847671e-01 -6.508163654993e-02  3.771707036162e-01 
 9.156727375173e-02  6.674457235887e-02 -5.200686615053e-02 
-2.307028662289e-01  1.715966817313e-01  1.307912354564e-02 
 1.662456632126e-01  2.647064674991e-01 -1.946444119400e-01 
-3.454488784283e-01 -2.827287569458e-01  2.232402141419e-01 
-1.762761213349e-01  3.484941027943e-02 -1.694817405372e-01 
 3.905787458297e-01 -2.706498003645e-01 -4.605385179618e-01 
 2.416563367315e-01 -2.263202678057e-01 -3.842806884454e-03 
-5.811612564068e-02  5.393726345881e-02 -3.934974478379e-01 
-5.323665592555e-01 -1.800770387551e-01 -4.508662230824e-01 
-4.948185924246e-01 -5.039938053173e-03 -5.971246020606e-02 
 9.254369935888e-03 -2.776889226314e-01  3.241099782472e-01 
 3.477764846433e-01  1.376607386615e-01  2.434188661962e-01 
-3.231913187003e-01 -6.595893901126e-02  1.102516914096e-01 
-2.250570471355e-02 -2.477298516744e-01 -6.310807826951e-01 
 1.938695932301e-01 -6.883661945143e-02  3.204177268267e-01 
 1.481282021048e-02 -6.285040634652e-02 -3.090674864403e-02 
 1.485759119817e-01  2.728350036152e-02 -5.701454979326e-01 
-2.392695439257e-01 -8.044558023404e-02 -2.881958130818e-02 
-1.058664743902e-01  5.467741035138e-01  4.515286083624e-01 
 3.811136575884e-01  2.476535202526e-01 -1.574986711375e-01 
-1.229107961156e-01 -4.674172795163e-01  1.178517433060e-01 
 1.331714561694e-01  5.255905496539e-01 -1.699964947971e-01 
-1.213078449220e-01  3.516018872003e-01  8.469452403244e-02 
 4.428586392390e-01  2.920905253657e-01 -2.487059216297e-01 
-1.027264149014e-01  1.190507033416e-01 -1.569814920422e-02 
 1.508137467767e-01  2.617176118031e-01 -2.864963531045e-01 
-6.649921240818e-02  5.044826493336e-01  9.759735606968e-02 
 1.882482595299e-01  1.847123994760e-01  1.805775843094e-01 
-4.523523549705e-01 -2.614632278255e-01 -1.449187200169e-01 
 1.012911172922e-01  3.446495610423e-01 -8.794986139401e-01 
 1.474153058213e-01  1.570086237620e-03  1.533269845339e-01 
-4.885434889512e-02 -2.517272588716e-02 -3.931351082946e-01 
-2.205959686443e-02 -1.093367019191e-02 -3.326775003208e-01 
-1.153215654550e-01 -4.232442468609e-03 -3.374922322414e-01 
-1.438012731196e+00  1.313831056702e+00 -6.447878260378e-01 
-4.274101235647e-01  2.964456048674e-02  2.797217920818e-01 
 2.168242743241e-01 -4.771414199076e-01  4.244078621561e-01 
-1.222552109796e-01  3.046521447246e-01 -8.070855152471e-04 
 4.092764764787e-01  1.523098089898e-01  6.134298368304e-02 
 1.908093332428e-01  4.605160847101e-02  5.090308830446e-04 
-1.401115116930e-01  5.454612763571e-02  3.185830003268e-01 
-2.468313936207e-01 -1.018097840575e-01  3.070663730831e-02 
 2.856032226680e-01 -7.458732576523e-01 -3.217743707305e-01 
 5.690851282539e-02  6.691353003356e-02 -7.797879963140e-03 
-1.141341250242e-01 -2.807320555819e-02 -2.912692535459e-02 
 1.535450485719e-01  7.097638537144e-01 -3.530581322983e-01 
 2.566775761082e-01  2.401321223516e-01 -3.415138591691e-01 
 1.828352549817e-01  1.161684553415e-01 -1.881601352746e-01 
 1.409172470558e-01 -1.147518897734e-01 -9.858837962744e-02 
-2.593887509637e-01  7.370393729583e-02 -5.131068298508e-02 
-2.098882111810e-01  2.540752675426e-01 -4.774504893158e-02 
 9.147354609515e-03 -1.912841361943e-04  7.113118874281e-03 
 6.258676721563e-02 -2.720823105667e-01  3.399655309486e-01 
-4.107965199068e-01 -2.607381326173e-01 -7.067104066365e-01 
-4.500005317751e-01  8.772343614510e-02  1.919905033210e-02 
-2.795088360069e-02 -2.320247340099e-02 -5.270265163517e-02 
-8.660844883216e-02  2.468986317057e-01 -3.085357365509e-02 
 2.202022421949e-01 -3.875554275979e-01 -9.048331474012e-04 
 2.439783989935e-03  7.240517399679e-02 -3.749401535830e-01 
 6.162176126825e-01 -8.366532578889e-01  7.527725475789e-02 
 2.494968539140e-01  3.159766248923e-01 -3.590495011617e-01 
-2.004854042550e-01 -1.168095898574e+00 -3.688687014734e-01 
 1.196063750958e+00  2.287445085370e-01  5.327331176212e-01 
 1.917374192253e-01  1.320409948476e-01 -3.204835852131e-02 
-4.942148961373e-01 -1.416720410735e-01  5.825126896441e-01 
-4.572916306443e-01 -8.104318599591e-01  2.721101104578e-02 
 1.070189902412e-01 -1.878917103297e-01 -9.752295687417e-02 
-1.042972083492e-01 -8.265201569395e-02  1.816876133706e-02 
 3.238972977344e-02  1.216469532904e-01 -1.024188525760e-01 
-5.787955922552e-02 -1.649481126688e-01 -6.312144803621e-02 
-4.398166104322e-02  2.434986631880e+00 -4.390598073423e-01 
 1.359535426692e+00  2.541907591120e-01  6.207877128862e-01 
 1.208876428470e-01 -1.036334645968e-01 -1.162238731309e-01 
-3.444362253701e-02 -7.047695455848e-02  1.649991475596e-01 
-1.108690311488e-01 -9.858793825112e-02 -2.423336182529e-02 
 6.255219046548e-02  6.512389614040e-02 -9.807027669230e-02 
 7.510334173269e-02 -6.961269416818e-02  2.499158485622e-01 
 1.359113117390e-01  8.217961001266e-01  5.959255105819e-01 
 1.052723062721e+00  8.163971989452e-01 -8.773623558031e-01 
 9.403802919077e-03 -5.673903726572e-02  1.514819730185e-01 
 5.840846295846e-01 -6.954021640615e-01  1.288925812730e-01 
-8.619401042651e-01 -5.650159371980e-02  1.650755767423e-02 
 8.281415525380e-02 -2.038772709569e-02 -2.523050022757e-02 
-6.256960978119e-02 -5.697147036055e-02  3.302136862382e-02 
 4.655051554578e-02  2.544264298043e-02 -1.090748625611e-01 
 2.127749662888e-01  1.633314733668e-01  1.468503360695e-01 
 1.296917479156e-01  4.090739340830e-01 -1.094395798663e-01 
 1.987856525424e-01  1.321799307334e-01 -1.067799570311e-01 
-1.143115647215e-01  2.034597187192e-02 -7.755035573480e-02 
-2.270253196847e-01  3.651636702310e-01  2.234910981501e-02 
-7.421493438165e-02 -2.618366887934e-02  8.508693232300e-02 
-8.742107853615e-02 -2.570400430952e+00  6.152633789382e-01 
 8.522538171437e-01  7.428391311409e-01 -9.242590812640e-01 
 7.819291944015e-03  1.585342705063e-02 -9.540817961299e-02 
-5.379178193026e-02 -2.568095952079e-02  1.850418151956e-02 
 3.082813648237e-02 -4.610504785729e-02 -9.315050416131e-02 
-9.625463041742e-03  1.857652201649e-03 -6.997866026251e-02 
 9.956626156193e-02 -5.071597738523e-02 -1.736946572353e-01 
-6.598122948322e-01  5.741367958085e-01 -7.554995622854e-01 
-6.617382728660e-01 -2.257724043321e-01 -5.397651917000e-01 
-5.531881465189e-01 -3.551820065926e-01 -1.331684413439e-03 
 5.930215496240e-01  2.636533277569e-01  2.017015988764e-01 
-1.020591189268e+00 -1.786347530297e-02  3.010409371680e-02 
-3.786900186573e-02 -6.091745786711e-03  4.621117343026e-02 
-1.642811823893e+00  3.511273786879e-01 -4.413806003024e-01 
-6.675841967996e-01 -3.424926514296e-01  1.817001998508e+00 
-4.531842428617e-01 -5.162866003913e-01 -6.451772206140e-01 
-2.825664670387e-01  1.347546289270e-01 -8.732689033561e-02 
-1.617298026540e-02 -5.317122478662e-02  2.631583751177e-02 
 2.842610898229e-02  7.630940913702e-02 -2.959145287641e-01 
 6.718504707249e-02 -1.559284221683e-03 -3.817092301040e-02 
 3.193211042365e-03  8.278711486179e-03 -1.372986924932e-01 
-2.051613359232e-02 -5.740243086273e-02 -5.587075123575e-03 
-8.474238921389e-02 -4.472882560266e-02  2.632569646115e-02 
 4.626397648465e-01  1.991652501538e+00  7.694661554800e-01 
 1.373875211842e-01  3.344503343281e-04  1.682756427821e-01 
-7.254829905379e-03 -2.406986527709e-01  1.259692780910e+00 
 5.511843232345e-01 -6.079814188677e-01  4.553094375816e-01 
 1.015023148470e-01  1.597931758740e-01 -9.125045539480e-03 
 6.638829559039e-02  2.910732183006e-03  6.223281181257e-02 
-1.509435008758e+00  5.981494334684e-01 -1.781094057571e-01 
-7.334071198322e-01 -4.220548565725e-01 -3.041789999721e+00 
 1.144357683909e+00  1.180233727530e+00  4.493801603281e-01 
 9.490270954518e-02 -7.426829923854e-02  4.040567085256e-02 
 3.928562016015e-02  2.740389204640e-02  3.787177625507e-02 
orbocc
(*)
 0.000000000000e+00  0.000000000000e+00  0.000000000000e+00 
 0.000000000000e+00  0.000000000000e+00  0.000000000000e+00 
 0.000000000000e+00  0.000000000000e+00  0.000000000000e+00 
 0.000000000000e+00  0.000000000000e+00  0.000000000000e+00 
 0.000000000000e+00  0.000000000000e+00  0.000000000000e+00 
 0.000000000000e+00  0.000000000000e+00  0.000000000000e+00 
 0.000000000000e+00  0.000000000000e+00  0.000000000000e+00 
 0.000000000000e+00  0.000000000000e+00  0.000000000000e+00 
 0.000000000000e+00  0.000000000000e+00  0.000000000000e+00 
 0.000000000000e+00  0.000000000000e+00  0.000000000000e+00 
 0.000000000000e+00  0.000000000000e+00  0.000000000000e+00 
 0.000000000000e+00  0.000000000000e+00  0.000000000000e+00 
 0.000000000000e+00  0.000000000000e+00  0.000000000000e+00 
 0.000000000000e+00  0.000000000000e+00  0.000000000000e+00 
 0.000000000000e+00  0.000000000000e+00  0.000000000000e+00 
 0.000000000000e+00  0.000000000000e+00  0.000000000000e+00 