2mocoef
header
1
MO-coefficients from MOLCAS
1
48   48
a
mocoef
(*)
-4.929133764114e-05  3.336902160929e-03  4.183358829380e-04 
-1.838010202683e-03 -1.366371603657e-04 -7.057526358283e-04 
 1.469889172046e-04  1.098427534043e-04  7.439004530528e-04 
-3.993853259325e-06 -2.002544708710e-05  1.393042659794e-04 
 1.662463709911e-05  1.092681463646e-04  1.000502873586e+00 
-5.731760212520e-03 -1.715262798730e-03 -1.125539484127e-04 
-4.987922250988e-04 -9.526586669760e-04 -5.225049196881e-04 
 4.949718739367e-04  1.277201674439e-03  4.172379500988e-04 
 2.406655389258e-04 -3.965460994929e-04 -1.105392621227e-05 
 9.818613964580e-05  2.969252007282e-03 -1.272263446643e-03 
 1.764179753573e-04 -3.946557108108e-06  4.963337952786e-06 
-1.698466602179e-03  1.363446390154e-03 -1.535604852734e-04 
-6.157665196728e-04 -2.665006620714e-04 -4.854995166092e-03 
 2.978430845908e-03  1.097668066425e-03  5.147813444265e-04 
-9.628787634104e-05  6.368008128966e-04 -4.136689099561e-04 
-5.385448463173e-05 -4.476308866011e-05 -2.582961978709e-05 
 1.000712308145e+00  3.175592910454e-03 -4.332242360618e-03 
-8.984544843815e-04  1.803956947277e-03 -7.637486041098e-04 
 1.016384140532e-03 -1.327917947924e-03  1.947818636991e-04 
 2.874695974047e-04 -6.431868808215e-04 -2.295253647112e-04 
 1.057153559766e-04  3.953282857550e-04 -6.460037200700e-05 
 1.287999839829e-03  5.070196398490e-05  1.585198929374e-04 
-4.693101481000e-05  2.975261515807e-05 -1.185631846902e-04 
 2.742733397028e-04 -3.241735859795e-04  4.515085462532e-07 
-4.910264938202e-05  3.888336581887e-05  3.934863446246e-05 
 7.468251243493e-06 -7.718026141669e-04  1.476374286862e-03 
-5.729239908064e-04 -4.030566037010e-05 -1.779025375078e-04 
 4.093687667519e-04  1.791941490718e-04  4.288575707246e-05 
 4.097958961791e-05 -1.933144340773e-05  4.875117154787e-04 
 3.099545765860e-05 -8.513680872646e-05 -9.210077418615e-05 
-9.654966195055e-05 -5.252284625375e-04  1.159939367885e-03 
 2.926632034044e-04  3.398762383997e-04 -3.615438862469e-04 
 5.195413657964e-03 -7.234851482258e-01  9.670934046489e-02 
 1.117740700755e-01 -3.546035288335e-02  6.212278087143e-02 
-1.734962358735e-02  1.304424952595e-02 -3.594151837987e-02 
-2.884012929544e-03  6.042581636896e-03 -5.141075269067e-03 
-1.226617969048e-03 -5.837879861246e-03  2.199416723507e-03 
-3.967313084624e-01  6.183531712612e-02  2.702338961818e-02 
 7.208093136810e-02  8.316027173875e-02  3.640952259956e-03 
-9.614375828984e-03 -1.613314817100e-02 -1.499068040606e-03 
-2.351675901221e-03 -4.453154553773e-03 -4.267015126454e-04 
 2.068657605336e-03 -3.560994000119e-01  1.565909114482e-01 
-2.499356828877e-02 -2.546218334992e-03 -9.540401030880e-03 
-2.014402994548e-01  1.033863165394e-01 -6.066419242856e-03 
-1.911230694507e-02 -2.322870407331e-03 -8.281267983385e-02 
 5.068859903237e-02  1.051802507521e-02  6.604548341812e-03 
 9.284126386287e-04 -2.514703860633e-01  1.118129224672e-01 
 1.269348415249e-02  1.076327958730e-02 -1.316667416483e-02 
 1.902864839110e-03 -1.601887446983e-01  1.486682605324e-02 
-5.049618628443e-02 -1.110698917155e-01  1.248661089787e-01 
-7.291465180168e-04  7.498701754835e-03 -2.807880102434e-02 
-3.028591834805e-03 -1.692120943523e-03  3.837787013742e-03 
-4.787628110432e-03  1.143312870745e-03  1.048032800000e-03 
 1.032299769012e-01  2.336778260832e-02 -4.411297682121e-01 
-4.913940299040e-01 -1.121199401821e-01  7.492554625159e-02 
 7.452020112949e-02  1.819390910954e-02 -5.317317433804e-03 
 1.064736896059e-02  4.874114299434e-03  5.519735367256e-03 
-1.557702604474e-02 -5.505590018523e-02  2.078205077940e-02 
-4.503035858398e-03 -2.205684009429e-03  6.883642329234e-04 
 5.121553241788e-01 -2.119496360903e-01  6.537136633893e-03 
 3.478217264560e-02  1.227579949508e-02 -4.952339484631e-01 
 2.080099231448e-01  2.895522104559e-02  1.022888538476e-02 
 1.288423655941e-05 -1.843261629998e-01  8.037881029451e-02 
 7.392855045065e-03  7.175108317238e-03 -7.161131842320e-03 
-1.519435485128e-03 -1.405633120348e-01  2.520979378010e-02 
-5.818470768702e-01 -2.753196201471e-01  1.443776200511e-01 
 6.233134633868e-02  2.447533689951e-02 -1.070252176845e-02 
-1.214002609687e-02  1.511748582189e-02 -7.243367688499e-03 
 1.726980367372e-02  2.081913704833e-02 -7.173518402094e-04 
 9.871597577615e-02 -3.307351280712e-02  1.250785742440e-01 
 1.440556289775e-01 -6.992476322219e-04 -2.333196737378e-02 
-1.690510605613e-02 -2.416980409786e-03  2.355414531780e-03 
-1.519843752793e-03 -9.396971196740e-05  1.357324405563e-03 
 4.125105860406e-03  4.370949044892e-01 -1.424219073554e-01 
 1.225182411044e-02 -3.160431585427e-03  1.111511002329e-02 
-7.628711938333e-02  1.314333679866e-02 -1.091854099446e-03 
-2.466849694694e-03 -6.684867792523e-03  1.871561500498e-01 
-7.577314899401e-02 -1.301892818424e-02 -5.322619965769e-03 
 4.809398107791e-04 -5.566579120987e-01  2.025869131007e-01 
 7.543573990600e-03  1.404291677345e-02 -1.986490544779e-02 
-1.035419240147e-02 -1.611981480700e-01 -9.087914143116e-03 
-4.730983830235e-02  2.463990144662e-01  1.075439770210e-01 
-2.903434319839e-02  4.351721274301e-02 -1.126572156054e-02 
-5.690616522231e-03  1.127814641671e-02  1.521359092826e-02 
-7.380025720815e-03 -5.943656706208e-03 -5.798190606721e-03 
 5.331725902503e-03  7.665533577899e-02 -2.517901194177e-01 
 3.421673707918e-01 -7.333549903024e-01 -1.832212002496e-02 
 2.495033768105e-02 -5.352678232201e-02  5.871943221536e-03 
-6.679396587523e-03  1.996906529375e-02 -3.716301243777e-03 
-1.524164764352e-03 -6.349705944547e-02  3.910917115496e-02 
-2.859845562031e-03  4.970314154052e-03  6.786344708746e-04 
-5.923675534813e-02 -3.921211409173e-02 -8.910914417220e-03 
 8.251326017711e-03 -1.011420709059e-02 -5.071937697967e-02 
 2.934124189016e-03 -3.721328806789e-03  1.216126662804e-02 
-2.110390710293e-02  8.169146725459e-03  1.751911003341e-02 
-1.489271779418e-03  4.042264654404e-03  1.205863585526e-03 
 1.428589997489e-03  3.550977984303e-01 -4.246798005604e-02 
-1.712174339501e-01 -2.209742171532e-02 -6.726352535572e-02 
 1.702990174930e-02 -6.526442177081e-03  2.890816084132e-02 
-3.478795663771e-04 -4.257577399289e-03 -7.139340388804e-03 
 2.582435836087e-03  7.777168873031e-03 -1.023527754493e-02 
-8.008267492119e-01  9.917114658152e-02 -1.363507844384e-01 
-2.917530059391e-02 -5.090676451216e-03  4.204785723759e-02 
 1.097264114656e-02  1.256401546876e-03 -5.725771307220e-03 
-1.891379570174e-04  4.317861306752e-03  1.009774063041e-03 
-2.398216782705e-03  2.871457732284e-01 -1.200299684483e-01 
 1.614679639629e-02  1.038779736168e-03  5.783026267817e-03 
-1.613184881429e-01  8.387762591936e-02 -9.867376776246e-03 
-1.838667280574e-02 -1.068584140482e-02 -3.825902512648e-01 
 1.886470919304e-01  3.293911422254e-02  1.880042812293e-02 
 6.487104046777e-04  5.827083619294e-02 -3.283979968088e-02 
-5.930523717404e-03 -3.895504216608e-03  3.253543234022e-03 
 4.062758371374e-03  3.256179463498e-01  1.048896953800e-01 
 2.307409370887e-01 -3.357108880826e-01  3.488037732814e-01 
-2.908898630245e-03 -3.127974511988e-02  2.438636744542e-02 
 3.535775060218e-03  5.630459566658e-03  2.735438408289e-03 
-5.540267367689e-03 -1.826208410987e-03  7.946939071235e-04 
 8.499746018193e-02  1.889797818013e-02 -4.692778832547e-01 
 4.570713404083e-01  3.714469428144e-01  2.692930977458e-03 
 6.442326329607e-03  1.889236818981e-02  1.388922365920e-03 
-4.899136766572e-03  1.170531323895e-02  4.907697812518e-03 
-1.584986722007e-03 -1.813606120258e-01  4.038042426912e-02 
-5.043591160131e-03 -7.345275288848e-03  2.185520936712e-03 
-2.394878434539e-01  9.378866047060e-02 -1.447961083725e-02 
-1.154113372851e-02 -1.342792733946e-02 -1.777265234121e-01 
 7.304727700742e-02  1.939119753538e-04  1.780487727018e-02 
 9.909874856937e-03 -1.569988979511e-01  4.530925704755e-02 
 1.049009288165e-02 -1.231631501453e-03  1.150950393980e-05 
 1.789213737952e-03  2.759233370437e-01  6.395880401135e-02 
 2.386866469994e-01 -3.244926190953e-01  4.240760782731e-01 
 4.657688453065e-03 -2.124922122728e-02 -3.084170916133e-03 
 3.930121090430e-03  1.499205270661e-03  1.415887660179e-02 
 6.344984487453e-04 -4.758242819958e-03 -9.329475742135e-03 
-3.087761600915e-01 -5.638029476264e-02  4.084785531842e-01 
-1.565801884903e-01 -2.994277278903e-01 -8.107138669806e-04 
-6.551183336024e-03  1.834149584806e-02 -1.930573732958e-03 
 5.270020439628e-03  9.349522014118e-03 -9.914579069779e-03 
 4.878882340167e-03 -2.085592135499e-01  6.373811370373e-02 
-6.801430218755e-03 -6.261405695246e-03  2.417348793174e-03 
 9.198166587779e-02 -4.255870795635e-02  1.360869665057e-02 
 1.964297664338e-03 -1.774837816054e-02  1.495632807832e-01 
-6.120666363487e-02 -1.459037728116e-03 -1.048674958962e-02 
-9.421512917592e-03 -1.913576481869e-01  6.600196703738e-02 
 1.098961501818e-02  1.969450327054e-03 -7.907057387776e-04 
-8.008704207125e-03  1.805416345598e-01  2.629502320817e-01 
-1.181526217841e-01  4.865785664067e-01  4.913352900516e-01 
-5.086212854839e-02  2.424160345879e-01  1.841339212860e-01 
-1.023994713236e-02  7.262659887959e-03 -1.441743413659e-02 
-1.287637166395e-03 -6.106299587374e-03 -2.898987087442e-03 
-1.160082893758e-01 -9.665241581690e-02  5.431431110570e-02 
-1.677261934827e-01  3.387202934529e-01  4.267921234408e-03 
-7.095416449264e-02  1.406383654841e-01 -8.463747032826e-03 
-6.933539158395e-03  1.277749063785e-02  4.093328962425e-03 
 1.145510332641e-04 -4.148352325883e-02 -9.450147007765e-02 
-5.243002947441e-03  1.264255034718e-02  1.200466408993e-02 
-1.092762557148e-01 -1.266082890176e-02  2.250915297904e-03 
-2.593097179224e-03  5.895074605370e-03 -8.019025763558e-02 
 1.209912685207e-01  2.027922455035e-03 -5.734412274590e-03 
 6.275219171438e-03 -1.305497029279e-01 -1.155016135294e-01 
-2.529692314763e-04  1.527363494692e-02  1.293277900960e-02 
 1.565641844136e-02 -1.880055887923e-01 -6.055389353653e-01 
-3.336573449179e-03  2.976054044091e-02  7.267416125736e-02 
 1.367002620645e-02 -1.027074423642e-02  8.340886605535e-02 
 3.776640149510e-03 -3.855098317183e-03 -1.393470276916e-02 
-8.155762568830e-03 -7.479434055901e-03  3.199488836292e-02 
-2.648140291615e-01 -8.941410924986e-01 -1.075372534446e-01 
 1.797508510916e-01  7.009596659812e-02 -1.220667529346e-01 
 1.417795754827e-01  6.224282064654e-02  7.255057232002e-03 
-9.322045347253e-05 -7.684126446185e-03  4.058783463059e-03 
-4.294775480745e-03 -2.465958437419e-03  3.241946284952e-01 
-1.021661795639e-03 -9.661103651894e-04  7.482343571850e-03 
 3.586109456739e-01  7.486828078044e-01 -8.426459814460e-03 
 1.180957907187e-03  3.281104902546e-03  2.587875235240e-01 
 5.946450042943e-01 -8.421772213661e-03  6.321261818723e-03 
 3.819470998403e-03  9.577549556299e-02  3.935913460374e-01 
-5.911219088721e-05  3.662086344473e-03  6.323855734005e-03 
-2.941683875068e-02  1.627885277993e-01  9.890417141448e-01 
-2.637657074923e-01  9.468332759956e-02 -2.651677241011e-01 
-4.273802825025e-01  1.169904620125e-01 -4.492260794764e-01 
 3.118869414243e-03 -1.935152889698e-02  3.304539925891e-03 
-8.038295148045e-03 -6.307701841052e-03  7.206359520286e-03 
-7.941190078159e-02 -2.090691232906e-01  8.101413853252e-02 
 2.119679885814e-01 -2.150340017511e-02  1.186267614242e-01 
 2.151833365363e-01  2.173116429730e-03  1.261436874296e-02 
-3.812655639682e-04 -9.046186096221e-03  3.829252146970e-03 
-8.259749706337e-04 -2.434117682260e-01 -1.370618505914e+00 
-5.555291516526e-03 -2.673565088107e-03  1.873668819085e-04 
 2.752477203172e-01  7.221015449508e-01 -2.274459624187e-03 
-4.530595793946e-04 -1.515393971333e-03  9.871476906382e-02 
-2.716778393398e-01  2.783769303473e-04  1.300231268655e-02 
 8.771844210901e-03  6.575070839005e-02 -5.931066560397e-01 
-2.645576645122e-03  4.395576751726e-03 -7.323074006551e-03 
 1.708282611559e-02 -8.202637002082e-02 -5.611516499785e-01 
-6.037778240373e-02 -1.148694990945e-02  2.790357455262e-01 
-1.102538086051e-01 -9.325892757235e-02  3.241401586962e-01 
 1.338564684889e-03 -6.907249209778e-03 -1.088803216511e-03 
-1.583670225538e-02 -1.071553015373e-02 -1.364805696539e-02 
 5.289151978168e-02  3.850876954954e-01  3.204331566525e-01 
 2.396085567714e-01  1.257902349828e-01  3.540714768244e-01 
 2.995279005619e-01  1.192756046873e-01  4.245355214717e-03 
-3.067094616334e-03  1.483714646941e-04 -1.898144524800e-04 
 7.929918114907e-03 -8.437431481412e-02  2.364431456861e-01 
-1.699142288066e-03 -1.711831378685e-04  8.021786956558e-03 
 4.161279380982e-02  5.931317058712e-01  3.459013097459e-03 
-1.096878602485e-03 -7.594757809976e-03 -1.548244478527e-01 
-1.349123786869e+00  7.482198515933e-03  5.735596146162e-03 
 5.602870145593e-03  2.130310845294e-01  7.750033022651e-01 
-3.576341845013e-03  4.395413483632e-03 -1.724514690329e-03 
-1.307832825405e-03  2.378523237157e-02  1.104483957999e-01 
 4.317176967340e-01  2.621001069179e-01 -1.685881856478e-01 
 6.983902995299e-01  4.146927630454e-01 -3.189083868966e-01 
 2.240610454311e-03 -1.529468655560e-03 -1.381231192884e-03 
 2.657625490488e-03 -1.056889937418e-02 -1.854951561204e-03 
-1.145668748725e-02  1.673310776431e-02  7.365156681887e-02 
 1.342057623266e-01 -1.386600542976e-02  1.430084242311e-01 
 2.110492485025e-01 -7.786187856081e-03  4.283774361178e-03 
-8.792505705028e-03 -6.925142976101e-03 -9.240660724422e-03 
 4.016373741033e-03  1.106941853971e-01  1.040441700386e+00 
 4.204023531131e-03  2.319794883181e-03  2.318101499772e-03 
 3.823694495441e-02  7.971331127203e-01  3.752020472545e-03 
 3.373364120293e-03  1.252926703560e-02 -2.665443396423e-02 
-5.476394162593e-01  8.709950897525e-03  4.694787743721e-03 
-8.637751942398e-03 -1.411408857102e-01 -1.483211504692e+00 
 4.487567183108e-03  1.602682778672e-03 -3.824087828170e-03 
 2.779591923352e-02  1.829731894415e-01 -9.410627468014e-03 
 4.237482672013e-01 -1.285569364207e-02  1.523821891152e-01 
-8.537949943669e-01 -2.264868832536e-01  7.277124386016e-02 
 4.805900984348e-02 -9.580439032786e-02  2.507361154485e-02 
-1.110855181963e-01 -4.861805976360e-02 -2.641959648903e-02 
-2.312454327091e-01  3.038334772548e-01  5.011402492228e-02 
-3.148767354379e-02  1.968229837028e-01 -1.832600181908e-01 
-8.038427896837e-02 -1.056192058103e-01  6.552718810089e-02 
 5.126974231462e-02 -2.552496312470e-02  4.011490090282e-02 
-8.768475038457e-03 -8.518904114208e-01  8.413260056079e-01 
-1.537374826157e-02 -9.035157376406e-03  6.800913294916e-03 
 9.851329002904e-01 -1.555809145191e+00 -6.534381396237e-02 
-2.627769657826e-02 -8.985582121928e-02  6.326785458619e-01 
-2.539654123542e-01  4.033547097606e-02  4.925773274243e-02 
 8.459418258714e-02  8.328203693560e-01 -7.263364990110e-01 
 3.382389626142e-03  1.267382293477e-02 -1.865269029089e-02 
 2.016381665756e-02  1.683493939095e-01 -1.560187708453e-01 
 4.095642806811e-02 -2.206792391762e-01  2.201620771712e-01 
-4.099765464570e-01  2.958449187776e-01 -7.245870850166e-01 
-2.600289765790e-02  3.402553376645e-02  7.472788173427e-02 
-7.711921140452e-02 -1.010295042460e-01 -7.136653776485e-03 
 6.309705784727e-02 -1.381808917812e-01  1.345268541215e-01 
-2.646881936619e-01 -2.250483591417e-01 -1.040273631665e-01 
 7.855168818192e-02 -6.800653549874e-03 -7.404362864986e-02 
-5.954787793988e-02  5.716910044443e-02  2.806745617853e-03 
 4.242621222530e-02 -1.221804882190e+00  9.135334799171e-01 
 4.218708344139e-02 -1.687434958215e-02  2.952416486584e-02 
-1.398968040634e+00  1.523151230090e+00  3.361155132453e-02 
 9.760413071390e-02  9.964848043455e-03 -4.609194021033e-01 
 6.651132431275e-01 -1.685598591781e-02 -8.001899993526e-02 
 1.056430132785e-02  1.715569965927e-01 -4.519667366056e-01 
-2.989661074839e-02  8.385249042514e-03 -4.412517671155e-02 
 9.782871633148e-04  1.826220611793e-01 -1.174054804639e-01 
-5.767709164270e-02  5.009321102151e-01  2.561992937677e-01 
-1.236235895083e-02 -3.697730261992e-01 -7.838267949204e-01 
-1.314569164605e-01  1.125000134471e-01  3.169737476924e-02 
 6.286328641277e-02 -1.012675894153e-01 -4.751863339795e-02 
-2.146672628027e-01  4.888701276906e-01 -9.547805757962e-03 
 2.873633052518e-02  2.532071984683e-01  9.363816350439e-02 
 7.243676420759e-02 -4.019539457837e-01  3.948131331480e-02 
 1.481406104134e-02 -8.839425499434e-03  6.042249492453e-03 
-2.474591879438e-02 -8.508086383409e-01  5.828662566576e-01 
 6.289077394975e-02  6.039969177752e-02 -5.325564554411e-02 
 5.780141591400e-01 -5.004842152059e-01 -1.451850609121e-02 
-6.508923777203e-02  1.100551816243e-02  1.085577192880e-02 
-1.022063644307e-01  1.831448802867e-02  4.233755497144e-02 
 2.773070571669e-02 -1.530585683322e+00  1.339508807654e+00 
-9.173588332498e-02 -4.414183200021e-02  2.659848192538e-02 
 1.902742095535e-02  2.124641774968e-01 -3.627627429317e-02 
 5.046971884757e-01 -1.214498808645e+00 -4.683640809183e-01 
-5.219609152679e-01  1.511588412370e+00  4.075809442245e-01 
-4.466448197215e-02  5.210712423666e-02 -4.101638119354e-02 
 4.806164729252e-02  2.579411696700e-03 -3.882519763388e-03 
-9.509336501452e-02 -7.090635828891e-02  1.602047200687e-01 
-1.266277402159e-01  1.091629666621e-02 -1.901027830526e-01 
 9.252905777152e-02  9.329756652955e-02  2.580291754301e-02 
-2.493345390033e-02 -3.507362065633e-02 -2.603638076644e-04 
 3.124250162293e-03 -4.448128558528e-02 -1.599786366497e-01 
-4.340387652460e-03 -4.210084978662e-03 -2.846060618301e-02 
 1.515275639410e-01  1.322182563550e-01 -3.214317268215e-02 
-4.925289069832e-03  5.885969504322e-02  4.567542160207e-01 
-5.589297464524e-01  2.728814643554e-03  2.025173090667e-02 
-3.636573580364e-02 -7.010714593056e-01  6.200700164529e-01 
-4.447681953165e-03 -3.418267065121e-02  1.117679319381e-02 
-7.324581487215e-02 -3.436328175609e-01  4.889056902379e-01 
 3.941110471065e-01 -4.724459419904e-02 -3.318844393452e-01 
-7.774165018149e-01 -1.127389381952e-01  4.604224528728e-01 
-9.665460690304e-03 -2.475349096250e-02  3.668129761631e-02 
 4.390055429451e-02 -2.349509216744e-02  1.381069674469e-02 
 1.192942252940e-01 -2.101007664230e-01  3.583635121398e-01 
 1.845349635406e-01 -1.632901046791e-01  9.762062447488e-02 
 1.701929320494e-01  3.600250858759e-01 -1.038234311232e-01 
 4.016282056820e-02  6.253240245523e-02  2.233757816500e-02 
-1.129417967089e-01 -5.776921849393e-02 -2.562478624751e-01 
-3.378707019252e-02  4.762002814384e-04 -5.063376343221e-02 
 8.142176263604e-01 -8.536044535951e-01  1.104337346959e-01 
-3.400799703396e-02 -7.301328484666e-02 -1.779886005070e+00 
 1.657474522139e+00 -1.894894097458e-01 -4.678971768624e-02 
 4.171935533346e-02 -4.225615637127e-02  2.852399127135e-01 
-2.376446214163e-02 -1.389822037967e-02  3.265414273367e-02 
 6.002930758576e-03 -8.825808169270e-03  4.872561092318e-01 
 6.378657228129e-01 -2.076447092246e-01  1.161080219580e+00 
-9.135424638067e-01  4.451038235950e-01 -2.010561566928e+00 
 2.950422197785e-02 -3.018457400030e-02  5.753962154184e-02 
 1.111901843901e-01  1.162015900839e-01 -6.820096737507e-02 
-2.522431673824e-01  5.271751680321e-01 -1.874939660258e-01 
 2.035728715378e-01 -2.843707877944e-02  3.449731439575e-01 
-1.988266040279e-01 -3.632688726297e-01  1.323161747493e-02 
-1.645100546356e-04  2.372572584351e-02 -3.199595534633e-03 
-9.569335889363e-03  7.271771955348e-01 -1.510174930860e+00 
-1.520798693511e-01 -5.552141621572e-03 -9.960355512795e-02 
-1.008354134262e-01  5.042974227933e-01  7.484016091843e-04 
-2.869394417814e-02 -2.011546381871e-03 -2.644706565510e-01 
 3.348808039028e-01  1.455615980542e-02  4.352953382298e-02 
 4.844385541131e-02  1.928062849077e-02 -4.279567311140e-01 
 4.192605207787e-02  2.739326960562e-02 -6.336213350087e-02 
 3.631636452188e-02  1.839369100912e-01 -3.510957311804e-01 
 9.776281519954e-01  7.314953196184e-01 -3.511000576871e-01 
-1.806304555306e+00 -1.274370461441e+00  8.537625896619e-01 
-3.165125793914e-02  1.425004765535e-01 -1.023391914573e-01 
 9.465088741120e-02  1.035322308506e-01  4.395328584739e-02 
 1.784147548395e-01 -4.073587869756e-01  9.507767895205e-02 
-3.379059384704e-01 -2.124218487854e-01 -1.851398493160e-01 
 2.953847287477e-01  3.064932503951e-01 -4.845119841314e-03 
-2.548381323806e-02 -7.116574407891e-03  1.235189189074e-02 
 6.063473365149e-02  3.661182969455e-01 -1.258527459078e+00 
-1.368856820264e-01 -2.051935593688e-02 -2.105573756127e-02 
-5.507479789004e-01  3.448980869702e-01 -3.828980786819e-02 
 8.225412052860e-02  5.449895587420e-02  3.849713754176e-01 
-2.018754016746e-01  3.118350513165e-02 -3.774162450230e-02 
 3.059642003909e-02 -2.953920751592e-01  1.623789323867e+00 
-5.384956588569e-02 -1.111519625159e-01  1.620337406286e-01 
 2.562923755882e-01  1.170959501903e+00 -1.849529387526e+00 
 2.212493432092e-01 -2.955781937386e-02 -4.460911420714e-01 
-4.928754851753e-01 -1.486948018731e-01  8.563598386968e-01 
-2.930800313467e-02 -8.391802665083e-02  1.729915001884e-02 
 9.568877689447e-02 -6.946319612196e-02  3.896680196202e-02 
 2.633305860110e-01 -2.170721847496e-02 -9.363114258305e-01 
 7.033130803109e-01 -3.624229892975e-02  1.258552625304e+00 
-8.905992225760e-01  1.390346670827e-02  6.767221899606e-03 
 8.270899368288e-03 -1.500211895087e-02  6.785742510706e-03 
 2.603342988422e-02 -2.299272589648e-01  4.305482272201e-01 
 4.971590569461e-02  1.993057919237e-02 -1.451103303479e-02 
-3.343320224644e-01  6.116821306732e-02  9.489232849285e-03 
-4.362041085662e-02 -6.358266339494e-02 -1.722558656829e-01 
-9.802884890664e-02  1.051913497499e-01  4.506119056783e-02 
 1.520532821267e-02 -4.034384456030e-04  7.476764700876e-01 
-1.145535550683e-01 -1.392570370306e-02  5.652574881105e-02 
-3.801426944924e-01 -1.751713606431e+00  2.449213039205e+00 
 6.632248504924e-02 -1.243127480323e-01 -1.234573762616e-01 
-2.843749457703e-01  2.435232473363e-01 -3.779284070418e-02 
 8.602470572693e-03 -7.818223515247e-03 -6.399299283269e-02 
 7.532291994938e-02 -1.129386770114e-01  2.350334835551e-02 
 9.778827198812e-02  4.672132462403e-02 -6.582287212232e-01 
-7.439932772637e-01  3.018506764137e-01  1.379608862336e+00 
 1.442025774630e+00 -1.077253454827e-01  1.801073392927e-02 
-2.166154323556e-02 -3.417898372493e-02 -1.066102049028e-02 
 2.314226742376e-02 -7.912525968369e-02 -4.901429602143e-01 
-5.882259603155e-02 -1.652892121164e-02 -4.320791647386e-02 
 1.780527373452e-01  5.931236267879e-01  1.451321953647e-01 
 1.249217119146e-01  4.619833780020e-02 -3.566520573936e-01 
-7.031044865788e-01  1.964493597342e-01  1.629726724057e-01 
-2.213290516494e-02  6.508295067081e-02 -3.914714652551e-01 
-1.542955052098e-02  8.512671458226e-02 -4.020862258596e-02 
-4.462433525610e-01 -2.072230997930e+00  2.847431996761e+00 
 2.300896117029e-01  3.119409481594e-02 -2.451461339612e-01 
-6.253784750461e-01 -1.647559529560e-02 -1.393751703792e-01 
-3.507909537370e-02  1.044827141006e-02 -9.648858976907e-02 
-1.703092348656e-02  1.270460492775e-02  8.456524805908e-02 
 4.396822185274e-01 -5.684055093124e-01  1.428402200778e-01 
 4.986593368827e-01  8.510950225156e-01 -5.767702848013e-01 
-1.154442478832e+00 -1.139998289349e+00 -4.067900368775e-02 
-2.423344561370e-02 -1.066374598373e-02  1.903017448348e-02 
 1.820071234528e-02 -1.295986641866e-01 -6.903195087938e-01 
-1.044442465165e-01  1.815647616960e-02 -1.273601452017e-02 
-5.931457882290e-01 -1.723504831726e-01 -1.190922155111e-01 
-1.466251188909e-01 -6.705728622567e-02  1.665014982484e-01 
 5.985076480387e-01 -7.516637973941e-02 -1.745875394940e-01 
-4.593748856954e-02 -3.271367239419e-02 -3.175657767148e-01 
-7.842396916799e-03  2.077489782596e-02 -3.937766963501e-02 
 4.756861026820e-01  2.044542167176e+00 -3.248861128895e+00 
-1.415884236973e-03  2.624689283472e-03  1.634264858136e-03 
 6.525852259551e-02 -1.109637252087e-01 -1.898294776240e-01 
 1.400030127121e-01  1.046749738233e-01  7.478906294844e-03 
 4.900428020175e-03  7.491559045093e-02  1.864535364610e-01 
 9.512770290033e-01 -1.182045787432e+00  5.892331750441e-02 
-3.639494960710e-01  9.229869089080e-01  4.310017851427e-02 
 6.261635276085e-01 -1.475609158336e+00 -4.961221182546e-02 
-2.618715534392e-02 -2.891143540150e-02 -7.604455281919e-03 
-4.976652472024e-02  1.991522634928e-01  2.308772960023e-01 
 5.810497468304e-02 -1.085533935362e-01  3.441657818839e-02 
-6.131099356028e-02  6.332620348725e-01  3.319667816881e-02 
 1.024128439344e-03  1.488816278701e-01 -5.182435205757e-01 
 7.161108242505e-01 -8.476346920598e-02  1.513335257440e-02 
 4.000133401629e-02  2.769421490318e-01  1.874041109805e-01 
 1.509317451201e-02 -9.420529202042e-02  3.422725969594e-02 
-1.146890533984e-01 -4.203854583033e-01  8.735615679264e-01 
-2.448708917089e-02 -1.458105176225e-02  2.506514612479e-01 
-1.387325809788e-01  9.351926339365e-02 -3.895080956018e-01 
 3.574703076617e-01  2.549637029107e-01 -3.078982677037e-01 
 5.235354605909e-02 -2.506848071106e-01  1.661996140917e-01 
 7.848846888569e-01 -1.001110668731e+00 -7.469734127894e-02 
 2.398802806272e-01 -3.103887721900e-01  3.219924323212e-02 
-3.674909680650e-01  3.249364782429e-01  3.351834945970e-02 
-6.978208795488e-02 -4.271884397762e-02 -4.001799823044e-03 
-5.016943443240e-02 -3.146994969675e-01  5.792641862281e-02 
 3.719356396548e-03 -2.734132628499e-01  1.063069245419e-02 
 2.408329306840e-01 -2.494230106333e-01 -8.276480263392e-02 
-3.818354408261e-02  1.910457227315e-01  5.612356769359e-02 
 2.163620604808e-01 -1.241207643515e-01  2.380162760402e-02 
-4.522961279847e-02 -4.066994299607e-02 -2.088683057831e-01 
 6.710867905297e-02  2.060687769857e-01  2.011216757180e-01 
 6.696513053306e-02  2.401186234283e-01 -5.061093432960e-01 
 2.081658861457e-02  1.103572813362e-01 -1.601544797681e-01 
 2.124559625058e-02 -2.510161918733e-01  4.296868908803e-01 
 2.776103458220e-01 -1.031264048047e-01  2.548701698547e-01 
 4.128908673556e-01 -2.016359501097e-01 -2.123531443501e-01 
-1.007347596324e+00  1.260700554985e+00  2.733846951090e-01 
-1.035369012142e-01  1.791316433378e-01 -5.007713153597e-01 
-2.529612849729e-02 -7.655195368246e-02  3.094103949636e-03 
 2.289926880619e-02  4.072798149760e-02 -1.055922278660e-01 
 4.664215622675e-02  1.884638635374e-01 -3.104291218314e-02 
 1.119896632103e-01 -1.683691376683e-01 -2.657032751513e-01 
-2.074645020885e-01 -1.836760847856e-01  1.217625462070e-03 
-5.754164272390e-02 -1.365786122874e-01  2.103232144773e-01 
-2.401104134099e-01  6.021285727111e-02 -6.055180547628e-02 
-2.076472869860e-01  1.326642771767e-01  1.740752687778e-01 
-1.769458283404e-01  1.352858325008e-01  5.998300848890e-03 
-7.176674645794e-02 -3.464035278207e-01  4.047046554394e-01 
 8.331737563291e-03  5.554872292026e-02 -2.508764259435e-01 
-2.235636726649e-01 -3.193670156654e-02  3.031221909205e-01 
 1.813818222265e-01  4.413884991055e-01  1.999229852399e-01 
-1.950063766493e-01  1.751847986051e-01 -3.761517333100e-01 
-1.716184030371e+00  2.491554735391e+00 -2.141982535481e-01 
 1.536825001873e-01  3.832036431803e-02  6.056591215662e-01 
-1.588947387747e-01  1.677281009071e-02  1.013369225740e-02 
-7.374210232998e-02  2.980811819212e-02  2.592445018848e-02 
-2.041657593310e-02 -1.750887465833e-01  6.140292071164e-02 
-2.322637973889e-02 -1.971375262068e-01  6.466918305695e-02 
 2.799465277768e-02 -4.038332046317e-01 -4.540048013951e-02 
-1.790067777005e-01  7.037424958345e-02 -3.776676579208e-01 
-3.449468816246e-01  1.698066119893e-01  2.606026049026e-02 
-1.063455892988e-01  4.578113110919e-02  1.023339144702e-01 
 1.537889530740e-01 -2.170234325739e-01 -5.638390880420e-02 
 1.081073026749e-01  4.530976485140e-01 -7.464498158768e-01 
 1.745308476284e-01  1.502471763340e-01  9.833971514119e-03 
-4.642377532665e-01 -6.134759083062e-01  2.263433210634e-01 
-2.778178393248e-01 -1.213215989215e-02 -2.288951576949e-01 
 8.913836999634e-02 -1.268605604822e-01 -1.885235454691e-01 
-8.167490149218e-01  1.232249927737e+00  1.600953378967e-01 
 8.271079234316e-02  5.642886490992e-02 -3.390782911796e-01 
-2.796033807720e-01 -2.021566207209e-01 -4.507399177421e-02 
-1.153016027390e-01 -1.577144087991e-01 -1.740717996410e-01 
-1.254615591534e-01 -1.211291521508e-02 -3.286011756778e-02 
-9.736883190854e-02  8.594597265840e-02  1.588731845859e-01 
-1.576829309162e-01 -5.222733324276e-01  3.102503673925e-01 
-3.375563481300e-01  3.269607944080e-01  1.057183869185e-02 
 1.329061424344e-01 -1.578939406595e-02  1.656955452334e-01 
-3.297493860649e-01  6.334594635695e-01  6.640233725611e-03 
-1.527194485045e-01  1.485407658081e-02 -7.580918377144e-02 
 1.514497397690e-01  6.091399087551e-01 -9.856542017076e-01 
-8.654457928143e-02 -8.695364838958e-02  6.081028631981e-02 
 2.366745792161e-01  5.932631179689e-02 -4.322815818710e-01 
-5.509253690744e-02  8.689755421409e-04 -3.247152908642e-01 
-1.942139124717e-02 -9.702017483565e-02 -2.504639874896e-01 
-1.050398502761e+00  1.702505414082e+00  3.579707943219e-02 
-4.253391754675e-02  7.958166808670e-02 -7.917448608903e-02 
 3.059207937662e-01 -6.000392971338e-01 -2.223807185181e-01 
 9.460017920395e-02 -2.182587743958e-01  1.021043165472e-01 
 1.011308511782e-01  1.442460623124e-01  4.925281966499e-02 
 3.330676703175e-02  7.721614555310e-03 -5.769561649741e-02 
 2.728638405056e-02 -3.895495992658e-02  1.917536577559e-01 
-2.105528694836e-01 -3.749697849636e-02 -2.555724725420e-01 
-4.838204094117e-02  3.690888646827e-01 -4.440331723034e-01 
 3.532686043585e-01  6.688943604373e-02 -1.166010339250e-01 
 9.961052124437e-02  1.246475250540e-01  1.602474462491e-01 
 1.239998173540e-01  5.037517278420e-01 -8.624415344270e-01 
-5.214706915235e-02  4.891200592656e-02 -1.394562080219e-01 
 7.827908501862e-02 -4.087834473272e-01  6.833315665735e-01 
-3.199955562911e-01  2.670995542140e-01 -5.280912422026e-04 
 2.123018077903e-01 -1.187353942296e-01 -3.824388642122e-02 
-1.547102241633e-01  2.454622861551e-01 -1.292352318513e-01 
-1.513202836104e-01 -7.545815989910e-02  5.568753110056e-01 
 5.010028118088e-01  1.215037568225e-01  8.785691201418e-02 
-9.243429814438e-02  2.433371606742e-02  9.771441015917e-02 
 3.524076757313e-02  2.081841892580e-01  1.017479321731e-01 
-2.671617556630e-02  6.409494232447e-02 -2.418553492026e-02 
 4.348109349747e-01 -3.727536188597e-01 -6.371716738021e-01 
 1.039429089210e-02  3.335826168438e-01 -7.048619195795e-01 
 2.368108409097e-01  5.406631530436e-02 -2.627700222906e-01 
 4.497385300209e-02  9.674409231006e-01 -3.415989361210e-01 
-1.813280702402e-01  9.450429954506e-02 -2.184044148648e-01 
 2.399096333656e-02  1.640747680189e-02 -3.542693726100e-01 
-9.160095882666e-02  5.506193874686e-02 -3.364433075077e-01 
 2.106662818716e-01 -2.085841624204e-01  6.505432147972e-01 
-2.213666113853e-01  1.813714754569e-01  1.272583409646e-01 
 8.472211442394e-03 -1.961512149423e-01 -1.287915026882e-01 
-6.116048224653e-01  6.292278292088e-01  2.020978046667e-01 
 2.303043493808e-01  1.291075893658e-01 -4.587445781799e-01 
-7.232795135412e-01 -4.219783659541e-01  4.714076165370e-02 
-9.846355445963e-02  1.966119461986e-02  2.232664671097e-01 
-6.656514396110e-02  4.269177715769e-01 -8.562300324730e-02 
 3.650082154166e-02 -7.690151808514e-02 -2.169784940134e-01 
-7.714329461138e-01  1.733561188558e-01  2.070843040675e-01 
 8.884629736700e-03  1.666098277673e-01  3.780035117161e-01 
-1.433595525615e-01 -2.055933818965e-01  4.332437707720e-01 
 5.844146694488e-01  4.549678575669e-01 -1.140548562532e-01 
 3.396414231815e-02  1.229256362049e-01  5.387871361059e-02 
-1.952193697178e-01 -8.353044673736e-01  1.116812744042e+00 
-5.292694012845e-04 -1.041252016886e-02  2.593753157732e-02 
 1.301699799476e-01  1.726762754615e-01 -3.117170721888e-01 
 1.775368847168e-01 -3.338177743910e-01 -1.268861257159e-01 
 2.097210888688e-01  4.714730108230e-01 -1.795475449078e-01 
-7.894808074400e-01  1.063181118820e+00  1.465379605666e-02 
 6.290939117904e-02  6.492096303543e-03  8.087061436100e-02 
-5.790426754425e-02 -2.345815963578e-01 -3.081142712721e-02 
-7.781007244934e-04 -1.528845841574e-01  1.073380444631e-01 
-2.931394442184e-02 -6.485353335051e-01  3.752511191462e-01 
 7.720678510113e-03 -3.343407009595e-01  3.470718659857e-01 
-1.606880424446e-01 -7.331829289409e-04 -7.158822724912e-02 
 4.992327386822e-02  2.188755345380e-01 -1.857250140610e-01 
-6.275738657053e-02 -5.169270899666e-02  3.769071398028e-02 
 2.791000435622e-01 -4.782094003683e-01  6.249665226285e-02 
-4.514976071468e-01  2.670959047681e-02 -1.607606694585e-01 
-3.113945160705e-02 -1.595190922784e-01  1.072326089549e-01 
 1.184928148825e-01  8.462610033861e-02 -2.191810935511e-02 
-6.142286826760e-01 -3.768825647339e-01 -2.466454715891e-01 
 9.685474562825e-02 -2.533136508732e-01 -2.755535830926e-01 
 1.372966939443e-01  2.852290642917e-01 -3.084566438873e-01 
-1.278291697562e+00  2.013957394332e+00 -2.739513273318e-02 
-5.147893704631e-02  1.563309729715e-01  4.439228515507e-01 
-6.685671079258e-02 -4.446223320403e-01 -5.076934050084e-03 
-1.763213088716e-01 -1.069116535079e-01  8.591593220360e-02 
-7.520993065148e-02 -7.604490905644e-01  2.892743925569e-01 
 2.537803995881e-01  3.535517954774e-01 -2.446691999673e-01 
-3.974715956998e-01 -3.705133934240e-02 -3.385690207823e-01 
 3.175625419895e-02  4.104524477736e-02 -6.634009218907e-01 
 2.497474196318e-01 -7.947834921855e-02  2.277557581404e-01 
-1.183861209725e-01  9.473460574258e-02  7.037242562015e-02 
 3.903219587091e-01  5.342101859285e-02  2.958184465003e-01 
-1.982143681414e-01 -7.894954224292e-01  1.241771249173e+00 
 2.883178284806e-01  1.236415724290e-01 -6.324150120173e-02 
-6.992184050171e-01 -1.707622185588e-01  6.190593308686e-01 
-3.621921086732e-02  2.084098580594e-01  7.494857884227e-02 
 5.436242292791e-01  2.786584350486e-01  3.104638206967e-01 
 1.296640574447e+00 -2.005004115743e+00 -1.425969566825e-02 
 4.637986761592e-02 -2.367619317899e-01 -3.727826113506e-01 
-1.031908431329e-01  5.625897407792e-01  2.153162847166e-02 
 9.647335852030e-02  3.344534243443e-02 -1.359462513479e-01 
 3.481582703875e-02 -9.291927028811e-01  5.078525642532e-01 
 3.178100455308e-01  5.669336662846e-02 -4.231849584990e-02 
 2.351333697438e-01 -3.409816583127e-01  3.086714327355e-01 
-1.825197862953e-01  1.493931891399e-01  6.159267110691e-01 
-7.971529086419e-02  1.233998926631e-02 -1.367515463816e-01 
 1.378404860131e-01  7.113043663367e-01 -4.227274807717e-01 
 2.934210936284e-01 -1.413341006545e-01 -2.454277449708e-01 
 7.825814080810e-02  3.094027018346e-01 -4.544829100498e-01 
 1.969533721447e-01 -4.371551645942e-02 -6.693718475770e-02 
-4.231978996686e-02 -1.420347818175e-01 -4.618378692250e-01 
-6.345715234585e-02  3.516987978409e-01  2.860851001864e-01 
-2.669876102257e-03  3.386076007499e-01 -4.803283133412e-02 
-2.116456316086e-01  3.398329228270e-01  7.322419501633e-02 
 4.702876178290e-02  1.584242151528e-01 -7.049869796557e-02 
-3.331641942385e-02 -2.971385332620e-01  1.511869871238e-02 
 1.611638618360e-01  2.035117089611e-01 -9.545023723777e-02 
 2.497012384862e-02 -1.657794087387e-01  1.680800922121e-01 
-2.017386026821e-02  2.294681284057e-01  4.161403635819e-01 
-6.015894742671e-03  1.188535305920e-01  4.853638098866e-02 
 6.070681610244e-02 -9.164835720647e-02 -1.844011238423e-03 
 7.315110647795e-02  3.666180681612e-02  6.155899913948e-02 
-4.129778462422e-02  1.692083705393e-01 -2.659622388225e-01 
-1.180609387900e-01  7.936765321903e-01  3.568820350507e-01 
 3.394670448888e-02  1.672562790437e-01 -1.253756587611e-01 
 1.278002566874e-01  1.051509710863e-01  4.880956069573e-02 
-1.514843497974e-01  1.206255709881e-01  1.360359016204e-02 
-6.295706524818e-01 -9.537393441984e-02 -1.762990244697e-01 
-3.210059724440e-01  3.546573410527e-01  6.700325911233e-02 
 3.117058670488e-01 -3.157358620825e-01 -4.482952636513e-04 
-1.170878744974e-02 -1.642796653632e-02  1.216451150648e-01 
 4.830951045674e-02  1.553027183355e-01 -2.096335903904e-02 
 7.782568807439e-03  4.092204470927e-02  2.856111280408e-02 
-1.694060598763e-02 -9.202939443247e-02  8.650881032317e-02 
 2.960239491906e-01 -7.564121753598e-01 -4.210470608798e-01 
 1.167769544054e-01  2.872855173582e-02 -1.426204909207e-02 
 1.146173270948e-02 -1.569163781671e-01 -4.826230063277e-02 
-6.065443874467e-03  7.221073664331e-02  4.927511588978e-02 
-2.396666117439e-01  9.172861105932e-02 -1.290390957109e-01 
-8.996801254618e-03  2.628687806023e-01  1.147580277807e-02 
-1.417601408888e-01 -5.989770878625e-01  7.278448175414e-01 
-1.599053859687e-01 -1.238653485181e-01  7.719983849602e-02 
 1.039109686551e-02 -2.030821387990e-01  4.069871584800e-01 
 6.981005836163e-02 -1.482811100076e-01  3.024827666594e-01 
-1.506209226370e-01  2.183590606619e-01  2.708242917405e-01 
 1.225628106814e+00 -1.268163339602e+00 -6.607824699118e-04 
-3.456408266456e-01 -2.963189369196e-01 -1.958445017960e-01 
 3.474136692080e-01  3.969504030888e-01  3.279683351046e-02 
-3.819002396056e-01  2.206119674210e-01  1.267710270448e-01 
-5.328517038595e-02 -4.914311060679e-02 -2.373546103464e-02 
 3.676119334918e-04  1.184058332217e-01 -1.972193483222e-01 
 2.519389517779e-01 -4.780054647714e-01  1.505981254272e-02 
-6.412840732544e-01  2.063574343781e-01  3.223752069267e-01 
-1.787117365022e-01  2.012111437155e-01 -9.130904469328e-02 
 1.223041718828e-01 -5.989211436172e-02  3.169793566628e-01 
-2.500503834040e-01  6.598422931117e-02  3.299265275915e-01 
 1.768623465830e-01  7.604915517436e-01 -9.133571743229e-01 
 6.802696393417e-02  6.344600322291e-02 -7.889550043135e-03 
 4.292966312826e-01  1.882334460087e-01 -4.026186661116e-01 
 1.672694053529e-01  1.584751526411e-01 -3.919498025612e-01 
 1.019038387248e-01 -4.465349235508e-02 -2.798910804019e-02 
 5.084727774571e-02  7.187836819839e-01  9.570418240118e-02 
-3.283812274502e-01 -1.144239223026e-01 -1.865073148516e-01 
-2.252073807225e-01 -1.834281920621e-01 -1.212172215832e-01 
-2.153426912784e-01  2.949841240010e-02  2.402319682472e-01 
 1.084543628287e-01  6.480220528510e-02  3.037854516778e-01 
 1.001049354882e-02  6.459409265700e-02  1.961277784952e-01 
-2.693367982191e-01 -5.814056451621e-02 -1.222542259171e-01 
-4.083538167950e-01 -7.304284260691e-01 -1.408884522857e-02 
-2.227837781261e-03 -2.310137340728e-02  4.277725642793e-01 
 9.695143646941e-03 -6.340113009753e-02 -3.365212099048e-01 
-7.941319089721e-02  5.807587038710e-02 -4.504413418242e-01 
-1.508679166650e-02 -1.374809017943e-02  1.112948133281e-01 
 1.021731285173e-01  5.379272053231e-02 -6.052374463320e-02 
 6.312330700650e-03 -2.615647651394e-01  7.554858903085e-01 
 4.270701646862e-01  3.657748912686e-01 -1.518789707755e-01 
-4.423607373014e-01  3.198117592669e-01  8.126443268284e-02 
 2.603623348759e-01 -8.240947705685e-01 -7.200052681397e-02 
 1.474678954687e-01 -6.335610014219e-02 -3.301355397322e-02 
-2.567174255440e-02  5.067065915573e-01 -3.557339284759e-02 
-2.388035781795e-02 -2.559356069027e-01  1.688158313954e-01 
-9.917333434628e-02  7.280850087653e-02  4.926373852534e-02 
 1.929102139115e-01  4.639712995606e-01 -5.784425468379e-01 
 1.273052136779e-01 -6.688296806748e-02  2.120028022895e-01 
 2.368648864684e-01  4.242626620064e-02  2.718987814961e-01 
-1.677701417756e-01 -6.917367442432e-02 -1.492662390386e-01 
-1.897345733919e-01  7.931169712538e-02  1.427703137748e-01 
-5.283162892927e-01  2.204967090679e-01 -3.874768061767e-01 
-7.913918109547e-03 -2.661612980736e-02  6.041011691404e-02 
-1.340413236946e-01 -7.485692307742e-02 -4.412631969428e-03 
-1.609743344196e-01 -6.148329119061e-02  5.366196273290e-02 
-7.712101405668e-02  7.080040495903e-02  3.807492338362e-02 
-7.516380314241e-02  1.549261133084e-01 -1.796677061086e-01 
-7.643011712576e-01  6.150864384695e-01 -7.573614437697e-01 
-6.063782466966e-01 -9.840130691975e-02  4.299584845422e-01 
 8.841789959554e-02 -5.843415399134e-02  1.049514287525e-01 
 1.064931862222e-01 -2.396840877268e-01 -2.719615223684e-01 
 3.481907313065e-01 -1.977567707841e-01 -8.466896448508e-03 
-1.039941424999e-01 -2.744908290855e-02 -1.405425654963e-01 
-2.457713032834e-01 -1.690317676578e-01 -9.709085032914e-03 
-4.282589466828e-01 -1.504698259116e-01  8.290229870808e-03 
 3.241927137446e-01 -8.753971028375e-01 -1.152041818470e-01 
 1.855736414853e-01  1.593146590280e-01  2.290739750071e-02 
-7.696766988575e-02  3.157839544001e-02  1.503976959857e-01 
 6.323725100893e-02  3.043259100204e-01 -2.322172782226e-01 
 2.430028035416e-01  1.457574701116e-01  4.343420770984e-02 
 7.924098110084e-02  9.103078137517e-02 -3.842215327766e-01 
-5.672235695976e-02 -1.599473952787e-01  2.299846396310e-01 
 4.770660238501e-02 -1.392928401742e-01 -3.866089890830e-02 
-3.053285692436e-01 -4.779848755114e-01 -3.333669547942e-01 
-5.651239321459e-02  1.104931347735e-01 -7.137476606869e-02 
 3.692252995793e-01  1.504840885472e-01  3.044536287719e-01 
-4.805939550037e-01  3.953729842066e-02  4.923444596279e-01 
-4.458018933300e-02  2.164428984560e-01 -2.254093037766e-02 
 7.809543877733e-02 -9.677301962210e-02  3.192773607402e-01 
 5.391911776098e-01  5.587798731075e-02  5.049925631124e-01 
 2.854949305008e-01 -1.420491962592e-01  3.553901355100e-01 
 7.118932279278e-02 -3.094444453531e-01 -5.918166159256e-01 
-3.010552011755e-01 -3.135155883311e-01 -1.131065140302e-01 
 2.764639672999e-01  1.707312653013e-01 -5.852214528492e-02 
 1.142907367811e-01  2.219757071990e-01 -1.427684857887e+00 
 2.482113168417e-01 -1.383377018409e-01  3.040323427420e-01 
 5.246553260876e-02 -7.523433317393e-02 -3.164640670100e-01 
 2.618701503651e-02  7.124184732935e-02 -5.884840440984e-01 
-1.872659867511e-01 -1.974491038388e-01 -2.580614071701e-01 
-1.071252658356e+00  1.453656950277e+00 -4.145640900493e-02 
 1.534719814401e-02  2.528928011642e-01  5.523051292687e-02 
 5.236042431977e-02 -7.770133710023e-01  3.711517985147e-01 
 1.577636123763e-01  6.890130738777e-01 -1.341609916538e-02 
 2.034747145976e-01  5.789400641022e-01  2.924838928937e-02 
 5.073643152828e-01  1.255347930686e-01  7.175089442637e-03 
-1.438918778359e-01  1.183587073302e-01  1.981500747465e-01 
-6.202815509197e-02  1.915368764829e-01 -3.243650324351e-01 
 2.156886573342e-01 -5.188388998075e-02 -8.811450293564e-02 
 8.615699192344e-02  3.540153900106e-01  2.910397795661e-02 
-3.247053544693e-01 -2.771408677297e-01  2.883622272624e-02 
 1.281838990064e-01  7.974853445029e-01  1.833465318517e-01 
-1.523569606919e-01  3.056589228725e-01 -6.111580139028e-01 
 1.031396108964e-01  1.129346706728e-01 -3.536449232312e-01 
 3.155177845562e-01 -3.543692345962e-01 -2.884274014887e-01 
-1.348307872525e-01  2.729006575459e-01 -1.084492229062e-01 
-4.340766252204e-01  6.583844184751e-01 -1.781841641013e-02 
 2.045561766743e-03  7.975102303638e-02  2.417215418760e-02 
 8.288767291806e-02 -4.800494646051e-01  2.890150184241e-01 
-3.065917191628e-01  1.900367814593e-01 -5.612554803039e-01 
-3.024642040370e-01 -6.492395699407e-01  5.591383791564e-02 
-5.180484995167e-01 -3.490330075935e-02 -2.397813366059e-01 
-1.563624885443e-01  2.522262272194e-01  5.074438126656e-03 
 6.464430292793e-02 -1.201093404369e-01 -1.644983886890e-01 
 9.331830405332e-02  1.354749251665e-01 -2.562017261584e-01 
 5.036522717895e-01 -1.019558640902e+00  5.049790979640e-02 
 3.262936745192e-01  4.281134555300e-01 -5.544572544666e-01 
-3.465767067512e-02 -4.778954430660e-01 -8.849325442960e-01 
 5.380669688101e-01 -1.820253637723e-01  5.005029081014e-01 
 2.700413182168e-01  1.029911266553e-01  7.322648410822e-02 
-2.148180454596e-01  2.618971416104e-01  1.729600827662e-01 
-2.504318069004e-01 -4.539495884052e-01 -2.029831216554e-03 
-1.605500964923e-02 -1.430351496644e-02 -3.718762055855e-02 
-6.997647940695e-03 -2.332719571355e-02 -5.083634550140e-03 
-1.294303115309e-02 -4.385416003175e-03  2.696528649531e-02 
-3.921204738080e-01 -2.405069031498e-01 -4.701052692647e-01 
-3.620432910359e-01  1.348809739917e+00 -7.039999121984e-02 
 8.935209024037e-01  2.666964475447e-02  3.638494731196e-01 
 2.323437017051e-02  4.006319710054e-02 -1.299695543693e-01 
 1.805257247159e-01 -3.941434799009e-01  7.115411924337e-02 
-9.097946870289e-02  6.053711737450e-02 -1.586315889271e-01 
 3.961452046488e-01  4.803023577545e-01 -8.133118430999e-02 
-2.716420410934e-01 -2.080138150353e-01  2.442967111387e-01 
-6.097597929038e-02 -1.892659863649e-01  4.808437582140e-01 
 1.133020671265e+00  5.483377435006e-01 -3.395382480406e-01 
 2.474468662227e-01  9.088373215527e-02  6.778358060747e-02 
 3.682026496754e-01 -6.449900708892e-01  4.248112605629e-01 
-9.063654964066e-01 -5.943348911098e-01  2.425748258260e-02 
 1.113764454438e-01 -6.117554161774e-02 -6.949065539387e-02 
-1.258877839453e-01 -7.719480953930e-02  8.039900835560e-02 
 7.446134362072e-02  6.930894276679e-02 -1.552173824732e-01 
 1.809449127095e-01 -5.550392306362e-03  4.227970487453e-02 
 1.319876216926e-01  1.432922432731e+00 -2.667206393912e-01 
 8.277473502883e-01  3.580605222405e-02  3.361400829936e-01 
-2.588322361936e-02 -4.793648100501e-02 -1.471388111773e-01 
-2.176870116269e-01  2.953100518801e-01  2.832387693691e-02 
-1.114956888872e-01 -9.192545211307e-02  9.496670562746e-02 
-8.012733104892e-04 -1.701884717424e+00  2.908941830759e-01 
 5.402519168899e-01  6.230738550325e-01 -7.241391849664e-01 
 9.804625788646e-03  2.748977774707e-02 -8.482543607208e-02 
 5.797780519503e-03 -1.759141904494e-03 -1.624056517792e-03 
-1.410748851846e-02 -4.996260339595e-02 -9.783372822579e-02 
-3.351774337610e-03 -1.082108675424e-02 -6.247656359889e-02 
 6.348738141418e-02 -5.920286666191e-02 -1.395495565509e-01 
-5.024270811998e-01  6.481674310962e-01 -5.957827037368e-01 
-6.464717441809e-01 -1.211962567081e-01 -5.305477189748e-01 
-6.331272353438e-01 -2.980037859490e-01  1.451635822761e-02 
 6.215714805989e-01  1.247325937452e-01  2.921636485924e-01 
-1.088366419884e+00  6.615811631770e-03 -6.498128840067e-03 
-1.604338741512e-02 -4.313173335656e-03  3.253127402468e-02 
-1.764436242878e+00  4.116745770117e-01 -3.289440733661e-01 
-8.316434145497e-01 -3.318890972466e-01  1.568450892513e+00 
-3.786903427501e-01 -5.056310198729e-01 -5.369379860580e-01 
-1.168025784793e-01  5.226586546631e-02 -4.674888629138e-02 
 1.122134857056e-02 -3.150174913020e-02  1.001897964240e-02 
 5.380363681168e-03 -1.215935175267e-02 -1.515472769912e-01 
 6.108140207593e-02 -9.398855401916e-03 -7.430299190979e-02 
 1.471344401704e-02  1.675327094589e-02 -9.437280243928e-02 
 2.787732309991e-02 -5.334687610008e-02  5.726960751729e-03 
-9.030033689329e-02 -3.810355623598e-02 -3.876693306547e-02 
 1.941653399623e-01  1.993769867502e+00  7.402374341605e-01 
 9.757988723910e-02 -1.117055634805e-01  2.588742356521e-01 
 2.017033079267e-02 -2.388339135722e-01  1.195709781639e+00 
 3.275052049726e-01 -6.937398506099e-01  1.403142100540e-01 
 1.102993745879e-01  1.189104823767e-01 -6.498271038789e-03 
 5.921559169325e-02 -4.195066367831e-04  5.332267600262e-02 
-1.239888461481e+00  4.760222280155e-01 -5.900344363154e-02 
-6.663880641361e-01 -3.201028924257e-01 -2.726802005569e+00 
 9.565216924706e-01  1.150304497231e+00  4.229287730088e-01 
-8.858230785995e-02 -1.184556614025e-01  5.484455658774e-02 
 3.298002194181e-02  4.463566769494e-02  7.933318906929e-03 
orbocc
(*)
 0.000000000000e+00  0.000000000000e+00  0.000000000000e+00 
 0.000000000000e+00  0.000000000000e+00  0.000000000000e+00 
 0.000000000000e+00  0.000000000000e+00  0.000000000000e+00 
 0.000000000000e+00  0.000000000000e+00  0.000000000000e+00 
 0.000000000000e+00  0.000000000000e+00  0.000000000000e+00 
 0.000000000000e+00  0.000000000000e+00  0.000000000000e+00 
 0.000000000000e+00  0.000000000000e+00  0.000000000000e+00 
 0.000000000000e+00  0.000000000000e+00  0.000000000000e+00 
 0.000000000000e+00  0.000000000000e+00  0.000000000000e+00 
 0.000000000000e+00  0.000000000000e+00  0.000000000000e+00 
 0.000000000000e+00  0.000000000000e+00  0.000000000000e+00 
 0.000000000000e+00  0.000000000000e+00  0.000000000000e+00 
 0.000000000000e+00  0.000000000000e+00  0.000000000000e+00 
 0.000000000000e+00  0.000000000000e+00  0.000000000000e+00 
 0.000000000000e+00  0.000000000000e+00  0.000000000000e+00 
 0.000000000000e+00  0.000000000000e+00  0.000000000000e+00 