2mocoef
header
1
MO-coefficients from MOLCAS
1
48   48
a
mocoef
(*)
-1.025269489490e-04 -3.108430018077e-04  9.019283001698e-04 
-2.172533028236e-05 -8.419837000738e-07  1.626005753440e-04 
-4.030479787869e-05  1.760320906112e-04  4.396711111240e-04 
-1.667776877166e-06  3.231763781658e-05  2.423110091038e-04 
-1.393153450755e-05  2.768396991892e-05  1.000554192572e+00 
 2.807789904104e-03 -2.897558121399e-03  1.296206875541e-03 
-3.598951034012e-04 -1.021354275643e-03 -8.016164304367e-04 
 3.695081164678e-04  1.275283987834e-03  3.933947056775e-04 
 9.383878572428e-05 -4.243356070543e-04  9.211005281531e-05 
 7.960950100236e-05 -6.260520488929e-05 -1.344374236058e-05 
 8.480437542090e-06 -1.751458600835e-05 -5.567511527015e-05 
 1.196762375535e-04  4.351826672616e-04 -4.217366840282e-05 
-4.185262031255e-04 -1.556720015848e-04 -5.643783863056e-04 
 8.718509726557e-04  6.772712713484e-04  2.673208913982e-04 
-9.829592218299e-05 -6.192794813804e-05 -3.337672220395e-05 
 1.379199445528e-05 -1.313257018000e-06 -6.061545764246e-05 
 1.000734162968e+00  3.765882380384e-03 -4.642723535622e-03 
-9.744451129931e-04  1.908909638704e-03  2.197557813292e-04 
 9.713894077327e-04 -1.381510152664e-03 -6.945970173263e-04 
 1.323832200679e-04 -4.673616194709e-04 -3.641891647076e-04 
 5.971182982678e-05  2.140733917102e-04 -3.432746069035e-05 
-6.215157948289e-06  2.107417548999e-04  5.088056094773e-05 
-1.857627435534e-04 -1.552104885097e-04 -7.323706784934e-05 
 3.238111510235e-04 -3.721478518424e-04 -2.221881626215e-05 
-5.982061717410e-05  8.085271670019e-05  4.616716309223e-05 
 3.373042703013e-06 -2.158356860846e-04  1.208225784680e-03 
-4.196237988579e-04 -3.960866222080e-05 -1.253939096753e-04 
 2.777432165289e-04  3.648969915915e-04  4.265881463552e-05 
 4.167631087249e-05 -6.691845905347e-05 -3.930111087645e-05 
 3.814044903875e-04 -5.596423219239e-05 -8.610471938344e-05 
-1.286307755238e-04 -2.873126859008e-04  9.547687881280e-04 
 2.098289211032e-04  2.504794400758e-04 -2.721589019974e-04 
 4.299252976228e-03 -1.668730919172e-01  2.151224926497e-02 
 1.414961731544e-02 -1.125972093362e-02 -5.020606103111e-02 
-4.519332322113e-03 -7.392173387828e-04  6.591846289363e-04 
-3.540516056969e-04 -1.866235341283e-03 -1.075181261907e-02 
-3.921362010996e-04  1.095732215677e-04  6.377569775715e-03 
-8.416324191677e-01  1.004342965431e-01 -9.881840180941e-02 
 2.839435518789e-02  7.146177022255e-02  3.308730804218e-02 
 3.460641276858e-03 -4.048657043854e-03 -5.361959760176e-03 
-1.818845314713e-03 -1.147622140993e-03  5.658501304611e-05 
-5.537188166303e-04 -5.346742022619e-02  2.370074699915e-02 
-4.914638691118e-03 -5.872380125860e-04 -3.088330056641e-03 
-2.683895191878e-01  1.378965207464e-01 -1.164094175148e-02 
-2.694631967050e-02 -7.659754705865e-03 -3.541140652470e-01 
 1.760726698165e-01  3.131045934105e-02  1.863446531371e-02 
 1.544260665772e-03 -3.683594174028e-02  1.675660045450e-02 
 2.265063738153e-03  1.521168542776e-03 -3.213154768919e-03 
 2.229332935959e-03 -8.052827468525e-01  1.162336965022e-01 
 6.644262288729e-02 -1.077705265015e-01  1.732388086712e-01 
-1.124455449468e-02  2.144071988878e-02 -4.764163611717e-02 
-4.291478323454e-03  1.127397779951e-02  1.830830123997e-03 
-3.726961580030e-04 -3.914078184867e-03  2.464390577983e-04 
 1.914549101102e-01 -1.501363791652e-02  6.873744547463e-02 
 3.320494107760e-02  3.230007006426e-02 -1.673046737412e-02 
-5.269500685198e-03 -1.075425679827e-02  1.955545729162e-03 
-4.836574338635e-05 -4.727470940887e-03 -3.160150775668e-04 
 1.724919855418e-03 -3.710321575043e-01  1.738232196275e-01 
-2.804527538341e-02 -4.219596047704e-03 -7.843297109748e-03 
 1.916086561625e-03 -2.436624851857e-03  2.133275978004e-03 
 9.439454910109e-04  3.615735385940e-03  1.343341861312e-01 
-5.884468143286e-02 -9.782200225098e-03 -5.602036517165e-03 
-2.305510670510e-04 -3.907775951491e-01  1.738521240707e-01 
 1.748410245762e-02  1.524135196710e-02 -1.812874565514e-02 
 3.311855049834e-04 -5.670914942704e-02  7.020559509964e-04 
-3.029841825875e-02 -6.283787102878e-02  1.030970292745e-01 
-9.054312314988e-03  5.710207364419e-03 -1.823018428500e-02 
-1.692000891990e-03 -4.901570033348e-03  6.525415301340e-03 
-8.059780014849e-03  2.458299552896e-04 -3.782268298667e-04 
 3.263723860401e-02  3.693253112932e-02 -4.600597816054e-01 
-4.788677737713e-01 -1.388968739675e-01  7.439701692818e-02 
 7.368028266773e-02  1.381591503616e-02 -5.031699052629e-03 
 9.886045059358e-03  6.512080780186e-03  5.070236060356e-03 
-1.588159051434e-02 -3.778689355088e-02  8.032586663595e-03 
-1.801269211396e-03 -1.161749832492e-03  1.248419571810e-03 
 5.249335909173e-01 -2.064695238827e-01  5.342625712226e-03 
 3.456960553192e-02  8.274329842239e-03 -5.438597589665e-01 
 2.188965652864e-01  3.092962280015e-02  1.218943360021e-02 
 3.627927232424e-04 -9.976164592927e-02  5.169143953927e-02 
 5.142318686669e-03  5.145693209505e-03 -3.989452162861e-03 
-1.444285377015e-02 -3.557149643258e-01 -3.968420228368e-02 
-2.905969698892e-01  5.930302471460e-01 -1.111631353601e-01 
 1.596094028024e-02  3.657255922824e-03  7.843319280915e-03 
-2.086564412337e-03 -4.141975498749e-03  1.204072600879e-02 
 3.699429663482e-03  5.889125238023e-04 -9.213927166204e-03 
-1.700914128513e-01  6.610859397183e-03  3.698481421848e-01 
-2.981947858624e-01 -4.543571015816e-01 -7.904303270289e-04 
-4.888220457699e-03 -3.211471855718e-02  1.373936792089e-03 
 1.426152486454e-03 -8.802213784833e-04 -2.925515580093e-03 
 3.668741664566e-04  1.313052873434e-01 -2.946545693040e-02 
 2.700315269332e-03  1.386162888133e-02  1.056935775076e-03 
 1.846365226170e-01 -6.620372064102e-02  1.038650749531e-02 
 9.034689559962e-03  2.916531517328e-03  1.262124441499e-01 
-5.131021150736e-02 -5.881659546929e-05 -1.082844529547e-02 
-1.260011228030e-02  1.279512611082e-01 -3.192267446430e-02 
-1.155631456837e-02  8.383409454908e-03  2.523772653589e-03 
 5.374858964276e-03  2.882165723647e-01  2.575107079987e-02 
 2.212233446232e-01 -4.373938688182e-01  2.661837298655e-01 
 4.420150082077e-03 -3.621285896273e-03 -1.374552871777e-02 
 4.799222276313e-03  2.705868310164e-04  8.224106540928e-03 
 3.336708608436e-03 -1.609777324801e-03 -7.154784814467e-03 
-3.195534414681e-01 -5.936045042211e-02  4.710526612154e-01 
-2.607418510411e-01 -2.293694866874e-01  6.752657587005e-03 
-1.103658545416e-02  1.621603262815e-02 -1.398687894211e-03 
 7.369484345703e-03  3.236256960277e-03 -9.069042757666e-03 
 3.712756404452e-03 -1.341133361377e-01  4.314783866899e-02 
-3.873381848653e-03 -9.396629902091e-03  1.477500048690e-03 
 1.274444071109e-01 -5.355028893015e-02  1.556945277523e-02 
 1.876499265639e-03 -1.283485478099e-02  1.629353801944e-01 
-5.963029195699e-02  4.977929541751e-04 -1.295913860572e-02 
-7.249330958545e-03 -1.744279028030e-01  5.958368688704e-02 
 1.088447777620e-02 -1.573037609906e-03 -2.652240232640e-03 
-7.018583630432e-03  5.062793704591e-02  4.861492186797e-02 
 4.462315795246e-01  2.190293162072e-01  2.056565053299e-01 
-7.181246156834e-02 -1.762777790099e-03  1.650575568481e-02 
 5.109678894218e-03  4.925598293996e-03  2.127675484347e-02 
-1.792998600604e-02 -1.673890974972e-02 -7.532242622353e-03 
-4.682190316995e-02  6.049352513660e-02 -2.448508012373e-01 
 2.983906437542e-01 -4.447489591715e-01 -9.939438350145e-03 
 1.902214916187e-02 -3.020253107760e-02  1.983470165221e-03 
-4.428898790703e-03  1.846993749759e-02 -3.031960404763e-03 
-1.025077527471e-03 -4.630023532370e-01  1.691309268352e-01 
-1.667350056172e-02  3.125636841936e-03 -5.817882849374e-03 
-7.072112074441e-02 -4.256617987591e-03 -6.949304454089e-03 
 2.816886593787e-03 -1.182548026437e-02 -9.523997264031e-02 
 2.159689439445e-02 -7.097989355482e-04  1.203213221506e-02 
-1.362451910912e-02  2.346815208928e-01 -8.134687617065e-02 
 1.227525394663e-03 -4.477343672085e-03  1.348952510715e-02 
 7.440934414425e-03 -4.166093435290e-02 -4.003374520376e-02 
 4.606478510635e-01  1.772653620804e-01 -2.803581675300e-01 
-5.070126930499e-02 -3.549720498656e-02 -6.605630394002e-03 
 9.377454509752e-03 -1.920599352523e-02 -6.717269283056e-03 
-7.624728690789e-03 -1.247940706096e-02  6.040269140210e-03 
 7.972418373590e-02 -3.398141450882e-02  1.356997265174e-01 
-3.551620704372e-01  3.487553908365e-01  1.608360650120e-02 
-3.679352686574e-03  2.247912036968e-02 -2.360503918410e-03 
 4.623212195493e-03 -1.554403204947e-02 -4.468067182341e-04 
-1.853407739833e-03 -3.333632036861e-01  1.237476202898e-01 
-1.261929164922e-02  2.000048496599e-03 -1.332817801684e-02 
 1.433485945361e-01 -1.193113764649e-02  8.791929557745e-03 
 1.596816770945e-03  1.719553828126e-02 -5.573603690476e-03 
 2.919024123274e-03  5.395807710670e-03 -8.887840009487e-03 
 1.025944174150e-02  4.657331236580e-01 -1.786171486902e-01 
-6.145585761385e-03 -1.270448414075e-02  1.406916884921e-02 
-7.247259883463e-03  3.255408903794e-01  3.568424767683e-01 
-5.393463624023e-02  3.682827744825e-01  5.459796509795e-01 
-1.958928703435e-02  1.786836482755e-01  1.549494779312e-01 
-7.746994220933e-03  6.611180698690e-03 -2.047886857363e-02 
-7.763760923534e-04 -5.069709140663e-03  8.141736834913e-04 
-1.077378510556e-01 -1.061763305095e-01  5.061996545369e-02 
-1.468054060933e-01  4.609954554171e-01  4.326935563888e-03 
-5.542761585837e-02  1.748611493942e-01 -9.210338937949e-03 
-7.159379351988e-03  1.330325408063e-02  4.131660186608e-03 
 5.982413875747e-04 -8.355670461447e-02 -1.304204893428e-01 
-6.278725122154e-03  1.122423062510e-02  1.582639310074e-02 
-1.515280238404e-01  2.298066082761e-02  2.957440029830e-03 
-3.995472875926e-03  5.047464952216e-03 -9.975649876827e-02 
 9.473513727947e-02  1.427900592302e-03 -6.011591569604e-03 
 1.106853050086e-02 -2.041540789832e-01 -1.696931975582e-01 
 2.657963687248e-03  1.575623745150e-02  1.647272645035e-02 
-2.016699196582e-02  1.955459553561e-01  8.099096506061e-01 
-3.078131273960e-02  5.886448223840e-03 -2.016307022301e-01 
-6.199895445971e-02  6.355271229160e-02 -2.316192004459e-01 
-3.737811523617e-03 -9.827243094073e-04  1.768363433524e-02 
 9.139263481525e-03  7.738954600947e-03 -3.428318662903e-02 
 2.207932504642e-01  8.328361694227e-01  8.715367948215e-02 
-1.534459934695e-01 -1.290807487198e-01  1.122714822340e-01 
-1.247112906854e-01 -1.025171379140e-01 -2.065103844207e-03 
 2.026780258571e-03  3.899515463253e-03 -4.045302326715e-03 
 2.935784681653e-03 -2.824269905783e-02 -5.581162758479e-01 
 2.395089254070e-03  9.576841900977e-04 -1.000253392015e-02 
-2.592695955937e-01 -6.524487693470e-01  7.103377416102e-03 
-2.034138862522e-03 -1.218789197319e-03 -1.981594227245e-01 
-5.233213640384e-01  9.349771495788e-03 -2.316316549891e-03 
-3.513229370567e-03 -9.952421611107e-02 -6.298940072263e-01 
-2.098321431694e-03 -5.613086693675e-03 -8.343786933433e-03 
-2.643546080632e-02  1.152764869652e-01  8.526354425805e-01 
-3.302672094545e-01  3.586598425072e-02 -2.640096482574e-01 
-5.128619379370e-01  2.538101230682e-02 -3.811952050836e-01 
 3.711578173736e-03 -1.908737496153e-02  1.033827556103e-03 
-8.274584658887e-03 -6.250983298961e-03  1.872790163347e-02 
-1.146523635698e-01 -4.504760921852e-01  4.880579706137e-04 
 1.811971552788e-01 -2.535503114888e-02  1.564636820152e-02 
 1.613217273135e-01  1.739336097685e-03  1.010464497835e-02 
 7.504670399648e-04 -8.837912738801e-03  5.771288571372e-03 
-2.427129223817e-03 -2.659007079537e-01 -1.437290977496e+00 
-4.614450433931e-04 -3.194385640079e-03  2.062991874284e-03 
 2.948097538485e-01  6.343567567725e-01 -4.463176783591e-03 
 9.238194550035e-04 -3.362277645938e-03  1.682677766654e-01 
 1.428675172670e-01 -4.329832832095e-03  1.010168463402e-02 
 7.860079700914e-03  9.049938823920e-02 -2.953916257036e-01 
-5.483984437016e-03  3.134026460131e-03 -5.484846647199e-03 
-1.172347403779e-02  3.209652277294e-02  3.951719912923e-01 
 3.710257387811e-01  2.377482563831e-01 -3.294999171117e-01 
 5.912655085687e-01  3.848038046873e-01 -4.549273621024e-01 
 1.731705734295e-03 -1.162397066057e-04 -1.122548179683e-03 
 9.519420582376e-03 -2.725987477548e-03  1.176632314985e-02 
-6.184020531492e-02 -3.178832133892e-01 -1.164915515872e-01 
 1.931143487384e-02 -8.941309077066e-02 -8.614363587813e-02 
 3.978251647913e-02 -7.047786318060e-02  2.520125665861e-03 
-4.637413127315e-03 -7.223460324917e-03 -5.769681556531e-03 
-2.395909842994e-03  1.245086959260e-01  6.651464749453e-01 
 2.776291518050e-03  2.442134647871e-03 -4.875585247264e-03 
 9.113217494466e-02  4.438715617408e-01 -3.950395756031e-04 
 3.382345041499e-03  1.148623442866e-02  9.404990749686e-02 
 3.403966000465e-01  4.599927297082e-04  1.793015707013e-03 
-8.597527647468e-03 -2.231254138021e-01 -1.622027108637e+00 
 2.440579256991e-03 -4.040885429174e-03  1.172127344823e-03 
 6.804247121817e-03 -9.699095480092e-04 -1.648931487335e-01 
 1.305627740602e-01  1.320692763707e-01  8.697013326541e-02 
 1.638049389699e-01  1.361671899703e-01 -9.860447318246e-03 
 3.756290356695e-03 -1.188510589032e-02 -1.271059132464e-03 
-1.438546261481e-02 -1.630879776282e-02 -1.183051048249e-02 
 2.512968838859e-02  3.096722966847e-01  3.134383429039e-01 
 3.054110080610e-01  9.514982619401e-02  4.121629852564e-01 
 4.197631501830e-01  1.001321751892e-01  9.476953638644e-03 
-7.494467934779e-03 -6.096910456510e-03 -4.451546634368e-03 
 1.100452891451e-02 -8.428451244792e-02  4.407653721817e-01 
-2.257413929696e-03 -3.054157335362e-05  8.496668065699e-03 
 8.225037213729e-02  1.061599378494e+00  4.322024491940e-03 
 3.121869139099e-03 -1.567054740041e-03 -9.943399555975e-02 
-1.498097087567e+00  1.557070661243e-02  1.159048495822e-02 
 3.797305428984e-03  1.341351861088e-01 -3.029018585714e-01 
-9.957045392861e-04  5.491763607395e-03 -5.041332025151e-03 
 3.344478279981e-02  2.144405121410e-01 -4.927059272362e-02 
 3.907324308306e-01 -1.027929412502e-01  1.983183921163e-01 
-9.096928550362e-01 -1.214330388360e-01 -6.127741150543e-02 
 5.063320669268e-02 -9.536785951510e-02  4.057574541202e-02 
-1.302351921871e-01 -6.925044394732e-02 -2.242770525917e-02 
-1.865573187864e-01  2.119464271078e-01  6.949312495881e-02 
-7.885736194087e-02  1.203274283493e-01 -1.904405533118e-01 
-9.110152891142e-02 -7.471370492134e-02  3.877987441043e-02 
 3.340576243740e-02 -8.674047297228e-03  3.655314655922e-02 
-6.017554960330e-04 -1.080198731490e+00  1.021036575060e+00 
-8.216431357237e-03 -1.758017780644e-02  1.905870292408e-02 
 5.701554327712e-01 -1.120566685196e+00 -4.936296460618e-02 
-2.917850421147e-03 -8.535565378972e-02  4.389576079588e-01 
 1.194222300229e-02  2.875494083695e-02  2.534007167320e-02 
 7.618231456923e-02  9.749632478901e-01 -9.324524524925e-01 
-5.535249751712e-04  2.027668036511e-02 -3.291523306972e-02 
 1.425625051688e-02  2.117833658577e-01 -2.211766160130e-01 
-1.196258382124e-01  4.441520430788e-03  2.356205100494e-01 
-9.334821524809e-02  1.995906000579e-01 -9.511231396491e-01 
-9.647191608230e-02  9.777341511991e-02  7.609930607816e-02 
-1.627873660186e-02 -1.321051527848e-01 -2.283768274750e-02 
-4.880489303752e-03  6.393542220893e-02  8.684712266851e-02 
-1.974855974370e-01 -9.466585086782e-02 -2.124696035181e-03 
 9.370890097037e-02 -1.806479981986e-01 -5.095426425874e-02 
-5.111608973012e-02  4.630905467293e-02 -3.600699080500e-03 
 2.490998965089e-02 -1.346855866431e+00  1.038302761035e+00 
 8.170210979179e-02  1.856046709434e-02  1.225265687417e-04 
-1.053567665281e+00  1.290571179727e+00  3.311302409748e-02 
 5.470707500701e-02  3.355804026915e-02 -4.581661068449e-01 
 5.007178588583e-01 -1.137799350712e-02 -5.356824038757e-02 
 1.963595270842e-04 -7.953739961768e-01  4.039787683438e-01 
-7.509265835768e-02 -1.518503808617e-02 -2.737082953545e-02 
-2.461039382007e-03  9.927414359389e-02 -7.793494959031e-02 
-4.596552375080e-02  8.475977142405e-01  1.968347378523e-01 
 2.894111479639e-02 -9.750453574373e-01 -2.802277586692e-01 
-7.950685312715e-02  5.331207354752e-02 -2.074721480892e-03 
 5.718023282440e-02 -4.213351642723e-02 -3.741326656895e-02 
-2.224214582200e-01  5.056563581007e-01 -6.989187547260e-02 
 1.499031529476e-01  3.167744423391e-01  8.575038615217e-02 
 8.796124477426e-03 -2.987425860350e-01  7.033086719772e-02 
 5.221413515683e-02 -2.954083167155e-02  1.224662637044e-02 
-3.647498640469e-02 -3.102070726245e-01  2.162034047047e-01 
 2.674141170367e-02  5.647671151918e-02 -5.183788563629e-02 
 1.212873482232e+00 -1.407250547065e+00 -3.690800338789e-02 
-9.633195633864e-02 -3.034222335198e-02  2.670172634905e-01 
-3.214834440233e-01  3.007168618786e-02  7.010123835531e-02 
 4.207638829881e-02 -1.083795482247e+00  1.221670240562e+00 
-6.586715581822e-02 -4.129475412494e-02  4.940562689483e-02 
 2.286794734354e-02  2.363543370374e-01 -6.317475517593e-02 
 5.670157369556e-01 -9.976377894738e-01 -4.358731474509e-01 
-6.698907195779e-01  1.317682525635e+00  3.721684183006e-01 
-6.375179414260e-02  4.971522215551e-02 -4.081652836126e-02 
 7.260984832974e-02 -4.291216964533e-03 -8.389942927588e-03 
-1.263726922130e-01  2.456738138338e-02  1.341368265028e-01 
-3.675452683269e-02  6.948659844847e-02 -8.272082994781e-02 
 7.500476835835e-02  4.357150989207e-02  3.594986318130e-02 
-3.827991525917e-03 -3.826037679866e-02  5.689225665066e-03 
-1.585046650444e-02 -6.902508320698e-02 -2.068017028872e-01 
-8.503384768883e-03  1.663177022103e-02 -4.915126419605e-02 
 5.728216426650e-01 -3.028964837539e-01 -3.177344113406e-02 
-3.430061867111e-02  3.630904105431e-02  3.668385678267e-01 
-5.142241242542e-01 -8.551586415000e-05  3.850788289211e-02 
-1.708253433650e-02 -9.422101109185e-01  9.425308924169e-01 
-2.555829252727e-02 -3.957979196118e-02  2.910114868352e-02 
 2.148153846884e-02  1.235478159763e-01 -6.558185245580e-01 
-7.194135951170e-01  6.966261914455e-02 -1.144716202832e+00 
 1.109654429555e+00 -2.482112576368e-01  1.970893306627e+00 
-2.063353915226e-02  1.393133627569e-02 -5.979475907537e-02 
-1.203120668527e-01 -1.142941885456e-01  6.311710610587e-02 
 2.322245443655e-01 -4.574293388891e-01  1.113987170248e-01 
-1.409362360863e-01  3.795715106399e-02 -2.781926914343e-01 
 9.832805623234e-02  3.284500021412e-01 -2.330787136861e-03 
-3.780798381375e-04 -3.319717450953e-02  2.489570929293e-03 
 1.069251125201e-02 -7.077565044884e-01  1.643072143570e+00 
 1.647503160494e-01  4.670065908041e-03  1.102830328893e-01 
 1.143557477665e-01 -5.117881439067e-01 -8.880864735171e-03 
 1.884487049785e-02  6.399461430563e-03  3.783986438755e-01 
-4.802278023800e-01 -1.090014136593e-04 -2.880765212801e-02 
-4.885136886732e-02  2.910084233142e-02  2.894747913251e-01 
-3.094202614020e-02 -1.781310554867e-02  5.539735085416e-02 
-6.691562105014e-02 -3.258596058450e-01  3.410986637713e-01 
 5.185928998607e-01  2.362594329639e-01 -5.147459192011e-01 
-1.099138766564e+00 -5.839392385140e-01  8.595305056427e-01 
-1.360877819729e-02  5.031536209538e-03  1.231729794043e-02 
 5.823306513824e-02 -1.855061547884e-02  3.403964722605e-02 
 2.206018324598e-01 -3.677633071876e-01  3.247416446799e-01 
 1.044100473284e-01 -2.074627990828e-01  9.957505444366e-02 
 2.052063061524e-01  4.410778004647e-01 -1.093286520669e-01 
 2.865020532023e-02  6.017590367599e-02  2.077246259253e-02 
-8.738083856547e-02 -4.176711554996e-02 -4.096154603124e-01 
-5.109040637245e-02 -7.644853906747e-03 -4.190271157297e-02 
 4.998660687764e-01 -6.642403182252e-01  1.067018186743e-01 
-6.772036984387e-03 -6.163113227229e-02 -1.657261314297e+00 
 1.560558081832e+00 -1.753526244872e-01 -6.565845911646e-02 
 3.936366155605e-02 -2.213478942347e-02  6.693213510886e-01 
-4.855189329062e-02 -3.636297698619e-02  7.648009355053e-02 
 8.005946076997e-02  3.793641495827e-01 -6.784395558795e-01 
 8.218055094437e-01  6.485034155293e-01 -3.732017427500e-01 
-1.547932366013e+00 -1.160453552413e+00  8.682961515612e-01 
-2.166260738833e-02  1.467339769832e-01 -1.097037992133e-01 
 5.977040687264e-02  9.724685549811e-02  4.511434881337e-02 
 1.822458804317e-01 -3.951941260911e-01 -1.549606636300e-02 
-3.544579820687e-01 -1.669270718022e-01 -2.018946178598e-01 
 1.623051673890e-01  1.869234993267e-01  1.418957055901e-02 
-4.182450388371e-02 -2.279729373507e-02  5.229224688181e-03 
 8.936225944488e-02  2.602049332238e-01 -9.772516335207e-01 
-1.105474645053e-01 -3.047861177840e-02  1.287227778227e-02 
-8.812958691262e-01  6.240556347674e-01 -6.426513784158e-02 
 9.172763506700e-02  7.786674790051e-02  8.136617975283e-01 
-5.681777593513e-01  7.780690352250e-02 -3.206367874125e-02 
 8.225943555352e-03 -1.955938250228e-01  1.476855789370e+00 
-4.856980964155e-02 -1.091370968118e-01  1.499191728939e-01 
 3.824076918469e-01  1.723806737561e+00 -2.641188216510e+00 
 1.241686321014e-01 -5.573496267645e-03 -2.815165858542e-01 
-2.480424925586e-01 -1.624668289370e-01  6.845332432679e-01 
-1.804599643944e-02 -1.154794687698e-01  5.373883241409e-02 
 1.099433683698e-01 -5.496017928051e-02  2.564046262553e-02 
 2.063560653079e-01  4.856304289509e-02 -8.572020301424e-01 
 7.289232206661e-01 -8.075197468042e-02  1.111253526374e+00 
-9.244632013286e-01 -2.110029427159e-03  8.832846416331e-03 
 1.712785042599e-02 -9.603764282487e-03 -2.895288990021e-03 
 1.978122105951e-02 -1.042341681032e-01  5.393904285175e-01 
 7.354083746014e-02  2.275259984572e-02 -1.822017181850e-02 
-3.084439615700e-01  7.089996077429e-02  9.361021589379e-03 
-5.040301385573e-02 -6.265779272461e-02 -1.646708532162e-01 
-2.341041443599e-02  8.710537841242e-02  4.599375495327e-02 
 1.921508231107e-02  7.275771104043e-02  6.866559090573e-01 
-1.199074760491e-01 -1.161880993821e-02  4.889282263327e-02 
 4.861708627045e-01  2.214766966653e+00 -3.124448442182e+00 
-1.248200943807e-01  9.088695918205e-02  2.148846158405e-01 
 4.487029642208e-01 -1.876823220808e-01 -9.176111804639e-02 
 1.323478833069e-02  3.672063853157e-02  9.654228626546e-02 
-1.060454994047e-01  1.548905624681e-01 -3.287197685557e-02 
-1.454222119553e-01 -9.869390388908e-03  7.495154718682e-01 
 4.397592315555e-01 -3.142066392273e-01 -1.329414352622e+00 
-8.696917519869e-01  1.059050123304e-01 -2.424582843350e-02 
 2.165063746823e-02  4.012470386630e-02  9.828558803553e-03 
-4.059236462252e-02  1.705960378630e-01  5.593766522711e-01 
 7.408459404550e-02  7.112118360638e-04  5.563623764140e-02 
 4.878281351592e-04 -4.186301023411e-01 -1.057388376266e-01 
-8.366482723790e-02 -1.157187839980e-02  1.702978359718e-01 
 6.964110313203e-01 -1.992848748913e-01 -1.287497354243e-01 
 3.865055928012e-02 -1.386098653696e-02  3.537460593918e-01 
 5.077540109416e-02 -1.228407399655e-01  3.299974460107e-02 
-4.315345196522e-01 -1.953887433558e+00  2.796077489683e+00 
 1.818735087293e-01  3.979821611790e-02 -2.088876105398e-01 
-4.955688471750e-01 -2.915501405912e-02 -1.288022271135e-02 
-1.088225174551e-01 -4.691655614669e-02 -7.603872017075e-02 
-4.979499294388e-02  2.685800080498e-02  2.816303869423e-02 
 1.551483917479e-01 -2.349730033806e-01  1.968129494908e-01 
 8.154665449711e-01  4.223502999105e-01 -7.807746515893e-01 
-1.681954345368e+00 -5.630433471479e-01 -2.544444336083e-02 
-4.096814863917e-03  3.584386228537e-03  2.454636801567e-02 
 2.356754326179e-02 -1.792719970528e-01 -5.075003712028e-01 
-9.676969526015e-02  8.136165183716e-02  3.928368004793e-03 
-6.015001480626e-01 -4.679244286665e-01 -1.549748808540e-01 
-1.678324541142e-01 -1.238302651785e-01  4.111507500438e-01 
 4.750244248470e-01 -9.033859832658e-02 -1.960772705474e-01 
-3.605988388839e-02 -1.330720041603e-01 -2.155630684947e-01 
-1.779396298266e-02  1.814939574300e-02 -4.280418979246e-02 
-2.346361803894e-01 -9.573279890423e-01  1.679474106758e+00 
-5.132276912715e-02  1.819069121366e-03  6.752084827918e-02 
 1.475287526345e-01  4.657945997030e-02  2.674811220440e-01 
-1.840825745587e-01 -1.625102867933e-01  3.709756486053e-02 
-2.831082779120e-03 -4.746504832070e-02 -1.862675731962e-01 
-9.600408173295e-01  1.158291607648e+00 -2.896095242959e-02 
 1.704665733701e-01 -1.164483735357e+00  1.599131606823e-03 
-2.290756446587e-01  1.734302460035e+00  5.041033292250e-02 
 4.168505540195e-02  3.107594358134e-02  1.493568159605e-03 
 4.426902193735e-02 -6.719964877162e-02  6.670816137997e-03 
-2.161345220329e-02  1.524550348561e-01 -2.216298606893e-02 
 1.815153363861e-01 -4.814050100264e-01  1.486350600666e-02 
 6.187328773884e-02 -1.327300498523e-01  4.721379308882e-01 
-7.934303499958e-01  9.019059917285e-02  2.978953058016e-02 
-5.126167743896e-03 -2.152939694287e-01 -7.039991985249e-03 
-2.798028250272e-02  6.830986863339e-02 -2.507075902718e-02 
 1.127695790115e-01  4.246981594876e-01 -8.599967767256e-01 
 2.946448171886e-02 -1.219202448072e-02 -1.979827230490e-01 
 9.170519881901e-02 -6.005353763073e-02  2.768890406042e-01 
-4.072470389014e-01 -2.159117835213e-01  2.188750944466e-01 
-1.358181080777e-01  2.786533774635e-01 -5.517526244664e-02 
-2.644428036105e-01  3.248609220251e-01 -2.078081936983e-02 
-3.104390582633e-01  3.874593259598e-01  1.600601538696e-01 
 5.399367200820e-01 -4.443006393001e-01 -3.096198836499e-02 
 4.880855802875e-02  2.218204745965e-02  1.935617246160e-02 
 2.618509147764e-02  2.580115349543e-01 -5.442100634885e-02 
-3.388914322524e-02  3.080688105100e-01  6.344599693770e-02 
-1.606006147100e-01  3.807061214490e-01  9.052949251918e-02 
 6.269300903762e-02 -1.104892131806e-01 -1.734863011211e-01 
-7.956379451826e-02  8.883340163802e-02  1.491692705557e-02 
 8.048807923677e-02  7.720440169730e-02  1.408732200952e-01 
-3.108922138311e-02 -2.419821934221e-01 -2.067708966008e-01 
-9.308343350521e-02 -3.481862249071e-01  6.971998683347e-01 
-1.489992399649e-02 -8.880881979221e-02  1.435293589443e-01 
-1.451761005671e-01  2.594057432087e-01 -4.409510213655e-01 
-1.147349633867e-01  2.684831923349e-01 -2.584024302727e-01 
-4.134856359406e-01  1.671715319670e-01  1.123224868187e-01 
 5.651826376550e-01 -5.612154933936e-01 -4.067168509047e-01 
 2.140926789874e-01 -2.758940102524e-01  7.807988628846e-01 
-9.459755442668e-02  1.955327625911e-01  6.375411373646e-03 
-5.046703340734e-02 -3.988376256997e-02  9.208289259689e-02 
-5.721866678109e-02 -3.105114164435e-01  6.713137766265e-02 
-1.130604081678e-01  4.099668476167e-02  2.753593227202e-01 
 2.900909380073e-01 -4.979839374157e-03 -1.157882460780e-02 
-8.392048311706e-03  1.755207563144e-01 -3.484796636171e-01 
 1.530124876553e-01 -1.667977979997e-02  7.920700036124e-02 
 1.369141083272e-01 -1.398646692977e-01 -1.544946594419e-01 
 2.278061985102e-01 -1.366824871533e-01  3.387887784766e-02 
 1.030729703954e-01  4.900055286672e-01 -5.975646954359e-01 
-9.856803528831e-03 -5.366835242512e-02  3.227369054033e-01 
 1.759015730683e-01  1.256635011598e-02 -4.965256013019e-01 
-2.125188966732e-01 -3.483138320631e-01 -3.311623081747e-01 
 7.750510337868e-02 -1.421616177398e-01  4.087493210284e-01 
 1.905225847735e+00 -2.665363026174e+00  1.751536495700e-01 
-1.332823690032e-01 -5.203807450211e-02 -4.950428659793e-01 
 1.731193447402e-01 -1.416084611914e-01 -2.170182481322e-02 
 4.127768801631e-02 -5.915724780754e-02 -2.704145642774e-03 
-1.131623223911e-02  1.170971920124e-01 -3.177981647170e-02 
-1.024071795615e-02  2.067056915757e-01  2.817520063525e-02 
 3.453798359441e-02  4.080147070143e-01  4.676678896367e-02 
 1.533114873536e-01  3.502994898335e-02  2.321492256451e-01 
 5.113117924951e-01 -1.961259493940e-01 -9.425084701393e-03 
 1.391766153660e-01 -1.740826409556e-03 -1.494752505009e-01 
-9.640708492917e-02  2.026086673093e-01  9.334819634392e-02 
-1.202391471451e-01 -4.989417323038e-01  8.281663844744e-01 
-1.533220350040e-01 -1.503435116387e-01  1.207255718473e-02 
 4.073408295555e-01  6.102108309089e-01 -2.689924670059e-01 
 2.674008594017e-01 -5.541385850769e-02  2.078369270037e-01 
-1.100783893513e-01  1.417408712295e-01  2.206092692257e-01 
 9.655145836550e-01 -1.436852170315e+00 -1.646549863483e-01 
-8.439227373673e-02 -5.967300017484e-02  3.186231626794e-01 
 2.632443793655e-01  2.095414768234e-01  3.848654008599e-02 
 1.146544875885e-01  1.465337874806e-01  1.650711578260e-01 
 1.168262568082e-01 -2.329959720488e-02  1.448839164450e-02 
 1.026785154252e-01 -5.006545485962e-02 -1.713004244044e-01 
 1.117580782216e-01  5.783219368353e-01 -2.751803480135e-01 
 3.568572254292e-01 -3.449923398652e-01  4.043397505627e-02 
-1.208451166230e-01 -1.048882054684e-03 -1.396952265301e-01 
 3.316918399954e-01 -6.884879851584e-01  2.865065162513e-02 
 1.715229677535e-01 -1.749738626647e-02  1.053324612307e-01 
 1.605483370560e-01  6.384706754932e-01 -1.046821060343e+00 
-7.440856060695e-02 -7.399722713108e-02  3.635627153532e-02 
 1.888366769615e-01  3.231112894569e-02 -4.246847535474e-01 
-6.996788955611e-02  1.018909491569e-02 -3.023420855397e-01 
-4.488872396188e-02 -9.481370391037e-02 -2.738435403835e-01 
-1.155280517301e+00  1.854105052446e+00  4.187271317373e-02 
-4.816373310890e-02  1.209041871773e-01 -7.582408266697e-02 
 2.844152708144e-01 -6.531552448949e-01 -2.161912450751e-01 
 9.120168293922e-02 -1.999469054491e-01  9.837019142154e-02 
 9.911930637758e-02  1.596641261466e-01  2.174246095575e-02 
 4.454059807501e-02  3.413118563474e-02 -9.804389354609e-02 
-3.529244582839e-02 -8.333727368522e-03  2.044291782563e-01 
-2.134819298675e-01 -7.298686807146e-02 -2.671716203505e-01 
-4.716151930971e-02  3.745356431173e-01 -4.215936299416e-01 
 3.364040180255e-01  7.888900592590e-02 -9.907837279613e-02 
 1.495399020254e-01  1.235159460775e-01  1.883492298190e-01 
 1.349278600009e-01  5.428773778692e-01 -9.360143970764e-01 
-7.054979883202e-02  5.675851274654e-02 -2.142672376182e-01 
 1.538537243764e-01 -3.853629311869e-01  8.199967860807e-01 
-3.627254045609e-01  3.746557746993e-01  4.914408044917e-02 
 1.852152812988e-01 -1.782864407643e-01 -1.209603114820e-02 
-5.630669386044e-02  4.151246658673e-02 -9.182633666186e-02 
-9.136836436966e-02 -7.315571616728e-02  4.187122891932e-01 
 3.409057849151e-01  1.015118453271e-01  8.923120304525e-02 
-7.757038337764e-02  4.656961511745e-02  1.384120668604e-01 
 3.629020111855e-02  3.365037276297e-01  6.989957103450e-02 
-1.822050289472e-02  3.530520542041e-02 -8.599873587354e-02 
 3.250592865777e-01 -3.040619892875e-01 -5.555811690624e-01 
 2.716320089151e-02  3.072212169025e-01 -5.276587956920e-01 
 1.776117411553e-01  2.482801886226e-02 -1.992079594266e-01 
 1.859320285760e-01  1.037036143103e+00 -3.908551089381e-01 
-1.338713893637e-01  1.241287235427e-01 -2.164564253093e-01 
-5.361900438511e-02 -1.649339711855e-01  4.607917250212e-01 
 6.368089470549e-02 -5.042622720774e-02  2.861446899458e-01 
-7.673381609288e-02  1.791070211437e-01 -5.714441682594e-01 
 2.118353150340e-01 -2.042303944898e-01 -1.716607204718e-01 
 1.266591885528e-01  2.979867579338e-01  4.123324729900e-02 
 2.293775711111e-01 -1.048188614977e-01 -1.964041603489e-01 
-2.296528436961e-01 -1.381859280027e-01  5.361583781702e-01 
 7.637096826940e-01  3.084374506727e-01 -4.389882176169e-02 
 7.904161184883e-02 -6.211068832213e-02 -1.352568586580e-01 
 6.833393973012e-02 -5.313973457766e-01  2.354072901822e-01 
-3.671738350360e-02 -2.705240438131e-02  3.259893936774e-01 
 7.440709701911e-01 -2.337004234361e-01 -3.342249274667e-01 
-3.570587838491e-04 -2.618887242295e-02 -5.527228069952e-01 
 1.455654598985e-01  2.050634875852e-01 -4.639962125654e-01 
-3.963002980840e-01 -3.604407556314e-01  2.587404208557e-02 
-2.377346406607e-01 -7.541149129337e-02 -1.618465978575e-01 
-1.303812355872e-01 -5.813272735952e-01  6.937774165935e-01 
-8.025542533326e-02 -3.990301743284e-02 -5.853899655834e-02 
 4.558165013424e-01  2.613867111257e-01 -7.684186312412e-02 
 2.640919531196e-02 -1.485922246275e-01  1.567492142593e-03 
 8.714153491144e-02  2.555083126404e-01 -1.100827280504e-01 
-5.182487469508e-01  5.743858939041e-01  9.888927076938e-02 
 1.445832293906e-01  7.445338282404e-03 -2.434062492381e-01 
-2.557922329266e-01 -2.509086010701e-01 -2.698539679069e-02 
 3.208598361901e-02 -9.176916613962e-02  1.524259775107e-01 
-1.480875984779e-02 -1.100006569783e-01  1.869858224823e-01 
-6.758424585487e-02 -4.661113604003e-01  3.119921568637e-01 
-2.634901783959e-01  1.044419541015e-01  1.417248558714e-01 
 2.956165460113e-02  1.837581146034e-01  1.822229292414e-01 
-1.998582932141e-01 -6.061538893322e-02  9.455349114383e-02 
 5.005368878687e-01 -3.533437445300e-01 -9.248340226734e-03 
-5.180710675856e-01  7.878415082300e-02 -1.913872005886e-01 
-1.423708070328e-01 -6.303498079351e-01  7.438491772584e-01 
 2.051777109881e-01  1.161860513111e-01 -7.376683350380e-02 
-7.189312005788e-01 -3.942449223420e-01 -2.774578470708e-02 
 7.437700305921e-02 -2.145875443974e-01 -2.351794327602e-01 
 3.595526288105e-01  4.865288701735e-01 -2.610987356819e-01 
-1.107003300597e+00  1.651229011069e+00 -3.839583773366e-03 
 1.750139294830e-02  9.050489283474e-02  2.857362313731e-01 
-1.737716004500e-01 -3.498658590874e-01  6.802119775438e-03 
-1.354788613290e-01 -1.167243082976e-01  9.012336652349e-02 
-7.338966679580e-02 -1.112288379161e+00  5.281886306752e-01 
 3.328971246067e-01  2.106771657515e-01 -1.264879595522e-01 
-3.962190201664e-01 -1.468762030101e-01 -2.295364007279e-01 
-1.341945441385e-02  2.031575961512e-01 -4.637444578348e-01 
 1.792546980478e-01 -1.017721373056e-01  2.201426199186e-01 
 7.942706965171e-02  2.735015311102e-01 -8.409597342630e-02 
 2.660273436281e-01  6.387520853765e-02  1.431385010174e-01 
 1.573807671011e-01  6.037600837971e-01 -1.047244007883e+00 
-2.573952121773e-01 -1.061529926111e-01  3.414111566149e-02 
 4.712656943548e-01 -1.833868699672e-03 -5.885701402353e-01 
 6.042723429410e-02 -2.605949493433e-01 -1.012419575692e-01 
-4.573477662185e-01 -1.212659747016e-01 -3.995687687506e-01 
-1.675887179589e+00  2.584864768074e+00 -3.518661055610e-03 
-7.041325601218e-02  2.735362093984e-01  5.235895353801e-01 
 1.160646726455e-01 -6.753128445636e-01 -5.904672929769e-03 
-1.525910757314e-01 -4.992676041927e-02  1.543227095350e-01 
-5.929539463519e-02  6.053661942734e-01 -3.752005526337e-01 
-2.405327973997e-01  5.589721865909e-02 -1.704135829801e-02 
-3.351670243033e-01  2.689444946453e-01 -4.271702998663e-01 
 1.535581925450e-01 -4.387563116634e-02 -8.297406958398e-01 
 1.510745761220e-01 -2.942070337286e-02  1.843784961869e-01 
-1.269136780989e-01 -5.876506383894e-01  4.270400788103e-01 
-2.296654687512e-01  1.821493816545e-01  3.437079462353e-01 
 6.912369078859e-02  2.784032603645e-01 -3.849057845699e-01 
 1.962913800995e-01 -4.207820873491e-02 -6.738678829041e-02 
-2.828558699291e-02 -1.400062916807e-01 -4.110577205170e-01 
-3.527225163748e-02  3.722919307132e-01  3.494819911624e-01 
-3.766957657013e-03  3.223903173471e-01 -1.887748127853e-03 
-1.829988933291e-02  5.470756708660e-02  6.510377347989e-02 
 2.514109200390e-02  1.334875231114e-01 -1.236811393287e-01 
-1.715093301198e-02 -2.136991935179e-01  1.643735315494e-02 
 1.418002029733e-01  2.057127757692e-01 -9.668530167008e-02 
 2.589662431768e-02 -1.348019961998e-01  1.533291302071e-01 
-2.891206561055e-02  2.586489851764e-01  4.218753952930e-01 
 3.943702862785e-02  9.117912011809e-02  8.863818950668e-02 
 2.841730440321e-02 -1.133197708944e-01  9.322421840043e-02 
 4.666790961366e-02  3.606259479685e-02  4.090485945090e-02 
-4.426004797116e-02  1.567486546073e-01 -2.592696159452e-01 
-1.112966838445e-01  7.796760664540e-01  3.449210492691e-01 
 3.526757895410e-02  1.747099892176e-01 -1.245329224632e-01 
 1.329429803171e-01  1.016260195937e-01  5.170205814527e-02 
-1.739777271333e-01  1.161623274275e-01 -7.487744362652e-03 
-6.341941182000e-01 -9.639237763330e-02 -1.495709839907e-01 
-3.481307223814e-01  3.590236748079e-01  7.084243166876e-02 
 3.255078599082e-01 -3.581753622161e-01 -2.133462564754e-02 
-1.743027158718e-02 -1.041298243792e-02  1.544066072527e-01 
 7.848176557112e-02  1.678628166455e-01 -1.170079273287e-02 
 1.966720954759e-02  4.901475976554e-02 -2.912289338177e-03 
-1.522732423873e-02 -8.231008211947e-02  6.117983949618e-02 
 2.849004203544e-01 -7.343809328971e-01 -4.126995189448e-01 
 1.442333732771e-01  3.682134679467e-02 -1.512962971089e-02 
 2.576704540914e-02 -1.540682672066e-01 -6.334240450983e-02 
 1.110329734005e-02  6.383305909943e-02  2.877360960578e-02 
-2.728940292930e-01  7.085224704962e-02 -1.113132468281e-01 
 6.649817154610e-05  2.849138247269e-01  4.194882579972e-02 
 1.876692739402e-01  7.960815815058e-01 -9.538889002570e-01 
 1.756787269460e-01  1.425410110880e-01 -9.054469012008e-02 
 1.167362519118e-01  2.625891243159e-01 -6.027744787610e-01 
-3.485116613699e-02  1.196602107689e-01 -3.544233501682e-01 
 1.431178133732e-01 -2.353499267375e-01 -3.008318505595e-01 
-1.320761053131e+00  1.580722748359e+00  4.331479576941e-02 
 2.892297179802e-01  3.103095510821e-01  1.593948128271e-01 
-3.817280561983e-01 -5.127479506129e-01 -4.840964748479e-02 
 3.131165658186e-01 -1.747943122989e-01 -7.091953475630e-02 
 5.767875000878e-02  9.729078502711e-02  6.048472608779e-02 
-1.635728444446e-02 -1.167598070795e-01  2.755439694847e-01 
-3.166783605527e-01  5.056508708305e-01 -4.910613843208e-02 
 5.788341649361e-01 -3.611335326520e-01 -3.561279626134e-01 
 1.793345272841e-01 -1.817575488197e-01  1.823045176910e-01 
-1.223237638326e-01 -7.441328600677e-02 -3.573453048628e-01 
 2.619083110469e-01  1.634821912243e-03 -3.758552596798e-01 
-1.526979550961e-01 -6.638018579918e-01  7.856694203841e-01 
-5.489383116166e-02 -5.817084417395e-02  2.002815793557e-02 
-4.189142759113e-01 -1.066796712478e-01  2.125010188518e-01 
-2.392087574552e-01 -1.576284115982e-01  3.860682091657e-01 
 4.398337024261e-02 -4.512793108171e-02 -1.544564126740e-02 
-2.393920317426e-01 -4.724857484550e-01 -8.387055684350e-02 
 3.649010832087e-01  1.654221053261e-01  2.008706121571e-01 
 1.695966655844e-01  7.413345201393e-02  1.011298627197e-01 
 2.828618568031e-01 -4.548421445574e-02 -2.672431593956e-01 
-7.297816691694e-02 -8.639429976833e-02 -2.811987668921e-01 
-5.117266563869e-02 -1.423690272028e-01 -1.570987749121e-02 
 2.574232676888e-01  1.167218609932e-01  9.365718431778e-02 
 4.786852665643e-01  6.757575751122e-01 -4.273232428455e-02 
 4.745048931738e-02 -6.669094272689e-03 -3.908349141052e-01 
-1.221675472142e-02  1.028579195412e-01  2.245849212590e-01 
 1.896325129882e-01 -1.092257945346e-01  4.423953291300e-01 
 2.714558053671e-02  7.469527426728e-02 -1.500679741676e-01 
-9.237603757862e-02 -4.428128248492e-02  6.812395800794e-02 
 5.950938795492e-02  2.749355856729e-01 -7.718512941519e-01 
-4.090549636311e-01 -3.496414754943e-01  1.728116499086e-01 
 4.585547823818e-01 -3.130831278265e-01 -4.916111555301e-02 
-1.050195035455e-01  7.028959804031e-01  7.651751414022e-02 
-2.226259641883e-01  1.804098226425e-02 -2.105499813382e-02 
 4.060960407933e-02 -4.336944714084e-01  1.618528751375e-02 
-7.443968369216e-02  2.341835600452e-01 -6.597932485123e-02 
 8.982484050119e-02 -5.643890293178e-02 -1.230870433116e-02 
-1.919964926926e-01 -4.466788122845e-01  6.065030393369e-01 
-1.089470668945e-01  2.377529332055e-02 -2.140079734327e-01 
-3.147153007501e-01 -1.592741008786e-01 -2.100095350298e-01 
 1.422249841196e-01  7.336466552057e-02  1.738307990549e-01 
 1.533441076910e-01 -9.521416247664e-02 -1.819203033194e-01 
 5.148241860446e-01 -1.843101527136e-01  3.499386512590e-01 
-6.358919981241e-03 -1.225301776984e-02  7.986244736566e-02 
-1.776193107160e-01 -8.279060907555e-02 -1.111100032475e-02 
-1.738776407267e-01 -5.492988511631e-02  4.283331372954e-02 
-8.029063665145e-02  8.409138093578e-02  1.953202951879e-02 
-2.175722660248e-02  1.668781508485e-01 -1.824999143492e-01 
-7.749834376476e-01  6.442766339761e-01 -7.474759550689e-01 
-5.997999539796e-01 -9.883926088589e-02  4.324480771781e-01 
 7.048373575256e-02 -6.554641953215e-02  9.139009973916e-02 
 1.270520055035e-01 -2.521367094007e-01 -2.928414959424e-01 
 3.489080611960e-01 -2.756239852348e-01  2.402146388773e-03 
-1.547681596549e-01 -3.083182555138e-02 -1.389776457844e-01 
-2.662593972118e-01 -1.555964911348e-01 -2.678711190972e-02 
-4.166043258157e-01 -1.596344124521e-01  5.638721132921e-03 
 3.188256691670e-01 -8.685786267490e-01 -9.603242786691e-02 
 1.933500119142e-01  1.951982605937e-01  6.230838780363e-03 
-6.950405902418e-02  4.176371745469e-03  1.511151098356e-01 
-4.060375559304e-02 -2.636287340739e-01 -4.806784262548e-02 
-2.483069803637e-01 -1.992576090530e-01  4.376057265487e-02 
-8.496718710654e-02 -8.396437441811e-02  2.647740201291e-01 
-5.880590413546e-03  1.966609713980e-01 -3.108632335217e-01 
 1.805711996755e-02  1.017432544179e-01  3.365665831779e-04 
 1.454257509725e-01  7.023833141836e-01  3.555457447322e-01 
 7.625433589149e-02 -5.905575094593e-02  5.398313083808e-02 
-3.689337850868e-01 -2.916068019120e-01 -2.485807613980e-01 
 5.044281136333e-01  8.552238597908e-02 -4.914982519297e-01 
 7.042961121664e-02 -1.783326629721e-01  3.900335283782e-02 
-3.549567892271e-02  7.794815243632e-02 -2.584584536437e-01 
-5.450134925195e-01 -2.118471540038e-02 -4.677919340585e-01 
-2.701543420110e-01  1.459364625960e-01 -4.022797660588e-01 
-2.919005652039e-02  3.227327894250e-01  5.831619731891e-01 
 3.044587955583e-01  4.792736616750e-01  7.273646174235e-02 
-3.101920856806e-01 -2.586764768439e-01  1.405216718990e-01 
 7.141018041504e-02 -8.827137516747e-02 -1.621703639751e+00 
 4.515443332555e-01 -2.278017699692e-01  5.659901294804e-01 
 1.072684756171e-01 -5.145563435898e-02 -2.503916093742e-01 
-1.398480758914e-01  1.931105383429e-01 -3.581512802795e-01 
-1.974727171511e-01 -4.084915410071e-01 -2.216099710044e-01 
-9.485793347059e-01  1.125402778303e+00 -1.116347846787e-01 
-1.528624725485e-02  2.227413417395e-01  4.478127509130e-02 
 7.933214671616e-02 -5.848861899301e-01  3.243221226244e-01 
 6.035206383166e-02  5.359043339257e-01  6.540134837054e-02 
 1.739188654000e-01  1.105639681722e+00 -1.691992660963e-02 
 8.443969330775e-01  1.021788447963e-01  2.334362943719e-01 
-1.712729332177e-02  6.188588680478e-02  2.091247629337e-01 
-2.232733622832e-03  8.078908047990e-02 -1.844710615603e-01 
 1.678285483253e-01 -1.332304153621e-01 -1.430275121423e-01 
 2.250097656656e-02  6.527982542547e-01 -2.663224111908e-02 
-3.883355792830e-01 -3.817304382473e-01  2.391237755961e-01 
-1.499911830770e-01 -9.039822959930e-01 -1.280165869802e-01 
 2.584694244075e-01 -2.980794142120e-01  6.317340169682e-01 
 3.300362594427e-02 -2.031179615666e-02  4.474019819326e-01 
-3.542771624393e-01  4.261157135768e-01  4.671338643512e-01 
 6.000790345930e-02 -3.383510769112e-01  1.727556150181e-01 
 7.066378767158e-01 -1.004740047955e+00  2.127506131886e-02 
-4.156041118835e-03 -1.656218447717e-01 -3.920821558399e-02 
-1.165228155621e-01  6.544121293474e-01 -3.573847528888e-01 
 5.036414109843e-03 -5.347296979457e-01  2.230842923340e-01 
-1.085143183645e-02  9.192976633419e-01 -6.711328704193e-02 
 6.466035102347e-01  1.347263766559e-02  3.215735822716e-01 
 1.592181254202e-01 -2.178419894305e-01 -1.433227259577e-01 
 6.432397550428e-02 -1.925508811689e-01  2.632508588119e-01 
-1.932517335295e-01 -5.429611441673e-02  1.785070241814e-01 
-2.427828950484e-01  9.757583627585e-01 -9.494283596174e-02 
-3.218570070660e-01 -3.639692607351e-01  5.384728950376e-01 
 9.744098235105e-03 -5.771312838490e-02 -3.678249710677e-01 
 5.764151808754e-01  1.390267246393e-01 -1.346709919654e-02 
 3.132871168923e-01  1.619319225473e-01 -6.644581301470e-02 
 7.004087681672e-02 -1.261204081869e-01  1.366185243985e-01 
-4.610468790855e-01 -3.407807076787e-01 -2.994753875605e-02 
-1.162221634305e-01  2.101426054607e-01 -4.492648281978e-02 
-3.376199289614e-02 -2.226135410087e-02  3.530040051666e-02 
 4.567610683443e-02 -1.745280910214e-01  1.034103055955e-01 
-4.432695841158e-01 -1.615460281772e-01 -6.920198945602e-01 
-4.334562616880e-01  1.014413737795e+00 -9.202760127855e-02 
 5.900964698989e-01  3.933694771133e-03  2.339235840320e-01 
-6.578251679877e-02  1.354209578040e-01 -1.679696867982e-01 
 1.255343134025e-01 -3.141333265803e-01 -2.123935654487e-02 
-6.366612895726e-02  1.133740664813e-01 -2.183509747265e-01 
 5.924865934294e-01 -5.415618786823e-01  3.336306758609e-02 
 9.426875779366e-02  2.051237668112e-01 -2.416734729357e-01 
 7.573048169560e-02  2.356219020764e-01 -6.072209138000e-01 
-1.012696473314e+00 -5.085829659288e-01  3.286814605114e-01 
-1.768926226359e-01 -5.072988808264e-02 -1.208243036588e-01 
-3.498141585986e-01  6.158205277365e-01 -4.151031753963e-01 
 8.219546438775e-01  5.298892622922e-01 -3.723691059330e-02 
-1.728138934843e-01  1.031647798138e-01  5.654634930632e-02 
 1.362142648812e-01  9.153130530729e-02 -9.018080497240e-02 
-5.291733662283e-02 -1.246412469730e-01  2.031173894880e-01 
-3.173209233517e-01 -1.597743486045e-03 -1.753054378010e-01 
-2.447362980007e-01 -1.238514805442e+00  2.509816985352e-01 
-7.173790657976e-01 -3.718530591769e-02 -2.832049622600e-01 
 4.338510948558e-02  9.521377011232e-02  1.479510266717e-01 
 2.848026386041e-01 -3.807649936963e-01 -7.951289686091e-03 
 9.830358673444e-02  1.163980398548e-01 -1.806410382173e-01 
 1.204790354006e-01  1.569661240226e+00 -2.924559558224e-01 
-5.082201373958e-01 -5.690009386315e-01  6.561687580137e-01 
 9.364352343759e-03  2.586547972904e-02 -8.164503031824e-02 
 6.844943728141e-03 -5.407162785292e-04 -3.805262983172e-03 
-1.381504029035e-02 -4.964005717142e-02 -9.475759619869e-02 
-2.018859250034e-03 -1.049676014538e-02 -6.088773156226e-02 
 5.958986891786e-02 -5.677534473190e-02 -1.393565612262e-01 
-5.013879093862e-01  6.501198402793e-01 -5.974240470426e-01 
-6.467745550034e-01 -1.225416520239e-01 -5.238562455992e-01 
-6.275374752084e-01 -2.951315961473e-01  2.019924192258e-02 
 6.202995112297e-01  1.196031039684e-01  2.882442686503e-01 
-1.092456901454e+00  7.234680186876e-03 -6.554684488500e-03 
-1.483796272847e-02 -3.580668771326e-03  3.021782454111e-02 
-1.767253342318e+00  4.181892675821e-01 -3.270650569609e-01 
-8.277666459699e-01 -3.330457451664e-01  1.559848009190e+00 
-3.800979943954e-01 -5.002243602522e-01 -5.366937778196e-01 
-1.138492130814e-01  4.846047168191e-02 -4.482754603831e-02 
 1.046284591441e-02 -2.847543919026e-02  8.602488337178e-03 
 5.461277122016e-03 -1.063886685477e-02 -1.494640942618e-01 
 5.413476022823e-02 -1.195120248947e-02 -7.343721127199e-02 
 1.108058349050e-02  1.581010025944e-02 -9.178021969554e-02 
 2.643812644915e-02 -4.916355459564e-02  2.109983466569e-03 
-8.539584803735e-02 -3.339968647603e-02 -3.758450708295e-02 
 1.982951211555e-01  1.981429881902e+00  7.435922856970e-01 
 1.031851477541e-01 -1.109346009031e-01  2.582744491152e-01 
 2.063076153963e-02 -2.363172353524e-01  1.197366861284e+00 
 3.287426932397e-01 -6.942045332238e-01  1.361574430659e-01 
 1.143494966419e-01  1.069616788703e-01 -5.293765381017e-03 
 5.300970375101e-02 -3.227682771256e-04  4.821186706297e-02 
-1.233795142514e+00  4.767541421773e-01 -5.728692654869e-02 
-6.586958829932e-01 -3.168386616053e-01 -2.733025698415e+00 
 9.625399710047e-01  1.149130886135e+00  4.234465279545e-01 
-8.737226147457e-02 -1.085794180280e-01  5.291589073841e-02 
 2.981113582088e-02  4.094647522725e-02  9.260013506356e-03 
orbocc
(*)
 0.000000000000e+00  0.000000000000e+00  0.000000000000e+00 
 0.000000000000e+00  0.000000000000e+00  0.000000000000e+00 
 0.000000000000e+00  0.000000000000e+00  0.000000000000e+00 
 0.000000000000e+00  0.000000000000e+00  0.000000000000e+00 
 0.000000000000e+00  0.000000000000e+00  0.000000000000e+00 
 0.000000000000e+00  0.000000000000e+00  0.000000000000e+00 
 0.000000000000e+00  0.000000000000e+00  0.000000000000e+00 
 0.000000000000e+00  0.000000000000e+00  0.000000000000e+00 
 0.000000000000e+00  0.000000000000e+00  0.000000000000e+00 
 0.000000000000e+00  0.000000000000e+00  0.000000000000e+00 
 0.000000000000e+00  0.000000000000e+00  0.000000000000e+00 
 0.000000000000e+00  0.000000000000e+00  0.000000000000e+00 
 0.000000000000e+00  0.000000000000e+00  0.000000000000e+00 
 0.000000000000e+00  0.000000000000e+00  0.000000000000e+00 
 0.000000000000e+00  0.000000000000e+00  0.000000000000e+00 
 0.000000000000e+00  0.000000000000e+00  0.000000000000e+00 