2mocoef
header
1
MO-coefficients from MOLCAS
1
48   48
a
mocoef
(*)
-1.010347720303e-04 -5.143612348759e-04  8.707930190957e-04 
 2.305396125636e-04  3.947981208816e-05  1.700077658072e-04 
-4.545006057302e-05  1.779357049165e-04  3.875985624390e-04 
 5.407612636527e-06  2.640734432093e-05  2.325764465959e-04 
-2.613699636441e-05  1.652863978380e-05  1.000595734354e+00 
 3.253802752951e-03 -3.066304166935e-03  1.220431030630e-03 
-4.531527503603e-04 -8.972498717256e-04 -7.129749772812e-04 
 3.137478205498e-04  1.109087394958e-03  4.596757123086e-04 
 1.853700659545e-04 -3.864705259609e-04  1.030277782712e-04 
 9.332334534733e-05 -3.449593048889e-04  9.069646993691e-05 
-2.719400019215e-06 -1.799531833123e-05 -5.888125067783e-05 
 3.022570141032e-04  3.859882402465e-04 -4.628387920017e-05 
-3.989861084659e-04 -1.610533215273e-04 -7.608725560185e-04 
 1.000712357820e-03  7.027299907317e-04  2.797446305088e-04 
-7.926982890174e-05 -1.671863583216e-05 -5.394151761683e-05 
 1.771832364901e-05  1.678492766851e-06 -5.776291119795e-05 
 1.000761993531e+00  3.752132769888e-03 -4.812584716799e-03 
-9.218553376073e-04  1.910861765335e-03  1.171285448829e-04 
 9.595382350175e-04 -1.267824733643e-03 -6.355469203466e-04 
 2.589166835527e-04 -5.383017404392e-04 -4.027601954049e-04 
 3.201620066740e-05  3.142086555782e-04 -3.563701233938e-05 
 1.395037644688e-04  2.834190638075e-04 -9.080921495675e-05 
-2.395001231126e-04 -9.491543102997e-05 -1.894813916341e-05 
 3.343798339917e-04 -3.914102761097e-04 -1.032056923148e-05 
-5.257746977658e-05  7.061009404180e-05  3.952563072618e-05 
 1.991781755695e-06 -2.849338096622e-04  1.280991598335e-03 
-4.070389326792e-04 -5.381907948496e-05 -1.357820750110e-04 
 3.371858614333e-04  3.322927991452e-04  3.701386672489e-05 
 3.211225628416e-05 -5.058596020165e-05 -1.663534262537e-04 
 3.836089265675e-04 -3.948300106155e-05 -7.482168084150e-05 
-1.014128997554e-04 -3.005959149280e-04  1.028300622699e-03 
 2.074245653913e-04  2.330818749802e-04 -2.805712505352e-04 
 5.102643943053e-03 -3.655180776573e-01  5.128399474628e-02 
 1.178021751697e-01  3.610979750137e-03  1.212504626671e-04 
-1.994201572643e-02  9.732908545190e-04 -1.557933100947e-02 
-6.935391964477e-04 -1.189122533125e-03 -5.889725922184e-03 
-3.348554514517e-03 -4.308973294940e-03  5.341913779383e-03 
-7.439597740318e-01  1.074095542297e-01 -1.581955046565e-01 
-5.036321184428e-02  5.335226906540e-02  4.340819135445e-02 
 1.723568376253e-02 -4.139111903526e-03 -5.989795720795e-03 
-6.141643765629e-04 -8.266992605334e-04 -3.837341864700e-05 
-2.670523413425e-03 -2.305691876587e-01  9.503355884523e-02 
-1.449557300679e-02 -2.010222929305e-03 -6.812329289315e-03 
-1.653951821580e-01  9.819394073462e-02 -9.971432190778e-03 
-1.930806042768e-02 -4.218392319723e-03 -4.025046955569e-01 
 1.950455906911e-01  3.310220420857e-02  1.885692983862e-02 
 3.273663016762e-03 -7.328820861617e-02  3.829119974849e-02 
 6.402596115243e-03  4.041563428998e-03 -5.355257511044e-03 
 1.986939051678e-03 -5.830656611472e-01  8.958460129960e-02 
-8.766417933610e-02 -9.864311708216e-02  8.290264373556e-02 
 1.576334221886e-02  1.983090483090e-02 -2.912281005823e-02 
-5.700855318531e-03  1.252103891527e-02 -3.446430298581e-03 
 8.110367759653e-03  1.157277441700e-03 -5.890933869273e-04 
 1.873714449016e-01 -4.611159521559e-02  3.379342027702e-01 
 3.237426235707e-01  1.258051388027e-01 -6.498243638292e-02 
-5.173890744206e-02 -2.050605969564e-02  5.067578425110e-03 
-5.554300869167e-03 -7.313429036804e-03 -2.133843310932e-03 
 1.008985048826e-02 -1.307336469908e-01  7.861309271313e-02 
-1.485017985892e-02 -3.446104605752e-03 -3.808063328199e-03 
-2.980124203457e-01  1.161328322532e-01 -2.443979846482e-03 
-1.858231466797e-02 -4.003649029244e-03  4.637800828366e-01 
-1.978989725975e-01 -2.944809642968e-02 -1.362671256557e-02 
-1.564195635225e-03 -3.552676870706e-01  1.448411844821e-01 
 1.141115781115e-02  1.107212035778e-02 -1.564493164313e-02 
 1.743410612037e-04 -2.457512786365e-01  3.601722160545e-02 
-4.349466120119e-01 -2.743217590815e-01  1.905831206604e-01 
 4.902722492954e-02  2.992700853587e-02 -3.286524547397e-02 
-9.924665167946e-03  7.851613028135e-03  6.002787939736e-04 
 6.606814476740e-03  1.338503476241e-02 -4.392129867405e-04 
 9.849734327145e-02  6.681975627286e-03 -2.349958526638e-01 
-2.481110835242e-01 -1.059416851671e-01  4.044440785345e-02 
 4.183260083986e-02  1.012976567547e-02 -1.956574822555e-03 
 6.163241186119e-03  3.975581665677e-03  4.245637440612e-03 
-7.606977937496e-03  2.483027943885e-01 -8.429854509785e-02 
 5.215649228726e-03 -3.349506509440e-03  7.799720014131e-03 
 3.194340316702e-01 -1.402388772753e-01  4.605660743593e-03 
 2.311747288937e-02  2.883589919104e-03 -2.476642753167e-01 
 1.062102470457e-01  1.325735802043e-02  4.938382338106e-03 
 6.933053557985e-04 -5.309418564845e-01  2.142086059076e-01 
 1.258722326693e-02  1.542556066546e-02 -1.971777779923e-02 
-7.482371787864e-03 -3.349318040487e-01 -7.867990974500e-02 
-2.704951255285e-01  4.678462259491e-01 -2.675160311405e-01 
 7.760109644900e-03  2.613798367453e-02 -9.552584804728e-03 
-8.352390318818e-04 -1.325274229258e-03  9.690558085020e-04 
 2.538099927337e-03  2.213020066329e-03 -3.646599276997e-03 
-1.163966372030e-01 -9.897195332816e-03  4.434387247182e-01 
-4.185877612170e-01 -3.601781574140e-01  6.332194493413e-03 
-1.142934604217e-02 -3.271624899517e-02  1.185053811950e-03 
 3.899814926742e-03 -7.996492600528e-03 -3.461443097475e-03 
 8.586548115174e-04  1.516399338040e-01 -3.132039527692e-02 
 2.981886775495e-03  1.044760848870e-02 -1.267515012213e-03 
 2.087514100846e-01 -7.904280926394e-02  1.314911074072e-02 
 8.508538461592e-03  1.090952849983e-02  1.447845183856e-01 
-5.664750440515e-02  2.132852030540e-03 -1.497356199065e-02 
-1.120260110517e-02  1.399572032196e-01 -4.074960752911e-02 
-1.121302672807e-02  4.758340536834e-03  4.206828031823e-04 
 8.369372448355e-03  2.952443383560e-01  2.993485397874e-02 
 2.251892626995e-01 -4.464210303320e-01  2.316604601132e-01 
 1.148584108472e-02 -2.332445179749e-02 -8.223464905337e-03 
 2.457969657821e-03 -9.550749757040e-03  1.651855589446e-03 
 6.964930006628e-03 -1.996459124529e-03 -4.578666887274e-03 
-2.765684490505e-01 -7.699121973168e-02  5.089963057483e-01 
-3.571729770061e-01  8.619873104686e-02  4.263165240712e-03 
-1.534385208763e-02  3.869413161503e-02 -9.572354947636e-04 
 9.337938083710e-03 -3.604821102776e-03 -6.973445281001e-03 
 3.511467278696e-03 -9.805215623583e-02  2.236331493570e-02 
-2.060348827568e-03 -8.713106678657e-03  1.338699189047e-03 
 1.163505602458e-01 -2.576029363560e-02  1.662884775670e-02 
-2.645725968273e-03 -7.962802553133e-03  1.605160898279e-01 
-5.946474121245e-02  1.405599550463e-03 -1.559612582191e-02 
 1.550879478935e-03 -1.367222216841e-01  4.192847757728e-02 
 9.633482002631e-03 -2.601259343598e-03 -1.515603572053e-03 
-7.964254975651e-03  3.985142485531e-02  3.924861621858e-02 
 1.003867618453e-01 -7.033366024303e-04  3.256677211579e-01 
-2.045745986142e-02  1.692929833365e-02 -6.196118380636e-03 
-1.651475529025e-03  9.891470787330e-03  2.477515546606e-02 
-4.320762664376e-03 -6.405386948787e-03 -1.272340168096e-02 
-1.939595508028e-01  4.636096466708e-02  1.264963524915e-02 
 2.902788436031e-01 -7.433981602909e-01 -1.100405251241e-02 
 8.224217154671e-03 -3.365222153684e-02  2.911365881393e-03 
-3.136074860570e-03  2.001011107808e-02 -5.591318037677e-03 
 1.644153037926e-03 -1.666543536767e-01  6.522856979107e-02 
-5.759019028966e-03 -4.231261010280e-04  2.389563607079e-03 
-2.938740811944e-02 -3.084362258673e-02 -1.047353131476e-03 
 4.965451024946e-03 -2.104243986455e-02  2.952993254287e-02 
-2.122320974894e-02 -3.203787874334e-03  6.517994174142e-03 
-2.079304096344e-02 -1.063308835153e-01  5.097152933209e-02 
 5.598779852173e-03  3.977515344263e-03  1.071125326071e-03 
 2.144103572792e-03 -3.868449196454e-01  5.049097091553e-02 
 4.323752053210e-01  9.458793995949e-02  6.788519072965e-02 
-5.669804087433e-02 -7.792137914628e-03 -3.314679729405e-02 
 3.221923389349e-03 -4.151073289589e-03  1.155081787650e-02 
-1.200881278310e-02 -1.606352672741e-02 -1.907679774150e-03 
 4.074660339898e-01 -1.317854390255e-02 -1.733166522565e-01 
-2.826858120177e-01 -5.970402733655e-02  2.240436007089e-02 
 3.410379069419e-02  4.283124211006e-03  3.382794218090e-04 
 6.003096757759e-03  1.600960070803e-04  7.435546855034e-04 
-6.747552530565e-03 -5.392631104977e-01  2.095854941370e-01 
-2.562513494033e-02 -2.607312440144e-03 -1.114052680450e-02 
 3.618799254851e-01 -1.460380832822e-01  1.067413207223e-02 
 2.575444669001e-02  1.505321281670e-02 -1.096829934511e-01 
 2.938337714549e-02  2.097442742170e-03 -2.940214283452e-03 
-7.420081205832e-05  1.020479964184e-01 -2.190714215741e-02 
 6.609760250431e-03  8.300929362876e-04  2.220302584769e-03 
-9.258400130232e-03  2.516567315657e-01  3.180612388767e-01 
-9.458333041304e-02  4.261584755622e-01  5.482058684013e-01 
-4.119726916265e-02  1.987104116138e-01  1.750746227162e-01 
-8.989289685959e-03  8.380420152864e-03 -1.240840305501e-02 
-1.491699951894e-03 -6.395844105444e-03 -1.870945275663e-03 
-1.161247498432e-01 -9.588825895775e-02  3.670267691037e-02 
-1.375527330869e-01  3.797906635864e-01 -1.074199176589e-03 
-5.856001662323e-02  1.456931508100e-01 -8.443708191981e-03 
-6.998193784580e-03  1.458691679296e-02  3.256137394779e-03 
 2.390861461109e-04 -8.810264869261e-02 -1.072819885776e-01 
-6.451161586388e-03  1.172613858821e-02  1.330477086474e-02 
-1.352887902557e-01  4.077003699946e-03  1.619868725796e-03 
-3.317229758553e-03  2.403788200499e-03 -8.560938974500e-02 
 1.063184168030e-01  7.625662547581e-04 -5.837879869158e-03 
 9.041852881548e-03 -1.736611277870e-01 -1.205079779798e-01 
 1.442451154591e-03  1.582895618331e-02  1.392960994205e-02 
-1.691090078037e-02  1.797966623308e-01  6.543979526832e-01 
-5.610746066272e-03 -3.971904173125e-02 -9.409889415493e-02 
-2.275472799505e-02  6.615657444327e-03 -1.092527398823e-01 
-3.778150741613e-03  4.457471586426e-03  1.488961911843e-02 
 9.949361734764e-03  8.766273298441e-03 -3.449025430304e-02 
 2.539939979627e-01  8.986074412376e-01  7.738217499251e-02 
-1.862309022543e-01 -9.633094728372e-02  1.017481075778e-01 
-1.484976555366e-01 -7.775662320893e-02 -6.062205632531e-03 
 3.203594406231e-04  7.460104147538e-03 -4.300817922182e-03 
 3.971181092162e-03  8.529498115184e-03 -3.702484998506e-01 
 9.452540290280e-04  1.228851420251e-03 -9.018724702574e-03 
-3.564362699327e-01 -7.739301885737e-01  8.758344796213e-03 
-1.031466609026e-03 -1.510150951230e-03 -2.476476301759e-01 
-5.324951057390e-01  9.044754257882e-03 -5.083561133241e-03 
-3.351902387034e-03 -1.017978477110e-01 -4.300875351275e-01 
 1.343057578735e-04 -3.995158060378e-03 -6.566693583733e-03 
-2.946500142951e-02  1.696587543530e-01  1.052576614878e+00 
-2.558232024280e-01  6.970224403739e-02 -2.947849139965e-01 
-4.296775210922e-01  6.893949763120e-02 -4.765636559854e-01 
 4.063044658770e-03 -1.949414580749e-02  3.416812539830e-03 
-8.502916189497e-03 -5.282209043786e-03  1.025289589420e-02 
-8.651600607228e-02 -2.682476949684e-01  4.797417570390e-02 
 1.849057247521e-01 -2.995427345828e-02  7.954366323623e-02 
 1.796310347722e-01 -4.253532211904e-03  1.241146232040e-02 
 1.487919392101e-03 -9.897786543178e-03  4.747900440523e-03 
-1.361352880729e-03 -2.386868076324e-01 -1.433224571107e+00 
-4.784427863664e-03 -2.949841941704e-03 -3.813612021575e-04 
 2.848759471223e-01  6.499987869452e-01 -2.343041274912e-03 
-6.030600333828e-04 -2.174201064621e-03  1.340390342167e-01 
-1.199030467273e-01  1.102355149699e-05  1.197134419200e-02 
 8.248254524768e-03  5.286326771140e-02 -6.314644904085e-01 
-3.398588350905e-03  3.951698094863e-03 -8.259544101318e-03 
-1.404885802378e-02  5.510103656669e-02  4.827190785613e-01 
 1.946824347351e-01  7.530982746142e-02 -2.803706867005e-01 
 3.652205356182e-01  2.080245463991e-01 -3.495440078482e-01 
-5.365233265684e-04  7.710746652218e-03  1.313860540109e-04 
 1.598803005879e-02  7.107400062973e-03  1.403663360570e-02 
-5.737197391952e-02 -4.153873352612e-01 -2.834602670276e-01 
-2.004346198807e-01 -1.321504645208e-01 -3.272583327390e-01 
-2.523505585418e-01 -1.290249099791e-01 -5.978757375572e-03 
 3.587127104203e-04  3.013034364489e-04 -2.864156063428e-03 
-7.489875900052e-03  1.282959820042e-01  2.316041384988e-01 
 3.703802966250e-03  1.869356769759e-03 -8.071608196501e-03 
-3.723504394528e-02 -3.938014994717e-01 -1.507959342611e-03 
 1.802062876434e-03  1.051925056382e-02  1.096545878668e-01 
 1.250821442207e+00 -8.223545054187e-03 -6.690654115470e-03 
-8.876531168931e-03 -2.293808683194e-01 -1.126500944939e+00 
 4.331515245987e-03 -4.170077843867e-03  1.552777583052e-03 
 2.304225120377e-03  2.125911076351e-02  3.841660809495e-02 
 3.819783181232e-01  2.519280863958e-01 -9.986794476845e-02 
 6.320508160345e-01  3.866821720677e-01 -2.597153775186e-01 
 3.393239058037e-03 -4.708913059591e-03 -1.448105253381e-03 
-3.050152524314e-03 -1.265303227916e-02 -5.609505264326e-03 
 7.871751455585e-03  1.425343987551e-01  1.606213852950e-01 
 1.897358297120e-01  2.798119644281e-02  2.489270511837e-01 
 2.894408150478e-01  4.093103662134e-02  6.889317937285e-03 
-8.224643788503e-03 -7.684156469131e-03 -7.487806114359e-03 
 6.402928210371e-03  5.532271172411e-02  1.014222429251e+00 
 2.610265149645e-03  1.612290415720e-03  4.472293421992e-03 
 4.851709849253e-02  9.346637411928e-01  3.523148569634e-03 
 3.095179334295e-03  7.989280480702e-03 -5.074113884894e-02 
-9.255954513281e-01  1.216862214747e-02  7.467767429933e-03 
-3.935478464891e-03 -5.760485621815e-02 -1.328955125621e+00 
 3.778204630390e-03  3.044103794885e-03 -4.063959123293e-03 
 2.959257574021e-02  1.867876251475e-01 -2.316281013292e-02 
 4.370237165885e-01 -9.706607512850e-03  1.716873032268e-01 
-8.995229189298e-01 -2.558864853498e-01  8.850345849086e-02 
 4.476114854840e-02 -9.571800417200e-02  2.620793523655e-02 
-1.080298560860e-01 -3.816000804742e-02 -2.087938127092e-02 
-2.082788508693e-01  2.856684856865e-01  5.199537846798e-02 
-1.905768804312e-02  1.896363470054e-01 -2.093220557867e-01 
-1.046624271943e-01 -1.061933109981e-01  6.678919600636e-02 
 5.475157385161e-02 -2.317425376592e-02  4.441608453122e-02 
-8.176964714849e-03 -7.805765382778e-01  7.444824333032e-01 
-1.792372096223e-02 -9.830990037024e-03  6.438795164833e-03 
 1.047858396846e+00 -1.671944313550e+00 -6.470642994525e-02 
-2.569930692756e-02 -9.424638298709e-02  6.500635417329e-01 
-2.500762160695e-01  3.858402473179e-02  4.650623110688e-02 
 8.208668069614e-02  7.820485614898e-01 -5.996237074405e-01 
 6.660766267908e-03  1.232319710219e-02 -1.861661172653e-02 
 1.183663705782e-02  1.902911871882e-01 -9.600054715409e-02 
 8.331814833930e-02 -2.350794392200e-01  2.824132109225e-01 
-4.749628404422e-01  3.573102948497e-01 -9.228758878186e-01 
-7.355765684227e-02  4.873070000190e-02  8.275165174174e-02 
-5.572676545435e-02 -1.272798326894e-01 -2.370800831185e-02 
-2.446774878061e-02  3.043592223009e-02  1.244724539595e-01 
-2.314819176179e-01 -1.293481822428e-01 -7.614379817816e-02 
 8.253084768122e-02 -1.284733559605e-01 -5.425443508908e-02 
-5.174364090831e-02  4.559855038215e-02  1.371090864039e-03 
 2.828823802363e-02 -1.417227745452e+00  1.005036568749e+00 
 5.876021439190e-02  5.331304982680e-04  1.452763581285e-02 
-1.107289046898e+00  1.255421405526e+00  2.588493902493e-02 
 6.808551021942e-02  7.279881507595e-03 -3.685173095793e-01 
 5.274113694459e-01 -9.061724467234e-03 -5.953384164236e-02 
 1.557328365810e-02 -2.855267822088e-01 -4.820379359484e-02 
-5.201752383708e-02 -4.363170140413e-03 -4.284107708944e-02 
-2.439015024389e-02  3.696704260902e-02  5.914052292401e-02 
-1.444947309160e-01  6.595588966788e-01  2.320319903966e-01 
 2.340175730001e-01 -5.850330962144e-01 -5.996366858145e-01 
-1.202363591221e-01  8.573196664232e-02  1.574452711402e-02 
 8.575616310452e-02 -6.797517506657e-02 -4.027245644572e-02 
-2.043528475029e-01  4.903310526270e-01 -7.344261832695e-02 
 1.187821100049e-01  2.913267972958e-01  1.235444637550e-01 
 1.672876738225e-02 -3.614690145315e-01  5.709941842560e-02 
 3.490164663776e-02 -1.909694251674e-02  5.645044720870e-03 
-2.820839275402e-02 -4.714377125940e-01  3.455481695118e-01 
 4.496115290691e-02  6.502275566914e-02 -5.879660290311e-02 
 8.682654032385e-01 -8.641516596490e-01 -2.007617002720e-02 
-8.588516945228e-02 -1.174858646294e-03  1.288081666795e-01 
-2.570950675259e-01  2.337480155932e-02  5.681090452638e-02 
 2.768507421741e-02 -1.441622865505e+00  1.280605136319e+00 
-7.925431158994e-02 -3.878607972884e-02  3.984468900224e-02 
 3.627286991265e-03  1.244597039280e-01  6.922484085871e-02 
 5.237054685787e-01 -1.129330514292e+00 -4.193949477326e-01 
-4.936915880921e-01  1.477147761379e+00  3.208461379470e-01 
-5.198429751082e-02  4.530415228632e-02 -4.703936712113e-02 
 7.762931983864e-02  1.174437847083e-02 -7.144653717326e-03 
-1.114954925903e-01 -4.476747258168e-03  1.348559762928e-01 
-5.445222837959e-02  5.597239838291e-02 -1.151221254299e-01 
 7.397263994246e-02  4.436041131397e-02  3.336899829815e-02 
-1.038790776400e-02 -3.710582341695e-02  2.537107758604e-03 
-1.075357285700e-02  1.112287495677e-01 -2.976753623124e-01 
-8.920527469485e-03  1.889165942345e-03 -4.463445980151e-02 
 4.242420649839e-01 -1.138251820870e-01 -3.056965389467e-02 
-2.887516489524e-02  5.136738563781e-02  3.642841128643e-01 
-5.112958540475e-01  1.169454525158e-03  3.014842239239e-02 
-3.057425116051e-02 -8.324647381655e-01  7.129620680101e-01 
-7.173018903676e-03 -4.111455713071e-02  2.104511241962e-02 
-8.334500601138e-02 -3.692757392754e-01  2.472062004576e-01 
 3.870917959182e-02  1.185152059609e-01 -9.246811822356e-01 
-3.103600150260e-01 -4.135900331922e-01  1.495767550478e+00 
-3.388799020365e-02 -4.998683930973e-03  2.109327247442e-03 
-8.500968755731e-03 -9.038271981642e-02  3.887568358862e-02 
 2.066501770919e-01 -3.735388740774e-01  3.675957886120e-01 
 5.837879291981e-02 -9.425552281010e-02 -3.481790089371e-02 
 2.239939200952e-01  4.884287520871e-01 -9.693785858199e-02 
 3.124322386283e-02  4.625997827236e-02  1.312843038436e-02 
-8.838172937765e-02 -4.764804398408e-01  5.356185013296e-01 
 4.631246303327e-02  5.496283924612e-03  2.917345742318e-03 
 6.867498672946e-01 -9.783342305042e-01  9.447428204375e-02 
-2.124611389412e-02 -6.708437577436e-02 -1.355567100268e+00 
 1.165458568168e+00 -1.690806986388e-01 -6.736211974768e-02 
 3.342730774423e-03 -5.259166043360e-02  5.605857892338e-01 
-5.728211662236e-02 -2.960912159742e-02  6.053790129425e-02 
 4.484633648141e-02  2.493464605615e-01 -7.293052053795e-01 
-8.155129034227e-01 -2.041754391067e-02 -7.884954798511e-01 
 1.363516570074e+00  1.487177055800e-02  1.342621642492e+00 
-3.620553306618e-02  1.797460067242e-02 -5.928123824150e-02 
-1.417892795272e-01 -1.032675768580e-01  4.638355222038e-02 
 1.266008076783e-01 -2.990110646095e-01 -3.387225804264e-02 
-2.592615069319e-01  1.175629668782e-01 -3.334927543120e-01 
 7.091661984485e-02  7.514384335491e-02  4.841108984136e-02 
-1.817972449932e-02 -5.580368578477e-02 -3.492621516313e-03 
 6.084548337659e-02 -6.471924639889e-01  1.607270419700e+00 
 1.698563134921e-01  1.659975733884e-02  1.127702530778e-01 
-2.426578961820e-01 -4.005376593800e-02 -6.229746259603e-02 
 3.997841326052e-02  4.018812643705e-02  1.119353065508e+00 
-1.103083190200e+00  9.351108864398e-02 -3.319755178333e-04 
-6.409267123692e-02  8.258663339995e-03  5.787885781876e-03 
-1.263618279516e-02 -4.838534995676e-03  1.217987310994e-02 
 6.141836368197e-02  3.100658572939e-01 -5.969583186965e-01 
 8.734443703987e-01  6.956223312902e-01 -4.335039817364e-01 
-1.703126233054e+00 -1.268032512702e+00  9.768821677311e-01 
-4.387980726572e-02  1.669130143060e-01 -1.150788436833e-01 
 9.166474963133e-02  8.430547915340e-02  4.883852705994e-02 
 1.955534133066e-01 -4.282803459489e-01  7.055759763073e-02 
-3.721003475613e-01 -1.999208728238e-01 -2.165684268742e-01 
 2.860181502317e-01  2.673532184799e-01  1.681370177914e-03 
-3.429056637584e-02 -1.832602435273e-02  1.083862433986e-02 
 6.916641155086e-02  2.349411903143e-01 -1.069161656267e+00 
-1.184863534028e-01 -2.815356884964e-02 -6.069302009441e-03 
-6.604049329132e-01  4.259317833090e-01 -4.617204287054e-02 
 8.523545868679e-02  7.542178308491e-02  5.572214971423e-01 
-3.642434514458e-01  5.508680509494e-02 -3.522612247737e-02 
 1.784875193011e-02 -3.057250439178e-01  1.709132634631e+00 
-7.438624392203e-02 -1.184438240796e-01  1.682426821937e-01 
 2.591871100851e-01  1.181777361262e+00 -1.887124737666e+00 
 1.975826055399e-01 -4.061131174720e-02 -3.906220908596e-01 
-4.678826612577e-01 -1.208042090797e-01  7.947161348220e-01 
-3.181272332222e-02 -9.766853858504e-02  1.733420386816e-02 
 1.022273683413e-01 -7.392040105649e-02  4.088027311012e-02 
 2.637560271558e-01 -1.904407572368e-02 -9.548476226262e-01 
 7.006269235388e-01 -3.190623947569e-02  1.277822093827e+00 
-8.769604465471e-01  2.050086987770e-02  1.258433370280e-02 
 8.955316453898e-03 -1.853256102744e-02  6.439484848722e-03 
 2.905239462383e-02 -2.200819502628e-01  4.370868122585e-01 
 4.816614748915e-02  1.999379667676e-02 -7.559427470111e-03 
-3.144792711513e-01  8.048170766648e-02  1.236499952454e-02 
-3.504839798885e-02 -5.882272975930e-02 -1.305026641603e-01 
-1.517365658858e-01  1.065193515463e-01  6.299055435271e-02 
 1.922282633614e-02  2.609207503386e-02  7.269389079068e-01 
-1.151128126669e-01 -6.108991637726e-03  5.297560557211e-02 
 4.588940464057e-01  2.111227256537e+00 -3.003183025697e+00 
-9.604068851362e-02  1.030828678806e-01  1.312377705647e-01 
 3.649128940878e-01 -2.075118772228e-01  8.064416695157e-02 
-1.612521342963e-02  1.516737982654e-02  7.772936020289e-02 
-6.985963479328e-02  1.080852062924e-01 -2.432824092215e-02 
-9.429877267698e-02 -6.614755046344e-02  6.376747532328e-01 
 6.603577342141e-01 -3.568043446605e-01 -1.280198762238e+00 
-1.245444895640e+00  1.596445746178e-01 -2.385603407311e-02 
 1.805335300367e-02  3.700372869796e-02  4.126013952408e-03 
-2.932157245753e-02  8.571875784922e-02  6.378085091745e-01 
 7.870826134598e-02  2.585377381229e-02  4.575262141419e-02 
-8.667598378483e-02 -5.477978521535e-01 -1.279794183110e-01 
-9.695731689718e-02 -3.530575116808e-02  2.732470832925e-01 
 6.791814938934e-01 -1.936082788123e-01 -1.447732593832e-01 
 5.202108362859e-03 -7.081921255224e-02  4.851642548734e-01 
 1.137770486882e-02 -9.443822071600e-02  5.151348465513e-02 
-4.463754185274e-01 -2.054278465731e+00  2.898792416872e+00 
 1.995301192549e-01  5.704140040310e-02 -2.417938728999e-01 
-5.446824060048e-01 -7.816741825608e-02 -5.195184508250e-02 
-6.424485218811e-02 -9.257309344386e-03 -8.380307961310e-02 
-4.720121384363e-02  4.492270060064e-02  4.201191533840e-02 
 2.264898931030e-01 -3.529078194046e-01  1.650652039927e-01 
 6.375388753863e-01  6.694336116094e-01 -7.316503302339e-01 
-1.418691594566e+00 -9.239193904224e-01 -3.194412255057e-02 
-2.064996777204e-02 -1.434010300765e-03  1.910304641349e-02 
 3.126899883930e-02 -1.227414944988e-01 -6.417976184444e-01 
-1.086538760025e-01  3.703978965423e-02 -4.466980411301e-03 
-6.511432247332e-01 -3.057706994228e-01 -1.614785737646e-01 
-1.487263908276e-01 -9.801611530260e-02  3.749245824897e-01 
 5.018448247331e-01 -7.335551921455e-02 -1.939531439915e-01 
-5.435118320485e-02 -5.414282454709e-02 -2.997553335022e-01 
-2.139488958017e-04  7.718648339782e-03 -5.078658704689e-02 
-3.917095736799e-01 -1.660452360870e+00  2.721579399836e+00 
-3.335709468230e-02 -8.922995655139e-03  3.432031436542e-02 
 5.412351356214e-02  1.127692145129e-01  1.910351684251e-01 
-1.373573045595e-01 -1.161924651661e-01 -2.697553463213e-02 
-1.981798376913e-02 -5.119203681942e-02 -1.674204682490e-01 
-8.670811982834e-01  1.077833095797e+00 -4.783120774376e-02 
 3.083567247488e-01 -1.080212145939e+00 -1.378211908251e-02 
-4.799344867025e-01  1.642868551545e+00  5.483527275445e-02 
 2.897896728568e-02  2.503208913979e-02  1.379550373239e-02 
 4.906797327005e-02 -1.539589560202e-01 -1.266633188061e-01 
-5.296429853985e-02  1.021222815049e-01 -1.783550651031e-02 
 1.232029234338e-01 -5.463663275949e-01 -1.089539018379e-02 
 3.696424221549e-02 -1.220137429700e-01  5.009758387341e-01 
-7.667648659110e-01  9.333183394061e-02  1.806499231891e-02 
-1.655498884954e-02 -2.580558992345e-01 -1.706036314475e-01 
 9.143069922904e-03  8.641480138129e-02 -1.825552633558e-02 
 9.808251313947e-02  3.640978706677e-01 -7.556167543322e-01 
 2.339196154668e-02  2.993580802496e-03 -2.162312824774e-01 
 9.875684393551e-02 -4.640633014222e-02  3.356636480877e-01 
-3.761561083154e-01 -1.872693331653e-01  2.782399306679e-01 
-1.190052496296e-01  3.266356783950e-01 -1.487013148686e-01 
-7.057883002044e-01  9.355209021773e-01 -3.218668072043e-02 
-2.212387359473e-01  2.257408928866e-01  1.940270767433e-01 
 4.071689747686e-01 -2.056699567500e-01 -2.284566916055e-02 
 5.318280224983e-02  3.991225146647e-02  1.944254195502e-02 
 3.221194133146e-02  2.461080780741e-01 -2.804186946074e-02 
-4.329068504909e-02  2.892107863387e-01  4.052491045957e-02 
-1.584835044474e-01  2.576739840141e-01  7.984781951510e-02 
 4.370942246241e-02 -1.383484286258e-01 -1.364866071323e-01 
-2.462295234937e-01  1.159452782459e-01  1.835647383326e-02 
 6.679295511091e-02  3.301704489257e-02  1.894864268824e-01 
-8.950845550479e-03 -2.508278022335e-01 -1.952232231367e-01 
-5.924945185723e-02 -1.910476112759e-01  4.929941681737e-01 
-9.260851747202e-03 -9.996592536502e-02  2.369696096818e-01 
-7.634860021872e-02  2.255079141254e-01 -5.352639008720e-01 
-2.181788924849e-01  1.240510686780e-01 -3.356909203067e-01 
-3.542561595078e-01  1.439629333154e-01  2.911747614557e-01 
 1.379519180997e+00 -1.776768357147e+00 -2.562228501131e-01 
 1.022522072206e-01 -1.845188597131e-01  4.592306559377e-01 
 3.234297636904e-02  7.272101139546e-02 -1.110345920406e-02 
-3.166741268925e-02 -5.173833495822e-02  7.936652823348e-02 
-7.066640025942e-02 -2.442615037753e-01  3.030505437217e-02 
-1.063857782541e-01  1.257192823772e-01  2.524366556182e-01 
 2.974100823860e-01  1.662668187151e-01  1.299829332726e-02 
 5.452181289230e-02  1.856787083579e-01 -2.304914727793e-01 
 3.987568606247e-01 -1.276247817982e-01  6.049008014420e-02 
 1.574946703775e-01 -9.791336185321e-02 -2.203934575048e-01 
 1.685368022725e-01 -9.351272837870e-02  3.814931208546e-02 
 7.901348027154e-02  3.573299450072e-01 -4.797452246685e-01 
 1.173485721822e-02 -3.016976158741e-02  1.946920872288e-01 
 2.062090620367e-01 -1.874800468559e-02 -2.330861413069e-01 
-1.940227086851e-01 -5.005576735348e-01 -1.574156834805e-01 
 2.304552568171e-01 -1.318591108674e-01  3.360642638827e-01 
 1.535244407870e+00 -2.279527831780e+00  2.500812139414e-01 
-1.965813892835e-01  3.737585320105e-02 -6.764829241058e-01 
 1.775788520267e-01 -1.247118742730e-01 -2.680394499361e-02 
 7.468240005811e-02 -2.414790719658e-02 -4.229136093988e-02 
 2.217892541910e-02  2.170709932321e-01 -9.290237259327e-02 
 6.516577106604e-03  2.055151187879e-01 -6.932816405051e-02 
-1.020722927424e-01  4.089050865990e-01  8.052918028704e-02 
 1.623670580277e-01 -8.298978157308e-02  4.003760879046e-01 
 3.394860782221e-01 -1.650939438573e-01 -3.472607503858e-02 
 5.951207737005e-02 -1.989372468341e-02 -6.982125662205e-02 
-1.608614650026e-01  2.037304476345e-01  3.168604534262e-02 
-9.445354825305e-02 -3.908724010988e-01  6.714012232075e-01 
-1.540550533908e-01 -1.336236053758e-01 -8.465375497039e-03 
 4.645396920446e-01  5.795554629689e-01 -2.354935233957e-01 
 2.502112708665e-01  2.013707853792e-02  2.238467169832e-01 
-8.463895780552e-02  1.286387791258e-01  2.292038361921e-01 
 1.002411503139e+00 -1.507684042808e+00 -1.623998466025e-01 
-7.636866793403e-02 -8.484172673353e-02  3.269870750896e-01 
 2.775848773657e-01  2.213662799494e-01  2.743646931838e-02 
 1.010790648708e-01  1.639146429056e-01  1.737256531417e-01 
 1.218257160446e-01  2.281322830387e-02  2.589714156895e-02 
 1.011300095191e-01 -6.202233754565e-02 -1.446738688598e-01 
 1.639587410560e-01  5.671346151165e-01 -2.846507285695e-01 
 3.701416630587e-01 -3.033018017960e-01  9.752079970065e-03 
-7.612980528575e-02 -1.319626526100e-02 -1.778047544695e-01 
 3.526499304494e-01 -6.088609433146e-01 -3.020871001229e-02 
 1.487524993607e-01 -1.201979486734e-02  8.166117042298e-02 
 1.629272795112e-01  6.571893178744e-01 -1.052291404063e+00 
-7.920564245661e-02 -8.218976759653e-02  7.022276555154e-02 
 1.929370718756e-01  3.867177323768e-02 -4.341001858124e-01 
-8.034011115751e-02 -3.920351018021e-03 -3.319118278704e-01 
-2.707829239560e-02 -8.246276094143e-02 -2.371024944056e-01 
-9.891027938097e-01  1.638660523352e+00  2.078094165162e-02 
-4.225213992477e-02  8.718982674733e-02 -4.002401875248e-02 
 3.354886782691e-01 -5.911870808060e-01 -2.272522563795e-01 
 9.805343648502e-02 -2.119266621812e-01  1.063942517351e-01 
 9.589948148540e-02  1.149485475391e-01  6.970023625894e-02 
 3.823834900463e-02  5.183226341109e-02 -7.020075501987e-02 
 4.803390787579e-02 -3.992748249176e-02  1.782538547816e-01 
-2.225738060001e-01 -5.661767202127e-02 -2.957429691672e-01 
-1.712739223035e-02  3.674237792035e-01 -4.577743189126e-01 
 3.365674360391e-01  1.058356907733e-01 -1.232558233397e-01 
 1.243964200703e-01  1.091855670190e-01  1.642930370508e-01 
 1.160923264377e-01  4.779788838067e-01 -7.906110552665e-01 
-4.316106600804e-02  2.797489592265e-02 -6.589409994079e-02 
 3.098460332908e-02 -3.665145895632e-01  5.774832569726e-01 
-3.024593478252e-01  2.179772439639e-01 -2.536599111969e-02 
 2.139472351454e-01 -1.042710414147e-01 -2.471834736805e-02 
-8.297354888977e-02  2.061450028221e-01 -1.512515711878e-01 
-1.690941280785e-01 -1.115732020035e-01  6.383365339505e-01 
 5.818245702315e-01  2.087009673183e-01  8.056589814750e-02 
-8.685565955914e-02  1.955274599680e-02  7.086936543882e-02 
 4.375258020782e-02  1.645559778134e-01  8.165783003267e-02 
-4.654113724512e-02  7.355607237449e-02 -3.011426889446e-03 
 5.396759584929e-01 -4.013450160923e-01 -6.560359419139e-01 
 2.323233996755e-02  3.202644517124e-01 -7.829572460433e-01 
 2.487217697309e-01  7.261100550098e-02 -2.836488347085e-01 
-1.371575384811e-02  9.109550258060e-01 -3.147073266996e-01 
-2.034247806966e-01  8.881786958395e-02 -2.380818818848e-01 
-4.301628569534e-02 -9.829738412804e-02  4.791263356904e-01 
 8.335527730186e-02 -3.603161629267e-02  3.197529634519e-01 
-1.658669079668e-01  2.280614530392e-01 -7.629534512276e-01 
 2.926356736896e-01 -2.562232633938e-01 -1.434684374326e-01 
-4.406752711752e-02  2.341244323082e-01  5.921308469398e-02 
 3.218653170636e-01 -1.599868212962e-01 -2.010086573847e-01 
-2.332289559009e-01 -8.792985124202e-02  5.097457923437e-01 
 6.677857267911e-01  3.493188182147e-01 -3.756141271575e-02 
 7.260354986517e-02 -2.796478794403e-02 -2.011810727647e-01 
 6.417749475056e-02 -4.660673711528e-01  8.896152640237e-02 
-2.135986925262e-02  5.534592716195e-02  2.088695960378e-01 
 6.556112286762e-01 -1.188731852365e-01 -2.074626835461e-01 
 1.186357479159e-02 -2.245999424773e-01 -4.780690555542e-01 
 1.261730461593e-01  2.058927659145e-01 -3.264155902016e-01 
-5.945313478838e-01 -6.668905960882e-01  1.953719549259e-01 
-8.655227693397e-03 -1.135236113381e-01  5.501014995796e-03 
-1.151329742976e-01 -4.853555495510e-01  6.802497837825e-01 
-1.012849200327e-01 -6.497160997198e-02  4.165120313546e-02 
 5.554801203957e-01  3.662227184731e-01 -2.980246116845e-01 
 1.373026334418e-01 -2.010092193874e-01  9.491658103768e-05 
 4.047977687627e-02  2.216686168520e-01 -6.726277786669e-02 
-3.211194912614e-01  3.431407522336e-01  4.602144783518e-02 
 8.028525077431e-02 -3.126284179527e-02 -1.211263209817e-01 
-8.790092599607e-03 -1.207996278481e-01 -4.607994747081e-02 
 7.063729088085e-02 -9.429024221643e-02  7.333774766264e-02 
 5.691419566175e-03 -4.025531566601e-02  1.378919341901e-01 
-1.477709557738e-01 -4.381529813831e-01  4.684076120211e-01 
 2.165160261854e-02  4.588464037572e-02  6.939062979313e-02 
 3.559079737953e-02  1.539979223105e-01  7.367857646261e-02 
-1.514029112276e-01 -1.686338090241e-03 -8.368400041820e-02 
 3.111405585935e-01 -6.122330182531e-01  6.314951550395e-02 
-5.795902969946e-01  2.222320478544e-03 -2.530585208209e-01 
-1.261330427288e-01 -5.589503085417e-01  6.662621315509e-01 
 1.096553995617e-01  8.766117512022e-02 -5.534990328850e-02 
-5.453199830884e-01 -3.254726456279e-01 -2.691559935889e-01 
 1.607869286409e-01 -3.086918992250e-01 -2.585788027214e-01 
 2.712968314026e-01  4.803656558707e-01 -3.459724113742e-01 
-1.465327713802e+00  2.204212163202e+00  2.215176780844e-02 
 1.180439834110e-02  1.482797464655e-01  3.436044640385e-01 
-1.625594136630e-01 -5.149998684763e-01 -1.019737377126e-02 
-1.471187588591e-01 -1.490607086998e-01  1.338554712102e-01 
-8.760193884799e-02 -1.049863790923e+00  4.582605891468e-01 
 2.223761299720e-01  1.316548127822e-01 -2.887055583884e-02 
-4.750627913484e-01 -5.155586399159e-02 -3.050858583715e-01 
 5.039372884778e-02  1.694121047334e-01 -5.917594946964e-01 
 1.697150504788e-01 -1.207248933132e-01  2.650091253091e-01 
 1.211935698808e-01 -2.405860606259e-02  5.756403095450e-02 
 1.425525701614e-01  9.997052155520e-02  2.014994862308e-01 
 2.162000829234e-01  8.628529475900e-01 -1.337702486555e+00 
-2.430178692033e-01 -1.168954813900e-01  4.219964737211e-02 
 6.650122487603e-01  1.668300065963e-01 -6.211813071151e-01 
-1.517623946372e-02 -1.750667281066e-01 -8.571493129007e-02 
-5.737350923325e-01 -2.927163860326e-01 -3.291583229478e-01 
-1.382043083606e+00  2.112941415523e+00  2.487297545890e-02 
-3.264184162961e-02  2.704106861345e-01  3.839100904510e-01 
 5.180449394991e-02 -5.988423420002e-01 -2.227942278197e-02 
-9.972964370829e-02 -2.933621060739e-02  1.586112898666e-01 
-4.339668588332e-02  9.602001043084e-01 -5.051050521419e-01 
-2.665748665816e-01  1.519022017413e-02 -3.119436166588e-02 
-2.832172358879e-01  3.841893523450e-01 -3.046872461264e-01 
 2.309734845675e-01 -1.858810386189e-01 -6.329320064857e-01 
 8.324607548425e-02 -4.169885064029e-02  2.043379611515e-01 
-1.066319130847e-01 -6.691034181231e-01  3.692186010097e-01 
-1.823148387772e-01  1.837286836470e-01  2.797459750473e-01 
 4.561065701116e-02  1.721609265774e-01 -2.752081513281e-01 
 1.573722165992e-01 -1.019430869303e-01 -8.209384136987e-02 
-1.153683089472e-02 -1.829059431399e-01 -3.393872933383e-01 
 9.578926733333e-02  4.086578516592e-01  3.497906810432e-01 
 4.273937408696e-02  2.319619959799e-01 -1.074362534615e-02 
-5.936621751940e-02  9.937016960456e-02  6.618283258031e-02 
 3.221303350307e-02  1.131497346326e-01 -1.367217124854e-01 
-1.272882868340e-02 -2.220738325830e-01  2.365034875964e-02 
 1.282011428004e-01  2.030343391994e-01 -1.065150755303e-01 
 3.124613370802e-02 -1.303158005717e-01  1.241748380887e-01 
-1.155690803569e-01  4.369364959413e-01  4.732846287691e-01 
 3.003077059649e-02  3.836230112378e-02  7.796129500742e-02 
 9.818203439269e-04 -2.104402136580e-02  8.637753291694e-02 
 4.185068806401e-02  4.164956766038e-02  1.044370426228e-02 
 1.723014445971e-02  1.561643310483e-01 -1.972778258033e-01 
-1.572876444007e-01  7.109156297325e-01  3.345724284411e-01 
 7.040506741917e-02  3.072394892340e-01 -3.310750330821e-01 
 1.970747300056e-01  1.120498236768e-01  6.316360472240e-03 
-1.550369611318e-01  1.062713130955e-01 -1.334522766771e-01 
-6.406864500329e-01  4.013065698610e-02 -1.200882921601e-01 
-2.446362731695e-01  4.347063901801e-01  2.382029121083e-03 
 5.566560097756e-03 -2.602595466145e-02  8.648873602819e-03 
 7.872946500259e-02  9.083647816041e-02  1.317781362303e-01 
-1.586413112510e-02  8.060213187699e-03 -2.466259201236e-02 
 1.492364203621e-01  5.472256855528e-02 -3.440639573001e-02 
 6.449053472503e-03 -9.633629322664e-02  1.091976148677e-01 
 3.000627763913e-01 -7.039241708556e-01 -2.296270671604e-01 
 8.812992069918e-02  1.426097110664e-01  2.150857191011e-02 
 1.683137905915e-01 -1.643038705759e-01 -9.616012188478e-02 
 3.826318128109e-02  3.637182338910e-02  6.068723147170e-02 
-2.334570686934e-01  1.638445278851e-01 -2.420092784256e-01 
-2.252842221139e-02  4.521519983547e-01  3.979816800594e-02 
 1.269013104669e-01  5.234834620991e-01 -6.572480407044e-01 
 1.629274339679e-01  1.084966558116e-01 -8.223495491524e-02 
-2.281372627824e-02  1.391435261843e-01 -3.481491011330e-01 
 6.303896447146e-02  1.849577936517e-01 -2.467896104103e-01 
 2.339586629661e-01 -2.873409631018e-01 -2.566890502145e-01 
-1.176594848179e+00  1.163609721834e+00  2.367739604814e-02 
 3.402698013501e-01  2.958652217240e-01  1.526395235747e-01 
-3.126239943923e-01 -3.814049633588e-01 -4.038452052376e-02 
 4.015544529160e-01 -1.966454239535e-01 -1.473249070504e-01 
 6.745755742714e-02  5.694553510814e-02  1.297174334802e-02 
-4.015563396189e-02  7.246600267067e-02  2.817312104708e-01 
-2.011826813610e-01  4.258252224924e-01  1.098834917233e-02 
 6.375521133522e-01 -1.246732714862e-01 -2.817519950534e-01 
 1.601915698412e-01 -1.890384417513e-01  6.419585855172e-02 
-7.424548523065e-02  9.329657958232e-02 -2.920485028432e-01 
 2.526530678475e-01 -1.269821002297e-01 -3.158470179175e-01 
-1.851548406526e-01 -7.891371053229e-01  9.449440350638e-01 
-1.079821038282e-01 -7.800202035423e-02  1.954217334697e-02 
-4.378981879497e-01 -2.063724076257e-01  3.827580241832e-01 
-1.331548344996e-01 -1.873359620610e-01  4.021003194010e-01 
-1.014162512333e-01  3.311024589505e-02  2.082104866663e-02 
-7.400536485148e-02 -6.636866928990e-01 -1.093425067772e-01 
 2.952464218161e-01  1.047134890195e-01  2.318107227317e-01 
 2.781841727209e-01  2.023588223275e-01  1.202524474807e-01 
 2.005589043248e-01 -2.767293815047e-02 -2.229992939868e-01 
-8.783171056384e-02 -7.383119416847e-02 -3.349364184302e-01 
-3.102801690905e-02 -5.012415306746e-02 -1.940609776276e-01 
 2.861799899922e-01  4.640991265745e-02  1.242093998870e-01 
 3.682242275727e-01  7.552174945037e-01 -3.655011684270e-02 
 1.629526291128e-02  2.290034939710e-02 -4.457877853912e-01 
-3.550778986833e-02  6.571526542413e-02  3.614434025466e-01 
 7.014243453289e-02 -7.615516168835e-02  4.787652347648e-01 
 4.322765577190e-02  1.489854105351e-01 -1.960477466705e-01 
-1.412372522424e-01 -2.334847127865e-02  1.430910451244e-03 
 2.787164873752e-02  2.375145657888e-01 -7.540932914089e-01 
-4.045687939313e-01 -3.471938017078e-01  1.578537553912e-01 
 4.258003274591e-01 -3.107225974278e-01 -6.968654095897e-02 
-2.117223797264e-01  7.961183574883e-01  1.249862383252e-01 
-1.063032321874e-01  8.045937746903e-02 -1.219079973808e-02 
 6.253060905431e-03 -5.440878255763e-01  3.727370444049e-02 
 3.668558770494e-02  3.073628065752e-01 -1.755750529941e-01 
 9.616447444911e-02 -2.194112568602e-02 -1.027326981820e-01 
-2.274929681317e-01 -4.449997358214e-01  5.758196471054e-01 
-1.225415777664e-01  7.608032679894e-02 -2.162387720293e-01 
-2.224011991080e-01 -3.208734868182e-02 -2.594055122081e-01 
 1.547719505440e-01  1.116050476366e-01  1.679986948935e-01 
 2.099096698654e-01 -5.373748567976e-02 -1.931541249377e-01 
 5.514780611975e-01 -1.847329367796e-01  3.812965639394e-01 
-3.236714099960e-02 -1.328855815397e-01  1.802424695493e-01 
-2.312646986545e-01 -1.345397782154e-01 -1.563083250162e-02 
-1.760770927008e-01 -6.669201472109e-02  1.530302962063e-01 
-4.714229923065e-02  1.017271972273e-01 -1.705571338479e-02 
-6.470788259294e-02  1.753052533980e-01 -1.579667065394e-01 
-6.066904698408e-01  7.551851663406e-01 -5.800641989751e-01 
-5.523428882722e-01 -1.817070626864e-01  4.110425107836e-01 
-5.346118436545e-02 -8.948246147244e-02 -1.190050547041e-02 
 2.778469735259e-01 -2.709697190079e-01 -4.117667291430e-01 
 3.667445159500e-01 -2.875983206476e-01 -2.833396968046e-03 
-1.515347638818e-01 -2.300510383262e-02 -2.133009495100e-01 
-4.374787260453e-01 -1.666392872714e-01 -2.172587829805e-01 
-5.024692801783e-01 -1.144436275649e-01 -7.014365233357e-02 
 2.376908704608e-01 -7.150920098475e-01  1.156150119888e-01 
 2.779733045977e-01  2.338837994663e-01  6.393207678423e-02 
-1.449780372252e-01 -2.503143811911e-02  1.652964794228e-01 
-6.419372844213e-02 -3.263898700577e-01  1.404797992847e-01 
-1.523067167092e-01 -1.376096021077e-01  3.171344069600e-02 
-1.996290888759e-02 -6.754153342674e-02  3.466507385102e-01 
 9.798130646919e-02  1.248904131138e-01 -2.513094798611e-01 
-7.032225258690e-02  5.746345171230e-02  1.237861051467e-01 
 6.368272501565e-01  9.732017105096e-02  5.782258692206e-01 
 2.771170411511e-01 -4.064852077874e-02 -1.377831584092e-01 
-3.709665452584e-01 -1.229331962940e-01 -2.940603874487e-01 
 4.057133334149e-01  8.367541610305e-02 -3.618041731174e-01 
-1.071540548571e-01 -7.107020825000e-02  2.996846311492e-02 
 3.371088966125e-02  1.247228548129e-01 -2.755589495390e-01 
-3.822009856936e-01 -1.569640976082e-02 -4.445118489198e-01 
-1.039514604629e-01  1.855717161508e-01 -2.782752320307e-01 
-1.812425479870e-01  5.907361157989e-01  5.450773990161e-01 
 2.429355942395e-01  2.607131131192e-01  1.288021255260e-01 
-2.979205781027e-01 -1.873148019348e-01  1.507550375231e-03 
 1.037525855648e-01  2.071076452848e-01 -1.343232365913e+00 
 2.416734766184e-01 -1.016224934355e-01  3.091290502287e-01 
 3.145388777926e-02 -5.878062354652e-02 -3.551988303274e-01 
 1.947311582450e-02  3.178859003249e-02 -5.853404235383e-01 
-1.950134483971e-01 -1.673570217986e-01 -2.706795296476e-01 
-1.134622192067e+00  1.449504582134e+00 -1.051487205358e-01 
-2.052467862964e-02  2.452382305306e-01  8.484002029711e-02 
 8.509759391605e-02 -7.655296230562e-01  3.946959432896e-01 
 8.063655969405e-02  6.786050932093e-01 -5.386931821103e-02 
 2.169645101534e-01  5.201492429322e-01  3.989888462485e-02 
 4.757220927684e-01  1.476757534547e-01 -2.113166554699e-02 
-1.311682416126e-01  1.224138889592e-01  2.139997020439e-01 
-6.747503541183e-02  1.560588335905e-01 -2.869145500982e-01 
 2.175891097732e-01 -1.208955003525e-01 -1.360738108378e-01 
 1.281749412850e-01  2.946794328850e-01  3.829639809117e-02 
-3.163177908515e-01 -2.440325308411e-01 -2.263552309173e-03 
-1.662334270853e-01 -1.016094910536e+00 -2.898448713913e-01 
 2.589714211023e-01 -3.108378805921e-01  7.273818109015e-01 
-4.233686474654e-02 -5.154055689773e-02  2.577657214284e-01 
-4.029180292935e-01  3.244990375448e-01  3.125139374932e-01 
 1.084097749756e-01 -4.086181990998e-01  8.382506047789e-02 
 3.359586823158e-01 -5.050952324901e-01  2.674450861543e-03 
-2.727518313321e-02 -5.924091815499e-02 -2.055659361282e-02 
-7.717237493049e-02  3.974502530438e-01 -2.822053655613e-01 
 2.417338577228e-01 -1.339548623859e-01  4.879287460953e-01 
 2.539933372797e-01  9.786009695149e-01 -1.025942257308e-01 
 7.062218753906e-01  6.140847265458e-02  3.512477735013e-01 
 1.504787253147e-01 -2.406370671463e-01 -2.391587701599e-02 
-6.551413240680e-02  7.052781155164e-02  1.443776950378e-01 
-8.528977673741e-02 -1.224669039644e-01  2.394305638314e-01 
-4.363715749297e-01  1.126807254851e+00 -1.174430980447e-01 
-3.659099295464e-01 -4.600481980614e-01  5.938497409394e-01 
-3.990454619565e-02 -4.353780979803e-01 -7.158707674015e-01 
 6.812792946128e-01 -8.354377990342e-03  3.644617389765e-01 
 2.927556251441e-01  1.560213060463e-01 -4.576033504265e-02 
-2.071469918712e-01  6.661915044124e-02  2.233032461748e-01 
-3.529556101457e-01 -4.939221585942e-01 -1.391556772994e-02 
-6.139450318840e-02  5.699981583364e-02 -6.267770100630e-02 
-2.941613029325e-02 -3.585258094042e-02  1.034933221920e-02 
 2.920849361649e-02 -7.425287328027e-02  9.570186399849e-02 
-3.954831292024e-01 -2.509905492832e-01 -5.503378015093e-01 
-3.828126455085e-01  1.469531640673e+00 -1.405473548312e-01 
 8.964510076051e-01  5.433964692191e-02  3.891405563357e-01 
 2.251327423558e-02  7.217762918192e-02 -1.283743368642e-01 
 1.634718558805e-01 -3.671487253762e-01  6.291337464234e-02 
-7.922464640901e-02  4.931850811603e-02 -2.205318955806e-01 
 4.766762931955e-01  7.973520849341e-02 -6.212701811490e-02 
-9.476971960349e-02 -4.964820068187e-02  9.204901522589e-02 
 3.520641874727e-02  3.513688943952e-02 -5.630541906202e-01 
-1.154784365669e+00 -6.414995652312e-01  4.535187056138e-01 
-1.738330475133e-01 -5.290728239710e-02 -8.507978732887e-02 
-3.761599760150e-01  6.817582538669e-01 -3.851580311302e-01 
 9.025578501580e-01  4.834171662992e-01 -2.470085821394e-02 
-1.164549444504e-01  6.189505388101e-02  6.207447250383e-02 
 1.216878554103e-01  7.905185438414e-02 -6.798342600959e-02 
-6.494002945561e-02 -7.510343959967e-02  1.584393883783e-01 
-2.247634754763e-01 -4.703267802279e-02 -1.152742782930e-01 
-1.671637616783e-01 -1.273965509680e+00  2.662651899468e-01 
-7.106663149303e-01 -9.740604693661e-02 -2.436273365356e-01 
 4.331374826745e-02  5.220729794742e-02  1.297933482009e-01 
 2.489214110705e-01 -3.407465104246e-01 -3.899755016549e-02 
 1.059130464361e-01  9.170769953866e-02 -1.140545687240e-01 
 5.848591261721e-02  1.899025902447e+00 -3.614754044739e-01 
-6.327176052561e-01 -6.400198130248e-01  7.532924347324e-01 
 1.180802582025e-02  3.500407690736e-02 -9.721118150698e-02 
-8.092627015279e-03 -5.830730608891e-03  3.293979884558e-03 
-3.694210823451e-04 -4.965939392286e-02 -1.035320909708e-01 
-3.665670733770e-03 -9.917457954425e-03 -6.653158228710e-02 
 7.262233635394e-02 -5.457141161030e-02 -1.631215598846e-01 
-6.039711669276e-01  6.501862273009e-01 -6.542908108569e-01 
-6.352168459810e-01 -1.412320543494e-01 -5.321708365660e-01 
-6.025796992261e-01 -3.246500328394e-01  2.527444636109e-02 
 6.163994128521e-01  1.752257095779e-01  2.741344970831e-01 
-1.063503726925e+00 -1.115631728466e-04  4.686415515528e-03 
-2.246394786389e-02 -4.675071273622e-03  3.775406481365e-02 
-1.687043640975e+00  3.808836970337e-01 -3.593287704431e-01 
-7.738867844305e-01 -3.420182777315e-01  1.654164971036e+00 
-4.073293651036e-01 -5.041897577050e-01 -5.832263394007e-01 
-1.724536906209e-01  6.782454553239e-02 -5.706640864077e-02 
 6.166079331493e-03 -3.534071230227e-02  1.380712997547e-02 
 1.437159933438e-02  2.351213929663e-02 -1.998706145575e-01 
 6.184449235446e-02 -7.407063369383e-03 -6.386605051376e-02 
 1.303701019960e-02  1.726789186133e-02 -1.112841222467e-01 
 1.432575885194e-02 -5.595199792617e-02 -1.487828071340e-03 
-9.018065648074e-02 -3.843829644835e-02 -1.219097289849e-02 
 3.000760947930e-01  1.976697522026e+00  7.887885292537e-01 
 1.513957794134e-01 -6.879827928253e-02  2.292087215825e-01 
 1.369292598950e-02 -2.375220737193e-01  1.220209822066e+00 
 3.963654731632e-01 -6.715685722078e-01  2.394997285347e-01 
 1.188481951045e-01  1.260669947573e-01 -4.768381204482e-03 
 5.943473132552e-02 -4.886701627784e-04  5.496880909619e-02 
-1.264370572152e+00  4.959879243903e-01 -9.449554212088e-02 
-6.706521975458e-01 -3.461220095288e-01 -2.893619837438e+00 
 1.042676946665e+00  1.176412669228e+00  4.410518388585e-01 
-3.115221612480e-02 -1.119105375819e-01  5.090786046080e-02 
 3.590306307493e-02  3.918521786850e-02  1.374247021141e-02 
orbocc
(*)
 0.000000000000e+00  0.000000000000e+00  0.000000000000e+00 
 0.000000000000e+00  0.000000000000e+00  0.000000000000e+00 
 0.000000000000e+00  0.000000000000e+00  0.000000000000e+00 
 0.000000000000e+00  0.000000000000e+00  0.000000000000e+00 
 0.000000000000e+00  0.000000000000e+00  0.000000000000e+00 
 0.000000000000e+00  0.000000000000e+00  0.000000000000e+00 
 0.000000000000e+00  0.000000000000e+00  0.000000000000e+00 
 0.000000000000e+00  0.000000000000e+00  0.000000000000e+00 
 0.000000000000e+00  0.000000000000e+00  0.000000000000e+00 
 0.000000000000e+00  0.000000000000e+00  0.000000000000e+00 
 0.000000000000e+00  0.000000000000e+00  0.000000000000e+00 
 0.000000000000e+00  0.000000000000e+00  0.000000000000e+00 
 0.000000000000e+00  0.000000000000e+00  0.000000000000e+00 
 0.000000000000e+00  0.000000000000e+00  0.000000000000e+00 
 0.000000000000e+00  0.000000000000e+00  0.000000000000e+00 
 0.000000000000e+00  0.000000000000e+00  0.000000000000e+00 