2mocoef
header
1
MO-coefficients from MOLCAS
1
48   48
a
mocoef
(*)
-9.673833818023e-05 -6.706194415848e-04  8.574686813918e-04 
 2.405967228164e-04  1.277393552956e-05  2.134901182424e-04 
 1.448154140909e-05  1.935762643140e-04  3.104050367443e-04 
 1.051524580263e-05  1.840510622587e-05  2.284173850718e-04 
-3.895943568771e-05  1.152052252060e-05  1.000629666977e+00 
 3.700382892281e-03 -3.026594805596e-03  1.132598120743e-03 
-5.068844148183e-04 -8.334987354245e-04 -6.596601773186e-04 
 2.817404980788e-04  9.648634871035e-04  5.530903380195e-04 
 2.902339549951e-04 -3.949828161350e-04  2.220028699444e-04 
 1.025304451576e-04 -3.791358265167e-04  1.015077341296e-04 
-2.519271145034e-06 -1.783300522322e-05 -5.531647508231e-05 
 2.224034254701e-04  4.636875794658e-04 -9.908864495184e-05 
-4.627535040550e-04 -2.193985652381e-04 -1.152928759900e-03 
 1.210095576705e-03  7.773307581532e-04  3.220763664911e-04 
-3.181152829165e-06 -1.759681914764e-04 -2.111435568423e-05 
 2.692170143714e-05  1.224599011489e-05 -5.947162239388e-05 
 1.000886966892e+00  4.413770930481e-03 -5.446939565640e-03 
-9.161975809524e-04  1.839766590365e-03  3.725003701234e-05 
 9.275284211736e-04 -1.165553955623e-03 -5.596365040665e-04 
 4.073165842278e-04 -5.603149585846e-04 -4.857610608918e-04 
-2.292791605668e-05  3.825425622384e-04 -6.685644017067e-05 
 1.077091631552e-04  5.083066592413e-04 -1.384226573866e-04 
-2.732250309423e-04 -1.163061180026e-04  7.651515299169e-05 
 3.377058760196e-04 -4.420727278327e-04  1.575843456825e-05 
-4.025432072620e-05  8.049915656347e-05  2.558106062622e-05 
 8.021163244992e-06 -4.811363729877e-04  1.453877037646e-03 
-4.030500830271e-04 -9.028944438077e-05 -1.936152705532e-04 
 3.622712606629e-04  3.015771172542e-04  3.165550106259e-05 
 9.591670765590e-06 -3.868407591514e-05 -3.275899114282e-04 
 3.651812214192e-04 -1.074422107191e-05 -5.420306075777e-05 
-4.298480444939e-05 -6.339736418644e-04  1.345684540150e-03 
 2.027193813139e-04  1.919100021127e-04 -3.242950935044e-04 
 6.483622397536e-03 -4.297529299888e-01  6.655498625323e-02 
 8.874156366931e-02 -1.165565554270e-02  3.136706601043e-02 
-1.771195685250e-02  2.230088036639e-03 -2.390950198699e-02 
-2.400455231580e-03  3.135908591753e-04 -4.062362949847e-03 
-2.316786045783e-03 -3.488970969143e-03  6.309642881079e-03 
-7.032636711188e-01  1.065150915997e-01 -1.713779488127e-01 
-7.173676865075e-02  2.134329603135e-02  4.859698524971e-02 
 2.361750625656e-02  2.873937791191e-03 -6.432572941767e-03 
-7.850342843374e-04  1.090489022932e-04 -1.264913086697e-03 
-3.100708491976e-03 -2.443251577263e-01  1.039767246704e-01 
-1.627720582185e-02 -4.582125295532e-03 -6.685328631314e-03 
-1.338582598536e-01  8.515408500239e-02 -1.002551983414e-02 
-1.568888046896e-02 -3.427747919711e-03 -4.158637183530e-01 
 1.992276315740e-01  3.241312502565e-02  1.899104823469e-02 
 6.814083240595e-03 -1.457567590613e-01  7.006982104339e-02 
 9.564591225768e-03  6.063382726329e-03 -7.719134960569e-03 
 4.061169194072e-03 -5.219106159363e-01  8.740493454555e-02 
-3.100850696820e-02 -5.185151218086e-02  4.594520005676e-02 
 1.544668404475e-02  1.671595107731e-02 -2.533200611897e-02 
-4.199443357604e-03  9.569183458773e-03 -4.214842209265e-03 
 6.751871842567e-03 -1.045916371173e-03 -1.354733847997e-03 
 1.906079782441e-01 -5.102693326177e-02  3.746493290516e-01 
 3.418247320168e-01  1.760640874910e-01 -7.800986672994e-02 
-6.303592864780e-02 -3.160217304284e-02  5.288571341765e-03 
-4.949314895867e-03 -8.007090004424e-03 -1.157188502042e-03 
 1.004892968712e-02 -1.625736189497e-01  9.042019528595e-02 
-1.508887434504e-02 -4.446072268528e-03 -4.826139173998e-03 
-3.454566717578e-01  1.381943340322e-01 -4.546074208861e-03 
-2.167023741826e-02 -4.935166077803e-03  5.125877949156e-01 
-2.218697580442e-01 -3.173234841870e-02 -1.549194423734e-02 
-5.035510590031e-03 -2.786762935172e-01  1.175646073170e-01 
 1.070127342898e-02  8.383413610882e-03 -1.282975737474e-02 
 6.337113251567e-04 -1.781507340514e-01  3.754832073463e-02 
-5.529854234205e-01 -3.137354724872e-01  1.707095136982e-01 
 8.422826652771e-02  4.685742345518e-02 -3.232782452128e-02 
-8.160531123349e-03  9.678822585700e-03 -2.460179303002e-03 
 1.105757302437e-02  1.557903496074e-02 -2.246845953805e-04 
 6.866910652139e-02 -8.376896999148e-03 -1.108860830208e-01 
-1.095519638106e-01 -6.451737195392e-02  2.114188685083e-02 
 2.278650365789e-02  9.910216668664e-03 -7.043694016589e-04 
 2.970871020459e-03  2.307307880475e-03  2.795299372688e-03 
-3.383601085011e-03  3.948087025514e-01 -1.486277616403e-01 
 1.197860240229e-02 -9.503749148979e-04  1.079802949541e-02 
 1.817644804120e-01 -8.255721293104e-02  2.897005294461e-03 
 1.394106761148e-02 -2.113936548231e-03 -1.031998116467e-01 
 4.642390067487e-02  5.079903928064e-03  1.834052729150e-03 
 6.320192643441e-04 -5.913876674320e-01  2.475044083696e-01 
 1.444672865608e-02  1.536331611304e-02 -2.114205783353e-02 
-5.210662662732e-03 -2.966175913997e-01 -8.386713185742e-02 
-2.899256653914e-01  4.633934489405e-01 -3.205809969662e-01 
 7.291910399356e-03  2.675513258960e-02 -9.032491036096e-03 
-7.638249842969e-04 -1.334480648934e-03 -1.327344934752e-03 
 2.689555602590e-03  2.412532654127e-03 -2.018174831103e-03 
-7.959448918634e-02 -1.104833428356e-02  4.505252989977e-01 
-4.492119025645e-01 -2.952175696873e-01  1.298829307667e-02 
-1.255324225186e-02 -3.081693607792e-02  8.496245500835e-04 
 4.267985010798e-03 -8.891913295070e-03 -2.085633696931e-03 
 1.130727913321e-03  1.440638651664e-01 -2.949450174065e-02 
 1.476335519884e-03  1.175045284674e-02 -2.674254022585e-03 
 1.935266024367e-01 -7.379082228327e-02  1.413479592701e-02 
 5.567751178062e-03  1.283015645509e-02  1.193034760005e-01 
-4.721491653990e-02  5.064347187621e-03 -1.539397191478e-02 
-1.066289924461e-02  1.299661680236e-01 -4.307054069497e-02 
-1.244298427664e-02  6.017642799402e-03 -1.258130085481e-03 
 7.264229457451e-03  2.617054515473e-01  3.691670771235e-02 
 2.504530530294e-01 -4.463061045207e-01  2.509591801511e-01 
 1.174706206403e-02 -2.699125215251e-02 -1.071980231900e-02 
 2.397781883414e-03 -1.048454582117e-02  9.951762329337e-04 
 5.668516427320e-03 -2.123016263531e-03 -3.346628874174e-03 
-2.460206969484e-01 -8.025681494402e-02  4.917686704990e-01 
-3.889399635648e-01  1.172552362722e-01  6.898315312182e-03 
-1.909345084275e-02  3.818549319484e-02 -9.233996628476e-04 
 9.172606110671e-03 -3.250987400819e-03 -5.701135560399e-03 
 3.280110093300e-03 -9.202613377621e-02  1.670770526440e-02 
-7.606599647381e-04 -9.949955270022e-03  2.287685303414e-03 
 1.070306903698e-01 -1.827732502526e-02  1.716682184633e-02 
-5.264710522432e-03 -7.526088140138e-03  1.471627777358e-01 
-5.589974118179e-02  2.374776628097e-03 -1.588606826147e-02 
 1.879001387406e-03 -1.138528422738e-01  3.576711557007e-02 
 1.066969601530e-02 -4.521279675669e-03  2.488993465594e-04 
-8.053738207060e-03  1.937950222868e-02  4.196298442798e-02 
 6.450671835816e-02  1.490164645777e-02  3.025495142057e-01 
-1.737531731500e-02  1.900334065316e-02 -5.641104659961e-03 
-2.793781731409e-03  8.359064685384e-03  2.302304613305e-02 
-2.653843105347e-03 -5.406706399617e-03 -1.275585494076e-02 
-1.968019673620e-01  4.347513108882e-02  1.252560396373e-01 
 2.807745321133e-01 -7.539430938501e-01 -1.078544685619e-02 
 6.628952831521e-03 -4.054288663472e-02  2.900578333042e-03 
-2.980172960522e-03  1.742295928237e-02 -5.660111449077e-03 
 2.120275578111e-03 -1.364113453558e-01  5.668919748364e-02 
-4.424516690256e-03 -4.883979632581e-04  2.910201333552e-03 
-1.716184542586e-02 -3.687536477592e-02  1.777671234788e-03 
 5.949252822838e-03 -2.205750807563e-02  4.706086984401e-02 
-2.257666733600e-02 -1.186615096482e-03  5.523271338127e-03 
-2.147649586502e-02 -1.092694620066e-01  5.374123930180e-02 
 5.284710008834e-03  4.113809492152e-03  1.671642608562e-03 
 2.765885166490e-03 -4.426198050341e-01  6.761417996605e-02 
 2.803039651932e-01  3.318753526935e-02  1.225112693923e-01 
-4.335333915390e-02 -4.028131615094e-03 -3.953592242953e-02 
-2.095142336866e-03 -5.948423638273e-04  1.186766301880e-02 
-8.105378542130e-03 -1.070959356248e-02 -3.513449960220e-03 
 4.772292036868e-01 -2.056725658999e-02 -2.151494070620e-01 
-2.992010568346e-01 -1.184153512212e-01  3.017157739094e-02 
 4.236279678664e-02  1.091823849941e-02  1.102526334005e-03 
 6.568939240285e-03  1.965787726211e-03  1.836382143206e-03 
-6.707713869104e-03 -4.472680488235e-01  1.838371046401e-01 
-2.318439725530e-02 -6.527526138079e-03 -7.634425476111e-03 
 4.358144519112e-01 -1.856757251480e-01  1.442505277594e-02 
 3.055465978201e-02  1.742119166846e-02 -1.244731706865e-01 
 3.629923034791e-02  1.960282837392e-03 -2.843997708437e-03 
-1.811486750575e-04 -6.207045629651e-02  4.020814137187e-02 
 1.023472885935e-02  4.835534074662e-03 -2.837404863585e-03 
-9.643242608836e-03  2.421962369997e-01  3.083264908811e-01 
-1.153865680741e-01  4.211752585010e-01  5.557212631726e-01 
-5.192703162698e-02  1.841400522870e-01  1.734832300536e-01 
-8.870060500681e-03  6.245937378107e-03 -1.148241634548e-02 
-2.487302152402e-03 -6.279346992990e-03 -1.255990706915e-03 
-1.216488781395e-01 -1.066412350237e-01  2.680256879329e-02 
-1.323681485503e-01  3.732387510854e-01 -7.796946664652e-03 
-5.397287412283e-02  1.368541927317e-01 -7.932101530197e-03 
-7.285591127693e-03  1.370962826487e-02  2.656130752993e-03 
 3.037728920736e-05 -1.084252249584e-01 -9.905055408579e-02 
-7.846939479175e-03  1.189404985416e-02  1.306547240734e-02 
-1.219453419823e-01  2.610611678473e-02  4.357341356390e-04 
-2.856467831622e-03  4.247201609052e-04 -5.809889192808e-02 
 9.826227113990e-02 -1.006066421042e-03 -6.945133220604e-03 
 1.077703360770e-02 -1.635826997593e-01 -8.737879442722e-02 
 1.309625675787e-03  1.676764362463e-02  1.362964821959e-02 
-2.064017483016e-02  1.839941895543e-01  7.536146721472e-01 
-2.787565840108e-02 -5.265553079208e-02 -6.538718104728e-02 
-3.849833229433e-02 -1.358436794512e-02 -9.699816893746e-02 
-1.924130344389e-03  6.276227313687e-03  1.323618872158e-02 
 1.069154638953e-02  9.268965549212e-03 -3.575870284924e-02 
 2.483286367263e-01  9.156137255323e-01  5.445340306601e-02 
-1.727091283333e-01 -7.549578209097e-02  7.931251690612e-02 
-1.425731928234e-01 -6.610735540728e-02 -5.956547454068e-03 
-2.711049906041e-04  7.838170329677e-03 -3.527922322045e-03 
 3.041790149575e-03  5.901642370333e-03 -4.515355981911e-01 
 1.858429962394e-04  1.899893610064e-03 -1.035418107275e-02 
-3.623804208032e-01 -7.936006553630e-01  9.216841403866e-03 
-2.325186896739e-03 -1.862541740243e-03 -2.618677639150e-01 
-4.969793786364e-01  8.902186601842e-03 -4.110693317722e-03 
-1.156290005306e-03 -1.113175409149e-01 -4.388421536026e-01 
 8.756143993022e-04 -2.613998148072e-03 -6.219574850953e-03 
-3.023318913665e-02  1.842934628513e-01  1.181919544914e+00 
-2.168774872339e-01  3.965835609430e-02 -3.116180138841e-01 
-3.965309201662e-01  4.738718762817e-04 -4.946017438726e-01 
 5.108795748294e-03 -1.793244987768e-02  4.278026302602e-03 
-8.316194401363e-03 -2.787981611958e-03  1.482369497283e-02 
-1.075832556804e-01 -3.938906284894e-01  4.508881508441e-03 
 1.497576585189e-01 -4.438088453813e-02  2.556433595519e-02 
 1.334000698692e-01 -1.384624545242e-02  1.160787520334e-02 
 3.952748132173e-03 -9.372717991323e-03  5.700994435263e-03 
-2.093078716675e-03 -2.207655827445e-01 -1.492946846470e+00 
-5.213479462018e-03 -3.009045157155e-03 -1.340780268500e-03 
 2.942553107347e-01  5.968583044240e-01 -1.882751086261e-03 
-4.718880281320e-04 -1.632072468790e-03  1.743322140853e-01 
 1.018376016705e-01 -1.232927518350e-03  1.054028594037e-02 
 7.557589664629e-03  1.971796695716e-02 -7.326806539337e-01 
-3.443059232281e-03  4.134933075883e-03 -1.035097944810e-02 
 7.202667079341e-03  2.152793658481e-02 -6.727998261956e-02 
 1.885684856964e-01  1.797141997630e-01  1.351225412477e-02 
 3.292165427394e-01  2.495462463492e-01 -1.357891148010e-01 
 3.643101161583e-03 -1.151009852731e-02 -6.103485896855e-04 
-1.454490519772e-02 -1.348329746571e-02 -9.679307246996e-03 
 3.852833599174e-02  3.119125407104e-01  2.792578853299e-01 
 2.611320764817e-01  9.912696206335e-02  3.946609472078e-01 
 3.862776210894e-01  1.404057365057e-01  1.157300423982e-02 
-5.268007480521e-03 -9.228064210327e-03 -1.380988866476e-03 
 9.815293242940e-03 -5.308172362548e-02  5.951865777002e-01 
-2.796959818231e-05 -9.472206720047e-04  9.454597225135e-03 
 7.736616112156e-02  1.079903516664e+00  2.777580257773e-03 
 2.753873277687e-03  3.524281331434e-04 -5.649382243157e-02 
-1.467167184604e+00  1.615140190475e-02  1.151731051761e-02 
 4.477357707409e-03  8.203472105490e-02 -7.403145791225e-01 
 2.405897752891e-03  6.164987312018e-03 -5.658415478671e-03 
-8.306668552974e-03  5.822093251701e-02  4.309077299381e-01 
 3.667107681295e-01  1.760962901776e-01 -2.203925604749e-01 
 7.799143614365e-01  4.282057849787e-01 -3.859630663506e-01 
 2.239010816327e-03  3.565730102639e-03  1.599641102919e-03 
 7.025248697337e-03 -2.257479929351e-03  7.721756976950e-03 
-3.550171300795e-02 -2.617269099177e-01 -1.521221705043e-01 
-9.851327894116e-02 -9.490503544321e-02 -1.672912543910e-01 
-1.013522247671e-01 -9.643742939885e-02 -4.923994948662e-03 
-4.313388154123e-03  1.453775971799e-04 -7.289183832592e-03 
-3.231781908501e-03  1.215962088463e-01  9.983944134083e-01 
 6.332005414640e-03  3.746429473329e-03 -4.977880654920e-03 
-5.809761660984e-02  1.790835986495e-02  1.460183558253e-03 
 4.224499197100e-03  1.006878529871e-02  2.749802260449e-02 
 6.664155992251e-01 -2.568766725486e-03 -4.332744985213e-03 
-8.985145503251e-03 -1.747013888583e-01 -1.808316633249e+00 
 8.119084427202e-03 -1.525140470128e-04 -1.319394894267e-03 
 3.001007961413e-02  1.684576733744e-01 -6.571023070509e-02 
 4.171650068370e-01  5.210118131030e-02  1.805765001441e-01 
-9.044460353043e-01 -3.715717574022e-01  1.761705711967e-01 
 4.190182740431e-02 -8.662716303783e-02  2.016067426790e-02 
-9.572635970656e-02 -1.185043474200e-02 -9.665738414855e-03 
-1.659758822190e-01  2.764150410001e-01  3.456657950437e-02 
-3.148695950272e-03  1.893215786306e-01 -2.336464527197e-01 
-1.283980934329e-01 -1.185771920082e-01  7.860738415120e-02 
 6.550289127255e-02 -2.442922790831e-02  5.567265397289e-02 
-5.580496103662e-03 -5.760024753457e-01  5.248899380543e-01 
-2.231494504057e-02 -1.091454867717e-02  7.762275252528e-03 
 1.186983649755e+00 -1.893469787608e+00 -6.990898213721e-02 
-3.490636465491e-02 -9.612603376799e-02  7.863065695860e-01 
-3.984961852973e-01  4.311811331017e-02  4.862916933318e-02 
 7.889610940960e-02  6.768495331440e-01 -3.152012209918e-01 
 1.585324691611e-02  1.127082193966e-02 -1.313273925071e-02 
-3.987100157717e-02  2.792141245506e-02  2.805606694973e-01 
 1.218872161153e-01 -1.361818273560e-01  3.776180643817e-01 
-4.262956430087e-01  2.700481780401e-01 -1.102061263275e+00 
-1.352215618482e-01  4.530565960245e-02  8.532899515569e-02 
-3.132917159526e-03 -1.330065249511e-01 -4.346041490882e-02 
-1.534646301031e-01  2.914141055696e-01  8.225229396215e-02 
-1.127662775656e-01  5.194941802231e-02 -4.116812805052e-02 
 3.798195813942e-02 -2.725841633162e-01 -1.181444536120e-02 
-2.022267801320e-02  2.378900743473e-02  4.874577615836e-03 
 6.365469475839e-03 -1.447325851892e+00  9.783623116078e-01 
 6.669769531666e-02  2.817646859523e-02 -1.291354816427e-02 
-4.017076948794e-01  4.910295651497e-01  1.079963374924e-02 
 9.447070357345e-03 -1.182680200026e-02 -1.580920507300e-01 
 2.382150231932e-01  3.038538544114e-03 -2.060710743893e-02 
 2.916408107874e-02 -8.994296940450e-01  4.769558195333e-01 
-6.942179400325e-02 -2.485408757879e-02 -2.044380558144e-02 
-4.242982688960e-02 -1.437525788761e-01  1.750655109649e-01 
-4.752768997200e-01  1.048301403964e+00  1.914017319988e-01 
 8.439490521014e-01 -1.062417587883e+00 -2.805258920405e-01 
-5.987665138663e-02  3.957153565824e-02 -8.587525046034e-04 
 7.971384105353e-02 -1.790871657025e-02 -1.640802586739e-02 
-9.981170860947e-02  3.399053777556e-01 -1.955123863617e-01 
 1.992622353719e-01  2.538652914873e-01  1.980214631143e-01 
-5.524389826647e-02 -2.434465673874e-01  5.833149823630e-02 
 5.034931097286e-02 -1.855269586452e-02  3.625491981447e-03 
-1.920333365997e-02  9.599946670994e-02  1.241355771347e-01 
 1.653263505402e-02  6.037079188286e-02 -4.176876689541e-02 
 8.264218541760e-01 -9.183817407476e-01 -1.561483944877e-02 
-8.468166415210e-02 -8.390286339487e-03  1.533366611583e-01 
-2.936027233008e-01  2.350428587263e-02  6.058239132574e-02 
 2.251407494450e-02 -8.481388009545e-01  6.803716280144e-01 
-4.894191156671e-02 -2.517356106087e-03  4.743675476648e-02 
-3.336899088701e-02 -6.726900608461e-02  2.672934939194e-01 
 3.335967126569e-01 -8.139325477950e-01 -3.795232279588e-01 
 5.378335999909e-02  1.237957522290e+00  2.796764378622e-01 
-5.241703302159e-02  5.023846628167e-02 -6.475091807421e-02 
 1.268186005410e-01  2.438796036998e-02 -1.058576447018e-02 
-1.537143059563e-01  1.164930651487e-01  2.757663661063e-02 
 3.980627189715e-02  1.913767235116e-01  3.262469397754e-03 
 6.116875879975e-02 -5.698884941232e-02  6.866722354483e-02 
 1.847897542054e-02 -5.034848849194e-02  6.772698059420e-03 
-1.897504484658e-02  4.507886279032e-01 -3.400627072034e-01 
-1.577735176407e-03  1.357309653379e-02 -6.683886215143e-02 
 8.840124253849e-01 -5.568490996300e-01 -4.401627506929e-02 
-7.579082961347e-02  5.448498883091e-02  4.584535816053e-01 
-6.995980258746e-01  2.125101276790e-02  6.044928234678e-02 
-2.653423487276e-02 -1.077812655666e+00  7.529475526363e-01 
-9.394664092553e-03 -5.380668889628e-02  4.787252541836e-02 
-6.387297652580e-02 -2.448146259466e-01 -1.056987166935e-01 
-3.349134357247e-01  3.794691832222e-02 -1.206535806310e+00 
 2.921444541810e-01 -2.876246993639e-01  1.960797614136e+00 
-8.747474967455e-02 -9.492202934184e-03 -1.416808193030e-02 
-7.549527878935e-02 -1.433554173709e-01  4.405392289082e-02 
 1.832769469111e-01 -3.514524236455e-01  2.790296912836e-01 
-9.741995478376e-02  4.338302250367e-02 -1.697516754405e-01 
 2.288586549978e-01  4.084108093224e-01 -5.312749925699e-02 
 1.637145008293e-02  1.747077267651e-02  3.340433825038e-03 
-4.205654059298e-02 -8.009527065160e-01  1.274276595450e+00 
 1.320642899128e-01  2.927580465788e-02  4.916799936560e-02 
 4.846392681900e-01 -9.302975995423e-01  4.274516034333e-02 
-8.598150632892e-03 -4.557543128694e-02 -5.760189925515e-01 
 4.078819950977e-01 -9.062235938979e-02 -5.477035274813e-02 
-3.379304721020e-02 -2.829722636707e-02  5.103057205614e-01 
-6.868187063404e-02 -3.332815881158e-02  3.873917462651e-02 
 1.121675696995e-01  5.333427915113e-01 -9.064265992563e-01 
-8.726489121203e-01 -2.794309690693e-01 -8.856842889569e-02 
 1.700215902757e+00  5.993260664085e-01  1.226401073885e-01 
-2.494728713552e-02 -2.592185378694e-02 -1.644260613296e-02 
-1.659839109941e-01 -5.966900020433e-02  2.244181596636e-02 
 2.506554044574e-02 -9.199945318270e-02 -2.293102708938e-01 
-2.562593175376e-01  9.713705887280e-02 -1.990740979035e-01 
-3.913458278346e-03 -2.010681873656e-01  8.014125473286e-02 
-2.504070706997e-02 -6.328795082075e-02  2.720743197553e-03 
 8.694687686274e-02 -3.500359388177e-01  1.422337981311e+00 
 1.639498197814e-01  3.635553920768e-02  1.008994336764e-01 
-4.951377952433e-01  4.931589036304e-01 -8.378131292863e-02 
 6.663836953008e-02  6.169251093391e-02  1.410433306684e+00 
-1.281551123143e+00  1.636470267472e-01  4.005821776172e-02 
-4.524933299453e-02  1.646253100630e-01 -7.669225494979e-01 
 5.175263551807e-02  3.671312586637e-02 -5.923517666305e-02 
 8.452164933120e-02  4.457483743275e-01 -8.762777812684e-01 
 6.769386418194e-01  6.047129181277e-01 -4.433246235244e-01 
-1.449171657674e+00 -1.157397259135e+00  9.633108694565e-01 
-8.501986215067e-02  2.000824960241e-01 -1.262046692736e-01 
 9.793208274215e-02  4.467663019069e-02  5.240723181379e-02 
 1.962574410194e-01 -4.209589899426e-01  3.004519554896e-02 
-4.689907404210e-01 -1.911555242027e-01 -2.445187939398e-01 
 3.730676071983e-01  2.084414113379e-01  1.479319253924e-02 
-4.416195924464e-02 -3.656937099005e-02  1.161693727723e-02 
 8.341709101137e-02  9.637017590384e-02 -8.390898985232e-01 
-8.744176647264e-02 -3.075924342687e-02  7.958643705142e-03 
-7.419752188677e-01  5.717466446715e-01 -5.032209672856e-02 
 1.011563225705e-01  1.185312020186e-01  8.314650166359e-01 
-6.656614216262e-01  1.029692608284e-01 -2.024581033600e-02 
 6.318453333675e-03 -3.583574054589e-01  1.768148879347e+00 
-1.107548301354e-01 -1.252053942609e-01  1.651229363762e-01 
 1.905167137299e-01  8.745108447679e-01 -1.504929859622e+00 
 2.337199434100e-01 -7.451535656413e-02 -3.781145958299e-01 
-6.114348109233e-01 -8.722081172314e-02  7.675953464038e-01 
-4.677776965302e-02 -1.020864086611e-01  6.317456377398e-03 
 1.020444067122e-01 -7.568986031059e-02  4.571263047308e-02 
 2.715670926750e-01 -3.034516510711e-02 -9.979442424251e-01 
 7.009189662424e-01 -1.770403752058e-02  1.326510862027e+00 
-8.792920646026e-01  4.048856223750e-02  1.694101304082e-02 
 6.431566835039e-03 -2.054971797056e-02  1.639169593525e-02 
 3.471884671311e-02 -2.460512283512e-01  3.266518120447e-01 
 2.982819930756e-02  1.658306809160e-02  5.599660898461e-03 
-3.343223880171e-01  1.110127667284e-01  7.078220460494e-03 
-1.367646248581e-02 -5.363899323326e-02 -6.479387761998e-02 
-2.381629192304e-01  1.101109393886e-01  7.686696927630e-02 
 3.078148467215e-02  4.744039705615e-02  7.435887698384e-01 
-1.120801786908e-01 -3.973189393524e-03  4.704264946755e-02 
 5.028701365847e-01  2.325817736992e+00 -3.425123017907e+00 
-7.672216570156e-02  7.625249058664e-02  9.620981949347e-02 
 3.349727317416e-01 -1.489905078154e-01  1.791162867991e-01 
-5.334200200509e-02  2.260050080480e-02  7.314215372602e-02 
-3.414093300210e-02  7.478228735114e-02 -6.497269678572e-03 
 1.794837449569e-03 -1.609253881514e-01  5.805918059209e-01 
 6.565699843101e-01 -3.478747617923e-01 -1.179925514474e+00 
-1.207973272952e+00  1.179916858105e-01 -2.242484095005e-02 
 1.063940526533e-02  2.900965582948e-02 -7.138849727043e-03 
-2.895006716297e-02  5.769454435929e-02  7.877650958208e-01 
 9.645995844131e-02  5.350546827897e-02  4.089354170261e-02 
-3.848952160058e-02 -5.840783254152e-01 -1.254642932756e-01 
-7.953346173414e-02 -3.353364491114e-02  2.359589356931e-01 
 6.599245402353e-01 -1.823919467958e-01 -1.320054594830e-01 
-3.970063097829e-02 -1.247452689199e-01  6.852238408066e-01 
-1.691643319940e-02 -9.559695102388e-02  8.063128043895e-02 
-3.749473634940e-01 -1.750508650242e+00  2.481832321597e+00 
 1.454939104782e-01  9.179043765488e-02 -2.672218499632e-01 
-4.118909227270e-01 -1.704789351639e-01  1.307318627660e-02 
-6.176698909894e-02  1.454277421044e-02 -7.312732953819e-02 
-8.859836017905e-02  1.119051753387e-01  2.552767657293e-02 
 1.441719135756e-01 -2.836067445904e-01  1.682051822837e-01 
 5.522914183035e-01  7.348608626464e-01 -8.369778509250e-01 
-1.351861569053e+00 -1.115526738913e+00 -2.611032388271e-02 
-3.111823366711e-02 -7.039371050443e-03  1.485893066369e-02 
 4.492783734621e-02 -5.466385105866e-02 -5.930788853274e-01 
-1.120216503083e-01  3.237395821808e-02  9.375897439657e-03 
-7.576766453836e-01 -2.411274197921e-01 -2.071248495748e-01 
-1.207553466317e-01 -7.854986930334e-02  5.180193792031e-01 
 4.498404415752e-01 -5.400506897559e-02 -2.026389223720e-01 
-7.764591744503e-02 -2.030829768966e-03 -3.085643309921e-01 
 2.499351568478e-02 -3.077824707723e-02 -6.738621085035e-02 
-4.191107132257e-01 -1.791724929084e+00  2.945191714253e+00 
-4.835120776725e-02 -2.025687849973e-02 -8.488468379781e-03 
 1.256977966609e-01  1.332683041962e-01  1.827564064725e-01 
-1.255915083039e-01 -1.042467572830e-01 -7.942276082560e-02 
-5.445259123146e-02 -6.342677117753e-04 -1.289560693967e-01 
-6.824558039708e-01  8.510623737080e-01  3.287486449224e-02 
 3.751409668714e-01 -1.064143000498e+00 -1.645080452136e-01 
-5.991402148628e-01  1.571485389209e+00  5.051930325643e-02 
 2.537524062736e-02  2.252815740618e-02  2.830715832100e-02 
 5.136256106355e-02 -1.447009304208e-01 -1.406833429886e-01 
-7.109908169028e-02  8.201907110051e-02 -2.269817410330e-03 
 6.660412316246e-02 -5.206180715086e-01 -2.109666706961e-02 
 4.520796706696e-02 -1.082216807547e-01  5.098328860117e-01 
-6.756696271479e-01  8.617145140891e-02  1.064625057923e-02 
 2.069040068612e-03 -2.585111433483e-01 -3.013156384935e-01 
 5.776785557033e-02  6.878259011006e-02 -1.047325343111e-02 
 1.071797327729e-01  4.244951603531e-01 -8.053539494044e-01 
 1.820129324815e-02 -1.448493076518e-04 -1.352970189643e-01 
 5.670067828368e-02 -7.069174772594e-03  2.347502934425e-01 
-3.380671580923e-01 -9.695300619715e-02  2.612961662503e-01 
-1.228685179860e-01  4.010915176892e-01 -1.518231385028e-01 
-7.173069549874e-01  1.010542303210e+00 -1.183313923942e-01 
-2.083976222199e-01  1.070142478704e-01  4.229141278040e-01 
 4.701817996615e-01 -2.368677509928e-02 -1.188284452734e-02 
 4.064689439705e-02  4.159991731559e-02  2.522006212668e-02 
 7.287575927516e-03  1.788293237954e-01  2.091768951902e-02 
-8.067769842280e-02  2.870135963915e-01  5.412430713531e-02 
-1.904435348222e-02  2.290229741272e-01  8.099548624393e-02 
 3.969362269335e-02 -8.577638793674e-02 -2.572783590671e-01 
-2.845570410929e-01  9.815467743871e-02  6.441929616401e-02 
 8.502572935184e-02  3.413188127938e-02  1.897277012623e-01 
 4.706939257539e-02 -2.776765406234e-01 -1.587043998116e-01 
-4.554790003002e-02 -1.268182902317e-01  4.314104941320e-01 
 1.505088254203e-02 -8.687415027760e-02  2.838061486250e-01 
-8.874585639210e-02  1.491368391154e-01 -5.591192329077e-01 
-2.377973280553e-01 -2.223533883645e-02 -3.998529749882e-01 
-2.022215187754e-01  8.595327950492e-02  4.152693312133e-01 
 1.945890962807e+00 -2.686388440669e+00 -1.416583587669e-01 
 8.125299829349e-03 -8.304300597639e-02  2.014246443531e-01 
 1.310317436574e-01 -2.663014272878e-02 -3.621990832429e-02 
-1.856169272535e-02 -6.114059940910e-02  1.637203122169e-02 
-8.535768326181e-02 -2.137294019645e-01 -3.841232590893e-02 
-9.852149464597e-02  1.466487398699e-01  1.999520203604e-01 
 3.321447375447e-01  2.526359622090e-01  7.431796971020e-02 
 7.012155521141e-02  1.958422762121e-01 -1.223123020649e-01 
 5.946330016451e-01 -2.276254380966e-01  4.438264479512e-02 
 5.742888761365e-02 -3.738107445192e-02 -2.608970268187e-01 
 1.011684208101e-01 -3.467311396295e-02  5.325595276479e-02 
 5.232852695727e-02  2.072518215086e-01 -3.521330500556e-01 
 4.062545953088e-02 -1.789658531484e-02  4.542174406311e-02 
 2.096641856720e-01 -3.953098559041e-02 -2.224624755055e-02 
-1.350125116742e-01 -5.994551890192e-01  3.176542266340e-03 
 3.300950788470e-01 -5.539224997328e-02  1.913301686514e-01 
 8.520850723612e-01 -1.400915802231e+00  2.787948839515e-01 
-2.232887671905e-01  1.216629281196e-01 -7.492117846355e-01 
 1.282769348733e-01 -1.848506563434e-01 -3.088740061959e-02 
 8.282839183646e-02  5.579368953029e-03 -6.698818841935e-02 
 5.866189469846e-02  2.829070405988e-01 -1.329536921863e-01 
-1.523668994076e-02  1.821819300585e-01 -1.147735729552e-01 
-2.747245376173e-01  3.709790326654e-01  1.051924185457e-01 
 1.391904855359e-01 -1.596377490944e-01  5.131420342996e-01 
 1.095487471039e-01 -9.293569584813e-02 -4.360821447725e-02 
-1.349689789848e-02 -5.068849059497e-02  1.113772378257e-02 
-1.700475306220e-01  1.916378751134e-01 -1.276676303775e-02 
-6.790832630252e-02 -2.768554485155e-01  5.220743150020e-01 
-1.266904493059e-01 -9.818597027488e-02 -8.858316338809e-03 
 4.736342625012e-01  5.111273008898e-01 -2.399529439338e-01 
 1.969462748155e-01  8.679309264017e-02  2.190538138949e-01 
-6.115315226297e-02  1.180946273952e-01  2.965056111682e-01 
 1.305925118352e+00 -2.004323000975e+00 -1.482692299766e-01 
-5.940564780106e-02 -1.028942421205e-01  3.015809992531e-01 
 2.799262280658e-01  2.122494016455e-01 -1.187892429245e-02 
 7.002147491788e-02  1.787752213895e-01  1.688022885213e-01 
 1.098572371259e-01  5.864921067778e-02  6.371447218726e-03 
 9.551824732443e-02 -4.333139805005e-02 -1.068908417662e-01 
 2.255339783271e-01  6.229147630895e-01 -2.247391719981e-01 
 4.029765194657e-01 -2.339142109822e-01  3.010198563283e-02 
 4.441177995322e-02 -7.987396628215e-02 -2.183942136480e-01 
 3.894610933898e-01 -5.044751339031e-01 -1.136764544187e-01 
 1.312237235483e-01 -1.350262291431e-02  8.640039967103e-02 
 1.671307352829e-01  6.858255803435e-01 -1.063902812303e+00 
-5.792205754778e-02 -7.066681715865e-02  1.118265749554e-01 
 4.509151133357e-02 -3.007786521634e-02 -4.407850028596e-01 
-9.627271143090e-02 -2.959357472972e-02 -3.704107805957e-01 
 1.091074177636e-02 -3.727155240137e-02 -2.070150627535e-01 
-8.475088622629e-01  1.504528435731e+00 -4.216163017005e-02 
-7.070097592092e-02  7.899859272652e-02  1.243199566554e-01 
 4.683391553302e-01 -4.952081791566e-01 -2.288266033822e-01 
 9.781988680791e-02 -2.074126439715e-01  1.076827065412e-01 
 8.669655517658e-02 -4.585357938058e-02  1.305011032746e-01 
 4.687427590051e-02  1.240367646118e-01 -9.049370065982e-02 
 1.632415000436e-01 -8.995677781617e-02  9.381974458411e-02 
-2.340485175867e-01 -6.803321748722e-02 -4.524877659535e-01 
 5.488361340220e-02  3.683514008937e-01 -4.973423346978e-01 
 2.568631064070e-01  1.972453543376e-01 -1.216237346021e-01 
 1.530227607645e-01  8.554656490333e-02  1.724910052401e-01 
 1.413911158033e-02  1.229786346551e-01  7.116788795775e-02 
 3.803937694672e-02  5.725664886480e-03  1.995401597759e-01 
-1.522277605668e-02  8.603909418325e-04 -3.108018430891e-01 
 8.360439750949e-02 -1.374440927951e-01 -9.025384586295e-02 
 4.262900678202e-02  1.179732739754e-01 -2.151595618255e-02 
-2.901085977475e-02  3.478475654180e-01 -2.571547448207e-01 
-2.910410918347e-01 -1.308165018164e-01  9.538766626103e-01 
 8.821605872122e-01  4.876283260530e-01  6.735426075446e-02 
-3.659257711641e-02  6.329442038417e-03 -8.832321376547e-02 
 8.257722837037e-02 -1.823695863647e-01  4.049414626099e-02 
-6.303967420222e-02  3.183722655459e-02  1.866508814844e-01 
 8.543616953010e-01 -2.880593147064e-01 -6.239396522353e-01 
 1.339937254722e-01 -9.111554729454e-03 -1.054270337295e+00 
 2.324394986042e-01  1.802697012548e-01 -2.793997072167e-01 
-4.674748192614e-01 -2.127854000384e-01  5.099736446711e-02 
-1.540665543949e-01 -1.261860702940e-02 -1.314412226117e-01 
-1.157473276758e-01 -4.208912673700e-01  9.168156292615e-01 
 8.109546587004e-02  1.567563869418e-02  1.217134498344e-01 
-5.234917169583e-02  3.657376352173e-01 -8.200596185299e-01 
 4.433129014877e-01 -2.569390152245e-01 -3.586921522696e-02 
-2.037812819911e-01  2.458034722076e-01  3.239165216409e-02 
 1.589131462560e-01 -1.153087626117e-01 -2.247422668640e-02 
-2.059131495300e-02  7.958212494041e-02 -1.573449059151e-01 
-8.170852582530e-02  1.086510873881e-02 -5.903740051062e-02 
 1.061158658610e-01 -1.600095242988e-02 -1.499321214098e-01 
 1.276537114181e-02 -4.498141588729e-01  6.961053256275e-02 
 7.843168401203e-02 -3.421786132939e-02  1.219665859823e-01 
-9.101019991481e-02  2.697083369479e-01  3.332151279454e-01 
 1.283249893539e-02 -4.378077317156e-01  2.765610550963e-01 
-1.240149472569e-01  8.830498615870e-02  7.388313618562e-02 
-3.537094033886e-01 -1.172471402416e+00  3.630919912030e-01 
 2.227961916113e-01 -1.329232490126e-01  2.826264645804e-01 
 2.835019717185e-03  2.475168477976e-02  3.600362397775e-02 
-1.427571409860e-01 -1.003789278647e-01  8.166531000965e-02 
 9.840650749874e-01  5.990333842048e-01 -4.223842063727e-01 
 7.545497820430e-02 -1.235047269586e-01  4.873066572991e-02 
-2.133879437921e-01 -6.021960849793e-02  8.211501128007e-03 
 8.776838927549e-03 -1.236028986513e-01  5.499511202278e-02 
 8.133602934548e-02 -3.062611239308e-02 -2.688800534109e-01 
 3.777600072083e-02 -8.835715764393e-02 -8.304610054494e-02 
 1.185082636039e-01 -5.365638066934e-02  3.168698324749e-02 
 3.273749133998e-02  6.625191533124e-01 -8.915380004661e-02 
-2.221961105471e-01 -3.736021924407e-01  4.798996955440e-01 
 1.704369585966e-01  1.097654822132e-01  2.140734210785e-01 
-8.229392885257e-03 -3.390532430400e-03  2.522486258385e-01 
-1.777038313567e-01  6.427893996081e-02 -2.054207508458e-01 
 2.273132455590e-01 -8.602159058089e-01  4.289798572685e-02 
-4.994408821003e-01 -6.260288688245e-02 -2.768102324351e-01 
-1.208454145191e-01 -5.208897396737e-01  6.638396519556e-01 
 1.643185603596e-02  3.906340382298e-02 -8.360953303174e-02 
-2.053333466844e-01 -1.875156026800e-01 -4.045099007190e-01 
 2.417243672267e-01 -2.919651800908e-01 -1.910885367131e-01 
 2.024752633002e-01  4.375214101231e-01 -3.611164904476e-01 
-1.546330988260e+00  2.274271221050e+00  9.787012359439e-02 
 4.576645255848e-02  1.510812260702e-01  1.671238689020e-01 
-2.375584921241e-01 -6.351457407052e-01 -3.661908385688e-02 
-1.156864441742e-01 -1.545586519890e-01  1.815961594612e-01 
-1.005226655780e-01 -8.656360919464e-01  4.123495559898e-01 
 7.928452660028e-02 -4.311089304120e-02  2.545620915667e-01 
-5.176460911997e-01 -1.158028738174e-02 -2.692255380040e-01 
 7.853946149938e-02  2.053648691259e-01 -4.298334392575e-01 
 8.638536119869e-02 -1.782270118374e-01  2.637636468424e-01 
 3.446945573005e-01 -3.306522478201e-01  1.288837879874e-01 
-8.980790722910e-02  1.387354404019e-01  1.585702329274e-01 
 2.559179184712e-01  1.026740736474e+00 -1.533638117670e+00 
-1.362099230820e-01 -1.184413465834e-01  3.206205094140e-02 
 6.605424410956e-01  2.476020526200e-01 -5.883306360381e-01 
-1.456495314578e-01 -6.158434694234e-02 -1.142787678655e-01 
-6.206429864551e-01 -3.498932779707e-01 -2.853185453421e-01 
-1.206860185002e+00  1.767652673483e+00  3.490962271866e-02 
-1.920810567233e-02  2.941342452192e-01  2.969572499429e-01 
-4.001570916574e-02 -5.492566238065e-01 -4.704114163964e-02 
-4.778574078682e-02 -1.301866092343e-02  1.750536244075e-01 
-3.841915119766e-02  1.093826370016e+00 -5.035238256952e-01 
-1.975832578318e-01  1.000987006629e-01 -1.558422435001e-01 
-2.826099880456e-01  4.718957804057e-01 -2.029055497946e-01 
 3.250011345003e-01 -3.023813126617e-01 -4.668686053709e-01 
 4.837234852727e-02 -9.657382710030e-02  2.718517668755e-01 
-8.104493152838e-02 -5.558762100315e-01  2.134722738953e-01 
-4.175366307931e-02  2.246743503039e-01  2.706937559739e-01 
 5.354629198582e-04 -7.317737739665e-03 -2.312351394379e-02 
 1.160091655285e-01 -2.009601586387e-01 -9.394878533013e-02 
 5.077855213937e-03 -2.054885744503e-01 -1.458958473786e-01 
 2.422617520662e-01  4.489354000644e-01  3.495278511183e-01 
 1.288783259737e-02  6.551081025665e-02  4.196179742969e-02 
 1.730849935542e-01 -1.991317798846e-01  4.291489925599e-02 
 2.513192725451e-03  2.465703843983e-02 -1.671586531446e-01 
 2.790880851261e-02 -8.115085570987e-02  4.146111603931e-02 
 4.498987961851e-02  1.753308708128e-01 -1.025343859949e-01 
 2.696722484531e-02 -1.049915571119e-01  7.053967773665e-02 
-2.458149573707e-01  6.442343332257e-01  4.227955750679e-01 
 6.785447045708e-02 -7.202902625400e-02  8.190554125795e-02 
-1.022120575725e-01  4.408989540313e-02  1.482256512323e-01 
 4.842089186367e-03  6.581038560811e-02 -5.197747947405e-02 
 3.586096972975e-02  1.166228040417e-01 -8.427756159976e-02 
-2.136039708192e-01  5.921592698004e-01  2.722818538200e-01 
 1.037165481519e-01  4.065414597255e-01 -5.476630877421e-01 
 2.789860042111e-01  1.076530580678e-01 -6.861043158676e-02 
-2.637419924719e-01  1.590216821281e-02 -1.977719188781e-01 
-3.661117484059e-01  3.022876169463e-01 -1.471868336908e-01 
 1.293673882175e-01  2.130154721559e-01 -1.724014243617e-01 
-8.103816626864e-01  6.859342736859e-01  2.841007807982e-02 
 2.822476538907e-01  2.740829493192e-01  1.649585844303e-01 
-2.031946321138e-01 -2.391193063384e-01 -6.456921401245e-02 
 5.034396885977e-01 -5.293120628625e-02 -2.163393455277e-01 
 1.141821416387e-01 -1.394774355195e-01  1.128459890248e-01 
 1.815698662369e-01 -2.990282267916e-01  1.727871504629e-01 
-5.349205776563e-04  2.673249511013e-01  6.865377694618e-02 
 5.234867149221e-01 -4.089220331316e-02 -2.137364604293e-01 
 1.393503889756e-01 -1.205267022761e-01  5.374549410778e-02 
-1.467442808208e-01  4.102403357826e-01 -3.793949698127e-01 
 5.336206032445e-02  3.297527264812e-01 -1.184435912307e-01 
 2.931877674508e-02  1.102565594727e-01 -1.631230092144e-01 
-1.591098461191e-02  3.846607793177e-02 -2.970993450529e-02 
 2.360623294261e-02  9.755298736678e-03 -5.614101361510e-02 
 5.097361865495e-01  4.384662912215e-02 -1.556875486691e-01 
 3.351359348142e-01 -6.242239481453e-01 -1.526931510856e-01 
-6.853850655716e-01  6.831246199381e-01  4.653962008564e-03 
 1.175270249427e-01  9.006570304395e-02  1.869098924446e-02 
-2.001920068902e-01 -1.885817950238e-01 -2.441443443407e-02 
 1.660268648519e-01 -1.997414181182e-01 -7.850152772657e-02 
 6.867694389845e-02  4.684823875336e-02 -2.755238172985e-02 
-2.372309280152e-01  5.441694801045e-01  2.461266879707e-01 
-1.891262044397e-01  1.234208632596e-01 -2.718238299720e-02 
 2.666216764350e-01  5.555169052101e-03 -9.791474932443e-02 
 8.001691682778e-02 -1.822278619280e-01  2.672152335903e-02 
 9.037203414171e-02  1.982382377386e-03 -2.914732639064e-02 
 2.657543030359e-01 -5.817471230084e-01 -2.923445827289e-01 
-1.855009968759e-01 -7.610790401613e-01  9.521320199420e-01 
-1.768759597126e-01 -9.400339514866e-02  5.174608976730e-03 
-3.886664590703e-01 -2.189508628740e-01  3.576589010422e-01 
-1.123460425630e-02 -2.305141448344e-01  4.039262827406e-01 
-1.999769927393e-01  1.703884813375e-02 -3.776102146232e-02 
-3.184952367031e-01 -4.458540727890e-01 -1.674650348921e-01 
 2.496574376231e-01  7.960414953627e-02  3.280969588815e-01 
 3.436402123836e-01  2.579394391845e-01  1.326087338101e-01 
 1.329534835772e-01 -8.723626872543e-02 -1.498111501886e-01 
-7.112568420855e-02 -6.087425680178e-02 -3.926365965431e-01 
-7.246532926423e-02  8.047408506208e-03 -2.624483393640e-01 
 3.171253677155e-01  7.431050020795e-02  1.787643281053e-01 
 3.605119330626e-01  7.441849865880e-01 -1.067305525015e-01 
 3.369037985325e-02 -5.665058532711e-02 -4.935041415017e-01 
-8.713280586526e-02 -2.889967920254e-02  4.241304327431e-01 
 3.408621286458e-02 -6.508593181974e-02  4.734822110635e-01 
 9.684065754526e-02  3.859874935290e-01 -4.237314336057e-01 
-2.357656722579e-01 -1.816543205345e-02 -9.714209981766e-02 
 2.696336256957e-02  1.348750354747e-01 -6.466099400699e-01 
-3.478095110935e-01 -3.008719349323e-01  1.579599993068e-01 
 3.045058753444e-01 -2.983768521763e-01 -6.588976214890e-02 
-2.122243297513e-01  7.791009804676e-01  1.542393913034e-01 
-4.261646118362e-02  1.317340464277e-01 -1.065509035566e-02 
 2.747797369523e-02 -6.353985189358e-01  9.167448460897e-02 
 8.469326922410e-02  4.174837646668e-01 -2.806428986353e-01 
 1.074524031117e-01  9.583329004267e-02 -2.423094505328e-01 
-2.778103153928e-01 -3.624790533022e-01  4.741075116953e-01 
-1.325211783200e-01  1.004900203691e-01 -2.131193478056e-01 
-1.970456549348e-01  8.884700399476e-02 -2.647418817264e-01 
 1.472851106665e-01  1.436797677643e-01  1.271361855313e-01 
 2.920993883574e-01  5.214098247391e-02 -1.900250394000e-01 
 5.368379007410e-01 -1.409199215982e-01  4.372237397344e-01 
-1.019599809869e-01 -4.309302340136e-01  4.252186149029e-01 
-2.536322354358e-01 -2.086588617799e-01  5.882306548436e-02 
-1.308319996010e-01 -6.255670607821e-02  3.457505719789e-01 
 8.622426148645e-02  6.843584104625e-02 -8.078158614143e-02 
-2.130040536589e-01  1.619565576189e-01  5.436798246887e-03 
 1.360451411203e-01  3.280491992499e-01 -1.747971567232e-01 
-3.356429806379e-01 -2.685797396212e-01  2.151085894779e-01 
-1.846287049819e-01 -9.608021092203e-03 -1.617371531156e-01 
 4.055155789996e-01 -2.359542762330e-01 -4.801953202132e-01 
 2.493656812530e-01 -2.317652661798e-01  1.987212444405e-03 
-5.691343632869e-02  5.122629910961e-02 -3.799173035256e-01 
-5.423996590965e-01 -1.694864842650e-01 -4.531060238459e-01 
-4.910577565780e-01 -1.379010353064e-03 -7.598668802512e-02 
 1.580768778031e-02 -2.641340949326e-01  3.351645441337e-01 
 3.644382772993e-01  1.621558256619e-01  2.315768178330e-01 
-3.212811740583e-01 -8.271721292752e-02  1.091889601017e-01 
 2.546389427948e-03 -1.577020651463e-01 -8.175121990534e-01 
 2.216252704142e-01 -6.103839230232e-02  3.421480149430e-01 
 6.553448678936e-03 -6.216815859863e-02 -1.416146484594e-01 
 1.196442204269e-01  1.023642473700e-02 -6.057932982154e-01 
-2.383607859357e-01 -9.746147190398e-02 -9.646502225847e-02 
-3.982225047168e-01  7.995463575394e-01  3.241356422951e-01 
 3.011092804058e-01  2.622392946160e-01 -1.086122566167e-01 
-6.833815016615e-02 -5.744187716582e-01  2.089441835654e-01 
 9.691618324402e-02  6.054896456020e-01 -1.650161463312e-01 
-4.345247808847e-02  3.933014880148e-01  8.244998291293e-02 
 4.678481408410e-01  2.797655214154e-01 -2.099076264280e-01 
-1.093138780927e-01  1.344007718826e-01  5.678882917045e-02 
 1.085101597624e-01  2.474657333249e-01 -2.722318342262e-01 
-6.570909884534e-03  3.599413891112e-01  2.003028158622e-02 
 1.951865986692e-01  1.973516533062e-01  1.607707170366e-01 
-4.346178646513e-01 -2.619661699926e-01 -1.271963402514e-01 
-1.029634820937e-01 -3.832200897611e-01  7.330066418807e-01 
-1.070493366929e-01 -1.637105410495e-02 -8.511758352599e-02 
 5.147828337002e-02  1.246825115989e-02  3.785451168383e-01 
 5.216066303304e-02  1.963691630756e-02  2.061860983655e-01 
 6.690225439370e-02 -8.324232073693e-03  3.262448693828e-01 
 1.395687425474e+00 -1.181379229732e+00  7.224661144127e-01 
 4.892845269488e-01  1.845803548038e-02 -3.114675236331e-01 
-2.432054642189e-01  3.754847077769e-01 -3.995288368134e-01 
 1.496746715748e-01 -1.923834940827e-01 -2.354815387649e-02 
-4.227226869544e-01 -8.610150678517e-02 -3.746862975888e-02 
-9.917355423020e-02  1.247383270741e-02 -5.102233787787e-02 
 1.112616081719e-01 -3.331931184715e-02 -3.151130764019e-01 
 2.637958521888e-01  1.465729106114e-01 -8.047639486251e-02 
-2.933828587586e-01  8.285030513230e-01  3.421316890568e-01 
-2.594609417184e-02 -2.531335222078e-02  4.121840398666e-02 
 1.768919505271e-02 -2.439707124087e-02 -3.459857850513e-03 
-1.647608915635e-01 -7.816054958254e-01  2.966419502421e-01 
-2.476410145187e-01 -2.628009885460e-01  4.000966011781e-01 
-1.717773513481e-01 -1.065468838742e-01  1.737298121393e-01 
-1.862985437891e-01  1.415480787936e-01  1.103805205880e-01 
 2.759035450486e-01 -1.045833493962e-01  4.753186576289e-02 
 1.943938399549e-01 -2.426208919186e-01  3.482367386981e-02 
-2.125913974885e-02 -8.126580472617e-04 -1.029177538599e-02 
-6.787971477877e-02  2.684842129613e-01 -3.368812446144e-01 
 4.016551158786e-01  2.480104333025e-01  7.008597487170e-01 
 4.400254417873e-01 -8.106288565307e-04 -2.980192108664e-02 
 7.810442013256e-02  2.810071927501e-02  8.434130244162e-02 
 8.322549290779e-02 -2.485141636917e-01  2.879236269097e-02 
-2.179464259367e-01  3.562089946967e-01  1.804247884474e-02 
-3.209677034444e-03 -8.636535918673e-02  3.659202707697e-01 
-6.119935849324e-01  9.460777134511e-01 -1.090411019981e-01 
-2.831033848685e-01 -3.475429123579e-01  4.031084431765e-01 
-1.931765827811e-01 -1.129018207523e+00 -3.656330296425e-01 
 1.220425825317e+00  2.507387753610e-01  5.048219597628e-01 
 2.014271978989e-01  1.368055252700e-01 -3.373905166669e-02 
-4.769845409862e-01 -1.537019181582e-01  5.779092591430e-01 
-4.811020953069e-01 -8.036346262180e-01  2.701622927994e-02 
 1.082980991788e-01 -1.791900864055e-01 -9.817595729017e-02 
-1.065047130806e-01 -8.687921396554e-02  2.141979983217e-02 
 3.478493578547e-02  1.167819250968e-01 -9.202334934260e-02 
-7.001833204242e-02 -1.821195042184e-01 -8.909493555709e-02 
-5.824546258876e-02  2.437598686831e+00 -4.350807935285e-01 
 1.359986196441e+00  2.554100151913e-01  6.145826585089e-01 
 1.138616994338e-01 -9.551668327060e-02 -1.219005873970e-01 
-3.163777755028e-02 -8.450606256240e-02  1.572909142129e-01 
-1.105831454584e-01 -9.438080806486e-02 -3.276192059887e-02 
 8.721505217750e-02 -8.437931491989e-03 -8.691071941995e-02 
 9.494012113040e-02 -4.443865881290e-02  2.176979604102e-01 
-1.317300672143e-01 -8.045226872893e-01 -6.160164672632e-01 
-1.024902100710e+00 -8.015728200386e-01  8.693641053592e-01 
 6.064631077627e-04  6.275237900375e-02 -1.594330205640e-01 
-5.826282010215e-01  6.877811702203e-01 -1.260767763436e-01 
 8.418641811405e-01  4.786980496444e-02 -1.815949807855e-02 
-8.988231188589e-02  2.678614232289e-02  2.261022705742e-02 
 6.377570376169e-02  5.638367941517e-02 -3.273696244118e-02 
-4.447449572708e-02 -3.354051850256e-02  1.214792371664e-01 
-2.326512535466e-01 -1.781120714780e-01 -1.753968499483e-01 
-1.511495239481e-01 -3.716440961863e-01  1.030586687991e-01 
-1.819741071713e-01 -1.284895278300e-01  1.108354694601e-01 
 1.122961360950e-01 -1.010127113739e-02  7.553491801405e-02 
 2.388328399885e-01 -3.832381951653e-01 -1.991471470478e-02 
 7.237357354116e-02  2.897927168703e-02 -1.013132702412e-01 
 1.116530324916e-01  2.530031103743e+00 -6.100622512743e-01 
-8.394427526905e-01 -7.296285672036e-01  9.108033323805e-01 
 8.260568927662e-03  1.759378970466e-02 -9.666925059263e-02 
-5.053231074860e-02 -2.355251675283e-02  1.663327111560e-02 
 3.153688383954e-02 -4.539806893606e-02 -9.349647467629e-02 
-8.939808308781e-03  8.156429225489e-04 -6.917261351357e-02 
 9.594947796528e-02 -5.093413914962e-02 -1.745671413606e-01 
-6.630521156626e-01  5.791772868377e-01 -7.599494085018e-01 
-6.629271305659e-01 -2.266868147134e-01 -5.357135669256e-01 
-5.510570541457e-01 -3.554846953025e-01  3.050359686980e-03 
 5.914069107981e-01  2.593612809497e-01  1.978192241255e-01 
-1.022660850954e+00 -1.394529157973e-02  2.927124901521e-02 
-3.590740917105e-02 -5.620039898049e-03  4.580845746926e-02 
-1.644997720750e+00  3.537556079143e-01 -4.404465544628e-01 
-6.668274103127e-01 -3.452527921916e-01  1.813860479450e+00 
-4.529067645601e-01 -5.165734446979e-01 -6.472863491258e-01 
-2.787942408047e-01  1.284506422522e-01 -8.581603819242e-02 
-1.460450262952e-02 -5.079619807825e-02  2.455633168797e-02 
 2.868876279628e-02  7.787528215524e-02 -2.954011691432e-01 
 6.567333652967e-02 -1.852186684375e-03 -3.863260231510e-02 
 1.987173960899e-03  8.149116268366e-03 -1.370192410381e-01 
-1.961069649239e-02 -5.653317204075e-02 -7.096364574919e-03 
-8.421668130799e-02 -4.325170770681e-02  2.706375939670e-02 
 4.658323629174e-01  1.987239510138e+00  7.718446478330e-01 
 1.412692990321e-01  1.156976200386e-03  1.677762194956e-01 
-7.464206752336e-03 -2.402839861516e-01  1.260082186509e+00 
 5.522976048356e-01 -6.074778550596e-01  4.531193684660e-01 
 1.029231494376e-01  1.557998511559e-01 -8.724436190998e-03 
 6.464443166819e-02  2.720832262030e-03  6.066352942895e-02 
-1.506546536899e+00  5.983842292156e-01 -1.772888016818e-01 
-7.306672402361e-01 -4.204728894555e-01 -3.045511550762e+00 
 1.146506602018e+00  1.181204893546e+00  4.500382861248e-01 
 9.561478533883e-02 -7.358035947021e-02  4.056473204775e-02 
 3.860316783188e-02  2.718525428135e-02  3.705851260402e-02 
orbocc
(*)
 0.000000000000e+00  0.000000000000e+00  0.000000000000e+00 
 0.000000000000e+00  0.000000000000e+00  0.000000000000e+00 
 0.000000000000e+00  0.000000000000e+00  0.000000000000e+00 
 0.000000000000e+00  0.000000000000e+00  0.000000000000e+00 
 0.000000000000e+00  0.000000000000e+00  0.000000000000e+00 
 0.000000000000e+00  0.000000000000e+00  0.000000000000e+00 
 0.000000000000e+00  0.000000000000e+00  0.000000000000e+00 
 0.000000000000e+00  0.000000000000e+00  0.000000000000e+00 
 0.000000000000e+00  0.000000000000e+00  0.000000000000e+00 
 0.000000000000e+00  0.000000000000e+00  0.000000000000e+00 
 0.000000000000e+00  0.000000000000e+00  0.000000000000e+00 
 0.000000000000e+00  0.000000000000e+00  0.000000000000e+00 
 0.000000000000e+00  0.000000000000e+00  0.000000000000e+00 
 0.000000000000e+00  0.000000000000e+00  0.000000000000e+00 
 0.000000000000e+00  0.000000000000e+00  0.000000000000e+00 
 0.000000000000e+00  0.000000000000e+00  0.000000000000e+00 