2mocoef
header
1
MO-coefficients from MOLCAS
1
48   48
a
mocoef
(*)
-9.910939226931e-05 -6.439783114892e-04  8.677795677013e-04 
 2.659298573173e-04  2.529382836179e-05  2.078628121458e-04 
-2.022534435282e-05  1.851551998840e-04  3.473487844815e-04 
 8.004959678863e-06  2.271148355731e-05  2.328624074842e-04 
-3.354533662386e-05  1.221510913145e-05  1.000614443031e+00 
 3.540832147217e-03 -3.059592249968e-03  1.175857196640e-03 
-4.944765075267e-04 -8.710031567692e-04 -6.924308378780e-04 
 2.948143688555e-04  1.035762526165e-03  5.057675815959e-04 
 2.326496422628e-04 -3.931014543468e-04  1.579641776842e-04 
 1.033923938660e-04 -4.108637420100e-04  1.172264251565e-04 
-4.598410294547e-06 -1.852783541920e-05 -5.747504196714e-05 
 3.358813491653e-04  3.877259207189e-04 -6.603347872022e-05 
-4.178593604127e-04 -1.824767083780e-04 -9.868997165535e-04 
 1.122920175977e-03  7.442729599439e-04  3.041882422981e-04 
-4.455608207171e-05 -1.035267356651e-04 -3.091387348714e-05 
 2.300973516914e-05  8.018254217029e-06 -5.964323950231e-05 
 1.000819530490e+00  4.047641577167e-03 -5.108215045460e-03 
-9.280266012575e-04  1.878157495047e-03  6.803972099382e-05 
 9.574652915321e-04 -1.216714885852e-03 -5.893500739069e-04 
 3.274704152943e-04 -5.502245249772e-04 -4.352135782988e-04 
 7.253871158142e-06  3.454323774790e-04 -5.201462342563e-05 
 1.284880112186e-04  3.996029282503e-04 -1.197247566054e-04 
-2.615031325757e-04 -1.077391421735e-04  2.996932236832e-05 
 3.364717126126e-04 -4.182833311879e-04  2.429234066587e-06 
-4.634299314333e-05  7.581858544714e-05  3.159682326017e-05 
 4.089678913155e-06 -3.678184952640e-04  1.361997030931e-03 
-4.033897175538e-04 -7.156223459525e-05 -1.609638660171e-04 
 3.547807921496e-04  3.147369398541e-04  3.402366473795e-05 
 2.074816498358e-05 -4.420961669092e-05 -2.507360792438e-04 
 3.758022725407e-04 -2.497536837585e-05 -6.501361890867e-05 
-7.292247292326e-05 -4.632693477581e-04  1.176068092495e-03 
 2.078435052373e-04  2.163497877776e-04 -3.028956751439e-04 
 5.723623574524e-03 -4.114970496377e-01  6.046199567012e-02 
 1.011416601490e-01 -8.538328047013e-03  2.168241872246e-02 
-1.890019110174e-02  2.198024611654e-03 -2.115746845871e-02 
-1.784947565462e-03 -2.316715151707e-04 -4.807208200319e-03 
-2.887938649942e-03 -3.880856186234e-03  5.836343883213e-03 
-7.146886458245e-01  1.072697852845e-01 -1.702506759560e-01 
-6.759210532975e-02  3.493974468677e-02  4.747150359869e-02 
 2.210104015299e-02 -6.029256555541e-04 -6.277666278068e-03 
-5.364023544089e-04 -2.202774800176e-04 -5.783298818841e-04 
-3.092786351604e-03 -2.413422586395e-01  1.015024784942e-01 
-1.573510132805e-02 -3.368903157417e-03 -6.810552529518e-03 
-1.395029335673e-01  8.708130398147e-02 -9.772191792571e-03 
-1.667147441975e-02 -3.557356967530e-03 -4.141773750624e-01 
 1.992857801137e-01  3.292600409928e-02  1.895908543986e-02 
 5.012278839819e-03 -1.199324491268e-01  5.835067055052e-02 
 8.296041456072e-03  5.425281512844e-03 -6.987753921808e-03 
 2.826580639953e-03 -5.358707059185e-01  8.632822477242e-02 
-4.537964762130e-02 -6.414977563279e-02  5.442084210255e-02 
 1.423025145677e-02  1.713639473231e-02 -2.520323413888e-02 
-4.535242013216e-03  1.072081207277e-02 -3.970172400260e-03 
 7.319081202502e-03 -3.760112406118e-04 -1.022244653462e-03 
 1.843671005936e-01 -5.121394333489e-02  3.694041381852e-01 
 3.455407316417e-01  1.564095258249e-01 -7.405926904690e-02 
-5.945717347728e-02 -2.588593113724e-02  5.365955113302e-03 
-5.571304924179e-03 -7.969016856605e-03 -1.832516533142e-03 
 1.047822485599e-02 -1.496965707776e-01  8.486529904480e-02 
-1.477538539252e-02 -3.698302423573e-03 -4.521883133650e-03 
-3.367667684052e-01  1.332815689101e-01 -3.754143612700e-03 
-2.128993685885e-02 -4.732374094867e-03  5.027756187329e-01 
-2.164857848439e-01 -3.134934557814e-02 -1.490163642851e-02 
-3.277740182979e-03 -2.934390021092e-01  1.218000407273e-01 
 1.035110623014e-02  8.967833603853e-03 -1.334766431612e-02 
 1.693477369528e-04 -2.103940926246e-01  3.705278370996e-02 
-5.223581256718e-01 -3.025151628566e-01  1.801627044365e-01 
 6.949669627446e-02  3.874900561425e-02 -3.153623791588e-02 
-9.505537873211e-03  9.570336874084e-03 -1.664491033350e-03 
 1.005133794534e-02  1.560109375091e-02 -3.202482351189e-04 
 8.468886499341e-02 -3.671206461403e-03 -1.465085704240e-01 
-1.494845641895e-01 -7.697312705886e-02  2.644235044841e-02 
 2.787079191030e-02  9.419622950959e-03 -1.044371984407e-03 
 3.998333633022e-03  2.848857478883e-03  3.355031222246e-03 
-4.585254543681e-03  3.482316577835e-01 -1.256132483822e-01 
 9.600076746247e-03 -2.270189447956e-03  9.847490519434e-03 
 2.221472733762e-01 -1.005727855253e-01  3.407726541360e-03 
 1.672072302704e-02 -2.674016981772e-04 -1.425318271447e-01 
 6.311788804737e-02  7.156780730028e-03  2.616493507607e-03 
 6.877659598145e-04 -5.798398357255e-01  2.374300322179e-01 
 1.345983739498e-02  1.571772271266e-02 -2.113261180389e-02 
-6.175470712908e-03 -3.178598665104e-01 -8.252744450994e-02 
-2.804401773187e-01  4.632211481402e-01 -3.009642043036e-01 
 7.953545496731e-03  2.621161075851e-02 -9.334505206002e-03 
-7.182744956999e-04 -1.603280188539e-03 -6.216558316244e-04 
 2.701499580447e-03  2.470737746091e-03 -2.593012911259e-03 
-9.406329602791e-02 -1.114037165083e-02  4.479650856074e-01 
-4.403761717964e-01 -3.152205913857e-01  9.711083561323e-03 
-1.267790169719e-02 -3.154292913586e-02  1.001309504862e-03 
 4.191745252699e-03 -8.897364037973e-03 -2.682438821185e-03 
 1.042739154608e-03  1.506499467929e-01 -3.144997730250e-02 
 2.356743234105e-03  1.097669435126e-02 -1.947945308145e-03 
 2.023907969381e-01 -7.546318955826e-02  1.364566731801e-02 
 7.048482392608e-03  1.240077013637e-02  1.312295023547e-01 
-5.159907641724e-02  3.795438509783e-03 -1.534850827310e-02 
-1.066401649403e-02  1.379852790714e-01 -4.320414090279e-02 
-1.186419226766e-02  5.201765099054e-03 -3.682304724372e-04 
 7.947942399340e-03  2.801340331829e-01  3.355063137013e-02 
 2.381095372978e-01 -4.461300174407e-01  2.391162642642e-01 
 1.161850818340e-02 -2.550361371468e-02 -9.455671258755e-03 
 2.436552196746e-03 -1.019612977196e-02  1.027666308674e-03 
 6.260814952525e-03 -2.101391813074e-03 -3.799098964382e-03 
-2.592372320941e-01 -7.955482815341e-02  4.998166739828e-01 
-3.745367408110e-01  1.129057837396e-01  5.584451647304e-03 
-1.750253734420e-02  3.906313086450e-02 -9.484063909514e-04 
 9.308902181805e-03 -3.649490402764e-03 -6.220179291613e-03 
 3.461794690128e-03 -9.505737216653e-02  1.932736334318e-02 
-1.444769104700e-03 -9.251090051972e-03  1.716634004011e-03 
 1.121718021297e-01 -2.136135374648e-02  1.685257763241e-02 
-3.975874994494e-03 -7.600198081746e-03  1.531671717603e-01 
-5.757907747201e-02  1.985865253622e-03 -1.576040208441e-02 
 2.066676008568e-03 -1.245370957093e-01  3.850178562593e-02 
 1.009959542412e-02 -3.530435702510e-03 -6.973224120315e-04 
-8.058778713676e-03  2.741631489889e-02  3.927244288355e-02 
 7.625780109925e-02  9.112615382257e-03  3.123622918751e-01 
-1.826682166433e-02  1.835399809977e-02 -6.186103940381e-03 
-2.264488868945e-03  9.024190731234e-03  2.379889861098e-02 
-3.270951155039e-03 -5.804032697024e-03 -1.286234740518e-02 
-2.022339636002e-01  4.316529144972e-02  8.415586430929e-02 
 2.757229361014e-01 -7.545075084437e-01 -1.100350555341e-02 
 7.056951190352e-03 -3.710939083759e-02  2.971583277113e-03 
-2.982567841408e-03  1.843335418678e-02 -5.830116936658e-03 
 1.980799631058e-03 -1.463403094362e-01  5.936617780885e-02 
-4.909615436170e-03 -3.818977928122e-04  2.672310084061e-03 
-1.795354552017e-02 -3.577814296044e-02  7.632934198011e-04 
 5.547357054403e-03 -2.131861629419e-02  4.468297508570e-02 
-2.434682201629e-02 -2.276883777395e-03  5.555622061136e-03 
-2.135263570407e-02 -1.094045135820e-01  5.320837479283e-02 
 5.368343803684e-03  4.181997721857e-03  1.226090172226e-03 
 2.270944647428e-03 -4.285726149520e-01  6.092077712979e-02 
 3.329058505382e-01  4.890081612492e-02  1.087370863286e-01 
-4.795512278756e-02 -4.451557018645e-03 -3.830470120381e-02 
-1.597720449711e-04 -1.745222160628e-03  1.189655955094e-02 
-9.736419291895e-03 -1.267600893114e-02 -2.984338834569e-03 
 4.599548717851e-01 -1.666265398273e-02 -2.014147590657e-01 
-2.974177089586e-01 -9.662102730000e-02  2.662532839616e-02 
 3.877081702975e-02  7.165783420393e-03  7.680011828785e-04 
 6.568313686445e-03  1.375206646929e-03  1.489406966809e-03 
-6.976691205493e-03 -4.808046232505e-01  1.930107530859e-01 
-2.420657874960e-02 -4.814694758576e-03 -8.989922431050e-03 
 4.111706193842e-01 -1.716032676994e-01  1.282161232535e-02 
 2.926244843413e-02  1.632695313635e-02 -1.189661416983e-01 
 3.342289587170e-02  1.843025726232e-03 -3.007604029485e-03 
-1.915662242649e-04 -1.007944019600e-02  2.045881934495e-02 
 9.011557659531e-03  3.722702085553e-03 -1.420156159878e-03 
-9.441776278438e-03  2.466543982935e-01  3.128237972532e-01 
-1.063091537492e-01  4.250158702821e-01  5.508262010843e-01 
-4.705344937046e-02  1.919749925768e-01  1.740503629501e-01 
-9.014014388081e-03  7.296471276710e-03 -1.201948265842e-02 
-1.977209286152e-03 -6.385061228423e-03 -1.617919802915e-03 
-1.179312859846e-01 -9.973423879522e-02  3.234686694227e-02 
-1.356120203761e-01  3.756117750581e-01 -4.375072646429e-03 
-5.666020115438e-02  1.408787780085e-01 -8.253271167657e-03 
-7.115280547013e-03  1.417668832198e-02  2.997256019779e-03 
 1.469839802292e-04 -9.775009303663e-02 -1.031138985162e-01 
-7.105238083220e-03  1.188697930223e-02  1.309264355321e-02 
-1.299499434024e-01  1.281316810841e-02  1.012160381533e-03 
-3.117276616621e-03  1.328769205123e-03 -7.231078153052e-02 
 1.027626225667e-01 -1.333076066580e-04 -6.439124863520e-03 
 1.004844376152e-02 -1.683102005712e-01 -1.037892541239e-01 
 1.292596195550e-03  1.631510256244e-02  1.374820694351e-02 
-1.856043741198e-02  1.808780701469e-01  6.954770241861e-01 
-1.493850391613e-02 -4.846226936071e-02 -7.982448807514e-02 
-2.764913009424e-02 -4.012901083949e-03 -1.022891410929e-01 
-3.059173919192e-03  5.638207632182e-03  1.414333508278e-02 
 1.057990292188e-02  9.176188754027e-03 -3.501193640031e-02 
 2.519062638774e-01  9.035130838018e-01  6.189811814550e-02 
-1.845462935658e-01 -8.868063620200e-02  8.750353986070e-02 
-1.485600553982e-01 -7.338680852880e-02 -6.283740152223e-03 
-9.970706262743e-05  7.775916444530e-03 -4.000468943083e-03 
 3.603350572104e-03  1.030889505377e-02 -4.006337845144e-01 
 6.809266915870e-04  1.600168810060e-03 -9.670350601744e-03 
-3.656890649285e-01 -7.891939386002e-01  9.126092754862e-03 
-1.406043321665e-03 -1.461368561728e-03 -2.543008397276e-01 
-5.030898704319e-01  8.977863880367e-03 -4.773104318148e-03 
-2.506205205107e-03 -1.080549276372e-01 -4.312210844042e-01 
 5.316916866040e-04 -3.416938412245e-03 -6.292347722766e-03 
-2.981860164315e-02  1.787105180141e-01  1.117667445503e+00 
-2.322234267780e-01  6.002886639512e-02 -3.041241069701e-01 
-4.078068363715e-01  4.190071679382e-02 -4.911931600071e-01 
 4.695880879779e-03 -1.913062730112e-02  3.962191916523e-03 
-8.603933815683e-03 -4.281226893631e-03  1.173699022874e-02 
-9.401911298511e-02 -3.076728033938e-01  3.529634378170e-02 
 1.746404162693e-01 -3.305457413316e-02  6.504411249251e-02 
 1.662654101134e-01 -4.866572862805e-03  1.254721063895e-02 
 2.690938307913e-03 -1.001908733740e-02  5.229571111687e-03 
-1.458130408991e-03 -2.305896166515e-01 -1.452649850224e+00 
-5.074696219120e-03 -2.970330129492e-03 -6.870764472895e-04 
 2.922705174617e-01  6.424909947456e-01 -2.004904744254e-03 
-6.772828077887e-04 -1.937838168848e-03  1.505105568557e-01 
-6.039986387509e-02  2.045614375592e-05  1.166384130125e-02 
 8.105810237410e-03  3.791198153413e-02 -7.015623021454e-01 
-3.461963167262e-03  4.192600789333e-03 -9.381801930313e-03 
 1.010745592206e-02 -4.632348394121e-03 -2.234564421127e-01 
 1.708328123621e-01  1.558139622014e-01  7.492606229884e-02 
 2.678927745827e-01  1.902553879591e-01 -2.579931965170e-02 
 3.104421371506e-03 -9.651082541296e-03 -1.062331657245e-03 
-1.353823055619e-02 -1.369711360129e-02 -1.276338180426e-02 
 4.668039810070e-02  3.829483585597e-01  2.969308288392e-01 
 2.652465277246e-01  1.079933843104e-01  4.039033491272e-01 
 3.835259491432e-01  1.303446982768e-01  1.068794761556e-02 
-5.774265146661e-03 -7.647034034055e-03 -2.491883527372e-03 
 1.006904398335e-02 -4.510187878708e-02  6.139422038884e-01 
-3.006384827509e-04 -5.607624251512e-04  9.229040498168e-03 
 6.225651055439e-02  9.921655966819e-01  2.940155202192e-03 
 1.649882398313e-03 -5.619835062050e-04 -8.775902995798e-02 
-1.528577408978e+00  1.599776703494e-02  1.085927885865e-02 
 3.731715465331e-03  9.719653583899e-02 -4.253857896562e-01 
 1.053120274057e-03  5.439283213428e-03 -4.517217627493e-03 
-8.451917496528e-03  5.819809880386e-02  4.084324777118e-01 
 3.880672304683e-01  2.047136565592e-01 -2.505899312795e-01 
 7.429201939066e-01  4.256476372321e-01 -4.189031453594e-01 
 2.168671630030e-03  2.800060030242e-03  4.011425961089e-04 
 8.113690671546e-03 -3.176534762613e-03  7.341408420172e-03 
-3.683644437226e-02 -2.400312960703e-01 -1.227527992100e-01 
-5.526860102073e-02 -8.505999195552e-02 -1.140573370415e-01 
-3.924709738962e-02 -7.762194195376e-02 -2.144218832628e-03 
-4.792333779837e-03 -2.620811120815e-03 -7.103968617766e-03 
-2.087927355433e-03  1.257579643982e-01  9.281859879456e-01 
 5.503768395726e-03  2.976349207803e-03 -3.573040096771e-03 
-2.552670868550e-02  2.101863295944e-01  1.358574403415e-03 
 3.853778469582e-03  1.180245228247e-02  3.770309021760e-02 
 4.650291772679e-01  3.533866210460e-05 -1.892297825466e-03 
-8.947524754310e-03 -1.916856782084e-01 -1.786668930080e+00 
 6.952367075941e-03 -3.887168187006e-04 -1.672921685729e-03 
 2.888387682954e-02  1.745681084623e-01 -3.416929001838e-02 
 4.295661098750e-01  2.376226699824e-02  1.764624285295e-01 
-8.995589697673e-01 -3.175659317297e-01  1.327458537991e-01 
 4.228857055548e-02 -9.168544210576e-02  2.326186935770e-02 
-1.008919014826e-01 -2.411124254128e-02 -1.564160551675e-02 
-1.894152446703e-01  2.844742703201e-01  4.389059156838e-02 
-6.720528983015e-03  1.938830877592e-01 -2.244976554238e-01 
-1.217526755132e-01 -1.154283597240e-01  7.325379544195e-02 
 6.079553338742e-02 -2.404248803022e-02  4.971417866323e-02 
-7.528540760527e-03 -6.718838447790e-01  6.307355821110e-01 
-2.037385471929e-02 -9.694697725973e-03  5.857954742767e-03 
 1.144385452593e+00 -1.817547204497e+00 -6.711482851663e-02 
-3.050795380537e-02 -9.555094358364e-02  7.155869675482e-01 
-3.188375571512e-01  4.063006664763e-02  4.805128755942e-02 
 8.071965944959e-02  7.155678545745e-01 -4.472113799518e-01 
 1.099645241673e-02  1.124849853016e-02 -1.568307727277e-02 
-1.232700532753e-02  1.291894807412e-01  8.138855483951e-02 
 1.221923518504e-01 -1.887747706651e-01  3.408598923936e-01 
-4.958270756706e-01  3.219541914527e-01 -1.052131244876e+00 
-1.131433135247e-01  5.161726832454e-02  8.525887216552e-02 
-2.681673476210e-02 -1.366694255681e-01 -3.702593534340e-02 
-1.061187585911e-01  1.925174474023e-01  1.080212639796e-01 
-1.708370429250e-01 -2.425527587153e-02 -5.753785109587e-02 
 6.618684116064e-02 -2.215430197723e-01 -3.046621664379e-02 
-3.536318443240e-02  3.295083160945e-02  3.080583264036e-03 
 1.481000231217e-02 -1.487761623402e+00  1.010218764369e+00 
 6.527115289058e-02  1.757959756085e-02 -2.988688381278e-03 
-7.051122852750e-01  8.288211481581e-01  1.679644692632e-02 
 3.459638224275e-02 -3.325709636608e-03 -2.536526730173e-01 
 3.699616001687e-01 -1.802907821708e-03 -3.720750857815e-02 
 2.435009124959e-02 -6.772326970546e-01  3.020308916215e-01 
-6.607205687214e-02 -1.715685745443e-02 -3.258370878104e-02 
-4.219336017342e-02 -9.447330190413e-02  1.805592002023e-01 
-2.935590738032e-01  8.188232762939e-01  1.890072092730e-01 
 5.735903378013e-01 -7.670357177919e-01 -4.025568256997e-01 
-9.282991530081e-02  6.152674661346e-02  1.356500105638e-04 
 9.755496878240e-02 -3.383531055714e-02 -2.874159509914e-02 
-1.637138089310e-01  4.339431834751e-01 -1.412547667173e-01 
 1.830019850023e-01  2.977247444208e-01  1.665429420859e-01 
-2.825524432001e-02 -3.076536123962e-01  6.555040838395e-02 
 4.762907061675e-02 -2.431548027397e-02  4.527720626534e-03 
-2.704811815085e-02 -7.475947740770e-02  1.448252688073e-01 
 2.767175898972e-02  6.443694710901e-02 -5.666807858454e-02 
 9.808144689004e-01 -1.013822030000e+00 -2.076913049257e-02 
-9.557518540707e-02 -3.160255827982e-03  1.850286560038e-01 
-3.478141104359e-01  2.506725990213e-02  6.547624340147e-02 
 2.293773700552e-02 -1.222568792034e+00  1.045538827598e+00 
-6.165643718805e-02 -2.508329693888e-02  4.904171632414e-02 
-1.335473633650e-02  3.321382342961e-02  1.653855410999e-01 
 4.742129150179e-01 -1.034180718943e+00 -4.048826365849e-01 
-3.056857444892e-01  1.409810818879e+00  3.115676740998e-01 
-5.072167435170e-02  4.504796914742e-02 -5.595295893197e-02 
 9.936350343997e-02  2.120735878305e-02 -8.701933908129e-03 
-1.292932934455e-01  4.635459931904e-02  9.862893536531e-02 
-1.041884994772e-02  1.120423962835e-01 -7.273175387282e-02 
 6.399642424710e-02  4.815615727889e-03  4.723891553688e-02 
 1.828686262568e-03 -4.276032400391e-02  4.120243919633e-03 
-1.570573013977e-02  2.832372668266e-01 -3.575001409300e-01 
-7.653637215936e-03  4.356077030610e-03 -5.434682146430e-02 
 6.346413586077e-01 -3.185459260303e-01 -3.566465159947e-02 
-4.886862586491e-02  5.167132352254e-02  3.932025092021e-01 
-5.788526181189e-01  8.335272799048e-03  4.142841657198e-02 
-2.984278100480e-02 -9.237204379931e-01  7.342381555656e-01 
-5.493635374064e-03 -4.867670196626e-02  3.189549237664e-02 
-6.007864035739e-02 -2.353502683765e-01 -9.955802722637e-02 
-3.348666985660e-01  6.921013192635e-02 -1.195247059798e+00 
 3.170820819630e-01 -3.253722550531e-01  1.950832422297e+00 
-6.656123166847e-02 -2.250962972717e-03 -1.997180751934e-02 
-7.242030632232e-02 -1.369603556147e-01  4.887840210783e-02 
 2.093463453532e-01 -4.030308098961e-01  2.949973960872e-01 
-7.868065576920e-02  6.412844349665e-03 -1.711927357995e-01 
 2.283525993791e-01  4.408232492513e-01 -5.941293990369e-02 
 1.816198119583e-02  1.719808689548e-02  6.244443723550e-03 
-4.738449904310e-02 -7.646522616429e-01  1.243523740115e+00 
 1.250388451464e-01  2.078372016875e-02  5.080562512929e-02 
 4.962476747560e-01 -9.125576173465e-01  4.976701324112e-02 
-5.562851075614e-03 -4.396240083130e-02 -6.421913975113e-01 
 4.707570648175e-01 -1.004289654695e-01 -5.810168264764e-02 
-3.158838372412e-02 -4.662079150865e-02  5.146953206943e-01 
-6.387925269128e-02 -3.069208019790e-02  4.957708166557e-02 
 9.503861312201e-02  4.646721047618e-01 -8.422268737568e-01 
-8.103449583058e-01 -1.811840912512e-01 -1.949178594795e-01 
 1.529562861902e+00  4.042505240720e-01  3.306086225048e-01 
-2.333982990358e-02 -1.620953127672e-03 -3.823177609040e-02 
-1.435106788953e-01 -5.680338248341e-02  2.426332483779e-02 
 2.366538506827e-02 -1.021386075025e-01 -2.105400332855e-01 
-2.599904395881e-01  1.283959179839e-01 -2.542700604513e-01 
-2.259602230298e-02 -1.858115308949e-01  8.623232206546e-02 
-2.755922259453e-02 -6.910251684572e-02 -2.495131638133e-03 
 9.133558377673e-02 -3.574035404852e-01  1.305531965551e+00 
 1.476121870601e-01  2.370145994425e-02  1.006336511564e-01 
-5.044469124835e-01  4.414897741479e-01 -9.433138450879e-02 
 5.493692543353e-02  6.590469711119e-02  1.531695541525e+00 
-1.406712621337e+00  1.648559653805e-01  3.676890802277e-02 
-5.271254083653e-02  8.275316353487e-02 -4.871272347189e-01 
 3.092887368435e-02  2.156665368449e-02 -3.705159434670e-02 
 7.452665503149e-02  3.856936886861e-01 -7.458772890595e-01 
 7.821301651125e-01  6.601465781449e-01 -4.459369489026e-01 
-1.594596185649e+00 -1.231295533385e+00  9.848446382230e-01 
-6.356257276122e-02  1.861506803356e-01 -1.223858875382e-01 
 9.574417442648e-02  6.583096903114e-02  5.084838423560e-02 
 1.962954086660e-01 -4.260525637125e-01  5.601559086946e-02 
-4.165043811726e-01 -1.924027993093e-01 -2.400823930909e-01 
 3.224271821845e-01  2.358597748479e-01  8.851944199458e-03 
-3.912745880511e-02 -2.783885251204e-02  1.093687212026e-02 
 7.535875778273e-02  1.566690979394e-01 -9.553989552537e-01 
-1.047701927135e-01 -3.053218178681e-02  7.301935329304e-04 
-6.969218330188e-01  4.844303136227e-01 -5.018758943069e-02 
 9.025331108326e-02  9.571250702722e-02  6.941070550810e-01 
-5.089424349668e-01  7.772518632646e-02 -2.847198696503e-02 
 1.168565490101e-02 -3.435703070938e-01  1.766385864118e+00 
-9.379480620237e-02 -1.233278261144e-01  1.696935283139e-01 
 2.262213981404e-01  1.034189880510e+00 -1.704043238668e+00 
 2.158464899214e-01 -5.890847544251e-02 -3.835461577812e-01 
-5.380318173279e-01 -9.988639939523e-02  7.808351674489e-01 
-3.830438948615e-02 -9.970041979679e-02  1.083789668953e-02 
 1.034442891406e-01 -7.638683955728e-02  4.411273338226e-02 
 2.705796954170e-01 -2.625804621434e-02 -9.815685018775e-01 
 6.939358356683e-01 -2.164714808415e-02  1.315085028157e+00 
-8.626615585989e-01  2.893933120551e-02  1.581786067331e-02 
 7.448817361401e-03 -2.057764989995e-02  1.098405736877e-02 
 3.216363267089e-02 -2.343714940609e-01  3.860205991518e-01 
 3.864019014022e-02  1.810551030738e-02 -1.172009112738e-03 
-3.177218951225e-01  9.987674933865e-02  1.201742979590e-02 
-2.421371595061e-02 -5.528665787376e-02 -1.000796799916e-01 
-2.033399840021e-01  1.094928036584e-01  7.381329280098e-02 
 2.456098762603e-02  3.520219657803e-02  7.357588559213e-01 
-1.140358327597e-01 -3.727479508893e-03  5.067565197861e-02 
 4.837459393984e-01  2.231172406134e+00 -3.224576233297e+00 
-8.916810853114e-02  9.009072508135e-02  1.137028507144e-01 
 3.548584227862e-01 -1.804681311700e-01  1.334320428241e-01 
-3.297385856549e-02  1.771330963193e-02  7.677544651781e-02 
-5.312145694136e-02  9.134283593365e-02 -1.725180018107e-02 
-5.353643821793e-02 -1.108555102889e-01  6.026750081141e-01 
 6.638194555038e-01 -3.606584710072e-01 -1.220064423944e+00 
-1.229897321257e+00  1.493095687155e-01 -2.477762532676e-02 
 1.388054578484e-02  3.458526706890e-02 -1.945840586258e-03 
-2.930208534769e-02  6.675710388645e-02  7.200028618282e-01 
 8.811888734134e-02  3.960397318267e-02  4.330366367768e-02 
-6.168308130938e-02 -5.621085465005e-01 -1.255445355079e-01 
-8.699320562390e-02 -3.502337033900e-02  2.495035389623e-01 
 6.718074315992e-01 -1.886137868984e-01 -1.382396759966e-01 
-1.779237678255e-02 -9.697633166027e-02  5.822845639156e-01 
-2.318649391353e-03 -9.417023879980e-02  6.456013020196e-02 
-4.226845441743e-01 -1.953739844430e+00  2.772196950568e+00 
 1.747224968176e-01  7.615203328640e-02 -2.561634171682e-01 
-4.837930825175e-01 -1.285412995984e-01 -8.607588235708e-03 
-6.673431391119e-02 -2.829246531665e-03 -8.001330154291e-02 
-6.925473059416e-02  7.795507685151e-02  2.996432837426e-02 
 1.658263805223e-01 -3.043264082985e-01  1.640899048614e-01 
 6.161327204521e-01  6.702827877235e-01 -7.887779175357e-01 
-1.415769637125e+00 -9.702220401265e-01 -2.874281684665e-02 
-2.540218669945e-02 -2.381370118802e-03  1.740036177328e-02 
 3.976966632244e-02 -9.033708683673e-02 -6.268714654963e-01 
-1.125511782761e-01  3.583746348206e-02  3.118369870441e-03 
-7.028760560561e-01 -2.894090588994e-01 -1.848104656547e-01 
-1.350650742471e-01 -9.413007923410e-02  4.643343334844e-01 
 4.607943811958e-01 -6.308118221481e-02 -1.989200416697e-01 
-6.544502967396e-02 -3.035460865798e-02 -3.080805525864e-01 
 1.287638336060e-02 -1.006611620534e-02 -5.930839991817e-02 
-3.970755499428e-01 -1.685642674636e+00  2.775477674639e+00 
-4.249817228668e-02 -1.764145589517e-02  2.448376289398e-02 
 9.242837311413e-02  1.272403483533e-01  1.794736931134e-01 
-1.284129521270e-01 -1.111477760584e-01 -5.525584941671e-02 
-3.565859793694e-02 -3.013318867067e-02 -1.465500238092e-01 
-7.682003049070e-01  9.605509367616e-01 -2.076582934983e-02 
 3.270146668037e-01 -1.095735069996e+00 -5.286220923723e-02 
-4.994651626420e-01  1.641332313801e+00  5.448574055790e-02 
 2.754352777579e-02  2.256575420431e-02  2.121866751207e-02 
 4.944040290978e-02 -1.493074145262e-01 -1.231603318425e-01 
-6.063256955061e-02  8.963772346575e-02 -8.170624182493e-03 
 1.159204090581e-01 -5.190393496104e-01 -9.356638134670e-03 
 4.572169741175e-02 -1.094524762890e-01  4.920273407761e-01 
-7.395177322830e-01  9.293513237165e-02  2.318985783085e-02 
-5.732355292603e-03 -2.558944739886e-01 -2.273617529548e-01 
 3.391353703119e-02  8.066581854200e-02 -1.138155967562e-02 
 9.712078825153e-02  3.706737249850e-01 -7.423991969463e-01 
 2.024579192435e-02  3.782651412226e-04 -1.797102530801e-01 
 7.503482404302e-02 -2.150404529979e-02  2.900032459704e-01 
-3.587394194955e-01 -1.335863560041e-01  2.691608421409e-01 
-1.322031345690e-01  3.707827039186e-01 -1.542006172208e-01 
-7.306159816046e-01  1.004629335358e+00 -8.609251590663e-02 
-2.064527670880e-01  1.551446397961e-01  3.286203191636e-01 
 4.295049833941e-01 -1.010050361097e-01 -1.595413755332e-02 
 4.479591651190e-02  4.086877124054e-02  2.450468268750e-02 
 1.979695534840e-02  2.049993607039e-01 -1.242285928441e-03 
-6.498351730612e-02  2.871453846517e-01  5.352007278715e-02 
-8.841673406158e-02  2.368206736720e-01  7.761211947290e-02 
 4.128623918154e-02 -1.084333880512e-01 -1.984575717961e-01 
-2.784545059064e-01  1.104091534014e-01  4.376431712460e-02 
 7.544094894897e-02  2.992100016155e-02  1.871896602312e-01 
 2.561179927438e-02 -2.702569697224e-01 -1.792811567324e-01 
-4.500589241583e-02 -1.239091414631e-01  4.183401102108e-01 
 3.016482496683e-03 -9.421691533582e-02  2.780733408029e-01 
-7.642024876023e-02  1.873335293269e-01 -5.720524002496e-01 
-2.301662210077e-01  4.066614538356e-02 -3.795333671529e-01 
-2.697967988850e-01  1.043905759011e-01  3.761525522208e-01 
 1.769179304671e+00 -2.378843685978e+00 -1.864273198112e-01 
 4.781015636957e-02 -1.348490184126e-01  2.988106302098e-01 
 8.829975341111e-02  1.765696478071e-02 -2.543646839124e-02 
-2.260834460978e-02 -5.765601725836e-02  4.718374553196e-02 
-8.085347108544e-02 -2.259201965177e-01 -1.174908098437e-03 
-1.000697768488e-01  1.405244987415e-01  2.244428355005e-01 
 3.197848937718e-01  2.228507494890e-01  4.581998378863e-02 
 6.999807974276e-02  1.919047134198e-01 -1.687116814153e-01 
 5.338351360724e-01 -1.924781998473e-01  4.974744955708e-02 
 1.126597348382e-01 -6.610470570712e-02 -2.474062705630e-01 
 1.290085645454e-01 -5.417420857389e-02  5.170486180923e-02 
 6.980633874759e-02  2.961855335229e-01 -4.503454097785e-01 
 3.027632068699e-02 -1.809487158892e-02  1.066592858202e-01 
 2.051651189274e-01 -4.485172504045e-02 -9.571873835376e-02 
-1.668225765267e-01 -5.624052337771e-01 -6.111823103174e-02 
 2.957285865698e-01 -9.587104362971e-02  2.529349706889e-01 
 1.142248374460e+00 -1.782987431363e+00  2.766309206347e-01 
-2.215813324682e-01  9.575318946753e-02 -7.348938093614e-01 
 1.614349236160e-01 -1.642520864288e-01 -3.086165393054e-02 
 8.171775953921e-02 -6.865906891379e-03 -6.083107484607e-02 
 4.157863577777e-02  2.659979511081e-01 -1.206785935354e-01 
-1.123062494316e-03  1.954544448216e-01 -1.029346603883e-01 
-2.013434915986e-01  3.869445456139e-01  9.920343296774e-02 
 1.468198474201e-01 -1.306593350552e-01  4.654784451597e-01 
 2.153015237818e-01 -1.264680106531e-01 -4.210231830365e-02 
 9.854349898948e-03 -2.401402975599e-02 -1.607749515879e-02 
-1.754758425755e-01  1.975866707965e-01  2.198344569943e-03 
-7.977954492164e-02 -3.276985921176e-01  5.885294937710e-01 
-1.399855740154e-01 -1.147953863494e-01 -1.007811135047e-02 
 4.723672752400e-01  5.444722681633e-01 -2.365772282843e-01 
 2.233136895295e-01  5.085461859555e-02  2.216910673211e-01 
-7.277588773521e-02  1.242465399172e-01  2.617937320650e-01 
 1.150201312597e+00 -1.742577289523e+00 -1.578832354600e-01 
-6.796335964694e-02 -1.012412317797e-01  3.148907743770e-01 
 2.786337789241e-01  2.231210407135e-01  8.539762791679e-03 
 8.642381414013e-02  1.717171717093e-01  1.731772377526e-01 
 1.179136958665e-01  4.093539635355e-02  1.946511830408e-02 
 1.000775154945e-01 -5.129868745095e-02 -1.262920135981e-01 
 1.910192805355e-01  5.928204446235e-01 -2.588949754794e-01 
 3.889642152030e-01 -2.702682620069e-01  1.722220538910e-02 
-1.599154678900e-02 -4.287880623617e-02 -1.994779423409e-01 
 3.736468598751e-01 -5.593374361031e-01 -7.048112295760e-02 
 1.405308001017e-01 -1.123344113191e-02  8.288194838157e-02 
 1.681936709753e-01  6.837750097184e-01 -1.078973951041e+00 
-7.025198679199e-02 -7.842069479800e-02  8.929986929343e-02 
 1.327370313161e-01  9.914984401999e-03 -4.349812519137e-01 
-9.521985735757e-02 -1.414762146575e-02 -3.502898352653e-01 
-1.359299245763e-02 -6.388044887216e-02 -2.202318178667e-01 
-9.105875576558e-01  1.557081606055e+00 -5.366510343648e-03 
-4.850790601314e-02  8.248320622676e-02  2.226384746745e-02 
 3.872537968960e-01 -5.536182759736e-01 -2.308308005135e-01 
 9.914018536425e-02 -2.108852500183e-01  1.081644347133e-01 
 9.019140570935e-02  5.132599119923e-02  1.008684107094e-01 
 4.118394546328e-02  9.007223813256e-02 -7.791390539232e-02 
 9.689472872544e-02 -6.300836285937e-02  1.468096215179e-01 
-2.333875335973e-01 -6.115027741815e-02 -3.558080864848e-01 
 1.796440780598e-02  3.655561879506e-01 -4.780477081905e-01 
 3.059841849625e-01  1.537373084733e-01 -1.288394107141e-01 
 1.378385726772e-01  9.635420770254e-02  1.657505238061e-01 
 6.098880334747e-02  2.964368212029e-01 -3.024246242885e-01 
 1.280231219341e-02  2.072807416578e-03  1.458495042153e-01 
-5.875327392057e-02 -1.525656187892e-01 -1.710463711220e-02 
-6.452937543963e-02 -1.680040166178e-02 -1.002313727142e-01 
 1.286583518478e-01  4.812068818344e-02 -1.365938748500e-02 
 2.774640587213e-03  2.726901794399e-01 -2.442631747785e-01 
-2.758938439482e-01 -1.405573545125e-01  8.994178712209e-01 
 8.674647252496e-01  4.058531137497e-01  6.171630593697e-02 
-5.102363835359e-02  2.616027241531e-03 -5.032789361798e-02 
 7.377212151279e-02 -1.108338637463e-01  7.450590617509e-02 
-6.266391743192e-02  7.767546816583e-02  1.180713874712e-01 
 8.222459417349e-01 -3.830323930452e-01 -6.825797009411e-01 
 6.670114956807e-02  1.219192898357e-01 -1.023196691838e+00 
 2.733351543139e-01  1.682923870352e-01 -3.514039356324e-01 
-3.615773865115e-01  2.676043469498e-01 -9.795540871608e-02 
-1.812184490612e-01  1.981117023689e-02 -1.879816321776e-01 
-1.021473974233e-01 -3.530525514437e-01  8.597789257422e-01 
 8.859137258961e-02 -1.542672590189e-02  2.402004892886e-01 
-9.899056929141e-02  3.784286977449e-01 -9.310022392505e-01 
 4.340257681186e-01 -3.173706440496e-01 -8.649949185673e-02 
-1.768967288935e-01  2.607278572304e-01  3.648981385099e-02 
 1.975619663818e-01 -8.052335560901e-02 -8.638274558096e-02 
-9.972082030891e-02  2.059825779611e-02  8.898002329587e-02 
 1.936772186042e-01  1.423979047267e-01 -5.891536575868e-02 
 9.895090761310e-02 -2.601423987764e-02 -1.847260310247e-01 
 3.147289830190e-02 -4.743357893119e-01  4.841763895705e-02 
 3.227918646208e-02 -1.087227622891e-02  1.645566459703e-01 
 1.833744025912e-01  1.587494386408e-01  1.744009322795e-01 
 1.862912842261e-02 -4.007540370032e-01  2.753758014885e-03 
-4.665134436485e-02  1.340851579023e-01 -5.632589910330e-02 
-4.757218433767e-01 -1.138081241061e+00  3.553647141915e-01 
 1.438351920085e-01 -1.357664183033e-01  1.859182532970e-01 
-3.968300057508e-02 -1.575776068158e-01  2.680326677481e-01 
-1.423060679301e-01 -9.528874423863e-02  7.047406174048e-02 
 8.256247526472e-01  5.062759756604e-01 -3.394883475548e-01 
 9.769784636067e-02 -1.324597962274e-01  5.452456638295e-02 
-1.183851050678e-01  2.334120847502e-02  1.008850447383e-03 
-2.609689563734e-02 -8.163176174165e-02  4.542451344619e-02 
 7.358367245040e-02 -4.753309548690e-02 -2.042833585304e-01 
 5.009708022646e-02 -4.784701432573e-02 -6.073906260261e-02 
 1.054237260336e-01 -5.657654408748e-02  3.758445903930e-02 
 2.880348664912e-02  4.264641374557e-01 -3.711185418900e-02 
-2.173695436219e-01 -4.194354539834e-01  4.871079686373e-01 
 1.584402785603e-01  7.960170599424e-02  1.503515079276e-01 
 1.730583743462e-02  6.443239747046e-02  1.921747995153e-01 
-1.735955454011e-01  4.273413761082e-02 -1.742828616745e-01 
 2.468950311174e-01 -7.354234570286e-01  6.049185255478e-02 
-5.638911177342e-01 -3.702973550160e-02 -2.865232544944e-01 
-1.362834067292e-01 -5.948743299469e-01  7.411384118618e-01 
 4.978242191279e-02  5.879050150880e-02 -6.542562925408e-02 
-3.237478004697e-01 -2.243784506569e-01 -3.648654638417e-01 
 2.152505783733e-01 -3.211731118863e-01 -2.217581410794e-01 
 2.449583787200e-01  4.844648675485e-01 -3.620608016667e-01 
-1.547518394163e+00  2.282935588354e+00  6.713956566280e-02 
 4.108223589799e-02  1.509284236991e-01  2.474695531449e-01 
-1.991542794509e-01 -5.861507794664e-01 -2.647318529613e-02 
-1.222082828796e-01 -1.612288044798e-01  1.651547017584e-01 
-9.245143557661e-02 -9.670260745228e-01  4.442098662296e-01 
 1.310608383350e-01 -9.045051293183e-03  1.584538958438e-01 
-4.928661274987e-01 -2.084597194972e-02 -2.806345809407e-01 
 7.518645154487e-02  2.044361379886e-01 -5.132290519721e-01 
 1.114994483354e-01 -1.474529352424e-01  2.601826869525e-01 
 2.654571653654e-01 -2.334812059616e-01  1.019921283919e-01 
-3.896901085876e-02  1.242710527053e-01  1.546094808069e-01 
 2.404192932019e-01  9.647762429104e-01 -1.457861928174e+00 
-1.933372317870e-01 -1.180517190650e-01  3.296406527116e-02 
 6.715242793162e-01  2.093161863047e-01 -6.069854150140e-01 
-8.168893857090e-02 -1.125009884427e-01 -9.155980902858e-02 
-6.079792362703e-01 -3.340615238277e-01 -3.059538786507e-01 
-1.289453051264e+00  1.937657991135e+00  3.392957478145e-02 
-2.156616469883e-02  2.836995164151e-01  3.373213106003e-01 
 3.170695257924e-03 -5.753192378263e-01 -3.189269287168e-02 
-7.673056709346e-02 -1.775569147060e-02  1.684451817851e-01 
-4.175688472400e-02  1.049220821914e+00 -5.173435897901e-01 
-2.330594471460e-01  6.176863532336e-02 -9.374516065517e-02 
-2.839183070287e-01  4.349410073318e-01 -2.521514963065e-01 
 2.807951126949e-01 -2.488819851186e-01 -5.507047618274e-01 
 6.479051432907e-02 -6.836209672633e-02  2.420528201047e-01 
-8.946885323668e-02 -6.188511148822e-01  2.925574131628e-01 
-9.956010726149e-02  2.093095082268e-01  2.797438742817e-01 
 1.836154558373e-02  6.120511304838e-02 -1.256491297016e-01 
 1.271195891820e-01 -1.542366005014e-01 -8.913034387373e-02 
-4.947608939056e-04 -2.044610673746e-01 -2.315642474607e-01 
 1.984808277724e-01  4.321551920423e-01  3.614296823257e-01 
 4.526380296269e-02  1.358852034338e-01  1.788256701595e-02 
 6.577377575109e-02 -6.595606214289e-02  5.560650174930e-02 
 1.363900377317e-02  6.447411748538e-02 -1.643259805162e-01 
 7.781855113212e-03 -1.507970707003e-01  3.344415661695e-02 
 8.285188011468e-02  1.923671775858e-01 -1.067199766400e-01 
 3.094053276760e-02 -1.164476964542e-01  9.321841822689e-02 
-1.910701297118e-01  5.717491421704e-01  4.653667640953e-01 
 4.941915226142e-02 -3.004590194205e-02  8.272505816385e-02 
-6.104514215783e-02  2.553911368133e-02  1.303851142998e-01 
 2.050759185094e-02  5.212365070163e-02 -2.597260715672e-02 
 4.139756622539e-02  1.365468226525e-01 -1.310412341517e-01 
-1.864956783667e-01  6.320279149261e-01  3.049285051198e-01 
 1.031962239376e-01  4.241995386666e-01 -5.216530651899e-01 
 2.682375913979e-01  1.187099631279e-01 -4.409134679532e-02 
-1.999113612604e-01  7.604351151609e-02 -2.246296175462e-01 
-5.473736001395e-01  2.026165505082e-01 -1.233679013264e-01 
-6.776560956530e-02  3.680128303453e-01 -9.843714602134e-02 
-4.709958094837e-01  3.897020479869e-01  2.394504018030e-02 
 2.189919161388e-01  2.208273953517e-01  1.583164545875e-01 
-1.207963108942e-01 -1.538132832143e-01 -4.281906690387e-02 
 3.589330116349e-01  9.833875244080e-03 -1.334166211913e-01 
 5.499693037211e-02 -1.016775517205e-01  1.134003916925e-01 
 2.606952415577e-01 -5.330904009178e-01  3.181339630626e-03 
 4.445124897593e-02  2.613332682597e-01  5.930316549365e-02 
 4.097290604583e-01 -1.182729759510e-01 -1.759596670588e-01 
 9.923288442534e-02 -3.718266634482e-02  5.641410099524e-02 
-2.085767291117e-01  2.876488598099e-01 -3.522116116780e-01 
 1.576459627298e-02  4.722736969325e-01 -2.679736055631e-02 
 7.514589627515e-02  2.979534540923e-01 -4.005078447350e-01 
 8.179536271810e-02  6.591144386357e-02 -6.477076108164e-02 
-2.280254422861e-02  5.110596289960e-02 -1.852263670783e-01 
 3.197755301993e-01  1.472294000551e-01 -1.882464830768e-01 
 3.289335061349e-01 -4.709330667167e-01 -2.178664881288e-01 
-1.000034221337e+00  9.527936098004e-01  1.691692264489e-02 
 2.560963862342e-01  2.137457351739e-01  9.112272104183e-02 
-2.574438093965e-01 -2.959410393033e-01 -3.469575082850e-02 
 3.250170736505e-01 -2.044795235843e-01 -1.373343543222e-01 
 7.728430682287e-02  5.173505258637e-02 -1.939277972956e-02 
-1.492105206294e-01  3.665916960760e-01  3.090742691209e-01 
-1.819750341772e-01  2.796603725595e-01  7.053590956080e-03 
 4.955819715577e-01 -1.543132369855e-02 -2.006931662112e-01 
 1.275420738221e-01 -1.944104482585e-01  2.660967041642e-02 
 1.960752024504e-02  8.232591549974e-02 -1.629095074635e-01 
 2.595163978325e-01 -3.655214047302e-01 -3.080061083458e-01 
-1.887293676359e-01 -7.913475859617e-01  9.599376246095e-01 
-1.533111744253e-01 -9.116810768329e-02  1.830103338271e-02 
-4.206849344384e-01 -2.196125785294e-01  3.703902689661e-01 
-7.810560172691e-02 -2.175259418459e-01  4.071309357529e-01 
-1.450900407876e-01  2.867039344338e-02  9.142665904890e-05 
-1.559037823244e-01 -5.692494889771e-01 -1.337733399965e-01 
 2.635297209738e-01  9.061423770634e-02  2.812052542587e-01 
 3.238657207497e-01  2.254466003029e-01  1.292995610516e-01 
 1.641074051391e-01 -4.041011192055e-02 -1.934524034371e-01 
-7.795940187291e-02 -6.945180772185e-02 -3.702450352048e-01 
-5.390963082725e-02 -2.480640827511e-02 -2.272427146308e-01 
 2.970083529831e-01  5.075451234723e-02  1.402248804109e-01 
 3.421865469572e-01  7.616429086710e-01 -8.175609716622e-02 
 2.603139901419e-02  1.053015863524e-03 -4.683142046058e-01 
-5.580486265325e-02  2.871267376066e-02  4.000584275294e-01 
 4.911195022063e-02 -7.449540991806e-02  4.923475059898e-01 
 7.226063647687e-02  2.800102837836e-01 -3.091294894126e-01 
-1.871948637688e-01 -1.182177837456e-02 -5.452157461075e-02 
 3.649985090381e-02  1.921981599686e-01 -7.141685495721e-01 
-3.769306334833e-01 -3.236913591438e-01  1.506462151293e-01 
 3.798308376084e-01 -3.008120955661e-01 -6.643171963657e-02 
-2.032599501241e-01  7.971331968779e-01  1.525661697910e-01 
-7.149450517251e-02  1.066279859086e-01 -2.659698359724e-02 
 1.333946279804e-03 -5.992248513777e-01  5.653284213385e-02 
 6.473890327547e-02  3.683189982347e-01 -2.232125872081e-01 
 1.021099552085e-01  3.058349529329e-02 -1.654625485283e-01 
-2.555547620372e-01 -4.109370373436e-01  5.368268282774e-01 
-1.328848568730e-01  8.613003675185e-02 -2.192012260132e-01 
-2.130693434253e-01  1.592217090046e-02 -2.608012020221e-01 
 1.515843623842e-01  1.348340763009e-01  1.649160391391e-01 
 2.517030960540e-01 -5.772135468215e-03 -2.091481182104e-01 
 5.526393918648e-01 -1.613101337217e-01  3.953304286681e-01 
-7.057136437278e-02 -3.026758842500e-01  3.135467821041e-01 
-2.699345782244e-01 -1.892396670946e-01  1.451528720952e-02 
-1.566156426502e-01 -7.402751495159e-02  2.950437256281e-01 
 2.868797394258e-02  1.110078918823e-01 -7.616102066645e-02 
-1.297803640740e-01  1.740761104197e-01 -6.504188933723e-02 
-1.689426878301e-01  5.743187274518e-01 -2.952549728190e-01 
-4.058987347892e-01 -2.366992637985e-01  2.877732901827e-01 
-1.823279083950e-01 -6.563379442012e-02 -1.327210307515e-01 
 4.022124476687e-01 -2.511655104637e-01 -4.902593335183e-01 
 2.975002461584e-01 -2.793207425511e-01  4.012308805999e-03 
-1.138389391148e-01  2.266622827576e-02 -3.174676798011e-01 
-5.471325401967e-01 -1.706934208110e-01 -3.978370092094e-01 
-5.113075683528e-01 -4.257884101339e-02 -9.961914306449e-02 
 9.686998307136e-02 -4.155136820506e-01  3.100904745235e-01 
 3.485549444523e-01  2.479126340559e-01  1.496245227395e-01 
-2.613262571465e-01 -7.344152791999e-02  1.367755587079e-01 
-5.893111943623e-02 -3.255692898466e-01 -2.154835180937e-02 
 1.770697085052e-03 -8.771742490430e-02  1.186814667532e-01 
 4.148124457202e-02 -4.314435761971e-02  2.420757789835e-01 
 1.227949983624e-01  6.384472685293e-02 -2.757499396747e-01 
-1.026887008083e-01 -3.730875847568e-02  1.709649709933e-01 
 7.785970106006e-01 -2.087663399448e-01  7.330139994552e-01 
 4.848200281167e-01  9.772680680833e-02 -2.883021823541e-01 
-2.902607644548e-01 -1.251883686763e-01 -2.096779698103e-01 
 2.512195180171e-01  2.395787870048e-01 -1.861514176456e-01 
-2.632096720277e-01  1.325852301113e-01  3.411311615248e-02 
 1.849040528776e-01  1.714547544001e-01 -2.054075507625e-01 
-1.395287345817e-01  4.480124180896e-02 -2.830063797664e-01 
 1.329514340254e-01  2.422270074017e-01 -2.352817770713e-01 
-2.313270413629e-01  8.068133489663e-01  3.826450662895e-01 
 1.467751921523e-01  1.653203062727e-01  1.322126345827e-01 
-2.928315253888e-01 -1.926109632539e-01 -7.131626730124e-02 
 9.348771365772e-02  2.061582717444e-01 -1.224205126913e+00 
 2.267087875634e-01 -6.334298652831e-02  2.972630518895e-01 
-2.482673628241e-03 -5.410441782795e-02 -3.726590818682e-01 
 3.308403484040e-02  4.924902566939e-03 -5.826474561082e-01 
-2.056884072786e-01 -1.101402108078e-01 -2.917113203827e-01 
-1.231771840876e+00  1.450032288321e+00 -2.093505951932e-01 
-8.699290599133e-02  2.151571676471e-01  1.288803255846e-01 
 1.167050997780e-01 -7.272174279343e-01  4.214451967640e-01 
 1.415359535954e-02  6.265261254482e-01 -8.029956673730e-02 
 2.504499378154e-01  4.141366136418e-01  5.973041437597e-02 
 4.223977552273e-01  1.675874365785e-01 -7.108260985912e-02 
-1.374117963751e-01  1.210919749177e-01  2.432758135107e-01 
-9.047752168659e-02  1.126402566881e-01 -2.229648059033e-01 
 2.225184670005e-01 -2.425298330242e-01 -1.915958612824e-01 
 1.492799159966e-01  2.190017786517e-01  5.810489112252e-02 
-3.106185852057e-01 -1.994550980713e-01 -4.736645204072e-02 
-1.809915126456e-01 -9.704817901061e-01  3.366714361855e-02 
 4.958778010144e-02 -2.633479089457e-01  5.846199161819e-01 
-1.174145125320e-01 -7.309801532999e-02  1.930936959646e-01 
-3.337543498420e-01  2.075202653115e-01  2.391467152739e-01 
 1.973867809530e-01 -2.877382379954e-01  6.522994934054e-02 
 2.638054755212e-01 -3.729368956396e-01  1.390771165735e-02 
-3.591699082126e-02 -2.793179531779e-02 -1.357452222235e-02 
-7.075034795310e-02  3.371613784697e-01 -3.172234058418e-01 
 3.551283429659e-01  6.562103209584e-02  6.401720042371e-01 
 3.829671935805e-01  5.743207485678e-01 -9.515685562897e-02 
 4.292751389113e-01  6.199446696068e-02  2.467822837514e-01 
 1.263906877019e-01 -2.571965892065e-01  9.504081289778e-03 
-1.581626302911e-01  2.331519925497e-01  8.552534745944e-02 
-4.079293422493e-02 -1.233720919109e-01  3.188412314392e-01 
-5.628048422563e-01  1.042929639261e+00 -1.277841216826e-01 
-3.053447823625e-01 -4.061872547047e-01  5.166102533440e-01 
-1.232242955459e-01 -8.468984478128e-01 -6.238896278527e-01 
 9.579254208546e-01  6.858183068058e-02  5.188976973292e-01 
 2.646826396265e-01  1.612949978557e-01 -4.430537024602e-02 
-3.805523138409e-01 -3.061174346928e-03  4.149209633935e-01 
-4.040883919761e-01 -6.930267865937e-01  8.655406699708e-03 
 3.095044521340e-02 -8.362444224359e-02 -8.592578059012e-02 
-6.912994693411e-02 -6.611138695022e-02  1.546452037163e-02 
 3.138060733088e-02  3.452302951019e-02  1.532751427381e-02 
-2.452971441197e-01 -2.676610307395e-01 -3.380566036483e-01 
-2.350573300724e-01  2.030059399998e+00 -2.825816839891e-01 
 1.194084573835e+00  1.398039924141e-01  5.470167412426e-01 
 8.288917901709e-02 -1.519659542486e-02 -1.257358923888e-01 
 8.676346137489e-02 -2.631912358049e-01  1.221322777047e-01 
-1.000589938691e-01 -3.279718009151e-02 -1.428208783642e-01 
 2.986778047673e-01  1.522033400215e-01 -9.293286676090e-02 
-4.898265882155e-02 -9.034000600490e-02  2.047412864882e-01 
-2.585979543711e-02 -2.872662866332e-01 -6.199164524910e-01 
-1.134755610414e+00 -7.428010865367e-01  6.393112100966e-01 
-9.122484310754e-02 -1.556471032096e-03 -1.119949111809e-01 
-4.445133336599e-01  7.079101221405e-01 -2.940687667743e-01 
 8.894858598593e-01  3.061420999430e-01 -2.278632123267e-02 
-1.090398638378e-01  5.311716978014e-02  4.674880033004e-02 
 1.002560249300e-01  7.130343631280e-02 -5.141968273388e-02 
-5.735176558898e-02 -6.189688836487e-02  1.484015264918e-01 
-2.381967917218e-01 -1.147864765995e-01 -1.608470710063e-01 
-1.734746852694e-01 -9.491264210699e-01  2.241221454552e-01 
-5.026099372598e-01 -1.374037777306e-01 -9.545754315467e-02 
 6.868995889013e-02  3.222598967565e-02  1.043499772981e-01 
 2.556055798233e-01 -3.740570027814e-01 -3.858455779998e-02 
 9.373703123727e-02  6.985541508861e-02 -1.146179054702e-01 
 9.665019095047e-02  2.193919278251e+00 -4.662862816280e-01 
-7.443162440294e-01 -6.841257980382e-01  8.214041746981e-01 
 1.151603519385e-02  3.271594022245e-02 -1.012647790931e-01 
-2.626939448821e-02 -1.265271481972e-02  9.098223416732e-03 
 1.489932321552e-02 -4.847768270052e-02 -1.017614320112e-01 
-5.623064325460e-03 -6.117785522048e-03 -6.866855149287e-02 
 8.375898548254e-02 -5.189296895816e-02 -1.759024412052e-01 
-6.618015375925e-01  6.270154157655e-01 -7.102762215743e-01 
-6.419933440671e-01 -1.759465484849e-01 -5.346835907333e-01 
-5.754193226185e-01 -3.433663604023e-01  1.934509507393e-02 
 6.063416141929e-01  2.217457547597e-01  2.438402967840e-01 
-1.041499354041e+00 -6.868703288051e-03  1.667001377826e-02 
-2.915175007702e-02 -5.252354753232e-03  4.248896252655e-02 
-1.647145250083e+00  3.612978398576e-01 -3.961402699888e-01 
-7.193848323964e-01 -3.454407271633e-01  1.742015719822e+00 
-4.338006734431e-01 -5.093026482254e-01 -6.213993080599e-01 
-2.280379489155e-01  9.245496831403e-02 -7.003424574785e-02 
-1.805787405857e-03 -4.180796655763e-02  1.852355059297e-02 
 2.239120264281e-02  5.447526489551e-02 -2.484352041362e-01 
 6.463757408539e-02 -4.394579416698e-03 -5.211182714957e-02 
 9.499805807832e-03  1.454919754622e-02 -1.258593736316e-01 
-1.333388399254e-03 -5.765880562309e-02 -5.357960401114e-03 
-8.885594982414e-02 -4.061177360932e-02  1.071308926001e-02 
 3.936119086007e-01  1.974450424623e+00  8.018817617063e-01 
 1.668557124033e-01 -2.829361740998e-02  1.981784192486e-01 
 4.008491343586e-03 -2.382847265810e-01  1.241302298941e+00 
 4.715874080467e-01 -6.428889151181e-01  3.455691300596e-01 
 1.138125503148e-01  1.399636788712e-01 -5.720048084285e-03 
 6.196877101927e-02  4.762716630706e-04  5.790040048365e-02 
-1.351443593125e+00  5.355723734181e-01 -1.336487120362e-01 
-6.936346305027e-01 -3.799609753937e-01 -3.004865858124e+00 
 1.107900991383e+00  1.187469141733e+00  4.500131899312e-01 
 3.096605888838e-02 -9.942261358989e-02  4.670185896692e-02 
 3.849283448002e-02  3.374400767110e-02  2.324341170006e-02 
orbocc
(*)
 0.000000000000e+00  0.000000000000e+00  0.000000000000e+00 
 0.000000000000e+00  0.000000000000e+00  0.000000000000e+00 
 0.000000000000e+00  0.000000000000e+00  0.000000000000e+00 
 0.000000000000e+00  0.000000000000e+00  0.000000000000e+00 
 0.000000000000e+00  0.000000000000e+00  0.000000000000e+00 
 0.000000000000e+00  0.000000000000e+00  0.000000000000e+00 
 0.000000000000e+00  0.000000000000e+00  0.000000000000e+00 
 0.000000000000e+00  0.000000000000e+00  0.000000000000e+00 
 0.000000000000e+00  0.000000000000e+00  0.000000000000e+00 
 0.000000000000e+00  0.000000000000e+00  0.000000000000e+00 
 0.000000000000e+00  0.000000000000e+00  0.000000000000e+00 
 0.000000000000e+00  0.000000000000e+00  0.000000000000e+00 
 0.000000000000e+00  0.000000000000e+00  0.000000000000e+00 
 0.000000000000e+00  0.000000000000e+00  0.000000000000e+00 
 0.000000000000e+00  0.000000000000e+00  0.000000000000e+00 
 0.000000000000e+00  0.000000000000e+00  0.000000000000e+00 