2mocoef
header
1
MO-coefficients from MOLCAS
1
48   48
a
mocoef
(*)
-4.096401954588e-05  2.641384582784e-03  4.396969235272e-04 
-1.240668396030e-03  1.967973632617e-04 -1.150469562096e-03 
 9.551413254556e-05  1.006169267251e-04  7.451767107969e-04 
 1.733559170461e-05 -3.295342997071e-05  1.108144689192e-04 
-5.405703683591e-07  8.601497201762e-05  1.000507828928e+00 
-9.387661603498e-03 -1.222312415199e-03 -3.633838363311e-06 
 6.939949050263e-05 -4.935962795264e-04 -3.887982659286e-04 
 4.321731759713e-04  1.155264606940e-03  4.418509124630e-04 
 2.522674472904e-04 -3.983085841021e-04  2.050454603641e-05 
 1.428280870961e-04  2.373831397576e-03 -1.060717598342e-03 
 1.476230116398e-04  9.163701495887e-06 -1.969034126825e-05 
-3.297660151012e-03  2.169453628117e-03 -2.324606568972e-04 
-7.529498327749e-04 -3.294284280310e-04 -6.247197013591e-03 
 3.741939335658e-03  1.262244736860e-03  6.241078123508e-04 
-3.465397593078e-05  1.054911799449e-03 -5.646299370033e-04 
-5.683016282838e-05 -4.691268908153e-05 -2.060474539281e-05 
 1.000763426568e+00  3.770756108575e-03 -4.613444969500e-03 
-1.074612685293e-03  1.709944090365e-03 -9.227906224830e-04 
 1.041848135255e-03 -1.249796875121e-03  3.074778389830e-04 
 3.701812745462e-04 -6.531801509676e-04 -2.325386871524e-04 
 9.244195295637e-05  4.435971101380e-04 -7.714865617789e-05 
 9.416381581961e-04  1.822902396117e-04  4.889719959467e-05 
-1.133462687267e-04 -3.120410456070e-06 -5.839722022145e-05 
 2.760837548532e-04 -3.406548268238e-04  7.910908082747e-06 
-4.035684784023e-05  4.587640704844e-05  3.408330205840e-05 
 5.509455636741e-06 -5.869756059085e-04  1.443409825511e-03 
-5.630656275708e-04 -6.510772282630e-05 -1.925008298066e-04 
 3.904262478561e-04  1.780384185074e-04  3.661826164006e-05 
 2.355389010639e-05 -1.756324628521e-05  2.395041939697e-04 
 1.071387876172e-04 -5.748909028915e-05 -7.667716160660e-05 
-7.513006744428e-05 -6.461411700001e-04  1.265930538856e-03 
 3.016285118108e-04  3.324560816024e-04 -3.841516420532e-04 
 5.926299670582e-03 -7.950275698327e-01  1.113093667051e-01 
 8.742300978604e-02 -5.671712145978e-02  1.014693863790e-01 
-1.369671194979e-02  1.627850794026e-02 -4.512971751415e-02 
-4.742350374298e-03  7.731277436870e-03 -3.725419536597e-03 
-4.933758320740e-04 -5.526177695167e-03  1.987436056655e-03 
-2.190535430986e-01  3.912775980036e-02  3.247822515904e-02 
 5.099610457870e-02  6.629994551895e-02 -9.616308290776e-04 
-6.681971576848e-03 -1.448495377909e-02 -6.451022220722e-04 
-1.508833633363e-03 -4.281878051526e-03 -2.893830721540e-04 
 1.611773651004e-03 -3.748999471185e-01  1.684062662757e-01 
-2.697477669489e-02 -4.596561368214e-03 -9.394348535125e-03 
-1.355636595649e-01  7.028689247973e-02 -3.954715542277e-03 
-1.257493704852e-02  7.761395414797e-05 -2.777863884649e-02 
 2.118911033142e-02  4.854442302440e-03  3.096484931112e-03 
 8.726454840665e-04 -3.270219246726e-01  1.440327522191e-01 
 1.564847064508e-02  1.290729796137e-02 -1.576484104718e-02 
 1.622098053778e-03 -8.290593133695e-02  6.998326286299e-03 
-4.335868190857e-02 -9.688589639019e-02  1.181931278136e-01 
-1.226800209869e-03  5.741171246723e-03 -2.469171231389e-02 
-2.330898720081e-03 -2.431562178017e-03  4.178017304560e-03 
-4.925600237065e-03  1.000233485959e-03  1.243019433691e-03 
 3.885056120945e-02  3.807309201522e-02 -4.648908947938e-01 
-4.857750086740e-01 -1.412366730923e-01  8.394442305208e-02 
 7.714390397878e-02  2.339766750568e-02 -5.832363151047e-03 
 9.904114828319e-03  6.430365966766e-03  4.667218535151e-03 
-1.505978407767e-02 -3.158845281629e-02  7.466343038818e-03 
-2.259912500856e-03 -2.011810576818e-03  1.480477628733e-03 
 5.046874106761e-01 -2.060004520484e-01  7.202257824883e-03 
 3.354759906197e-02  1.225967217320e-02 -5.392950085892e-01 
 2.299202221929e-01  3.187430774050e-02  1.261075762220e-02 
 1.477971401476e-03 -1.453142440934e-01  6.554434338807e-02 
 6.353283485833e-03  5.565588488215e-03 -5.054979742614e-03 
-1.661932133256e-03 -6.081502616989e-02  1.536218543304e-02 
-6.077236364926e-01 -2.805519086246e-01  1.211285756506e-01 
 7.186157121294e-02  2.842207715098e-02 -7.510170932290e-03 
-9.993437762895e-03  1.341613680733e-02 -8.124050471774e-03 
 1.787983104696e-02  2.115841135686e-02 -4.680547426389e-04 
 4.148095968783e-02 -2.825455083011e-02  9.421058958194e-02 
 1.116337660312e-01  9.705691332616e-03 -1.733619869681e-02 
-1.302742076545e-02 -7.630482988662e-04  1.508532361260e-03 
-9.840447573607e-04 -3.145757573052e-05  1.775649821042e-03 
 2.897759301252e-03  4.972325569258e-01 -1.732288584186e-01 
 1.616511013146e-02 -1.562957266714e-03  1.225901549205e-02 
-5.979739741581e-02  9.636542883823e-03 -1.837922885314e-03 
-1.867635465332e-03 -7.477593064440e-03  1.355964516078e-01 
-5.265491800546e-02 -9.014050907844e-03 -3.609213369338e-03 
-1.907600037494e-06 -5.342567769414e-01  2.004226707085e-01 
 7.141998802054e-03  1.276356911763e-02 -1.894852850477e-02 
-9.375293193929e-03 -1.447719029039e-01 -9.890643803805e-03 
-6.139541379857e-02  2.289511589746e-01  8.774347928179e-02 
-2.873738568942e-02  4.297329485857e-02 -1.063606996450e-02 
-5.908642074251e-03  1.083563395646e-02  1.385405321747e-02 
-6.239936581530e-03 -4.879387335253e-03 -5.080470538100e-03 
 2.012986228323e-02  7.868987822848e-02 -2.517473657070e-01 
 3.915090496768e-01 -7.167357238696e-01 -1.940697403753e-02 
 2.684042253248e-02 -5.399896417778e-02  5.831472979353e-03 
-7.907088539470e-03  1.870670153657e-02 -3.097057524745e-03 
-1.505841104394e-03 -5.035098154165e-02  3.507934478434e-02 
-2.309381235885e-03  4.584179369011e-03  5.620782658764e-04 
-7.387644252651e-02 -3.606552398829e-02 -9.384324946599e-03 
 8.485269632238e-03 -1.020670335342e-02 -5.535647721533e-02 
 6.690807353491e-03 -3.559735652447e-03  1.341263550133e-02 
-2.076038128597e-02 -3.096685111332e-04  1.898778413359e-02 
-1.675602191335e-03  3.936639951801e-03  8.697291682718e-04 
 1.725725502363e-03  2.192952716332e-01 -2.799905227729e-02 
-8.547759358928e-02  7.408700272274e-03 -8.056542683336e-02 
 6.879688947809e-03 -6.038254413082e-03  2.344247658940e-02 
 9.648660085935e-04 -3.910614321288e-03 -7.248187269012e-03 
 1.099416458611e-03  4.388481664385e-03 -1.222991167528e-02 
-8.725440502091e-01  1.108000949589e-01 -9.794587871048e-02 
 1.286087702611e-02  2.275835628928e-02  4.025976940323e-02 
 7.606983014558e-03 -1.669296328800e-03 -6.079609022272e-03 
-1.801683518808e-03  2.832024968859e-03 -4.795296239425e-04 
-1.051520996722e-03  1.716781675343e-01 -7.462679361414e-02 
 9.810701862259e-03  1.628255783565e-03  2.401998473346e-03 
-2.326361087443e-01  1.188245605299e-01 -1.203620787702e-02 
-2.338780526756e-02 -1.158437059684e-02 -3.702116435977e-01 
 1.861637078448e-01  3.285011748125e-02  1.951859952451e-02 
 2.549673125113e-03  7.582954928050e-02 -3.560385458661e-02 
-4.710312943282e-03 -3.394761709070e-03  2.886163089108e-03 
 3.501531695739e-03  3.162440086263e-01  1.090536079383e-01 
 2.257069937092e-01 -3.253311858290e-01  3.628308852947e-01 
-1.450285716828e-03 -3.269403728537e-02  2.730676678040e-02 
 3.230191346956e-03  5.380118108984e-03  1.707593057565e-03 
-5.358305816727e-03 -1.779825114942e-03  6.570598961792e-04 
 7.244209252662e-02  1.426603220263e-02 -4.663667647702e-01 
 4.478269097132e-01  4.109261045082e-01  2.705439998550e-04 
 7.971742726321e-03  2.262511096204e-02  9.115404978997e-04 
-4.976022667978e-03  1.095970807077e-02  4.761986244128e-03 
-1.834981800748e-03 -1.664220491144e-01  3.469205146252e-02 
-4.168072730659e-03 -7.528335373839e-03  2.653448710556e-03 
-2.337400578905e-01  9.335367520682e-02 -1.480744501768e-02 
-1.092135787529e-02 -1.347589012399e-02 -1.634619881850e-01 
 7.051695171427e-02 -1.517206007631e-03  1.733729320622e-02 
 1.241033739363e-02 -1.527557487343e-01  4.524739141590e-02 
 1.057824801059e-02 -1.478590293226e-03  6.409189477694e-04 
 1.067345697907e-03  2.750341715310e-01  7.053283146062e-02 
 2.312546600553e-01 -3.170939900565e-01  4.489833767266e-01 
 5.365622840529e-03 -2.187949424723e-02 -1.875738383962e-03 
 3.164559266688e-03  1.346323741934e-03  1.337728227974e-02 
-3.269935691288e-05 -4.845878759849e-03 -9.008151746453e-03 
-3.042159354595e-01 -5.752987377462e-02  4.087556811521e-01 
-1.326577236788e-01 -3.042324059731e-01 -6.495470947641e-04 
-8.249494375380e-03  1.653138640715e-02 -1.534699209629e-03 
 4.473668163515e-03  9.555669134354e-03 -9.375313233370e-03 
 5.062434936788e-03 -1.955007212641e-01  5.777521097670e-02 
-5.813551144309e-03 -6.533148839165e-03  3.257627165509e-03 
 7.994281517559e-02 -3.817731281151e-02  1.351279304283e-02 
 1.010270834632e-03 -1.900042941385e-02  1.443659237189e-01 
-5.841738173241e-02 -7.614684946332e-04 -9.621387021013e-03 
-9.667663651507e-03 -1.946487022515e-01  6.909367566642e-02 
 1.146334667008e-02  1.830742421996e-03 -9.682342363802e-05 
-8.022735204734e-03  1.695358989153e-01  2.507287730367e-01 
-1.381176564900e-01  4.963557738321e-01  4.809050733662e-01 
-6.040909522966e-02  2.412920818114e-01  1.797548209729e-01 
-1.044521565783e-02  5.833728567629e-03 -1.402369494514e-02 
-1.455729347932e-03 -5.859400253833e-03 -2.796247543449e-03 
-1.115607776057e-01 -9.217447190976e-02  5.399118592428e-02 
-1.683163283629e-01  3.198032754332e-01  1.942353541646e-03 
-7.062546362336e-02  1.304928463366e-01 -8.258152912344e-03 
-6.864837936457e-03  1.227819752775e-02  3.830191284464e-03 
 1.050130812414e-04 -4.684971037402e-02 -8.820475217110e-02 
-5.792959901541e-03  1.310334305969e-02  1.144254124698e-02 
-1.060797913327e-01 -1.243347495582e-02  1.607207313047e-03 
-2.340996236530e-03  4.899593711350e-03 -6.890165519698e-02 
 1.141747072758e-01  1.304331431722e-03 -6.453414020008e-03 
 7.099479707333e-03 -1.226574273377e-01 -9.894043231729e-02 
-8.467866864541e-04  1.576152063819e-02  1.247231452601e-02 
 1.678134881449e-02 -1.874985702421e-01 -6.302657571455e-01 
 1.350665333807e-04  4.410069525221e-02  6.262344849069e-02 
 1.228828011398e-02  2.846291821583e-03  7.859743179696e-02 
 3.359474017901e-03 -5.397594802404e-03 -1.319445724441e-02 
-9.220311834889e-03 -8.261442398275e-03  3.243322915239e-02 
-2.633820726123e-01 -8.934450636926e-01 -8.266516901506e-02 
 1.889138360063e-01  6.731187398469e-02 -1.025020194171e-01 
 1.488862858296e-01  6.091270447800e-02  7.723204232654e-03 
 4.109314001256e-04 -7.951352347819e-03  3.909516080500e-03 
-4.111407980051e-03 -1.064752590980e-02  3.358966225027e-01 
-9.276662959781e-04 -1.276057360456e-03  8.151060774339e-03 
 3.774545428296e-01  7.746648003709e-01 -8.829221883178e-03 
 1.036449392974e-03  2.940770779840e-03  2.601428331207e-01 
 5.443196421322e-01 -8.592100224876e-03  6.252174564618e-03 
 3.438914275535e-03  1.057405409869e-01  3.933157692451e-01 
-5.629758789216e-04  3.361488302916e-03  5.988163964233e-03 
-3.025752382974e-02  1.773846273281e-01  1.065745961307e+00 
-2.375917546476e-01  8.918871688174e-02 -2.807843335832e-01 
-4.014628196125e-01  9.921441793499e-02 -4.736844898979e-01 
 3.858184246300e-03 -1.908934038088e-02  4.072796143889e-03 
-7.809358104165e-03 -5.185428550249e-03  7.561149480305e-03 
-8.272948342848e-02 -2.163308459296e-01  6.972771440652e-02 
 1.998744750437e-01 -2.083576473442e-02  1.085595693374e-01 
 2.009734822127e-01  2.812539467480e-03  1.327511212964e-02 
 8.675449610904e-04 -9.572490346635e-03  4.247920056708e-03 
-7.856526893110e-04 -2.345220557992e-01 -1.387736440180e+00 
-5.898671337570e-03 -2.689606979827e-03 -1.909326730999e-04 
 2.802836729725e-01  6.983776282910e-01 -1.923390921097e-03 
-8.458794270899e-04 -1.277463432787e-03  1.139868498145e-01 
-2.379068889385e-01  9.734461038687e-04  1.289615173171e-02 
 8.668492829438e-03  4.682883812850e-02 -6.916701609202e-01 
-2.672911036597e-03  4.619457817534e-03 -8.349307421447e-03 
 1.554707402812e-02 -6.196599244520e-02 -4.879540600383e-01 
 1.970227117888e-02  5.226734927478e-02  2.098099510453e-01 
 4.348543012399e-03  3.446533852404e-03  2.156618677124e-01 
 1.625642091229e-03 -8.157033982446e-03 -1.504674542669e-03 
-1.513000506386e-02 -1.170646707947e-02 -1.460375782116e-02 
 5.778985632341e-02  4.303188144537e-01  3.260381559673e-01 
 2.581985146516e-01  1.244890432270e-01  3.905349519933e-01 
 3.427038768572e-01  1.295806304194e-01  7.760675998244e-03 
-4.193297264799e-03 -3.580933444831e-03 -8.801271156930e-04 
 9.269592465791e-03 -6.728276872804e-02  3.679092207120e-01 
-1.283281667491e-03 -4.914449401399e-04  8.832061416453e-03 
 5.436973637478e-02  7.517340753621e-01  2.871272858983e-03 
-5.108646476738e-04 -4.964588629180e-03 -1.316754248748e-01 
-1.508473881022e+00  1.152339485337e-02  8.144434190817e-03 
 4.612491592139e-03  1.723131042304e-01  4.171255704581e-01 
-2.278851266462e-03  4.544230006478e-03 -2.676758843041e-03 
-3.266284872959e-03  4.489407227452e-02  2.223683616157e-01 
 4.347310843605e-01  2.527617564241e-01 -1.999121117179e-01 
 7.627986763521e-01  4.486879951632e-01 -3.744903258697e-01 
 2.276113984449e-03 -5.797035620971e-04 -7.798364599374e-05 
 3.048706300229e-03 -8.940868318500e-03  7.951518198645e-04 
-1.699836396500e-02 -5.369505321283e-02  5.164452673726e-03 
 6.350995541154e-02 -3.395796730181e-02  6.059828282861e-02 
 1.265054711530e-01 -2.426991017491e-02  2.520969768137e-03 
-7.566632310920e-03 -5.771181271228e-03 -8.508224537063e-03 
 2.358403395275e-03  1.162694724916e-01  1.069742614822e+00 
 5.541674198196e-03  2.445832814306e-03  1.124736387646e-03 
 1.817218313125e-03  6.130019863962e-01  2.791990186891e-03 
 3.859189932223e-03  1.255542245488e-02 -2.868669387626e-03 
-2.218197516624e-01  6.896849941751e-03  2.725995567541e-03 
-8.631679889842e-03 -1.623628422511e-01 -1.689276272498e+00 
 6.418703646832e-03  1.706600443787e-03 -3.630071315745e-03 
 2.601615186933e-02  1.669646539535e-01 -4.257573649255e-03 
 4.192702389402e-01  2.229063088942e-02  1.566735632434e-01 
-8.448129339832e-01 -2.890095103511e-01  1.148444015017e-01 
 4.377114827569e-02 -9.326773659192e-02  2.223873883756e-02 
-1.022479947228e-01 -3.343833905148e-02 -2.178729265985e-02 
-2.159703358492e-01  3.095937104711e-01  4.125099461340e-02 
-9.827579269276e-03  2.076269126826e-01 -1.994439304251e-01 
-1.055874767102e-01 -1.199026703111e-01  7.327417969638e-02 
 5.883683124280e-02 -2.691098871067e-02  4.477326208930e-02 
-9.544287447671e-03 -7.261461403698e-01  7.159690272540e-01 
-1.841169390815e-02 -7.558572831584e-03  3.951907840325e-03 
 1.133185622533e+00 -1.761386663775e+00 -6.752524986873e-02 
-3.182205422435e-02 -9.192095993467e-02  6.918631475407e-01 
-3.141346175217e-01  4.176802262364e-02  5.202427698069e-02 
 8.361974558502e-02  7.456153735088e-01 -5.642594227954e-01 
 6.832494302534e-03  1.088955946955e-02 -1.578305344222e-02 
 1.266280233207e-02  1.813830366258e-01 -8.344078334868e-02 
 1.173508312615e-01 -2.423275029503e-01  2.792847901378e-01 
-5.608651466592e-01  3.071622602805e-01 -8.547260156224e-01 
-5.753702746928e-02  3.592702235677e-02  8.150085048428e-02 
-7.053613099536e-02 -1.200846812150e-01 -2.065957033963e-02 
-1.308912202023e-02 -2.294544178607e-03  1.391053455962e-01 
-2.445327145568e-01 -1.505656990675e-01 -1.039285370406e-01 
 8.302833806618e-02 -8.826433716970e-02 -5.857875983699e-02 
-5.124861242522e-02  4.724242015291e-02  3.833415889045e-03 
 3.102085500961e-02 -1.413555488426e+00  9.911977483738e-01 
 5.054789168889e-02 -6.311771441348e-03  2.023194309959e-02 
-1.138886538913e+00  1.235241667481e+00  2.489331964606e-02 
 7.611426393280e-02 -2.235245499131e-03 -3.644903792520e-01 
 5.626923068951e-01 -9.861128319971e-03 -6.449362113117e-02 
 2.044798569631e-02 -7.902477893365e-02 -2.006301064731e-01 
-4.377391099327e-02 -4.498133025919e-04 -4.532479245491e-02 
-2.551963920141e-02  5.006258259973e-02  8.343160537759e-02 
-9.985337331498e-02  4.622262149719e-01  2.143212135901e-01 
 1.851288338357e-01 -2.896589899920e-01 -6.928953938770e-01 
-1.326937015742e-01  9.524598951466e-02  1.864057855908e-02 
 9.086540890917e-02 -7.800170273922e-02 -4.433625722438e-02 
-2.184774189815e-01  4.955130611107e-01 -5.473762060501e-02 
 9.192871164570e-02  2.870526920325e-01  1.198963100925e-01 
 2.583131547412e-02 -3.893925032622e-01  5.479294778196e-02 
 2.612712427454e-02 -1.926334904801e-02  4.294368621274e-03 
-2.684964083566e-02 -5.599051691298e-01  3.863385280621e-01 
 5.103451147378e-02  6.504586170307e-02 -6.260202348470e-02 
 7.708844172830e-01 -6.811970985890e-01 -1.884030550820e-02 
-8.305600407119e-02  1.133822926603e-02  1.220497614945e-01 
-2.686276964835e-01  2.252598529751e-02  5.474793078574e-02 
 2.183952834488e-02 -1.574043609256e+00  1.312406784066e+00 
-8.242401920852e-02 -4.087961810162e-02  3.326181720907e-02 
 7.184092152088e-03  1.344000036362e-01  4.324030247780e-02 
 5.285894487614e-01 -1.239186399505e+00 -4.651658136035e-01 
-4.899627638216e-01  1.535417344150e+00  4.283102735002e-01 
-3.587644897355e-02  4.032761108394e-02 -4.587670862624e-02 
 5.572154722509e-02  1.469765887558e-02 -2.590631928703e-03 
-9.032016472667e-02 -7.130609563973e-02  1.575354603686e-01 
-9.541243238537e-02  2.111445239256e-02 -1.711967924458e-01 
 8.071516313207e-02  9.622055202688e-02  2.625000502614e-02 
-1.767176850540e-02 -3.477672409022e-02  1.487729582422e-03 
-3.084967746094e-03  1.085619358276e-01 -2.554512780665e-01 
-8.141728189297e-03 -9.809221203995e-03 -3.214562819258e-02 
 2.544461623152e-01  2.542178602010e-02 -3.029872101641e-02 
-1.296991618399e-02  5.377419276647e-02  3.903760305012e-01 
-5.005138670921e-01  5.654692676338e-04  1.986158440972e-02 
-3.619433118063e-02 -6.340295035097e-01  5.335102532008e-01 
 3.941429340589e-03 -3.830188406198e-02  1.367544441775e-02 
-9.232260739105e-02 -4.219728695186e-01  4.847501604289e-01 
 2.573324117648e-01  6.604466836916e-02 -5.734938206422e-01 
-6.257862690060e-01 -3.002734050249e-01  8.949393574135e-01 
-1.858916848999e-02 -1.759164627503e-02  2.836813525627e-02 
 3.162198240954e-02 -5.221363784322e-02  1.749959635017e-02 
 1.315577580241e-01 -2.238924000748e-01  3.768307676251e-01 
 1.589571775808e-01 -1.147678944994e-01  5.436887662236e-02 
 1.787379432631e-01  4.180151321663e-01 -1.053351183990e-01 
 3.892188367505e-02  6.216713996640e-02  1.397487259807e-02 
-1.092661213624e-01 -2.445708928492e-01  4.700698685296e-02 
-4.962198347223e-03  2.184638771104e-03 -3.439873056140e-02 
 8.159925848510e-01 -9.792804581904e-01  1.084091205060e-01 
-4.031306329820e-02 -7.871009951554e-02 -1.667665307519e+00 
 1.484960210537e+00 -1.949710683542e-01 -5.986609765621e-02 
 2.328882368725e-02 -5.882338522190e-02  4.340462130177e-01 
-4.277539877951e-02 -2.167124525242e-02  4.356733146201e-02 
-1.852847127653e-02 -1.328835590809e-01  6.527799472169e-01 
 7.125893370248e-01 -1.293933974203e-01  1.059383979218e+00 
-1.071326831368e+00  2.825827004143e-01 -1.818613956888e+00 
 4.904814576132e-02 -2.774146262773e-02  5.743824661620e-02 
 1.260587593649e-01  1.216396701954e-01 -6.094490902608e-02 
-2.067667858477e-01  4.442782200408e-01 -9.693281272563e-02 
 2.590939029680e-01 -7.175896081513e-02  3.442582947143e-01 
-1.753234160581e-01 -2.504735348282e-01 -1.179225234128e-02 
 8.278725016540e-03  3.594603567701e-02 -7.897679660705e-04 
-3.345452540303e-02  7.507412581740e-01 -1.609915274279e+00 
-1.677884820934e-01 -1.684451027640e-02 -1.060263405275e-01 
 5.876007544877e-02  3.218910261034e-01  2.807794249270e-02 
-3.782378911321e-02 -1.899638645924e-02 -6.266617724604e-01 
 6.558578161738e-01 -3.493618435815e-02  2.762140210342e-02 
 5.812683090782e-02  2.647184681573e-02 -3.236442311303e-01 
 3.854073661943e-02  2.256551724898e-02 -4.343718387567e-02 
 4.581582700873e-02  2.408441299412e-01 -4.575091143135e-01 
 9.366011874028e-01  7.237585846082e-01 -3.687472401321e-01 
-1.796541251979e+00 -1.287481298130e+00  8.726441507945e-01 
-4.479456990066e-02  1.639332415406e-01 -1.085466950840e-01 
 1.058452910769e-01  9.055644511343e-02  4.455320363833e-02 
 1.784706230728e-01 -4.007745557312e-01  9.953121221732e-02 
-3.615732272617e-01 -2.112649051774e-01 -1.989798975471e-01 
 3.255349897083e-01  2.912157720616e-01 -3.602726264574e-03 
-2.881361249743e-02 -1.212576181668e-02  1.188859012973e-02 
 5.950295810413e-02  2.927475669616e-01 -1.205138600618e+00 
-1.334357957533e-01 -2.625669043270e-02 -2.000026105678e-02 
-5.555490732325e-01  3.608828734290e-01 -3.701849507159e-02 
 7.999160269648e-02  6.893000731649e-02  4.177776000965e-01 
-2.489571796236e-01  4.074565198996e-02 -3.496486433622e-02 
 2.719213887387e-02 -3.434698124011e-01  1.724969640123e+00 
-7.432692116375e-02 -1.179296145130e-01  1.694781470500e-01 
 2.264287026589e-01  1.035905138527e+00 -1.680253018393e+00 
 2.388238410325e-01 -4.880155237110e-02 -4.355252401002e-01 
-5.572497242580e-01 -1.247760847228e-01  8.395092132047e-01 
-3.336503867037e-02 -8.599571090544e-02  1.066840530925e-02 
 9.937357783212e-02 -7.359344294499e-02  4.223235855579e-02 
 2.695726319710e-01 -2.517700145492e-02 -9.730907659414e-01 
 6.825001743787e-01 -1.945789487648e-02  1.322252970198e+00 
-8.402596583168e-01  1.860495670265e-02  1.124299752041e-02 
 5.946832020868e-03 -1.811614260103e-02  9.642543475165e-03 
 2.940760628350e-02 -2.412284608550e-01  3.813262088639e-01 
 3.941985353521e-02  1.743477844487e-02 -9.225944944698e-03 
-3.241385195732e-01  9.256565059395e-02  1.377684793019e-02 
-3.141360516201e-02 -5.873272656851e-02 -1.514157704109e-01 
-1.642620285611e-01  1.109637663272e-01  6.251668045154e-02 
 1.889223987986e-02  1.250224378135e-02  7.492860166583e-01 
-1.140362536782e-01 -9.659173196896e-03  5.410199041805e-02 
-4.185940515808e-01 -1.933958045143e+00  2.742699744571e+00 
 6.882403547841e-02 -1.135232964187e-01 -1.057184351467e-01 
-2.941577015397e-01  2.280138963109e-01 -1.065983938967e-01 
 2.145490116773e-02 -9.715021963161e-03 -6.591997991711e-02 
 6.302513639408e-02 -9.920209958696e-02  1.974874790197e-02 
 7.286980833986e-02  9.009129023622e-02 -6.044148026976e-01 
-7.504081342114e-01  3.310683648922e-01  1.297443494018e+00 
 1.419079097510e+00 -1.256962538605e-01  2.070377760380e-02 
-1.621325313871e-02 -3.473982122485e-02 -4.655964098543e-03 
 2.151863628943e-02 -5.786643850868e-02 -5.920017729153e-01 
-7.027331679849e-02 -2.821183001520e-02 -4.248924736849e-02 
 1.559430106417e-01  5.863714908157e-01  1.429343668724e-01 
 1.084308704919e-01  4.488458374560e-02 -3.396540580086e-01 
-6.820634949572e-01  1.898911204120e-01  1.549985750085e-01 
 6.188251566123e-04  8.439278826053e-02 -4.884781916838e-01 
-3.571394297834e-03  8.611066745278e-02 -5.119270625037e-02 
-4.334665727142e-01 -2.018042022420e+00  2.794628488886e+00 
 2.117646768592e-01  5.992875883021e-02 -2.578699100556e-01 
-5.820657964408e-01 -8.677187250594e-02 -8.323160859370e-02 
-4.035208794680e-02  8.506470589095e-03 -8.757079512691e-02 
-3.609762904873e-02  4.006582852857e-02  6.436296979631e-02 
 3.396906690708e-01 -4.870933199248e-01  1.464623635861e-01 
 5.166548756670e-01  8.183881086582e-01 -6.589828972095e-01 
-1.216579752876e+00 -1.129531882677e+00 -3.850309477301e-02 
-2.667697538976e-02 -7.205705868996e-03  1.673170824833e-02 
 2.790399247841e-02 -9.693436658978e-02 -6.910364667395e-01 
-1.084455490838e-01  1.784232264450e-02 -7.662979356596e-03 
-6.460962552770e-01 -1.944107621815e-01 -1.458000011970e-01 
-1.415958123691e-01 -7.637271684049e-02  2.815447398884e-01 
 5.553485795079e-01 -7.007330145195e-02 -1.876928769615e-01 
-5.570063923228e-02 -9.019523619745e-03 -3.183514063446e-01 
-4.420916315614e-04  6.419451926146e-03 -4.858701050345e-02 
 4.675114276955e-01  2.006368252590e+00 -3.213951619039e+00 
 1.375622642304e-02  9.703726140756e-03 -8.080584023311e-04 
 1.195620863663e-02 -1.165435791685e-01 -1.819653358205e-01 
 1.311879549034e-01  1.035823880123e-01  3.608301551421e-02 
 2.402058231785e-02  5.180117588865e-02  1.675449721352e-01 
 8.648066723141e-01 -1.076820786408e+00  5.061320496008e-02 
-3.680967923883e-01  9.703615864434e-01  5.231653045062e-02 
 6.084445422175e-01 -1.512714036471e+00 -5.313650598404e-02 
-2.445876500399e-02 -2.504627616853e-02 -1.521488035738e-02 
-5.293616412559e-02  1.818677735840e-01  2.166035917698e-01 
 6.615412579143e-02 -9.543198662275e-02  2.084040979385e-02 
-6.330741238454e-02  5.847212823321e-01  3.017749191207e-02 
-1.658705340997e-02  1.308824421643e-01 -5.219209928520e-01 
 7.273712428804e-01 -9.143705814125e-02  1.239076084805e-03 
 2.732797767461e-02  2.646029045573e-01  2.345346678230e-01 
-1.171973669894e-02 -8.949097540464e-02  2.692435731577e-02 
-1.003355283800e-01 -3.664123340477e-01  7.757918878239e-01 
-2.172830287906e-02 -1.196590216624e-02  2.357248918831e-01 
-1.048475296081e-01  6.066956461199e-02 -3.673098519030e-01 
 3.502475899739e-01  1.809185160139e-01 -3.054967534777e-01 
 1.020537051222e-01 -3.204412249184e-01  1.914999924027e-01 
 9.010755913054e-01 -1.204395940802e+00  6.864687567555e-03 
 2.016084388073e-01 -2.264267219305e-01 -1.521408656878e-01 
-3.576535765095e-01  2.096711653281e-01  2.405170100674e-02 
-5.514467583726e-02 -4.504262389569e-02 -1.664658180477e-02 
-3.876917322695e-02 -2.612516860209e-01  2.861190178194e-02 
 3.531120103701e-02 -2.729095717923e-01 -2.186804582192e-02 
 1.861333464470e-01 -2.120985659221e-01 -7.277870051147e-02 
-2.961239407656e-02  1.562873937175e-01  1.237236762460e-01 
 2.828169394999e-01 -1.317179258755e-01 -6.295679628509e-03 
-5.488159226157e-02 -3.002993474519e-02 -2.088571594578e-01 
 1.484615885604e-02  2.463000230029e-01  1.962672644539e-01 
 5.399446510839e-02  1.694204130484e-01 -4.515832583450e-01 
 1.091880952968e-02  1.093074291102e-01 -2.281547248541e-01 
 3.251626426267e-02 -2.306731140822e-01  5.075363326566e-01 
 2.677436294902e-01 -5.852094543696e-02  3.151636505898e-01 
 3.398790168435e-01 -1.588140592140e-01 -3.167585955898e-01 
-1.485899483602e+00  1.961751694985e+00  2.234749305350e-01 
-7.096596796265e-02  1.650289783928e-01 -3.786627837775e-01 
-6.343314501433e-02 -6.657918396776e-02  1.250522625201e-02 
 1.883472958970e-02  4.710625974105e-02 -7.918069089385e-02 
 6.412487486563e-02  2.006349201714e-01 -1.904796379118e-02 
 1.066622396547e-01 -1.692609043613e-01 -2.452831610102e-01 
-2.642263449421e-01 -2.275423123032e-01 -2.079748033896e-02 
-7.858971949503e-02 -1.606779500770e-01  1.693903115455e-01 
-3.975111941292e-01  1.372835217430e-01 -5.680715017371e-02 
-1.731995459599e-01  1.056673087107e-01  2.165805278067e-01 
-1.511641008805e-01  9.479077621285e-02 -2.199531336869e-02 
-7.452703547246e-02 -3.347155916559e-01  4.555744168962e-01 
-1.707591503002e-02  3.896873141126e-02 -1.615808480631e-01 
-2.172285233805e-01  8.640134057927e-03  1.633888900608e-01 
 1.750020011159e-01  5.174150001107e-01  1.055781909721e-01 
-2.622462731836e-01  1.364802067504e-01 -3.071671942917e-01 
-1.390653592395e+00  2.097792056331e+00 -2.518983094211e-01 
 1.987555561975e-01 -4.421538198105e-02  6.837381391196e-01 
-1.702866775461e-01  8.873839917467e-02  2.254201751720e-02 
-8.524286728941e-02  1.212155453566e-02  4.869195472098e-02 
-3.520204725202e-02 -2.385867462999e-01  9.843212356311e-02 
-1.684199170808e-02 -1.997336722841e-01  9.828041395995e-02 
 1.244562461542e-01 -3.993405030327e-01 -7.916617945554e-02 
-1.649255706829e-01  1.201568637490e-01 -4.309902520082e-01 
-2.657576602246e-01  1.435589486052e-01  3.969948364125e-02 
-4.966461278069e-02  3.486777387537e-02  4.460289960304e-02 
 1.753371174717e-01 -2.053051809040e-01 -2.021194599551e-02 
 9.031140315247e-02  3.769774440980e-01 -6.417319858212e-01 
 1.624861699533e-01  1.316043630542e-01  1.190293535380e-02 
-4.802460475063e-01 -5.786652816165e-01  2.274117433623e-01 
-2.516457358706e-01 -3.937582307080e-02 -2.265817122353e-01 
 8.143327353547e-02 -1.231674456711e-01 -2.152700336291e-01 
-9.395007532721e-01  1.415365745455e+00  1.623279954339e-01 
 7.495503662640e-02  8.396043281712e-02 -3.339992906323e-01 
-2.843850188801e-01 -2.120729611064e-01 -2.703375657564e-02 
-1.017155154012e-01 -1.647665116578e-01 -1.774938235705e-01 
-1.259694022462e-01 -3.451095484409e-02 -3.105289003202e-02 
-1.009053566248e-01  7.251831569730e-02  1.429378935239e-01 
-1.784892130083e-01 -5.447925454007e-01  2.913902787047e-01 
-3.588760034623e-01  2.973874582660e-01  1.045687070836e-02 
 8.061755429335e-02  2.697288715079e-03  1.906266819646e-01 
-3.564418217269e-01  5.884468398986e-01  4.243121755213e-02 
-1.460545856987e-01  1.288167669037e-02 -7.482496688851e-02 
 1.624205242976e-01  6.579409614462e-01 -1.050327794303e+00 
-8.124275692509e-02 -8.574174428781e-02  7.414910451316e-02 
 2.020151825019e-01  3.668879739218e-02 -4.261077012346e-01 
-8.412841962506e-02 -5.872362776225e-03 -3.392779542589e-01 
-1.930811392957e-02 -8.647997721263e-02 -2.331661591484e-01 
-9.710220041185e-01  1.612025389540e+00  1.912296678011e-02 
-3.604695318092e-02  7.436791484019e-02 -4.198381163035e-02 
 3.373918237559e-01 -5.776689809969e-01 -2.286177411793e-01 
 9.611335118181e-02 -2.187635911699e-01  1.064015132841e-01 
 9.413373836798e-02  1.137455314014e-01  7.763464033206e-02 
 3.289258668187e-02  4.636391674926e-02 -5.557155065436e-02 
 6.544918042887e-02 -5.858684337871e-02  1.746395426874e-01 
-2.260547864199e-01 -3.749095631410e-02 -2.967898431894e-01 
-1.311005521297e-02  3.645380844594e-01 -4.620591286897e-01 
 3.395442431691e-01  1.161602852052e-01 -1.293324734427e-01 
 1.076827163585e-01  1.108452900608e-01  1.551865663062e-01 
 1.077642510808e-01  4.597137920902e-01 -6.985903967816e-01 
-2.218094060205e-02  2.075052879825e-02 -1.969068079998e-03 
-1.364146668582e-02 -3.286746712698e-01  4.250254001607e-01 
-2.459529662671e-01  1.562163526095e-01 -5.042020259134e-02 
 1.960060365888e-01 -6.370495112486e-02 -1.579442583717e-02 
-3.260119505613e-02  1.879749996917e-01 -1.868773805114e-01 
-2.127403639849e-01 -1.183825768132e-01  7.286354885120e-01 
 6.955844046061e-01  2.674325662843e-01  7.731148471737e-02 
-8.013472682346e-02  1.529087926518e-02  2.789687662577e-02 
 5.187662981450e-02  8.116166852956e-02  8.622990651607e-02 
-5.125196746809e-02  9.053014689484e-02  3.201837181411e-02 
 6.458783500949e-01 -4.164868570612e-01 -6.859793539500e-01 
 2.478014025911e-02  2.769239305764e-01 -8.650979939171e-01 
 2.732721538944e-01  1.031389293612e-01 -3.284535042675e-01 
-1.416576385946e-01  7.695225691673e-01 -2.618375276740e-01 
-1.986482036555e-01  6.537709870228e-02 -2.273021589624e-01 
 5.578254952885e-02  1.489000489739e-01 -5.757528927745e-01 
-9.210147467023e-02  4.295702028164e-02 -3.268924805658e-01 
 1.753114374680e-01 -2.976119815251e-01  8.393157512128e-01 
-3.291377265213e-01  2.683821549722e-01  1.253008061643e-01 
 9.611107668384e-02 -2.302434438873e-01 -8.278284496619e-02 
-4.173293201775e-01  3.193893062806e-01  1.735474101665e-01 
 1.962461808897e-01  7.006462721840e-02 -3.726601990775e-01 
-5.509796991957e-01 -3.317749912602e-01  5.153905178835e-02 
-9.423854367299e-02  2.361928331125e-02  2.183578560920e-01 
-5.864225629184e-02  4.580586407235e-01 -5.505002496210e-02 
 1.106047795427e-02 -4.661457388826e-02 -1.888588677218e-01 
-5.682439087558e-01  4.224680735675e-02  6.927988030213e-02 
-4.803741957111e-03  2.934408117335e-01  2.962288255676e-01 
-7.507698184879e-02 -1.942824883702e-01  2.756469946268e-01 
 5.918021751137e-01  8.015212900798e-01 -2.429141916598e-01 
-5.183723883517e-02  1.309590275792e-01 -5.539623931266e-02 
-1.271389937559e-01 -5.335915576461e-01  7.561880485660e-01 
-8.898791677624e-02 -5.837030816729e-02  4.767319285447e-02 
 5.106470947285e-01  3.518327285653e-01 -3.241187433223e-01 
 1.588456213586e-01 -2.304728704505e-01 -1.094563591760e-02 
 5.320617301894e-02  2.512920371564e-01 -7.986722373118e-02 
-3.728903680377e-01  4.243382608006e-01  3.563150391706e-02 
 7.399412257760e-02 -2.854049215024e-02 -7.641070590167e-02 
 4.089358027522e-03 -1.207177582675e-01 -4.234105964278e-02 
 6.425588224868e-02 -1.016497003169e-01  6.739757870931e-02 
 1.115396319231e-03 -1.119869301573e-01  1.596087869344e-01 
-1.379980649167e-01 -4.272937505001e-01  4.753094025407e-01 
 2.125893636933e-02  3.701475502867e-02  3.906469809363e-02 
 4.509768262995e-02  1.624937924980e-01  2.350260233334e-02 
-1.335623133883e-01 -9.069421745277e-03 -7.701835655562e-02 
 2.822202526415e-01 -6.395152123607e-01  8.030464284223e-02 
-5.733280600633e-01 -2.202776049917e-03 -2.472051099465e-01 
-1.051455465772e-01 -4.703632904184e-01  5.475666898092e-01 
 9.804968433415e-02  7.962990050129e-02 -4.217769458282e-02 
-5.155129648617e-01 -3.077924318684e-01 -3.339077517898e-01 
 1.688413928417e-01 -3.276756873217e-01 -2.747876874445e-01 
 2.193707022430e-01  4.450223861599e-01 -3.599513539219e-01 
-1.517721080833e+00  2.302818399252e+00  1.632417827264e-02 
-3.287415475442e-03  1.642123563860e-01  3.829528707666e-01 
-1.431195235932e-01 -5.405192625603e-01 -1.461189197787e-02 
-1.573178169718e-01 -1.515136016804e-01  1.388235209300e-01 
-8.888860381648e-02 -9.763413730574e-01  4.096235552843e-01 
 2.099054603974e-01  1.565118658955e-01 -5.195133827624e-02 
-4.809452432706e-01 -1.687068746065e-02 -3.322071937599e-01 
 7.113911156751e-02  1.265818809086e-01 -6.394252295660e-01 
 1.827520716161e-01 -1.209770127251e-01  2.737673662408e-01 
 8.001070048786e-02 -8.914183415553e-02  9.464725757893e-02 
 1.641274854402e-01  1.003401007374e-01  2.334983270859e-01 
-2.289334238107e-01 -9.196929052635e-01  1.400301589496e+00 
 2.508433105639e-01  1.239105238358e-01 -4.895658067751e-02 
-7.160571289239e-01 -2.067168334892e-01  6.230403232295e-01 
 2.660497939328e-02  1.474597944921e-01  7.697776934127e-02 
 5.889182443015e-01  3.311382468776e-01  3.008564976626e-01 
 1.260697874496e+00 -1.930277299246e+00 -2.887846537934e-02 
 2.945153592714e-02 -2.593021391201e-01 -3.409117374750e-01 
-4.999076529808e-02  5.627878469152e-01  2.712445786622e-02 
 8.361987525710e-02  2.107527861921e-02 -1.514045696151e-01 
 3.482946627626e-02 -1.034354367165e+00  5.302223609950e-01 
 2.829654401574e-01 -8.571580630500e-05  1.854653199421e-02 
 2.490529855712e-01 -3.969022759656e-01  2.712450310617e-01 
-2.351346319429e-01  2.183137994923e-01  5.705838867977e-01 
-6.893643195603e-02  3.523088165920e-02 -1.889207262363e-01 
 1.183203670545e-01  6.738792957436e-01 -3.520864897862e-01 
 1.884636366593e-01 -1.764188506296e-01 -2.580350657688e-01 
 4.475860906294e-02  1.670882916261e-01 -2.737604308400e-01 
 1.601433838915e-01 -9.991512209226e-02 -8.195442402695e-02 
-2.216110294491e-02 -1.861359126300e-01 -3.463784271237e-01 
 9.626214305517e-02  4.039065547161e-01  3.417358009503e-01 
 4.656713285981e-02  2.359237299167e-01 -1.864412224793e-02 
-9.262556792478e-02  1.471267993189e-01  6.797632603289e-02 
 3.675814492454e-02  1.170802792420e-01 -1.271867378195e-01 
-1.439286058445e-02 -2.369688880181e-01  2.539763113971e-02 
 1.331946204864e-01  2.052308440286e-01 -1.088197688126e-01 
 3.169635855837e-02 -1.426894737031e-01  1.277430236136e-01 
-1.128147929484e-01  4.355197735452e-01  4.742366821018e-01 
 2.221566478073e-02  4.179156109556e-02  7.247777442842e-02 
 5.950004493970e-03 -1.071604479078e-02  6.892009484631e-02 
 4.680753332529e-02  4.200105689096e-02  1.241006703384e-02 
 2.117184764178e-02  1.570410522694e-01 -1.955090083867e-01 
-1.556444302571e-01  7.106778358565e-01  3.369907782125e-01 
 7.929878689311e-02  3.424980583267e-01 -3.810014108619e-01 
 2.132153276517e-01  1.218873519490e-01 -3.047851742957e-03 
-1.683872849817e-01  1.119271920561e-01 -1.549806048398e-01 
-6.337473135362e-01  5.934106340601e-02 -1.447214541351e-01 
-2.131299026341e-01  4.043304419929e-01 -2.548300572201e-02 
-1.234027180150e-01  9.728876939081e-02  1.279166354936e-02 
 1.196896238414e-01  1.214634286039e-01  1.481283295496e-01 
-4.969445091792e-02 -3.125568558908e-02 -2.913091320475e-02 
 1.974065387619e-01  2.920463104610e-02 -4.986357100558e-02 
 1.349266901783e-02 -9.863432397914e-02  1.111991124420e-01 
 2.977244962376e-01 -6.931402681059e-01 -2.024659487280e-01 
 6.431044010062e-02  1.832901884608e-01  2.170447059941e-02 
 2.367605910705e-01 -1.604613412164e-01 -1.283467832893e-01 
 5.533220805611e-02  1.755071231488e-02  6.408435612704e-02 
-2.342514797493e-01  1.871322696351e-01 -2.700157116047e-01 
 3.707942038168e-03  4.320076610118e-01  9.917427547275e-03 
-1.026958588967e-01 -4.201963060585e-01  5.369038968410e-01 
-1.349083851849e-01 -9.099829592516e-02  8.050717604098e-02 
 4.943898849126e-02 -1.042683627847e-01  2.789715621400e-01 
-1.243445799914e-01 -1.774918230344e-01  2.091104176505e-01 
-2.551424866579e-01  3.243471128797e-01  2.482529677762e-01 
 1.147427258230e+00 -1.080516462958e+00 -6.346948102123e-03 
-3.378786486925e-01 -2.783724697581e-01 -1.566541534486e-01 
 2.897452265643e-01  3.473240976237e-01  2.951045636466e-02 
-4.009380321652e-01  2.131104245127e-01  1.602386967382e-01 
-6.563147130336e-02 -4.908909392670e-02  1.518056298787e-02 
 6.969259884600e-02 -1.486730395599e-01 -2.795305247456e-01 
 1.937740073467e-01 -3.997582869236e-01 -1.554142106614e-02 
-6.261653596611e-01  5.733801014426e-02  2.687538481173e-01 
-1.586641845942e-01  1.981150929534e-01 -2.786574603609e-02 
 5.115896699131e-02 -1.020432931493e-01  2.419831749190e-01 
-2.523157231098e-01  1.873047914735e-01  2.936961776543e-01 
 1.884903183273e-01  8.019330828865e-01 -9.603656059008e-01 
 1.198295447529e-01  8.460965037396e-02 -2.185978429812e-02 
 4.266571191422e-01  2.189092721143e-01 -4.116080182669e-01 
 1.179733100629e-01  1.973593862071e-01 -4.023774902322e-01 
 1.387545167190e-01 -5.422294546548e-02 -2.942944837886e-02 
 3.264238840966e-02  7.011337317268e-01  1.145482850862e-01 
-2.729955390768e-01 -8.877933252080e-02 -2.281574528583e-01 
-2.966365135566e-01 -2.212691187086e-01 -1.306377729767e-01 
-1.671202492836e-01  1.938098460610e-02  2.088740457792e-01 
 9.859370568867e-02  6.676730209770e-02  3.387606552487e-01 
 2.655955576214e-02  3.619729657065e-02  2.370270849110e-01 
-2.818849455306e-01 -3.335977493542e-02 -1.279883684132e-01 
-3.375901875802e-01 -7.557085514796e-01  2.610699635109e-02 
-7.037900319366e-03 -2.908086908406e-02  4.528020751930e-01 
 3.208027305088e-02 -4.200643201895e-02 -3.934469492011e-01 
-4.201977682105e-02  6.382812903591e-02 -4.862875681360e-01 
-4.094352806483e-02 -1.364209678718e-01  1.979661221787e-01 
 1.444907384776e-01  3.002809609112e-02 -2.380688605161e-03 
-1.176040592872e-02 -2.285347188843e-01  7.423290159242e-01 
 3.994236615958e-01  3.524047475506e-01 -1.385070613712e-01 
-4.152017816573e-01  3.091702960205e-01  7.677602772742e-02 
 2.427302463756e-01 -8.394724553828e-01 -1.340805314093e-01 
 8.808315697056e-02 -9.167497075770e-02  1.621422257642e-03 
-8.013214051782e-04  5.695053524044e-01 -4.275510499487e-02 
-6.054036994812e-02 -3.234593230717e-01  2.026654914680e-01 
-9.892564884912e-02  2.805412282997e-02  1.079607111942e-01 
 2.232027748678e-01  4.392084704779e-01 -5.550959295498e-01 
 1.355091446671e-01 -8.343034663845e-02  2.204601659196e-01 
 2.130315572053e-01 -1.252388495991e-03  2.825023922925e-01 
-1.584787623194e-01 -1.216118719214e-01 -1.698389566425e-01 
-2.249147661558e-01  4.904139195916e-02  1.748157591727e-01 
-5.419199435465e-01  1.973814146080e-01 -3.848282577783e-01 
-3.231200107231e-02 -1.325925795341e-01  1.804977549517e-01 
-2.175077633675e-01 -1.277630345478e-01 -1.610736083492e-02 
-1.701450625041e-01 -6.686935058308e-02  1.494260438610e-01 
-4.852844372862e-02  9.299843555854e-02 -2.111118335211e-03 
-7.806140971066e-02  1.717380331656e-01 -1.595828216709e-01 
-6.155617087365e-01  7.408733235505e-01 -6.021897700937e-01 
-5.658811123051e-01 -1.826459194816e-01  4.139795892976e-01 
-4.067113673447e-02 -8.172196078529e-02 -2.792392309207e-03 
 2.597279093193e-01 -2.726456469837e-01 -3.928120753272e-01 
 3.676019654855e-01 -2.648644333217e-01 -6.998842179767e-03 
-1.405386142919e-01 -2.452077284103e-02 -2.074893451432e-01 
-4.264945242372e-01 -1.724159494653e-01 -2.035722709910e-01 
-5.100755037140e-01 -1.186101190230e-01 -5.662801479692e-02 
 2.418476063721e-01 -7.353124555331e-01  9.629650049772e-02 
 2.678182264765e-01  2.129833341235e-01  6.681842861892e-02 
-1.386013524654e-01 -1.171392940273e-02  1.656363739500e-01 
 7.576978857456e-02  3.594729530256e-01 -2.522040176743e-01 
 1.644625969890e-01  1.314460695388e-01 -8.889421556756e-03 
 2.393723246486e-02  7.183929798902e-02 -4.026819943401e-01 
-1.089027504510e-01 -1.302150877184e-01  2.095956419581e-01 
 8.030052671167e-02 -7.658340134033e-02 -1.385270804277e-01 
-6.986461351577e-01 -5.746843932308e-03 -5.584356698476e-01 
-2.622549502533e-01  6.622254553379e-02  1.220961014680e-01 
 3.749607727707e-01  5.520799272868e-02  3.200712032100e-01 
-4.036098569607e-01 -1.286087669151e-02  3.653687466267e-01 
 1.125923192082e-01  9.657161913009e-02 -2.527963029769e-02 
-1.132006062549e-02 -1.280565434809e-01  2.955922439647e-01 
 3.842572398981e-01  3.332884667974e-02  4.644521941599e-01 
 1.116078020003e-01 -1.736591562207e-01  2.611561014934e-01 
 1.931134624101e-01 -5.723806922413e-01 -5.518307552807e-01 
-2.392214087097e-01 -2.371560957849e-01 -1.384890830334e-01 
 2.943218535550e-01  1.649362857523e-01  6.066612928758e-03 
 1.035852367806e-01  2.171403958216e-01 -1.309582568556e+00 
 2.147787371333e-01 -1.039295226198e-01  2.879450946809e-01 
 2.538042362108e-02 -6.966311885310e-02 -3.180939866688e-01 
 5.204770153364e-02  4.029658844474e-02 -6.257086534190e-01 
-2.063235618421e-01 -1.369638966698e-01 -2.618771397559e-01 
-1.088196946725e+00  1.452945528730e+00 -6.413779271850e-02 
-1.950585063283e-03  2.418027164258e-01  7.636187819510e-02 
 5.731670382054e-02 -7.656299868782e-01  3.718411713068e-01 
 1.126593749929e-01  6.782592533794e-01 -6.537894753810e-02 
 2.137899702463e-01  4.618210307975e-01  5.167405474739e-02 
 4.495677495636e-01  1.646514507386e-01 -7.196599258822e-02 
-1.628210195569e-01  1.220457834195e-01  1.901493178683e-01 
-7.527562255329e-02  1.711706124008e-01 -3.097619116542e-01 
 2.066620826391e-01 -8.221367680918e-02 -9.493675376182e-02 
 1.328242643216e-01  2.853981087377e-01  5.561597686594e-02 
-3.416575291052e-01 -2.446718478802e-01 -3.156676519127e-02 
 1.490715134454e-01  8.465531003967e-01  3.793510788583e-02 
-8.687823600726e-02  2.709829863755e-01 -5.693376754990e-01 
 1.259635818927e-01  9.587293403120e-02 -2.610046214682e-01 
 3.099030101714e-01 -2.575845521484e-01 -2.491018672785e-01 
-1.763816055451e-01  2.631505283337e-01 -8.494840155675e-02 
-3.412481788835e-01  5.014423971193e-01 -2.131163110022e-02 
 1.636735558709e-02  4.741475086769e-02  1.814108894379e-02 
 7.323096014478e-02 -4.001587274147e-01  2.995894469607e-01 
-3.558695733767e-01  4.110137008178e-02 -6.306957268144e-01 
-3.671981610292e-01 -5.428677420195e-01  6.926738657922e-02 
-4.328811432350e-01 -4.526603597093e-02 -2.298769301968e-01 
-1.436090907512e-01  2.545348275685e-01 -1.390651587441e-02 
 1.189655859952e-01 -2.035880268713e-01 -1.142896488657e-01 
 5.991659436979e-02  1.305038926271e-01 -2.967313794051e-01 
 5.582122443555e-01 -9.794362347013e-01  7.631280402119e-02 
 2.938187823851e-01  4.032229284781e-01 -5.164620747038e-01 
-8.295966532075e-02 -7.116794639365e-01 -8.339034945454e-01 
 6.883704328808e-01 -1.302495527285e-01  5.932134040515e-01 
 2.603157775099e-01  1.304900010731e-01  1.590340865716e-02 
-3.360427388528e-01  1.880509465304e-01  2.776493761885e-01 
-2.704972151852e-01 -5.816855746971e-01  2.890391006695e-03 
 3.253109546764e-03 -5.664457289290e-02 -6.109954944316e-02 
-3.300979308315e-02 -3.975207725952e-02 -5.114259371659e-04 
 4.405993322444e-03  2.089250203624e-02  2.462388751499e-02 
-3.103347741175e-01 -2.562751107141e-01 -3.812076014396e-01 
-2.909985007467e-01  1.661509365473e+00 -1.551872643141e-01 
 1.051357979918e+00  6.838261941131e-02  4.703590649731e-01 
 6.501717775735e-02  3.633455593623e-03 -1.163829121814e-01 
 1.441137841413e-01 -3.383523067046e-01  1.019550557707e-01 
-9.170151682480e-02  8.296677099346e-03 -1.507517282807e-01 
 3.274820608854e-01  5.001083953349e-01 -1.097518090122e-01 
-2.318326875912e-01 -2.182450421391e-01  2.991104844840e-01 
-3.203493241707e-02 -2.682267335798e-02  5.296030697624e-01 
 1.182318603601e+00  6.496745229766e-01 -4.526965882188e-01 
 1.895860550433e-01  6.194485138269e-02  7.404686088201e-02 
 3.759597212224e-01 -6.870298087109e-01  3.895889791736e-01 
-9.227905470210e-01 -5.002158070054e-01  2.208444145318e-02 
 1.039437003736e-01 -5.476169723988e-02 -6.555894840837e-02 
-1.182032030847e-01 -7.707266995450e-02  6.646294382580e-02 
 6.874000512459e-02  6.334792759920e-02 -1.461148787862e-01 
 1.932467713668e-01  3.927826255362e-02  8.051246332450e-02 
 1.385517604301e-01  1.325247839440e+00 -2.728872244412e-01 
 7.371991797205e-01  9.900259206730e-02  2.548045148003e-01 
-4.053672503002e-02 -4.063284112631e-02 -1.306767565875e-01 
-2.316076708863e-01  3.193708168690e-01  4.474667664595e-02 
-1.092596479246e-01 -8.624200476826e-02  9.261246216057e-02 
-2.873266292677e-02 -1.925033144241e+00  3.623611281925e-01 
 6.393111249601e-01  6.492218382683e-01 -7.631867532219e-01 
 1.182468972267e-02  3.530430343456e-02 -9.718358445734e-02 
-9.156188269462e-03 -6.705812419525e-03  4.291168525878e-03 
-7.578961311973e-04 -5.012601743287e-02 -1.038735283258e-01 
-4.231039706898e-03 -9.769911349675e-03 -6.715943115040e-02 
 7.494839393470e-02 -5.479169889279e-02 -1.625086469428e-01 
-6.020064533511e-01  6.452640678770e-01 -6.502411357772e-01 
-6.339207290534e-01 -1.405603575719e-01 -5.368098272054e-01 
-6.049154107074e-01 -3.246012077530e-01  2.137225312155e-02 
 6.172032779786e-01  1.787503954657e-01  2.772186919437e-01 
-1.062104864699e+00 -1.972183508262e-03  5.071304560927e-03 
-2.361300661344e-02 -4.945488386736e-03  3.827851133161e-02 
-1.684470516174e+00  3.782522673510e-01 -3.601378866183e-01 
-7.742920826995e-01 -3.400718453668e-01  1.659079602277e+00 
-4.078667728720e-01 -5.050157819772e-01 -5.827216634268e-01 
-1.751756835279e-01  7.033877977533e-02 -5.788241810145e-02 
 6.024099663048e-03 -3.673383589399e-02  1.460640222966e-02 
 1.435039627995e-02  2.305163425895e-02 -2.009208722519e-01 
 6.380478906304e-02 -6.825928987271e-03 -6.390705616285e-02 
 1.450083253127e-02  1.739129347073e-02 -1.120710096297e-01 
 1.431218688744e-02 -5.737159957318e-02 -9.801937127117e-05 
-9.125013366759e-02 -4.006143217808e-02 -1.326011977157e-02 
 2.954741713934e-01  1.983178502597e+00  7.860178371873e-01 
 1.469386054523e-01 -6.930663807956e-02  2.298136377624e-01 
 1.392638096754e-02 -2.386663949650e-01  1.220139668596e+00 
 3.951819842992e-01 -6.717130900781e-01  2.419719424315e-01 
 1.168475326780e-01  1.299338131236e-01 -4.985235200772e-03 
 6.124427083440e-02 -4.643053701816e-04  5.673033959509e-02 
-1.267791090663e+00  4.958751476087e-01 -9.509295737848e-02 
-6.741075966539e-01 -3.479735298126e-01 -2.889229976024e+00 
 1.039962986532e+00  1.175464153045e+00  4.399510888522e-01 
-3.173007434180e-02 -1.145128690795e-01  5.131569080406e-02 
 3.698660017885e-02  4.004497663239e-02  1.374315134125e-02 
orbocc
(*)
 0.000000000000e+00  0.000000000000e+00  0.000000000000e+00 
 0.000000000000e+00  0.000000000000e+00  0.000000000000e+00 
 0.000000000000e+00  0.000000000000e+00  0.000000000000e+00 
 0.000000000000e+00  0.000000000000e+00  0.000000000000e+00 
 0.000000000000e+00  0.000000000000e+00  0.000000000000e+00 
 0.000000000000e+00  0.000000000000e+00  0.000000000000e+00 
 0.000000000000e+00  0.000000000000e+00  0.000000000000e+00 
 0.000000000000e+00  0.000000000000e+00  0.000000000000e+00 
 0.000000000000e+00  0.000000000000e+00  0.000000000000e+00 
 0.000000000000e+00  0.000000000000e+00  0.000000000000e+00 
 0.000000000000e+00  0.000000000000e+00  0.000000000000e+00 
 0.000000000000e+00  0.000000000000e+00  0.000000000000e+00 
 0.000000000000e+00  0.000000000000e+00  0.000000000000e+00 
 0.000000000000e+00  0.000000000000e+00  0.000000000000e+00 
 0.000000000000e+00  0.000000000000e+00  0.000000000000e+00 
 0.000000000000e+00  0.000000000000e+00  0.000000000000e+00 