2mocoef
header
1
MO-coefficients from MOLCAS
1
48   48
a
mocoef
(*)
 2.628781891830e-05 -2.718593158634e-04 -1.165666176662e-04 
-8.613884393342e-04 -6.601823098263e-04 -1.133947076251e-03 
 1.576873003819e-05 -1.320884284337e-05  1.945261939571e-04 
-2.408796522356e-06 -5.269332930470e-05 -4.212730613234e-05 
-4.472599096913e-07  4.810339066927e-05  1.000289625919e+00 
-8.952481467179e-03  5.136763436789e-04 -8.764437865092e-04 
-3.301495712918e-04 -6.407270867988e-04 -4.817426668110e-05 
 3.157064684039e-04 -1.928553866051e-04  2.754618711854e-04 
-2.934907269485e-04  3.954114432416e-05  1.373173474036e-04 
-2.504821102121e-06  9.671466311530e-04 -3.656976305583e-04 
 3.776585025102e-05  1.498766409890e-05  4.241960514279e-06 
-5.146678750905e-03  3.079847326759e-03 -4.921584281281e-04 
-8.951435235499e-04  6.249971764464e-04 -5.994536277095e-03 
 3.247282398714e-03  7.499091020334e-04 -6.930227228853e-05 
 8.996931716256e-04 -1.554702582623e-03  1.135517578204e-03 
-6.384203143967e-06 -2.848389577566e-06  2.445178802257e-05 
 1.000613861681e+00  3.330636759457e-03 -3.426700160575e-03 
-9.786517666152e-04  1.659517781560e-03  1.557675138324e-03 
 7.322008078864e-04 -1.244432818238e-03 -1.178762492290e-03 
 2.281152398984e-04  1.014385359332e-03  1.366134941170e-04 
 6.872738970693e-04  3.160592093250e-04  7.901003572126e-06 
 1.273720973613e-04 -1.577787916675e-04  2.433159388537e-05 
 3.217141065044e-05  6.877040333892e-05 -1.431264596558e-04 
-1.018442054129e-04 -1.036817250507e-04  6.486556730147e-06 
 6.112257217264e-06 -1.632553197590e-05 -2.599085644690e-05 
-1.805447923281e-05 -4.631049542562e-04  9.764451484606e-04 
-6.061751863447e-04  2.549176005357e-06 -1.565150124221e-04 
-1.223948844685e-06 -2.093512302201e-05  1.403279044610e-05 
 5.383633125431e-06  2.827831780270e-05  2.208318696894e-04 
-6.781185081383e-05 -1.732891680098e-05  2.734684434351e-05 
-3.763356550492e-05 -1.712797159439e-03  2.388948628194e-03 
 1.517943213711e-04  4.500816170274e-04  5.929576324339e-04 
-4.423396665723e-03  8.459160639703e-01 -1.380119327532e-01 
-6.079026906526e-03  1.177548496563e-01  1.412396371416e-01 
-1.683462172331e-02 -3.736562687312e-02 -4.497646926488e-02 
 2.494751468360e-03  1.192471605683e-02  2.851849309693e-03 
 6.772555741391e-03  2.292610875761e-03 -4.963233760681e-04 
-5.641727167776e-02  1.197340183725e-02  3.976234462110e-03 
 1.136778156803e-02 -2.065208235949e-02  1.389095381391e-03 
-2.054233434344e-03  2.576853383613e-03 -2.525403311737e-04 
 5.821674793052e-04  4.052906855146e-04 -2.628508064059e-04 
 2.465892998813e-04  2.301208818989e-01 -1.051468588274e-01 
 1.695569348346e-02  5.480224276288e-03  1.107622562693e-02 
-3.315474998377e-02  1.641673533987e-02 -1.307556424814e-03 
-2.215660780839e-03  1.485215930994e-03 -2.608180447492e-02 
 1.377849062902e-02  1.718033490314e-03 -6.312856244231e-05 
 2.029723575713e-03  5.077271189463e-01 -2.285406458185e-01 
-1.384993161831e-02 -1.894432919943e-02 -2.499286800245e-02 
 3.963638086465e-04  9.944859764914e-02  2.324186604798e-02 
-2.205343872750e-01 -1.318127199356e-01 -2.146820798034e-01 
 3.382388250214e-02  2.812935400402e-02  4.307857150016e-02 
-7.039637034094e-04 -6.707645092267e-03 -6.984655019064e-03 
 2.725346184599e-03  1.041500855846e-02 -2.814643617393e-04 
 1.081525045101e-01 -3.516283805567e-02 -5.244024075447e-01 
-3.933773464301e-01 -4.821624678662e-02  4.128974870124e-02 
 3.813254316511e-02 -4.225029697275e-03  1.005411470851e-02 
-1.136607592975e-02 -6.113776298674e-03 -1.763747075609e-02 
-1.185098642871e-02  2.822751999045e-01 -9.396920005333e-02 
 1.298533594505e-02  2.183405845817e-03  6.528991327343e-03 
 5.034466258509e-01 -1.683267555570e-01  5.903428670946e-03 
 2.217871807896e-02 -2.338252941097e-02 -3.320789332134e-01 
 8.771056912513e-02  4.334834841645e-03 -9.861784924254e-03 
 1.837298697508e-02 -2.352549131616e-01  8.009060485394e-02 
 1.531157051238e-03  5.881011036453e-03  6.239680352218e-03 
-1.650071762253e-03 -1.426540282429e-01 -3.274839942404e-02 
 3.717089195709e-01  2.255423002737e-01  3.688059285050e-01 
-5.702902488408e-02 -4.678822849131e-02 -7.100915523715e-02 
 1.417952708468e-03  1.126982200256e-02  1.202496982338e-02 
-5.104117920353e-03 -1.738718956410e-02 -4.493783404527e-04 
-9.323796385051e-02  8.322887642848e-03 -3.298968727307e-01 
-2.211544653038e-01 -8.582747291150e-02  2.868932793617e-02 
 1.594478180266e-02  7.562376486956e-03  5.864919423457e-03 
-5.530910190861e-03 -4.513824222976e-03 -1.234130430892e-02 
-7.158802978430e-03 -4.719486969750e-01  1.578976088700e-01 
-2.135533092069e-02 -3.555805406677e-03 -1.066214965828e-02 
 2.298301004496e-01 -6.304507155852e-02  4.645045711677e-05 
 7.874347446693e-03 -1.080265533213e-02 -2.914400192147e-01 
 9.615993440588e-02  7.804498766104e-03 -6.256517385377e-03 
 1.705649340263e-02  4.075657294092e-01 -1.515746423346e-01 
-3.446792757805e-03 -1.050008709195e-02 -1.204772244134e-02 
 1.056131584018e-03 -2.190237619201e-02  9.968614019300e-03 
-7.045949218268e-02 -5.037988526283e-02 -8.059352777417e-02 
 9.930836910943e-03  9.683619111023e-03  1.554739923131e-02 
-4.699021551031e-04 -3.102050262698e-03 -2.913795816252e-03 
 4.358797777498e-04  3.300185743334e-03 -1.315435718911e-02 
-8.448367217095e-01  1.507817503355e-01 -8.282670448743e-02 
 5.612938927818e-02 -1.608368931833e-01  1.303482706721e-02 
-3.572705014205e-02  6.687737338476e-02  1.445765593473e-04 
 4.373359335279e-03 -4.252879596813e-03 -3.969827359637e-03 
-3.035444264485e-04  7.667862835269e-02 -2.510916087248e-02 
 3.051411989934e-03  4.022644765302e-04  1.305732772813e-03 
-3.283979153803e-01  1.669325974836e-01 -1.556054222715e-02 
-2.591178632041e-02  1.691462779161e-02 -4.059482534449e-01 
 1.885214939420e-01  2.477558573698e-02 -2.204298627165e-03 
 2.997041480170e-02 -1.119416605760e-01  5.097111390016e-02 
 1.267108571374e-03  2.756119257079e-03  2.963450070207e-03 
-3.813792168269e-03 -1.919280137744e-01 -5.650184735672e-02 
-3.879084174170e-01  3.258939505732e-01  2.545489814374e-01 
-2.306027320830e-02  1.106609134526e-02 -5.010647327055e-03 
-3.659865568419e-03  1.141326145188e-02 -7.419383429942e-04 
-1.700780321308e-03  2.130237829430e-03 -5.548026171826e-03 
-3.763071435810e-01 -9.432727440794e-02  1.225589230988e-01 
-2.788865374012e-01  4.865737392638e-01 -1.195353539162e-02 
 2.890270958114e-02 -4.446966192367e-02 -2.021203429031e-03 
-9.719401824964e-03  6.503132369099e-03  4.136699461569e-03 
-2.345907004207e-03  1.333423103467e-01 -1.812642880245e-02 
-2.047715788807e-03  7.067020437818e-03  8.287204727249e-03 
 2.597846766224e-01 -1.020376597119e-01  1.745087216895e-02 
 9.859662129613e-03  4.461481064603e-03  3.096286988677e-01 
-1.183633403188e-01 -1.756301582736e-02 -1.114726582088e-02 
-6.214141870242e-03  1.591171678773e-01 -5.595431103402e-02 
-1.288344398333e-02  3.850103356041e-03 -9.055145269247e-04 
 5.543517127885e-03  2.716689947946e-01  6.481764265534e-02 
 4.799391138715e-01 -3.393720812139e-01 -2.518825823144e-01 
 3.018184155305e-02 -6.250847984625e-03 -3.571653679803e-03 
 4.665602418620e-03 -1.047731512634e-02 -5.141641913204e-04 
 3.074955406734e-03 -4.713579647583e-03 -4.104488380693e-03 
-2.992964485233e-01 -7.067373352846e-02  1.005191695251e-01 
-2.302177169144e-01  4.056316181220e-01 -5.293380376900e-03 
 1.678117902347e-02 -3.120679625443e-02 -1.568799159709e-03 
-7.575259355215e-03  4.370299537843e-03  3.210076331482e-03 
-1.926241031646e-03 -1.771095455311e-01  2.850977063606e-02 
 1.493003332878e-03 -8.306811187844e-03 -9.103674002801e-03 
 2.124740932931e-01 -8.827281112864e-02  1.362692885238e-02 
 8.185765600541e-03  3.484433268007e-03  2.509570030609e-01 
-9.971643235285e-02 -1.434236573837e-02 -8.624294620469e-03 
-5.102158658728e-03 -1.233830071686e-01  4.955073843528e-03 
 1.526677354578e-02 -4.914929836146e-03 -4.055952942279e-03 
 2.490703018526e-03  2.944939825447e-02 -1.330270287303e-02 
 1.456243870306e-02  2.517517974748e-02  8.374956870827e-03 
-6.442844753260e-03  7.290753774760e-03 -1.544447715256e-02 
-9.378126884046e-05  1.690033154469e-03 -2.692326499228e-03 
 8.987543211750e-05 -4.474294168760e-04  2.960190336975e-03 
 1.545268768023e-02 -1.437435332680e-02 -5.003653153790e-01 
 5.999128321984e-01  4.579900191639e-01 -4.906002316262e-02 
 5.938831538328e-02  4.760642604417e-02  9.821693822187e-03 
 4.715224625447e-03  1.573139189350e-02 -7.106352896998e-03 
 6.146858297079e-03 -8.725233581061e-03 -2.185318956952e-03 
-5.816949241460e-04 -2.212255324576e-04  1.060129572014e-04 
 6.963788662066e-03 -7.392870001892e-03 -1.543104756452e-02 
 1.881468317061e-02  1.369408224880e-02  5.421983337498e-03 
-6.448361940944e-03 -1.545461808883e-02  1.838804835802e-02 
 1.356248469721e-02  2.278931849458e-02 -1.526829135486e-02 
-7.931430993458e-04  7.033560320288e-04 -3.549512253796e-03 
 4.542254874486e-03  2.684245561914e-02 -4.817544763219e-02 
 1.329845409859e-01  5.333035623326e-01 -4.674676646443e-01 
 4.339494317467e-02  2.087393886333e-01 -2.113763602351e-01 
-6.078370669643e-03  1.617385392237e-04 -1.341260824044e-02 
 7.619194341458e-03 -9.468410994960e-03  1.621855719233e-03 
 6.713506444644e-02  5.831428830111e-02  2.488044926883e-02 
-3.749149918103e-02 -4.699894700311e-02  1.260354431716e-02 
-1.474324546465e-02  4.575572089119e-02  2.255299417301e-05 
-2.591318906488e-03 -3.572370049550e-03  6.883608836960e-04 
-5.941608874099e-04  9.413795798254e-04 -1.467082056226e-02 
 3.535404627663e-03  1.385692952393e-02 -1.178153856614e-02 
-7.866258111040e-03 -6.086656336569e-02 -1.192987139858e-03 
-4.906425072075e-03 -3.795856965309e-03 -4.803231727188e-02 
-4.189056964564e-02  5.055911143099e-03 -2.129920268872e-03 
-1.407001838084e-03  1.573441195118e-03  5.232047754875e-02 
 3.229617127019e-03  1.444504534945e-02 -1.589821649363e-02 
 1.140504437879e-02 -1.651057908865e-01 -4.939419182221e-01 
 1.200928814668e-01 -6.408763531526e-03 -1.002464650234e-01 
 6.492160071399e-02 -6.520205007582e-02 -8.198326505065e-02 
 1.355717669431e-03 -2.915171610363e-03  1.673784177748e-03 
 3.116427846283e-03  1.889300667504e-03  3.101608416709e-02 
-2.145216808747e-01 -8.473504721824e-01 -6.327578252347e-02 
 1.607524332497e-01 -2.505935549888e-01 -4.570527263969e-02 
 1.647102980679e-01 -2.503599051891e-01 -4.977029218614e-05 
 1.145488594758e-02 -7.278407533188e-03 -6.384148875461e-03 
 2.575600670861e-03  1.137696264029e-01  3.233808307665e-01 
 1.516208662508e-04  2.147070433285e-04 -4.250705665147e-03 
 1.203809947887e-01  7.305705212904e-01  4.177186025659e-03 
 4.666841111294e-03 -4.997090164483e-04  9.856881666953e-02 
 7.249102199643e-01 -5.742136918421e-03 -3.414599841919e-03 
-1.489369080144e-03  5.527196922378e-02  4.797159375985e-01 
 3.227530991454e-03 -1.512015631822e-03  5.126004408965e-04 
-3.367045333537e-02  2.854346213719e-01  9.911601882307e-01 
-3.241703454774e-01  5.697924604001e-02 -8.976537191444e-02 
-3.460578863305e-01  5.245986964307e-02 -3.448474627936e-02 
-9.605130816780e-03 -6.524883427805e-03 -7.280692236197e-05 
-1.453036354788e-02 -3.264902956749e-03  1.659383896410e-02 
-4.529915462291e-02 -3.758042714697e-01 -2.527723299047e-02 
 6.944034881619e-02 -1.575183833126e-01 -4.976503775138e-02 
 5.789141343613e-02 -1.470234130243e-01 -1.418157530769e-03 
 8.828008085299e-03 -5.469880902782e-03 -4.899772088861e-05 
 1.468085822628e-03 -3.590600422687e-01 -1.051499482668e+00 
 2.818280432835e-03  4.501300492854e-03  2.059455037679e-03 
 5.038604939867e-04  2.999716666136e-01  3.235965183764e-03 
 1.298640000123e-03 -1.546586982101e-03  8.216368819608e-02 
 3.796033248885e-01 -9.190911897928e-04  1.212193059618e-04 
-3.711404111602e-03 -2.126912222225e-01 -3.871486602642e-01 
-1.343498681043e-02  5.328066443838e-03  3.401430628868e-03 
 4.383343731685e-03  2.428033896076e-02 -6.055832447818e-02 
-5.007664247544e-02 -2.112258053312e-02 -2.393773197013e-02 
-6.567388320154e-02 -4.881269458775e-02 -8.148483241347e-02 
-1.372889673759e-03 -2.592815229639e-03 -2.810873778474e-03 
-1.326028184555e-03  1.270528429681e-04  5.679578477386e-04 
-5.707194206339e-03 -2.378137573633e-02  4.034002117061e-01 
 2.634248668034e-01  9.877898823838e-02  4.003388251987e-01 
 2.662458573651e-01  9.626646845846e-02  8.486571308893e-04 
-2.378644956573e-03 -8.106083131110e-04 -3.846277145969e-03 
-1.265203275719e-03 -1.956397457859e-02 -1.445181660544e-01 
 9.544663560274e-04 -1.724710477106e-04  1.080516067021e-03 
 2.919954335560e-01  1.391846547204e+00  3.705110847516e-03 
 2.713053065628e-03 -3.463348383338e-04 -3.000978902463e-01 
-1.375001015091e+00  2.568858772204e-03  1.887604842122e-03 
 9.408146004185e-04  7.081625321707e-03  1.858717614628e-01 
-2.138612237644e-03 -8.442409717559e-04  5.144192428104e-04 
-2.049903735715e-02  9.187795480677e-02  9.183743855243e-01 
 2.985340657621e-01  2.565252209430e-01  2.875918908365e-01 
 5.363003116170e-01  4.726956063963e-01  7.350148844373e-01 
 7.081851048460e-03  1.744766310975e-02  1.447580763418e-02 
 8.194821716272e-03 -7.597028467517e-03  1.744502489158e-02 
 1.024032896996e-01 -1.992019545594e-01  6.094264655398e-02 
 1.129304626706e-01 -1.504614167399e-01  1.419808042799e-02 
 4.022041998148e-02 -1.210879015327e-01 -4.932350791157e-03 
 1.535599813761e-02 -7.894570765884e-03  5.516326616499e-03 
 3.335228727416e-03  4.344048917248e-02  9.356545396158e-01 
-4.501548329436e-03  6.166152869391e-03  1.522247356444e-03 
-9.507904651562e-02  4.671165723417e-01  3.538107288206e-03 
 2.951363074290e-03 -6.207673773679e-03  5.417117022575e-02 
-6.361181587254e-03  5.283482598960e-03  7.405798538133e-03 
-5.780372153645e-03 -5.208820725322e-02 -2.250547091187e+00 
 1.329400357962e-02  5.664851301962e-03  1.241378288857e-02 
-1.143649836294e-01 -3.731665125642e-01  4.803211271346e-01 
 7.258106102893e-02 -9.264949133024e-02 -2.372924664693e-01 
-3.612002661577e-03  3.860309238253e-01  5.890159849465e-01 
-7.210772095090e-02 -8.560845735459e-02 -5.856065662746e-03 
-1.369917155958e-01 -6.243304016862e-02 -2.209995411807e-02 
-1.401146640620e-01  1.067450566262e-01  2.101226229493e-02 
-2.003581749848e-02  1.662870379778e-01 -1.516078716356e-01 
-4.184267015597e-02 -1.938167818446e-01 -1.225386168037e-02 
 1.306966833276e-02  1.927168134451e-02  2.553928187837e-02 
 1.393963602285e-02 -1.354149390488e+00  1.593742222981e+00 
 1.669630124039e-02  3.139801281326e-02  3.659196853880e-02 
-3.625348645495e-01  4.082844931876e-01  2.818279517156e-02 
 3.054939528847e-02  6.648876433341e-03  5.449061154148e-01 
-5.932719652970e-01  1.625128797320e-04  7.967689067703e-03 
 6.054642549609e-03 -1.027281698200e+00  5.823555606184e-01 
-3.358669510273e-02 -1.588793336504e-02 -3.294511274332e-02 
 2.145811879523e-02  1.832970412414e-01 -2.667182725796e-01 
-1.472591813129e-01 -9.558420705639e-02  2.927992209234e-01 
 1.951182564858e-01  1.616938244993e-01 -2.021621623624e-01 
-4.626258832071e-02 -5.698396265561e-02 -1.947754165998e-02 
-7.683195759288e-02 -2.987945493170e-02  1.013172443900e-02 
 5.823941690769e-02 -5.577738109723e-02  7.781366150643e-02 
 3.745142442451e-02 -2.359859438343e-02  2.176410731459e-01 
 1.417740359946e-01  1.145940650715e-01  4.465735387076e-02 
-4.825930566063e-02 -3.975688733900e-02 -9.870072211432e-02 
-5.412025437930e-02 -5.977443508718e-01  7.788681215032e-01 
 1.673945790440e-02  1.345241280945e-02  2.945886261731e-02 
 1.268270361121e+00 -1.535422813917e+00 -5.772030950585e-02 
-7.108232225957e-02  2.352535883281e-02 -1.410816441642e+00 
 1.662008181032e+00 -6.319728999140e-02 -1.330594388206e-02 
-5.823979917623e-02 -3.299860294652e-01  2.149748293349e-01 
-3.780521379642e-02 -4.357985207745e-02 -3.652525251539e-02 
 1.810186074026e-02  1.610304136172e-01  3.844891267951e-01 
 8.378187771722e-01 -6.306019416182e-01 -5.516896423521e-01 
-6.671655731514e-01  1.071370851640e+00  1.105334922985e+00 
 1.959780794545e-02 -9.968416401764e-03 -3.090078665820e-02 
 6.461663433898e-02  8.366669310255e-02 -1.914277656494e-02 
-1.297838175630e-01  7.662445660182e-02  6.601572851424e-02 
-7.389905265532e-04  1.076833359764e-01 -2.709745473749e-02 
 8.983240081901e-02 -1.782903795513e-01  1.304170376142e-02 
-1.762312375485e-02  2.669760921494e-03 -2.189106553531e-02 
-1.520847245505e-02  8.553673120984e-01 -7.960562432340e-01 
-6.085782965390e-02  1.740384654155e-02  1.381454024416e-03 
 4.322474193663e-01 -4.607705428704e-01  3.916655077890e-04 
-1.302003018709e-02  2.395508668065e-02 -1.470782428933e-01 
 2.791054794532e-01 -3.329581465783e-02 -8.098366366725e-03 
-1.609815891179e-02 -5.513501148111e-01 -2.233693187563e-01 
 7.474276517093e-02 -5.707593689985e-03  2.960603167766e-02 
-2.478231332981e-02 -1.155799331234e-01  2.255068603608e-01 
 8.010144068918e-02  1.188149181738e+00 -9.004922561033e-01 
 2.857651565558e-02 -1.224334617248e+00  1.075269957282e+00 
 4.388449377518e-04 -4.408111278688e-03  5.614862073875e-03 
 5.889498431566e-03  5.558155601769e-03 -2.917502121968e-02 
-1.622722441655e-01  9.072826968172e-02 -1.492404353535e-02 
 6.497655892653e-02  3.639151341498e-01  5.830079542265e-02 
-2.665304860245e-02 -3.968649927790e-01  7.947107395051e-03 
 2.761437530065e-03 -2.631546586422e-03 -3.776279783090e-02 
-1.597385534900e-02  8.763470948925e-02  6.547048753667e-03 
 7.328466113793e-03  1.145403818425e-02  3.584687929907e-04 
 2.769403182905e-01 -3.628659051749e-01 -5.854301094377e-03 
 2.045470168699e-02  1.128191324292e-02 -3.253087792504e-01 
 4.666454627959e-01 -5.912357716665e-02  1.727879724139e-02 
-3.951832212272e-02 -4.848316218357e-02 -1.822429414696e-01 
 7.131734151577e-03  4.024273158688e-02 -1.726769473838e-02 
-7.995875344983e-02 -3.500853305355e-01  6.203942144506e-01 
-8.479060179432e-01  8.727741710294e-02  1.665534527611e-01 
 1.692554823293e+00  3.879583764123e-01  6.078614189523e-01 
-2.730896611998e-02 -1.044376128929e-01 -8.876209965988e-02 
 6.089837498196e-03  1.068806263930e-01 -3.901511234290e-03 
 1.365198203302e-02  9.018082295878e-02 -9.725428458266e-02 
 1.120896740476e-01  7.621109013224e-04  1.184940801846e-01 
-1.922965594505e-01  1.099063748286e-01 -4.674192302729e-03 
 7.355296972181e-03  7.914679215873e-03  1.170366946214e-03 
 4.883775701489e-03  9.160244392452e-01 -2.070424350703e-01 
 1.141219779985e-02  6.446097378219e-02  8.135578966647e-02 
-2.265669265044e-01  1.726588784141e-01 -1.792372171524e-02 
 2.485636801427e-03  3.673117841401e-03 -8.807503548898e-02 
-2.808479995839e-02  1.183580003891e-02  1.406632260861e-02 
 2.006660548876e-02 -1.129919449365e+00  2.006584437359e-01 
 2.091560207678e-02 -3.725613533568e-02 -3.685797877355e-02 
 1.764234498121e-03  1.022332104296e-02 -5.047914084086e-02 
-2.932585467944e-02  1.740153281882e-01 -6.669624660727e-02 
 4.888827869363e-02 -2.015602599296e-01  8.519782217211e-02 
-4.341704852947e-03 -6.635137879324e-03 -1.014696100874e-02 
-7.308740003947e-03  5.251384469841e-04 -8.674777776138e-02 
-5.553593435823e-01  8.123416518300e-01 -1.379852968492e-01 
 4.177506324282e-01 -6.154709418388e-01  1.107561037760e-01 
-2.497727540261e-01  3.550738445023e-01  5.586504870961e-02 
-1.307439340493e-01  6.448831191665e-02  6.147440784239e-02 
-1.079912597754e-02 -1.329954219723e-02  4.588902542083e-02 
 1.560289775183e-03 -6.434772743550e-04  4.802168642159e-03 
 1.287853090442e+00 -1.297186544907e+00 -9.173865079450e-03 
-1.527031808603e-01  1.974686723674e-01  1.189287687065e+00 
-1.195621276858e+00  6.750998426062e-02 -9.664561938344e-02 
 2.077247963019e-01 -4.336279523381e-02  7.444101019865e-02 
-5.764312105166e-03 -1.662794888841e-03 -1.265842669960e-02 
-2.507722450836e-01 -1.128168391134e+00  1.311315872625e+00 
 7.609776668674e-01  5.451489981294e-01  8.497919676172e-01 
-1.401772023555e+00 -8.736819808544e-01 -1.417138613701e+00 
-4.549004243083e-02 -1.313259886565e-01 -8.625508208643e-02 
-3.804881863731e-02  8.807950716185e-02 -2.406153825275e-02 
-1.579774138342e-01  6.510076969758e-02  9.545800533422e-02 
-1.609275508601e-01  6.823803652162e-02 -1.514575054449e-01 
 1.929453750590e-01 -9.724744067187e-02 -4.286105231113e-04 
-5.832043485857e-03  2.403709428395e-03  3.362200318670e-03 
 3.440536713595e-04  5.239183963297e-01 -1.651267725781e+00 
-1.725209295985e-01 -1.548655981156e-02 -6.414674035605e-02 
 4.015814073769e-02 -3.904252673577e-03  1.839343784062e-02 
 1.040263689224e-02 -1.235558473934e-03  1.459482666333e-01 
-1.127090554374e-01 -1.172382645873e-02 -1.025811378832e-02 
-1.161394228203e-02 -6.682839461383e-01  1.471540411663e+00 
-8.846946499355e-02 -9.950506991365e-02 -1.394203304400e-01 
 2.583134492015e-01  1.204311404015e+00 -1.758219505009e+00 
-1.569488931311e-01  1.678340692036e-01 -1.173892925698e-01 
 3.451468050927e-01 -2.305950430608e-01  1.717150469143e-01 
-1.348245062184e-02 -3.252787550051e-02 -6.227951691560e-02 
-3.319828025732e-02  2.797362981204e-02 -3.552884887849e-02 
-2.397360918012e-01  6.262180257786e-02  6.123725864240e-01 
-1.067878860830e+00 -4.570117040283e-01 -7.158250307121e-01 
 1.390107194228e+00  3.982652350098e-01 -5.098365248003e-03 
-3.928786141241e-03  1.331663341230e-02  1.466583843901e-02 
 7.078975864831e-03  4.142590075955e-02  3.769736208825e-01 
 4.538622547814e-02  2.732882780138e-04  4.809007351509e-02 
 1.912617099985e-01  8.369930911421e-02  4.585482263273e-02 
 3.883656593686e-02 -2.661759737090e-02  2.954189964869e-01 
-3.024095867931e-01 -1.498051711372e-02 -3.106554078551e-02 
 8.038534773373e-03 -1.282062247352e-01  4.172125794894e-01 
-8.429918093401e-03 -2.858630690667e-02 -7.395184305647e-02 
 4.945048333987e-01  2.304738520327e+00 -3.549982612115e+00 
 2.247116385741e-01  1.835431930248e-01  1.057833878433e-01 
-3.964186522185e-01 -4.996306429733e-01 -4.608070251851e-01 
-4.459774837193e-02 -1.108006308608e-01 -9.577983792496e-02 
-6.149863841969e-02  1.568349298782e-02 -8.278017525742e-03 
 4.608535356313e-03  1.644153623001e-01 -9.143707086614e-01 
-4.845655543175e-02 -6.556467278022e-02  1.354067311141e+00 
 5.822033688209e-02  4.269138553376e-01 -2.644811039565e-02 
 2.693874863181e-02  1.402059289708e-02  4.496485411623e-02 
 3.502540731396e-02 -6.549260917950e-03  2.296407749530e-01 
 4.447526177340e-02 -3.690508486049e-03  4.049590643118e-02 
-4.203874238005e-01  8.862637020798e-01 -7.048340813935e-03 
 7.436797873979e-02 -9.809252066064e-02 -1.275884966946e-01 
-7.508543567698e-01  1.118211668353e-01 -2.014050100221e-02 
 1.353109507007e-01 -2.731954304835e-01  1.556524254242e+00 
-2.564358511541e-02 -1.086913256412e-01 -1.799134474949e-01 
 1.088606853369e-01  5.267022734342e-01 -3.851043563092e-01 
-2.572523855153e-01 -1.259669502481e-01  2.346077838667e-01 
 5.812496521484e-01  3.621702415317e-01 -1.648668166792e-01 
-6.716705253054e-02 -3.784075734108e-02  2.289228556091e-01 
 5.262081760463e-02  5.914171079283e-02 -6.348682134010e-02 
-4.943732437627e-01 -1.256868213613e-01 -1.817838256894e-01 
-1.823005542045e-01  8.300861638873e-01  1.413934413549e-01 
 6.693017436809e-01 -1.689888018765e+00 -1.538970007737e-03 
-3.128794254385e-02  1.111084463101e-03  2.700540279214e-02 
-3.921260846541e-03  9.479531475709e-02  2.446776442723e-01 
 6.502604322161e-02  8.306288777111e-02 -1.019241265008e-01 
 8.284508002807e-01 -1.649209704338e-01  1.217301810403e-01 
 8.825531405070e-02 -3.595043268337e-02  8.107870810372e-01 
-3.270822454078e-01 -9.257570060316e-02 -7.213130362967e-02 
-6.371587078619e-02  1.355527338211e-01 -7.455980572466e-01 
-6.757312939630e-02 -1.598745007470e-01  1.626142793319e-01 
-4.489749339149e-01 -2.047884956057e+00  3.282144135064e+00 
-2.200928152357e-02 -8.507664301011e-02 -2.229598969290e-01 
 1.396694151121e-01  3.963796396969e-01  6.252288911351e-01 
-1.325373345957e-02  6.229704911367e-02  4.860004114608e-02 
 3.299858165839e-02 -1.679999989340e-02  3.490652426143e-02 
 1.582019237446e-01 -2.670864153113e-01 -7.702184254709e-01 
-6.913144704649e-01 -2.587130664699e-01  1.353698443334e+00 
 1.207397192999e+00  2.265017706658e-01 -1.449739099321e-02 
 2.686454529952e-02  1.696235379769e-02  3.940388920349e-02 
 1.522544385576e-02 -5.985659204839e-02 -1.597193675295e-01 
-7.069692925649e-02  3.599313911783e-02  1.284954568395e-03 
 2.599379828325e-01  7.624687573861e-01  5.342697008202e-02 
 1.398470644913e-01 -1.153735370178e-01 -3.213146031868e-03 
-7.557423954780e-01  6.436086483454e-02 -2.389299994060e-02 
 1.345431810479e-01  2.147067048229e-01 -1.501877750432e+00 
 1.744337012819e-02  7.436770422569e-02  1.796505275384e-01 
 2.634891997054e-02  1.184149739729e-01 -1.904979728796e-01 
 1.728218752321e-03  1.859358807300e-02  1.454585047823e-02 
-3.503104924222e-03 -3.916665091382e-02 -3.890516987252e-02 
 3.240777811988e-02  6.026538344677e-03 -4.054480003004e-02 
-2.749165897142e-02 -3.837886712426e-04  3.774381985121e-01 
 1.738030371143e+00 -2.443159119860e+00 -3.844320541971e-02 
 9.178164929384e-02 -9.774366146477e-02 -4.296608487111e-02 
 1.702413341217e-01 -3.428188744601e-01 -1.181218969625e-01 
-5.717387261064e-02  8.789039111305e-02 -2.529920526749e-02 
-5.442007056304e-02  1.493536096647e-02 -2.417030677287e-03 
-4.044274686050e-03 -2.986749450889e-02  2.447752301199e-02 
 4.247900946339e-02  3.524509378175e-01  4.054809920689e-01 
 1.691318584597e-01  2.117852043986e-01  5.496790141263e-02 
 3.308349096950e-01 -3.534814229507e-01 -3.379947399980e-01 
 4.391341547286e-02 -2.786809812443e-02  9.849229704726e-02 
 6.260847391264e-04  1.614840175286e-02 -2.651179756613e-02 
 4.011266976917e-02  1.659231798357e-01 -4.870133400688e-01 
 1.287928123586e-01  1.551882168245e-01 -1.173996653769e-01 
-3.139117821309e-01 -3.334589005653e-01 -1.425604817412e-02 
-4.248873669927e-01 -1.628745672993e-01  3.208905315995e-01 
 2.400067394375e-01  5.904028557748e-02  4.874084252157e-02 
 3.194543998358e-01 -4.195950701054e-02  1.344147373318e-01 
 7.820462786780e-02 -4.379481281576e-01 -1.088438968123e-01 
-3.712725542726e-01  8.316275780849e-01 -4.201128778509e-03 
 3.916071993614e-02  4.030168408216e-02 -4.414151869563e-02 
 1.104782918053e-02 -5.734898084254e-02 -6.401370808957e-02 
 5.665268882453e-02  3.049321215749e-01 -2.228807517628e-01 
-4.295478028776e-01  7.756830444481e-02 -7.534487400994e-02 
 4.032834486877e-02  1.006899990691e-01 -3.684924225992e-01 
 1.444075512046e-01 -5.301582690376e-02  6.196034056519e-02 
 9.537445368612e-02 -7.394177671524e-02  6.359345306974e-01 
-1.474093707776e-02 -1.883644852834e-01  1.013341430538e-01 
 6.150696687961e-02  2.522590295861e-01 -4.545547910891e-01 
 3.340849725870e-02 -2.161253946060e-02 -6.365256939754e-02 
 5.130775529210e-02 -1.585178369797e-01 -2.540142332149e-02 
-5.297985707108e-01  3.767490420893e-01 -2.164306081548e-01 
-1.102641239070e-01  1.448782929278e-01  2.944324787841e-03 
 1.395622223580e-02 -1.384936883932e-02 -1.617094327107e-03 
 8.321733737789e-02  3.921842759302e-02 -1.634501568805e-01 
 4.595118154193e-02  9.311905464875e-02 -6.812195870967e-02 
-5.254826462259e-02 -1.268278534345e-01  6.551782881491e-02 
-3.780929084942e-02  1.223252251167e-01 -4.423445259453e-02 
-1.151047453634e-01  2.102015936100e-01  8.536744550850e-02 
-3.029670933662e-02 -1.915417844340e-02  1.727868174452e-01 
-2.188850587993e-01 -1.626742265566e-01  7.345564758232e-03 
 2.439310000277e-02  1.834407989725e-01 -2.256927168889e-01 
-1.742012061007e-01  1.605237460508e-01  9.565501547950e-02 
-1.662766946243e-01  1.136738894446e-01  1.054192470156e-02 
-7.752232983856e-02 -3.412759350631e-01  5.025681077481e-01 
-3.953265016516e-02 -3.128572336944e-03  2.880893218398e-02 
-8.778210694462e-02  1.310625912382e-04  1.035262035910e-01 
 3.783554917170e-02 -3.025812979434e-01 -1.291385253593e-01 
 4.402956210317e-01 -3.697069405639e-01 -1.846984905672e-01 
-8.069073382064e-01  1.197706901300e+00 -4.691897205085e-02 
-1.299731758187e-02  3.270459626904e-02 -3.954090932696e-02 
 8.640793029185e-02  2.882959703170e-01 -1.144048741786e-01 
-4.380932635485e-02 -1.171611575743e-01  4.610082806092e-02 
-6.356234161204e-02 -1.753038837573e-01  6.299935816991e-02 
 1.030527030435e-01  5.184119392032e-02 -1.564639586971e-01 
-2.557129604442e-01  1.723523480566e-02  2.381997547479e-01 
-2.387379596725e-01 -9.078508518418e-02 -2.902091241195e-01 
 5.466560751894e-03  1.654851849664e-01 -2.898610207639e-01 
-1.056541523157e-01 -2.799202381640e-02 -1.025308551640e-01 
 1.904520291243e-01  3.703498200043e-02 -1.079594912726e-01 
 2.842476458545e-02  1.158358826461e-01 -2.879639746689e-01 
 2.437684873306e-02  9.492549093880e-02 -1.866857594520e-03 
-1.415876301285e-01 -1.936638159309e-01 -7.411631525119e-02 
-5.465785442170e-03 -1.532179299103e-01 -4.599811867409e-02 
 1.216036837160e-01 -4.978405191538e-02  6.200519756828e-01 
 2.679079055986e+00 -4.068555428141e+00  3.584184282909e-02 
 2.119293422538e-02  8.424790845339e-03 -2.231402831759e-01 
 4.595719031586e-01 -6.694533725263e-01  1.439286957676e-01 
-7.902552547055e-02 -7.149481718416e-02  1.158665071991e-01 
 4.064508594033e-02 -9.094657315947e-02  1.006471150283e-02 
 2.311998756870e-02  3.489325257370e-02 -9.996133594254e-03 
 9.981466479035e-01 -7.401670167287e-02 -9.518350268370e-02 
 4.386174487718e-03 -3.104202465286e-01  1.009355232982e+00 
-6.998867301490e-02  1.260751065451e-01  1.407946922656e-01 
-2.701143883410e-01 -3.120535497205e-02  3.141954841054e-01 
 8.809110265526e-02 -1.548756973936e-02 -3.748233266236e-02 
 1.532072676328e-02  8.995016127652e-02  9.206680007391e-02 
-8.061109705034e-02 -1.657065473557e-01  1.027915072484e-01 
 2.964874300408e-01  2.191046170599e-01  1.245689067586e-01 
-2.915388408311e-01  1.601073846250e-01 -3.691737087721e-01 
 2.603749980203e-01 -4.192738670581e-01  1.611175154555e-02 
 1.761822189277e-02 -2.527260318619e-01 -1.069486972084e-02 
-7.851317056671e-02  2.016587396383e-01  1.331449836329e-01 
 7.063269441978e-02 -6.116801951425e-01  8.945920006098e-02 
 2.773566982445e-02  1.386785343866e-01 -4.449019839094e-02 
 3.997380785797e-02  2.361205440942e-01 -2.683561432432e-02 
 2.019828726996e-02  6.265389637061e-02 -1.532666957352e-01 
 2.608526606787e-01 -3.116385687443e-02 -1.564437925709e-01 
 2.305591759534e-01  1.340447669426e-01  2.308227041662e-01 
-3.438976533168e-02 -2.005908864618e-01  2.250252061256e-01 
 1.379993026228e-01 -8.499271198630e-02 -3.580753871555e-01 
-1.104904484996e-01  2.155503784956e-01 -1.066495374570e-01 
 5.600309712929e-02  3.004343324978e-01 -1.691301815514e-01 
-8.650951307489e-02 -3.995963287199e-02 -1.981013499845e-01 
 6.264824423070e-01  3.387065868966e-01  7.327876316825e-01 
 6.730193784510e-02  1.261165030294e-02  3.135871533053e-01 
-1.690230893473e-01 -3.535993673291e-01  6.016618626528e-02 
 2.915661858775e-01 -2.943557603702e-01 -9.035428732612e-03 
-8.663269672131e-04 -1.482235249908e-01 -2.488929906330e-02 
 4.882744862385e-02  3.099940765314e-01 -2.394334090959e-02 
-4.316094542855e-03 -5.635216402570e-02  1.984999507089e-02 
-1.945485548021e-02  9.094551463740e-01 -3.086763429720e-01 
 3.736750083639e-02 -3.162455603192e-01 -3.543762074973e-01 
-3.123305810429e-02  3.513155315279e-02  5.081916707038e-02 
-9.376117597399e-02 -8.019684582854e-02 -4.920099542641e-02 
-7.330193390881e-03  8.950518755310e-02 -5.385437526269e-02 
-6.269947388152e-02 -7.702972027712e-01  1.850478419833e-01 
-4.431474518540e-01  1.160097959701e-01  6.032728840891e-02 
 1.275613375536e-02  5.608928291248e-02 -1.061422773090e-01 
 7.315455419780e-03  9.137693562119e-03  1.964686419657e-02 
-2.973278925782e-02 -2.844908349920e-02 -4.718329995289e-02 
-2.937443628386e-03  8.902651254446e-03  2.498556665694e-03 
-1.044928671398e-03  2.226902155019e-02  6.141838382600e-03 
 2.754538551900e-02 -3.577828695884e-02 -4.185393621874e-03 
 1.771066067949e-02  3.751355167742e-03 -5.711215829611e-03 
-1.446426825910e-02  7.431222933969e-03  9.020747692596e-02 
 1.464988292733e-01  5.616127568543e-02  1.197136949034e-01 
-3.049452098246e-01 -2.155444461687e-02  5.372809627475e-03 
 5.563209577323e-03  3.382859446484e-03  2.487030736934e-04 
-3.521123602390e-03  1.260986203068e-04  3.452480233819e-01 
-4.172917674230e-01 -3.195138669112e-01  4.634391887231e-03 
 3.774372812255e-04 -3.359819866024e-01  4.050116515046e-01 
 3.062500823543e-01 -1.928815013409e-02  9.205063682444e-02 
 1.016730016379e-02 -2.927354867745e-03 -6.508716239150e-03 
-2.052342567685e-01 -8.521420762852e-01  1.288483996393e+00 
 1.175359491892e-01  4.612628606902e-02  5.562272061480e-02 
-6.696702368394e-02  3.571832620039e-01  4.449786781795e-01 
-3.630894317937e-02  5.663665950957e-01 -1.422257833269e-02 
 2.587533883571e-01  3.072920445868e-01  2.184564607780e-02 
 9.856282938763e-02 -1.153579641865e-01 -6.763375879291e-02 
-4.929859823327e-02 -3.930932185905e-02  9.742128207291e-02 
 8.798666471038e-02  8.008122704367e-02  7.551420422111e-04 
-6.836433398867e-03 -3.605729618253e-03 -3.879984164338e-04 
-4.915840767776e-03 -4.776901808998e-01  4.032011666895e-01 
 4.964883248778e-01 -3.766788529219e-01 -2.986718345863e-01 
 3.455075761226e-02  2.900587474704e-02  1.555518550483e-02 
-8.606081383555e-03  8.840057387358e-03 -3.505055924054e-02 
-2.017467179549e-02  4.092325211313e-02  4.688852560891e-03 
-3.531363236776e-02 -1.071329625209e+00  2.475995385160e-01 
 8.981414713591e-02 -1.355948379552e-01 -1.241809988220e-01 
 6.195833043816e-03  2.667705124057e-02 -4.830402499474e-02 
 2.494348988795e-02  1.115681581888e-01 -8.862844640152e-02 
 3.239935192160e-02  1.720183068591e-01 -1.732964741581e-01 
-3.187130814358e-01 -4.032929329706e-02 -1.408140013839e-01 
 3.159621706914e-01 -2.448827892452e-01 -5.297436757802e-03 
-1.458122792555e-02  4.835663111980e-02  5.661426125768e-02 
 4.631428041235e-02 -4.054105420695e-03 -6.385983870824e-02 
-7.760482021072e-02  1.926200898365e-02 -1.201326282077e-02 
 1.381391158802e-02 -5.157312760249e-03 -4.662491430649e-03 
 5.103931716649e-03  3.840158128444e-03 -8.668650938917e-03 
-1.477788879036e-01 -6.241598660387e-01  5.323705192725e-01 
-5.061543875741e-02 -2.364523583295e-03 -2.021663611619e-02 
-1.043810818976e-03 -2.516903395789e-02 -6.925099378734e-03 
 1.910372471258e-02 -1.848815106607e-02 -1.980403543952e-02 
 3.376018963354e-02  2.348600335860e-03  3.344867628151e-02 
-9.597023209719e-02 -4.347831218234e-01  3.636509612340e-01 
 2.545866062543e-02  1.139491889286e-01 -1.742200827637e-01 
-1.773475994053e-02  9.556404847497e-03  1.682003305336e-02 
-1.048838783592e-02 -3.379323667648e-02 -7.583700341715e-02 
-2.520448455009e-02 -3.288464605853e-03  2.584223847076e-02 
 9.773838560279e-03 -1.988037183439e-02 -1.248425068228e-03 
-1.684394641629e-02 -3.109498933676e-03 -5.025240789207e-01 
-3.091188305505e-01 -1.422835609576e-01  6.585554312134e-02 
 2.402426206056e-02  4.091696214176e-02 -7.767486885495e-02 
 8.317477205703e-02  7.027392965117e-02  1.876258942290e-01 
 1.025799157167e-01  1.562596793606e-02 -3.259606735022e-02 
-4.852003018849e-02 -1.693670429789e-02  4.124870480674e-02 
 9.256730963630e-02 -2.756252579234e-01  2.443454135429e-01 
-2.823066828307e-01  6.367924680339e-01 -1.131427498595e-01 
 2.977698305702e-01  3.707693140062e-03  4.694029609949e-01 
-6.115325432420e-01 -4.022471082189e-03  1.097309734825e-01 
 2.253013778151e-02 -5.535324895399e-03 -8.942527802391e-04 
-2.046657750892e-02  7.496981394273e-02  4.948076674044e-01 
-5.397512869827e-01  5.731390382683e-03 -1.380476820162e-01 
-7.552734723303e-02  8.966308053821e-02  8.468572417178e-02 
-1.857533166168e-01  3.888299039286e-01  1.234869823658e-01 
-2.421660829093e-01 -2.039124826061e-01 -5.305973542150e-03 
-2.680049561702e-02  1.552474227476e-02  6.488359096629e-03 
-4.394860978444e-03  8.905814515939e-03  1.860339386596e-02 
 2.981437273712e-02 -1.028636373120e-02  2.219028655943e-02 
-2.435252643191e-02  3.419250787019e-03  6.264323482647e-03 
-9.657589169518e-03  3.553821661785e-02 -5.148149222149e-01 
-5.654788807363e-01 -1.600173609843e-01 -3.537140600318e-01 
-6.235764160150e-03  3.571565939275e-02 -6.401328619552e-04 
 2.197870016328e-02 -2.215311611614e-02 -1.023028651805e-02 
-1.129337418825e-02  4.992121614582e-03 -1.348834195194e-02 
 1.108806494822e-02 -2.462046621973e-01  8.972994176156e-02 
 8.250294078276e-01 -3.307720204841e-01 -1.601139235768e-01 
 1.357389168919e-01  5.821913200091e-01 -4.153373967385e-01 
 2.175760796765e-02  1.450869893089e-01  1.820478117846e-01 
-3.047062693454e-01 -1.665185275921e-01 -3.245894945081e-01 
-2.909570562210e-01 -4.749319389705e-01 -4.813961513270e-01 
-2.778793575509e-01  3.808799679682e-01 -2.208978735629e-02 
-9.477972263845e-02  1.239386241239e-01 -3.823013555834e-03 
 1.260636928308e-02  2.379651000663e-02  3.802170513614e-03 
-2.782450097271e-02 -7.843726611559e-02 -7.474694287820e-03 
 2.380590105500e-02 -1.843576761207e-03  2.458429482490e-03 
 1.256188975522e-02 -1.506028093963e-01 -8.952700278113e-02 
 1.440497883692e-01 -4.157031022864e-01 -5.082474213654e-01 
 1.298522415950e-02 -3.020232446576e-02 -4.646150152456e-03 
 4.890315827466e-03  2.484323507955e-02 -2.365065858892e-03 
 2.835314248932e-02 -2.575039582182e-02  4.652876685830e-03 
 4.625969358067e-03  9.853932183557e-01 -6.801159636527e-01 
 1.529140977282e-01  2.055502192589e-01  3.978459756623e-01 
-4.785505887805e-03 -1.814464743094e-02  9.550401411630e-02 
-6.022860005138e-02 -1.743014128917e-01  1.337673704936e-01 
 1.773546863612e-02  3.998326638118e-02 -8.095725655325e-03 
-4.800238865679e-01 -2.620922145521e-01  6.925845174887e-01 
 1.897746231695e-01  2.899604794625e-01 -8.877210104153e-02 
-4.137888840016e-01  3.540394823175e-01 -3.517203114032e-02 
 6.024806751536e-02 -4.959896784226e-02  6.928586109343e-02 
-1.107617998802e-02 -3.532798668082e-02  1.514291006816e-01 
-8.270235165633e-02  4.023580904457e-03  5.767768671531e-02 
 8.682907845535e-03 -2.308482280835e-02  6.986946071106e-03 
-8.089710962089e-02 -3.972041415161e-01  2.627987163667e-01 
-5.717898432304e-02  9.974017031659e-02  6.460272068112e-02 
 1.217059400466e-01 -4.598551334518e-02 -6.306352576892e-02 
 3.293111452031e-02 -5.918955684284e-02 -5.256580757556e-03 
-5.655559339060e-02  1.423464154620e-01 -2.122965560693e-01 
 1.664079271221e-01  7.308899782117e-01 -5.791413684587e-01 
 9.901183129136e-03  5.264968849818e-02 -1.659039304788e-03 
-3.219369582345e-02 -3.406974678304e-02  6.469157338849e-02 
 6.867255620508e-03  3.751083531106e-03 -4.970650300668e-02 
-1.072381509720e-01 -4.539619668869e-02  1.540967466717e-01 
 5.190810650599e-02  6.496015712739e-02  2.922674909715e-01 
 1.348342985544e+00 -1.069582564835e+00  1.270407361402e-01 
-4.026303315972e-01  7.048723492465e-01 -1.097873037252e-01 
 3.462848748957e-01 -6.350157477836e-01 -5.350715838970e-01 
 1.284172562805e-01  1.520036894082e-01 -2.929355480585e-01 
-1.871327294948e-01 -2.332456990833e-02 -3.256845542753e-03 
-4.619527444758e-02 -8.609495078907e-02  5.587369466791e-02 
 3.286611598919e-01 -2.090230905964e-01 -2.085208966177e-01 
-3.571254644419e-01  2.544453440003e-01  2.954279532980e-01 
-2.575226311811e-01  4.533070364829e-01  9.739718030091e-02 
 3.679916959815e-01  2.112965150476e-02 -6.795019941276e-02 
 6.930537607788e-02  1.798489936110e-01 -1.374000909355e-01 
 9.585770725249e-03  4.338564578540e-02 -4.573172851446e-02 
 8.096944359366e-03  1.314953727748e-02  2.111994308956e-02 
-2.812726111494e-03 -9.637648862902e-03 -2.214551266048e-02 
 8.936844031146e-03  6.800192347960e-03 -6.913910486023e-04 
 6.940960081025e-03 -2.987467501047e-03  7.857570462583e-03 
 3.408152700372e-02 -2.953680291185e-02 -6.653539121373e-02 
-5.974725551732e-02 -6.113315876773e-03  6.834679380597e-02 
 7.105135521818e-02  1.599560866905e-02  2.285852456141e-01 
 4.258542456285e-01  2.044744516397e-01  3.217954920112e-01 
-7.478217920197e-01 -3.771860301508e-03  4.232809628292e-03 
-3.036045138390e-03  4.829507660560e-03  4.619219559917e-03 
-2.729221714411e-02 -5.201470712823e-02 -4.306973124138e-01 
 2.049027671342e-01  2.047251512427e-01  4.009415750944e-02 
 4.193381998737e-02  1.317983664596e-01 -4.587287288851e-01 
-2.874745092135e-01 -3.290468559102e-02  3.689748061877e-02 
-9.075376284516e-04  4.743195949314e-03  1.940935040726e-02 
-3.795610467234e-02 -1.629056632052e-01  2.445076503506e-01 
-1.551709146145e-02 -3.618811182903e-02 -3.773124318261e-02 
 2.305927117982e-02  5.049483266309e-02  1.026067767610e-01 
-2.865141129360e-02 -6.640935247099e-03  5.034812871845e-02 
-5.969090407167e-03  1.273808714395e-02  3.254753960044e-02 
 1.414502391639e-01 -1.067245804060e-01 -3.607770516788e-01 
-3.006030133312e-01  7.738981590854e-03  4.037076962985e-01 
 3.262755658977e-01 -7.367757717346e-03 -1.813274341179e-01 
 3.345013685975e-02  4.103977991721e-02  1.207122907043e-01 
 2.619834297059e-01 -2.591101357782e-03  1.686037767723e-02 
 1.114945244519e-02 -1.846269409339e-02 -1.220266111192e-03 
-1.438260762501e-01 -2.337315125726e-01 -7.609652634909e-01 
-6.133778251663e-01 -2.183136593944e-01  2.051185339750e-01 
 1.976114479600e-01 -8.117263757003e-01 -4.628509420566e-01 
-6.544512394215e-02  2.923805950923e-02 -1.609278279110e-01 
 1.914974386124e-02  3.187043969944e-02 -7.778052051887e-02 
-5.091820081938e-03 -2.817298279629e-02 -3.905087094217e-03 
 3.973633618473e-03 -5.321971384666e-03 -2.274888201499e-02 
-1.265201333635e-02 -5.295752664450e-03  1.722095611572e-03 
 1.147281610708e-03 -1.598176902008e-02 -2.234000761588e-02 
-1.928314207931e-02 -1.354653707969e-03 -1.447080432023e-01 
-7.447356171678e-01  1.468672844046e-01 -8.890783897897e-02 
 3.357687929215e-01 -5.443053222010e-01  5.971871739517e-02 
-2.125094249267e-01  3.607331464368e-01 -5.789094305054e-01 
-3.643008895835e-01  5.039617798160e-01 -1.157048164739e-01 
-2.998186576826e-01  4.809593522945e-03 -4.091803806010e-03 
 1.280605408426e-02  2.939101749631e-03 -7.335684706439e-03 
 1.615365530537e-01  5.102368431671e-02 -1.586494706888e-01 
 2.803281565738e-01 -5.495747330548e-01  1.747751855831e-01 
 5.846145145166e-02 -7.167621995416e-02  3.166898426554e-01 
-5.081954024328e-01  6.219564313069e-02 -1.215811510603e-02 
-1.628905133183e-02 -3.043434749057e-02  1.185985825143e-02 
 2.087067837943e-02  7.756455558009e-02 -8.684877704539e-02 
 5.559624518649e-02  3.312249704206e-02  7.189000872831e-02 
 7.064609564899e-03  1.349235759472e-02 -5.510411918755e-03 
-1.839861329981e-02  2.917094502398e-02  3.028764745558e-02 
-3.498446384908e-02 -5.002946608153e-02 -3.657020264217e-04 
-6.929853031683e-04  6.009059262404e-03  1.289260362411e-02 
-1.708793153076e-02 -1.705364529757e-03  1.895347005020e-01 
-2.243617443710e-01 -1.836754887946e-01 -4.001671476851e-01 
-3.052925298402e-01 -7.642997123776e-01  4.302301452512e-01 
-3.182615217514e-01  8.586580904010e-02 -4.521958386309e-03 
 6.257666141722e-02  1.044501068776e-02  3.753557560983e-02 
-1.639361453069e-03  2.030291117485e-03 -3.261656106973e-01 
 3.851949852444e-01  2.944226303648e-01 -3.452319898121e-03 
 2.248063956557e-03 -2.834546406684e-01  3.479473626829e-01 
 2.651425080205e-01 -9.662105979002e-02  2.562955535463e-02 
 5.413216924779e-02  3.155446123002e-02  2.067471600945e-02 
-1.667499571870e-01 -4.759220831296e-01  8.123427243644e-01 
-6.451667743115e-01 -4.318094280006e-01 -7.061944929111e-01 
-3.075608844808e-01 -1.180521898624e-01 -1.999766570860e-01 
 3.064024805344e-01 -1.979047705448e-01 -3.626888917650e-01 
 7.234282985177e-01  8.048774661921e-01  7.580514344881e-03 
 2.826086763259e-02 -6.577379549863e-02 -1.675489600031e-02 
 2.550502474458e-02 -4.163107573957e-02  2.136451428765e-02 
-6.055178346116e-02  4.686943806816e-02 -2.916501219030e-02 
-2.567678210463e-03 -6.651638812319e-02  1.551097169166e-02 
-2.504055635979e-02 -1.416995688479e+00  7.351293917534e-02 
-1.015802962334e+00 -1.945528203840e-01 -5.135826688037e-01 
-5.230377827677e-03 -3.187990558172e-03 -2.106237508724e-02 
 3.363366072666e-02  1.425996569333e-02  2.632764404321e-02 
-1.766876781608e-02 -3.313912103775e-02  2.846623924326e-02 
-2.203788953078e-03  6.124156221047e-01  1.543135393192e-01 
-6.986252965681e-01 -1.057722528399e-01 -2.908502885133e-01 
-2.690414999754e-01 -1.473926306217e+00 -6.971364797745e-01 
-3.889476656113e-01 -9.117918699082e-01 -1.227518888730e+00 
 1.086673366558e-02  6.660667392799e-02  1.245276393324e-01 
-5.367895610829e-01 -8.337236533250e-01 -3.533750013981e-01 
-8.371812912483e-01 -5.015219133348e-02 -1.289371758601e-02 
 4.377506720621e-02  5.375079083053e-01  8.078467711528e-02 
-1.045563815954e-01  2.338667869230e-01 -1.845521731677e-02 
-1.881517460527e-01  2.294780130659e-01  7.666801322412e-02 
-2.306455435727e-01  1.335833721966e-01  1.745024979708e-01 
-2.278947363159e-02  6.297608215629e-01 -2.350435183147e-01 
 4.956021717245e-01 -4.321043925100e-02  6.405037469863e-02 
-5.599825197011e-01  1.786098269153e-01 -7.169158446121e-02 
-1.406857004520e-01  1.320791569555e-01 -6.007518700271e-01 
 1.802642743732e-01  1.951064113146e-01  7.927975092166e-03 
 2.023288883579e-01  2.996747817322e+00 -6.537456759386e-01 
-3.858130923509e-01 -9.530598524052e-01 -1.187531848943e+00 
 6.648236337259e-02  3.771917665380e-01  1.789166169446e-01 
 1.359011962583e-01  2.743342498497e-01  2.869865296537e-01 
-9.226667247318e-02 -7.333402249811e-02 -1.096582577613e-02 
 1.882692586613e-01  2.306605630427e-01  7.082409133311e-02 
 2.443489410352e-01  3.481242197520e-02 -1.082560643549e-01 
-1.003289490424e-01  2.266572591953e+00  1.512605685930e-01 
-4.601834879401e-01  7.265616670544e-01  1.490108846000e-01 
-4.472298449155e-01  8.441030531108e-01  2.933854776209e-01 
-8.922486056497e-01  5.024307849763e-01  5.045870353427e-01 
-4.881626126536e-02 -2.331360346417e-01  5.585638537224e-02 
-1.557998180676e-01  2.063408417822e-02 -5.300988981124e-02 
-2.045240014625e+00  6.660261365142e-01 -3.345361461785e-01 
-5.964198030478e-01  3.887342921316e-01 -2.126051139061e+00 
 6.842925170896e-01  5.536255987281e-01 -4.861951142808e-02 
 6.464467812716e-01 -8.584018731198e-01  3.824742794350e-01 
 5.057894840014e-02  2.170794606611e-01  3.994411130663e-01 
-2.025955246675e-02 -6.882172858414e-02  2.407099824729e-01 
 7.710256857493e-03  1.584583431319e-02  1.801973856448e-02 
 1.283094720373e-02  3.762603125492e-02  7.899993182336e-02 
 1.762855978708e-02  3.464045143857e-02  3.270235616742e-02 
 3.259441071259e-02  9.682501351520e-03 -1.459054271901e-02 
-7.688230655098e-02 -8.073179587564e-02  6.690972176971e-01 
 4.910860206965e-01  8.905193006019e-02  4.074789611887e-01 
 3.017649846617e-01  4.108799831583e-02 -5.155477957942e-01 
 5.741922509973e-01  3.701919421426e-01  1.024141542366e+00 
 5.948456635505e-01 -3.954175156802e-02  2.530266418672e-02 
-1.726997486027e-02 -3.990540061739e-03 -1.186596434714e-02 
 2.093048595176e+00 -5.993211262358e-01  3.628715562780e-01 
 7.988423500080e-01 -6.543401208691e-01 -1.778443295423e+00 
 4.901390798992e-01  5.708156533557e-01 -1.289918160599e-01 
 7.983397632217e-01 -1.185186135542e-01 -9.917629665552e-02 
 1.737974932695e-02  4.576982464379e-02  8.225150530818e-03 
orbocc
(*)
 0.000000000000e+00  0.000000000000e+00  0.000000000000e+00 
 0.000000000000e+00  0.000000000000e+00  0.000000000000e+00 
 0.000000000000e+00  0.000000000000e+00  0.000000000000e+00 
 0.000000000000e+00  0.000000000000e+00  0.000000000000e+00 
 0.000000000000e+00  0.000000000000e+00  0.000000000000e+00 
 0.000000000000e+00  0.000000000000e+00  0.000000000000e+00 
 0.000000000000e+00  0.000000000000e+00  0.000000000000e+00 
 0.000000000000e+00  0.000000000000e+00  0.000000000000e+00 
 0.000000000000e+00  0.000000000000e+00  0.000000000000e+00 
 0.000000000000e+00  0.000000000000e+00  0.000000000000e+00 
 0.000000000000e+00  0.000000000000e+00  0.000000000000e+00 
 0.000000000000e+00  0.000000000000e+00  0.000000000000e+00 
 0.000000000000e+00  0.000000000000e+00  0.000000000000e+00 
 0.000000000000e+00  0.000000000000e+00  0.000000000000e+00 
 0.000000000000e+00  0.000000000000e+00  0.000000000000e+00 
 0.000000000000e+00  0.000000000000e+00  0.000000000000e+00 