2mocoef
header
1
MO-coefficients from MOLCAS
1
48   48
a
mocoef
(*)
 2.265412742664e-05 -3.201394770930e-04 -1.185039756279e-04 
-7.726074925879e-04 -5.915581638154e-04 -9.947847561058e-04 
 2.407475336124e-06 -2.480868517697e-05  1.763492805441e-04 
-3.649934209111e-07 -4.632442329396e-05 -3.748925522702e-05 
-2.588721737440e-06  4.336714956636e-05  1.000363844208e+00 
-9.070538321841e-03  4.886426008440e-04 -1.404943795984e-03 
-6.346308954108e-04 -6.328001500107e-04 -7.664547719329e-06 
 3.024898368125e-04 -1.257026729855e-04  3.091097863758e-04 
-3.703465071032e-04  1.667719103488e-05  8.266601067766e-05 
-1.227628174634e-05  8.293633080295e-04 -3.359572032787e-04 
 3.033706833645e-05  1.381404159464e-05 -1.759316590851e-06 
-5.511535141513e-03  3.372011115354e-03 -5.505235626359e-04 
-9.633739376627e-04  6.982266067134e-04 -6.474662100171e-03 
 3.422401211490e-03  8.212553007691e-04 -8.290015791861e-05 
 8.723610394594e-04 -1.426020202895e-03  1.068846356774e-03 
-6.891907163808e-06 -4.856384187290e-06  2.061281965050e-05 
 1.000615151706e+00  3.402226961427e-03 -3.352091108780e-03 
-1.059406252721e-03  1.561775493290e-03  1.450571651594e-03 
 7.714929437291e-04 -1.157790066148e-03 -1.090548078295e-03 
 2.949136759416e-04  1.024148606753e-03  8.374577164115e-05 
 7.478710787715e-04  3.910823777404e-04  6.026592297793e-06 
 1.203734905018e-04 -1.509693488392e-04  2.509596786359e-05 
 3.038963218731e-05  7.358434009699e-05 -1.381865481483e-04 
-8.659727984807e-05 -1.212199740977e-04  6.261415298399e-06 
 8.011511705550e-06 -1.406327678764e-05 -2.660121168854e-05 
-1.898843739110e-05 -6.932153070687e-04  1.133472836698e-03 
-6.789348633083e-04 -1.991131072368e-05 -1.753037120305e-04 
 8.196750064443e-06 -1.447730677130e-05  1.631971732898e-05 
 8.844622805275e-06  2.863103177024e-05  2.317877733122e-04 
-7.901690468903e-05 -2.180855274960e-05  2.646522010209e-05 
-3.289530651758e-05 -1.701678329134e-03  2.273433273735e-03 
 1.578628448823e-04  4.755325290769e-04  6.132406096803e-04 
-4.104015459235e-03  8.512432421043e-01 -1.362913221018e-01 
-1.767980856698e-02  1.068723199107e-01  1.250460085032e-01 
-1.188774893559e-02 -3.306080285867e-02 -3.764480619485e-02 
 2.661305533505e-03  1.120234619587e-02  2.136253372079e-03 
 6.525436867164e-03  2.793582196237e-03 -4.068607148511e-04 
-5.100347297901e-02  1.184815855333e-02  7.453357047983e-03 
 1.319323790292e-02 -1.952189042044e-02  1.003029101467e-03 
-2.463332296015e-03  2.703003465944e-03 -3.159030848168e-04 
 6.589033257334e-04  4.406506018358e-04 -8.201058924003e-05 
 3.306425082041e-04  2.584339210067e-01 -1.186442958842e-01 
 1.874104795091e-02  6.131753104909e-03  1.160060026637e-02 
-3.502472056151e-02  1.714510343641e-02 -1.294064563048e-03 
-2.194073333932e-03  1.557116358872e-03 -2.091167625754e-02 
 1.156119123072e-02  1.572016920299e-03 -5.298613172151e-05 
 1.592380448744e-03  4.860334353237e-01 -2.188227161125e-01 
-1.431530628659e-02 -1.851660753554e-02 -2.397772716404e-02 
 1.744155663548e-04  7.417544357542e-02  1.382423183602e-02 
-1.671745301484e-01 -9.788246169394e-02 -1.534882014271e-01 
 2.844568055255e-02  2.166470168123e-02  3.171647391274e-02 
-3.907630354776e-04 -4.718337164223e-03 -5.158965710128e-03 
 1.626399756127e-03  7.522394523300e-03 -6.897396828056e-04 
 1.112198442312e-01 -5.086687222454e-02 -5.715437376765e-01 
-4.147328273081e-01 -4.160397351633e-03  5.090489585753e-02 
 4.754710531609e-02 -1.205877686018e-02  1.131852282532e-02 
-1.302424078734e-02 -4.648696086757e-03 -1.951054322355e-02 
-1.342247703404e-02  2.123990663045e-01 -7.344263601382e-02 
 9.782959808221e-03  1.746504840098e-03  4.717311211868e-03 
 5.600316007923e-01 -1.986682909043e-01  6.581526036034e-03 
 2.390018829469e-02 -2.512172991097e-02 -3.573688237467e-01 
 9.955170369065e-02  5.932511584133e-03 -1.027011862528e-02 
 1.944012216502e-02 -1.730191611022e-01  5.558146244293e-02 
 1.349783495424e-03  4.400196783705e-03  4.369942007966e-03 
-1.607948545107e-03 -1.244233164213e-01 -2.805773342079e-02 
 4.151667205622e-01  2.489456073947e-01  3.906466882941e-01 
-6.847974739108e-02 -5.162318101598e-02 -7.715104339093e-02 
 1.397419394268e-03  1.210511157993e-02  1.284829281093e-02 
-4.359569847692e-03 -1.844615848664e-02 -4.251333094380e-04 
-8.012198856782e-02  3.333921199085e-03 -2.532389260573e-01 
-1.620050209144e-01 -4.828391994967e-02  2.491368815874e-02 
 1.379912554595e-02  2.835704299072e-03  4.630708598799e-03 
-4.353894893442e-03 -2.486477938561e-03 -9.684366865727e-03 
-5.717892313665e-03 -5.125574332563e-01  1.779538787576e-01 
-2.285284254505e-02 -4.037766928463e-03 -1.080239141767e-02 
 1.748298250367e-01 -5.102505487594e-02 -1.859284825737e-04 
 5.656616414143e-03 -7.782465681721e-03 -2.241092051660e-01 
 7.672452532447e-02  6.861687907562e-03 -4.705403719157e-03 
 1.273435811903e-02  4.546421438650e-01 -1.695846220885e-01 
-4.587569029318e-03 -1.183754547367e-02 -1.354838073749e-02 
 9.094115219183e-04 -2.413251508427e-02  7.144595957850e-03 
-6.119255222153e-02 -4.318180589343e-02 -6.698641461548e-02 
 8.831337670419e-03  8.084121878674e-03  1.294908085021e-02 
-3.864902061181e-04 -2.617357839626e-03 -2.497700857593e-03 
 1.945393213259e-04  2.748463528163e-03 -1.266115439606e-02 
-8.441401464620e-01  1.575978501659e-01 -1.166449056971e-01 
 4.070597310721e-02 -1.593743498847e-01  1.639554604533e-02 
-3.818647882467e-02  6.991755982189e-02  7.943945122754e-04 
 3.988548161061e-03 -4.008325283478e-03 -5.007648100777e-03 
-1.114866683838e-03  6.383813901864e-02 -2.189328201606e-02 
 2.439028951581e-03  3.303909296969e-04  9.296574299354e-04 
-3.207963157123e-01  1.674616912976e-01 -1.622117418563e-02 
-2.532791434585e-02  1.686842752404e-02 -4.259258390753e-01 
 1.945730228544e-01  2.686915552362e-02 -3.097094672367e-03 
 2.939127184446e-02 -9.746777636902e-02  4.509562356394e-02 
 1.212527164736e-03  2.370497087727e-03  2.466488870458e-03 
-3.570991230793e-03 -1.863815902468e-01 -5.664385442866e-02 
-3.885781347533e-01  3.220134625867e-01  2.613918068381e-01 
-2.228281317371e-02  1.229920918662e-02 -2.626982750491e-03 
-3.495134959513e-03  1.090374597458e-02 -8.896339748191e-04 
-1.956347135579e-03  2.362319597971e-03 -5.615126353923e-03 
-3.728686565215e-01 -9.683424309995e-02  1.526477683214e-01 
-2.793369286912e-01  4.882398762845e-01 -1.410497898340e-02 
 2.961183805036e-02 -4.494691420282e-02 -2.335472478254e-03 
-9.825526986506e-03  6.210851606246e-03  4.742030408152e-03 
-2.154671820372e-03  1.279963778519e-01 -1.996072485673e-02 
-2.417060789767e-03  7.420827386009e-03  8.594310835518e-03 
 2.455168192660e-01 -9.945139650339e-02  1.793882017005e-02 
 8.081712716541e-03  5.047595423174e-03  3.123976248064e-01 
-1.192174812469e-01 -1.812747544073e-02 -1.051323462610e-02 
-5.288456187083e-03  1.570851033747e-01 -5.391918225337e-02 
-1.299055874131e-02  3.736329347867e-03 -6.494197580604e-04 
 5.459061124666e-03  2.666239607867e-01  6.432187640470e-02 
 4.801408913030e-01 -3.378150309832e-01 -2.646252319710e-01 
 2.987337848108e-02 -7.379412842635e-03 -6.086826615512e-03 
 4.407870636738e-03 -1.014886761042e-02 -4.625980787040e-04 
 3.483929064995e-03 -4.864642429411e-03 -4.073551063425e-03 
-2.944785411939e-01 -7.229841097557e-02  1.270717523570e-01 
-2.279134570237e-01  4.049501545229e-01 -7.392347664502e-03 
 1.685026846935e-02 -3.119480642318e-02 -1.864184663361e-03 
-7.629485939558e-03  4.055850817927e-03  3.782370913039e-03 
-1.698513630016e-03 -1.676035280184e-01  2.980526322486e-02 
 2.075134684694e-03 -8.702277491661e-03 -9.341658894790e-03 
 1.978120794487e-01 -8.600212016259e-02  1.390825495929e-02 
 6.642127370111e-03  3.974694026983e-03  2.540093303572e-01 
-1.001235972692e-01 -1.468495069745e-02 -8.002499986050e-03 
-4.507761223703e-03 -1.244704268368e-01  5.323279495379e-03 
 1.547115683596e-02 -4.707678472285e-03 -4.278917540373e-03 
 2.688817571329e-03  3.046414013918e-02 -1.460681931199e-02 
 1.355812571635e-02  2.639710953313e-02  8.189959096978e-03 
-6.263538468776e-03  7.550678771929e-03 -1.584213686952e-02 
-1.663974015086e-04  1.720948549614e-03 -2.785585678377e-03 
 1.771300800386e-04 -4.513406683770e-04  3.080459428897e-03 
 1.617693792263e-02 -1.506843809589e-02 -4.554611565473e-01 
 6.157687798535e-01  4.826767648051e-01 -4.446275599322e-02 
 6.017880239236e-02  4.950189977010e-02  9.842153074330e-03 
 4.494291169283e-03  1.655202235982e-02 -5.784604711104e-03 
 6.419409451806e-03 -7.232911064435e-03 -2.614849991009e-03 
-5.249322079362e-04 -1.995037713326e-04  2.033738488877e-04 
 7.013403005729e-03 -7.982200693173e-03 -1.432418268526e-02 
 1.956271875307e-02  1.477389900746e-02  6.327303369805e-03 
-6.803075943671e-03 -1.407181293385e-02  1.879901464677e-02 
 1.421219290105e-02  2.367262495178e-02 -1.508461947124e-02 
-7.798695323908e-04  6.936863734951e-04 -3.600301522397e-03 
 4.439844116762e-03  2.643130067342e-02 -4.567727443715e-02 
 1.171259786331e-01  5.329474726684e-01 -4.709943780280e-01 
 3.636613496951e-02  2.098418232417e-01 -2.128498271671e-01 
-6.708739537873e-03  2.179897814285e-04 -1.279542011346e-02 
 7.555711472381e-03 -8.869112171597e-03  1.686241260551e-03 
 6.619761801720e-02  5.811780477776e-02  2.483582412767e-02 
-3.715682948236e-02 -5.146950475007e-02  1.169869493871e-02 
-1.498986649606e-02  4.328876051925e-02 -2.771613530379e-05 
-2.551365098552e-03 -3.624320121859e-03  6.965769861874e-04 
-5.271023672448e-04  1.362243695199e-03 -1.535531209677e-02 
 3.194260509134e-03  1.420092749535e-02 -1.226372622608e-02 
-9.674684906556e-03 -6.122002549559e-02 -1.290450449473e-03 
-5.205441411679e-03 -3.849188066716e-03 -4.224022612024e-02 
-4.128987496768e-02  5.119110528984e-03 -2.108836650316e-03 
-2.065178714257e-03  1.471893101954e-03  5.043691860619e-02 
 2.713940014836e-03  1.447167411911e-02 -1.589284556321e-02 
 1.092196616925e-02 -1.617581432388e-01 -4.902673012834e-01 
 1.009058399766e-01 -8.379834338598e-03 -1.099266126521e-01 
 5.316544562252e-02 -6.620371095420e-02 -8.583310943742e-02 
 8.571638904588e-04 -3.037899344517e-03  1.776907892239e-03 
 2.193519804962e-03  1.527931238751e-03  3.152864453670e-02 
-2.158867435455e-01 -8.802120592891e-01 -9.642032580139e-02 
 1.384936495108e-01 -2.397917905213e-01 -7.424087995584e-02 
 1.529511636795e-01 -2.508640458718e-01 -2.833704681069e-04 
 1.248257008359e-02 -6.713740723995e-03 -6.590855908608e-03 
 2.404316367046e-03  9.783993034500e-02  3.114992213143e-01 
 1.061205839620e-03  3.018013606785e-04 -4.092996911158e-03 
 9.296595442870e-02  7.141139440608e-01  4.294392011739e-03 
 5.618071808655e-03 -2.105541089687e-03  1.125978215727e-01 
 7.890873075410e-01 -6.604281742672e-03 -3.326896631719e-03 
-2.041795621563e-03  5.390458860954e-02  4.885307627075e-01 
 2.601588096437e-03 -1.337354480042e-03  3.306202152181e-04 
-3.661010438696e-02  2.916134280460e-01  1.098142507854e+00 
-2.930209711093e-01  6.683516913954e-02 -5.880336836756e-02 
-3.377990218038e-01  6.460849155440e-02 -4.036178291670e-03 
-8.682012218356e-03 -5.478895734566e-03  6.848975353544e-04 
-1.255336992836e-02 -2.363509671908e-03  1.642558197880e-02 
-3.873996536717e-02 -3.740267742985e-01 -4.238777141356e-02 
 5.986326037788e-02 -1.545693227145e-01 -6.613357483229e-02 
 4.731676375354e-02 -1.440199972998e-01 -1.725347848251e-03 
 9.676683791717e-03 -5.244391334466e-03  5.070660302508e-04 
 1.579445340899e-03 -3.367939761156e-01 -1.083556038444e+00 
 5.523423228380e-04  4.536561655907e-03  1.314277003040e-03 
-2.006366698297e-02  2.783037463150e-01  3.294385045877e-03 
 1.839252867914e-03 -2.394191506299e-03  9.571068547082e-02 
 3.999136974061e-01 -1.234156738286e-03  2.400462671253e-04 
-3.381387135285e-03 -2.247543688837e-01 -4.985832342842e-01 
-1.212337334032e-02  5.483269178598e-03  4.162077727182e-03 
 2.595757589502e-03  1.923615800383e-02 -3.898716927641e-02 
-5.601865708768e-02 -2.212531350176e-02 -3.848264013665e-02 
-8.689215509746e-02 -5.611215110593e-02 -9.146847371606e-02 
-1.422297297238e-03 -2.834270409107e-03 -2.167076701290e-03 
-1.479068931613e-03  2.422908678832e-04  3.532871513192e-03 
-1.538524983948e-02 -1.166970222218e-01  4.067504940181e-01 
 2.516857973512e-01  6.790201229399e-02  4.217409401512e-01 
 2.749375854446e-01  5.549747415385e-02 -1.071462741474e-03 
 2.384764261884e-04 -2.260247344146e-04 -2.551841085605e-03 
-1.972005569308e-04 -2.505097971133e-02 -1.894331800482e-01 
 8.528901300093e-04 -1.181225259492e-04  4.389922810389e-04 
 2.639771821221e-01  1.504786685197e+00  5.553453476997e-03 
 5.557642541076e-03 -2.620890334005e-03 -2.786431953895e-01 
-1.356375966316e+00  2.237841581896e-03  1.433803284005e-03 
 8.833800615826e-04  1.550271984700e-03  2.164290265515e-01 
-2.655940038425e-03 -5.469914868040e-04  1.466711095512e-03 
-1.852298516771e-02  6.921261448052e-02  7.682815785287e-01 
 3.167803025719e-01  2.562283554026e-01  2.826580938800e-01 
 5.882351061806e-01  4.769910132238e-01  7.267172243753e-01 
 6.249391288629e-03  1.580658299443e-02  1.374062242255e-02 
 6.476220956001e-03 -8.574287254206e-03  1.606116435939e-02 
 8.984731448213e-02 -2.003846391201e-01  6.161572127746e-02 
 1.102851173002e-01 -1.421549138975e-01  1.678931394830e-02 
 3.987245832621e-02 -1.124161206070e-01 -5.332474058097e-03 
 1.541724575266e-02 -6.949851094292e-03  6.689421703743e-03 
 3.748989134334e-03  3.074957623920e-02  1.086871569739e+00 
-3.535747327868e-03  6.716146016467e-03  2.620992212953e-03 
-9.905901458263e-02  4.990512083493e-01  4.499356497237e-03 
 4.548031103396e-03 -6.703547372739e-03  7.002696016648e-02 
-5.438355342658e-02  4.632721190428e-03  6.397300002784e-03 
-3.965040322302e-03 -5.476471509946e-02 -2.162286215707e+00 
 1.325048257630e-02  5.102408361923e-03  1.069535487204e-02 
-1.191923635923e-01 -3.880364889831e-01  4.733057960004e-01 
 7.562828586631e-02 -1.010117620347e-01 -2.108448283958e-01 
-5.733668144917e-02  3.625574381988e-01  5.101643204676e-01 
-8.078443066769e-02 -9.083303233891e-02 -2.580976346075e-03 
-1.425603245795e-01 -6.539639702183e-02 -2.423658805170e-02 
-1.524614281181e-01  1.189112966071e-01  2.280112343598e-02 
-2.284311544290e-02  1.810545405237e-01 -1.477584333641e-01 
-2.821110635437e-02 -1.982784295969e-01 -8.293458648292e-03 
 8.873309341177e-03  1.487362465148e-02  1.847145321171e-02 
 1.032858163464e-02 -1.359468532570e+00  1.540056415779e+00 
 2.460639745267e-02  3.184573143926e-02  3.867620606017e-02 
-2.380134275876e-01  2.394522567692e-01  2.625934715252e-02 
 2.709461980508e-02  8.735905004527e-03  4.514018636668e-01 
-4.620488997971e-01 -7.379319920050e-03  5.067691122425e-03 
 3.780022631133e-03 -1.072599547327e+00  7.085862955521e-01 
-3.852638746871e-02 -1.816234458248e-02 -3.364525013200e-02 
 2.745987494088e-02  2.033318608182e-01 -2.786577837630e-01 
-1.371846294182e-01 -4.128029932245e-02  3.124376398987e-01 
 1.913131255907e-01  9.624999528550e-02 -2.395635534220e-01 
-4.522328192179e-02 -5.494365012530e-02 -1.739276629747e-02 
-6.741569151209e-02 -2.331267229919e-02  1.902488567222e-02 
 1.028437991399e-01 -1.276314044737e-01  8.487372376270e-02 
 2.362473324131e-02 -1.327227330384e-02  2.698611530047e-01 
 1.757953692207e-01  9.628091101598e-02  4.404504957731e-02 
-4.587825601846e-02 -3.253435189932e-02 -1.067179712958e-01 
-5.955755149961e-02 -4.449147503111e-01  6.094662268123e-01 
 1.710121963049e-02  1.327695888974e-02  2.850000400754e-02 
 1.223325170109e+00 -1.420098834062e+00 -6.017947447046e-02 
-7.106417391800e-02  2.595978393381e-02 -1.509207651451e+00 
 1.714377368142e+00 -6.851302959666e-02 -6.041108875771e-03 
-6.432804798343e-02 -3.000338478829e-01  1.913372637032e-01 
-3.762455923647e-02 -4.530939050162e-02 -3.559594881489e-02 
 3.198624998704e-02  2.147067809840e-01  2.713600122737e-01 
 9.105053062289e-01 -5.953693925765e-01 -6.359981524560e-01 
-7.873196009121e-01  9.886475468423e-01  1.118814600251e+00 
 2.802716703958e-02  3.558913361034e-03 -2.313092845022e-02 
 6.822384324642e-02  7.690365420131e-02 -1.618746214346e-02 
-1.163925607074e-01  3.409929222965e-02  7.394431333708e-02 
-2.216591537270e-02  1.412673962369e-01 -2.574548132014e-02 
 1.222795901012e-01 -2.218331278445e-01  1.244059111652e-02 
-1.446920297406e-02  2.747564297789e-03 -2.614084130273e-02 
-1.704114915738e-02  7.507739874303e-01 -7.147191827913e-01 
-6.264587440594e-02  6.365528121067e-03 -1.207573279786e-02 
 4.225498645944e-01 -4.295042127312e-01  3.130993973317e-03 
-9.178696238431e-03  2.191157556838e-02 -1.940161122018e-01 
 3.347628014626e-01 -4.064342702540e-02 -4.987699760701e-03 
-2.150180017059e-02 -3.967271682443e-01 -2.934973100781e-01 
 7.520360859743e-02  1.798946575945e-03  3.437034812344e-02 
-2.747134071931e-02 -1.330080229655e-01  2.223569920114e-01 
 1.424865705713e-02  1.217680373804e+00 -8.822131294157e-01 
 1.016813910829e-01 -1.266272092017e+00  1.036476043930e+00 
-2.862180500151e-05 -3.531757787028e-03  7.515996665937e-03 
 5.783572441735e-03  3.959164228787e-03 -2.733492626904e-02 
-1.500501800440e-01  7.974811969023e-02 -1.804163682865e-02 
 6.598538137911e-02  3.622423037878e-01  5.913915074820e-02 
-3.388406002809e-02 -3.990678021722e-01  5.427407479684e-03 
 5.779086037248e-03  2.111429250817e-03 -3.302059610735e-02 
-1.495084414721e-02  7.995307517471e-02  1.574868708505e-02 
 8.989641471009e-03  1.739139273714e-02 -5.266485695835e-03 
 2.144252828862e-01 -2.763704490844e-01 -1.921484801486e-03 
 2.648365889132e-02  1.358866700014e-02 -2.773196686223e-01 
 3.909759274490e-01 -5.749641555239e-02  1.827566638674e-02 
-3.023070574096e-02 -2.641853454774e-02 -1.807829578918e-01 
 3.738249621097e-03  3.767736912558e-02 -1.564463606634e-02 
-6.706091200224e-02 -2.930654622312e-01  5.349538658221e-01 
-7.352661182252e-01  4.726062854732e-03  1.081454099572e-01 
 1.654178437369e+00  5.309961010540e-01  7.197616651407e-01 
-2.511121028609e-02 -1.045065127861e-01 -9.137868654275e-02 
 6.653238974173e-03  1.146999463064e-01 -7.130349546353e-03 
-7.591179105926e-03  1.183474076920e-01 -8.634787695507e-02 
 1.155917787783e-01 -4.241710700950e-03  1.040945565832e-01 
-1.927747184581e-01  1.039008298949e-01 -3.687769920769e-03 
 3.674221783270e-03  9.441611486560e-03  3.057723354072e-03 
 4.578798000918e-03  1.008544568867e+00 -2.163883458117e-01 
 9.557488454518e-04  6.620300515465e-02  8.124943379825e-02 
-1.934515447372e-01  1.328126331238e-01 -1.719826492212e-02 
 1.473629678315e-03  8.412594702695e-03 -4.958464510642e-02 
-5.914615015462e-02  1.333443474051e-02  1.083689968665e-02 
 2.209263508488e-02 -1.185954744928e+00  1.904496645889e-01 
 3.613891991521e-02 -3.620959586432e-02 -3.283875971986e-02 
 1.351575988324e-02  6.688506056389e-02 -1.336973208642e-01 
 1.554746145311e-02  1.535100562804e-01 -9.256751723755e-02 
-2.103880776048e-02 -1.903049725996e-01  1.036353660519e-01 
-5.872108862991e-03 -7.318210731480e-03 -1.319817349415e-02 
-9.734952847249e-03 -2.227780849970e-03 -8.771122906323e-02 
-5.676964612711e-01  8.522856829312e-01 -1.969940009202e-01 
 4.294751424538e-01 -6.183742609669e-01  2.124306256567e-01 
-2.618843742688e-01  4.038500284924e-01  6.312709708512e-02 
-1.433482627121e-01  5.408625046891e-02  5.817943756090e-02 
-5.202747584243e-03 -3.080042143364e-02  5.433731832305e-02 
 1.107039709838e-03 -1.129299664342e-03  6.037586595450e-03 
 1.300703812293e+00 -1.303192152995e+00 -3.185719671222e-02 
-1.755345824517e-01  2.041748003075e-01  1.079115017304e+00 
-1.135057437718e+00  9.038334060399e-02 -9.082737056323e-02 
 2.099138515615e-01 -4.503622581734e-02  1.173346290773e-01 
-4.306576017510e-03 -1.573736105160e-03 -1.600563291437e-02 
-2.218150338344e-01 -9.999903973889e-01  1.197758918015e+00 
 7.786269964046e-01  5.554559690824e-01  8.319369267872e-01 
-1.441550166709e+00 -9.064888650885e-01 -1.405096323599e+00 
-3.722313318145e-02 -1.226119067891e-01 -8.767112323044e-02 
-2.247421684378e-02  1.045799980593e-01 -2.766912693215e-02 
-1.808507294981e-01  7.799749889047e-02  8.143023690959e-02 
-1.828770078522e-01  6.292056709915e-02 -1.434274170851e-01 
 2.297480842597e-01 -1.047224716921e-01 -9.464774494502e-04 
-6.460170869259e-03  3.771025542099e-03  7.538653713515e-03 
 2.913914040323e-03  5.858198195688e-01 -1.748099455417e+00 
-1.819227013430e-01 -2.134210096834e-02 -6.682598121981e-02 
 5.078268588085e-02  1.518534376540e-02  2.221390716231e-02 
 1.068304966287e-02 -2.859982020601e-03  2.051521703552e-01 
-1.816987593231e-01 -9.497011980561e-03 -1.325007412924e-02 
-5.794965062757e-03 -6.792190572515e-01  1.521032294074e+00 
-8.747925418493e-02 -1.006571374627e-01 -1.350739711318e-01 
 2.785577534402e-01  1.295287674041e+00 -1.905179201392e+00 
-1.594817927724e-01  1.653944975374e-01 -1.407652676012e-01 
 3.708092385774e-01 -2.197015065268e-01  2.077504569340e-01 
-1.783215346410e-02 -3.236548571298e-02 -5.801012841212e-02 
-4.167752293161e-02  1.877179967101e-02 -3.872901049624e-02 
-2.579184977913e-01  7.085390020523e-02  5.458911994486e-01 
-1.064025109751e+00 -4.811356999256e-01 -6.487942828857e-01 
 1.401406934285e+00  4.194771680653e-01 -4.494813470405e-03 
-5.503826862693e-03  1.130543646615e-02  1.905896038383e-02 
 8.791016427114e-03  2.104606624948e-02  4.619321702234e-01 
 5.667857966472e-02  3.443775411934e-03  5.106215561748e-02 
 2.250140836502e-01  6.335299666526e-02  5.407254243495e-02 
 1.945794740095e-02 -3.561737011288e-02  3.308850222098e-01 
-3.342655401081e-01 -7.787129783239e-03 -3.489496686681e-02 
 9.810458810776e-03 -1.178754059424e-01  4.083396014341e-01 
-8.216675877659e-03 -2.956607600716e-02 -7.439129865557e-02 
 5.060824805956e-01  2.350411110569e+00 -3.631828906836e+00 
 2.420216408899e-01  1.785250536109e-01  8.444037778594e-02 
-4.239315007632e-01 -4.994019166803e-01 -4.308189233447e-01 
-4.608520099478e-02 -1.059903620884e-01 -9.356070427295e-02 
-6.982062663852e-02  2.699981704284e-03 -1.159772249919e-04 
 7.169588948764e-02  1.454815954448e-01 -8.640334292453e-01 
 2.942132298973e-02 -5.899885090096e-02  1.311665062751e+00 
-1.015770026912e-01  4.745483746651e-01 -3.147416416899e-02 
 3.956373847962e-02  6.470733041677e-03  4.480169764073e-02 
 4.012405837309e-02 -1.839418283054e-02  2.702509096059e-01 
 5.490940130787e-02 -4.968936545127e-03  4.374731142887e-02 
-5.510727726733e-01  9.322453404002e-01 -2.858466598987e-02 
 8.071024003447e-02 -1.096755662929e-01 -2.240546420777e-01 
-6.733288640159e-01  1.291294232616e-01 -6.268204763521e-03 
 1.183315950232e-01 -2.732354390868e-01  1.584362339945e+00 
-2.655028110076e-02 -1.012847353397e-01 -1.833778543939e-01 
 1.350586459869e-01  6.422891019338e-01 -5.972260390332e-01 
-2.609463759898e-01 -1.375059925940e-01  2.412044774814e-01 
 6.042443618796e-01  3.641531886107e-01 -1.783477754404e-01 
-6.596248438985e-02 -3.378076191743e-02  2.234064111367e-01 
 5.443099362739e-02  6.077896790268e-02 -7.055414951569e-02 
-5.251425773564e-01 -1.002305422857e-01 -2.537658887906e-01 
-1.724425663336e-01  8.115974388044e-01  2.624108408466e-01 
 6.824894441342e-01 -1.644013821693e+00 -1.392844617298e-04 
-3.014135283956e-02 -1.013138932469e-03  3.583493033612e-02 
 4.571918635034e-03  9.929629895769e-02  2.958450860501e-01 
 6.902542164399e-02  8.109275505299e-02 -9.643987349794e-02 
 8.716705410872e-01 -1.049482322061e-01  1.086536020045e-01 
 8.449173510339e-02 -4.128288603311e-02  8.150106236527e-01 
-4.420720354985e-01 -7.021032385268e-02 -6.585275341339e-02 
-3.215471333352e-02  1.436253211213e-01 -6.924649755691e-01 
-6.462233129786e-02 -1.617225586150e-01  1.554295713150e-01 
-4.330127368156e-01 -1.971890706439e+00  3.138175346232e+00 
-1.696522755023e-02 -7.943249582043e-02 -2.166354235416e-01 
 1.120796582093e-01  3.599544709601e-01  5.760554091244e-01 
-9.332569273082e-03  5.580042771277e-02  3.677797956159e-02 
 3.779224508487e-02 -1.066688963004e-02  1.936694828990e-02 
 1.008476332149e-01 -1.855934772982e-01 -8.024896478376e-01 
-6.702936758956e-01 -2.595701059812e-01  1.450238387241e+00 
 1.154689033096e+00  2.752395239429e-01 -1.741869813979e-02 
 3.984361990764e-02  1.166090174889e-02  4.792303432462e-02 
 2.484745928551e-02 -5.897577803548e-02 -1.905830571110e-01 
-7.603097049054e-02  3.068174445857e-02  6.294197213028e-04 
 2.149402301604e-01  8.262607283790e-01  2.879229075862e-02 
 1.385931526783e-01 -1.420861545542e-01 -6.894119216119e-02 
-7.827212962616e-01  1.016726056330e-01 -6.223785171041e-03 
 1.403221439976e-01  1.941144825726e-01 -1.370835522507e+00 
 1.930799648086e-02  7.021601497291e-02  1.668557901043e-01 
 1.693076337328e-02  7.579230511551e-02 -1.224566486092e-01 
 6.291218141871e-03  2.535659843612e-02  3.902107343373e-03 
-8.872765569304e-03 -3.987049106245e-02 -2.163748729372e-02 
-2.412887406181e-03 -4.987673957317e-03 -2.396885992727e-03 
-7.378569337534e-03  6.344371076016e-03  3.413675395572e-01 
 1.581746742743e+00 -2.231754651914e+00 -9.649839485860e-02 
 7.174527642386e-02 -1.615962905759e-01  3.705155562251e-02 
 1.985796810774e-01 -2.461993241193e-01 -1.229652591992e-01 
-4.875837490417e-02  9.717400382933e-02 -1.041725844375e-02 
-6.113100879338e-02  1.107045918780e-02 -5.394379113322e-03 
 2.132902662074e-04 -2.359228914188e-03  2.878587932878e-03 
 3.774541417605e-02  3.860903882499e-01  4.290561640957e-01 
 1.566852850947e-01  2.075193683521e-01  4.029532176960e-02 
 2.452460629429e-01 -3.556663312641e-01 -3.463009426765e-01 
 1.049167117875e-01 -2.204903863912e-02  6.960996966269e-02 
-3.438858801518e-03 -3.490647792853e-03 -4.691974488764e-03 
 3.048185730196e-02  1.244403688440e-01 -3.997220067005e-01 
 1.241501027919e-01  1.392734457263e-01 -1.096493836707e-01 
-3.155456819718e-01 -3.127961303391e-01 -8.136356115771e-03 
-4.224650509962e-01 -1.509333543546e-01  3.186804958077e-01 
 2.495429369560e-01  7.630488832335e-02  1.045220815042e-02 
 1.431209576219e-01  2.207822044021e-01  1.511474440468e-01 
 6.126226313051e-02 -4.256566697239e-01 -1.421756183357e-01 
-3.824493218715e-01  8.566509394992e-01  2.882833158688e-03 
 4.216177697534e-02  2.845318919158e-02 -3.554122857130e-02 
 9.671150008238e-03 -6.300714589347e-02 -7.217455446855e-02 
 4.527932572137e-02  3.031440751735e-01 -2.229310807934e-01 
-4.606077160654e-01  2.536072867302e-02 -9.317316206761e-02 
 1.468329081730e-02  7.348065995668e-02 -3.666131892652e-01 
 1.383557048569e-01 -1.284920135197e-02  7.838354323250e-02 
 7.616667649090e-02 -7.235007842776e-02  5.954914519507e-01 
-1.010265357071e-02 -1.959883635132e-01  1.143886053255e-01 
 7.530750893095e-02  3.127127935677e-01 -5.310212646203e-01 
 4.952821301799e-02 -2.512432741816e-02 -6.061257349088e-02 
 6.307353565341e-02 -1.435013548525e-01 -5.843699782986e-02 
-5.127647029208e-01  4.673575092602e-01 -1.917817441351e-01 
-2.258929909227e-01  2.422500098600e-01  8.331669019392e-02 
 3.605140664813e-01 -5.562002973936e-01  5.611229553391e-03 
 9.060816583920e-02  4.916252831600e-02 -1.341171545301e-01 
 4.404500024561e-02 -6.654810291635e-02 -2.514739962629e-02 
-4.142466234433e-02 -8.758904717224e-02  4.144926330137e-02 
-9.058911119659e-03  1.464577887076e-01 -4.728751824486e-02 
-1.357111887574e-01  1.888507012871e-01  1.299698776542e-01 
 1.099831097534e-01 -2.063883186999e-02  7.345105284031e-02 
-1.223660229048e-01 -1.328129575274e-01  1.493219297983e-01 
 1.376282569230e-02  1.101391576342e-01 -1.251739863266e-01 
-1.487572073942e-01  1.678204220074e-01  8.739015832844e-02 
-2.012078509100e-01  1.049903620268e-01  4.179603896225e-02 
-5.770805419623e-02 -2.530605523446e-01  4.115235334864e-01 
-4.484060264257e-02 -6.128664029928e-02  2.808439753288e-02 
 1.138730507576e-02  3.894386368196e-02  1.074014456690e-01 
-1.541393818621e-01 -1.014543792674e-01 -2.358531631039e-01 
 3.638746060044e-01 -3.236742374809e-01 -3.476689512985e-01 
-1.520632347931e+00  2.278446741324e+00 -7.907060410918e-02 
-1.201593785726e-03  9.990457397198e-02  3.952965820579e-02 
-3.351562565868e-02  3.724202409293e-01 -1.459558998784e-01 
-2.739486600468e-02 -1.104050697525e-01  1.390985658129e-02 
-7.620584362032e-02 -7.641642244970e-02  3.913417247520e-02 
 4.842582179414e-02  1.001518200452e-01 -1.252484024737e-01 
-4.967620281544e-01  2.950948978317e-03  2.429978599619e-01 
-2.580410235345e-01 -4.067126773976e-02 -5.125285409768e-01 
 1.937958291938e-02  1.460573453646e-01 -3.402461689203e-01 
-6.715991199864e-02  3.321854483262e-02 -2.074224978076e-01 
 8.600630080917e-02  9.663178098981e-02 -1.008741694444e-01 
 7.673146187044e-03  2.826927958355e-02 -1.117262461282e-01 
 2.254403803334e-03  5.769400845890e-02  1.634216995560e-02 
-1.163138938118e-01 -1.540839062099e-01 -2.093630489000e-02 
-7.211313581902e-02 -1.884134657531e-01 -1.607459055614e-01 
 2.720545922842e-01 -2.068986446621e-01  5.555381994002e-01 
 2.392555719867e+00 -3.733125260709e+00  2.893181356756e-02 
 3.730117165562e-02  3.918351406260e-02 -2.188856080173e-01 
 4.704239181208e-01 -6.624022878511e-01  1.037692497300e-01 
-9.216505805393e-02 -8.329065976367e-02  1.013161592247e-01 
 4.211387871765e-02 -9.309297745635e-02  1.165057504334e-02 
 4.052609715809e-02  6.788373474055e-02 -6.868647237836e-02 
 9.555879337484e-01 -2.468461205444e-02 -4.389639158153e-02 
-8.614043712173e-03 -2.779739214046e-01  9.294621737581e-01 
-7.098715629473e-02  1.032789350060e-01  6.554855087120e-02 
-2.687705236310e-01 -2.867576485688e-02  1.962875117148e-01 
 1.109794509712e-01  3.585605143912e-02 -8.385617900699e-02 
 2.234680604585e-02  1.197191066409e-01  3.032040043082e-02 
-7.455986778684e-02 -1.637734706909e-01  1.019383433758e-01 
 3.380775980100e-01  2.521093551258e-01  1.290601956231e-01 
-2.585477458787e-01  2.058413614792e-01 -3.097261004046e-01 
 1.866271866532e-01 -3.465570177396e-01 -3.514224853259e-02 
-1.957240985031e-01  9.855113973885e-02  4.126158551542e-03 
-1.005896939176e-01  1.491018411971e-01  1.588726506453e-01 
-9.895171396717e-03 -5.077858380860e-01  9.346361900824e-02 
 5.206172460780e-02  1.820994586076e-01 -5.393311453280e-02 
 3.849373655552e-02  2.772661462236e-01 -1.991546654924e-02 
 2.204363336931e-02  2.717361636484e-02 -1.451176671225e-01 
 1.487209141235e-01 -8.300060732332e-03 -1.608561732596e-01 
 2.707525521031e-01  2.049418143143e-01  1.101022366044e-01 
-2.668274099525e-02 -2.394206393597e-01  2.818161839059e-01 
 2.276422176178e-01 -1.315778083253e-01 -3.241531299628e-01 
-1.473829434912e-01  1.931437754115e-01 -8.213364424513e-02 
 4.347549149230e-02  2.323504842116e-01 -1.270375819832e-01 
-7.145782111790e-02 -3.052077210446e-02 -1.862119836316e-01 
 6.725395929978e-01  3.711582667822e-01  7.635497357310e-01 
 5.257097371910e-02  5.298051344277e-02  3.160680910833e-01 
-1.400918984775e-01 -3.371607553440e-01  6.623517374120e-02 
 3.177599059615e-01 -3.339220511172e-01 -6.812209815468e-03 
 1.041973105678e-02 -1.450298528609e-01 -3.370649641606e-02 
 5.083254326396e-02  3.121656009554e-01 -3.317950134452e-02 
-1.431181872163e-02 -6.971089556226e-02  1.128028788216e-02 
-4.769846433033e-03  9.223563022317e-01 -2.584621580341e-01 
 6.768507451544e-02 -3.187010135091e-01 -3.459349900303e-01 
-2.594870038363e-02  2.922312122237e-02  3.296572533644e-02 
-8.351202107297e-02 -8.004741576619e-02 -3.724367205344e-02 
-1.358797387874e-03  1.096866967855e-01 -9.025878743680e-02 
-9.777324493972e-02 -8.422646850826e-01  1.976920939581e-01 
-4.515015863361e-01  1.118523972631e-01  7.099139100323e-02 
 1.676116914140e-02  7.526017638867e-02 -1.280959300571e-01 
 5.668475440291e-03  1.264226220382e-02  7.376345665801e-03 
-6.407401138659e-03 -2.227199595160e-02 -1.291648286686e-02 
-9.320694687103e-04  4.658239952388e-03  1.974041569343e-02 
-1.009808435038e-02  7.635744780816e-03  1.047668638242e-02 
 4.872617409850e-02 -5.635851840026e-02 -2.028864721655e-02 
 4.468404421628e-02  1.164054812011e-02 -4.595760100492e-03 
-2.398622476036e-02  2.583068062825e-02  1.091589269788e-01 
 1.313831933719e-01  3.055734009002e-02  1.471590330861e-01 
-2.911114882122e-01  2.199629236227e-02 -1.131039635016e-02 
 5.937445532597e-03 -1.046693380665e-02 -1.416912500082e-02 
-8.412618410111e-03  1.550032982880e-03  3.237092925964e-01 
-4.435347160518e-01 -3.496765023477e-01  2.071770955471e-03 
-8.223005295205e-05 -2.882148278699e-01  3.941321929083e-01 
 3.047540675626e-01 -5.661909566733e-02  1.174024196649e-01 
-9.451125036471e-03  1.619759879155e-03 -2.022796152241e-03 
-2.144375932420e-01 -8.886429211860e-01  1.304001606626e+00 
 8.566961390420e-02  5.570954874363e-02  5.148873177671e-02 
-1.165124804306e-01  3.167150870075e-01  3.894576659444e-01 
-1.376287185363e-02  5.777595263328e-01 -2.699698747341e-02 
 2.543805767412e-01  3.233387458313e-01  2.480855781889e-02 
 1.114059965786e-01 -1.336181054538e-01 -6.540780067548e-02 
-4.195717596138e-02 -4.000584307428e-02  9.396095524601e-02 
 7.898197555890e-02  8.673504415690e-02  2.557659912948e-04 
-7.597546804856e-03 -5.130639208135e-03 -1.682021585597e-03 
-7.108398668983e-03 -5.530783211513e-01  4.003814657945e-01 
 4.692758757273e-01 -3.485744502992e-01 -2.855078307082e-01 
 2.832881330847e-02  3.222826588201e-02  1.781637767427e-02 
-1.223365505563e-02  1.942153797397e-03 -3.147639358854e-02 
-2.142086529862e-02  4.113567471580e-02  3.593824723097e-03 
-3.763627072404e-02 -1.033075277564e+00  2.953480496193e-01 
 1.599290144205e-01 -1.698605764251e-01 -1.503120434051e-01 
 6.583981996876e-03  2.838015086324e-02 -4.883133979472e-02 
 2.580562712319e-02  1.292509946975e-01 -1.032652479057e-01 
 2.594868049407e-02  1.691630850704e-01 -1.724074083944e-01 
-3.054419163801e-01 -2.349972328059e-02 -1.779106079921e-01 
 3.052897099551e-01 -2.386873864655e-01 -5.880297171318e-03 
-1.681864070850e-02  5.247768917516e-02  6.131113739934e-02 
 4.741623594400e-02 -3.830604155167e-03 -6.820826183449e-02 
-8.048487991564e-02  1.736341679638e-02 -1.091257762775e-02 
 1.597210995494e-02 -4.381218478303e-03 -2.462833075285e-03 
 6.707386171232e-03  4.688091108459e-03 -9.231509749546e-03 
-1.264341005735e-01 -6.122349725854e-01  5.258239925922e-01 
-4.756220128161e-02 -9.684260115747e-03 -2.551747368584e-02 
 7.739921036330e-04 -2.515798692012e-02 -8.745401492717e-03 
 2.441849038072e-02 -2.058686209001e-02 -2.119537731363e-02 
 3.639293835978e-02  2.806640851430e-03  3.188386574553e-02 
-9.038299873163e-02 -4.696699508180e-01  3.970616817588e-01 
 2.577568056343e-02  1.150217562745e-01 -1.687191993246e-01 
-1.647697453549e-02  1.101118778934e-02  1.332969936709e-02 
-1.088050467452e-02 -3.128463288683e-02 -6.663710998108e-02 
-3.362674941786e-02 -6.657753718403e-03  2.995189815069e-02 
 1.002508762948e-02 -1.769255241627e-02 -6.162676972795e-03 
-5.828534620692e-02  1.291794456878e-02 -5.424925062223e-01 
-2.720576263274e-01 -1.653373258544e-01  6.658288464229e-02 
-1.912948711952e-03  6.745433944762e-02 -6.474043372118e-02 
 6.436468824061e-02  5.272673416536e-02  1.918959364998e-01 
 1.060484650093e-01  2.051418841836e-02 -3.581601235322e-02 
-4.604901566836e-02 -2.851152389042e-02  4.048461426217e-02 
 4.901067986882e-02 -2.313146850549e-01  3.061805345253e-01 
-2.519348221406e-01  6.103488700629e-01 -9.659878398351e-02 
 2.886912296240e-01 -1.368078902440e-02  4.916619149011e-01 
-6.407599679606e-01 -3.316528991946e-03  1.046228190600e-01 
 2.327031887768e-02 -1.318115899208e-03  9.173636744812e-04 
 3.351238939247e-02  2.949737564380e-01  2.858521961408e-01 
-5.395135812986e-01  1.757954858155e-02 -1.011592178716e-01 
-5.815369586655e-02  7.198010336725e-02  6.118020999862e-02 
-2.215921925950e-01  3.028646824260e-01  8.303359271464e-02 
-3.079512673692e-01 -2.024361287355e-01 -7.919132785579e-03 
-3.657068267811e-02  3.231025532407e-02  9.891831483757e-03 
-5.409800070888e-03  1.966224372627e-02  1.794446161195e-02 
 2.919886373109e-02 -3.039688816813e-02  1.810826777455e-02 
-2.218746269259e-02  4.286397359921e-03  3.896052344804e-03 
-7.868498290379e-03  7.550027724381e-02 -5.283568024670e-01 
-5.395062146754e-01 -2.105112478514e-01 -3.977885874188e-01 
-4.239944644266e-03  3.307906241681e-02 -5.543403175959e-03 
 2.008054807876e-02 -1.924007329167e-02 -7.861107203262e-03 
-1.035872883463e-02  3.388685150138e-03 -1.565909711515e-02 
 1.680873964838e-02 -8.524627605003e-02 -3.373325364800e-02 
 8.327154496531e-01 -2.767778537892e-01 -1.038641900700e-01 
 1.317338671237e-01  5.610058869100e-01 -4.032750960316e-01 
 9.882655819482e-02  1.698327467627e-01  2.294217760162e-01 
-2.783454662412e-01 -1.577967346794e-01 -2.922089055838e-01 
-2.539304604998e-01 -4.852566086886e-01 -4.808252961794e-01 
-2.461618773993e-01  4.180859482298e-01 -2.009332809472e-02 
-8.603083426591e-02  1.145091468007e-01 -2.955519956430e-03 
 1.141799663754e-02  2.116066735478e-02  4.942382277576e-03 
-2.312789636610e-02 -7.365456897433e-02 -8.104888769217e-03 
 2.646098078735e-02 -1.383516389247e-03  2.310098458529e-05 
 8.991119447701e-03 -1.634718070193e-01 -5.557454511910e-03 
 2.456579797934e-01 -4.089893959917e-01 -4.889837511010e-01 
 2.043510114643e-02 -3.241929746806e-02 -2.698072808752e-03 
 7.534701887422e-03  2.525040948847e-02 -6.158137193233e-03 
 2.863785908959e-02 -1.939970613891e-02  4.476565982401e-03 
 6.216595294677e-03  8.922021166007e-01 -6.694944403536e-01 
 4.430312742416e-02  2.607623934414e-01  4.287256811894e-01 
-1.080997692991e-03  1.277917788033e-04  8.148643403856e-02 
-5.568626448955e-02 -1.436771716484e-01  1.166233723180e-01 
 1.741964759347e-02  3.924806012144e-02 -1.511457894887e-02 
-5.144748415961e-01 -2.518443686814e-01  6.856195032364e-01 
 2.403826723794e-01  2.954387358477e-01 -6.250086428601e-02 
-2.854809971307e-01  2.633641053404e-01 -1.866313338740e-02 
 2.322451664777e-02  1.694979719741e-02  6.147061980959e-02 
 1.731942849775e-02 -8.225828663122e-02  1.022457051646e-01 
-7.443247343509e-02  1.329494580697e-02  2.189071935561e-02 
-2.393332761279e-03 -2.609825782065e-02  4.395586599497e-03 
-8.343053029137e-02 -4.554006390438e-01  3.023762299525e-01 
-4.208994510222e-02  8.690374084568e-02  3.612207882503e-02 
 8.206831149982e-02 -3.174632462743e-02 -3.900269815096e-02 
 3.965054639757e-03 -2.195557992031e-02 -1.162728675915e-02 
-8.951039738154e-03  1.396475805212e-01 -2.074525784001e-01 
 1.477958620345e-01  7.125515112450e-01 -5.649150132319e-01 
 2.145114949538e-02  1.012871887985e-01 -8.720563558377e-02 
-1.924845737190e-02 -3.875804114844e-03  5.615688820060e-02 
-1.340317521511e-04 -1.647144337126e-02 -7.407127479303e-02 
-5.731944582839e-02 -1.937950477858e-02  7.647576272589e-02 
 4.198839576953e-02  3.205914382234e-02  3.027227853207e-01 
 1.366872031407e+00 -1.159624917914e+00  2.028245245591e-01 
-3.298035933469e-01  6.400528180847e-01 -2.069085713606e-01 
 2.822762331128e-01 -5.958730081026e-01 -5.334310059077e-01 
 1.499091022968e-01  1.876953410953e-01 -2.865718754841e-01 
-2.555170666170e-01 -1.851853225762e-02 -6.931328136208e-03 
-3.975055466610e-02 -4.933215885178e-02  4.130510292125e-02 
 3.710164089362e-01 -1.537811168047e-01 -5.607111064435e-02 
-2.512259678101e-01  2.716160550314e-01  2.866115743708e-01 
-2.881200270452e-01  6.101370634016e-01  2.148358648962e-01 
 3.033041258703e-01 -5.540460302904e-04  3.920014050019e-03 
 4.172465546060e-02  9.823272173066e-02 -5.977304027769e-02 
-1.294886257331e-02 -5.124613370026e-02  1.062465491210e-01 
-1.066178127760e-02 -1.301883803681e-02 -1.374674743645e-03 
 1.595495371714e-02  2.238598065371e-02  3.424840582700e-02 
-1.387114671854e-02 -3.588540649064e-04  3.400093117296e-02 
 1.161298519084e-02  1.256607849428e-02  8.527611695931e-02 
 3.568163365984e-01 -3.309333926934e-01 -2.695775586603e-01 
-2.937054540288e-01  1.043378811997e-01  2.855092705929e-01 
 3.313211520283e-01 -1.025183702336e-01  5.504510351095e-02 
 4.004705189592e-01  2.358474037247e-01  3.299304730187e-01 
-4.493325233533e-01 -1.476865719345e-02  1.607995761763e-02 
-5.803288743400e-03 -1.356305588237e-02  4.720773600127e-03 
-4.601322741781e-03 -2.123524680173e-01 -7.936889239869e-01 
-2.253128608336e-01  1.140810329628e-01  1.911466441705e-01 
 1.173710949112e-01 -3.031499502903e-01 -6.074209409456e-01 
-2.533862735239e-01 -4.952940225101e-03 -7.605585599007e-02 
 1.273783647545e-02  3.372199893259e-02 -3.812726895080e-02 
-3.198418365361e-02 -1.374072337064e-01  2.086195514177e-01 
-2.288126754059e-02 -3.908117976610e-02 -3.409586501916e-02 
 2.010141482489e-02  4.632565026423e-02  7.801601700517e-02 
-3.670786554679e-02 -1.463917896431e-02  4.337902819200e-02 
-1.692252615492e-03  2.104568229994e-02  7.634315084366e-02 
 3.189891799574e-01 -2.914580335309e-01 -2.680400003193e-01 
-2.619947652771e-01  1.160753901506e-01  3.055619803865e-01 
 2.685604659670e-01 -1.436287700041e-01 -4.422571005070e-01 
-1.888226173539e-01 -9.125585833502e-02 -1.478950747926e-01 
 5.780037994597e-01 -9.079855289476e-03  1.220414437044e-02 
 3.448312591750e-03 -2.756185008179e-02 -1.976586392160e-03 
-1.057568142644e-02 -1.892405138144e-01 -4.251807424300e-01 
-6.276175615645e-01 -2.202178684743e-01  1.782234695423e-01 
 1.084962438005e-01 -6.792557326519e-01 -1.890886530519e-02 
 1.865633847392e-01  5.632700501193e-02 -1.646661585043e-01 
 1.842967719382e-02  3.559960075458e-02 -8.163734844001e-02 
-5.152608396387e-03 -3.143840946717e-02 -1.334014314366e-02 
 1.171390136802e-02 -2.633761010883e-03 -2.188681212646e-02 
-1.564470118340e-02 -7.178929356885e-03  5.917330413781e-03 
 5.665442170882e-04 -1.589818748369e-02 -2.118265214609e-02 
-2.756466661268e-02 -7.194520887683e-03 -1.862956952909e-01 
-9.023847473094e-01  3.183845524649e-01 -7.875732382868e-02 
 3.711304994981e-01 -5.575086067222e-01  6.709279117360e-02 
-2.654995761703e-01  4.229596773523e-01 -5.430249285792e-01 
-3.916555440289e-01  5.241649627403e-01 -4.608366423269e-02 
-3.459832243221e-01  1.760690657747e-02 -6.516581382327e-03 
 2.302434726088e-02  6.832206511292e-03 -5.967031306350e-03 
 1.259104885706e-01  5.768958242582e-02 -1.928463594036e-01 
 3.113078474163e-01 -5.872660037235e-01  1.494567319322e-01 
 5.624141236228e-02 -1.070917384301e-01  3.073247220109e-01 
-5.057593511313e-01  5.688571459041e-02  1.520885131397e-03 
-1.694698168518e-02 -3.500813802768e-02  1.495341088821e-02 
 2.230244244098e-02  8.406236146742e-02 -9.151781802870e-02 
 7.439997968371e-02  4.403552988787e-02  9.079632404088e-02 
 7.050163635806e-03  1.481473347037e-02 -1.209586280800e-02 
-1.853931580924e-02  3.523988471817e-02  3.724238745110e-02 
-3.111257226482e-02 -5.752108708234e-02  2.489777333355e-04 
 2.422290733557e-03  7.377779602408e-03  2.621763023109e-02 
-4.019644717879e-02 -1.263478398642e-02  1.735938316215e-01 
-2.259393330924e-01 -1.965303635116e-01 -3.661215973960e-01 
-2.644922227602e-01 -7.906761626402e-01  4.033278786180e-01 
-3.936384811233e-01  1.055798616959e-01 -7.524017555933e-03 
 7.016707277236e-02  1.440017021796e-02  4.557217779511e-02 
-3.699868014720e-03  2.802893072975e-03 -3.396766035842e-01 
 4.456999242386e-01  3.539553898766e-01 -5.766128324262e-03 
 3.362946999118e-03 -2.366941602720e-01  3.251559004348e-01 
 2.588261173475e-01 -1.158420830506e-01  2.546996980203e-02 
 6.285491006877e-02  4.148472076745e-02  3.041655173555e-02 
-1.403793888286e-01 -3.803478821690e-01  6.925715116975e-01 
-8.063167789845e-01 -5.075001320351e-01 -8.058833298090e-01 
-2.770383659217e-01 -1.165886022796e-01 -1.773245150968e-01 
 2.754988363175e-01 -2.336735457707e-01 -4.094340125560e-01 
 6.304038898650e-01  8.114179369072e-01  6.868594119629e-03 
 2.486347800670e-02 -6.942236318879e-02 -9.818362529634e-03 
 3.198302278865e-02 -4.831715259684e-02  9.742123100582e-03 
-7.385121834046e-02  5.164990901732e-02 -3.259452228931e-02 
-3.596889031991e-03 -7.306540069040e-02  1.713759786981e-02 
-3.877263630307e-02 -1.540737876890e+00  1.092855323018e-01 
-1.020902526919e+00 -2.377978831443e-01 -5.282500973926e-01 
-2.488791320228e-03 -3.985242693556e-03 -1.720965621615e-02 
 4.996293134363e-02  1.928918033722e-02  2.984499554114e-02 
-2.112621291018e-02 -2.617442562741e-02  3.752749596721e-02 
-2.605207163140e-03  7.558372278823e-01  1.461304249377e-01 
-6.940746378984e-01 -1.814180447732e-01 -3.507744810877e-01 
-2.401119700693e-01 -1.407482367260e+00 -8.084345766527e-01 
-2.978925318863e-01 -8.405187544133e-01 -1.089939861193e+00 
 1.003370060168e-02  6.250271866501e-02  1.071337481092e-01 
-6.181780239358e-01 -8.417774895230e-01 -2.949865522605e-01 
-9.395388413129e-01 -1.282491493305e-01  2.744068770427e-03 
 8.307838751651e-02  3.727349860363e-01  8.178428854802e-02 
-8.484049284854e-02  1.981529112986e-01 -2.011083736624e-02 
-1.429843718877e-01  1.504319099125e-01  4.659990895858e-02 
-1.631931831941e-01  8.329056180655e-02  1.536247829804e-01 
-8.512005142238e-04  8.752692819389e-01 -3.042757793374e-01 
 6.187607680051e-01 -3.373573039330e-02  8.849937602160e-02 
-4.270172879704e-01  1.398967810905e-01 -5.105361610266e-02 
-9.373471301286e-02  1.037930557594e-01 -4.664587435615e-01 
 1.338667872824e-01  1.743373457678e-01  7.877608348900e-03 
 1.579181353976e-01  2.911995632297e+00 -6.638170568893e-01 
-3.716178205722e-01 -9.423250973236e-01 -1.164949024440e+00 
 3.680145238976e-02  2.413672216954e-01  1.924631074571e-01 
 8.221482927391e-02  1.869294962243e-01  1.683320770234e-01 
-8.948215730841e-02 -5.887739712905e-02  1.349529271380e-02 
 1.664645714798e-01  1.738716167743e-01  3.775932656112e-02 
 2.057181851949e-01  5.219890939233e-02 -6.620236331541e-02 
 7.171061477043e-02  2.229743127428e+00  2.153403372732e-01 
-4.997946460674e-01  8.032074742188e-01  2.124809906687e-01 
-4.087311667757e-01  8.135257082314e-01  2.349757011036e-01 
-8.738060078154e-01  4.618017928594e-01  6.084773243116e-01 
 5.665967164352e-02 -2.519157097846e-01  5.913671077784e-02 
-1.475306798931e-01  1.359545141148e-02 -5.598533634169e-02 
-2.088694682163e+00  6.954369511016e-01 -3.504508976875e-01 
-5.636403347939e-01  3.597092864577e-01 -2.304790940782e+00 
 7.411035077759e-01  6.559979204133e-01 -6.205947595022e-02 
 6.766878029565e-01 -6.329660641020e-01  3.157244372492e-01 
 2.356735806937e-02  1.534744042241e-01  2.984711405968e-01 
-2.061868472016e-02 -7.157324822244e-02  2.375855367033e-01 
 9.440901964477e-04  7.272066918664e-03  1.567415500636e-02 
 2.528486585245e-02  4.615758907991e-02  7.676105698063e-02 
 1.178289354317e-02  3.062144420025e-02  3.131496964009e-02 
 2.877241678804e-02  8.769230247975e-03 -5.666058287202e-02 
-2.669439698467e-01 -1.841634832209e-01  7.500071719888e-01 
 6.153254679087e-01 -7.091533940277e-02  4.068237190963e-01 
 3.054024861811e-01 -2.303875772391e-02 -5.523882208925e-01 
 6.514545868769e-01  2.448453636189e-01  1.017991007055e+00 
 6.274681171944e-01 -3.567768770881e-02  2.967915888307e-02 
-1.384441971240e-02 -5.921469601430e-03 -7.788302539862e-03 
 2.526584368478e+00 -7.760030859261e-01  4.062313522289e-01 
 8.721590051459e-01 -7.300600599345e-01 -1.658879347358e+00 
 4.588670848632e-01  5.767119077265e-01 -1.259380106315e-01 
 7.130219105713e-01 -9.471713638897e-02 -1.307102127984e-01 
 2.330765499815e-02  4.725365418374e-02 -5.852494155925e-03 
orbocc
(*)
 0.000000000000e+00  0.000000000000e+00  0.000000000000e+00 
 0.000000000000e+00  0.000000000000e+00  0.000000000000e+00 
 0.000000000000e+00  0.000000000000e+00  0.000000000000e+00 
 0.000000000000e+00  0.000000000000e+00  0.000000000000e+00 
 0.000000000000e+00  0.000000000000e+00  0.000000000000e+00 
 0.000000000000e+00  0.000000000000e+00  0.000000000000e+00 
 0.000000000000e+00  0.000000000000e+00  0.000000000000e+00 
 0.000000000000e+00  0.000000000000e+00  0.000000000000e+00 
 0.000000000000e+00  0.000000000000e+00  0.000000000000e+00 
 0.000000000000e+00  0.000000000000e+00  0.000000000000e+00 
 0.000000000000e+00  0.000000000000e+00  0.000000000000e+00 
 0.000000000000e+00  0.000000000000e+00  0.000000000000e+00 
 0.000000000000e+00  0.000000000000e+00  0.000000000000e+00 
 0.000000000000e+00  0.000000000000e+00  0.000000000000e+00 
 0.000000000000e+00  0.000000000000e+00  0.000000000000e+00 
 0.000000000000e+00  0.000000000000e+00  0.000000000000e+00 