2mocoef
header
1
MO-coefficients from MOLCAS
1
48   48
a
mocoef
(*)
 9.163481096036e-06  4.107220634789e-06 -2.243126252266e-04 
 5.907089397446e-05  5.926458840459e-05  1.668330274078e-05 
-8.244620490145e-05 -1.145213291767e-04 -2.993375762970e-05 
 1.199504783241e-06 -9.107456580872e-06 -3.715193782086e-06 
-6.810705395259e-06  1.124520232650e-07  1.000368663821e+00 
 2.159305504109e-03 -1.391026137674e-03  7.209510158158e-04 
-1.537673736806e-03  2.866964221292e-03 -4.193109571916e-04 
 9.850667329604e-04 -1.763293833933e-03  8.934879539739e-05 
-3.354007260610e-04  2.715562754646e-04  2.381882098758e-04 
-2.233278226435e-05 -6.414740608796e-05 -7.518522394963e-06 
-3.344604197329e-06  8.179025786445e-06 -7.686350777609e-06 
-5.697603343946e-04  6.885543742194e-04 -2.852953042794e-04 
-6.062042775128e-04  4.544794295226e-04 -5.997572161485e-04 
 7.999185368094e-04  5.183027537414e-04 -8.303761940863e-05 
 7.588746401139e-04  1.393707898822e-05  3.203132143978e-04 
-1.768741609863e-05 -3.205249574385e-05 -1.592122102815e-05 
 1.000600843609e+00  3.199367638647e-03 -3.589069764777e-03 
-1.112333351357e-03  1.190497547408e-03  1.056908774312e-03 
 8.109724055471e-04 -9.863337689917e-04 -9.214614434819e-04 
 1.243817891603e-04  9.067140895902e-04  1.148248368460e-04 
 5.769161093075e-04  2.916795157010e-04  1.343054402565e-05 
 4.556212885445e-05 -1.407397925865e-04  3.264261473380e-05 
 3.793434213635e-05  1.941444096734e-05 -1.394133325317e-04 
-1.298283727605e-04 -6.736041452338e-05  6.620811043119e-06 
 4.804970261572e-06 -1.957283414333e-05 -2.369010591392e-05 
-1.703796929638e-05 -3.551979917104e-04  9.382164778376e-04 
-5.782693467754e-04  3.531705733898e-06 -1.715613420330e-04 
-6.779850221847e-05  7.509944172803e-07  9.031936024127e-06 
-2.475172648189e-06  2.996568097401e-05  1.477874198158e-04 
-3.212627689743e-05 -8.823802555584e-06  2.745925993327e-05 
-3.629587180317e-05 -1.445448741173e-03  2.324519985982e-03 
 7.287714170205e-05  3.321408392375e-04  4.236332781095e-04 
-5.719470661136e-04  3.907023596416e-02 -4.577910877864e-03 
 1.241779715300e-03  8.471935012433e-03  1.279931792930e-02 
-9.225068897768e-04 -2.632476615444e-03 -1.637258259467e-03 
 2.347134674327e-04  7.394706181355e-04  8.847386891832e-04 
 2.806664311320e-04 -5.485838884147e-05 -6.841587253889e-03 
 8.193203127455e-01 -1.149707805270e-01  1.991095669672e-02 
-9.465936067380e-02  1.387227074746e-01 -8.288124259770e-03 
 3.491615432277e-02 -6.840438310010e-02  3.396130877353e-04 
-6.150408704448e-03  4.887166779159e-03  1.924713474962e-03 
-1.488649661988e-03  6.411329380333e-03 -2.844351797487e-03 
 6.670175780794e-04  2.631618680822e-04  4.266159435876e-04 
 3.753600383783e-01 -1.699840305694e-01  1.579443661879e-02 
 2.693343453343e-02 -1.714413813614e-02  3.730275813590e-01 
-1.712300634539e-01 -2.212086882203e-02 -3.071701026752e-04 
-2.779545111840e-02  3.179262461358e-02 -1.686492587769e-02 
-7.597879868009e-04 -1.039490638256e-03 -4.226897138089e-04 
 2.846348239331e-03  8.940744745860e-01 -1.632700687812e-01 
-3.251291718012e-02  1.292694780919e-01  1.372582659752e-01 
-1.340888080178e-02 -3.815875431321e-02 -5.252830659008e-02 
 1.943187199577e-03  1.160856145936e-02  9.451998199105e-04 
 7.779017093389e-03  3.260066244383e-03 -3.539636631206e-05 
-4.243065022203e-02  9.995832433222e-03 -3.435502790425e-03 
 7.745879612065e-03 -1.929662180184e-02  1.957273599893e-03 
-1.060178685701e-03  4.151314539452e-03  1.857755060876e-05 
 3.497462898950e-04  2.348928596087e-04 -3.512367854501e-04 
 1.509848631207e-04  2.409245080860e-01 -1.167002500833e-01 
 1.868261474707e-02  5.629424727031e-03  1.238742289823e-02 
-2.482508847054e-02  1.182977585928e-02 -1.256236969554e-03 
-1.748569011938e-03  8.246868607172e-04 -2.943228750229e-02 
 1.282562519070e-02  1.599878462275e-03 -3.436525237151e-05 
 2.187088422819e-03  4.933491748050e-01 -2.452289057939e-01 
-1.293304328777e-02 -1.881115706508e-02 -2.927475166761e-02 
-2.825375318713e-03 -8.421691539676e-02 -2.473556944896e-02 
 5.907802408412e-02  2.585047949965e-02  7.698204883372e-02 
-2.762857205520e-02 -2.969577694541e-02 -9.623188416109e-03 
 1.494680655871e-04  2.179638430587e-04  5.161464340385e-03 
-3.215798815001e-03 -2.358938961811e-03 -5.087490439866e-03 
 3.822750291520e-01  1.809911159154e-01 -2.317219603796e-01 
 1.669632842221e-01 -5.959391419645e-01  9.247899309930e-03 
-5.664329159797e-03  1.679466031511e-03  3.650695147921e-03 
 1.351801785930e-02 -1.507274543669e-02 -1.418248424239e-02 
-5.754578945196e-04 -1.008570029991e-01  3.487376519930e-02 
-5.446095885881e-03 -5.057386517190e-04 -3.260802837529e-03 
-2.131025611861e-01  9.920937216647e-02 -1.793831186942e-02 
-7.619746640537e-03 -1.283285230239e-02 -5.125854677605e-01 
 1.585243780562e-01  1.966353580478e-02  9.616296469109e-03 
 1.225360308388e-02  6.746134415530e-02  4.098017249293e-02 
-2.363711288418e-03 -4.135743881769e-03  1.736907532987e-03 
 1.967308382617e-03  1.007442428672e-01  3.585565912940e-02 
-3.325103084807e-01 -2.014518604288e-01 -3.365009680175e-01 
 5.424876525515e-02  4.528674911352e-02  7.400384830710e-02 
-2.407952137242e-05 -7.405419978916e-03 -7.587956224934e-03 
 6.624617646647e-03  1.401806463333e-02 -2.991948165166e-04 
-3.899877390432e-02 -9.569272023974e-03 -3.894446666931e-01 
-3.099201331396e-01 -6.082389785146e-02  1.702153909167e-02 
 1.328660958528e-02  2.667533327503e-03  7.375332180987e-03 
-9.366168176638e-03 -6.689948843022e-03 -1.542924205539e-02 
-1.007521909997e-02  3.965406270199e-01 -1.502718689440e-01 
 2.093774871060e-02  2.728329978862e-03  9.416702520258e-03 
 3.743589486239e-01 -8.163926535725e-02  1.683473414105e-03 
 1.322585101727e-02 -1.684988893919e-02 -2.989019785887e-01 
 5.672428004669e-02  3.313057377012e-03 -8.765501407652e-03 
 1.714281188035e-02 -3.549385632355e-01  1.467312854528e-01 
 2.106185378309e-03  1.052136598341e-02  1.451713266544e-02 
-1.254635918003e-02 -2.850157400691e-01 -4.972600420459e-03 
-4.884499650194e-01  3.570176261113e-01  2.797219290788e-01 
 3.726756384264e-02 -3.608819935363e-02 -1.393950932546e-02 
-4.607664854211e-03  4.103431005287e-03 -8.670667071444e-04 
 8.204226205548e-05  4.485199231971e-03 -2.193995650632e-03 
-5.260182603821e-02 -1.529837716969e-03  3.906818981312e-01 
-4.320337138722e-01 -2.676256169995e-01  3.713258837015e-02 
-3.875973645107e-02 -2.938829885911e-02 -7.644151568122e-03 
-6.700617911004e-03 -1.114098288175e-02  8.256902510179e-03 
-4.374225933340e-03  1.711847272640e-01 -3.434022896123e-02 
 1.596405662374e-04  9.064411894895e-03  1.028965413422e-02 
 1.658268051225e-02 -1.056996671549e-03  1.321341488603e-02 
-1.290948679251e-02 -8.592543891658e-03  2.021993452416e-02 
-2.934502033253e-03  1.057607381058e-02 -1.327466390358e-02 
-8.399955194158e-03  1.277938484554e-01 -4.562504079535e-02 
-1.379752611456e-02  2.557259221697e-03  6.309723276199e-04 
-3.383651604398e-03 -8.202164737932e-02 -1.681428299815e-03 
 3.213222316460e-01  1.953742717128e-01  3.228063653097e-01 
-4.632636069051e-02 -3.293938412773e-02 -6.231835546773e-02 
 2.733471591656e-04  7.287434412616e-03  6.673868852228e-03 
-6.399596976460e-03 -1.334787724183e-02  1.087170164189e-03 
-1.685154355302e-01 -6.299220259704e-02 -3.560518067081e-01 
-3.796190260918e-01  9.173084678054e-02  1.526408810619e-02 
 1.644825405786e-02  2.818994473002e-03  7.339783320227e-03 
-1.432422412293e-02 -2.584617460657e-03 -1.318190858451e-02 
-1.069129726138e-02 -3.763522839902e-01  1.476285580750e-01 
-1.983724070811e-02 -2.761975105950e-03 -8.805240276868e-03 
 4.575085843195e-01 -1.119299841568e-01  6.550034838237e-03 
 1.577452031764e-02 -1.405581014751e-02 -1.884496101265e-01 
 2.272540977349e-02 -1.590069672296e-03 -1.226734803851e-02 
 1.567606443597e-02  3.299740773426e-01 -1.847552031671e-01 
-1.637846822353e-03 -8.967539327104e-03 -1.629772100592e-02 
 8.816775190974e-03  2.465304480047e-01  1.841798237752e-02 
 4.692099166821e-01 -3.925058193696e-01 -2.738240298801e-01 
-2.851445460530e-02  2.095012021912e-02  3.622413691836e-02 
 5.090911031553e-03 -6.236038080984e-03  5.112114075179e-03 
 1.503362530688e-04 -4.632598217541e-03 -2.692693083497e-03 
-2.331799209126e-02  1.134472530920e-02  3.853393106644e-01 
-4.186291162225e-01 -2.945355104983e-01  3.656392462264e-02 
-3.973583265349e-02 -3.626394437566e-02 -7.701790588955e-03 
-5.192553610123e-03 -1.248000385441e-02  7.214431961210e-03 
-4.313795844257e-03 -1.616971227847e-01  3.973169173337e-02 
 4.738949440055e-04 -8.917147158497e-03 -1.011830752408e-02 
 1.358728777019e-03  3.903131813817e-03  1.239963345645e-02 
-1.292060684423e-02 -9.069489487766e-03  1.345079408824e-03 
 3.785483182587e-03  1.093073148994e-02 -1.223273805751e-02 
-8.861282779298e-03 -1.444172289393e-01  6.588435723416e-02 
 1.485878668694e-02 -4.417950415248e-03  4.528195476956e-03 
-1.179000392969e-03 -1.068999873743e-02 -1.363313925916e-02 
 1.589449219351e-01  5.734431166074e-01 -5.109084271078e-01 
 3.965986524498e-02  1.680350779391e-01 -1.580778845986e-01 
-7.260782857330e-03 -3.105671496750e-03 -7.090398556985e-03 
 8.221619452310e-03 -9.527354428677e-03  3.555156329709e-04 
 5.426401622961e-02  2.821274663393e-02  2.108843473783e-02 
-2.687531800430e-02 -6.436559815260e-02  8.487366983423e-03 
-9.661475346622e-03  9.391136595638e-03 -1.728480479860e-04 
-7.857767036977e-04 -4.136726445643e-03 -9.745609303209e-05 
-5.367566030164e-04 -7.950104722272e-03 -3.650905638746e-03 
 4.355808692512e-03  1.682193279911e-02 -1.482544469860e-02 
-9.000006830396e-03 -1.640743268780e-02 -4.778867209015e-04 
-3.117152620763e-03 -3.034286121882e-03 -4.301405973888e-02 
-3.704417673903e-03  3.471993471370e-03 -1.182224347286e-03 
-1.299943827591e-03 -2.288977848005e-02  6.374712706469e-02 
 4.307311144290e-03  1.644327562004e-02 -1.528845930368e-02 
 1.850342016532e-02 -3.624501698032e-01 -8.408642002218e-01 
 4.128377850461e-01 -2.705183395650e-02  1.094253368108e-01 
 3.340927882376e-01 -2.418413634933e-02  6.173433063454e-02 
 1.268081542911e-02  9.202104933769e-03  3.035096990033e-03 
 1.983869829396e-02  7.013200910987e-03  1.692369822312e-03 
-3.160724678155e-02 -4.379236894575e-02 -1.278124955304e-02 
 6.537938456523e-03  1.450706309590e-02  3.603295370253e-03 
 6.939924948158e-03  1.453231611003e-02  5.510936914765e-04 
-1.226534572092e-03  1.122334051193e-03 -1.149946817096e-03 
 9.999979901338e-05  4.908271131163e-01  1.010346873665e+00 
-1.088113841691e-02 -6.244543798490e-03 -1.021564323506e-02 
 2.221064139053e-02  2.692114888058e-02 -6.788388488665e-04 
 4.212028532399e-04  6.249536483501e-04 -5.388084507699e-03 
 1.593103262614e-02 -7.084981366021e-04 -6.890805997561e-04 
 1.707542194773e-03  2.294538605099e-01  2.382128715229e-01 
 1.623777754014e-02 -3.389290337493e-03 -1.426784351492e-03 
 2.496426368728e-04  1.435699107697e-01  5.319598731147e-01 
 1.707435730939e-01  1.333231263233e-01  2.345210689009e-01 
 2.782828507538e-01  2.613413273187e-01  4.125258476773e-01 
 2.451763854291e-03  5.933997045597e-03 -1.103139168989e-03 
 3.906305905349e-03 -1.452193014600e-04 -3.467488399236e-02 
 1.928241279280e-01  7.626090296580e-01  3.082455478138e-02 
-1.353396611133e-01  1.623721546954e-01  1.742560264148e-02 
-1.602614367593e-01  1.822069425529e-01  6.461585240002e-04 
-7.874251928833e-03  5.102925999404e-03  7.241619783175e-03 
-1.761181993661e-03  7.819054730391e-02  4.491355954782e-01 
-6.481863034483e-03  2.927132723485e-03  2.783630623976e-03 
-1.254550646567e-01 -6.507163298229e-01 -3.538061171541e-03 
-5.877814755723e-03  1.370770973222e-03 -4.246288507600e-02 
-5.502250799730e-01  7.071018113685e-03  2.338085792605e-03 
 5.002666023427e-03 -5.438739015753e-02 -1.346632899655e+00 
 5.459362363201e-03 -3.036052092515e-03 -2.066891519792e-03 
-1.435160851131e-02  1.478256896492e-01  8.731726260681e-01 
 2.324174505915e-01  2.378040393362e-01  1.649089511552e-01 
 3.136353196529e-01  3.569166481582e-01  6.191401906345e-01 
-2.142926980330e-03 -1.542117574040e-03  9.127431531251e-03 
-3.676687221398e-03 -1.444873384548e-03  3.407509901873e-02 
-7.435641403017e-04 -6.390983228779e-01 -1.302717332359e-02 
 1.564703117466e-01 -2.743136616439e-01 -3.824264433822e-02 
 1.420588570808e-01 -3.363042923240e-01 -5.567645352457e-03 
 2.280235791961e-02 -1.363956082639e-02 -3.202686926522e-03 
 4.339558373686e-03 -1.800388382194e-02  5.804149982746e-01 
-7.346139942687e-03  1.025379126621e-02  2.225835218901e-04 
-4.392370079947e-02  6.391243378221e-01  5.676339758075e-03 
 1.035828680539e-02 -9.527440539078e-03  8.134332130845e-02 
 6.086667035871e-01 -4.823068818119e-03  6.558922030614e-03 
-1.506066327390e-02 -1.762300476084e-01 -1.791894906188e+00 
 2.925721807607e-03 -4.143450663390e-03  7.835458719162e-03 
 7.444383492931e-03  5.126140064501e-02  1.238269920033e-02 
 9.490424848809e-04  1.643553453913e-02  3.116445439961e-02 
 2.630114620868e-02  9.997650514828e-03  1.347616213946e-02 
-3.092087774316e-05  2.322859541198e-05 -2.511677048552e-03 
 1.090877144908e-03 -3.957498611228e-04 -5.259177510909e-04 
 1.815475829461e-02  4.007317198535e-02  3.728108703517e-01 
 2.624786221444e-01  1.072108476022e-01  4.350547054833e-01 
 3.040135904125e-01  1.323279100684e-01 -2.987240231491e-03 
 2.825294246465e-03  2.462307970620e-03  6.649491860673e-03 
 4.402794507811e-03  9.351198473945e-03  1.709713569008e-02 
 3.523661541897e-04  4.388390220596e-04  1.737350468693e-03 
 2.042488830832e-01  1.458210179367e+00  6.280355164081e-03 
 7.740225951158e-03 -4.805392220183e-03 -2.141428405912e-01 
-1.508462698755e+00  1.023307456486e-02  2.945434109298e-03 
 9.708626861895e-03  1.604450377177e-02 -1.319505430591e-01 
 3.980864675179e-04 -8.742898116463e-04  1.254942467254e-03 
 8.822062393693e-02  2.662165239218e-01 -2.212189839400e-01 
 5.439800872941e-02  1.478535929326e-01  9.649974632408e-02 
-1.178175675612e-01 -3.991802757985e-01 -4.181072137745e-01 
 7.673039664350e-02  9.121648549169e-02  1.558792628534e-02 
 1.551071869191e-01  7.605774230395e-02  1.059217020192e-02 
 6.933022974779e-02 -7.853145169656e-02 -2.771352922465e-02 
 9.077904635945e-03 -9.582348077097e-02  5.004412508763e-02 
 2.053806382903e-02  3.932421450379e-02  8.821938970624e-04 
 5.680263625319e-04 -7.288292790182e-03 -2.729687724555e-03 
-7.435824057333e-04  1.586954404897e+00 -1.938783802247e+00 
-1.192566214907e-02 -3.170002894846e-02 -4.402146547051e-02 
 5.793963410296e-02 -3.126615726840e-02 -7.683992395272e-03 
-5.817599540473e-03 -8.422936684795e-03 -1.317846927181e-01 
 1.862645286620e-01  3.889886567842e-03 -2.973821274855e-03 
 1.981503101381e-03  9.247472722392e-01 -5.880054554752e-01 
 4.135181804817e-02  2.238988513652e-02  3.548307494117e-02 
-1.208015937051e-03 -7.915679521478e-02 -4.524691507105e-01 
-7.532841215099e-01  6.777983312915e-01  5.345579854722e-01 
 6.339751619519e-01 -1.151070608130e+00 -1.123390799310e+00 
-8.614351669624e-03  1.717052186166e-02  3.533616485077e-02 
-5.050318001397e-02 -7.603957002978e-02  1.264894900589e-02 
 8.996867484860e-02 -7.105469211399e-02 -2.553504377610e-02 
 1.578498845235e-02 -8.017109632234e-02  4.888625127867e-02 
-1.693664040182e-02  9.154418745837e-02  2.796249355628e-03 
-4.917074691510e-04 -1.275553181233e-02 -8.238481265735e-03 
-2.865796053824e-03 -8.005658239527e-01  7.611125334484e-01 
 5.481933997554e-02 -3.023532038709e-02 -1.854129172360e-02 
 5.095937143334e-02 -8.899733613517e-02 -1.207944036995e-02 
-8.755362879473e-03 -8.523678904150e-03 -2.125982658003e-01 
 2.355202044516e-01  3.015639961306e-03  5.833281309305e-04 
-3.757411721495e-03  6.431898215104e-01  8.923400093393e-02 
-7.066482617617e-02 -4.725629415417e-04 -2.739696135588e-02 
 1.641892132684e-02  1.026228488611e-01 -9.503152707253e-02 
-3.196892823475e-01 -1.031034180743e+00  9.928291875258e-01 
 4.432862957588e-01  1.209050310051e+00 -1.000682857064e+00 
-1.486550931836e-02 -3.587193886882e-02 -2.838731194701e-02 
-6.691989908262e-03  2.443484134633e-02  2.231015097197e-02 
 1.408946894399e-01 -1.119249306259e-01  1.998743508561e-02 
-1.856160039311e-03 -2.035604309623e-01  7.137268973119e-02 
 5.357702504679e-02  2.144696493226e-01  9.969998218037e-03 
-1.407348858665e-02 -1.970219008053e-02 -1.687734914610e-02 
-9.690327749290e-03  1.567344140437e-01 -7.956527288485e-02 
-3.845921245566e-03  1.774638067999e-02  8.938466587730e-03 
 2.980196870272e-01 -3.231703257581e-01 -2.142071845177e-02 
-3.439013331559e-02 -7.473862720500e-03 -4.390100882688e-01 
 4.804846853908e-01  6.240930424552e-03 -1.262201545208e-02 
-5.719723945794e-03 -2.327674583668e-01  1.474780535128e-01 
-1.626134148399e-02 -6.745969616109e-02  2.736938177474e-03 
-9.484889785706e-02 -4.066701994871e-01  7.035516230403e-01 
-7.938732696266e-01  4.221848814864e-01 -6.267867958755e-02 
 1.603370811608e+00 -4.360875233849e-02  8.134383582479e-01 
-3.076332313514e-02 -1.158239614079e-01 -9.572172474702e-02 
 1.327927941256e-04  1.089182355272e-01 -1.184825756268e-02 
-4.952902890266e-02  1.021164195306e-01 -5.518995393172e-02 
 6.369985070276e-02  4.881633335981e-02  5.778634849898e-02 
-9.604031257399e-02  2.399212620414e-02 -9.228282376470e-04 
 2.282413423455e-03  8.815933280296e-03 -2.016201510243e-03 
 1.306748994255e-03  8.041696815066e-01 -1.622994765730e-01 
 1.325227408194e-02  6.328515064809e-02  8.481381843266e-02 
-9.601845725869e-02  5.665744488367e-02 -1.032959773498e-02 
 3.248142408545e-03  8.486412224655e-03 -4.421408030440e-02 
-1.785488805261e-02 -1.384450999678e-03  9.737666023066e-03 
 1.262033764324e-02 -1.121391903708e+00  2.420307489078e-01 
 1.167352360598e-02 -2.814878670917e-02 -4.523574855359e-02 
-1.107226084851e-01 -5.508780200671e-01  7.184556258592e-01 
-1.923442494832e-01 -2.760449973075e-01  2.720166328657e-01 
 1.947876283476e-01  3.039005404443e-01 -3.516100735111e-01 
 2.280784703153e-02  3.855491796153e-02  3.444273473933e-02 
 2.692598956303e-02 -8.123018954771e-03  1.354731320755e-02 
 8.224857574769e-02 -9.121704381439e-02 -5.993809174110e-02 
-6.471857908806e-02 -3.565110507080e-02 -2.426962452045e-01 
-1.582383385104e-01 -6.183675086779e-02 -4.705870550308e-02 
 5.326694572744e-02  3.884863963057e-02  9.065000024506e-02 
 5.022945713460e-02  4.367665661260e-02 -1.615245746727e-01 
 1.026889075545e-03 -5.907267279657e-03 -2.584279661818e-02 
-1.501082058184e+00  1.740541134892e+00  6.008093138165e-02 
 7.498988612481e-02 -3.190447604280e-02  1.339401338752e+00 
-1.555317017074e+00  7.377840031632e-02  2.571441951175e-02 
 5.048915153000e-02  1.530337148683e-01 -2.212546930460e-01 
 4.328078240154e-03  2.299760001799e-02  4.150852073821e-02 
 3.015125855781e-01  1.352398174556e+00 -1.583685615253e+00 
-8.147099027541e-01 -5.278682550215e-01 -7.709206716682e-01 
 1.518327023372e+00  8.642364074476e-01  1.364227124523e+00 
 5.234304591278e-02  1.346841754348e-01  8.698646660568e-02 
 5.668123489459e-02 -6.291333583536e-02  1.212309319687e-02 
 8.944995848423e-02 -5.113973367098e-02 -3.863082908088e-02 
 3.267337074851e-02 -4.535378846543e-02  6.935257180578e-02 
-1.064581306985e-02  8.171538542268e-03 -1.955183549520e-03 
 6.683836669535e-03 -2.669529335252e-03 -1.569970178112e-03 
 1.722482620936e-03 -4.193034818813e-01  1.626205841037e+00 
 1.663048979859e-01  1.240514394384e-02  5.921018577145e-02 
-2.297641050498e-02  4.958116055048e-02 -6.498978184648e-03 
 1.724465064732e-03 -8.436740827592e-03 -8.302435025424e-02 
 8.915370260739e-02  3.099900225684e-03  4.456752337056e-03 
 2.893253797271e-03  6.708767159916e-01 -1.484551713739e+00 
 8.026886594029e-02  8.183343542302e-02  1.282282347336e-01 
 3.056911029955e-02  1.426133709955e-01 -2.095582127060e-01 
-4.432095736625e-02  3.519105220668e-02  5.604028471484e-03 
 7.882811432217e-02 -4.657653237393e-02 -4.553463946758e-03 
-1.289925107968e-03 -9.239690263892e-04 -1.960879799423e-03 
-2.658949037762e-03  3.361626386862e-03 -8.922235728884e-02 
-5.723346840966e-01  7.907469060269e-01 -7.915465683638e-02 
 3.665308432683e-01 -6.423082257294e-01  6.340258831313e-03 
-1.783475761801e-01  3.010783391492e-01  4.774146322438e-02 
-1.113871485895e-01  7.232218014340e-02  6.836152585133e-02 
-9.826722783461e-03 -5.059731498978e-03  6.667422174178e-02 
 7.601567541483e-03 -2.737770105961e-03  2.071801351495e-04 
 1.195258486420e+00 -1.149240181136e+00  1.353604685069e-03 
-1.397671051689e-01  1.894090455286e-01  1.369608995729e+00 
-1.340834182551e+00  6.906813373680e-02 -9.595900928959e-02 
 2.148626140196e-01 -4.167179425144e-03  3.178079164120e-02 
-7.312793595291e-03 -1.041826113420e-02 -2.960005402720e-03 
-6.663066022109e-01 -3.067777833282e+00  4.835023441243e+00 
-1.183305100014e-01 -2.471439891632e-01 -2.322386208503e-01 
 2.726517020280e-01  7.000260441171e-01  7.662946721645e-01 
 2.981813490131e-02  1.284294792311e-01  1.334435519990e-01 
 6.786549612462e-02 -5.053930964981e-02  1.360537732608e-02 
 8.378615435723e-02 -6.645714987051e-02  9.486039239865e-02 
 3.511103947533e-01  1.283901724323e-01 -9.509977836994e-02 
-3.184401439287e-01 -3.337564456860e-01  2.047577365023e-02 
-1.079927260575e-02 -1.580827809277e-02 -3.281425523153e-02 
-2.337340059402e-02 -6.360786788481e-02 -2.680619186893e-01 
-6.255628341139e-02  2.907268875088e-02 -4.142910328297e-02 
 4.310333187079e-01 -5.821296037229e-01 -1.953625478609e-02 
-4.522144159276e-02  4.836690975502e-02 -1.919397407777e-01 
 5.144385428134e-01 -4.189395875292e-02  1.985534283604e-02 
-5.303109469893e-02  3.852656058530e-01 -2.201324314479e+00 
 3.697272312068e-02  1.314500891466e-01  2.393006787335e-01 
 8.888885253646e-02  4.249706363367e-01 -4.280018767723e-01 
-5.681489605699e-02  4.446063006865e-02  9.010444682108e-02 
 1.851390244989e-01  5.792583355189e-02 -1.091528772445e-01 
-2.375355964408e-01 -1.357848448841e-01  3.904460746559e-01 
 1.220263886351e-01  9.247491999510e-02 -3.683743658458e-02 
-3.027153683137e-01 -6.741392021373e-02 -1.638164289483e-01 
-2.262361264648e-02  6.155984304972e-01  1.427216136399e-01 
 2.408064904097e-01 -1.098545490735e+00 -2.558758149796e-03 
-5.456203454920e-03  4.718814632619e-03  4.137913581208e-04 
-1.413133196439e-03  6.733231442014e-02  7.338693824230e-02 
 7.880433197245e-02  2.094874025870e-01 -2.107940340869e-01 
 4.471920173933e-01 -1.310677919331e-01  6.301845214844e-02 
 7.604526107100e-02 -1.109338890213e-02  4.761935308074e-01 
-1.598340057860e-01 -8.023380251025e-02 -2.633231980295e-02 
-4.930943365963e-02 -5.359487339529e-03 -1.944727440836e-01 
-8.096008501883e-02 -2.349578203218e-01  1.898222186783e-01 
 8.563948179297e-02  3.873111579787e-01 -6.980269949768e-01 
 1.286000343543e-01 -1.866373789966e-02  7.908551930924e-02 
-2.987594652974e-01 -9.000271604444e-02 -2.509107065568e-01 
 1.964418695328e-02 -3.077416774353e-02 -3.283270262032e-02 
 3.759186929234e-03 -4.552633490304e-02  1.428236696693e-02 
 1.682977520961e-01  1.523900546868e-01 -9.515037924446e-01 
 9.789884916243e-01  2.485947085299e-01  1.190917513969e+00 
-1.327393809515e+00  4.798568896846e-02 -1.466275653167e-03 
 1.188410711628e-02  1.520255575820e-03  6.305090100239e-03 
 8.456860367222e-03 -3.539049311473e-02 -5.757241384917e-02 
 7.107724178781e-03 -2.003821659207e-02 -7.723335704393e-04 
-4.199227664632e-01  2.497619263735e-01 -5.299644057396e-02 
-4.146939337912e-02 -5.558726142723e-03 -3.380271452982e-01 
-5.230490333907e-02  7.179523870671e-02  2.675732758924e-02 
 7.382776500252e-02 -6.753214307487e-02  5.260059549290e-01 
 1.976835755471e-02 -6.783489688788e-03 -6.247210417286e-02 
 1.378635686921e-01  6.374842458656e-01 -8.906947225542e-01 
-8.730258930398e-02 -3.997536725886e-02  1.830696757021e-01 
 1.606618229187e-01  9.720577749936e-02 -2.600151377723e-01 
 3.211472457679e-01  9.379081935065e-04  1.131347809520e-02 
-1.117642503345e-01  1.030183918667e-02 -3.003574226152e-02 
-2.124646797408e-01  1.225167784843e-04  7.698260902155e-01 
 6.435869880693e-01  6.144293450376e-01 -1.303402989381e+00 
-9.013864370838e-01 -1.015919115201e+00  1.928317011557e-02 
-3.395528914964e-02 -2.253923317750e-02 -3.518930987938e-02 
-2.627979233969e-02  9.114628351725e-02  4.729712117093e-02 
 4.376990933276e-02 -2.182767798825e-01  1.373633596270e-02 
 2.018147263737e-01 -8.812840131657e-01 -3.416185175676e-03 
-1.117716541336e-01  1.016937447034e-01  2.609493389023e-01 
 7.588244461791e-01 -1.109287510316e-01  1.158015332420e-02 
-1.991795776009e-01 -1.894012278428e-01  3.033909983041e-01 
-8.289694456230e-03 -1.226622011914e-02 -6.327868387671e-02 
 9.103220138909e-02  3.819797142499e-01 -9.610575073273e-01 
 1.009326020928e-01  9.749781038633e-02 -4.407594193777e-02 
-3.479516190634e-01 -4.128432519782e-01 -1.310413850674e-01 
-3.724034792801e-01 -1.107108414594e-01  3.298682176149e-02 
 2.959945107433e-01 -1.051654881811e-01 -6.446744164488e-03 
 1.094354704240e-01  3.876258216553e-01  6.412126554409e-01 
 4.746568527174e-01 -4.449122474234e-01 -9.106784271012e-01 
-1.057340418750e+00  1.024900034222e+00  1.920764487242e-02 
 1.580282143620e-02 -1.439572578814e-02 -3.946581519944e-02 
 1.226486936884e-05 -8.160123167483e-02 -4.114382746261e-02 
 7.425777293318e-02  2.443139612313e-01 -1.811817030653e-01 
-5.988941637973e-01 -3.657907719237e-01 -1.594293197644e-01 
-1.492100116625e-01  9.215409173238e-02 -5.302373953761e-01 
 5.831323686133e-01  3.789881413476e-02  1.046472283510e-01 
-1.506466495514e-02 -1.129318451249e-01  1.002067424746e+00 
 4.931809592372e-02 -1.331544563841e-02 -9.455352976958e-02 
 1.176343627728e-01  5.052417962555e-01 -8.067138833925e-01 
 1.564420497294e-02 -4.235244022230e-02 -2.834578320608e-02 
 1.318215809997e-01 -1.060203345560e-01 -1.483026096921e-01 
-4.510332945611e-01  4.915973438675e-01 -1.170716090166e-01 
-3.532387834650e-01  3.062072106586e-01  9.693296253572e-03 
 4.320416575213e-02 -6.910152828476e-02  1.170601945791e-01 
 2.043922193644e-01  1.024427227957e-01 -2.335339906076e-01 
-2.975167789125e-01 -1.416656946919e-01 -1.580233011946e-04 
-4.250437265327e-03 -9.649760842624e-03 -2.768121566608e-03 
-1.868798069096e-03  2.341419902014e-01 -8.623310298278e-02 
-1.627584944795e-01  1.312514469634e-01  1.588880625267e-01 
-3.897600867013e-02 -1.266629097533e-01 -1.423881521169e-03 
-3.728738011775e-02  6.750763466609e-03  3.953663754134e-02 
 1.465778796474e-01 -4.874167852205e-03 -5.357633468317e-03 
-4.342962868108e-02  1.687021419822e-01  1.481148136581e-01 
-2.507397614502e-01  7.918697249663e-02  4.721483300274e-02 
-1.577661914041e-02 -8.013784923760e-02  1.407669235769e-02 
 4.880526584282e-02  5.723544264606e-02 -4.823341116498e-02 
-1.369257234460e-01 -5.809426235951e-02 -6.022361634715e-02 
 1.546992472175e-01 -4.061065281643e-02  2.232682782742e-01 
-1.764442830465e-01  2.572045988773e-01 -3.129179032720e-01 
-1.411560891168e+00  2.088336849315e+00  2.111520020611e-02 
-7.930850061514e-02 -9.144265842018e-02  6.993019620099e-02 
-2.139554752368e-01  6.264800185780e-01  9.506001666259e-02 
 6.487478319077e-02 -6.477688842356e-02  2.422151899922e-02 
 4.489561594705e-02 -1.070426775111e-01  1.347302035919e-02 
-1.625951389414e-02 -4.404322674245e-02  8.854029060593e-02 
-1.754414432496e-01 -2.034285260022e-01 -3.724377559427e-01 
-1.552926430845e-01 -1.963332151611e-01 -1.651881793419e-01 
-2.962668820963e-01  3.089681522752e-01  3.170683980835e-01 
 1.696890489593e-02  5.036591717567e-02  1.316238766170e-01 
 3.131866025842e-02 -1.164309438119e-01  7.043383458572e-02 
-1.164199822458e-02 -2.064525946019e-02  3.592420292460e-01 
-1.234083437219e-01 -1.544710849239e-01  7.437837681319e-02 
 3.795442483765e-01  2.801298019908e-01  2.189729263835e-01 
-1.877570926058e-01  1.088320610605e-01 -3.481250974342e-01 
 2.348278655652e-01 -4.458165727145e-01 -2.368667000187e-01 
-1.196688858318e+00  1.243793320785e+00 -9.551452620408e-02 
-1.753820278523e-01  4.809348811082e-01  1.108480399622e-01 
 3.209615309045e-01 -6.724901710951e-01  5.098647841484e-02 
 1.087775050900e-03 -4.470368766215e-02  4.683739839780e-02 
 9.740222644257e-03  2.516178966222e-01 -2.207392207454e-02 
 1.346319157364e-02  1.799450445119e-02 -1.489548885505e-01 
 3.648728780773e-01 -2.208992565816e-01 -1.007060042775e-01 
-7.782064920427e-02 -1.690959664145e-01  3.333639009116e-01 
-2.874664379770e-01  1.599206587783e-01  1.043347481150e-01 
-6.948525419625e-02 -7.523977895177e-02 -5.779756023717e-01 
-9.848915993547e-02  1.961017998725e-01 -7.521686814310e-02 
 5.159080240210e-02  2.909616788055e-01 -1.156398308829e-01 
-1.017760758237e-01 -5.378944773547e-02 -2.026151644663e-01 
 5.568646844840e-01  3.257094922161e-01  6.898823394212e-01 
 6.403327805576e-02  1.512132697547e-02  3.222809503401e-01 
-2.318070460181e-01 -3.223802786870e-01  1.952897806377e-02 
 1.456051322792e-01  2.188864727627e-02 -1.566678567589e-02 
-3.979975257909e-02 -2.723942686149e-01  1.286944444447e-01 
-8.027126022130e-02  4.820806505234e-01  6.920711104483e-03 
 3.320931077356e-02  3.917455500358e-02 -4.024923256648e-02 
 1.415793477470e-02  8.683115506916e-01 -3.541328051346e-01 
-2.427004395384e-03 -3.067635324027e-01 -3.519922298124e-01 
-1.934750110065e-01  1.199678092149e-01 -7.931184043558e-02 
 6.790965719952e-02  7.463798144346e-02 -2.333852549750e-01 
-2.020430988767e-04 -4.965846796399e-02  7.406763198938e-02 
 9.393015031369e-02 -6.789603185007e-01  1.431304459191e-01 
-4.094167656463e-01  1.030721854856e-01  5.540645805148e-02 
 1.981186616681e-02  8.495586020667e-02 -1.952604373853e-01 
-1.691924968467e-02  4.911403319309e-02 -1.232346360871e-01 
 3.825997839798e-02 -9.536156358926e-02  1.669258173135e-01 
-3.983172264308e-03 -1.086767259365e-01  1.388377160600e-01 
-6.857496070241e-02 -2.164812521071e-02 -2.334256463488e-02 
-6.179518070169e-02  2.550971456388e-01 -1.136754640335e-02 
 6.995308851283e-02 -1.414141087106e-01 -2.361504880415e-01 
 1.006220052115e-01  5.774960595534e-01 -1.300577384194e-01 
-6.973750118846e-02 -2.060130417957e-01  1.207031880454e-01 
-8.775763709166e-02  1.724693547566e-01 -1.063933516825e-01 
-3.157444001347e-02 -3.641176232010e-02 -5.782740692726e-02 
-2.085675382945e-01  3.834951861757e-02  3.684208713074e-01 
-4.196859969212e-01 -2.648628205929e-01 -2.071289339671e-01 
 2.876981985381e-02  3.489928092581e-01 -3.769578256673e-01 
-2.372132475479e-01 -7.912068245303e-02  2.572381099975e-01 
-5.910311019232e-02  2.226291482505e-02  1.025654761249e-02 
 5.952029185170e-02  2.531824930445e-01 -4.330253527495e-01 
 1.232298499932e-03  5.785895751003e-02 -1.862527575232e-02 
-1.995579657013e-02 -1.389387779757e-01 -6.295759668723e-02 
-2.235418264835e-02 -1.002374452099e-01 -9.681828947642e-03 
-1.670601688141e-02 -3.447473279752e-02  6.481273363493e-01 
 2.820079326871e+00 -4.183578835405e+00  1.791573800551e-02 
 1.159092259455e-02  5.984763496520e-03 -1.653024470269e-01 
 4.257540935284e-01 -7.310993801304e-01  1.653439246731e-01 
-5.242031553130e-02 -3.483262963459e-02  1.044399784747e-01 
 3.293982110959e-02  8.278982277858e-02 -6.621643247784e-02 
-4.103359425011e-02  2.048826529899e-04  1.397955110503e-02 
 1.008095456084e+00 -1.131375749385e-01 -1.410911610955e-01 
 4.545372293373e-02 -3.064521421338e-01  1.052341718712e+00 
-7.572226829624e-02  9.694189890962e-02  2.091687003904e-01 
-2.377205093208e-01  1.495672867673e-02  2.388481761225e-01 
-1.655656145262e-02  1.574010232141e-02  1.365551003242e-02 
-1.945782976029e-01 -8.111217491492e-01  1.271665621259e+00 
 1.590587696481e-01  4.886766461573e-02  5.604785707629e-02 
-3.878296799617e-02  3.808116281913e-01  5.025057337244e-01 
-7.467968750086e-02  5.308096757612e-01 -1.183865581221e-02 
 2.524766091444e-01  3.000380836132e-01  6.519915315679e-02 
 2.907143078160e-01 -3.898647150797e-01 -8.822144181254e-02 
-6.748320710116e-02 -5.533713136768e-02  1.250991776276e-01 
 1.676070500127e-01  6.536609032810e-02  1.220713859675e-02 
-1.416985837725e-03 -1.058324333224e-02  2.130941805464e-02 
-2.668151946512e-02 -4.148717997545e-01  4.059015869955e-01 
 5.197023411492e-01 -4.094934446430e-01 -3.015842027860e-01 
 1.085601918809e-01  4.445122585016e-02  4.638109987869e-02 
-4.558090968367e-02 -6.239947133769e-02  1.934392605358e-02 
-4.492559235770e-02  3.172903715763e-02  2.406832750651e-02 
-1.987226384894e-02 -1.090057403371e+00  2.007648871610e-01 
 1.854405255576e-02 -9.610450043136e-02 -8.287549515447e-02 
-2.170496879013e-02 -9.307058872370e-02  1.482701520742e-01 
 8.665557510222e-03  3.315507330699e-03 -1.667368761362e-02 
 1.076464686045e-02  4.085721116585e-02  6.292069544113e-02 
-1.489336583248e-02  2.472226134787e-02 -4.511210996420e-03 
 2.442958032964e-02  6.602588760200e-03 -1.724723974925e-03 
-6.226818177806e-03  1.405155373880e-02 -1.514777694842e-02 
 5.229610110837e-03  1.966369110617e-03  6.832873241091e-03 
 9.059720718833e-03  1.237981626276e-02 -6.767036420327e-02 
-1.527916007760e-01 -7.874361684025e-02 -7.808426153361e-02 
 2.947332836837e-01 -1.911625023364e-02  2.598631431462e-02 
 2.928896143213e-02 -4.758207805950e-02 -5.593425851858e-03 
-5.316237107166e-04  2.256298874925e-03 -3.621782425387e-01 
 3.896252043459e-01  2.877044119224e-01 -9.275901072461e-03 
-3.541266122185e-04  3.933045992572e-01 -4.217837279699e-01 
-3.092973996278e-01 -5.571524588210e-02 -3.668275489876e-02 
-7.216334736945e-03 -1.828550864331e-02  6.742544868277e-03 
-1.013313198452e-02 -4.318954320350e-02  8.109453219019e-02 
-1.559460783205e-02 -8.380525557857e-02  7.047219341140e-02 
-4.062098576479e-02 -1.731013001900e-01  1.879058864006e-01 
 3.541871209021e-01  7.057977012526e-02  6.650078181471e-02 
-3.291722913991e-01  2.456365433279e-01  1.697844082632e-02 
 6.280962759163e-02 -1.261573892151e-01 -5.534912681454e-02 
-5.006365456997e-02  1.363600393837e-02  7.969383268260e-02 
 1.084465991285e-01 -4.780614014932e-02  1.153076947263e-02 
-1.550232574374e-02  3.227872935264e-04  2.364010534159e-03 
 4.157437216047e-03 -1.192357920813e-02  1.731700308580e-02 
 1.799493803255e-01  6.321472042048e-01 -5.446732589265e-01 
 8.821350126567e-02  1.107970234165e-03 -1.449310647079e-03 
 2.058691183641e-02  6.243875988725e-03  3.513051234830e-02 
-3.529698799958e-02  2.473388221331e-02 -2.821539114931e-03 
-2.474407020334e-02 -1.973583796345e-02 -4.316564223467e-02 
 8.996867804882e-02  3.811588940779e-01 -3.120005651796e-01 
 7.694545728023e-02  1.549573701825e-01 -7.368444971856e-01 
 5.192807706307e-01 -2.105545769142e-03  1.624644100294e-01 
 7.801938175439e-02 -1.189081804444e-01 -1.287024362119e-01 
 1.129927471696e-01 -5.028009868856e-01 -1.762808201991e-01 
 1.394787689773e-01  2.072788932646e-01 -9.890508201339e-03 
-3.800280363427e-02  7.047515176620e-02  4.078522683243e-02 
 5.060015342306e-02 -3.762377258368e-04 -2.974002050441e-02 
-6.476922836590e-02  1.059043470428e-02 -8.084006373203e-03 
 1.214379317954e-02 -8.170913903865e-03 -1.824537042598e-02 
 9.467793733743e-04  1.870480345020e-02  4.788650529488e-01 
 5.812741746784e-01  8.358941792481e-02  2.932759612805e-01 
-3.146719361961e-02 -4.010746696681e-03 -1.601781140328e-02 
 1.119318503938e-02 -3.202415970601e-02  5.473526948236e-04 
-1.349581440722e-03 -1.407036832740e-02 -2.583514149052e-02 
 4.017655310629e-02  5.149527214630e-01 -2.622784883473e-01 
-7.853310594780e-01  3.847103616725e-01  2.111264642398e-01 
-1.185164798495e-01 -5.248502822519e-01  3.242012938857e-01 
 9.484487634392e-02 -1.013408325189e-01 -1.050562410892e-01 
 3.434520731988e-01  1.606364640447e-01  3.526514986880e-01 
 3.355471635884e-01  4.392579487938e-01  4.684979464062e-01 
 3.030141201099e-01 -3.515027381622e-01  3.334130612379e-02 
 1.456833837766e-01 -1.891931551278e-01 -2.905715044736e-02 
-4.078564011571e-02 -3.913180013423e-02  4.677449627430e-03 
 5.092692560709e-02  8.428043255847e-02  9.453383093183e-04 
-1.101759352197e-02  3.932559528036e-04  1.058090722848e-02 
-4.031581829259e-03  1.645207679570e-01  1.951976967093e-01 
-3.099584563110e-03  4.224085106087e-01  5.345972929795e-01 
 1.676717041023e-02  6.526682584611e-03  1.685089996441e-02 
-2.672080212584e-02  1.123421611513e-02  3.080710974065e-03 
-1.314909095111e-02  3.090321652971e-02  1.745227525848e-02 
-4.111988457776e-02 -1.091054346346e+00  7.017851308775e-01 
-3.021174575160e-01 -1.246957603130e-01 -3.302623694513e-01 
 3.354599877188e-02  1.361451702298e-01 -2.062573150296e-01 
 1.777073685880e-02 -2.592502844436e-03  6.057220093921e-02 
-2.033552794678e-02 -4.505432400818e-02 -9.784398735598e-02 
-5.730255322573e-02 -7.971567971345e-02  4.363417169307e-02 
 1.689901296316e-02  5.334168804120e-02  2.078683062441e-03 
 1.917569736367e-02  2.007074015243e-04 -4.745640006346e-01 
-3.597515239568e-01 -9.420494963780e-02  7.031293042391e-02 
 5.757280300490e-02 -1.851052322850e-02 -8.257886036813e-02 
 9.352730246498e-02  7.902903952961e-02  1.621743998047e-01 
 9.193411462414e-02 -7.078028477764e-03  8.577388707827e-03 
 5.689101406054e-03 -4.693629002962e-02  3.402622996714e-02 
 1.066156362480e-01 -2.849376633011e-01  1.951942602683e-01 
-3.058309558791e-01  6.716443197058e-01 -9.347751124618e-02 
 2.649091665554e-01  3.937582402566e-02  4.567713461883e-01 
-5.650902100644e-01  8.561857076673e-02  2.167406617366e-02 
-7.283541961146e-03  1.125323512565e-01 -2.281427717566e-02 
-1.462418096736e-02 -5.330091017277e-02  1.792159343431e-01 
-8.556400511766e-02 -2.109732306790e-01  1.579276189194e-01 
 3.148159109503e-02  5.414608267624e-02  1.313900045436e-02 
-4.491229937323e-01 -2.502012340512e-01  7.247821135688e-01 
 1.489019680724e-01  2.867947114785e-01 -3.713932728218e-02 
-1.909329574280e-01  1.356254408716e-01  5.163831430446e-03 
 2.948061048769e-03  1.016164197410e-01  6.934082883216e-02 
 8.916557147295e-02 -2.176529747769e-01  6.175930299839e-02 
-5.264009022396e-02  1.601437155847e-02  1.050184857960e-03 
-1.776900024205e-02 -2.726451350368e-02  6.741699832988e-03 
-9.501918091747e-02 -3.352177636935e-01  2.218380787032e-01 
 5.323977478244e-02  5.489447767607e-02 -3.496716798004e-03 
 8.362191206826e-02 -5.988448939689e-02  4.634496110444e-02 
-3.960228131392e-02 -2.136908111433e-02 -3.219192402191e-02 
 4.806017938248e-02  1.064918123285e-01 -2.514672280377e-01 
 2.167626993062e-01  7.796273902202e-01 -6.375741318963e-01 
-9.838083795646e-05  8.902571789100e-03  5.401240405549e-02 
-1.608542138428e-02 -1.050910969069e-02  3.274239214780e-02 
 7.515822541204e-03  1.088531682672e-02 -1.752258780074e-02 
-2.055552600916e-02 -2.682935317359e-03  4.017655967660e-02 
 2.333858999032e-02  2.292298643998e-02  2.794458016882e-01 
 1.340485695180e+00 -9.436288831359e-01  8.885359920976e-02 
-4.597372505981e-01  7.623615297586e-01 -4.830338753083e-02 
 3.683285239288e-01 -6.028938888989e-01 -5.167895363218e-01 
 1.107217114195e-01  9.773952119305e-02 -2.895164145642e-01 
-1.128694809311e-01 -2.580841669540e-02  6.052473466528e-03 
-2.490424382973e-02 -1.802206989606e-02  6.321081766126e-03 
 2.177420145054e-01 -2.366110293757e-01 -3.368799700027e-01 
-4.712747354050e-01  2.234206158222e-01  2.572378776739e-01 
-2.204192322257e-01  3.139565573235e-01 -4.100240581848e-02 
 4.547834783935e-01 -8.823925573346e-03 -6.647118070528e-02 
 2.847598673423e-02  6.261352570031e-02 -4.281954062000e-02 
 1.596186544960e-01  4.501749923939e-01 -8.019866959052e-01 
 4.782868125174e-01  3.335868299228e-01  5.638637320614e-01 
 3.221315818572e-01  1.280737542547e-01  2.397950605575e-01 
-3.201182209079e-01  1.554053678785e-01  3.050804189235e-01 
-7.724866955637e-01 -7.563077499608e-01 -1.437190398279e-02 
-6.309631567993e-02  6.794258891351e-02 -9.289954173206e-02 
-8.848427220303e-02 -1.599540928793e-02  1.023857759456e-01 
 1.120544592466e-01 -2.306063314260e-02 -2.599576001101e-02 
 2.378819080284e-02  2.607362896159e-02  9.520668239238e-02 
-1.759547643387e-02  1.258036692808e+00 -3.475907558569e-02 
 9.610123196812e-01  1.457928707322e-01  4.744922750171e-01 
-4.806535266898e-02 -6.124003019569e-02 -2.494382627962e-01 
-1.306245826246e-01 -5.748783323159e-02  5.906713314903e-02 
 7.673912980864e-02 -2.260309767759e-01 -1.770462519890e-01 
-6.593115610967e-02 -4.279552455915e-01 -2.023200397796e-01 
 6.812058066699e-01  3.056773440264e-02  2.059921804079e-01 
 8.574559083796e-02  2.972373206773e-01 -4.373924546261e-01 
 1.625964020338e-01  1.401617612415e-01  2.363335039675e-01 
 9.017225304065e-02  5.082148613872e-03 -1.422519080127e-02 
-8.728401205988e-02  6.255299335773e-02  8.250387657760e-02 
-2.242778554217e-01 -2.421859649641e-01  3.219433392727e-02 
 1.470181149458e-01 -1.028166058607e-01  3.605872537613e-01 
 1.941326809391e-01  1.865453445394e-01 -3.749049741236e-01 
-2.113216693814e-01 -1.825767104732e-01  5.272880946487e-02 
-1.109902627377e-01 -1.257427665651e-01 -2.166070189981e-01 
 6.943502882866e-04  3.947093862148e-01 -2.290460891288e-02 
 2.861237950821e-01  5.099409339133e-02  1.565306160357e-01 
 2.276348973097e-01  1.709503506875e-01  7.543041933714e-01 
 4.414275366164e-01  2.396245239603e-01 -1.764566268299e-01 
-2.173801126362e-01  7.278161703257e-01  5.620183621575e-01 
 2.758664726439e-01 -1.953784604997e-01  5.497077438008e-02 
 2.180802633063e-01  2.183905818763e-02  1.206718205973e-01 
-2.141207675306e-02 -1.008896654842e-01  8.960514035118e-02 
-8.257754842017e-03 -2.663139606815e-02 -4.279430010916e-02 
 1.603022247886e-02  2.387909639311e-02  5.844514627252e-02 
-2.011634385434e-02 -1.505581783641e-02  6.140165005611e-03 
-3.104999479140e-02 -9.517455962718e-03 -5.332690281320e-03 
-2.413744290908e-02  2.010871275802e-02 -4.667668998152e-02 
-3.456134629594e-02 -2.259674360483e-02  4.037008950411e-02 
 4.634082975545e-02  2.280469247903e-02 -1.590712510677e-01 
-3.873509784575e-01 -1.299275368575e-01 -2.326637994596e-01 
 8.436549199021e-01  2.947568440505e-02 -2.763248930421e-04 
 2.757856874675e-02 -2.232571462027e-03  2.913767292931e-03 
-3.057809303625e-02 -2.054580807494e-02  2.058276004790e-01 
-3.881904783969e-01 -2.719888058121e-01  2.669948661883e-02 
 2.788365759778e-02 -3.722618667350e-01  2.291472824176e-01 
 1.828908022760e-01  6.935336861835e-02 -8.664046109071e-02 
 6.268893413834e-03 -1.761248206491e-02 -4.366603547765e-02 
-4.848841718477e-03 -2.893827233160e-02 -1.697006039603e-02 
-1.826494255570e-03 -1.375945843515e-02 -2.310033963141e-02 
-5.026756306549e-03 -1.636960837619e-03 -2.414677202722e-03 
-9.811400214806e-03 -1.999550932081e-02 -1.334193331478e-02 
-2.366926305624e-02 -4.188409697165e-03 -9.770070292370e-02 
-5.549014190937e-01 -4.273640867439e-02 -6.348118201338e-02 
 3.094184896405e-01 -5.039509266433e-01  1.998326748124e-02 
-1.738470548656e-01  2.719952542761e-01 -6.253418722010e-01 
-3.490602804196e-01  4.727381451523e-01 -2.070444391420e-01 
-2.604053736229e-01  1.503638319200e-02 -5.925269841970e-03 
 1.571515623766e-02 -7.950906630266e-05  1.648401173910e-03 
 2.328329779950e-01  3.798527927667e-02 -7.111966136322e-02 
 2.849786205070e-01 -4.824042295326e-01  2.022606671228e-01 
 2.855415992632e-02  2.794349236034e-02  3.669080134864e-01 
-4.820470286578e-01  7.941622630688e-02 -2.362895754267e-02 
-7.174680875781e-03 -2.601585363779e-02 -8.340827129690e-03 
 6.512171152797e-03  4.218969824735e-02  1.305230944116e-02 
 2.258754832467e-03  8.461687680000e-03  1.970110091837e-02 
-2.194138556873e-02 -5.331578073549e-04 -1.992499620098e-02 
 2.044909682755e-02  2.127005770318e-02 -8.544286622325e-05 
 4.490313207618e-02  2.590340317850e-02  1.263910901188e-04 
 6.170913307444e-04 -2.637358219786e-03 -5.858227845377e-03 
 5.606375565902e-03  2.734025043320e-03  2.045719425583e-01 
-2.187189517454e-01 -1.620965623737e-01 -4.208590763011e-01 
-3.514339216578e-01 -7.390065020451e-01  4.636894756733e-01 
-2.307283988318e-01 -5.301550222721e-02  3.972815208911e-03 
-3.980082868058e-02 -4.645288616526e-03 -1.532787401602e-02 
 1.758103990364e-03 -1.576573749929e-04 -2.984088462210e-01 
 3.178118546903e-01  2.302755365446e-01  2.505926991223e-03 
-4.326939499754e-04 -3.340257332378e-01  3.637747686972e-01 
 2.624978693072e-01 -8.163398004606e-02  4.712979058918e-02 
-1.125862248447e-02  3.118979576578e-02  1.454321684834e-02 
-3.062424918304e-01 -1.596468186264e+00 -6.439724940243e-01 
-4.595969127507e-01 -1.007188305782e+00 -1.373421447374e+00 
 2.255476108687e-02  7.920375794599e-02  1.239425220411e-01 
-4.976152121729e-01 -8.616398794596e-01 -4.086531324339e-01 
-7.790406734248e-01  8.906850263814e-03  9.999963923375e-03 
 6.937602474965e-02  6.139652912441e-02  4.264673319417e-02 
-1.039551705304e-02  8.731372187696e-02 -5.566782334827e-02 
-1.092936544544e-01  5.606556456255e-02  2.605436276319e-02 
-5.459778289583e-02  1.977108166626e-02  6.511087530580e-02 
-3.412727160895e-02  4.922876079842e-01 -1.977226057539e-01 
 4.185826360177e-01 -5.215814006606e-02  5.575104381857e-02 
-1.559524728768e-01  4.591098122909e-02 -6.544220716888e-03 
-1.985645558620e-02  7.088472026623e-02 -1.489505245467e-01 
 3.578918789367e-02  7.625903827083e-02  2.775870770188e-02 
 6.942499521699e-02  3.179402134776e+00 -6.894498083945e-01 
-3.965629859313e-01 -9.937320457972e-01 -1.291770347199e+00 
 2.051595676913e-02  1.067902575466e-01 -1.541589542078e-02 
 6.360006241877e-02  9.725550408416e-02  5.815885658471e-02 
-7.920909807648e-02 -6.224287658061e-02  1.007191449048e-03 
 6.379087814251e-02  6.002125513608e-02  8.679441960600e-03 
 6.050301865643e-02  8.718959339019e-03 -1.489703742844e-01 
-2.581030544812e-01  2.347952354415e+00  1.020162169159e-01 
-4.277478381017e-01  6.702032835749e-01  7.376855242265e-02 
-5.169219213560e-01  8.910961379864e-01  3.721145822001e-01 
-9.479265147456e-01  5.438131533496e-01  4.164859829131e-01 
-1.552011346912e-01 -6.652194589772e-02 -1.831242803006e-04 
-3.798339887831e-02  1.225965388120e-02 -2.692717360311e-02 
-2.087385378647e+00  6.681646250585e-01 -3.397592306333e-01 
-6.467994381918e-01  4.298305210428e-01 -2.015231739852e+00 
 6.563338358659e-01  4.861399581532e-01 -1.834844262926e-02 
 6.185351211299e-01 -2.456583711904e-01  2.508613283570e-01 
-1.570140273971e-02  2.777449149236e-02  1.589185251308e-01 
 2.009254485030e-02  7.174178358036e-02 -2.144020989982e-01 
-1.131611124820e-02 -1.613507912736e-02 -8.155837038612e-03 
-1.523617184231e-03 -2.715963861801e-02 -7.710622875582e-02 
-1.632014307487e-02 -2.776970875134e-02 -2.694251710273e-02 
-2.428295000942e-02 -7.108061070281e-03 -6.320574336752e-03 
-4.009845174656e-02 -8.122525547042e-02 -5.924698581243e-01 
-3.818095229860e-01 -2.273758472407e-01 -3.954372769209e-01 
-2.763066712768e-01 -1.265089374690e-01  4.691110685306e-01 
-4.855954147723e-01 -5.070302876564e-01 -1.022330965247e+00 
-5.498891702378e-01  3.149762866698e-02 -1.799460871530e-02 
 1.236049584168e-02  1.815484453340e-03  1.283342623806e-02 
-1.677239489022e+00  4.471795766040e-01 -3.182509137998e-01 
-7.084875673204e-01  5.663977614898e-01  1.898148984673e+00 
-5.306683050419e-01 -5.545958196832e-01  1.254550293689e-01 
-8.748619150654e-01  1.016231200966e-01  7.097646096361e-02 
-7.670952732227e-03 -3.092938233265e-02 -1.319255328802e-02 
orbocc
(*)
 0.000000000000e+00  0.000000000000e+00  0.000000000000e+00 
 0.000000000000e+00  0.000000000000e+00  0.000000000000e+00 
 0.000000000000e+00  0.000000000000e+00  0.000000000000e+00 
 0.000000000000e+00  0.000000000000e+00  0.000000000000e+00 
 0.000000000000e+00  0.000000000000e+00  0.000000000000e+00 
 0.000000000000e+00  0.000000000000e+00  0.000000000000e+00 
 0.000000000000e+00  0.000000000000e+00  0.000000000000e+00 
 0.000000000000e+00  0.000000000000e+00  0.000000000000e+00 
 0.000000000000e+00  0.000000000000e+00  0.000000000000e+00 
 0.000000000000e+00  0.000000000000e+00  0.000000000000e+00 
 0.000000000000e+00  0.000000000000e+00  0.000000000000e+00 
 0.000000000000e+00  0.000000000000e+00  0.000000000000e+00 
 0.000000000000e+00  0.000000000000e+00  0.000000000000e+00 
 0.000000000000e+00  0.000000000000e+00  0.000000000000e+00 
 0.000000000000e+00  0.000000000000e+00  0.000000000000e+00 
 0.000000000000e+00  0.000000000000e+00  0.000000000000e+00 