2mocoef
header
1
MO-coefficients from MOLCAS
1
48   48
a
mocoef
(*)
 1.623172161254e-05  4.759335296530e-04 -2.065894673891e-04 
 3.774003447399e-04  1.874124355427e-04  2.286353521369e-04 
-4.068776123158e-05 -7.022877404893e-05 -9.784319467141e-05 
 4.379372796301e-06  7.906906436101e-06 -1.268714821029e-05 
 6.585395062318e-07 -1.434690581177e-05  1.000158601076e+00 
-8.050270943883e-03 -8.910020298618e-04  1.600136996405e-03 
-3.161546765103e-03  6.858429596773e-03 -3.767789193691e-04 
 1.072270235658e-03 -1.883710558557e-03  1.444686964764e-04 
-5.035723988195e-04  4.609519484123e-04  3.723323727251e-04 
-5.391775266850e-05 -2.433117899812e-04  2.854743737376e-05 
-5.680369095514e-06  3.974176554578e-06 -5.520609549073e-06 
-3.911501156721e-04  8.176147836365e-04 -2.322067932191e-04 
-6.763773260660e-04  6.132166737368e-04  2.651144500225e-04 
 7.643083070627e-04  4.913131595163e-04 -1.731480125756e-04 
 9.541265895319e-04  3.856467538875e-04 -8.682087415062e-05 
-8.468795530155e-06 -3.334097571169e-05 -5.272982534602e-05 
 1.000617975880e+00  3.262693368042e-03 -3.573404490478e-03 
-9.700091200337e-04  1.732644289077e-03  1.586484454791e-03 
 7.502148062026e-04 -1.332440149972e-03 -1.229197414017e-03 
 1.238818303746e-04  9.910115270008e-04  2.078085310536e-04 
 6.039339547619e-04  2.179192005424e-04  1.482448006937e-05 
 1.875835508217e-05 -1.493386638998e-04  2.221559690787e-05 
 4.286167024642e-05  4.483586653052e-05 -1.436775052134e-04 
-1.347821910999e-04 -5.451655095102e-05  7.006920244492e-06 
 2.653310799720e-06 -2.050607897471e-05 -2.202490422408e-05 
-1.545565934295e-05 -2.070043952477e-04  8.277786732638e-04 
-5.122260800891e-04  3.216858714238e-05 -1.340656526907e-04 
-6.253218693098e-05 -6.335821259786e-06  7.110371647228e-06 
-5.243529152016e-06  3.005497129727e-05  1.451337312097e-04 
-2.614904883011e-05 -6.410356634760e-06  2.602493585547e-05 
-3.765148374040e-05 -1.678899785650e-03  2.514547915859e-03 
 1.279885969872e-04  4.066286723792e-04  5.573188871941e-04 
-1.123574395081e-04  7.273415282493e-02 -1.410584513874e-03 
 2.079801779604e-02  1.730044813939e-02  2.419675114797e-02 
 2.376841928664e-03  1.997909414021e-03 -6.189012337003e-03 
 4.318821485299e-04  1.902611189042e-03 -1.848447878703e-04 
 9.253509292099e-04 -9.388210782143e-04 -6.565848190950e-04 
 3.498958973674e-01 -1.991555130972e-01  1.150395550616e-01 
-2.502389537044e-01  5.330676011171e-01 -1.388393962657e-02 
 3.906960236421e-02 -7.657801852650e-02 -1.052443788561e-03 
-1.799313063762e-02  1.649386570594e-02  8.326059923465e-03 
-3.493107159460e-03 -2.119930876484e-03 -1.284976025380e-03 
 5.081629713355e-04 -1.627052716284e-05  6.045065191624e-04 
 4.724341417704e-01 -2.073981151644e-01  2.590720295947e-02 
 3.053461397527e-02 -6.132894121330e-03  5.885920366629e-01 
-2.485018346935e-01 -3.105473605102e-02 -1.004910981789e-02 
-3.172758239479e-02  5.407847926209e-02 -4.584172489669e-02 
-1.591102364094e-04 -1.056618018019e-03 -3.206270530666e-03 
-4.813185465074e-03  8.416665381214e-01 -1.397596354114e-01 
-5.885203329397e-03  1.249119288236e-01  1.510823640673e-01 
-1.790771030000e-02 -4.069742725844e-02 -5.218487900956e-02 
 1.819210814374e-03  1.231402743688e-02  3.444037117358e-03 
 6.995782897073e-03  1.895835676808e-03 -3.283837284618e-04 
-7.183628122608e-03  1.348099846263e-02 -7.263224049603e-03 
 1.838869091494e-02 -4.897062241006e-02  2.103342278670e-03 
-1.804526019766e-03  3.513020239841e-03  6.058585819521e-05 
 1.265638006049e-03 -6.007759434260e-04 -8.318320078082e-04 
 2.961858182150e-04  2.114976987900e-01 -9.391431382502e-02 
 1.548906027257e-02  4.663096952441e-03  1.093078746323e-02 
-3.219089399249e-02  1.476737828090e-02 -1.807016544383e-03 
-1.948798503525e-03  1.439775362092e-04 -4.232342238286e-02 
 1.828646726315e-02  2.135559721427e-03  6.926578188399e-04 
 2.234900684116e-03  5.191542511976e-01 -2.348495876322e-01 
-1.209407510309e-02 -1.879914665885e-02 -2.671350739102e-02 
-1.559161927128e-03 -1.808891340678e-01 -5.174761493339e-02 
 4.148557171369e-01  2.589491407207e-01  4.542956919499e-01 
-5.672865240613e-02 -5.384133502887e-02 -8.601397217550e-02 
 1.926405760219e-03  1.401296013024e-02  1.405730715043e-02 
-7.953526333517e-03 -2.092742515691e-02  6.870893930732e-05 
 2.416949357779e-02 -5.497635803478e-04  1.812005778769e-03 
 6.421001090537e-03 -3.068582624549e-02  1.242344800904e-03 
-6.268530921330e-04 -9.620528069681e-04 -2.221436503232e-05 
 4.704591052596e-04 -4.199930507730e-04 -7.612002404868e-04 
 9.246352851546e-05 -5.472381493175e-01  1.716451618305e-01 
-2.478609651902e-02 -3.347892056289e-03 -1.319869981557e-02 
-8.712290762800e-03  4.076750935530e-03 -4.630058163529e-04 
-4.324883403796e-04 -3.609265970898e-04 -1.330334054395e-02 
 6.689740717021e-03  5.020936877586e-04  2.832052000957e-04 
 4.424735852395e-05  4.736336935541e-01 -1.749622210139e-01 
-2.199655667107e-03 -1.178602684973e-02 -1.428129752795e-02 
-3.129881368730e-03 -1.586294217771e-01 -4.103977739865e-02 
-2.861823536669e-01  2.291504833048e-01  1.609071643587e-01 
-1.824064340270e-02  5.091218162050e-03 -3.791595849209e-03 
-3.078327290007e-03  7.176554550815e-03 -7.951702540029e-05 
-1.449214234589e-03  2.054567456321e-03 -1.424696628582e-03 
-8.028565160183e-02 -1.540483841188e-02 -5.022033922304e-01 
-4.517878785377e-01 -9.288350760165e-02  3.778970633938e-02 
 3.616977271306e-02  7.743376541624e-03  1.006397889579e-02 
-1.510632322865e-02 -9.962261197120e-03 -2.104036798407e-02 
-1.344425305901e-02  1.071466590577e-01 -1.239010010347e-02 
-8.969912792484e-04  4.826843991186e-03  5.593912654042e-03 
 4.913545054242e-01 -1.468828255052e-01  4.679204046988e-03 
 2.009229587004e-02 -2.301141108911e-02 -3.536591657051e-01 
 1.042388879517e-01  2.351954023034e-03 -1.432061420681e-02 
 2.396292446350e-02  9.900125368850e-02 -2.665870334373e-02 
-9.242782727494e-03  2.661208402760e-03 -2.890724047720e-04 
-5.613271129970e-03 -2.987596425888e-01 -7.907850909032e-02 
-5.411143470944e-01  4.230620497813e-01  2.888785750357e-01 
-3.243270693673e-02  1.027923885386e-02 -4.572964911708e-03 
-5.812139331713e-03  1.399636150131e-02 -1.935350275864e-04 
-1.707852381459e-03  4.061549619459e-03  4.645305770349e-04 
 1.213548616287e-02 -5.387243438211e-03  2.754580111807e-01 
 2.295311413559e-01  7.548052725737e-02 -2.445981067573e-02 
-1.298987762861e-02 -8.958489338724e-03 -5.345152987225e-03 
 6.776112492187e-03  6.737125564685e-03  1.196927268828e-02 
 7.089174660232e-03  2.111548562627e-01 -2.698013606005e-02 
-1.281474427134e-03  9.032031897732e-03  1.048770331147e-02 
-2.459469618539e-01  7.540695771496e-02 -9.602611580865e-04 
-1.018423383361e-02  1.294559565688e-02  2.148321911140e-01 
-6.109174794143e-02 -2.229011585325e-03  6.401893852792e-03 
-1.332253424298e-02  1.778708940471e-01 -4.109392286117e-02 
-1.652063345407e-02  5.789241070580e-03  1.137357591380e-03 
 7.809949442184e-04  4.339497545735e-02 -3.464077650633e-03 
 3.413434043150e-02  1.998982074167e-02  2.887765778801e-02 
 7.119967998159e-04  1.409953505121e-03 -8.500410547269e-03 
 3.417865799697e-04  1.698037914886e-03 -8.045248708787e-04 
 5.006637655232e-04 -1.549624638616e-03 -1.442113332996e-02 
-9.208418070071e-01 -1.101871884811e-02  1.007207335747e-01 
-1.516118934101e-01  3.737421660910e-01 -3.593625327268e-03 
-2.923757881046e-03  7.186979056771e-03 -1.490968074605e-03 
-1.033288546541e-02  1.000567704884e-02  6.613409722630e-03 
-1.402388627200e-03 -2.396585612724e-02  5.217784668217e-03 
-6.965913667387e-04 -2.569579760525e-04 -1.100451216923e-04 
 1.037496341965e-02  1.834727343663e-02  4.503456196079e-03 
-8.111590551647e-03  1.760334618123e-02  1.044710789958e-01 
-8.473677318144e-03 -1.124984358595e-03 -9.554542272571e-03 
 1.123647483268e-02  4.454370352070e-02 -3.618208842092e-02 
 2.312405820159e-04 -9.661946185762e-04 -4.026379856542e-03 
 1.995032942227e-03  2.638586165505e-02 -1.066615657971e-02 
 1.719928805087e-02  2.026642897265e-02  8.613780816302e-03 
-6.866955659529e-03  5.566274774939e-03 -1.352455170898e-02 
 7.018231576278e-05  1.468907214797e-03 -2.287284159615e-03 
-1.169292264767e-04 -3.806554998262e-04  2.952828419774e-03 
 2.286935673735e-02 -1.133998050102e-02 -5.844548510354e-01 
 5.694838140489e-01  3.886516188665e-01 -5.905275652069e-02 
 5.750217848985e-02  4.516115233641e-02  1.138564717724e-02 
 7.697574446272e-03  1.706722030372e-02 -1.306744326167e-02 
 7.425599636785e-03 -1.193979587714e-02 -1.328238077950e-03 
-6.843860807438e-04 -2.454291486750e-04 -1.358563930653e-04 
 6.473691674312e-04 -4.723392198721e-03 -1.867047859614e-02 
 1.805895150018e-02  1.193754712206e-02 -3.146136335343e-03 
-3.552140952543e-03 -1.815268821749e-02  1.809886833921e-02 
 1.228981884136e-02  1.928481223482e-02 -1.214381040069e-02 
-8.221435616365e-04  5.078658036342e-04 -3.233584459974e-03 
 4.040147260051e-03  2.682533593234e-02 -4.441264158843e-02 
 1.635942527651e-01  5.299682023168e-01 -4.599483649983e-01 
 5.722781371071e-02  2.087581398433e-01 -2.075687397416e-01 
-5.152685623684e-03 -4.253752702378e-04 -1.333796642262e-02 
 7.725715176328e-03 -1.027504750353e-02  1.116353172370e-03 
 7.090609937418e-02  6.709913433317e-02  2.318019917402e-02 
-3.760956679468e-02 -3.248704299819e-02  1.267194151652e-02 
-1.494948614129e-02  5.099946361171e-02  1.448291141802e-04 
-2.527431943257e-03 -3.934931563394e-03  7.034910616298e-04 
-7.341520909470e-04 -2.544990248382e-03 -1.551876662191e-02 
 4.180655703934e-03  1.338424865076e-02 -1.118948062227e-02 
-5.899121317780e-03 -6.801344911124e-02 -1.002873834578e-03 
-4.121986837965e-03 -3.954119995142e-03 -5.956076195565e-02 
-5.017223159809e-02  4.576601771059e-03 -1.932836899266e-03 
-3.197565388830e-04 -4.109033386512e-03  5.596004304781e-02 
 4.067783220640e-03  1.389273083471e-02 -1.537387732582e-02 
 5.909928508431e-03 -1.046284679164e-01 -2.911051397082e-01 
 7.978668348806e-02  1.466510249965e-02 -1.013430827845e-01 
 2.890616974706e-02 -3.940853537642e-02 -7.342915496877e-02 
 1.164146192514e-04 -3.530416921068e-03  1.433106468318e-03 
 1.553775558541e-03  1.073746873107e-03  3.205166297063e-02 
-2.094542999429e-01 -8.257713024361e-01 -9.116586616349e-04 
 2.324692685680e-01 -3.118914540977e-01  5.756458701577e-03 
 1.876818999301e-01 -2.456159894402e-01 -4.587694560856e-04 
 1.189010499642e-02 -9.796567961060e-03 -5.608843835799e-03 
 3.086355759859e-03  6.062846971817e-02  1.546422409203e-01 
 2.448945882163e-04  1.145330975093e-03 -3.592746807873e-03 
 1.816618919329e-01  8.070687154555e-01  2.003549177311e-03 
-3.428133945354e-04  3.842170772840e-03  8.001060504981e-02 
 6.480627050263e-01 -2.558056811916e-03 -2.838087756987e-03 
 5.475571360484e-04  1.842213719623e-02  3.380588625169e-01 
 1.793821832001e-03 -1.768426489207e-04  1.187481521986e-03 
-3.159872136503e-02  3.032300687978e-01  9.474488811402e-01 
-3.759485358730e-01  5.181754440929e-02 -1.104269392541e-01 
-3.621011909006e-01  5.645951991618e-02 -5.468665655370e-02 
-9.985078594000e-03 -6.519371401350e-03 -1.957683933050e-03 
-1.603711820363e-02 -4.055474111127e-03  1.044375826973e-02 
-6.944161548902e-03 -2.045348928036e-01  5.324208537304e-03 
 5.149916577879e-02 -1.145124850987e-01 -2.099649170569e-02 
 3.442931361341e-02 -9.394353514688e-02 -1.123508393894e-03 
 5.917227432486e-03 -5.144313656802e-03  5.238739926777e-04 
 8.570821945168e-04 -3.904652880288e-01 -1.062473071818e+00 
 4.965128039216e-03  4.144484096867e-03  3.750464958547e-03 
 1.387462384072e-03  1.770855618859e-01  1.728172836447e-03 
-1.029934875488e-03 -3.205411117898e-04  4.347614731563e-02 
 2.120080365215e-01  1.121223610878e-03  7.787560440130e-04 
-3.413517634240e-03 -1.978816925953e-01 -3.603478834909e-01 
-1.485539522592e-02  5.436577165639e-03  2.741588307003e-03 
 5.857432692134e-03  3.694174377549e-02 -4.704302790565e-02 
-3.775914788084e-02 -1.641967954661e-02  8.325434922988e-03 
-3.097753550094e-02 -2.850674837863e-02 -4.948942583794e-02 
-9.385548852594e-04 -1.413825107296e-03 -3.507048878443e-03 
-6.340300831199e-04  4.125819896399e-05 -4.831110230443e-03 
 1.566440796781e-02  1.304346706329e-01  3.776518206759e-01 
 2.733418741258e-01  1.628978840444e-01  3.625427715368e-01 
 2.578220845184e-01  1.686979436799e-01  1.792533912508e-03 
-3.367394081361e-03  3.916465756476e-04 -4.829494707560e-04 
-6.449532062983e-04 -1.032714796873e-02 -8.145744900718e-02 
 6.632928690832e-04 -3.533205092026e-04  1.950291568142e-03 
 3.270369170678e-01  1.177461500619e+00 -2.869237550858e-04 
-1.414321839824e-03  5.937253189955e-04 -3.279063149009e-01 
-1.386227334480e+00  2.996610007305e-03  1.494842414650e-03 
 2.758449409510e-03  1.370235563464e-02  7.950255264529e-02 
-9.343637082702e-04 -9.652180149746e-04 -8.601850834552e-04 
-2.205203131798e-02  1.222577680487e-01  1.078589339138e+00 
 2.725052720725e-01  2.539518373147e-01  2.953177013624e-01 
 4.627990538578e-01  4.670090768193e-01  7.596381374853e-01 
 7.139653998456e-03  1.907016552916e-02  1.568423792254e-02 
 9.001289015742e-03 -6.886897444058e-03  1.798104208807e-02 
 1.285054337421e-01 -1.670570943799e-01  4.864327711886e-02 
 1.032000191910e-01 -1.532705804596e-01  7.877652694285e-03 
 3.216499747785e-02 -1.338122976895e-01 -4.486913618795e-03 
 1.628226194126e-02 -1.089651233517e-02  3.898967790943e-03 
 3.245210661507e-03  5.626712971490e-02  7.754933524848e-01 
-4.842871857448e-03  5.818989358577e-03  5.310467050585e-04 
-9.920282234422e-02  3.653958594397e-01  1.574389023990e-03 
 3.635758624595e-04 -6.080305735345e-03  3.051497771365e-02 
 7.410791514870e-02  6.115630017143e-03  9.140274710812e-03 
-8.723686791749e-03 -5.483983955326e-02 -2.354203760934e+00 
 1.260197082620e-02  6.263039745999e-03  1.602245704054e-02 
-1.029231277516e-01 -3.548483168330e-01  4.984469953334e-01 
 7.981935296090e-02 -3.946857216268e-02 -2.928894422570e-01 
 7.203323455964e-03  3.233128358844e-01  6.439833709595e-01 
-4.746347819913e-02 -6.369496871377e-02 -6.914095416536e-03 
-1.066035598313e-01 -4.892737555266e-02 -1.164007568449e-02 
-8.462434852633e-02  3.193489919876e-02 -5.811836033308e-03 
-4.761365233350e-02  1.485478423286e-01 -1.633080159084e-01 
-6.836309031214e-02 -2.003747874771e-01 -2.751327690639e-02 
 3.008945897770e-02  3.749169173975e-02  4.813220171343e-02 
 2.705219133137e-02 -1.118084411152e+00  1.342402155688e+00 
 6.903289188833e-03  2.689524911227e-02  2.739462272544e-02 
-8.972126903743e-01  1.101387632553e+00  3.804693868764e-02 
 4.890623763446e-02 -2.310215324497e-03  8.961020669203e-01 
-1.080912408213e+00  2.021536134851e-02  1.900394267799e-02 
 1.637158507093e-02 -8.439099678921e-01  3.825151637632e-01 
-2.033397197842e-02 -3.997060500393e-03 -2.266246682541e-02 
-1.401304289922e-02  6.324519933134e-02 -8.516856020381e-02 
-1.012071846079e-01 -1.696174672501e-01  1.402999638927e-01 
 1.701647064911e-01  3.406974493722e-01  9.859414464592e-02 
-5.536629916623e-02 -7.392986137152e-02 -2.656501261211e-02 
-1.133191011994e-01 -4.803105747782e-02 -1.122392312486e-02 
-6.016684590751e-02  9.449432090406e-02  8.372753071216e-02 
 7.505934467118e-02 -1.147025857657e-02  9.404932354926e-02 
 6.670463881659e-02  8.093848333905e-02  3.901720536684e-02 
-4.521928994001e-02 -3.818686799880e-02 -6.779211670099e-02 
-3.938577782904e-02 -1.060254819550e+00  1.325204782224e+00 
 1.414812232020e-02  2.109942928743e-02  3.761292913999e-02 
 1.225240433002e+00 -1.536045794603e+00 -3.963361727213e-02 
-5.948205596918e-02  2.546603585800e-02 -1.019163211501e+00 
 1.291519338035e+00 -4.656229785923e-02 -2.156947598113e-02 
-3.862675461935e-02 -6.012662349954e-01  3.079756169751e-01 
-3.902556803531e-02 -3.952654602366e-02 -4.134334268540e-02 
-7.687361110807e-04  8.512208605589e-02  5.335131877430e-01 
 7.205441702124e-01 -6.263790041400e-01 -4.778096963814e-01 
-5.092307370673e-01  1.111217005819e+00  1.120168602355e+00 
 9.987467276877e-03 -2.388699935733e-02 -3.744007378147e-02 
 6.399070379893e-02  8.886156956103e-02 -2.817328133192e-02 
-1.778115873987e-01  1.759328953570e-01  4.983206970121e-02 
 5.389768902212e-02  3.171426253606e-02 -3.627350734509e-02 
 2.024488898860e-02 -1.123718013171e-01  1.346459573274e-02 
-2.256643502751e-02  1.085732745586e-02 -6.824074248859e-03 
-1.104623747144e-02  9.662316086253e-01 -8.848058815003e-01 
-5.484046086555e-02  2.964316477792e-02  1.547493458259e-02 
 4.475197673618e-01 -4.850843775549e-01  1.203565858833e-03 
-1.877185136669e-02  3.528051807597e-02  6.313061580109e-02 
 3.827395730181e-02 -1.819717759048e-02 -1.562325761151e-02 
 5.699388996574e-03 -7.190791534174e-01 -1.499027059243e-01 
 7.184652703853e-02 -1.109325252857e-02  2.663200714165e-02 
-2.492604550785e-02 -1.122145413172e-01  2.441738141485e-01 
 1.498754443779e-01  1.156683080539e+00 -9.178697274461e-01 
-4.292740163405e-02 -1.175473830942e+00  1.128380517749e+00 
 5.855580147426e-04 -5.719541525094e-03  3.074182138936e-03 
 5.663893451116e-03  7.134458638200e-03 -2.849651478636e-02 
-1.635714606446e-01  8.269933807413e-02 -1.363570342175e-02 
 6.177426593724e-02  3.743245632856e-01  4.664433320335e-02 
-3.030031330878e-02 -3.949683235953e-01  7.969054393296e-03 
 1.681798409330e-03 -9.489355204091e-03 -3.746626085902e-02 
-1.323177913047e-02  9.328540803605e-02  1.106985448722e-02 
 6.721596439188e-03  6.385208373780e-03  8.839157916388e-03 
 2.864314925553e-01 -3.953782956210e-01 -6.534443461860e-03 
 1.737192647383e-02  2.846593912052e-03 -3.594203031717e-01 
 5.302153416506e-01 -5.555648720009e-02  1.558013750774e-02 
-5.498560606011e-02 -8.838825067322e-02 -1.743993936062e-01 
 1.290312705850e-02  4.490212308644e-02 -1.760526179735e-02 
-8.318203329706e-02 -3.638927576137e-01  6.308060923794e-01 
-9.004378583563e-01  7.200054224362e-02  2.250345945651e-01 
 1.595815618774e+00  3.136417385045e-01  4.478098658711e-01 
-2.555120925002e-02 -9.573642754203e-02 -7.894057641867e-02 
 9.116814511978e-03  8.988346602587e-02  2.698241697079e-02 
 1.986359364132e-01 -1.987747299897e-01 -8.468060288514e-02 
-2.917050406835e-02  2.024403920026e-01  1.292428777627e-01 
-8.308049290937e-02  4.180442519541e-03 -1.784320661858e-02 
 3.948095210568e-02 -2.039096528403e-02 -2.372002518249e-02 
 8.092493914777e-03  7.464311144759e-01 -1.669547770483e-01 
 2.155769072546e-02  5.611245731401e-02  7.529430571733e-02 
-5.703384965937e-01  5.290776051092e-01 -1.962299403456e-02 
 3.546618777375e-02 -5.584376986369e-02 -5.827986635958e-01 
 4.824281874610e-01 -8.831994022679e-03  4.311790372498e-02 
-4.740646861427e-02 -9.846302822590e-01  1.913817727673e-01 
 5.387037276517e-03 -3.622336929775e-02 -3.456424671673e-02 
-3.741635525247e-02 -1.746680902830e-01  2.122121929530e-01 
-4.194917796539e-01  3.118774479593e-01  2.633359117436e-02 
 6.823605018760e-01 -2.402273616493e-01  1.815328973452e-01 
-1.064663165593e-02 -3.417765906606e-02 -2.906041787932e-02 
-3.959487689146e-03  2.611394608258e-02 -8.474833311015e-02 
-5.022949895018e-01  7.764305466876e-01 -1.091761058124e-01 
 4.174047104126e-01 -5.830938048791e-01  5.604533709885e-02 
-3.068220737937e-01  3.335192051398e-01  4.106033239009e-02 
-8.746088397755e-02  7.595607761300e-02  5.845775518745e-02 
-1.086289806673e-02  1.940191265601e-01  3.739670301514e-02 
 1.500943062344e-02  1.601084234313e-02  2.665407204426e-02 
 1.015319361021e+00 -1.037975429041e+00 -1.411153841477e-03 
-1.072846410322e-01  1.647237209609e-01  1.265221952921e+00 
-1.310956103572e+00  4.848492554468e-02 -7.578511847955e-02 
 1.955365584141e-01 -3.043470913972e-01  8.281124889395e-02 
-9.709416814895e-03 -1.020246892232e-02 -2.197607308556e-02 
-2.785819684541e-01 -1.250085328785e+00  1.410502326935e+00 
 7.387099651310e-01  5.338061407140e-01  8.594958410367e-01 
-1.340373103960e+00 -8.254591342781e-01 -1.411235637302e+00 
-5.143589915393e-02 -1.455976506280e-01 -9.531982417115e-02 
-5.360329843008e-02  7.257432603576e-02 -1.959990786939e-02 
-1.279769447845e-01  5.913540522828e-02  1.207278196399e-01 
-1.347559596219e-01  4.792696175655e-02 -1.659496096862e-01 
 1.420375561841e-01 -4.057598140154e-02  2.987342217200e-04 
-7.038324346953e-03  6.493599251871e-04  2.913274630937e-04 
-1.866418385240e-03  4.436884521085e-01 -1.518947516532e+00 
-1.631468765884e-01 -6.077780061963e-03 -5.914767249360e-02 
 2.482880061386e-02 -3.233797132435e-02  1.051748197088e-02 
 6.927132889352e-03  2.396776278474e-03  6.341641407303e-02 
-3.510945805477e-02 -9.513337779906e-03 -7.797288606024e-03 
-1.380115350888e-02 -6.802940318577e-01  1.439115509981e+00 
-8.281774349418e-02 -9.730217703859e-02 -1.502284794396e-01 
 2.123170812379e-01  9.908047665456e-01 -1.445061737271e+00 
-1.625203260871e-01  1.599937511739e-01 -1.185821551677e-01 
 3.309318565595e-01 -2.248868373360e-01  1.789996984794e-01 
-4.910216241367e-03 -2.426597197396e-02 -6.573645973505e-02 
-1.950219932137e-02  3.259418263421e-02 -2.509618796245e-02 
-1.756776362893e-01  4.711799763942e-02  7.651334714311e-01 
-1.035456065645e+00 -4.449221431874e-01 -8.706902879508e-01 
 1.303752623334e+00  4.248387801865e-01 -3.768241412415e-03 
-5.563238732584e-03  1.415415496908e-02  5.380003187597e-03 
 4.995313663348e-03  5.391044750829e-02  2.919922277602e-01 
 3.278367012972e-02 -5.080188720909e-03  4.529480939801e-02 
 1.243515212512e-01  8.327280484509e-02  1.393420391008e-02 
 6.460443333985e-02 -1.178827880574e-03  2.002437024951e-01 
-2.194624374766e-01 -2.687444054799e-02 -1.729229905726e-02 
 1.135415481003e-02 -1.201417989202e-01  3.694026165098e-01 
-4.299997657143e-03 -1.546455035906e-02 -6.777574330965e-02 
 4.818493568902e-01  2.258181888904e+00 -3.434926503456e+00 
 1.754576575773e-01  1.913631677222e-01  1.339755299916e-01 
-2.951375118863e-01 -4.827244849730e-01 -4.791257113121e-01 
-4.168885039214e-02 -1.163375231668e-01 -9.466693757513e-02 
-4.733621591570e-02  3.320571177574e-02 -1.888371534803e-02 
-9.070101520107e-02  1.572975240493e-01 -9.338972480310e-01 
-2.367120004198e-01 -6.662974453682e-02  1.333192189159e+00 
 3.913673067690e-01  3.237244137121e-01 -2.077747023880e-02 
 7.650999789860e-03  2.453669536106e-02  3.390847374597e-02 
 2.072340717052e-02  1.241578186275e-02  2.099147369512e-01 
 3.637579434883e-02 -2.736786973055e-04  3.555981676264e-02 
-2.280188720038e-01  7.921753377758e-01  4.314751122913e-02 
 8.165994469721e-02 -8.044899478298e-02  8.339458194824e-03 
-7.846059681523e-01  6.767527222989e-02 -4.524255143125e-02 
 1.385989835361e-01 -2.701569588129e-01  1.455663373273e+00 
-2.219347513262e-02 -1.186323942987e-01 -1.693965217514e-01 
 6.205224442511e-02  3.179567285595e-01 -3.587458739256e-02 
-2.340554941382e-01 -9.688354209103e-02  2.198873651454e-01 
 5.212934450543e-01  3.474599969519e-01 -1.317178390962e-01 
-7.470090731894e-02 -5.106862982339e-02  2.416740782329e-01 
 4.249810109119e-02  5.531531020765e-02 -4.054633245264e-02 
-3.958513614807e-01 -2.343770422590e-01 -2.047539818516e-02 
-2.155225172929e-01  8.315001613841e-01 -8.359841135787e-02 
 6.619506122301e-01 -1.743796433886e+00 -7.042989965221e-04 
-3.953406837301e-02  7.268652369438e-03  1.573103486497e-02 
-1.472786777458e-02  8.171798192749e-02  1.741140383575e-01 
 5.943374865113e-02  8.916645598238e-02 -1.088030192153e-01 
 7.772940158027e-01 -2.680072587298e-01  1.384699629845e-01 
 9.800725727059e-02 -1.837457832742e-02  8.235239434052e-01 
-1.511375054618e-01 -1.168754947632e-01 -8.660282563932e-02 
-1.204830766150e-01  1.183203595044e-01 -8.182245674494e-01 
-7.446696293773e-02 -1.611252343083e-01  1.748168504875e-01 
-4.745514503711e-01 -2.169485257095e+00  3.504204958950e+00 
-2.406707015321e-02 -9.430281308599e-02 -2.341659701136e-01 
 1.503699066963e-01  4.419974956748e-01  6.975278240064e-01 
-1.463151710127e-02  7.315579437288e-02  5.768406719273e-02 
 2.028631956384e-02 -2.637908862152e-02  7.997179580563e-02 
 3.531388753072e-01 -5.192838489230e-01 -6.839222951344e-01 
-7.092040594518e-01 -2.589922291031e-01  1.155597999144e+00 
 1.264290183749e+00  1.422753414897e-01 -1.536534357359e-02 
 1.448556814454e-03  2.461464530738e-02  1.775506822485e-02 
-2.337634320426e-03 -6.345233241173e-02 -1.325682650040e-01 
-6.611412255812e-02  3.973419569295e-02  5.876661352768e-03 
 2.919230288390e-01  6.600015654224e-01  1.109478276676e-01 
 1.575578451227e-01 -5.204868861765e-02  7.846501131748e-02 
-6.400175036719e-01 -6.594540615969e-03 -6.555096417409e-02 
 1.090261221257e-01  2.407624982711e-01 -1.670924108472e+00 
 1.435974528029e-02  8.600308637609e-02  1.920265315156e-01 
 6.605397311541e-02  2.975780457946e-01 -5.089982504827e-01 
 8.283507717186e-03  2.559881482352e-02  2.880344742052e-02 
-3.540021830043e-02 -9.232265723056e-02 -1.013970931550e-01 
 3.686372719171e-02  3.112343234955e-03 -5.918369287198e-02 
-2.363264661261e-02 -6.101044313576e-04  3.730258772910e-01 
 1.727637527109e+00 -2.330022674435e+00  9.561760021012e-02 
 2.000341751715e-01 -7.191369276936e-02 -2.117758127170e-01 
-5.748522995826e-02 -3.051347095771e-01 -1.101075312648e-01 
-7.374670285443e-02  7.445712310897e-02 -5.195777729393e-02 
-3.896829639756e-02  1.569693814480e-02  1.748585010698e-03 
-1.014186140980e-03 -3.746476276814e-02  2.634255002689e-02 
-5.802025650753e-02  2.274119157007e-01  3.555496846606e-01 
 1.657338949143e-01  2.778675792099e-01 -3.223432363788e-02 
 4.786381565119e-01 -3.373146945309e-01 -3.434461076051e-01 
-1.435622588731e-02 -5.490969541378e-02  2.950735092630e-01 
 5.419715279594e-03  1.678244901569e-02 -5.461348116657e-02 
 4.663298383087e-02  1.927596363400e-01 -5.540037713122e-01 
 1.317350827082e-01  1.565961630079e-01 -1.208743218890e-01 
-3.021408949640e-01 -3.385422780988e-01 -2.180016066452e-02 
-4.237391089889e-01 -1.810063260265e-01  3.200588099509e-01 
 2.218790955521e-01  2.279094032399e-02  4.377555300591e-02 
 3.022560663714e-01 -2.500486375222e-02  9.414837425530e-02 
 1.020577789762e-01 -4.363528031101e-01 -1.526315302015e-02 
-4.017270026861e-01  8.524402865210e-01  1.590952030238e-03 
 4.589648717674e-02  4.557922639655e-02 -6.634183116679e-02 
 2.646225052196e-02 -4.934884853145e-02 -5.539690412217e-02 
 7.576113665728e-02  3.053223324683e-01 -2.197514893208e-01 
-4.124943350654e-01  1.155812182938e-01 -1.269620273859e-01 
 6.915349532714e-02  1.254182230627e-01 -4.151324207887e-01 
 1.134079887334e-01 -8.533587827880e-02  8.929303599498e-02 
 1.245997563179e-01 -6.966434067043e-02  6.626510794389e-01 
-2.006897297956e-02 -1.703971802401e-01  7.975752755734e-02 
 2.823568264615e-02  1.049812946724e-01 -2.936773187508e-01 
 1.692868006657e-02  2.718254474891e-02 -7.427826889308e-02 
-2.504705370953e-02 -1.994298609655e-01  2.977019235327e-02 
-4.056501385401e-01  1.129155455663e-01 -1.325496405276e-01 
 9.167561181514e-02 -5.630910833258e-03 -5.302273363465e-02 
-2.141067581865e-01  3.817243371263e-01  3.449272886085e-02 
 4.613859174566e-02 -6.622843755735e-02 -2.799656441964e-01 
 9.063974047096e-02  3.896895557301e-01 -1.208318975500e-01 
-6.965709742741e-02 -1.669096764897e-01  1.238324992662e-01 
-7.951855054367e-02  2.085427478222e-02 -1.106599711324e-02 
-3.428010386415e-02  2.028236375200e-01 -1.000074853272e-02 
-1.704944873971e-01  7.864712393914e-03  3.499430101651e-01 
-3.501907592688e-01 -2.002777537228e-01 -1.626510422801e-01 
 3.571461210675e-02  3.101208911406e-01 -3.291160768272e-01 
-1.872035615011e-01  8.628563397037e-02  2.007029701040e-01 
-4.814597822360e-02  7.123930121418e-02 -2.754329740761e-02 
-1.041800796472e-01 -4.548120265493e-01  6.758234288088e-01 
-3.269762296372e-02  3.797345276026e-02  4.235883002887e-02 
-1.464230822929e-01  5.426901295979e-02  9.864853965760e-02 
 3.602417875647e-01 -4.478333410109e-01  7.394267640197e-02 
 3.985621266557e-01 -3.322044114436e-01 -1.226760321789e-01 
-5.319801100635e-01  7.906727947980e-01 -1.195679249059e-02 
-5.238184505663e-02 -4.378674842776e-02 -1.883698152291e-02 
 7.918862618667e-02  2.547663769670e-01 -6.400219858552e-02 
-1.891669750024e-02 -5.012705954458e-02  2.656520883483e-02 
-3.481345833020e-02 -2.567930312494e-01  9.978892208809e-02 
 1.641214215567e-01 -7.052379747249e-02 -1.649194895909e-01 
-1.611751702857e-01  3.112378200653e-02  1.439104071126e-01 
-1.138618699237e-01 -1.740506772670e-02 -2.167907394191e-01 
-1.205356140693e-02  8.425486340959e-02 -1.350111358935e-01 
-1.985108813302e-02 -1.261224920559e-01 -7.772664173008e-02 
 2.720406050929e-01 -5.614147385903e-02 -6.963481855912e-02 
 4.487479659706e-02  1.891524073192e-01 -4.185708395111e-01 
 2.955648108818e-02  1.034433984553e-01  7.803481681211e-04 
-1.289696619115e-01 -2.023608819302e-01 -9.424035017025e-02 
 4.800402835724e-03 -1.305781457677e-01 -1.024216633464e-02 
 8.260663615402e-02 -1.419028133719e-02  6.473783238466e-01 
 2.816535348350e+00 -4.107945265522e+00  1.047172431744e-02 
-2.685156331830e-02  3.639963344708e-03 -1.605350020842e-01 
 4.412278668678e-01 -6.577858866097e-01  1.620419663689e-01 
-5.168958811179e-02 -3.886885187340e-02  1.216860653084e-01 
 6.199435095606e-03 -6.922830079933e-02  1.123070306590e-02 
 2.585326308531e-02  2.107314406660e-02 -7.511098394571e-03 
 9.261477952386e-01 -1.074066814517e-01 -9.101125535876e-02 
 2.202672639638e-04 -3.179966685139e-01  9.769608233776e-01 
-3.660898814845e-02  1.294193008896e-01  1.762097065455e-01 
-2.400132931236e-01 -6.953017723863e-02  4.012047648569e-01 
 6.759087636782e-02 -2.568590477820e-02 -2.789947247889e-02 
-5.606591678662e-04  1.996974916418e-02  2.162126690551e-01 
-8.760266408997e-02 -1.679956616304e-01  1.043403441487e-01 
 2.449222291736e-01  1.950361482164e-01  1.213412891847e-01 
-2.983582631311e-01  1.101371946931e-01 -4.065168381337e-01 
 3.246823531654e-01 -4.947812261482e-01 -4.418291798657e-03 
-8.189962411207e-02 -1.251521773317e-01 -3.100325504823e-02 
-6.250724314066e-02  2.610138739622e-01  1.148507362637e-01 
 1.174851846962e-01 -6.412596859426e-01  6.397478962004e-02 
 6.938887271626e-03  8.554584818128e-02 -3.480246720211e-02 
 2.774212016612e-02  1.821903800285e-01 -2.862674486128e-02 
 2.004156056649e-02  9.688164511564e-02 -1.523045368461e-01 
 2.549120378388e-01 -6.266958183619e-02 -1.186295574830e-01 
 1.618559213029e-01  7.010296448143e-02  2.523872964245e-01 
-2.843139512607e-02 -1.487497291987e-01  1.215786189505e-01 
 5.119309099799e-02 -2.319721670612e-02 -4.315573987640e-01 
-6.113808364338e-02  2.329142456199e-01 -1.252250644758e-01 
 6.827085592197e-02  3.666578222293e-01 -2.255662230019e-01 
-1.070324036835e-01 -5.000298164110e-02 -2.073336490878e-01 
 5.537555496602e-01  2.846472551051e-01  6.756252179010e-01 
 9.125597554809e-02 -3.776673641750e-02  2.956501054937e-01 
-2.187241412526e-01 -3.658501791895e-01  4.917843977970e-02 
 2.441313280747e-01 -2.264736298810e-01 -1.021393246154e-02 
-2.109284463311e-02 -1.489749764235e-01 -7.336027590325e-03 
 4.439214640375e-02  2.976897001289e-01 -1.401171870393e-02 
 1.950053567781e-02 -2.628706078578e-02  2.189882924356e-02 
-5.206445311490e-02  8.885026798788e-01 -3.719697067576e-01 
-6.926797095563e-03 -3.043371381436e-01 -3.679094118733e-01 
-3.831025376351e-02  4.422671136582e-02  9.191424347793e-02 
-1.133812827741e-01 -7.652930484912e-02 -7.079181306387e-02 
-1.353606821191e-02  2.567407271069e-02  2.035355612259e-02 
 1.251162882312e-03 -6.499353384903e-01  1.655666583570e-01 
-4.275584744152e-01  1.185896069231e-01  3.500430804584e-02 
 1.258683097703e-03 -9.588395469801e-04 -4.461263526402e-02 
 1.701240656770e-02  5.561958032232e-03  4.647216807270e-02 
-7.779825853619e-02 -3.962051740706e-02 -1.172047894538e-01 
-1.175345040476e-02  2.058489861887e-02 -3.482781331757e-02 
 2.589261051332e-02  5.689586626698e-02 -2.106452101949e-03 
-1.346873626259e-02  1.918676088725e-03  2.450949113452e-02 
-1.511376987590e-02  6.585699594106e-03 -8.055008073326e-03 
-3.397993708684e-03 -3.884093585136e-02  4.411226470267e-02 
 1.596805064457e-01  8.948826723139e-02  4.869608000837e-02 
-3.056449155007e-01 -1.170067976065e-01  5.002161947628e-02 
 8.091304306493e-03  3.539244245600e-02  4.088362538524e-02 
 6.950433800512e-03 -5.539294582118e-03  3.808920748876e-01 
-3.685883990533e-01 -2.602204650070e-01  1.551139796836e-02 
 2.101953364999e-03 -4.248020745176e-01  4.087844512776e-01 
 2.858966629065e-01  5.541620854745e-02  3.500901425823e-02 
 5.338189988405e-02 -1.494146812206e-02 -9.798330288330e-03 
-1.935069190515e-01 -8.016370498648e-01  1.280970334875e+00 
 1.480095266279e-01  2.554536461800e-02  5.823358110784e-02 
-2.216561839031e-02  4.026821919024e-01  5.094054575236e-01 
-7.465774810849e-02  5.452499491134e-01  8.525901206095e-03 
 2.646667904551e-01  2.827641875515e-01  1.494262426656e-02 
 6.828646693503e-02 -7.511124254922e-02 -7.407932414045e-02 
-6.559416782950e-02 -3.343880067898e-02  1.002208116457e-01 
 1.026845362587e-01  5.803053651095e-02  3.029181183736e-03 
-3.893702197330e-03  9.248703651107e-04  3.432972506098e-03 
-2.373035107577e-03 -3.957653817064e-01  3.941112294816e-01 
 5.182871805798e-01 -4.135624912907e-01 -3.154244773345e-01 
 4.516629303885e-02  1.828508589961e-02  1.426122233886e-02 
-6.242008554055e-03  2.924166693585e-02 -3.651824487140e-02 
-1.563072506406e-02  3.742138397326e-02  1.525866182905e-02 
-3.462680811467e-02 -1.095808694778e+00  1.721656190663e-01 
-6.298114628079e-03 -8.784657897604e-02 -9.552008723374e-02 
 4.706424910246e-03  2.007258068994e-02 -4.276692448722e-02 
 2.448413737039e-02  8.945171403974e-02 -7.175228362483e-02 
 4.254750934498e-02  1.744311034544e-01 -1.658133140857e-01 
-3.372660238674e-01 -6.795787603059e-02 -8.032921376252e-02 
 3.235204894021e-01 -2.598340049358e-01 -2.738443241362e-03 
-3.803178317962e-03  3.331309786591e-02  5.744182844796e-02 
 5.179498671121e-02 -6.795785464340e-03 -5.474718156016e-02 
-7.146882132925e-02  3.197420706791e-02 -1.288102067718e-02 
 7.419044294518e-03 -9.645608592315e-03 -1.099621453902e-02 
 2.362595641272e-03  3.102458230945e-03 -7.917875425583e-03 
-1.831401644573e-01 -6.404125139657e-01  5.303687355926e-01 
-5.668185399658e-02  1.795323753938e-02 -1.780208628509e-02 
 2.939692772863e-03 -4.297008742027e-02 -4.893542051521e-03 
 2.868050477031e-03 -1.555197835583e-02 -2.969478585156e-02 
 4.172595288352e-02 -1.242060932776e-03  3.822292934211e-02 
-1.043147273736e-01 -3.866102969054e-01  3.135815347323e-01 
 2.992754579051e-02  1.317888592187e-01 -2.136744529173e-01 
-1.658167806103e-02  1.125057769725e-02  2.300822383270e-02 
-6.921007290794e-03 -3.862388995209e-02 -1.067945469115e-01 
-1.965633287123e-02 -9.317318228662e-03  9.726968971984e-03 
 1.407465419381e-02 -3.192778218079e-02  6.102410010902e-03 
 5.653218614893e-02 -4.165426499412e-03 -4.207367098307e-01 
-3.737853698265e-01 -7.842151341729e-02  3.761156596401e-02 
 4.765050033865e-02 -1.829773568852e-02 -1.042747920305e-01 
 1.100934721098e-01  9.237686294436e-02  1.541760031675e-01 
 9.435469099162e-02  1.393017998565e-02 -2.914994434814e-02 
-5.716400999059e-02 -1.034649690513e-02  6.094255148611e-02 
 1.344872608754e-01 -3.427190455215e-01  1.353808975073e-01 
-3.421979943756e-01  6.863190033027e-01 -1.099188162686e-01 
 2.823872296059e-01  5.189161195927e-02  4.272668229856e-01 
-5.301144920299e-01  1.673499428315e-02  1.108689099275e-01 
 1.382227462761e-02 -2.111307702361e-02  1.146986250099e-02 
-1.171690397912e-01 -3.409027980800e-01  8.262241830450e-01 
-4.615844359319e-01 -3.213580165292e-02 -1.986668706623e-01 
 2.914189700030e-02  1.735754045426e-01  2.440152874183e-01 
-3.914689977278e-02  6.088477210452e-01  3.202728809091e-01 
-7.036744792912e-02 -2.979453974434e-01  6.985761054446e-05 
-9.890891106236e-03 -2.923011826714e-02  7.345921796215e-04 
-1.131392922101e-03 -2.950585528632e-02  1.681370731904e-02 
 3.659222177726e-02  4.698666136639e-02  3.915000972297e-02 
-3.025436596637e-02  3.014234908867e-03  1.578494664061e-02 
-1.752135632678e-02  5.482074389789e-02 -4.001388302785e-01 
-5.411630699441e-01  3.968264307201e-02 -1.260664144065e-01 
-6.618680976192e-03  4.684564897354e-02  1.930190972444e-02 
 3.606930424305e-02 -2.809370605039e-02 -2.142225040618e-02 
-1.076090162553e-02  1.335893267020e-02 -3.318672003363e-03 
-1.129989500841e-02 -8.059953558564e-01  4.380260513198e-01 
 6.624560622349e-01 -3.979853983655e-01 -2.987718782048e-01 
 9.059209785241e-02  4.512283512867e-01 -1.029977490763e-01 
-2.295557303222e-01  1.175691324391e-01  6.454400208833e-02 
-3.424384903476e-01 -1.196171650603e-01 -3.014702588231e-01 
-3.544731554254e-01 -2.629948682772e-01 -4.112392514742e-01 
-3.265549089884e-01  2.630257212093e-01 -2.069722232999e-02 
-8.978421453924e-02  1.113360057809e-01 -2.875236565099e-03 
 1.063033908690e-02  2.118092120463e-02  6.394667224685e-03 
-2.111766734243e-02 -6.872514540711e-02 -1.523469785003e-03 
 1.280389397652e-02 -1.463256102867e-03  7.787206307825e-03 
 1.144270569391e-02 -1.515314183034e-01 -3.125880522860e-01 
-1.522887421240e-01 -4.174089793708e-01 -5.996826456193e-01 
 3.039593845802e-03 -1.652062204442e-02 -6.013391810833e-03 
 4.397192626702e-03  1.447924200461e-02  5.982141394936e-04 
 2.159157950134e-02 -2.726401770126e-02  7.713244496511e-04 
 1.885852904886e-03  8.401548136129e-01 -5.561581436407e-01 
 5.265433515519e-01 -3.602623679137e-03  2.790196629075e-01 
 4.965147643680e-03  1.166560472673e-02 -3.427886064763e-02 
-1.246030362188e-02 -9.481151845004e-02  6.689518554041e-02 
 2.633104162786e-03  1.904061889424e-03 -1.200762928688e-02 
-2.114664842957e-01 -1.681464709665e-01  3.249195618581e-01 
 5.343171528375e-02  1.441417723683e-01 -2.336630294043e-01 
-1.150124055952e+00  7.663519555576e-01 -7.402024681527e-02 
 3.699855446106e-01 -6.110742600908e-01  4.146429761508e-02 
-2.736858331001e-01  4.002811977798e-01  4.482397443146e-01 
-8.937247769150e-02 -2.916870609053e-02  2.592728750509e-01 
 4.143490559158e-02 -1.460485908261e-03  1.321592798754e-02 
-1.755763673991e-02 -1.663227780127e-01  1.144249959945e-01 
-1.643278178603e-01  2.454817995434e-01  3.274315867466e-01 
 4.523532372668e-01 -1.465272790314e-01 -2.142851980910e-01 
 1.966498777227e-01 -2.088827467117e-01  9.824488236960e-02 
-4.394525927019e-01  1.049656045893e-01 -6.838240762625e-02 
 6.021506941307e-02  3.646554996339e-01 -2.595367085240e-01 
-1.230128156877e-02 -4.289366525709e-02  1.752395575357e-01 
-8.576078597350e-02 -1.908556457384e-01  1.535401627495e-01 
 2.379956596247e-02  5.238590110611e-02  6.302414966598e-04 
-4.046677261130e-01 -2.387408336241e-01  6.532005413387e-01 
 1.012720308292e-01  2.548896240187e-01  9.635177930411e-02 
 4.776099030314e-01 -2.632582810946e-01  1.367222302370e-02 
-2.497000667522e-01  4.658372174218e-01  3.704890563051e-02 
 2.379360553987e-01 -4.493461462841e-01 -1.982429580198e-01 
-3.472295485206e-03  5.476589491830e-02 -1.280794072238e-01 
-5.407927807729e-02 -3.002570761657e-02  4.380993755508e-03 
-9.399103328099e-02 -3.018588547569e-01  1.871812149945e-01 
 1.196527447338e-01 -1.074647502735e-01 -1.770860094337e-01 
-2.161863961722e-01  1.069631096375e-01  1.297663311043e-01 
-1.119315998642e-01  1.265506738104e-01 -4.197370315319e-02 
 2.591565697492e-01  1.070085107670e-01 -2.550560128333e-01 
 2.286702989217e-01  7.033983589955e-01 -5.612917551568e-01 
-1.788771519017e-04 -1.425030306776e-03  6.309939602471e-03 
 9.977914936842e-03  5.827024114348e-03  5.942870225219e-03 
-4.684544331908e-03  4.950055484670e-04  5.073660852521e-03 
 3.923755124864e-03  4.196647591661e-03  2.046880359714e-03 
-3.988463309803e-03 -4.970099319018e-03 -3.203005795631e-02 
-1.518852098814e-01  8.150984466902e-02 -1.762278688547e-01 
-5.212937174016e-02 -1.509713678388e-01  1.911498276947e-01 
 6.337016059592e-02  1.200815355386e-01 -1.180189277509e-02 
 3.441452815240e-01  1.984631921766e-01  2.675977487360e-01 
-7.229092430338e-01  1.535458726564e-03  4.988380776882e-03 
 8.094711136751e-03  3.345107717500e-03  1.942838788680e-03 
-8.793894338316e-02 -9.257834008498e-02 -6.299929755443e-01 
 7.118932829856e-02  9.438037372378e-03  7.175739551756e-02 
 1.369043525945e-01 -1.279148675329e-01 -4.884696244942e-01 
-3.427852140896e-01 -1.656635391703e-02  5.087687173674e-03 
 2.154582612920e-05 -1.225328966014e-03  8.416600966919e-03 
-4.021556122510e-02 -1.745348396288e-01  2.363114708019e-01 
-8.218570973516e-03 -2.807840352318e-02 -5.539020500254e-02 
 1.623455045792e-02  4.095136484266e-02  1.169337754940e-01 
-1.265531713615e-02  6.004585761356e-05  3.407584390405e-02 
-1.542535905990e-02  5.169149912404e-04 -5.997633194417e-02 
-2.842203689259e-01  1.573755323305e-01 -3.037517664946e-01 
-1.291500469122e-01 -2.859047514972e-01  3.077912081713e-01 
 1.812719714715e-01  2.392473871559e-01 -1.411816367839e-01 
-1.823807117531e-01  9.583269942869e-02  4.503561880898e-02 
 4.690775417571e-01  6.044343141704e-03  1.153027936658e-02 
 1.819433763184e-02 -5.122654888847e-03 -6.403089424225e-03 
-1.572405852536e-01 -1.638151044290e-01 -4.554072897437e-01 
-5.468200223033e-01 -4.567739876034e-01  1.375389496066e-01 
 2.442158156379e-01 -7.978113567425e-01 -3.266705779154e-01 
-2.376424500948e-01  1.775488413825e-02 -1.205150668942e-01 
 8.257588247909e-03  8.992855382015e-04 -5.535177147684e-02 
-4.628801280251e-05 -2.506086030098e-03 -1.738038189802e-02 
-4.545676912115e-03 -6.919474792550e-03 -9.710029056371e-03 
-9.171733267590e-03 -5.555660034686e-03 -2.115129961067e-02 
-2.874633225752e-03 -1.747438739123e-02 -1.916628062212e-02 
-5.550401238627e-03  7.583451379296e-03 -5.422670633346e-02 
-3.666500884487e-01 -2.012517880092e-01 -1.250976317479e-02 
 2.847558806245e-01 -4.238171768909e-01 -3.535972982922e-02 
-1.616607548910e-01  1.800815276540e-01 -6.350227046721e-01 
-3.703893338720e-01  4.214641040426e-01 -2.885273819961e-01 
-2.177088817263e-01 -7.014239341854e-03 -4.846910848036e-03 
-2.676303775261e-03 -3.829322500642e-03 -5.692780937151e-03 
 2.580821024540e-01  7.061175309847e-02  4.152538583793e-02 
 3.244864824048e-01 -4.001360918074e-01  1.896984790622e-01 
-3.434621162078e-03  1.660422593885e-01  4.556140932329e-01 
-4.229190652292e-01  6.594300270742e-02 -2.295655046147e-02 
-9.102393087622e-03 -1.380239472375e-02  6.106251165401e-03 
 1.558153630729e-02  5.674784363763e-02 -6.823573796384e-02 
 3.497290022603e-02  2.083700112249e-02  4.457113886978e-02 
 6.221006830614e-03  9.848778003220e-03  5.885595558656e-03 
-1.245692362092e-02  2.310433525982e-02  1.935004115788e-02 
-3.353252512682e-02 -3.774278413417e-02  5.920745217725e-05 
 5.128342593858e-04 -1.164649141632e-04 -1.621417501491e-02 
 1.652813496846e-02  1.409534484092e-02  2.190390332121e-01 
-2.142741642453e-01 -1.539992675251e-01 -4.112294324591e-01 
-3.792915786680e-01 -6.926704322782e-01  5.140305362420e-01 
-1.787388568845e-01  5.997240568212e-02 -7.053057232600e-04 
 4.943751185579e-02  7.219412235548e-03  2.646414856597e-02 
 8.192238382562e-04  4.478654412499e-04 -2.884855591011e-01 
 2.808878134918e-01  1.954482432979e-01 -3.077578690653e-04 
 4.895833178473e-04 -3.722389390854e-01  3.692240440012e-01 
 2.558905188857e-01 -7.671576096834e-02  2.970071424033e-02 
 3.627580258820e-02  1.804949024470e-02  1.181099744522e-02 
-1.793018073564e-01 -5.233068070774e-01  9.053170330205e-01 
-4.615149286752e-01 -3.332489049659e-01 -5.784514650213e-01 
-3.332088672421e-01 -1.161083569404e-01 -2.356878732131e-01 
 3.195549115054e-01 -1.651811922805e-01 -2.823437697665e-01 
 8.331609182466e-01  7.787402640702e-01  6.142487161225e-03 
 2.456766648879e-02 -4.427565215483e-02 -2.299992160445e-02 
 1.582167659130e-02 -2.582731309381e-02  3.482290937713e-02 
-4.513693379794e-02  3.716530484221e-02 -2.002208661418e-02 
-5.787065468707e-03 -4.935163113697e-02  1.665632267182e-02 
-1.086317863902e-02 -1.271906017902e+00  3.324403040003e-02 
-1.002931626832e+00 -1.314464762476e-01 -5.058946901434e-01 
-1.352313113779e-02  3.101331833951e-04 -2.431263951362e-02 
 1.252487105042e-02  8.616700380806e-03  1.399808995812e-02 
-1.166597262953e-02 -3.474300632779e-02  1.589626814550e-02 
-8.207456569961e-05  4.594264595783e-01  1.425666760454e-01 
-6.887606618953e-01 -1.358198941870e-02 -2.296239882337e-01 
-2.790258491029e-01 -1.429630987778e+00 -5.406755288883e-01 
-3.771866617576e-01 -8.810343914802e-01 -1.265250093763e+00 
-1.649501456831e-02  4.591066034741e-02  1.193856180879e-01 
-3.823627769986e-01 -7.585150809517e-01 -4.094881557115e-01 
-6.339332610319e-01  4.230758778327e-02 -7.659321143022e-02 
-1.372323327812e-01  1.120895112359e+00  6.817871726497e-02 
-1.602480679897e-01  3.244724905958e-01 -2.786949373635e-02 
-3.373291173511e-01  4.789840105866e-01  2.029514598149e-01 
-4.482292810426e-01  2.876857126724e-01  2.106706935254e-01 
-1.116317122142e-01  3.538200897608e-01 -1.592094794505e-01 
 3.276632586046e-01 -4.548986909049e-02  3.021850578719e-02 
-9.927108713436e-01  3.008351706679e-01 -1.563136307520e-01 
-3.120768733315e-01  2.297773449265e-01 -9.985155140678e-01 
 3.132157281285e-01  2.507746282136e-01  1.889680596932e-02 
 3.338071605651e-01  2.809192245598e+00 -5.355245532735e-01 
-3.495037805741e-01 -8.862674495696e-01 -1.098546142992e+00 
 1.636093195484e-01  8.314902686137e-01  2.003177009359e-01 
 2.550820094098e-01  5.421403015542e-01  6.781820828188e-01 
-8.097932899053e-02 -1.012219841460e-01 -7.110457334526e-02 
 2.576296012029e-01  4.314905313986e-01  1.968288276568e-01 
 3.705179958999e-01 -1.556096933967e-02 -1.682158433770e-01 
-3.859211619117e-01  2.128695412725e+00  3.975492115627e-02 
-3.360659661036e-01  4.911318121302e-01  3.629572033383e-02 
-4.638363418555e-01  8.061928150456e-01  3.743497801864e-01 
-8.211688219186e-01  4.754972695679e-01  2.642480923764e-01 
-1.971641077140e-01 -2.370358269364e-01  7.300062101062e-02 
-1.973288268419e-01  3.922679284964e-02 -4.649115323425e-02 
-1.767863275773e+00  5.424101191841e-01 -3.098549499670e-01 
-6.028937311359e-01  3.782865914759e-01 -1.625051007740e+00 
 5.270818585267e-01  3.531262608345e-01 -1.841192867867e-03 
 4.997261583817e-01 -1.619756657936e+00  5.563526775265e-01 
 1.403372591128e-01  4.446523958844e-01  7.251393121875e-01 
-1.398823956539e-02 -3.938150899012e-02  2.308837641122e-01 
 2.433302830767e-02  4.379078140922e-02  3.693178580348e-02 
-7.030262956377e-03  1.913940831123e-02  7.826934860981e-02 
 3.019945548122e-02  4.928905008127e-02  3.848767332273e-02 
 4.316514026514e-02  6.911552152704e-03  1.445660016387e-02 
 9.566650942529e-02  1.979753503207e-01  5.126648533485e-01 
 3.048664996979e-01  3.096856070455e-01  4.012594909209e-01 
 2.795781473489e-01  2.005020101055e-01 -4.289820972496e-01 
 4.280332308895e-01  6.247697531199e-01  9.885396740702e-01 
 5.004525891112e-01 -4.394013965471e-02  1.924148638721e-02 
-2.311356060940e-02  8.314565900430e-04 -1.745188626542e-02 
 1.385596573021e+00 -3.203570312651e-01  2.933419015160e-01 
 6.533406072554e-01 -5.092292848792e-01 -1.940676709514e+00 
 5.234322060480e-01  5.226280292067e-01 -1.160070090556e-01 
 9.328257463418e-01 -1.840658262678e-01 -3.282585893694e-02 
 9.459096733576e-03  4.905173503662e-02  5.070429800809e-02 
orbocc
(*)
 0.000000000000e+00  0.000000000000e+00  0.000000000000e+00 
 0.000000000000e+00  0.000000000000e+00  0.000000000000e+00 
 0.000000000000e+00  0.000000000000e+00  0.000000000000e+00 
 0.000000000000e+00  0.000000000000e+00  0.000000000000e+00 
 0.000000000000e+00  0.000000000000e+00  0.000000000000e+00 
 0.000000000000e+00  0.000000000000e+00  0.000000000000e+00 
 0.000000000000e+00  0.000000000000e+00  0.000000000000e+00 
 0.000000000000e+00  0.000000000000e+00  0.000000000000e+00 
 0.000000000000e+00  0.000000000000e+00  0.000000000000e+00 
 0.000000000000e+00  0.000000000000e+00  0.000000000000e+00 
 0.000000000000e+00  0.000000000000e+00  0.000000000000e+00 
 0.000000000000e+00  0.000000000000e+00  0.000000000000e+00 
 0.000000000000e+00  0.000000000000e+00  0.000000000000e+00 
 0.000000000000e+00  0.000000000000e+00  0.000000000000e+00 
 0.000000000000e+00  0.000000000000e+00  0.000000000000e+00 
 0.000000000000e+00  0.000000000000e+00  0.000000000000e+00 