2mocoef
header
1
MO-coefficients from MOLCAS
1
48   48
a
mocoef
(*)
 1.527507539737e-05  4.743346966909e-04 -2.007199351062e-04 
 3.920596715517e-04  1.884656772540e-04  2.199240898354e-04 
-4.638014596089e-05 -7.164044283564e-05 -9.578449276768e-05 
 4.704883089223e-06  7.662624564802e-06 -1.206106583141e-05 
 1.479037566288e-06 -1.395104422315e-05  1.000208846870e+00 
-7.603850273085e-03 -9.783818376226e-04  1.631584204482e-03 
-3.554575478646e-03  6.908608665367e-03 -4.270742366498e-04 
 1.125339324646e-03 -1.876037677448e-03  1.642430202368e-04 
-6.024385081458e-04  4.275700001462e-04  3.720101410337e-04 
-6.302122352313e-05 -2.479792009379e-04  3.058976621609e-05 
-6.233040870506e-06  3.757021087510e-06 -6.422218515999e-06 
-5.270195907552e-04  9.090553855014e-04 -2.657941798522e-04 
-7.622198843226e-04  6.893506740116e-04  1.285080970241e-04 
 7.807614909704e-04  5.456540055959e-04 -1.961425409862e-04 
 9.439703843624e-04  3.931829409260e-04 -8.697255653652e-05 
-9.909407735080e-06 -3.370212386505e-05 -5.206197327198e-05 
 1.000615319309e+00  3.287363063289e-03 -3.515474365162e-03 
-9.648486905814e-04  1.696740466013e-03  1.550060714628e-03 
 7.331830222728e-04 -1.294503518617e-03 -1.196110230091e-03 
 1.677992229906e-04  9.989775854965e-04  1.704512292934e-04 
 6.392926666021e-04  2.546448403751e-04  1.384794350685e-05 
 1.210057664412e-05 -1.457593127916e-04  1.984899509909e-05 
 3.917988655143e-05  5.037334406121e-05 -1.438525614149e-04 
-1.218448513191e-04 -7.261284387334e-05  6.776104453921e-06 
 4.438923393972e-06 -1.874326453634e-05 -2.430567799138e-05 
-1.675101509488e-05 -3.009131741502e-04  8.807174076442e-04 
-5.509241375206e-04  1.910874909941e-05 -1.433571403892e-04 
-5.283363422635e-05 -4.337720381913e-06  9.671712497386e-06 
-1.819298322661e-06  3.034893658660e-05  1.589816038839e-04 
-3.463778470488e-05 -9.932368390690e-06  2.677724125441e-05 
-3.633921795278e-05 -1.688764402358e-03  2.463642671507e-03 
 1.373961889266e-04  4.189622581483e-04  5.630101638081e-04 
-3.190511966544e-05  6.232432628701e-02 -4.016355729643e-05 
 2.159425332984e-02  1.580804582143e-02  2.205547910772e-02 
 2.745329440558e-03  2.418327911949e-03 -5.709806011316e-03 
 4.136089653432e-04  1.700427418089e-03 -2.142086516530e-04 
 8.605485242062e-04 -9.659048968198e-04 -1.219105510104e-03 
 3.617784094899e-01 -2.076078168018e-01  1.151241154463e-01 
-2.701514881377e-01  5.205921002991e-01 -1.476494933686e-02 
 4.500914439301e-02 -8.042661783568e-02 -1.503367096910e-03 
-1.903993960908e-02  1.540415911605e-02  8.570641481172e-03 
-3.780822670708e-03 -4.622335263479e-03  5.168625588703e-05 
 3.423381047154e-04 -6.456144505460e-05  4.921778306709e-04 
 4.996229092781e-01 -2.216354575637e-01  2.681058250076e-02 
 3.074151159518e-02 -8.458461755112e-03  5.743195707318e-01 
-2.461226400777e-01 -3.257423525629e-02 -9.180458487495e-03 
-2.922281487316e-02  4.853510510295e-02 -4.317418974075e-02 
-4.366934289760e-05 -8.376598642234e-04 -2.869868808705e-03 
-4.697954159234e-03  8.444540408544e-01 -1.390095951396e-01 
-5.740871819255e-03  1.215641656568e-01  1.452223416740e-01 
-1.772275375858e-02 -3.958393676966e-02 -4.951033487994e-02 
 2.184925977223e-03  1.208006283461e-02  2.955206840819e-03 
 7.059607960259e-03  2.103944497923e-03 -2.967167314120e-04 
-2.912416878578e-03  1.176640565172e-02 -6.098260524563e-03 
 1.706627822580e-02 -4.269358771099e-02  2.069841445293e-03 
-1.728704514980e-03  2.971751927737e-03  7.210772369392e-05 
 1.171555390175e-03 -3.949700667129e-04 -7.533711537074e-04 
 2.903965380794e-04  2.201558757914e-01 -9.838226873723e-02 
 1.611218177573e-02  5.044300299904e-03  1.096891342406e-02 
-2.859462923055e-02  1.334906785593e-02 -1.598609670868e-03 
-1.619962596678e-03  1.692245183461e-04 -3.497691144561e-02 
 1.528611125883e-02  1.865907803058e-03  5.329669240416e-04 
 1.704196792962e-03  5.131466290866e-01 -2.319287272045e-01 
-1.277584475817e-02 -1.875234393644e-02 -2.613154226846e-02 
-1.630943056260e-03 -1.726635013666e-01 -4.797165802836e-02 
 4.252605952990e-01  2.630242809937e-01  4.441898515371e-01 
-6.071362559831e-02 -5.451966921750e-02 -8.505714403529e-02 
 1.793953823111e-03  1.364576413225e-02  1.393186301765e-02 
-7.005180123264e-03 -2.073279397033e-02  6.537093950503e-05 
 2.538482252471e-02  3.634694914940e-04  1.107962213999e-03 
 8.362038076184e-03 -3.274553940008e-02  1.362932744353e-03 
-8.046306514805e-04 -9.460070682201e-04 -1.332796409129e-05 
 6.427205896996e-04 -4.865231120843e-04 -8.159152373523e-04 
 1.300090663864e-04 -5.497281659335e-01  1.760815705949e-01 
-2.489121428574e-02 -3.753785346637e-03 -1.281316763260e-02 
-1.078706891269e-02  5.127202816243e-03 -5.908743764310e-04 
-4.723441840108e-04 -3.635929596397e-04 -1.439218889341e-02 
 7.019346876582e-03  5.615105341044e-04  3.292639754699e-04 
 3.389601236440e-06  4.772048593729e-01 -1.768610121772e-01 
-2.844654936035e-03 -1.200909849209e-02 -1.441706840274e-02 
-2.488873172499e-03 -1.273257186763e-01 -3.375104545633e-02 
-2.335001648762e-01  1.881401544338e-01  1.370946135803e-01 
-1.528573147182e-02  4.444282452470e-03 -2.438560069027e-03 
-2.361821415422e-03  5.762818561370e-03 -9.725562714326e-05 
-1.385005756200e-03  1.662529185337e-03 -1.100789014868e-03 
-6.365119995378e-02 -1.499060338326e-02 -5.518999824480e-01 
-4.453211122077e-01 -9.310676052840e-02  4.573282127145e-02 
 3.944063934836e-02  7.087660593706e-03  1.111774728241e-02 
-1.501611320350e-02 -9.358577463201e-03 -2.342997448172e-02 
-1.478026840904e-02  8.427537022340e-02 -9.887786227489e-03 
-8.967819810678e-04  4.088522033135e-03  4.630370755284e-03 
 5.033833648120e-01 -1.559093418465e-01  3.012510077834e-03 
 2.003575623035e-02 -2.454780658935e-02 -4.003109196252e-01 
 1.219123693571e-01  4.840023971084e-03 -1.429746292954e-02 
 2.585498121639e-02  8.110981671353e-02 -2.169929593762e-02 
-7.767683745517e-03  2.123035259336e-03 -1.818496263951e-04 
-5.691145214545e-03 -3.061994366685e-01 -8.229662303265e-02 
-5.649528375039e-01  4.424134423665e-01  3.132873272589e-01 
-3.426135305094e-02  1.185898208922e-02 -2.877039903234e-03 
-5.695295202482e-03  1.440796063137e-02 -2.999492876277e-04 
-2.064658406827e-03  4.238742488597e-03  1.495171732455e-04 
-3.694340598645e-03 -7.179684653026e-03  2.380751329884e-01 
 1.737369020069e-01  6.424553247412e-02 -2.325890873767e-02 
-1.007829316673e-02 -7.841946589478e-03 -4.626298139318e-03 
 5.013218962805e-03  5.268969000615e-03  1.051196984473e-02 
 6.090885842633e-03  2.143507051202e-01 -2.841250725661e-02 
-1.696816535738e-03  9.765264312213e-03  1.107653571090e-02 
-1.937869635460e-01  6.231378692496e-02  2.938202344955e-04 
-7.895810052289e-03  1.088998069801e-02  1.920848402392e-01 
-5.646631190736e-02 -3.056467079159e-03  4.799295823856e-03 
-1.118321009448e-02  1.848556079687e-01 -4.316808028542e-02 
-1.754972989922e-02  6.045241791970e-03  1.498757214583e-03 
 8.083626616042e-04  4.424594686196e-02 -3.701268224801e-03 
 3.594417445330e-02  2.042123087116e-02  2.861199593324e-02 
 6.433133410811e-04  1.340137190142e-03 -8.818221014364e-03 
 3.392515533561e-04  1.663434458517e-03 -8.091443293193e-04 
 5.652967759292e-04 -1.578350310864e-03 -1.387545958437e-02 
-9.140867061587e-01 -1.346245377605e-02  9.993502534408e-02 
-1.756192548884e-01  3.754868359072e-01 -3.519330499257e-03 
-2.281389117694e-03  7.049955077938e-03 -1.561102087855e-03 
-1.167505627450e-02  9.446316743193e-03  6.753775921912e-03 
-1.825697045509e-03 -2.453391066778e-02  5.599771462643e-03 
-7.073975286299e-04 -2.790021294490e-04 -9.997077980589e-05 
 2.369905069730e-02  1.333811980980e-02  5.342597506960e-03 
-8.348984890705e-03  1.750892886851e-02  9.941036294575e-02 
-9.001398768449e-03 -1.070039803745e-03 -1.024918411399e-02 
 1.184900181882e-02  4.620865100198e-02 -3.698017020501e-02 
 1.977703932115e-04 -1.018722515196e-03 -4.096324221470e-03 
 2.181027420033e-03  2.775150777169e-02 -1.198246218079e-02 
 1.683068920956e-02  2.178408029644e-02  8.274584385926e-03 
-6.533021998884e-03  5.886647452087e-03 -1.388679589705e-02 
 2.738024196453e-05  1.536816584476e-03 -2.419760460950e-03 
-2.075310681901e-05 -4.087725633831e-04  3.155581619355e-03 
 2.455466567406e-02 -1.213011274350e-02 -5.441982317273e-01 
 5.864693888441e-01  4.192747912920e-01 -5.444515612519e-02 
 5.847876849370e-02  4.812553903929e-02  1.168631560627e-02 
 7.618453242210e-03  1.869301249403e-02 -1.172926231473e-02 
 7.556651534369e-03 -1.078591709093e-02 -1.450576028952e-03 
-6.269510469145e-04 -2.344307545730e-04 -5.254001378642e-05 
 5.466717240598e-04 -5.199704223587e-03 -1.796495801267e-02 
 1.911576831565e-02  1.333377789360e-02 -2.813886074868e-03 
-3.850225251374e-03 -1.714389674109e-02  1.893587326581e-02 
 1.343222229848e-02  2.042185585339e-02 -1.270247251163e-02 
-7.747209707219e-04  5.085938775824e-04 -3.359658644971e-03 
 3.902256147757e-03  2.662391498215e-02 -4.216600899722e-02 
 1.506039712625e-01  5.281854915420e-01 -4.658129821332e-01 
 5.128510839113e-02  2.089527340929e-01 -2.097602542771e-01 
-5.402216213343e-03 -4.574889036362e-04 -1.311998765177e-02 
 7.470169986427e-03 -9.872535222589e-03  1.188189596986e-03 
 7.072751298669e-02  6.724736763936e-02  2.446032638902e-02 
-3.799517303486e-02 -3.686209712219e-02  1.280969377210e-02 
-1.554895371967e-02  4.882527477784e-02  5.961813206739e-05 
-2.524734924722e-03 -4.078463224158e-03  7.406686586005e-04 
-6.966569673484e-04 -2.820877554417e-03 -1.601849426330e-02 
 3.897634551581e-03  1.352477819808e-02 -1.155316501325e-02 
-7.794548138353e-03 -6.830399291653e-02 -1.059938779479e-03 
-4.479698010414e-03 -4.008828086535e-03 -5.516398764392e-02 
-4.944340249031e-02  4.748882468986e-03 -2.069891682872e-03 
-1.017501847509e-03 -4.548294311670e-03  5.460225501476e-02 
 3.673790902904e-03  1.395516927917e-02 -1.546587947206e-02 
 5.727263127030e-03 -1.087374832516e-01 -2.964294642567e-01 
 7.834740200888e-02  1.473390741154e-02 -1.033415078667e-01 
 2.817838962635e-02 -3.916392314697e-02 -7.206802488506e-02 
 8.377354065549e-05 -3.382351293538e-03  1.620795834013e-03 
 1.363717570615e-03  1.050108873170e-03  3.286588199282e-02 
-2.087404497818e-01 -8.578401975501e-01 -3.347346449641e-02 
 2.104733316565e-01 -3.079235066419e-01 -1.863506254362e-02 
 1.770810656489e-01 -2.519117823572e-01 -5.500204118837e-04 
 1.312294127914e-02 -9.429345315044e-03 -6.286955650530e-03 
 3.106669370520e-03  5.986040858030e-02  1.645343531831e-01 
 3.218295391459e-04  1.104719559407e-03 -3.703627680907e-03 
 1.494659693782e-01  7.959470432219e-01  2.421636177637e-03 
 8.476328855397e-04  2.369103792973e-03  9.352280168251e-02 
 7.044506676067e-01 -3.029206403447e-03 -2.894264134314e-03 
 2.283336726429e-04  1.950134686928e-02  3.405418214488e-01 
 1.724435896058e-03 -1.819665709866e-04  1.058507202730e-03 
-3.303651161790e-02  3.047959590566e-01  9.887981444222e-01 
-3.623506967126e-01  5.165255267136e-02 -9.552394531837e-02 
-3.590698521952e-01  5.683087411008e-02 -4.133860833741e-02 
-9.861925331452e-03 -6.300652432860e-03 -1.215752236835e-03 
-1.534813354207e-02 -3.860264855491e-03  1.082243240282e-02 
-8.074390124300e-03 -2.174530412422e-01 -6.699564315331e-03 
 4.755635047014e-02 -1.171779636976e-01 -3.101369143442e-02 
 3.115880729736e-02 -9.789182671641e-02 -1.216833890263e-03 
 6.609990579521e-03 -5.007588084485e-03  4.493364585235e-04 
 9.462363048968e-04 -3.828842836565e-01 -1.073966392174e+00 
 4.096173268361e-03  4.286363577940e-03  3.342952699010e-03 
-9.183581942725e-03  1.730606057117e-01  1.985678698159e-03 
-5.553874203019e-04 -6.743101700721e-04  5.439478250818e-02 
 2.362218244896e-01  8.479071190730e-04  7.910142310267e-04 
-3.284369077720e-03 -2.061277041409e-01 -3.948596056893e-01 
-1.435027631500e-02  5.521801174243e-03  3.291974777694e-03 
 5.007009023592e-03  3.255711004056e-02 -4.655048841966e-02 
-4.276005744931e-02 -1.667093517743e-02 -5.178002573681e-03 
-4.383660327495e-02 -3.446464455168e-02 -5.965574136506e-02 
-1.153721870973e-03 -1.869665944258e-03 -3.085215735337e-03 
-9.237483270715e-04  4.611444605198e-06 -2.169753146827e-03 
 5.861022102196e-03  5.916477526981e-02  3.891663259631e-01 
 2.665871830682e-01  1.301760973186e-01  3.876888263490e-01 
 2.661252880359e-01  1.342356344429e-01  5.569249015308e-04 
-1.922803851814e-03  5.696594372476e-04  1.001407926893e-04 
 2.475864579037e-04 -1.530776568230e-02 -1.064155976236e-01 
 8.174339008799e-04 -1.924137237419e-04  1.601369989652e-03 
 3.113753372155e-01  1.290080790310e+00  1.018126858682e-03 
 4.246059262291e-04 -2.378241701992e-04 -3.139050605667e-01 
-1.392718259508e+00  2.798859513020e-03  1.087739945707e-03 
 2.600216982818e-03  9.742625440515e-03  1.138096030465e-01 
-1.432369459682e-03 -8.876101575462e-04 -7.827884687261e-05 
-2.162549075533e-02  1.124243538645e-01  1.027854223355e+00 
 2.841221840555e-01  2.540792426400e-01  2.895242775244e-01 
 4.948102901923e-01  4.725324304444e-01  7.511706908128e-01 
 7.422825800427e-03  1.863839390913e-02  1.503667349402e-02 
 8.915567339988e-03 -7.194212695460e-03  1.724777616490e-02 
 1.211701917682e-01 -1.681645903428e-01  5.051676681426e-02 
 1.026006422114e-01 -1.491043088221e-01  9.561216418509e-03 
 3.289823328546e-02 -1.251691659205e-01 -4.764374005386e-03 
 1.660242772326e-02 -9.951137569779e-03  4.784821120161e-03 
 3.536359393630e-03  4.877041844757e-02  8.343855432390e-01 
-4.753355629847e-03  5.862942531333e-03  8.318820354159e-04 
-1.047193346518e-01  3.984522087117e-01  2.591689621327e-03 
 1.564901746199e-03 -6.416515176208e-03  4.457692671446e-02 
 2.848419517234e-02  6.197390810495e-03  8.539308065501e-03 
-7.447088540536e-03 -5.367219686793e-02 -2.325001661648e+00 
 1.290936670561e-02  6.341853072453e-03  1.504530064668e-02 
-1.078984990535e-01 -3.670529543019e-01  4.879717139184e-01 
 7.116819200188e-02 -6.648345600082e-02 -2.735976220239e-01 
 9.211411224051e-03  3.509501917342e-01  6.195084121690e-01 
-5.688444014871e-02 -7.118276796839e-02 -5.544746623258e-03 
-1.181067152460e-01 -5.498491834595e-02 -1.652961401697e-02 
-1.120081140831e-01  6.736356037591e-02 -8.156695281158e-05 
-3.582770157980e-02  1.508194513125e-01 -1.720288878524e-01 
-6.722289107921e-02 -1.964272672979e-01 -2.259024857269e-02 
 2.389085049125e-02  3.081435971946e-02  4.340882588945e-02 
 2.374304601074e-02 -1.221424358406e+00  1.452831479971e+00 
 1.056786684113e-02  2.828301479883e-02  3.064757711824e-02 
-7.121880608654e-01  8.563739646067e-01  3.777745423591e-02 
 4.479261171729e-02  8.157760121697e-04  8.149517834176e-01 
-9.477747273083e-01  1.568476267469e-02  1.473003991887e-02 
 1.516210640450e-02 -9.049079853619e-01  4.620627559525e-01 
-2.499974889422e-02 -7.929020938689e-03 -2.613157023146e-02 
-4.339961520241e-03  9.700733848643e-02 -1.262677682246e-01 
-1.058277530037e-01 -1.375831656163e-01  1.771570105330e-01 
 1.729473102064e-01  2.814926602608e-01  2.176357923885e-02 
-5.444814452265e-02 -6.919600814000e-02 -2.239450847372e-02 
-1.015650968648e-01 -4.234713340676e-02 -4.081398543349e-03 
-2.172550327406e-02  3.993407136274e-02  8.646434057838e-02 
 6.231160954816e-02 -3.122576186263e-03  1.427620216161e-01 
 1.012296944766e-01  7.814699092308e-02  4.124726159540e-02 
-4.629858787826e-02 -3.819379241412e-02 -8.038547454310e-02 
-4.500418175797e-02 -9.070979002340e-01  1.147458930221e+00 
 1.565197167253e-02  1.918848505992e-02  3.508566210986e-02 
 1.259965203172e+00 -1.556055500631e+00 -4.821816424255e-02 
-6.482007512468e-02  2.509529103768e-02 -1.182523744221e+00 
 1.454839327180e+00 -5.652028348395e-02 -1.927114895563e-02 
-4.718916997077e-02 -5.243267525905e-01  2.691763143948e-01 
-3.868153438200e-02 -4.102268076474e-02 -3.897859811136e-02 
 6.482278767783e-03  1.139624668707e-01  4.763698470199e-01 
 7.752823048566e-01 -6.417109751841e-01 -5.086915146244e-01 
-5.782330349378e-01  1.111968374237e+00  1.113375755953e+00 
 1.416588651692e-02 -1.767203740290e-02 -3.463344990427e-02 
 6.326899536823e-02  8.640564501804e-02 -2.418717735617e-02 
-1.587361216141e-01  1.345014989981e-01  5.454239270689e-02 
 3.206938285895e-02  5.766021312938e-02 -3.512370886030e-02 
 4.838979596710e-02 -1.377504975103e-01  1.260783539010e-02 
-2.097557359433e-02  8.435918910520e-03 -1.070316545918e-02 
-1.162258363465e-02  9.180630130803e-01 -8.450474906214e-01 
-5.764207904845e-02  2.483398991596e-02  9.982539959824e-03 
 4.288073998828e-01 -4.564282299686e-01  1.833864078562e-03 
-1.651452446766e-02  3.149311202351e-02  3.559841809929e-03 
 1.074941940714e-01 -2.315607038230e-02 -1.343320490648e-02 
-1.086182817661e-03 -6.514587949790e-01 -1.805051410604e-01 
 7.382204533781e-02 -8.759877034575e-03  2.793493724844e-02 
-2.464072885952e-02 -1.121289281598e-01  2.409793495251e-01 
 1.331392249804e-01  1.159118259288e+00 -9.224544142221e-01 
-2.638322182289e-02 -1.181119895714e+00  1.120218693767e+00 
 1.081688514335e-03 -4.706564282351e-03  4.286305091910e-03 
 6.777867332201e-03  7.172564814168e-03 -2.616592778137e-02 
-1.500211790527e-01  6.231367390124e-02 -1.203635788509e-02 
 5.446273897560e-02  3.837612250164e-01  4.872210847865e-02 
-2.426467860029e-02 -4.056136711367e-01  6.452500001490e-03 
 4.895633381141e-03 -5.421005264417e-03 -3.738985424075e-02 
-1.340922602004e-02  9.966312011658e-02 -3.393828951957e-03 
 6.073015386407e-03  8.105469354892e-03  5.142145445953e-03 
 2.406514728483e-01 -3.308037912013e-01 -5.855151663508e-03 
 2.301198888744e-02  2.472568665966e-03 -3.502073952747e-01 
 5.061716490317e-01 -5.890049078652e-02  1.855270216813e-02 
-5.091110352820e-02 -7.383911799489e-02 -1.797981684963e-01 
 1.163335619868e-02  4.400035118537e-02 -1.731868303532e-02 
-8.628174245892e-02 -3.773255501055e-01  6.614875250882e-01 
-9.151663124836e-01  1.072698649017e-01  2.047812420258e-01 
 1.696775098107e+00  3.250113898476e-01  5.297948657246e-01 
-2.744018557693e-02 -1.020486148361e-01 -8.541889977405e-02 
 7.048143968012e-03  9.945359632391e-02  6.581541433070e-03 
 7.974621233522e-02 -9.802200647276e-03 -9.450234058495e-02 
 6.432946198907e-02  6.996115936670e-02  1.261060976035e-01 
-1.583051579199e-01  7.756704569789e-02 -8.958686555120e-03 
 2.029310173802e-02 -1.229232729840e-03 -8.802534286036e-03 
 5.532411051878e-03  8.328783534743e-01 -1.820377973382e-01 
 1.876740221422e-02  6.146203629247e-02  8.017475654907e-02 
-3.502066205751e-01  2.991628897624e-01 -1.951711871948e-02 
 1.425805063734e-02 -1.819826758210e-02 -2.686717426580e-01 
 1.553659888726e-01  3.573890394033e-03  2.573783412352e-02 
-3.169318775740e-03 -1.071291022124e+00  1.906509866189e-01 
 9.966109059209e-03 -3.729828204145e-02 -3.684848658843e-02 
-1.584795841329e-02 -7.486864106385e-02  6.622775922138e-02 
-1.817513253751e-01  2.689159424011e-01 -4.620141658272e-02 
 2.954178105660e-01 -2.656071107106e-01  1.277990317013e-01 
-5.927045938707e-03 -1.495732672884e-02 -1.410605386758e-02 
-5.981602162100e-03  8.898016190262e-03 -8.982209681299e-02 
-5.483787110561e-01  8.188558158886e-01 -1.132995540681e-01 
 4.225770116397e-01 -6.091781710754e-01  6.073976704961e-02 
-2.719480182290e-01  3.277967400207e-01  4.718076179389e-02 
-1.070928568613e-01  7.009397631021e-02  6.078411918712e-02 
-1.122773526612e-02  5.418222714811e-02  5.320396104886e-02 
 7.375653078832e-03  5.194846604508e-03  1.130946679830e-02 
 1.186346707978e+00 -1.207631364159e+00 -4.282262800389e-05 
-1.286209658280e-01  1.845136481833e-01  1.277641728869e+00 
-1.292629048698e+00  5.548711177689e-02 -8.964178903088e-02 
 2.027474485665e-01 -1.204070661216e-01  5.205403587206e-02 
-8.036054345034e-03 -2.799302368181e-03 -1.471651989680e-02 
-2.729067096117e-01 -1.225849769018e+00  1.405934092797e+00 
 7.500661721169e-01  5.369219928330e-01  8.526334225451e-01 
-1.366912084356e+00 -8.404815235123e-01 -1.404186044720e+00 
-5.035374439060e-02 -1.397438552307e-01 -8.976817827888e-02 
-4.893459299823e-02  7.774552936457e-02 -2.011887242356e-02 
-1.346912446417e-01  5.200995842885e-02  1.089540378883e-01 
-1.403697439825e-01  6.050315493672e-02 -1.589735443925e-01 
 1.583782927067e-01 -7.244279768779e-02 -1.746378975303e-05 
-6.881095692959e-03  1.485324581301e-03  9.101594709336e-04 
-1.508688209366e-03  4.741216944110e-01 -1.570168128393e+00 
-1.673789776100e-01 -9.937264560740e-03 -6.105466824110e-02 
 3.458231047750e-02 -2.487577248525e-02  1.419809431093e-02 
 8.874507257289e-03  1.422469376435e-03  9.443488084213e-02 
-5.672673225540e-02 -1.224686679212e-02 -8.502714487335e-03 
-1.436719789694e-02 -6.750407046455e-01  1.437098870133e+00 
-8.633570557402e-02 -9.809498863505e-02 -1.435216801037e-01 
 2.229574519536e-01  1.040975111818e+00 -1.520827699207e+00 
-1.545446598421e-01  1.675083986371e-01 -1.171004275332e-01 
 3.243269250991e-01 -2.320500735205e-01  1.741659391497e-01 
-8.415364346325e-03 -2.791514603628e-02 -6.571536656239e-02 
-2.565963323529e-02  3.110665149279e-02 -2.633337015953e-02 
-1.876174287924e-01  3.360242107918e-02  7.019748788102e-01 
-1.055720316041e+00 -4.644538057692e-01 -8.078924230439e-01 
 1.345436301001e+00  4.282292962099e-01 -5.495298813731e-03 
-5.594107901010e-03  1.273408902237e-02  9.439430312142e-03 
 4.725345003113e-03  5.138001752788e-02  3.086008920486e-01 
 3.542999212903e-02 -3.148954169133e-03  4.636170021088e-02 
 1.480535468259e-01  8.448475767514e-02  2.903058243181e-02 
 5.559901830545e-02 -1.053566568402e-02  2.335790103411e-01 
-2.405653063608e-01 -2.417836767633e-02 -2.199837432960e-02 
 9.223484355237e-03 -1.287864969109e-01  3.914314599747e-01 
-6.179115555922e-03 -1.971098778625e-02 -7.065452252668e-02 
 4.869184891440e-01  2.277645035672e+00 -3.483548080284e+00 
 1.960918921195e-01  1.885157153771e-01  1.264800802636e-01 
-3.387388408116e-01 -4.901774125555e-01 -4.777477263331e-01 
-4.462282795999e-02 -1.156049570846e-01 -9.423725276736e-02 
-5.423438757034e-02  2.730056420345e-02 -1.865586575519e-02 
-7.142637272627e-02  1.841005552786e-01 -9.311396922502e-01 
-1.648469837109e-01 -6.475423211085e-02  1.353024333075e+00 
 2.636975246697e-01  3.635960769511e-01 -2.224914688282e-02 
 1.555178967651e-02  1.986887732650e-02  3.881500056992e-02 
 2.698913784868e-02  7.934925027642e-03  2.124156297522e-01 
 3.899246719970e-02 -8.112582621063e-04  3.692139889659e-02 
-2.990649183622e-01  8.322922092626e-01  2.153929031924e-02 
 7.711340555254e-02 -9.038306939797e-02 -4.093104895953e-02 
-7.892649241489e-01  9.088440425890e-02 -3.445501077969e-02 
 1.402815815035e-01 -2.738308418495e-01  1.501471735054e+00 
-2.605631258461e-02 -1.169478460638e-01 -1.732137505758e-01 
 7.611389316057e-02  3.796539814145e-01 -1.390800342584e-01 
-2.498044902793e-01 -1.076650591611e-01  2.205177755754e-01 
 5.587147310939e-01  3.562303858647e-01 -1.326886856270e-01 
-6.999454057634e-02 -4.247528260967e-02  2.345759984568e-01 
 4.835631079492e-02  5.796049062123e-02 -3.365698675593e-02 
-3.651899138962e-01 -3.062007539017e-01 -8.788502166297e-02 
-2.201285260342e-01  8.214029155780e-01  3.615385303252e-03 
 7.122801674483e-01 -1.734429056082e+00 -3.758943860979e-03 
-3.753304939867e-02  6.846079865807e-03  2.051088742372e-02 
-1.158880980564e-02  9.105100500011e-02  1.997859084112e-01 
 6.046211577032e-02  8.587050290777e-02 -1.053690380396e-01 
 8.142523137775e-01 -2.031168517503e-01  1.459469775408e-01 
 1.003750441447e-01 -2.686650370570e-02  8.283977990906e-01 
-2.155302093580e-01 -1.177868404469e-01 -8.862247161884e-02 
-9.803240020549e-02  1.268169665810e-01 -8.080164509925e-01 
-7.036710463232e-02 -1.564993919338e-01  1.707495931354e-01 
-4.681585230490e-01 -2.139693370261e+00  3.439681935859e+00 
-2.320983984952e-02 -9.234705147159e-02 -2.323387000535e-01 
 1.472309587405e-01  4.254319154661e-01  6.720048513091e-01 
-1.056519600014e-02  7.157956943814e-02  5.071037552031e-02 
 2.662196661867e-02 -2.462772993695e-02  6.129730616141e-02 
 2.746002335076e-01 -4.111578060334e-01 -7.259033256583e-01 
-6.930850268018e-01 -2.662686279776e-01  1.246075357508e+00 
 1.225163471122e+00  1.922874622952e-01 -1.440392225930e-02 
 1.345384966404e-02  2.084684814460e-02  2.643040574385e-02 
 4.483757317616e-03 -6.450514116013e-02 -1.436392236681e-01 
-6.854751995749e-02  3.571441851215e-02  5.426932596081e-03 
 2.693412012519e-01  7.081347853060e-01  8.548476121658e-02 
 1.483438774091e-01 -8.124578906627e-02  3.727873324237e-02 
-6.893135884504e-01  2.573748119490e-02 -4.368486204490e-02 
 1.234902516409e-01  2.318364703844e-01 -1.606997760280e+00 
 1.857983937814e-02  8.554055956409e-02  1.854920590184e-01 
 4.655718311532e-02  2.089631263303e-01 -3.606502648085e-01 
 8.811955315892e-03  2.044849715397e-02  2.121044113517e-02 
-3.146717260894e-02 -7.150333989461e-02 -7.231689923866e-02 
 4.300894585175e-02  8.560696521477e-03 -6.595956405079e-02 
-3.013262150036e-02 -4.892464508033e-03  3.779546202926e-01 
 1.750739876653e+00 -2.381608627519e+00  3.171872607079e-02 
 1.572690583338e-01 -9.779001250618e-02 -1.329245707462e-01 
 2.970335951843e-02 -2.899746601610e-01 -1.128838847721e-01 
-6.270943046702e-02  7.848915452256e-02 -4.121150254672e-02 
-4.645396433557e-02  1.250575109294e-02 -2.726337824281e-03 
-4.901088176173e-03 -4.123122413859e-02  3.316509347497e-02 
-3.634059083122e-02  2.908773271270e-01  3.787778502652e-01 
 1.630665984138e-01  2.475525142609e-01 -1.672255451008e-02 
 4.233737638538e-01 -3.423195803901e-01 -3.377887174105e-01 
 1.376456233449e-02 -4.342989642256e-02  2.179935682080e-01 
 6.327153435774e-03  2.532785726273e-02 -5.016924650074e-02 
 4.205272536883e-02  1.737492342440e-01 -5.088457909050e-01 
 1.296194219316e-01  1.537609364127e-01 -1.177388489333e-01 
-3.048290911741e-01 -3.293932626535e-01 -1.753928258576e-02 
-4.206195455538e-01 -1.703369187888e-01  3.197789605726e-01 
 2.301643973105e-01  3.885921839006e-02  4.740025440136e-02 
 3.178129066597e-01 -4.017563907598e-02  1.103849299742e-01 
 9.051994765328e-02 -4.343232608655e-01 -4.625471573742e-02 
-3.936375746231e-01  8.277919615828e-01 -2.625748617311e-03 
 4.335379393037e-02  4.966903453010e-02 -5.932887596317e-02 
 1.924988968007e-02 -5.327370255548e-02 -5.805992688505e-02 
 6.662414586611e-02  3.033932285670e-01 -2.215735437761e-01 
-4.253062634690e-01  1.048410110861e-01 -1.009480352794e-01 
 6.889623579536e-02  1.304636391054e-01 -4.004530001992e-01 
 1.325127306663e-01 -8.390207139099e-02  7.623084712190e-02 
 1.213812101094e-01 -6.812662946715e-02  6.339876162700e-01 
-1.753469837673e-02 -1.771886685228e-01  8.953259455145e-02 
 1.765408458831e-02  5.786045283917e-02 -2.214814646783e-01 
 2.302192049782e-02  2.977187991254e-02 -7.420138084337e-02 
-5.045878992924e-02 -1.973045143519e-01  3.112856255870e-02 
-3.831940403638e-01  1.035888016413e-01 -1.373990386524e-01 
 9.849488023524e-02 -3.005252914619e-03 -5.882203641411e-02 
-2.394128641889e-01  4.255763754637e-01  9.332438831176e-03 
 6.123183099287e-02 -4.673142409391e-02 -2.436649299882e-01 
 8.850156532812e-02  3.938731183195e-01 -1.226515199431e-01 
-6.929273356589e-02 -1.798876651588e-01  1.079841278181e-01 
-7.675333267359e-02 -4.139456786081e-03 -8.693040198214e-03 
-3.491270642414e-02  1.968732340152e-01 -6.765354538660e-03 
-1.814939737452e-01  6.104684182407e-03  3.293242955577e-01 
-3.600713547367e-01 -2.168694912018e-01 -1.680657283794e-01 
 3.499471546261e-02  2.983702579413e-01 -3.522790029162e-01 
-2.115255699007e-01  9.223113505204e-02  1.807919157981e-01 
-3.167649458818e-02  6.500080471805e-02 -2.513734050503e-02 
-1.033470122291e-01 -4.486998435545e-01  6.819879183281e-01 
-3.779178949983e-02  2.949784804813e-02  4.559470972591e-02 
-1.311010210756e-01  6.972451071845e-02  9.962774390807e-02 
 3.625273854716e-01 -4.582121871692e-01  6.647560160339e-02 
 3.941346839774e-01 -3.365934016486e-01 -1.591638394735e-01 
-6.909559968726e-01  1.031261711378e+00 -2.410024258295e-02 
-5.118069315289e-02 -2.825576057253e-02  1.912065335052e-02 
 4.452619603780e-02  2.701439150746e-01 -6.792994389071e-02 
-1.109764875991e-02 -4.150965509904e-02  1.079685483692e-02 
-3.513202867610e-02 -2.406406517528e-01  8.969998292284e-02 
 1.565388690283e-01 -7.928777100135e-02 -1.646857862932e-01 
-2.194971700505e-01  3.379687555720e-02  1.314352601516e-01 
-1.046750546741e-01  2.797752086665e-03 -2.723065267302e-01 
-6.346690385818e-03  6.103713922016e-02 -1.370593291010e-01 
-3.072542420887e-03 -1.193677735163e-01 -1.027764079873e-01 
 2.621789813108e-01 -5.550804790637e-02 -7.448195235071e-02 
 3.435953362046e-02  1.427369071651e-01 -3.422764616588e-01 
 2.751413448404e-02  1.015488913374e-01  4.972801266311e-04 
-1.421512321721e-01 -1.971793901604e-01 -7.949124395179e-02 
 1.403861078236e-02 -1.598833911947e-01 -2.133680072050e-02 
 1.168170361650e-01 -4.627765696776e-02  6.330005456600e-01 
 2.747762476987e+00 -4.070548076007e+00  2.073148286775e-02 
-8.625550207538e-04 -9.614597785386e-03 -1.841633697680e-01 
 4.409388532782e-01 -6.437252219312e-01  1.553895995070e-01 
-6.201488153827e-02 -5.080959113153e-02  1.167859074675e-01 
 2.446043807260e-02 -8.508595321074e-02  1.248367627048e-02 
 3.224018006408e-02  2.381421084735e-02 -1.800446631927e-02 
 9.519997933654e-01 -9.201324611388e-02 -1.016621121631e-01 
 7.168232834771e-03 -3.100998221475e-01  9.849131463131e-01 
-5.616628591397e-02  1.243334837380e-01  1.670380825617e-01 
-2.450578307968e-01 -6.318218281377e-02  3.687753067050e-01 
 8.570020062206e-02 -2.357268879979e-02 -3.596443077233e-02 
 3.301286443160e-03  3.609500022902e-02  1.790147352136e-01 
-8.639710528352e-02 -1.682960537460e-01  1.026908232803e-01 
 2.614242473838e-01  1.964240357299e-01  1.262015885651e-01 
-3.170355460440e-01  1.258642940314e-01 -4.129864486880e-01 
 3.249959459159e-01 -4.803171625912e-01 -2.024159307504e-02 
-1.470663451968e-01 -2.292162680150e-02 -2.482496410687e-02 
-6.505220711054e-02  2.388722810160e-01  1.071306729342e-01 
 1.028081415130e-01 -5.862771833931e-01  5.761831645668e-02 
 8.070325139436e-03  8.820665230889e-02 -3.019127518425e-02 
 2.542452791642e-02  1.935566392059e-01 -2.414083569995e-02 
 2.161490353951e-02  9.638687225291e-02 -1.587519516129e-01 
 2.240506291599e-01 -4.805918272352e-02 -1.026365129489e-01 
 1.562108880024e-01  8.259010187160e-02  2.065347056051e-01 
-3.035894746893e-02 -1.417847982457e-01  1.252956724406e-01 
 7.012603396427e-02 -4.055817121265e-02 -4.025524290057e-01 
-7.403491671381e-02  2.328473507176e-01 -1.254098132832e-01 
 6.390074843135e-02  3.438644215079e-01 -2.010442026815e-01 
-9.843045453853e-02 -4.676106398591e-02 -2.036524222782e-01 
 5.838186664103e-01  3.094978329513e-01  6.988052165834e-01 
 7.938838952219e-02 -1.571611850007e-02  3.073869296993e-01 
-1.980766622879e-01 -3.615930072212e-01  5.615092350312e-02 
 2.750740299703e-01 -2.677483448122e-01 -9.991243315628e-03 
-1.143909555440e-02 -1.501324141462e-01 -1.222366613965e-02 
 4.210912340647e-02  3.017389378255e-01 -1.370686384348e-02 
 1.298063234798e-02 -3.508089505273e-02  2.262349860996e-02 
-4.188282855306e-02  8.971627992217e-01 -3.482206227415e-01 
 1.032069702258e-02 -3.112466759817e-01 -3.622254630027e-01 
-3.572926514495e-02  4.112219482339e-02  7.542944876396e-02 
-1.081299396421e-01 -8.151647334432e-02 -6.057594985761e-02 
-1.042583990852e-02  4.486779015502e-02 -1.710481549587e-05 
-1.635937111753e-02 -7.034039740802e-01  1.743160923528e-01 
-4.337219749213e-01  1.171309899399e-01  4.824800065999e-02 
 6.180886872846e-03  2.277097600790e-02 -7.469405538771e-02 
 1.368733398480e-02  7.476042236692e-03  3.853510397964e-02 
-6.751222368757e-02 -4.130101200782e-02 -1.009460323772e-01 
-8.498747406600e-03  1.506304005158e-02 -2.442269291781e-02 
 1.551723573194e-02  4.774810062301e-02  4.812795748312e-04 
-4.998184677435e-04 -9.849595388662e-03  1.184297908777e-02 
-2.606606139679e-03  6.353997787650e-03 -5.368475832840e-03 
-9.700999729618e-03 -2.488860875770e-02  6.858927705928e-02 
 1.544525951840e-01  7.869298827419e-02  8.221420197226e-02 
-3.029767154480e-01 -8.985978151825e-02  3.490262056636e-02 
 5.741474349693e-03  2.686265406074e-02  2.874053272928e-02 
 3.290822855064e-03 -3.472395298067e-03  3.613702934630e-01 
-3.882165124251e-01 -2.867433404260e-01  1.139032792712e-02 
 1.441241908034e-03 -3.882708552874e-01  4.150096955059e-01 
 3.039667348287e-01  3.740417545215e-02  5.809411087805e-02 
 4.139916807530e-02 -1.167783073437e-02 -1.010094122425e-02 
-1.970822892055e-01 -8.176108092484e-01  1.276814574393e+00 
 1.386134606777e-01  3.653589605753e-02  5.844800688021e-02 
-3.670366053063e-02  3.844260358777e-01  4.838888313059e-01 
-5.685734468114e-02  5.534069827040e-01 -3.202758404749e-03 
 2.605801128789e-01  2.938418834132e-01  1.848146739095e-02 
 8.407315356297e-02 -9.478928228757e-02 -7.118829176183e-02 
-5.734508076105e-02 -3.727649595768e-02  9.855747304283e-02 
 9.420302443894e-02  7.048864670865e-02  1.750591329382e-03 
-5.023483653280e-03 -1.049124947641e-03  1.401695311967e-03 
-3.539912195381e-03 -4.248276621926e-01  3.993127943028e-01 
 5.131079130067e-01 -3.992576158443e-01 -3.093850056590e-01 
 3.917780334339e-02  2.359347213794e-02  1.547162325781e-02 
-7.394996073516e-03  2.005753065540e-02 -3.723096755632e-02 
-1.719752976159e-02  3.942035917813e-02  1.088141441859e-02 
-3.498595984580e-02 -1.090485780041e+00  2.061777106118e-01 
 3.314410562138e-02 -1.073658126072e-01 -1.052678656605e-01 
 5.164770155904e-03  2.217176482959e-02 -4.346519214278e-02 
 2.392177276621e-02  9.767409945609e-02 -7.865623840466e-02 
 3.843912842998e-02  1.740678903334e-01 -1.692811136797e-01 
-3.307395818009e-01 -5.541759728553e-02 -1.048553896361e-01 
 3.220988931304e-01 -2.508838629231e-01 -4.027035452506e-03 
-9.294694567850e-03  4.045021803020e-02  5.732849854055e-02 
 4.857608406897e-02 -3.925915883383e-03 -5.838859005488e-02 
-7.320801781691e-02  2.320214330302e-02 -1.242071532981e-02 
 1.029464967299e-02 -7.060529296840e-03 -8.144456782521e-03 
 3.485459963981e-03  3.480173842347e-03 -8.184980494103e-03 
-1.668888325671e-01 -6.337534588131e-01  5.339535362480e-01 
-5.301723640009e-02  8.216144871068e-03 -1.966455021609e-02 
 1.060579552385e-03 -3.449911102738e-02 -4.830190856253e-03 
 1.015835348470e-02 -1.712723730242e-02 -2.569763583574e-02 
 3.850692135485e-02  1.596552855138e-03  3.341786815136e-02 
-9.933788764748e-02 -4.050283100819e-01  3.336042176912e-01 
 2.829281761147e-02  1.251146705249e-01 -2.001841329219e-01 
-1.633235893118e-02  1.061388524069e-02  2.037273611383e-02 
-9.191464060824e-03 -3.768346484426e-02 -9.384993321989e-02 
-2.156557356963e-02 -7.459758241899e-03  1.617866292163e-02 
 1.229214850003e-02 -2.566578214417e-02  5.225141201190e-03 
 3.375172660599e-02 -1.640844586622e-02 -4.647600681611e-01 
-3.501598902901e-01 -1.079636862692e-01  5.118725729707e-02 
 4.050392468419e-02  6.969202812506e-03 -8.950409162816e-02 
 9.716524816175e-02  8.070195469900e-02  1.678089951270e-01 
 9.566894300802e-02  1.447081318745e-02 -3.000411272847e-02 
-5.219917737762e-02 -1.253585871799e-02  5.206550197883e-02 
 1.142460777240e-01 -3.123189759742e-01  1.872733632403e-01 
-3.171772166610e-01  6.676830069046e-01 -1.093169149249e-01 
 2.918959399805e-01  2.976993331835e-02  4.502640301260e-01 
-5.728932743027e-01  8.023874466492e-03  1.127267403440e-01 
 1.603131054720e-02 -1.392900201709e-02  6.383182429463e-03 
-7.462985654737e-02 -1.517172378208e-01  6.961009169461e-01 
-5.186144891914e-01 -1.036771623646e-02 -1.723715897754e-01 
-4.165390793376e-02  1.287897771162e-01  1.527059550845e-01 
-1.208401454125e-01  5.060145315391e-01  2.104641906646e-01 
-1.577550844606e-01 -2.425715897105e-01 -2.837590873991e-03 
-1.893414229940e-02 -5.242544036483e-03  2.159530824148e-03 
-2.828726547315e-03 -1.003092583485e-02  1.854087511858e-02 
 3.228207683104e-02  1.829832422622e-02  2.988518938393e-02 
-2.730773058969e-02  3.013305828189e-03  1.129230632838e-02 
-1.270005971588e-02  2.872980537799e-02 -4.725450155421e-01 
-5.731546165576e-01 -7.047978791303e-02 -2.607643604943e-01 
-6.307064090814e-03  3.999690491947e-02  9.264470980868e-03 
 2.747698536019e-02 -2.419550575659e-02 -1.587864404085e-02 
-1.065321303494e-02  8.611147256174e-03 -8.035531730777e-03 
-7.082270401599e-04 -5.156129391355e-01  2.618216313688e-01 
 7.760779131214e-01 -3.792731097349e-01 -2.314568878083e-01 
 1.223446985611e-01  5.487839526606e-01 -3.134662637666e-01 
-9.937742373061e-02  1.268910242964e-01  1.247638797193e-01 
-3.323557851793e-01 -1.566464225913e-01 -3.344569780941e-01 
-3.311776186935e-01 -4.028799374398e-01 -4.618094963386e-01 
-3.102718185297e-01  3.318088732032e-01 -2.249148466312e-02 
-9.689043770081e-02  1.236978941785e-01 -3.581195543151e-03 
 1.221063336700e-02  2.497537687034e-02  4.744446043568e-03 
-2.687946975753e-02 -7.838631652571e-02 -5.055245681759e-03 
 1.873075129459e-02 -2.159590059278e-03  5.209688928107e-03 
 1.335918180447e-02 -1.508164308518e-01 -2.015331973760e-01 
 2.597204308556e-04 -4.257960845837e-01 -5.543379974869e-01 
 6.559300999563e-03 -2.427788678775e-02 -6.795440891059e-03 
 3.556295809316e-03  2.016278802375e-02  8.425613263503e-04 
 2.551402157817e-02 -2.909169305319e-02  2.327436507093e-03 
 3.825208222358e-03  9.872699537608e-01 -6.499465481591e-01 
 3.306867438156e-01  1.142117765715e-01  3.455877955259e-01 
-4.330638716477e-03 -2.223107650579e-02  5.759187248580e-02 
-4.193665903572e-02 -1.541404260889e-01  1.089726226545e-01 
 1.270704130688e-02  2.694212999309e-02  2.038655630373e-03 
-3.605437233621e-01 -2.267972770108e-01  5.536348860448e-01 
 1.162324501297e-01  2.292675619928e-01 -1.948576851662e-01 
-9.326444834485e-01  6.863545043181e-01 -7.203977784500e-02 
 2.558150862036e-01 -3.889916542599e-01  7.337515955429e-02 
-1.710465648409e-01  2.303628611980e-01  3.551257010373e-01 
-1.073978131826e-01 -3.484107048742e-02  1.860468149374e-01 
 4.972727871704e-02 -1.060080438478e-02  1.064503580291e-02 
-5.219703931637e-02 -2.838436116057e-01  1.910372110440e-01 
-1.342353893205e-01  1.865710056760e-01  2.132314537985e-01 
 3.192954769876e-01 -1.292222270101e-01 -1.641923239331e-01 
 1.376133660429e-01 -1.877164508543e-01  2.860916564649e-02 
-2.716090515076e-01  1.192391467994e-01 -1.501357592274e-01 
 1.303007805345e-01  5.919119843062e-01 -4.596281697201e-01 
-4.031689222610e-03 -6.094598401370e-03  1.127133053553e-01 
-6.610220730766e-02 -1.293280757946e-01  1.201898673392e-01 
 1.799224193533e-02  3.536928259742e-02 -2.112733476987e-02 
-3.013664433542e-01 -1.588971296824e-01  4.663790222453e-01 
 1.003718536683e-01  1.864104289382e-01  2.002358701289e-01 
 9.569469409719e-01 -6.482250317307e-01  6.435539982342e-02 
-3.709443377378e-01  6.542531928933e-01 -1.464057891361e-02 
 3.236937752000e-01 -5.806680625633e-01 -3.806057403816e-01 
 5.372802222366e-02  9.767961031907e-02 -2.253347560333e-01 
-1.092042249774e-01 -2.957078812946e-02  1.820128067839e-04 
-7.817804806530e-02 -2.310978859141e-01  1.448173386124e-01 
 2.014445750071e-01 -1.706455228838e-01 -2.445472846628e-01 
-3.370261985232e-01  1.896459012081e-01  2.110158880267e-01 
-1.920868236415e-01  2.757749399233e-01 -1.055928653482e-02 
 3.677381062198e-01  7.562835319230e-02 -1.892431426093e-01 
 1.636493365463e-01  5.052684465430e-01 -4.073579850835e-01 
 2.929288120547e-03  1.318967543538e-02 -7.559248794055e-03 
 8.695501162578e-03  7.321344245775e-03  1.265665026527e-02 
-2.599772941367e-03 -1.369409677193e-03 -3.416472087772e-03 
 4.064381467090e-03  4.929238470706e-03  4.447297675629e-03 
 8.886417975763e-04 -3.192702357279e-03 -1.140952716621e-02 
-5.196853740139e-02  3.475370887180e-02 -1.452011730817e-01 
-7.658694463741e-02 -6.785899512310e-02  1.590261387773e-01 
 8.202223130170e-02  6.148760398374e-02  1.058586677373e-01 
 3.926633075218e-01  1.836600205939e-01  3.120464388761e-01 
-7.279175483138e-01 -6.252036771324e-04  5.575967536594e-03 
 3.719053928629e-03  2.758162143348e-03  3.629791136354e-03 
-8.302150726305e-02 -8.103488800858e-02 -5.843851448927e-01 
 1.033631995252e-01  1.080574770275e-01  6.953750208997e-02 
 9.643742548135e-02 -5.644015428622e-02 -5.025792124806e-01 
-3.010675138664e-01 -2.379581194985e-02  1.209410780408e-02 
 1.132457856384e-03  4.942273440804e-03  8.850138902308e-03 
-4.057282111737e-02 -1.753784670554e-01  2.489346065780e-01 
-1.104032972548e-02 -3.276751180652e-02 -4.781868335667e-02 
 1.999250772427e-02  4.735737750221e-02  1.155980588763e-01 
-2.110500986730e-02 -2.339208761559e-03  4.536109064189e-02 
-1.241301855476e-02  5.368182087547e-03 -2.889434326193e-02 
-1.311348104392e-01  9.566349909583e-02 -3.376247959765e-01 
-2.036092930122e-01 -1.561063652580e-01  3.599573892253e-01 
 2.373042977247e-01  1.421308024385e-01 -1.428206885086e-01 
-1.005937578557e-01  4.428199086729e-02  7.880261615578e-02 
 4.148185152930e-01  4.080911368422e-03  1.385013504680e-02 
 1.662636895235e-02 -1.117452658302e-02 -3.633614073870e-03 
-1.936740117089e-01 -1.816679433606e-01 -5.901261009633e-01 
-5.952871515303e-01 -3.587571763088e-01  1.689976278614e-01 
 2.196158938419e-01 -8.425070987658e-01 -3.937868702482e-01 
-1.370854988377e-01  1.990501510591e-02 -1.410964218575e-01 
 1.510516942172e-02  1.698416438485e-02 -6.814487872633e-02 
-2.860217451384e-03 -1.597302989758e-02 -6.143529912537e-03 
-1.357624447600e-03 -5.950025853464e-03 -1.634408012854e-02 
-1.013513270809e-02 -4.912727960076e-03 -9.219268659258e-03 
-1.354240973706e-04 -1.606435354657e-02 -2.109131468596e-02 
-1.083568066304e-02  3.796103068761e-03 -9.400502681439e-02 
-5.388886016075e-01 -7.588140404070e-02 -6.280868664192e-02 
 3.136111542796e-01 -5.088305182310e-01  1.823392284080e-02 
-1.734447340329e-01  2.665735741496e-01 -6.230415892382e-01 
-3.482826107000e-01  4.659583754123e-01 -2.081872497018e-01 
-2.597862306669e-01 -3.289564398496e-03 -3.731687846123e-03 
 3.465399032927e-03 -8.022320194357e-04 -6.882459443323e-03 
 2.345164027263e-01  4.727977610964e-02 -6.750253398532e-02 
 2.934978736760e-01 -4.875037582462e-01  2.075455690493e-01 
 3.162004331633e-02  2.732681546685e-02  3.732322739716e-01 
-4.868360253376e-01  6.337407606566e-02 -2.097957935625e-02 
-1.282163020396e-02 -2.159069078051e-02  9.225618569666e-03 
 1.801442852362e-02  6.611397946550e-02 -7.672434678984e-02 
 4.242344266065e-02  2.531971506250e-02  5.538862528539e-02 
 6.695664073138e-03  1.169748551874e-02  1.504206800101e-03 
-1.585038993782e-02  2.536309743033e-02  2.424765277417e-02 
-3.508468882096e-02 -4.309470116370e-02 -2.071673947787e-04 
-2.702325956358e-04  3.079322844563e-03 -6.177702978010e-03 
 6.434059796389e-03  1.126067905936e-02  2.064449811941e-01 
-2.217218711622e-01 -1.707269813682e-01 -4.155161841840e-01 
-3.475324702629e-01 -7.355086682385e-01  4.665605058991e-01 
-2.371664335096e-01  7.038107994090e-02 -2.342334773475e-03 
 5.511423543875e-02  8.277471139018e-03  3.086357749723e-02 
-2.280597385968e-04  1.063274156139e-03 -3.021612973721e-01 
 3.231536154921e-01  2.373261283089e-01 -1.767943222025e-03 
 1.152075457893e-03 -3.303285918265e-01  3.627056687834e-01 
 2.651999241085e-01 -8.425207128409e-02  2.776433171036e-02 
 4.482194181653e-02  2.342417983604e-02  1.419555115859e-02 
-1.778818230943e-01 -5.179901921133e-01  8.772134606530e-01 
-5.288482146998e-01 -3.737796263827e-01 -6.282678062497e-01 
-3.250852829144e-01 -1.173045648822e-01 -2.186058705720e-01 
 3.201011468612e-01 -1.756908678542e-01 -3.192881722477e-01 
 7.888305891730e-01  7.922567243316e-01  7.428298030719e-03 
 2.882416319376e-02 -5.711717712464e-02 -2.088117120476e-02 
 1.993323277163e-02 -3.315523955244e-02  2.942320098183e-02 
-5.079958427139e-02  4.179731417287e-02 -2.432408462804e-02 
-3.395655459935e-03 -5.851098589756e-02  1.548469362599e-02 
-1.535272978956e-02 -1.324813977584e+00  4.878210556731e-02 
-1.007144911532e+00 -1.593908581033e-01 -5.054200872046e-01 
-9.563824726834e-03 -1.433047483748e-03 -2.291678331942e-02 
 2.056114654076e-02  1.061347409541e-02  2.068797525009e-02 
-1.466005076666e-02 -3.540801292226e-02  2.063374769888e-02 
-1.041392570844e-03  5.130601718520e-01  1.524197968977e-01 
-6.982301130811e-01 -4.922966447317e-02 -2.501250742909e-01 
-2.824320108000e-01 -1.477222889309e+00 -5.928452732758e-01 
-4.034220581493e-01 -9.123810859444e-01 -1.273001990939e+00 
-2.629730768960e-03  5.869041754686e-02  1.287030868751e-01 
-4.502223026955e-01 -7.957576443185e-01 -3.873639314876e-01 
-7.236286470570e-01  7.473633376409e-03 -4.621680743391e-02 
-4.492172018244e-02  8.805673287961e-01  7.775921622545e-02 
-1.440690893003e-01  2.957494180366e-01 -1.503056251498e-02 
-2.736170526934e-01  3.770350551191e-01  1.408091990405e-01 
-3.658799678457e-01  2.242215445930e-01  2.103827220222e-01 
-6.518875527836e-02  4.550338210628e-01 -1.876405547005e-01 
 3.933758003666e-01 -4.511363269765e-02  4.296400366401e-02 
-8.298385655874e-01  2.586139589690e-01 -1.199399195016e-01 
-2.366053112205e-01  1.883293811904e-01 -8.534736128452e-01 
 2.649312305185e-01  2.371982270531e-01  1.060410045376e-02 
 2.810909145687e-01  2.928325983292e+00 -5.981516573239e-01 
-3.755786301178e-01 -9.244382425193e-01 -1.148751996486e+00 
 1.219458276610e-01  6.400735990452e-01  1.999322583183e-01 
 2.121393150154e-01  4.316820833490e-01  5.101253661103e-01 
-8.968204549559e-02 -9.096249930502e-02 -4.611750521479e-02 
 2.379217489879e-01  3.486166927211e-01  1.378913944018e-01 
 3.291721985652e-01  1.184861593057e-02 -1.459285206473e-01 
-2.740832003517e-01  2.212934908171e+00  8.196048933817e-02 
-3.908465327584e-01  5.906318995908e-01  8.855823009101e-02 
-4.656806257103e-01  8.391362673399e-01  3.388591536518e-01 
-8.724141841969e-01  5.008679178292e-01  3.727481722169e-01 
-1.391994678631e-01 -2.466710017886e-01  6.845257178045e-02 
-1.879895224889e-01  3.085580676860e-02 -5.149493380759e-02 
-1.915158135052e+00  6.067227075057e-01 -3.193100281089e-01 
-6.019187126761e-01  3.871430243368e-01 -1.850812742000e+00 
 5.986560367706e-01  4.374275835320e-01 -2.303520001129e-02 
 5.631247655371e-01 -1.308944224156e+00  4.896407456123e-01 
 1.060230889298e-01  3.517574371572e-01  5.899784441997e-01 
-1.768663014526e-02 -5.645229784310e-02  2.371272722735e-01 
 1.642786450240e-02  2.911391117549e-02  2.582494940240e-02 
 1.145225321651e-03  2.778955395297e-02  7.900946036077e-02 
 2.445597925494e-02  4.132720889704e-02  3.506022027098e-02 
 3.807932992027e-02  9.191937911311e-03  6.612001935089e-03 
 3.842162167990e-02  6.870502140890e-02  5.814959751846e-01 
 3.780105901059e-01  2.184645585263e-01  4.097899119862e-01 
 2.902806961186e-01  1.253603230147e-01 -4.716844973001e-01 
 4.910687814389e-01  5.036593018574e-01  1.018780207526e+00 
 5.505229938799e-01 -4.274494631451e-02  2.176891438258e-02 
-2.077652506663e-02 -1.619641252559e-03 -1.529797502296e-02 
 1.689145076903e+00 -4.395486969119e-01  3.212729816610e-01 
 7.164375710103e-01 -5.736585374356e-01 -1.881437129353e+00 
 5.136687563644e-01  5.526278811108e-01 -1.263149377104e-01 
 8.736835456613e-01 -1.507113274947e-01 -6.348555650490e-02 
 1.254400067927e-02  4.661087816540e-02  2.860887862869e-02 
orbocc
(*)
 0.000000000000e+00  0.000000000000e+00  0.000000000000e+00 
 0.000000000000e+00  0.000000000000e+00  0.000000000000e+00 
 0.000000000000e+00  0.000000000000e+00  0.000000000000e+00 
 0.000000000000e+00  0.000000000000e+00  0.000000000000e+00 
 0.000000000000e+00  0.000000000000e+00  0.000000000000e+00 
 0.000000000000e+00  0.000000000000e+00  0.000000000000e+00 
 0.000000000000e+00  0.000000000000e+00  0.000000000000e+00 
 0.000000000000e+00  0.000000000000e+00  0.000000000000e+00 
 0.000000000000e+00  0.000000000000e+00  0.000000000000e+00 
 0.000000000000e+00  0.000000000000e+00  0.000000000000e+00 
 0.000000000000e+00  0.000000000000e+00  0.000000000000e+00 
 0.000000000000e+00  0.000000000000e+00  0.000000000000e+00 
 0.000000000000e+00  0.000000000000e+00  0.000000000000e+00 
 0.000000000000e+00  0.000000000000e+00  0.000000000000e+00 
 0.000000000000e+00  0.000000000000e+00  0.000000000000e+00 
 0.000000000000e+00  0.000000000000e+00  0.000000000000e+00 