2mocoef
header
1
MO-coefficients from MOLCAS
1
48   48
a
mocoef
(*)
 9.424977684353e-06  7.312391718681e-06 -2.185500777442e-04 
 5.153858333173e-05  5.558584676295e-05  1.430261211210e-05 
-7.184032947693e-05 -1.085738195864e-04 -2.917267306330e-05 
 1.001662774770e-06 -8.590972711879e-06 -3.899447348436e-06 
-6.495837257086e-06 -4.326432875335e-07  1.000324328894e+00 
 1.891808145924e-03 -1.293146368672e-03  5.361969993468e-04 
-1.534195619589e-03  2.841018395511e-03 -2.986344666770e-04 
 1.023853205658e-03 -1.794064378975e-03  7.478909802993e-05 
-2.856715970748e-04  2.861366514629e-04  2.164734676687e-04 
-2.692195067587e-05 -5.427942316875e-05 -7.441277707409e-06 
-2.312617289563e-06  8.063341176138e-06 -6.504249546515e-06 
-3.132079254272e-04  5.695768832554e-04 -2.589560927346e-04 
-5.530539696049e-04  4.004419980618e-04 -5.575948994822e-04 
 7.713039173393e-04  4.650336613012e-04 -6.879963759054e-05 
 7.704424997357e-04  9.261092358579e-06  3.041982507389e-04 
-1.542876768449e-05 -3.040827135099e-05 -1.581945894370e-05 
 1.000599365061e+00  3.161826707132e-03 -3.645060375949e-03 
-1.124996159030e-03  1.203240167015e-03  1.057818881863e-03 
 8.335383272794e-04 -1.012814658585e-03 -9.370342106306e-04 
 8.047564426008e-05  8.905987330981e-04  1.453987988071e-04 
 5.402350229720e-04  2.596629229691e-04  1.459188273151e-05 
 5.027633112964e-05 -1.458166134160e-04  3.377082773325e-05 
 3.967242694052e-05  1.592362581930e-05 -1.393278736198e-04 
-1.422450906786e-04 -4.961319610484e-05  6.863928641690e-06 
 3.086229263210e-06 -2.143438976367e-05 -2.150372066261e-05 
-1.580605999785e-05 -2.581178995157e-04  8.848784179402e-04 
-5.391125152391e-04  1.655796878198e-05 -1.628860691643e-04 
-7.439239543628e-05 -1.885659287521e-06  6.599322879888e-06 
-5.756747159704e-06  2.961840888339e-05  1.331662267426e-04 
-2.370966759280e-05 -5.419907892465e-06  2.668400577352e-05 
-3.751453924581e-05 -1.402912606747e-03  2.359747244444e-03 
 6.323065648756e-05  3.124996988494e-04  4.043907963055e-04 
-5.394382421415e-04  4.761661453267e-02 -6.949639140941e-03 
 8.879617861857e-04  9.902318596798e-03  1.456325327084e-02 
-1.358676313913e-03 -3.390950718297e-03 -2.474686244361e-03 
 2.206072584480e-04  8.479243307092e-04  9.373482762729e-04 
 3.286098637556e-04 -3.008011393957e-05 -6.085718490798e-03 
 8.254564745600e-01 -1.067253674275e-01  1.808983180485e-02 
-8.685675211756e-02  1.344538825814e-01 -7.192274966688e-03 
 3.071027870919e-02 -6.490444964653e-02  5.872932506483e-04 
-5.842128498304e-03  5.005044942289e-03  1.625444286014e-03 
-1.518617093917e-03  8.250156171948e-03 -3.877695204965e-03 
 8.067242072003e-04  3.041542041681e-04  5.306005584254e-04 
 3.544070206748e-01 -1.589397536805e-01  1.522388229998e-02 
 2.626323086977e-02 -1.562841283002e-02  3.710989171710e-01 
-1.700084002454e-01 -2.068628589442e-02 -1.038642885775e-03 
-2.908502472103e-02  3.722413413687e-02 -1.833532201465e-02 
-8.753977548585e-04 -1.293919128147e-03 -7.141731523835e-04 
 2.615203438900e-03  8.913585957272e-01 -1.629760270979e-01 
-3.187932485484e-02  1.331759065572e-01  1.434932948345e-01 
-1.382730711721e-02 -3.923308448785e-02 -5.516054708316e-02 
 1.548198319441e-03  1.181782488411e-02  1.419430918646e-03 
 7.734323583145e-03  3.088599431733e-03 -3.395926457093e-05 
-5.115893300298e-02  1.075328684598e-02 -2.516562160987e-03 
 8.918874461076e-03 -2.074615030406e-02  1.854546916583e-03 
-1.115671885242e-03  4.441846485033e-03 -2.499337300630e-05 
 4.097451131949e-04  2.075611942528e-04 -3.178341447444e-04 
 1.858612733167e-04  2.313423457945e-01 -1.116001981808e-01 
 1.797335064190e-02  5.182915153918e-03  1.237373606714e-02 
-2.820034166377e-02  1.300399850924e-02 -1.362598024635e-03 
-2.004998475681e-03  9.410115955811e-04 -3.278305531071e-02 
 1.450637498928e-02  1.722158416856e-03  6.660910231929e-05 
 2.571247689213e-03  4.995250739602e-01 -2.489245091116e-01 
-1.223078747183e-02 -1.885147217798e-02 -2.998873878818e-02 
-2.433229806208e-03 -8.738171131222e-02 -3.106819503933e-02 
 5.851397592288e-02  2.508381205602e-02  7.853466962791e-02 
-2.681391154224e-02 -3.083957106658e-02 -1.204082904119e-02 
 1.036027828838e-04  1.717034742466e-04  5.140423212282e-03 
-3.375677110415e-03 -2.470923256180e-03 -5.179897079498e-03 
 3.930255621099e-01  1.845093568575e-01 -1.413171297648e-01 
 2.194819543063e-01 -5.980870090998e-01  5.869466558355e-03 
-6.824910269357e-03  9.976094560203e-04  1.514053980846e-03 
 1.521719695118e-02 -1.487591100648e-02 -1.000861606679e-02 
 1.881191868126e-03 -1.010020741760e-01  3.430732400292e-02 
-5.481440196004e-03 -3.967964984854e-04 -3.340523635443e-03 
-2.908763039263e-01  1.103484240921e-01 -1.766807864549e-02 
-1.133551527473e-02 -9.938514331312e-03 -4.701113332144e-01 
 1.529904193905e-01  1.900893407282e-02  1.209766862858e-02 
 1.081963840547e-02  6.913074318035e-02  4.639053592570e-02 
-2.196137531365e-03 -4.263988664517e-03  1.946191767206e-03 
 1.738102773156e-03  1.002598632080e-01  3.536118781454e-02 
-3.248496202628e-01 -1.979770314192e-01 -3.408339766709e-01 
 4.928052251637e-02  4.193537509168e-02  7.469726755299e-02 
-4.571448388601e-05 -7.660962885939e-03 -7.134396829574e-03 
 7.176753896584e-03  1.417301859765e-02 -8.203803205647e-04 
 8.409532632650e-04  1.020088550859e-02 -3.864822984865e-01 
-2.985525423132e-01 -1.388032865218e-01  1.464528185269e-02 
 9.650458139315e-03  4.544580758982e-03  7.604515609684e-03 
-7.967750179152e-03 -9.581501889918e-03 -1.570098290855e-02 
-9.311769641455e-03  3.912236483940e-01 -1.464539389885e-01 
 2.068699674100e-02  2.392782405853e-03  9.588989165685e-03 
 3.434609944764e-01 -6.432084410236e-02  7.832853935770e-04 
 1.232343352369e-02 -1.747127677850e-02 -3.348924792714e-01 
 6.778358329224e-02  3.789448974109e-03 -8.093102294871e-03 
 1.811192147355e-02 -3.490328703339e-01  1.513847660265e-01 
 1.331120227711e-03  1.001376569117e-02  1.488480792019e-02 
-1.275939700807e-02 -2.896977744271e-01 -4.232016119671e-03 
-4.889180826458e-01  3.575471902145e-01  2.711367135941e-01 
 3.779486283158e-02 -3.616902679806e-02 -1.429120726656e-02 
-4.856216561045e-03  4.208825431928e-03 -9.518993132301e-04 
 4.217699362412e-04  4.608372034729e-03 -2.046521061700e-03 
-4.962319199029e-02 -1.628182921600e-03  4.192455268676e-01 
-4.191068760691e-01 -2.480665867824e-01  3.992896667144e-02 
-3.800328204918e-02 -2.738560046008e-02 -7.486275597291e-03 
-6.707042500060e-03 -1.033558265408e-02  9.391270192433e-03 
-4.723096291237e-03  1.760916352902e-01 -3.447091700115e-02 
 5.226233156764e-04  8.754138463856e-03  1.026885198689e-02 
 1.554091197584e-02 -8.796994139677e-04  1.346685226056e-02 
-1.200070706771e-02 -7.550020863163e-03  2.034921837110e-02 
-3.003520571481e-03  1.155134721948e-02 -1.299243920751e-02 
-7.939801026977e-03  1.293472293751e-01 -4.717622161337e-02 
-1.346697936447e-02  2.496092048351e-03  1.354443784839e-04 
-3.802535966272e-03 -9.490512584341e-02 -4.106434332112e-03 
 3.160720069863e-01  1.914121695460e-01  3.332921329554e-01 
-4.572723073360e-02 -3.462749958471e-02 -6.256716402902e-02 
 3.446240460823e-04  7.315358575390e-03  7.183875697733e-03 
-7.364680515906e-03 -1.358684962062e-02  6.365046217704e-04 
-1.303880927911e-01 -4.391125378988e-02 -3.663882537814e-01 
-3.744866826524e-01  1.399318140835e-02  1.301919897094e-02 
 1.245749858755e-02  5.270090345807e-03  7.973634878416e-03 
-1.315713207884e-02 -5.408697831482e-03 -1.415506149283e-02 
-1.034638634600e-02 -3.800554103056e-01  1.463003303504e-01 
-2.008189872636e-02 -2.445509085878e-03 -9.376333271914e-03 
 4.375352165227e-01 -9.510981163421e-02  5.550591817519e-03 
 1.550608586817e-02 -1.502585106977e-02 -2.281511345293e-01 
 3.380206270460e-02 -1.046812103454e-03 -1.205191781480e-02 
 1.663268102919e-02  3.285227737798e-01 -1.780431352841e-01 
-1.358247063192e-03 -9.113874437461e-03 -1.583806140259e-02 
 9.361323250696e-03  2.536460431617e-01  1.600559868603e-02 
 4.699692677096e-01 -3.911890438809e-01 -2.669636088597e-01 
-2.789980264025e-02  2.171219676553e-02  3.558701136812e-02 
 5.288779429611e-03 -6.259795163338e-03  4.972772579648e-03 
-3.928255807523e-05 -4.809187548829e-03 -2.521574084643e-03 
-2.086974377146e-02  1.098084988180e-02  4.136080540904e-01 
-4.055707921267e-01 -2.737248309928e-01  3.940492712362e-02 
-3.887614155509e-02 -3.385589945686e-02 -7.563139755349e-03 
-5.233019676845e-03 -1.167486022619e-02  8.427728901886e-03 
-4.604054382897e-03 -1.650928403210e-01  3.962946175090e-02 
 2.180464141749e-04 -8.593415216214e-03 -1.000767843375e-02 
 4.479490171525e-04  3.675825708211e-03  1.267104396181e-02 
-1.206389210374e-02 -8.004941135060e-03  1.262162041718e-03 
 3.664253405493e-03  1.189663719613e-02 -1.192994082701e-02 
-8.319522795429e-03 -1.450296462113e-01  6.617469095994e-02 
 1.469420864106e-02 -4.312144401291e-03  4.810434366217e-03 
-9.444681157452e-04 -1.069180794008e-02 -1.665170681685e-02 
 1.724254547217e-01  5.757546790527e-01 -5.039835736705e-01 
 4.464155265701e-02  1.683730217328e-01 -1.565646269481e-01 
-7.204698932769e-03 -3.120917304185e-03 -7.150721967487e-03 
 8.443022940042e-03 -9.965952455233e-03  3.703738694115e-04 
 5.425010926982e-02  2.785453389427e-02  2.136164908107e-02 
-2.528981935235e-02 -6.084051206212e-02  8.716492938645e-03 
-8.920518277840e-03  1.102366438071e-02 -1.242574860635e-04 
-8.075017180971e-04 -4.058437908524e-03  8.373524885372e-06 
-5.270668217641e-04 -5.996392396135e-03 -3.269134480394e-03 
 4.720884126980e-03  1.667079549358e-02 -1.437686200595e-02 
-6.941158524506e-03 -1.629820783960e-02 -4.491425834059e-04 
-2.917441676722e-03 -2.898599554656e-03 -4.616348663465e-02 
-3.889503549806e-03  3.404292753491e-03 -1.079125831554e-03 
-8.412985517385e-04 -2.156569468668e-02  6.433417211861e-02 
 4.686567894361e-03  1.631043776076e-02 -1.507851883078e-02 
 1.765051705172e-02 -3.571610411900e-01 -8.034718039519e-01 
 4.247982711389e-01 -2.919472757238e-02  1.247430819235e-01 
 3.314646378433e-01 -2.601273244535e-02  7.075563852082e-02 
 1.230992908088e-02  9.013697625430e-03  3.704254267758e-03 
 2.001550859310e-02  7.001953618245e-03  1.590931456101e-03 
-3.174845358906e-02 -4.220963837914e-02 -1.299426525196e-02 
 7.644162524336e-03  1.358910889483e-02  3.807337684713e-03 
 7.292992249525e-03  1.366687043306e-02  5.136918251687e-04 
-1.101381490975e-03  1.193795456709e-03 -1.120355970531e-03 
 1.375667059178e-04  4.990564067703e-01  9.898585405313e-01 
-1.145221869924e-02 -5.946887794888e-03 -1.050853563835e-02 
 2.201964252237e-02  2.714431998751e-02 -6.372767724624e-04 
 5.274243617123e-04  6.496790258975e-04 -2.998598895839e-03 
 1.418533002674e-02 -8.461577266133e-04 -6.715279704226e-04 
 1.868454985193e-03  2.196489749596e-01  2.133858400627e-01 
 1.639283462813e-02 -3.561249701428e-03 -1.058554600662e-03 
 5.528669181341e-04  1.394125200168e-01  5.102471066461e-01 
 1.511781055616e-01  1.197432859167e-01  2.263390656368e-01 
 2.436879833803e-01  2.387323282101e-01  3.844935733522e-01 
 2.312472335704e-03  5.966347288955e-03 -1.313280026282e-03 
 3.966381109772e-03  1.295330605858e-05 -3.551988248693e-02 
 1.959731861003e-01  7.678731520364e-01  1.074260682491e-02 
-1.578045879837e-01  1.818585358986e-01  3.023507464035e-03 
-1.719953530791e-01  1.923061965509e-01  9.898573736166e-04 
-7.868957053817e-03  5.975700244735e-03  6.529977527659e-03 
-2.224325133248e-03  7.926707502635e-02  3.894456515845e-01 
-5.980813937700e-03  2.517625275359e-03  2.661444950495e-03 
-1.376809261414e-01 -6.820820077601e-01 -3.601540716023e-03 
-5.466130687863e-03  6.606973704361e-04 -4.467950128375e-02 
-5.462533202343e-01  6.101477163121e-03  2.233806523552e-03 
 4.742946009127e-03 -4.832684975875e-02 -1.257701882662e+00 
 5.256592516338e-03 -2.814104309816e-03 -2.168669765319e-03 
-1.312519733823e-02  1.680941979977e-01  9.309081383365e-01 
 2.316454588722e-01  2.443212211601e-01  1.803308075314e-01 
 3.052632789365e-01  3.665861233782e-01  6.484792081538e-01 
-1.849752559472e-03 -1.048105608346e-03  9.063015099113e-03 
-2.783831601322e-03 -9.509402924915e-04  3.212804960056e-02 
 1.515623550918e-02 -5.786113004650e-01  8.382083875084e-03 
 1.619711543451e-01 -2.709328107384e-01 -1.860253476823e-02 
 1.409388216055e-01 -3.312479754189e-01 -5.595272408184e-03 
 2.143517738491e-02 -1.433090637728e-02 -2.696281100122e-03 
 4.445529390707e-03 -1.406648405784e-03  5.554691740261e-01 
-7.462465216680e-03  1.053846630573e-02  4.219929251179e-04 
-3.749002733155e-02  6.102485422065e-01  4.893940846054e-03 
 8.859566142961e-03 -8.594185715698e-03  6.323931093325e-02 
 5.610851548709e-01 -3.235518887021e-03  7.102475203156e-03 
-1.564706118102e-02 -1.760186565267e-01 -1.887251802889e+00 
 3.529998190736e-03 -4.367198985704e-03  8.789758810180e-03 
 9.158227843910e-03  5.792932193523e-02 -6.036075050554e-03 
-3.929138998573e-03  1.152717283270e-02  3.846806561114e-02 
 2.418790734419e-02  5.145433108809e-03  1.205332337073e-03 
-9.641875024612e-06  1.117863836290e-04 -3.623612919682e-03 
 1.328703259838e-03 -1.234299538897e-04 -3.230471039075e-03 
 2.281638587066e-02  1.038295252605e-01  3.612831273325e-01 
 2.724854183545e-01  1.320458476286e-01  4.098303464201e-01 
 2.993010760323e-01  1.710175286600e-01 -1.722099076831e-03 
 1.002286102618e-03  2.922998232182e-03  5.520103620034e-03 
 3.154609414711e-03  1.407177134532e-02  7.845986650098e-03 
 3.913645199700e-04  7.639025775155e-05  2.082112445320e-03 
 2.229961941795e-01  1.352555651050e+00  4.547502860524e-03 
 5.130615594537e-03 -2.959642133193e-03 -2.312570747636e-01 
-1.490120540204e+00  9.514980241914e-03  3.181961270351e-03 
 9.962565679998e-03  2.114216272156e-02 -1.146622433949e-01 
 6.733225331827e-04 -9.773253757546e-04 -1.888128179566e-04 
 8.374322067044e-02  2.449697799042e-01 -2.140147172301e-01 
 5.509729885408e-02  1.436282344721e-01  1.077496288261e-01 
-1.283792158739e-01 -4.060648262704e-01 -4.522141691659e-01 
 7.100331611428e-02  8.954986143348e-02  2.025455897252e-02 
 1.549303900579e-01  7.507223454614e-02  9.811525356707e-03 
 6.407727335131e-02 -7.218246373452e-02 -2.831006200332e-02 
 6.400450173494e-03 -8.736726557602e-02  4.759487580879e-02 
 2.145065833885e-02  3.408005119348e-02  1.288218957936e-03 
-7.488431114918e-06 -7.508655815127e-03 -3.279854277389e-03 
-1.056500732085e-03  1.607281670328e+00 -1.976904844491e+00 
-8.549992395837e-03 -3.175580499518e-02 -4.342180321564e-02 
 7.479972696942e-02 -6.095772974443e-02 -6.934100618830e-03 
-5.210238117303e-03 -7.756497367570e-03 -1.329187729439e-01 
 1.936803304436e-01  2.305117438234e-03 -3.091252810596e-03 
 1.985121229512e-03  9.091653844832e-01 -5.341409555583e-01 
 3.989075020427e-02  2.145549311035e-02  3.599839410612e-02 
 5.177504184217e-03 -5.551694988577e-02 -5.062652463620e-01 
-7.142884412550e-01  6.519966925330e-01  5.196620123541e-01 
 5.792974620334e-01 -1.139199131188e+00 -1.145244839773e+00 
-4.421158418639e-03  2.367967766035e-02  3.820370389952e-02 
-5.058175489754e-02 -7.862362272777e-02  1.294860825224e-02 
 9.024837133049e-02 -7.595370983620e-02 -2.390192375356e-02 
 1.220017406929e-02 -8.083245004197e-02  4.294226479504e-02 
-1.179914996572e-02  8.754769203031e-02  2.979949260235e-03 
-7.775254186617e-04 -1.378411948001e-02 -8.115985496576e-03 
-2.848318756513e-03 -8.425472905270e-01  7.951081724200e-01 
 5.283518224569e-02 -3.518800676303e-02 -2.383657875992e-02 
 6.678660484373e-02 -1.100024522613e-01 -1.081967640849e-02 
-8.682664229949e-03 -8.715845136033e-03 -2.140492898317e-01 
 2.495581936442e-01  2.393260705623e-03  2.133177593220e-05 
-3.603483773981e-03  7.108838264336e-01  6.254661922365e-02 
-6.883663515738e-02  1.617193536194e-03 -2.607570592171e-02 
 1.909959004072e-02  1.170915257681e-01 -1.144866520084e-01 
-3.347521217369e-01 -1.031673179584e+00  9.662539982723e-01 
 4.486853266969e-01  1.204196653964e+00 -9.746207099155e-01 
-1.508452500004e-02 -3.593348778362e-02 -2.889283222848e-02 
-6.902840650371e-03  2.249478945563e-02  2.055626044839e-02 
 1.324681656357e-01 -9.887648416414e-02  2.092204763941e-02 
 2.649510435239e-03 -1.990442080074e-01  6.859500789516e-02 
 5.292838984008e-02  2.156020165492e-01  1.147699326648e-02 
-1.562760423963e-02 -2.222750002228e-02 -1.821657910943e-02 
-1.072521324749e-02  1.343229508483e-01 -6.251407204741e-02 
-2.864117597665e-03  1.928860058755e-02  7.636386733360e-03 
 3.656144705694e-01 -4.168519062339e-01 -2.140608496477e-02 
-3.465084525129e-02 -6.503157402249e-03 -4.793180910787e-01 
 5.406175901832e-01  4.085226533308e-03 -1.360466855253e-02 
-4.427378143805e-03 -2.264329699274e-01  1.516418362986e-01 
-1.709162549968e-02 -6.772856114183e-02  2.168974497829e-03 
-1.003824552708e-01 -4.345323122492e-01  7.225696163023e-01 
-8.486799909963e-01  4.426168623497e-01 -3.150316138407e-02 
 1.619850453020e+00 -1.008093324803e-01  7.522221627962e-01 
-2.959998917657e-02 -1.140304096471e-01 -9.320039236934e-02 
 2.609065143911e-03  1.031034624188e-01 -1.090469710403e-02 
-4.496150962151e-02  9.206210377881e-02 -6.123672130403e-02 
 6.292488856633e-02  4.441277411872e-02  5.734891716050e-02 
-9.595111634698e-02  2.444093402620e-02 -1.557800548898e-03 
 3.700498758286e-03  9.129990903823e-03 -1.208542725754e-03 
 2.142915098204e-03  7.475905304431e-01 -1.370024168798e-01 
 1.889546346884e-02  5.954798430016e-02  8.368327221481e-02 
-1.200707400633e-01  8.947668236963e-02 -9.588710371629e-03 
 3.455956819298e-03  7.158234543707e-03 -2.324334058313e-02 
-4.042659365092e-02 -1.069895091643e-03  1.041730559982e-02 
 1.315367793993e-02 -1.077657714284e+00  2.466830655595e-01 
 5.692891402259e-03 -2.785529045697e-02 -4.557167552947e-02 
-1.074334994116e-01 -5.327165441355e-01  6.874124851987e-01 
-1.602382382263e-01 -3.006298941224e-01  3.368943722833e-01 
 1.309684228018e-01  3.176595311382e-01 -4.578757920547e-01 
 1.860599626690e-02  3.343244673094e-02  3.550189366164e-02 
 2.335929259985e-02 -8.237214927987e-03  2.044788922768e-02 
 1.169242543572e-01 -1.465792397682e-01 -5.694966824476e-02 
-8.639538379575e-02 -2.951913122253e-02 -2.036793574136e-01 
-1.235821060265e-01 -7.197160674655e-02 -4.718381591036e-02 
 5.419697731155e-02  4.306795043310e-02  8.339605605764e-02 
 4.717560943704e-02  4.981032789730e-02 -2.073489248030e-01 
-2.268237355661e-03 -5.151413300283e-03 -3.110703280747e-02 
-1.547240594861e+00  1.830639414216e+00  5.424925988695e-02 
 7.242710301324e-02 -3.149002459132e-02  1.268106404172e+00 
-1.511028439775e+00  6.707126525676e-02  2.886827289367e-02 
 4.646048911310e-02  1.515138806512e-01 -1.757689520967e-01 
-2.044540151611e-03  1.384416439337e-02  3.771509591085e-02 
 3.035492772107e-01  1.358826716641e+00 -1.569158512090e+00 
-8.031833865151e-01 -5.261134718094e-01 -7.780915599512e-01 
 1.482872969513e+00  8.451910081853e-01  1.365843637828e+00 
 5.400111729067e-02  1.416979083112e-01  9.320809428792e-02 
 6.236950110223e-02 -5.876920404253e-02  1.248391882894e-02 
 8.977515559428e-02 -5.793449624021e-02 -4.547908390245e-02 
 2.590200503092e-02 -3.401137514799e-02  6.525903894257e-02 
-7.041802420700e-03 -1.311882077726e-02 -3.694343048499e-03 
 8.813754563399e-03 -1.118538411227e-03  7.354359428196e-04 
 3.576849153851e-03 -3.911387475005e-01  1.564792980565e+00 
 1.619547349628e-01  7.834853064568e-03  5.620028830465e-02 
-7.148968810544e-02  1.127120675158e-01 -3.467229994394e-03 
 5.992259676933e-03 -9.877540176418e-03 -3.322813660639e-02 
 3.567837214131e-02  3.356744358330e-03  5.734215702210e-03 
 3.332126245735e-03  6.803423182546e-01 -1.478898759577e+00 
 7.691603684788e-02  8.261558793445e-02  1.344857025214e-01 
 1.966980463133e-02  9.235893595546e-02 -1.232493555161e-01 
-5.410592101112e-02  2.312587371992e-02  8.674483147173e-03 
 9.506797629996e-02 -2.306788214788e-02  1.254830259779e-03 
-3.578213706179e-04  1.876700066127e-03  3.599455680465e-03 
 1.451951362677e-04  2.348166812138e-03 -8.921019949698e-02 
-5.632702118943e-01  7.807289996556e-01 -5.017124104659e-02 
 3.691144078064e-01 -6.403444943384e-01 -2.521934360919e-02 
-1.946429563355e-01  2.843253549283e-01  4.562411970770e-02 
-9.887219273679e-02  8.072326823660e-02  6.775489575745e-02 
-1.240125303792e-02 -6.168321704926e-03  6.463039611412e-02 
 7.815671023796e-03 -1.618635127932e-03 -2.393468371103e-03 
 1.158416075408e+00 -1.111879257535e+00  3.414309618253e-03 
-1.234046034248e-01  1.787876397213e-01  1.439248579056e+00 
-1.406576285215e+00  6.038955308822e-02 -8.967266156505e-02 
 2.135348645427e-01  1.038279237686e-02 -2.456152464659e-02 
-7.054192166382e-03 -9.283142329217e-03  3.538573763197e-03 
-6.647581533593e-01 -3.063011522887e+00  4.832394654194e+00 
-1.088556760760e-01 -2.494507475383e-01 -2.391178344382e-01 
 2.537516392620e-01  7.078442295124e-01  7.883855367213e-01 
 2.553947803006e-02  1.303927190599e-01  1.390529670375e-01 
 5.829472771561e-02 -5.659071108605e-02  1.522245738081e-02 
 9.866782120665e-02 -7.503315849168e-02  1.049356811926e-01 
 3.587640994764e-01  1.323686972678e-01 -1.164121157946e-01 
-3.421937026228e-01 -3.357904163303e-01  1.820038164203e-02 
-6.635321251006e-03 -1.986185014388e-02 -2.954597586674e-02 
-2.033570809048e-02 -6.602661205874e-02 -2.513048756410e-01 
-5.788487200526e-02  3.127318294817e-02 -3.992521900804e-02 
 3.854684862459e-01 -5.498468003181e-01 -1.959510771704e-02 
-4.521752011159e-02  4.070457628436e-02 -1.845688456107e-01 
 5.116197958822e-01 -3.520337918777e-02  2.246140173332e-02 
-6.127411515585e-02  3.876723219357e-01 -2.218696991646e+00 
 3.154283173914e-02  1.323298657258e-01  2.413295569726e-01 
 8.500027431463e-02  4.092509909712e-01 -3.996055497679e-01 
-4.332289560763e-02  5.321781483507e-02  8.983667509173e-02 
 1.569527090055e-01  4.813784528077e-02 -1.143740446202e-01 
-2.374819044003e-01 -1.488483850128e-01  3.920602703275e-01 
 1.082910248741e-01  8.338139033809e-02 -3.836874259341e-02 
-3.083553466989e-01 -4.020833678489e-02 -1.817703996584e-01 
-2.537021410338e-03  6.288903143091e-01  1.665993621110e-01 
 1.986742341061e-01 -1.102961742176e+00 -1.145330301385e-03 
-7.533888457794e-03  3.347868025622e-03 -3.350955745613e-03 
-3.276629727900e-03  5.890386475153e-02  6.183540926998e-02 
 8.200195756426e-02  2.100766550620e-01 -2.085695521848e-01 
 4.275404812258e-01 -1.537174972628e-01  6.111741469870e-02 
 7.268347111607e-02 -1.022064141878e-02  4.557680934139e-01 
-1.234476365331e-01 -7.897389128441e-02 -2.713136146946e-02 
-6.285243860857e-02 -9.677052794599e-03 -1.882836631345e-01 
-8.393134831732e-02 -2.357593720993e-01  1.870952248322e-01 
 7.679560163860e-02  3.472090888476e-01 -6.374570134043e-01 
 1.256296538451e-01 -2.149434943623e-02  7.714199446445e-02 
-2.894448057662e-01 -8.151813929653e-02 -2.436825162424e-01 
 3.031298619478e-02 -2.294749798010e-02 -4.626043640989e-02 
 7.289917477936e-05 -4.679275719591e-02  1.556537814606e-02 
 1.663896773787e-01  1.161165669201e-01 -1.008641719892e+00 
 9.423690126486e-01  2.149856895026e-01  1.242889227609e+00 
-1.252812083866e+00  6.390480621829e-02 -2.415064426512e-03 
 1.120690292143e-02  1.541462385977e-03  7.517638591748e-03 
 6.939481464703e-03 -3.752927598652e-02 -5.831325704647e-02 
 2.823666192570e-03 -2.795135788129e-02  7.474939021830e-03 
-3.749119035223e-01  2.411159101819e-01 -3.456510874781e-02 
-5.067333721339e-02 -1.251891102240e-02 -3.096576000462e-01 
-6.086349324131e-02  6.740055085994e-02  2.084476590442e-02 
 7.449429895864e-02 -6.210584618938e-02  4.968604229125e-01 
 2.465461752826e-02  8.293182198131e-04 -6.506208492019e-02 
 1.519161206134e-01  6.984738868472e-01 -1.041089193523e+00 
-6.836393431985e-02 -2.421059803295e-02  1.779944958476e-01 
 9.601208561448e-02  3.524036732888e-02 -2.909730124865e-01 
 2.866989327463e-01 -1.849395249744e-02  1.753114402759e-02 
-7.076201622015e-02  3.270882959128e-03 -3.962770468395e-02 
-2.284071108731e-01  1.091707840781e-01  8.174625660508e-01 
 7.300993041646e-01  5.528891642786e-01 -1.339481617748e+00 
-1.091372782882e+00 -8.513966076700e-01  1.912492533891e-02 
-2.271106518693e-02 -2.757343703770e-02 -3.124347512942e-02 
-1.961362253047e-02  7.040979728129e-02  3.714180019325e-02 
 5.155985904874e-02 -1.948422692380e-01 -1.085159444225e-02 
 8.480331531321e-02 -8.775078438090e-01 -4.124007120700e-02 
-1.340280587199e-01  9.179809476573e-02  1.560219415733e-01 
 7.998114150789e-01 -7.653106116653e-02  3.438821428883e-02 
-1.961157874211e-01 -2.138639522611e-01  4.742177771990e-01 
 2.993977574956e-03 -2.193592282709e-02 -7.446694568622e-02 
 8.308802846429e-02  3.434607765792e-01 -9.190988666351e-01 
 1.048186593273e-01  9.589964457655e-02 -6.054376374751e-02 
-3.433212139175e-01 -4.211165300648e-01 -1.080693180647e-01 
-4.162222354922e-01 -1.137983007444e-01  2.476249745182e-02 
 3.164496344138e-01 -1.348272449709e-01 -5.448855315963e-03 
 1.225790812690e-01  3.700924935124e-01  4.957780411053e-01 
 4.179124830090e-01 -4.956293361179e-01 -6.728494884861e-01 
-9.476746185508e-01  1.118053482712e+00  1.469154894543e-02 
 2.649173443329e-02 -1.385153791799e-02 -2.871388777362e-02 
 8.326196538274e-03 -7.922919885937e-02 -4.027634930135e-02 
 7.996648713373e-02  2.728743831368e-01 -1.869643874363e-01 
-5.922174798994e-01 -2.108268978093e-01 -1.641455964011e-01 
-1.351297892908e-01  6.193014345642e-02 -5.651767197820e-01 
 4.409135680848e-01  6.009601216602e-02  1.103813468107e-01 
 2.555255891271e-02 -9.670862306938e-02  9.841953041634e-01 
 4.785762455103e-02  1.193282595917e-04 -9.769715052356e-02 
 1.254985506190e-01  5.417678348235e-01 -8.608926483783e-01 
 9.837150860982e-03 -4.316145894536e-02 -2.698750952279e-02 
 1.435710268013e-01 -1.096548536621e-01 -1.546553366423e-01 
-4.572110013740e-01  4.742016988464e-01 -1.226947733550e-01 
-3.506842301671e-01  2.984575417067e-01  1.688393740213e-03 
 6.479246129655e-03 -2.261089080547e-02  1.253186264897e-01 
 2.201545636938e-01  1.133769994474e-01 -2.428447943503e-01 
-3.284585491933e-01 -1.491306631566e-01  7.609262496076e-04 
-2.430413415944e-03 -1.053070700523e-02 -9.573150029402e-04 
-9.741762331778e-04  2.517338829257e-01 -9.678600218137e-02 
-1.680177824696e-01  1.272896010429e-01  1.557788895577e-01 
-4.462378439028e-02 -1.383040685259e-01 -8.188865677428e-03 
-4.315638478855e-02  2.548434917505e-03  3.560080061598e-02 
 1.515306137869e-01  2.806176338873e-03  1.165551665130e-03 
-4.456970389499e-02  1.662415054957e-01  1.699317722359e-01 
-2.582340769598e-01  7.899655536793e-02  3.909610286839e-02 
-2.255077295375e-02 -1.047943525369e-01  1.172990609683e-01 
 2.555999544637e-02  2.507706927903e-02 -3.136788822719e-02 
-6.290541207822e-02 -5.681064514015e-04 -1.223690833227e-02 
 1.070593833054e-01 -2.081996668712e-02  1.370015357100e-01 
-1.126727378212e-01  1.585635344744e-01 -3.512499709807e-01 
-1.608424817439e+00  2.256265716142e+00 -4.701871175437e-02 
-1.369665431742e-01 -1.686727088591e-02  1.435297258932e-01 
-9.291101116911e-02  5.011511642846e-01  1.016381279683e-01 
 7.472141896705e-02 -6.938546043222e-02  4.236817758064e-02 
 4.002600265346e-02 -6.435333045724e-02  1.356898266498e-02 
-1.204264760211e-02 -3.432318385182e-02  5.671413482699e-02 
-8.048578231689e-02 -1.967812677616e-01 -3.675384684557e-01 
-1.734596236510e-01 -2.547956684510e-01 -8.851183187729e-02 
-3.886266546365e-01  3.319998729957e-01  3.432739781362e-01 
 3.013875928808e-02  3.980603534607e-02 -1.220021732828e-03 
 1.641583366966e-02 -7.306458846692e-02  5.251463493221e-02 
-1.330460698543e-02 -2.323044066354e-02  4.128800760952e-01 
-1.376023352881e-01 -1.660511261431e-01  8.409021044895e-02 
 3.976992734072e-01  2.992564691343e-01  2.308000155953e-01 
-1.875784529956e-01  1.067378960885e-01 -3.795014861257e-01 
 2.519049754997e-01 -4.995473392772e-01 -1.667015459386e-01 
-8.846135002580e-01  7.707674591801e-01 -1.042271695979e-01 
-1.788132113187e-01  5.110124652287e-01  9.330257645660e-02 
 3.983234560412e-01 -8.512334252135e-01  2.886812967963e-02 
-1.249527890270e-02 -2.711067383861e-02  4.559271540112e-02 
-5.551702420112e-03  2.682229532721e-01 -3.387707856740e-02 
 8.981471158459e-03  1.874230303244e-02 -1.571972969314e-01 
 4.114355209362e-01 -1.806733931925e-01 -1.579805643558e-03 
-4.019714575426e-02 -1.299597207939e-01  3.983146268771e-01 
-2.216411010417e-01  8.852932704814e-02  2.959357732182e-02 
-7.495134557299e-02 -6.451173419144e-02 -6.575263199492e-01 
-9.833264959428e-02  2.148404625938e-01 -8.217713964567e-02 
 5.544597992154e-02  3.108662471235e-01 -1.428390725628e-01 
-1.085976771041e-01 -5.277039238552e-02 -2.124164695506e-01 
 5.201948562942e-01  2.932189605810e-01  6.698211243964e-01 
 7.522946850538e-02 -1.433965786471e-02  3.148205151720e-01 
-2.539231484097e-01 -3.257408824963e-01  1.983748016138e-02 
 1.462817150855e-01  1.505055820107e-02 -2.698495352568e-02 
-3.594913582104e-02 -2.701035254623e-01  1.415602650401e-01 
-7.336942845294e-02  4.882803866735e-01  8.763457088702e-03 
 3.286044229964e-02  3.436173846378e-02 -4.256880554587e-02 
 1.629886820821e-02  8.615342969389e-01 -3.829661054126e-01 
-2.176588909007e-02 -2.997931779423e-01 -3.578396218611e-01 
-1.804377590517e-01  1.238915323733e-01 -8.764024145596e-02 
 6.315123039655e-02  6.736175657984e-02 -2.312481688365e-01 
-1.278116382668e-02 -5.045988786514e-02  7.661669708770e-02 
 9.138643558672e-02 -6.256815208820e-01  1.473381567805e-01 
-4.021544682668e-01  1.024335247877e-01  4.338778524566e-02 
 2.114740244849e-02  9.096814233432e-02 -2.160579789997e-01 
-1.950527662064e-02  5.077794073506e-02 -1.209759045691e-01 
 3.398916033142e-02 -1.046083654255e-01  1.582764896119e-01 
-1.723745799686e-03 -1.052406279879e-01  1.377666407769e-01 
-6.812821984316e-02 -8.500247222132e-03 -1.208631101514e-02 
-1.170098492349e-02  1.784970109813e-01  1.013435648328e-02 
 4.730113020710e-02 -1.673398830851e-01 -2.731684382287e-01 
 1.194455673735e-01  5.804626567263e-01 -1.291587833931e-01 
-7.348173409992e-02 -1.958744620023e-01  1.411516470925e-01 
-8.947650493319e-02  1.580093749706e-01 -9.823623675329e-02 
-2.537255938228e-02 -3.442752920312e-02 -6.490747797896e-02 
-1.883690290797e-01  4.297851559659e-02  3.936555483105e-01 
-4.099404145357e-01 -2.488254077190e-01 -1.986445240926e-01 
 2.458698402849e-02  3.768628382654e-01 -3.606709813447e-01 
-2.184506299034e-01 -8.314410796075e-02  2.815943624179e-01 
-5.381860494719e-02  2.191944827181e-02  1.746118892512e-03 
 6.057107418939e-02  2.579789298060e-01 -4.441181330357e-01 
 1.190860321517e-03  5.805443802636e-02 -9.980900487879e-03 
-2.408054697111e-02 -1.410184464179e-01 -8.004438534556e-02 
-2.024207261418e-02 -9.475623196165e-02 -1.699116505555e-02 
-1.328831813979e-02 -2.858813270310e-02  6.550592435863e-01 
 2.854190796170e+00 -4.177215048815e+00  3.762483377100e-03 
-1.806813329501e-02  3.019295115625e-02 -1.327923252607e-01 
 4.296257500886e-01 -7.605411805605e-01  1.714608628688e-01 
-4.252653573929e-02 -2.152123738910e-02  1.056638466707e-01 
 1.561726338475e-02  6.819444921658e-02 -5.796340953258e-02 
-3.870377710043e-02  1.848718424682e-03  1.542062977690e-02 
 9.786533507696e-01 -1.287096351836e-01 -1.315505654985e-01 
 4.286262008248e-02 -3.087294485724e-01  1.040119233730e+00 
-5.498162815939e-02  9.564038362078e-02  2.164430101446e-01 
-2.327127546141e-01  1.498613444720e-02  2.464087474577e-01 
-1.079917312450e-02  1.330089791527e-02  1.078050739353e-02 
-1.913904850692e-01 -7.966813958367e-01  1.282644469079e+00 
 1.665687527066e-01  3.636914845000e-02  5.765474780771e-02 
-2.149268864312e-02  4.025292641667e-01  5.285310357992e-01 
-9.306879093600e-02  5.244704251644e-01 -2.609566004546e-03 
 2.553213501621e-01  2.883897732879e-01  5.900825859815e-02 
 2.617615288219e-01 -3.517270991463e-01 -8.976708400743e-02 
-8.108602431747e-02 -4.790252209335e-02  1.309871588444e-01 
 1.788895845156e-01  4.542502331140e-02  1.284677647208e-02 
 1.978810788501e-04 -4.808443010167e-03  1.838430535830e-02 
-2.602926929538e-02 -3.862607286051e-01  4.018055722802e-01 
 5.253038877877e-01 -4.237242211272e-01 -3.087594933484e-01 
 1.118206657431e-01  3.988797376458e-02  4.449138203087e-02 
-3.470654963925e-02 -4.945394812981e-02  2.072243746505e-02 
-4.559671699011e-02  2.394423131467e-02  2.895374642296e-02 
-1.455813013430e-02 -1.092715492959e+00  1.561857151065e-01 
-1.994078599384e-02 -7.654167613179e-02 -7.354289330159e-02 
-1.896375228425e-02 -8.124564416900e-02  1.307643738309e-01 
 8.726891762691e-03  3.759714012003e-03 -1.598124498293e-02 
 9.770112604265e-03  3.619866811023e-02  6.031075282462e-02 
-1.620057929546e-02  2.072887640653e-02 -2.834318681044e-03 
 2.246790231140e-02  5.770129838119e-03 -1.578784239328e-03 
-5.371766034720e-03  1.360569774652e-02 -2.687997655176e-02 
 1.668341348056e-02  8.037323655406e-03  1.311032488344e-02 
 6.161111066502e-04  9.812694536841e-03 -4.090726722739e-02 
-1.565539545882e-01 -8.401995174982e-02 -4.887824008936e-02 
 3.002088617031e-01 -1.521800037653e-02  2.289816229714e-02 
 2.706311265753e-02 -4.683024808012e-02 -6.620792953463e-03 
-1.455614282469e-03  2.409150076399e-03 -3.902777586735e-01 
 3.796111783577e-01  2.675859554986e-01 -9.559903581449e-03 
-7.466005398255e-04  4.237526363698e-01 -4.111167674934e-01 
-2.872952387334e-01 -5.319276858009e-02 -2.987487235324e-02 
-9.140058506977e-03 -1.484069953719e-02  6.557653716558e-03 
-9.553447271991e-03 -4.059999467399e-02  8.096355150465e-02 
-1.566733798480e-02 -7.546872132749e-02  6.351074273521e-02 
-4.449406401055e-02 -1.725925888157e-01  1.845538667920e-01 
 3.608995930179e-01  8.415828722186e-02  4.042031357326e-02 
-3.295418924902e-01  2.545663939098e-01  1.576112196072e-02 
 5.658167634385e-02 -1.187094543446e-01 -5.231610175643e-02 
-4.950785868122e-02  1.945903702528e-02  7.523474021304e-02 
 1.050756479503e-01 -6.008012999294e-02  1.392131177569e-02 
-1.412517993896e-02  2.303013821487e-03  3.438054131981e-03 
 3.869713613714e-03 -1.097145112362e-02  1.695832345357e-02 
 1.963004959953e-01  6.380715379609e-01 -5.407459530659e-01 
 8.925893402822e-02 -6.148110094356e-03 -3.924771359763e-03 
 2.268415917182e-02  7.459158230547e-03  3.859648670087e-02 
-2.997912462543e-02  2.101184868981e-02 -4.767860058329e-04 
-2.230088019532e-02 -1.590866619254e-02 -5.059153682303e-02 
 9.345618860059e-02  3.621606522388e-01 -2.911281693788e-01 
 1.245399330596e-01  3.696819221398e-01 -8.710729815917e-01 
 4.412305613836e-01  1.944787826745e-02  1.846575651348e-01 
-2.590077724577e-02 -1.739553200461e-01 -2.475358956039e-01 
 3.148303562188e-04 -6.373864996039e-01 -3.208424008225e-01 
 2.537506754865e-02  2.916557324253e-01 -2.087528079697e-02 
-8.795451493971e-02  1.302043271233e-01  5.798052514881e-02 
 7.679235519163e-02  1.579669273756e-02 -3.046334911539e-02 
-8.489627021621e-02 -1.789064567519e-02 -6.253053446172e-03 
 1.022152635667e-02 -1.148785315515e-02 -2.567619349839e-02 
 1.026407469257e-03 -2.619786365031e-02  3.799801348168e-01 
 5.349966957845e-01 -6.174536170711e-02  1.130460532531e-01 
-4.387009882744e-02  8.243367795943e-03 -2.302496158738e-02 
 2.838575695909e-02 -5.655177165206e-02  4.831693176530e-03 
-6.674168291846e-03 -2.716980899238e-02 -4.241582636563e-02 
 6.469800960077e-02  9.073981807374e-01 -5.008098337295e-01 
-6.325719333848e-01  4.053690879053e-01  2.928814341873e-01 
-7.485821944279e-02 -3.923018373570e-01  2.389654553108e-02 
 2.636823151899e-01 -9.313012903207e-02 -3.005694992840e-02 
 3.609544309071e-01  1.106456172789e-01  3.028441467790e-01 
 3.571582122279e-01  2.462083823483e-01  3.985103425226e-01 
 3.168280941194e-01 -2.668349008188e-01  2.735628356599e-02 
 1.219386310910e-01 -1.505295367036e-01 -2.767746129425e-02 
-3.714881399478e-02 -3.631231381408e-02 -3.423355965463e-04 
 3.427427434163e-02  7.643690751833e-02 -3.397724798028e-03 
-3.434114292752e-03  1.596426028776e-03  8.327244485482e-03 
-1.568228728393e-03  1.751245067693e-01  3.415899449740e-01 
 1.992793477769e-01  4.124154397941e-01  5.995726197678e-01 
 1.345363750002e-02 -4.959670636379e-03  1.450207876161e-02 
-2.899152992831e-02  2.324359503624e-02 -2.569736641125e-03 
-4.653130168752e-03  2.832884653740e-02  2.122012509703e-02 
-3.940367231490e-02 -8.687704397002e-01  5.681208500765e-01 
-5.579099757509e-01  2.904966391467e-02 -2.427784046867e-01 
 4.180163958792e-02  1.678892184746e-01 -2.520739659776e-01 
 2.472385605341e-02  1.076197542390e-02  6.025095648937e-02 
-3.194149256708e-02 -5.736218386646e-02 -1.233581667456e-01 
-4.004186458552e-02 -9.394239332648e-02 -2.341061878612e-02 
-2.927160892430e-03  5.154909561763e-02  8.858531820635e-04 
 3.261932716354e-02  2.120745456025e-02 -4.306865019958e-01 
-3.769986080382e-01 -7.726602465469e-02  5.333807335962e-02 
 5.434360623235e-02 -2.892514019047e-02 -9.816739502008e-02 
 1.076971114256e-01  8.958305856278e-02  1.491578914226e-01 
 9.153140955275e-02 -1.263077437190e-02  9.296114602057e-03 
 1.836185019492e-02 -3.833895829548e-02  6.888453152331e-03 
 1.200504667289e-01 -3.150268699590e-01  1.448294086803e-01 
-3.292957983421e-01  6.897783654895e-01 -9.663073249379e-02 
 2.595146189242e-01  5.675708233324e-02  4.345680492978e-01 
-5.278499549817e-01  1.443696568536e-01 -2.976749033047e-03 
-1.928997149385e-02  7.753642865243e-02  2.909062927980e-02 
-1.565813893458e-02 -5.768189624317e-02  1.925169927081e-01 
-9.167110875028e-02 -2.216158723167e-01  1.676868596317e-01 
 3.152697155419e-02  5.607506510133e-02  1.543100443366e-02 
-4.364356862671e-01 -2.636715779109e-01  7.311374220867e-01 
 1.114373678400e-01  2.851025753883e-01 -3.987102923993e-02 
-2.075758315948e-01  1.431936701034e-01 -2.561098019769e-02 
-1.587163906717e-02  9.529720675904e-02  7.205367367673e-02 
 9.448966340600e-02 -2.338665111642e-01  6.469085900990e-02 
-4.563517394102e-02  2.265008836761e-02  1.811616978842e-02 
-1.390594909137e-02 -2.732621993910e-02  8.473900168631e-03 
-9.581907910576e-02 -3.140643190718e-01  2.031005717288e-01 
 6.551678214611e-02  3.092643488334e-02  1.208609090547e-02 
 7.213387995887e-02 -2.060770263496e-02  4.988843564198e-02 
-1.657642643756e-02 -2.708233550115e-02 -2.130017786560e-03 
 3.270796099587e-03  1.074051886725e-01 -2.672290765438e-01 
 2.419877392376e-01  7.967936650574e-01 -6.405127021018e-01 
-5.930899425795e-03 -1.767590322581e-02  8.974138319157e-02 
-1.515734726723e-02 -1.612405282391e-02  2.964074148425e-02 
 1.087495576562e-02  2.002709136197e-02  3.327132338153e-03 
-2.823585370154e-02 -3.851257357503e-03  5.465551897173e-02 
 1.467328146108e-02  2.062376455840e-02  2.519287304137e-01 
 1.246277356368e+00 -8.034884681908e-01  6.413696439581e-02 
-4.569480631925e-01  7.715900198249e-01 -1.250341935036e-02 
 3.618109769194e-01 -5.784309351683e-01 -4.842441087001e-01 
 7.853925205151e-02  5.240692980779e-02 -2.839867610770e-01 
-5.795314586315e-02 -1.643267296224e-02  6.643038554753e-03 
-1.662888274091e-02 -1.944094866693e-02  8.690859026242e-03 
 1.809919762406e-01 -2.556986497673e-01 -3.786387025830e-01 
-5.095791153752e-01  1.828329269429e-01  2.360153311078e-01 
-2.074521075041e-01  2.303305544440e-01 -1.142659222240e-01 
 5.045521891927e-01 -1.127683447306e-02 -8.668931501928e-02 
 3.751771193653e-02  7.087095002596e-02 -5.678700395094e-02 
-3.527112758220e-02 -5.683757997010e-02  1.882086888631e-01 
-1.549177148431e-01 -9.092796026617e-02 -1.504290595489e-01 
-1.324359964853e-01 -7.131929938631e-02 -1.701365779629e-01 
 1.310239610176e-01 -4.692308016821e-02 -1.107956550822e-01 
 3.332262462988e-01  2.884883610353e-01  6.606527683722e-02 
 3.094611352508e-01 -1.946728293410e-01  3.232414668305e-01 
 1.416163701208e-01  2.842118997486e-01 -3.269735983256e-01 
-1.836258112110e-01 -2.247607038227e-01  9.088952010318e-02 
-5.044148862034e-02 -1.591473225888e-01 -1.984331242772e-01 
 1.579844762626e-02 -4.720909509874e-01  6.574603711744e-04 
-3.861620632071e-01 -4.489613872019e-02 -1.784393514336e-01 
 1.814613555525e-01  1.670158445247e-01  6.756339172615e-01 
 3.886614202553e-01  3.199593032529e-01 -1.510750252046e-01 
-2.496670827446e-01  6.860525319436e-01  5.143667165985e-01 
 3.540816407634e-01  1.016088513942e-01  1.499471138132e-01 
-2.568024030609e-01  1.905792563361e-02 -3.606903319009e-02 
 1.793425883265e-01  5.438817757842e-01 -9.209081133923e-01 
 4.087784967243e-01  3.094765750727e-01  5.415730711027e-01 
 3.133215052430e-01  1.011777432548e-01  1.892648779669e-01 
-3.016855686396e-01  1.509970840968e-01  2.544588511520e-01 
-7.771697331282e-01 -7.232005641161e-01  2.257847560873e-02 
 1.092532469022e-01 -4.401641596955e-02  1.530167255986e-01 
 3.374398773865e-02  1.526058545166e-01 -1.529351134211e-01 
-3.445391545245e-02 -1.618768031872e-01  3.875032916339e-02 
-8.048455799527e-03 -7.680752140457e-02 -3.698533899152e-02 
-4.933750209659e-02  1.169064522905e+00 -2.648897138254e-02 
 9.164680226914e-01  1.184682579212e-01  4.652730209462e-01 
 9.261324585084e-02  5.952761984799e-02  2.499032169998e-01 
 1.805982855601e-01  1.588516154248e-01 -5.853439118538e-02 
-9.241331648949e-02  2.894527624081e-01  1.918604323511e-01 
 1.548487147827e-01 -4.089836567610e-01 -1.119012377516e-01 
 6.572592907054e-01  7.208799361683e-03  2.165605230182e-01 
-1.160146826237e-02 -6.847829653760e-02  4.114493576397e-02 
 1.170081604736e-02 -8.691101659369e-03 -1.589047247754e-02 
 3.148835152777e-02  2.619979849259e-02  6.749848431224e-02 
-3.094363253901e-02 -5.028076759249e-03  1.744608145508e-02 
-6.561703869650e-02 -4.433145118299e-02 -6.603366257235e-03 
-3.094818766849e-02  2.112718994407e-02 -1.917577463999e-02 
-2.668680466417e-02 -2.997667816335e-02  6.588979735577e-03 
 4.359079287414e-02  2.904264711806e-02 -6.714505159903e-02 
-3.888067486287e-01 -1.174168130010e-01 -1.947308019323e-01 
 8.638678467561e-01  8.310118867607e-02 -6.805090607953e-04 
 6.927695778722e-02  4.303435627139e-03  2.528315991639e-02 
-1.537379056247e-02 -1.242147307036e-02  2.718085327542e-01 
-3.541597915524e-01 -2.521668470509e-01  1.642848246451e-02 
 2.003478111498e-02 -3.288964627059e-01  2.262281653243e-01 
 1.537615677204e-01  3.927494539738e-02 -8.187141752414e-02 
 3.776795288900e-02 -1.721739975333e-02 -2.863004417384e-02 
-6.821655106115e-04 -1.197767656313e-02 -3.064133928008e-02 
 1.149658020858e-03 -9.479226812083e-03 -1.034037331587e-02 
 4.493630071981e-04  1.405093315402e-04 -7.484676171293e-03 
-1.308607715566e-02 -1.675915242688e-02 -9.313503980741e-03 
-2.758195011981e-02 -1.017996304735e-02 -5.893648888081e-02 
-3.873468109480e-01 -1.692945824272e-01 -2.203717213370e-02 
 2.770477094181e-01 -4.278038121973e-01 -2.444746482206e-02 
-1.558947412510e-01  1.914527718715e-01 -6.422264024096e-01 
-3.707557900853e-01  4.306049416195e-01 -2.857228036798e-01 
-2.173829724582e-01  2.432235240320e-02 -5.805611453577e-03 
 2.144154787796e-02 -2.877878866139e-04  7.659992246791e-03 
 2.530238470411e-01  5.567233956469e-02  1.758152750616e-02 
 3.046247019979e-01 -4.081780566534e-01  1.916393503641e-01 
 3.895950038971e-04  1.446447071257e-01  4.331345753468e-01 
-4.261066846288e-01  7.004274456732e-02 -2.798760834354e-02 
 4.063132107542e-03 -1.930631083095e-02 -5.815254392858e-03 
 5.081008334222e-03  3.439345398039e-02  1.340807612239e-02 
 3.040582740991e-03  7.901553419180e-03  1.591293051043e-02 
-2.077494049877e-02 -1.309781408805e-03 -1.602561498774e-02 
 1.880816522053e-02  1.891178066926e-02  4.849081690189e-04 
 4.152534426677e-02  2.389188813718e-02  3.417548053608e-04 
 1.405916759981e-03 -4.278429301706e-03 -1.617220526726e-02 
 1.566545228341e-02  7.767490313586e-03  2.173004099578e-01 
-2.113548359375e-01 -1.473902713484e-01 -4.144950220949e-01 
-3.791101238528e-01 -6.944233423194e-01  5.142775406841e-01 
-1.814742379942e-01 -4.688695657354e-02  3.020053022432e-03 
-3.607253714803e-02 -2.901028968120e-03 -1.534110238912e-02 
 2.001577137649e-03 -4.875856759661e-04 -2.887704901427e-01 
 2.794817581561e-01  1.924839497391e-01  3.125834866099e-03 
-7.749996123498e-04 -3.709538613365e-01  3.655122366265e-01 
 2.507292684485e-01 -7.486109629790e-02  4.573937995924e-02 
-1.408348379281e-02  2.754111010117e-02  1.250174569570e-02 
-3.217242281044e-01 -1.639224612208e+00 -5.918213637527e-01 
-4.573520319246e-01 -1.030730744862e+00 -1.436008594756e+00 
 1.478552788446e-02  7.838129054421e-02  1.254095372078e-01 
-4.498146525367e-01 -8.648103993904e-01 -4.507678155610e-01 
-7.184835129393e-01  5.023737908805e-02  6.370819496708e-03 
 5.679224044035e-02  7.982257326525e-02  3.890014370420e-02 
-7.643997849496e-03  8.791302074968e-02 -5.281650689167e-02 
-1.158465424526e-01  7.102089756960e-02  3.260112968369e-02 
-5.983990117304e-02  3.198138717453e-02  6.565383883454e-02 
-3.620945637351e-02  4.039205224161e-01 -1.739861989575e-01 
 3.661060063896e-01 -5.681851681723e-02  4.544862662461e-02 
-1.647551751577e-01  4.685135491661e-02 -1.228928579349e-02 
-2.832283524656e-02  6.912804090318e-02 -1.665197981424e-01 
 4.396924685447e-02  7.156775403649e-02  2.720782562600e-02 
 7.633473044476e-02  3.212466131062e+00 -6.833873065922e-01 
-3.827824697552e-01 -9.957761571119e-01 -1.315247406614e+00 
 2.862363179515e-02  1.394173699509e-01 -4.749585844751e-02 
 6.802319147431e-02  1.107392353722e-01  7.773076963877e-02 
-7.474173750106e-02 -6.770987016883e-02 -1.061536404064e-02 
 6.186428890971e-02  6.589532963208e-02  1.264118124762e-02 
 5.976589559591e-02  9.978764114023e-04 -1.812214586503e-01 
-3.943745923185e-01  2.374961973602e+00  6.834122374832e-02 
-3.788999135934e-01  5.977781409850e-01  2.269031287757e-02 
-5.470361398329e-01  9.111905978195e-01  4.254594412548e-01 
-9.325381102836e-01  5.567800520951e-01  3.352556193540e-01 
-2.225925756356e-01 -5.420027413072e-02 -2.740728550719e-03 
-3.386116992178e-02  1.398611146070e-02 -2.331881214860e-02 
-2.010898273385e+00  6.250282904005e-01 -3.430248861949e-01 
-6.709449466235e-01  4.348493311227e-01 -1.901190768821e+00 
 6.187624340943e-01  4.257762168661e-01  4.521941034713e-03 
 5.965979497583e-01 -2.646927286378e-01  2.646762053163e-01 
-1.244154630323e-02  3.213587751700e-02  1.756496031222e-01 
 1.840906247748e-02  6.453131930923e-02 -2.063120549687e-01 
-1.600612840463e-02 -2.391550880743e-02 -1.096704803546e-02 
 5.383417196375e-03 -1.993706689959e-02 -7.709926794163e-02 
-1.927844729566e-02 -3.064979151872e-02 -2.789510560873e-02 
-2.571377609239e-02 -5.574658918196e-03 -1.586889579093e-02 
-9.995493895447e-02 -1.833546110123e-01 -5.216028111098e-01 
-3.123011322261e-01 -3.129789842778e-01 -3.873709865329e-01 
-2.721699759774e-01 -1.897824795592e-01  4.310648980923e-01 
-4.324031844335e-01 -6.229972104638e-01 -9.885431449652e-01 
-5.017058950491e-01  3.100298218658e-02 -1.508883425720e-02 
 1.296010566663e-02  1.389683564298e-04  1.425384672015e-02 
-1.396892950882e+00  3.344757715968e-01 -2.938044978528e-01 
-6.530495903111e-01  5.074684547540e-01  1.935555870331e+00 
-5.336858219208e-01 -5.193117493979e-01  1.146945825634e-01 
-9.262661205127e-01  1.155668093212e-01  4.743355386992e-02 
-3.887486764649e-03 -2.889959264673e-02 -2.581672396942e-02 
orbocc
(*)
 0.000000000000e+00  0.000000000000e+00  0.000000000000e+00 
 0.000000000000e+00  0.000000000000e+00  0.000000000000e+00 
 0.000000000000e+00  0.000000000000e+00  0.000000000000e+00 
 0.000000000000e+00  0.000000000000e+00  0.000000000000e+00 
 0.000000000000e+00  0.000000000000e+00  0.000000000000e+00 
 0.000000000000e+00  0.000000000000e+00  0.000000000000e+00 
 0.000000000000e+00  0.000000000000e+00  0.000000000000e+00 
 0.000000000000e+00  0.000000000000e+00  0.000000000000e+00 
 0.000000000000e+00  0.000000000000e+00  0.000000000000e+00 
 0.000000000000e+00  0.000000000000e+00  0.000000000000e+00 
 0.000000000000e+00  0.000000000000e+00  0.000000000000e+00 
 0.000000000000e+00  0.000000000000e+00  0.000000000000e+00 
 0.000000000000e+00  0.000000000000e+00  0.000000000000e+00 
 0.000000000000e+00  0.000000000000e+00  0.000000000000e+00 
 0.000000000000e+00  0.000000000000e+00  0.000000000000e+00 
 0.000000000000e+00  0.000000000000e+00  0.000000000000e+00 