2mocoef
header
1
MO-coefficients from MOLCAS
1
48   48
a
mocoef
(*)
 4.650460235285e-06 -3.985068079729e-05 -2.401372628598e-04 
 1.863505623125e-04  1.288880101339e-04  1.084496753757e-04 
-1.527521671267e-04 -1.619474837605e-04 -3.453937936931e-05 
 4.795734143603e-06 -6.514129116864e-06  1.195681989146e-06 
-7.971913102195e-06 -6.992788456824e-07  1.000505164590e+00 
 3.060971542104e-03 -2.026536511018e-03  3.487419470238e-04 
-1.354283215504e-03  1.817570646166e-03 -3.084626549312e-04 
 8.573383357569e-04 -1.217734450883e-03  1.865821601841e-04 
-3.575000682362e-04  1.006340764729e-04  1.108173813615e-04 
-2.492007187158e-05 -2.214598714498e-04  3.611816386584e-05 
-1.277727685691e-05  8.704401871223e-06 -1.744058245693e-05 
-9.647738600557e-04  1.016148001507e-03 -3.273867571446e-04 
-6.247319754095e-04  4.757902002117e-04 -5.475708151018e-04 
 7.343577315532e-04  4.782117027595e-04 -5.222170396612e-05 
 5.061680728235e-04  1.109161836028e-04  3.816728103076e-04 
-2.764412554836e-05 -4.357163573635e-05 -1.943297663555e-05 
 1.000617165350e+00  3.366092381702e-03 -3.438340772072e-03 
-1.101737047873e-03  1.173539203187e-03  1.078830310580e-03 
 7.768909257494e-04 -9.144029086707e-04 -8.757570831626e-04 
 2.574242244843e-04  9.646206328669e-04  4.562058353737e-05 
 7.016854053054e-04  4.049231941285e-04  1.011771571463e-05 
 4.012897151963e-05 -1.210257335133e-04  1.870266080344e-05 
 3.389397271920e-05  1.428310409831e-05 -1.303593785740e-04 
-1.010723909810e-04 -1.025212699350e-04  6.365004504959e-06 
 8.198014182691e-06 -1.499744564025e-05 -2.656674903905e-05 
-1.933203449907e-05 -7.545033367945e-04  1.184534917635e-03 
-7.009368957680e-04 -3.078865471690e-05 -1.964236537268e-04 
-5.224741001023e-05  1.342345392246e-05  1.281106686140e-05 
 4.367458155776e-06  3.026103115488e-05  1.582239351894e-04 
-4.891123910829e-05 -1.639589797751e-05  2.656924708858e-05 
-2.862771956431e-05 -1.589315132939e-03  2.204552028442e-03 
 1.074710658076e-04  4.190122102685e-04  5.237734892777e-04 
-4.078198648432e-04  3.164864468474e-02 -1.238128293835e-03 
 1.236810814156e-03  6.774718016310e-03  9.585536046091e-03 
 1.091111258895e-03 -4.684149880197e-04 -8.126138093602e-04 
 2.101587428518e-04  6.287890480345e-04  6.523218111904e-04 
 2.958367682851e-04 -1.127134237312e-04 -8.915851745483e-03 
 7.978106619314e-01 -1.379839773389e-01  3.079177853536e-02 
-1.151170206643e-01  1.644945611124e-01 -8.189310334643e-03 
 4.498119299362e-02 -7.451040735669e-02  9.522986299619e-04 
-6.449674292837e-03  3.596791911018e-03  2.182811210413e-03 
-1.066603990422e-03  6.312891146936e-03 -2.046534476222e-03 
 6.413768097727e-04  2.298326948587e-04  4.359887256357e-04 
 4.223839932765e-01 -1.935430373551e-01  1.692398811639e-02 
 2.746905102862e-02 -1.947770637275e-02  3.831977654203e-01 
-1.741845662359e-01 -2.479206602042e-02  8.413940533316e-04 
-2.478786888247e-02  2.481850190966e-02 -1.843081811864e-02 
-5.052074169102e-04 -5.949709971873e-04 -2.315322021125e-04 
 3.545206663889e-03  9.012967312299e-01 -1.616893873511e-01 
-5.691404369143e-02  1.076591397851e-01  1.070475406166e-01 
-4.562823812801e-03 -3.029196860346e-02 -3.870062857925e-02 
 2.450343555795e-03  1.054750352061e-02 -9.740291653493e-05 
 7.336317236154e-03  4.106981289764e-03  3.880838122603e-05 
-3.553383470779e-02  7.422152089515e-03 -3.480369706557e-04 
 5.734165805161e-03 -1.122638506042e-02  1.778702612366e-03 
-9.187448537608e-04  3.530442098287e-03 -6.839249787403e-05 
 1.573704226593e-04  4.773571988218e-04 -1.414537130003e-04 
 1.579145822515e-04  2.941618273834e-01 -1.431751719608e-01 
 2.207115596176e-02  6.965075174857e-03  1.320414813002e-02 
-1.997274760426e-02  9.635099797051e-03 -9.255213179039e-04 
-1.373227523474e-03  8.343616042982e-04 -1.869458331586e-02 
 8.725645342154e-03  1.184803584773e-03 -2.206545955827e-04 
 1.452303080996e-03  4.543938842591e-01 -2.259439528604e-01 
-1.427629772824e-02 -1.819276395884e-02 -2.660495918909e-02 
-1.439928137211e-03  1.514986710352e-03  1.904452520107e-02 
-9.896410086894e-03 -6.037571978207e-03 -6.924771536484e-03 
 3.399840876644e-03  5.184418017089e-03  9.413608270094e-03 
 2.990692566598e-04 -5.985861455280e-05  1.372633156249e-04 
-1.358339991973e-04  4.691154611378e-04  4.385929044306e-05 
-2.195285012488e-02 -1.638674230665e-02 -6.021973737485e-01 
-3.845582379499e-01 -7.500610054807e-02  3.351893159190e-02 
 2.500068956733e-02 -5.314847234120e-04  1.174754264293e-02 
-1.111870956884e-02 -6.034184878842e-03 -2.187066839704e-02 
-1.446068675925e-02  9.645364322207e-03 -1.038488888391e-03 
 6.152722278615e-04  1.010968111249e-05  1.481699129335e-04 
 5.131021124867e-01 -1.220461046411e-01  1.017149901306e-03 
 1.718074197184e-02 -2.247220790253e-02 -4.979613357172e-01 
 1.101614580784e-01  1.097929461695e-02 -9.979475996054e-03 
 2.476705818458e-02 -1.600611387475e-02 -1.347162411830e-02 
 6.386427752130e-05  8.604882766796e-04 -1.744504390816e-04 
 4.004751478032e-03  9.910499949720e-02  2.949761376935e-02 
-3.676311193771e-01 -2.211904844962e-01 -3.579285558839e-01 
 7.816411863888e-02  6.100834659588e-02  7.164206963930e-02 
-6.465548287192e-04 -7.949720446521e-03 -1.095056419141e-02 
 5.671439770247e-03  1.398430485213e-02  2.305822482333e-03 
-2.560553993694e-01 -1.011848801614e-01  8.363659651732e-02 
-1.799868248224e-01  3.695692978857e-01 -3.500104400757e-03 
 7.262275794511e-03 -4.426627805591e-04 -3.183844898722e-04 
-8.517531794634e-03  4.267872643360e-03  5.146305813984e-03 
-9.866153923028e-04  4.412569566889e-01 -1.733436533881e-01 
 2.243348071444e-02  3.366462958683e-03  9.737966776474e-03 
 1.902382458046e-01 -7.843363114478e-02  1.145573659625e-02 
 5.566490365531e-03  3.983975366583e-03  2.298866863351e-01 
-8.208436697429e-02 -1.158192439640e-02 -6.779721844100e-03 
-2.170840448240e-03 -4.048451903554e-01  1.396408763862e-01 
 5.663284040587e-03  1.323678206802e-02  1.358643187690e-02 
-1.220043464920e-02 -2.760980157261e-01 -6.343117875600e-03 
-4.906213567545e-01  3.492311519160e-01  2.976638118799e-01 
 3.661030494083e-02 -3.475983120445e-02 -1.124813468082e-02 
-4.047657769527e-03  4.239324968279e-03 -2.063286130952e-04 
-1.035014379256e-03  3.750584261630e-03 -2.536412652967e-03 
-5.937520129773e-02 -9.396976342959e-04  3.325872679603e-01 
-4.625073622556e-01 -2.962629534240e-01  2.927992025346e-02 
-3.792148637732e-02 -3.108960802398e-02 -5.017926862003e-03 
-3.708214778791e-03 -7.743530534679e-03  3.907589616376e-03 
-3.771389870099e-03  1.564919953660e-01 -3.514308798982e-02 
-9.680152291245e-04  9.796486536850e-03  1.055033994289e-02 
 1.827211112417e-02 -1.926342987738e-03  1.077920565134e-02 
-1.255850435865e-02 -9.036870783399e-03  2.015854885420e-02 
-3.634652404260e-03  8.030776820022e-03 -1.331454721551e-02 
-8.830230379394e-03  1.234184696400e-01 -3.958299632672e-02 
-1.445384321697e-02  2.552433159057e-03  1.789588459196e-03 
-1.488450133413e-04 -1.202902410509e-02 -9.004746201948e-04 
 3.133409591197e-01  1.965785253088e-01  2.811842483243e-01 
-4.270088326404e-02 -2.402817811599e-02 -6.505983111998e-02 
 1.109694197536e-04  7.447399600329e-03  3.932984729230e-03 
-2.849081860182e-03 -1.178202910795e-02  2.206462082537e-03 
-3.670605511587e-01 -1.366745063512e-01  8.483593518035e-02 
-2.581365522937e-01  4.863911743555e-01 -3.683567269883e-03 
 1.233467226728e-02 -2.279514314564e-03  8.031407430177e-04 
-1.217421065189e-02  5.690799748264e-03  5.327810964899e-03 
-1.708351838474e-03 -3.322329660352e-01  1.399443805294e-01 
-1.723603564502e-02 -2.866890277059e-03 -6.258346976477e-03 
 2.719858854941e-01 -1.056580224274e-01  1.516805006262e-02 
 7.756631784573e-03  4.895408712180e-03  2.772303331712e-01 
-1.002855421357e-01 -1.495108419308e-02 -9.704211562739e-03 
-1.339242242515e-03  3.226819417203e-01 -2.019575557919e-01 
-1.876119793518e-03 -8.047270876624e-03 -1.770592582766e-02 
 7.598255556376e-03  2.328263935340e-01  2.412438010078e-02 
 4.720776425729e-01 -3.879572387121e-01 -2.893888320894e-01 
-2.972797269052e-02  1.816015095529e-02  3.739384398637e-02 
 4.713133618697e-03 -6.442619713503e-03  4.886883629579e-03 
 9.992643154789e-04 -3.819451502405e-03 -2.951429870317e-03 
-2.926917322615e-02  1.173990632636e-02  3.277068751378e-01 
-4.483981076176e-01 -3.273200858721e-01  2.899660035003e-02 
-3.942148836362e-02 -3.801227232287e-02 -5.234549273603e-03 
-2.273751571642e-03 -8.769507499239e-03  3.016789746964e-03 
-3.821871433678e-03 -1.508375344236e-01  4.173728981858e-02 
 1.424686564682e-03 -9.638855453188e-03 -1.062704146732e-02 
 2.673001954110e-03  3.568949660050e-03  9.932000752442e-03 
-1.250945228423e-02 -9.448913445443e-03  3.020251929458e-03 
 3.234859501135e-03  8.472595502305e-03 -1.231999546413e-02 
-9.364228477921e-03 -1.430306320566e-01  6.268897009769e-02 
 1.528311870546e-02 -4.509288372728e-03  3.667451457338e-03 
-9.496238630626e-04 -8.166347696067e-03 -1.325350588768e-02 
 1.272045892267e-01  5.723610646613e-01 -5.194058941988e-01 
 2.872473463043e-02  1.678291932891e-01 -1.615648213779e-01 
-7.499881786225e-03 -2.441135357534e-03 -7.604591321635e-03 
 7.944745787431e-03 -8.589569352692e-03  3.485831261900e-04 
 5.099297805992e-02  2.811770166034e-02  2.160734120463e-02 
-2.983149526469e-02 -7.018281348619e-02  7.158687162142e-03 
-1.050244425786e-02  7.049201133420e-03 -2.522575820274e-04 
-8.146572984643e-04 -3.500321534797e-03 -3.074816096229e-05 
-5.069614098270e-04 -8.726495188861e-03 -3.741153268175e-03 
 3.592843910744e-03  1.739323510484e-02 -1.568906725005e-02 
-1.226102177694e-02 -1.645750014386e-02 -5.784974417105e-04 
-3.428365703950e-03 -2.972256130410e-03 -3.300621433357e-02 
-5.259547751772e-03  3.484285982054e-03 -1.303608975812e-03 
-2.100723494886e-03 -2.082902753833e-02  6.096104015682e-02 
 3.407823614149e-03  1.683840573362e-02 -1.574487595348e-02 
 2.172491816340e-02 -3.803901140727e-01 -1.004906712352e+00 
 3.553889794653e-01 -3.871143017892e-02  5.785784253620e-02 
 3.406016810056e-01 -3.203392217036e-02  2.811496339608e-02 
 1.300501808926e-02  9.381790637816e-03  1.742244695305e-03 
 1.890453465652e-02  6.303972725882e-03  2.328358294031e-03 
-3.759417080078e-02 -5.906790702595e-02 -1.561952054845e-02 
 2.733167617161e-03  1.963640036728e-02  1.967942538973e-03 
 7.648314502397e-03  1.635272340601e-02  8.451304452113e-04 
-1.701893675036e-03  9.127848288749e-04 -1.721137084333e-03 
-1.002524540232e-04  4.426604666594e-01  1.097868875651e+00 
-7.884737845992e-03 -6.753891996722e-03 -8.800046582765e-03 
 2.667234335984e-02  2.972691591545e-02 -6.484846912115e-04 
 3.118001263188e-04  4.879698142593e-04 -1.101207176639e-02 
 2.909899963191e-02 -6.110704135513e-04 -7.411787789117e-04 
 1.083237614947e-03  2.613639144503e-01  3.747411119533e-01 
 1.544134103704e-02 -2.580875415096e-03 -1.625664244425e-03 
-1.844363081624e-03  1.415522828016e-01  5.551429737661e-01 
 2.545507152979e-01  1.931225393498e-01  2.772242067657e-01 
 4.239442584456e-01  3.498647757444e-01  5.343575717690e-01 
 1.784589560466e-03  4.691174302548e-03  5.355387841886e-04 
 2.092596285308e-03 -1.215845508614e-03 -2.623217951824e-02 
 1.775267148799e-01  6.200348170132e-01  6.219418950852e-02 
-5.842693536341e-02  7.015929822238e-02  4.299329433073e-02 
-1.078859819337e-01  1.134570502534e-01 -1.051572292309e-03 
-3.325166275597e-03  1.880717134138e-03  8.009883489768e-03 
 3.299804272764e-04  6.737830336270e-02  7.715805296242e-01 
-8.302471735242e-03  5.113956727797e-03  3.478300051964e-03 
-1.090677225193e-01 -4.377750437346e-01 -2.931069628319e-03 
-5.176495299358e-03  1.911427015671e-03 -2.205163883685e-02 
-4.756748405389e-01  8.027500378754e-03  3.089001167806e-03 
 4.408018726032e-03 -9.247108977120e-02 -1.663891970108e+00 
 6.058133794362e-03 -4.673317624504e-03 -2.453629888630e-03 
-1.664355900884e-02  7.385119591945e-02  6.025280731521e-01 
 1.996605867887e-01  2.003517669274e-01  1.013001385492e-01 
 2.760313777073e-01  2.805253982696e-01  4.788826040727e-01 
-4.227136705389e-03 -4.655019350434e-03  9.050969113563e-03 
-7.325691526151e-03 -2.691278965600e-03  4.109133215160e-02 
-7.015311298425e-02 -8.633987467331e-01 -6.734694582346e-02 
 1.485922212532e-01 -2.725770834676e-01 -9.821329171064e-02 
 1.553752718784e-01 -3.610095663789e-01 -5.598235759664e-03 
 2.466477723553e-02 -1.102865871991e-02 -4.154648841577e-03 
 3.519923753464e-03 -6.879635138422e-02  5.835127227059e-01 
-4.949240641891e-03  9.512906058833e-03 -1.317139787038e-06 
-3.268244736010e-02  7.540005481910e-01  8.477843042415e-03 
 1.535446640996e-02 -1.196170043484e-02  1.250662702682e-01 
 7.921520879954e-01 -1.085170994197e-02  4.165819311303e-03 
-1.385239654036e-02 -1.775792369233e-01 -1.296568776773e+00 
 4.835499335911e-04 -3.889966655676e-03  5.167488539810e-03 
 2.490459124283e-03  2.486327462331e-02  3.100906188701e-02 
 6.634035195011e-03  1.983209287981e-02  7.751117661032e-03 
 1.945691703743e-02  1.101106147808e-02  2.470168168472e-02 
-2.560069655813e-04 -4.930640199851e-04 -5.772095314897e-05 
-1.292978331348e-04 -1.216479406246e-03  5.286269569552e-03 
 2.487802897113e-03 -1.284747517921e-01  3.922542417043e-01 
 2.483832529532e-01  5.222637084520e-02  4.752407756783e-01 
 3.094686015024e-01  4.823559715790e-02 -6.070393791994e-03 
 6.606168535914e-03  1.231336149933e-03  7.043104325513e-03 
 5.813478442932e-03 -9.964822698447e-03  3.158787209217e-02 
 3.899773034797e-04  1.008426507410e-03  8.875036461670e-04 
 1.586225045333e-01  1.670064203447e+00  1.111093095707e-02 
 1.505556727454e-02 -1.035372503247e-02 -1.730046522848e-01 
-1.497805773093e+00  1.014004559713e-02  2.358662349363e-03 
 8.038990837276e-03  3.316159564874e-03 -1.087708984499e-01 
-4.692982062319e-04 -3.039259982749e-04  3.851523314775e-03 
 1.036317158854e-01  3.332523581348e-01 -2.666965747119e-01 
 2.920513534516e-02  1.558244469900e-01  7.057309743930e-02 
-1.570505111043e-02 -3.607614786553e-01 -3.108684753203e-01 
 9.042021770840e-02  9.749400316325e-02  7.229241074948e-03 
 1.574551356863e-01  7.720782096075e-02  1.332748954880e-02 
 8.385234556784e-02 -1.039423076888e-01 -2.538835467104e-02 
 1.898433776710e-02 -1.221193356122e-01  5.661948400588e-02 
 1.808297541298e-02  5.030433084666e-02 -6.049921572171e-04 
 1.967600389662e-03 -6.494526720427e-03 -3.301014246653e-04 
 4.011637661448e-04  1.493311526189e+00 -1.733440980841e+00 
-2.491068733285e-02 -3.199070731348e-02 -4.732155089033e-02 
 1.652344605488e-02  5.620531478961e-02 -8.779522796818e-03 
-5.992158037164e-03 -1.072410227173e-02 -1.200583306911e-01 
 1.615711923780e-01  8.464383372510e-03 -2.210803637741e-03 
 1.830619299872e-03  1.011001768686e+00 -8.106361772630e-01 
 4.630158090481e-02  2.287071416097e-02  3.407955787137e-02 
-2.241275929715e-02 -1.574015744265e-01 -2.751706599313e-01 
-8.636552060023e-01  7.095129710383e-01  6.076218899922e-01 
 8.266155137625e-01 -1.113653547891e+00 -1.077266082991e+00 
-2.399046157879e-02 -6.649538629732e-03  2.341836466235e-02 
-5.786076819906e-02 -6.616269148092e-02  1.267732325044e-02 
 9.084400317799e-02 -6.187579887400e-02 -2.819825604451e-02 
 2.646480230516e-02 -8.478044095336e-02  6.666377521684e-02 
-3.036246968301e-02  1.095175900597e-01  2.372215461252e-03 
-1.193509842532e-03 -9.945146866557e-03 -8.333837780367e-03 
-3.275630047123e-03 -6.494711492419e-01  6.534675449831e-01 
 5.825561388479e-02 -9.550742731615e-03  3.321819263096e-03 
 2.568816076249e-02 -4.966406556264e-02 -1.504310022353e-02 
-8.900280150149e-03 -7.383735136969e-03 -2.193273806962e-01 
 2.090528071660e-01  5.395298961670e-03  2.181957992371e-03 
-3.861085875453e-03  3.888864310435e-01  1.953651820657e-01 
-7.365818568528e-02 -1.170943091344e-02 -3.556412882669e-02 
 1.577411164457e-02  9.280210362046e-02 -8.326005352215e-02 
-2.525325570667e-01 -1.058829669628e+00  1.014252832061e+00 
 4.108101508522e-01  1.264927431821e+00 -9.973846652497e-01 
-1.189902880320e-02 -3.537722536249e-02 -3.019778986956e-02 
-4.059042270174e-03  3.211090280642e-02  2.575761823603e-02 
 1.523079842732e-01 -1.398984502483e-01  1.828946303901e-02 
-1.097041886422e-02 -2.158788985293e-01  6.603504761426e-02 
 4.977869891777e-02  2.173147509607e-01  5.967064819369e-03 
-1.078462579027e-02 -1.308637620565e-02 -1.103608056516e-02 
-6.315769788081e-03  2.391333827799e-01 -1.306941100448e-01 
-9.613711496400e-03  8.882375997197e-03  1.793606337560e-02 
 1.451986603575e-01 -1.109464112614e-01 -1.823895859196e-02 
-3.069593239779e-02 -1.049098810944e-02 -3.210577558923e-01 
 3.207519177502e-01  1.352938631626e-02 -9.293839615998e-03 
-7.433046673921e-03 -2.728705046369e-01  1.556851303915e-01 
-8.193273727181e-03 -6.229151364236e-02  1.412051486134e-03 
-7.072707109388e-02 -3.006871840841e-01  5.440163325357e-01 
-6.176176689162e-01  3.364339529123e-01 -1.684972466971e-01 
 1.529973188404e+00  1.343814980246e-01  9.952535278281e-01 
-2.945397199735e-02 -1.166848113186e-01 -9.976842274679e-02 
-1.292273113861e-03  1.217670195692e-01 -1.359224052875e-02 
-6.118003300225e-02  1.188308589075e-01 -4.178877780378e-02 
 6.158937747764e-02  6.477762336045e-02  5.988371107589e-02 
-8.817431174606e-02  1.157061916951e-02  2.401094845755e-04 
-7.718768712532e-04  8.572664554368e-03 -4.221165208726e-03 
-7.343037787589e-04  9.622450236074e-01 -2.034928178591e-01 
-3.768132854369e-03  7.007165942476e-02  8.291587562952e-02 
-4.343075327253e-02 -7.599612014886e-03 -1.098529983138e-02 
 3.280636974393e-03  1.149997228762e-02 -8.017431105316e-02 
 2.065921459142e-02 -3.476874402943e-03  8.171487083304e-03 
 1.068130637393e-02 -1.213807842731e+00  2.510758923365e-01 
 3.512732662102e-02 -2.820611661261e-02 -4.100781516774e-02 
-1.007946974104e-01 -5.089647545545e-01  6.954905280928e-01 
-3.508543787542e-01 -2.811215490438e-01  3.611401910802e-02 
 5.067456395177e-01  3.830878996762e-01  4.718081299117e-02 
 3.445694171709e-02  5.859993664038e-02  3.801933653039e-02 
 3.310332083142e-02 -1.844997836219e-02 -5.552238213934e-03 
-1.461466636113e-02  7.036902996731e-02 -6.970625011191e-02 
 2.043667468152e-03 -6.616909135428e-02 -3.247789426803e-01 
-2.394801474506e-01 -2.593594414058e-02 -4.318600441291e-02 
 4.659331745032e-02  2.685573654669e-02  1.039828193102e-01 
 5.754934514278e-02 -4.454198527653e-02  1.453138072697e-01 
 2.423751193334e-02 -3.787812557075e-03 -5.240953118731e-03 
-1.305609008971e+00  1.406772213582e+00  6.017054611484e-02 
 6.773926185338e-02 -2.980047433438e-02  1.472864379042e+00 
-1.585538498128e+00  8.284409056433e-02  1.151855481418e-02 
 6.311341831997e-02  2.219608326424e-01 -5.044689425184e-01 
 2.804660161434e-02  5.281561080660e-02  6.016282265095e-02 
 2.854186429164e-01  1.294367105644e+00 -1.606848618438e+00 
-8.081225252844e-01 -5.144367365128e-01 -7.574543011190e-01 
 1.570741106423e+00  8.961682321110e-01  1.374552076454e+00 
 3.272556744905e-02  1.075580805785e-01  7.886701336164e-02 
 2.234257463217e-02 -8.651069235445e-02  1.498754659358e-02 
 1.039946776170e-01 -6.674811227556e-02 -1.404744982257e-02 
 5.030828663938e-02 -5.231725523314e-02  1.228523308289e-01 
 8.858789878282e-03  3.844176636210e-02  6.490261342669e-03 
-3.029510988115e-03 -7.619846329665e-03 -2.085604003076e-02 
-1.040199797235e-02 -5.208522332275e-01  1.840395600574e+00 
 1.819711114676e-01  2.620013314563e-02  6.997621314178e-02 
 2.162029464902e-01 -2.218246086498e-01 -1.992683918043e-02 
-1.427439296106e-02 -2.677230359281e-04 -3.694723062921e-01 
 3.996413506833e-01 -1.037131935608e-02  2.852935500846e-03 
-8.974274596928e-03  6.475926707495e-01 -1.516646143673e+00 
 7.871513304585e-02  7.301734068008e-02  1.109871119386e-01 
-6.512652495022e-01 -2.987713596927e+00  4.682418514632e+00 
-1.126475020953e-01 -2.413428528335e-01 -1.768048740526e-01 
 2.280835892504e-01  6.443101609192e-01  6.138258268093e-01 
 3.480677475175e-02  1.084775239418e-01  1.133673102802e-01 
 8.469722238538e-02 -2.394211012789e-02  4.116087966122e-02 
 2.578870972424e-01 -3.478710197494e-01  1.226463944556e-01 
 1.714494956172e-01  3.499285598565e-01 -7.815340739288e-02 
-1.758837881905e-01 -4.518096822093e-01  1.914286940052e-03 
 3.026677743917e-02 -2.605289508879e-02 -6.081732783035e-02 
-2.836581915024e-02 -3.715636198734e-02 -3.947473598427e-01 
-8.301010206900e-02  2.374071607868e-02 -4.806012635863e-02 
 4.450010509457e-02 -1.604736973089e-01 -6.824850695657e-03 
 2.418758154475e-02 -1.033714181144e-02 -6.418904927589e-01 
 9.286582690836e-01 -8.737334339971e-02  4.797225148160e-02 
-1.090535159272e-01  3.501970767014e-01 -1.996867714166e+00 
 4.022551351209e-02  1.158867025410e-01  2.209988345615e-01 
-1.946588402122e-01 -8.901388909227e-01  1.376531779487e+00 
-3.997726129265e-02 -2.777672865063e-02 -8.879337222455e-02 
 8.040583265917e-02  1.326173562614e-01  2.364153149270e-01 
 1.242235275796e-02  3.655323006574e-02  1.202789848403e-02 
 1.524210889408e-02 -1.243969451828e-02 -7.757161511216e-02 
-5.189718566076e-01  7.769135167305e-01 -1.491082239436e-01 
 4.766189760833e-01 -5.809252294960e-01  1.615111972336e-01 
-2.877216804539e-01  3.009115268214e-01  6.661715411721e-02 
-1.404517179216e-01  4.770281483322e-02  4.582860003912e-02 
-1.230726589917e-02 -3.328682458948e-02 -7.482486391614e-02 
-2.747617157386e-02 -1.361371507038e-03 -1.935604635290e-03 
 1.336213390250e+00 -1.345514622345e+00 -4.365860493018e-02 
-1.923843084833e-01  2.138289960426e-01  9.506401615275e-01 
-9.004113460107e-01  8.508526425338e-02 -8.052591318250e-02 
 1.950266926877e-01  9.598468047417e-02 -5.693150815681e-01 
 1.034078065719e-02  4.026477216514e-02  5.735274954646e-02 
 9.587936673759e-02  4.504451991113e-01 -4.926370909634e-01 
-8.616579629416e-02  1.107438788730e-02  1.065673997979e-01 
 2.497728994299e-01  9.553527625045e-02 -1.112126527081e-01 
-2.318643263998e-01 -1.082533875872e-01  3.836261574140e-01 
 1.450068956435e-01  1.129700885681e-01 -5.099384854009e-02 
-3.772777197188e-01 -9.733681127534e-04 -1.373320375743e-01 
-4.198063694356e-02  5.513511788203e-01  1.091753132879e-01 
 3.024981257732e-01 -1.053416449265e+00 -1.062420872712e-04 
-1.029848748359e-02  6.211890298165e-03  1.382668430116e-02 
 3.981973062927e-03  8.154821951160e-02  1.131748225081e-01 
 7.119311836381e-02  2.029131476006e-01 -2.066562375787e-01 
 5.637933249060e-01 -1.671799457116e-01  5.909684888482e-02 
 6.334436952445e-02  2.999982954862e-03  5.762005537385e-01 
-3.111551178661e-01 -6.548092487151e-02 -2.966337929153e-02 
-6.110301288699e-03  8.162013090689e-03 -2.120192720626e-01 
-7.342610100256e-02 -2.401898987716e-01  1.993620702411e-01 
 1.016579803635e-01  4.595371679842e-01 -7.928483427162e-01 
 1.351323014829e-01 -1.425641163552e-02  8.518002177107e-02 
-3.166443211497e-01 -1.018170086070e-01 -2.622326349590e-01 
-2.404007404680e-03 -4.194769071119e-02 -4.345351018686e-03 
 1.350806966825e-02 -4.043025645491e-02  2.727826782682e-02 
 2.485743040638e-01  1.140575461232e-01 -8.204402057667e-01 
 1.019577765662e+00  3.250539276945e-01  1.070635460819e+00 
-1.444915586912e+00 -5.538563703948e-03 -7.891470550300e-03 
 1.910685777317e-02 -2.524515285469e-03  3.347277245399e-03 
 1.077133809584e-02 -2.879158287208e-02 -5.958825429518e-02 
 1.519622090831e-02 -3.718943910065e-03 -1.734627960020e-02 
-5.693386662998e-01  3.369988255003e-01 -8.114641124333e-02 
 5.663739645030e-03  1.307087668529e-03 -4.307015922229e-01 
 2.042652527540e-02  7.093918060272e-02  3.998550793510e-02 
 5.638895695016e-02 -7.999075125375e-02  5.687465604379e-01 
 1.109648589845e-02 -2.068773256924e-02 -5.460307305173e-02 
 1.157261364470e-01  5.353801550076e-01 -6.799686586670e-01 
-1.151101290607e-01 -6.153522130561e-02  1.870693466990e-01 
 2.688819382556e-01  1.816612489721e-01 -2.090591442072e-01 
 3.438109355997e-01  3.253092336696e-02 -6.337079795353e-03 
-1.559363142181e-01 -1.226151371828e-03 -3.425304403432e-02 
-2.791466184389e-01 -3.147018733666e-02  6.551267330412e-01 
 5.196675778774e-01  6.772617680911e-01 -1.199311079369e+00 
-6.174772656882e-01 -1.208698636523e+00  2.710764366465e-02 
-5.611734043315e-02 -1.279798657271e-02 -4.198922946662e-02 
-3.669328498431e-02  1.215474323029e-01  8.265133317404e-02 
 4.090796287817e-02 -2.299870577681e-01  4.657638873015e-02 
 4.214727998762e-01 -9.045835566305e-01  4.026290258093e-02 
-9.174081463102e-02  1.280521521283e-01  4.366630138142e-01 
 6.115037515151e-01 -1.562835653462e-01 -1.464037941546e-02 
-1.694816150104e-01 -1.330748308185e-01  3.733475550893e-02 
-2.323641646648e-02  1.471825156399e-02 -5.617417636243e-02 
 8.708822807278e-02  3.694634464851e-01 -8.746004763657e-01 
 8.986289038577e-02  9.067860333482e-02 -2.238603185529e-02 
-3.419084659064e-01 -3.787850523470e-01 -1.408014394839e-01 
-3.135271393138e-01 -9.144826135609e-02  3.792593678777e-02 
 2.532813693923e-01 -5.424004517490e-02  2.878435887506e-02 
 2.437135500768e-01  1.996263924389e-01  8.295065539721e-01 
 5.060319477335e-01 -3.908622633326e-01 -1.286397024305e+00 
-1.102827106891e+00  8.498165225983e-01  2.181036929727e-02 
-1.144568528600e-02 -5.276184457486e-03 -6.475439163499e-02 
-2.646521777559e-02 -8.397540384424e-02 -5.184769362611e-02 
 5.389376508773e-02  2.016399997417e-01 -1.594280460766e-01 
-5.894044878774e-01 -5.905783205194e-01 -9.685429467386e-02 
-1.570998447611e-01  1.512897029743e-01 -4.192671214494e-01 
 8.176764205379e-01 -4.673681293725e-02  6.353309757732e-02 
-7.946259599692e-02 -1.184663853487e-01  9.298794095917e-01 
 4.965801483653e-02 -2.821954104809e-02 -7.953808310216e-02 
 1.001067349853e-01  4.229909707865e-01 -6.837855438243e-01 
 3.555289823360e-02 -3.814314250804e-02 -2.855623784458e-02 
 1.046725534968e-01 -9.561366856004e-02 -1.359791186795e-01 
-4.235961243976e-01  5.255498533070e-01 -1.025078483916e-01 
-3.660070454943e-01  3.353071884613e-01  1.948987271278e-02 
 8.783599988843e-02 -1.256968879937e-01  8.541188370824e-02 
 1.673364347529e-01  8.003856520034e-02 -1.891656036515e-01 
-2.310316616672e-01 -1.225393144035e-01 -1.422385920511e-03 
-5.793217951312e-03 -7.582407849247e-03 -4.933481256545e-03 
-2.715871448795e-03  1.912083807405e-01 -5.500848152408e-02 
-1.474253821693e-01  1.340413701490e-01  1.683888934388e-01 
-2.810422708559e-02 -9.110167976546e-02  6.912348876475e-03 
-2.414414082071e-02  1.034717424542e-02  4.608138074092e-02 
 1.174737815120e-01 -1.590895345361e-02 -1.346283613230e-02 
-3.550289992978e-02  1.720615873496e-01  9.397577193634e-02 
-2.326130496505e-01  7.622574195422e-02  6.623496971842e-02 
 1.095418542735e-03  2.510819625776e-02  2.048974140023e-01 
-1.101831381969e-01 -1.557379876469e-01  9.619392145562e-02 
 3.835590300293e-01  2.431644823608e-01  1.911256791152e-01 
-3.020401898332e-01  1.431978749499e-01 -4.459581103234e-01 
 3.228309463777e-01 -4.717060606051e-01 -5.814291475977e-02 
-3.607530669374e-01  1.034945313453e-01 -1.087480460487e-01 
-8.850190158081e-02  4.199737969609e-01  1.099427757530e-01 
 3.336795605348e-01 -7.812498071337e-01  1.453959237809e-03 
-2.652815693311e-02 -7.947041638136e-03  2.355842054302e-02 
-4.293667001446e-03  2.413886897015e-01  1.550295852686e-02 
 3.168239919552e-02  6.337844024757e-02 -1.683181750585e-01 
 3.896960469572e-01 -6.026324323866e-02  5.942730168800e-02 
 5.991017615254e-03 -4.243780785689e-02  3.100551452791e-01 
-1.394590475101e-01 -3.757078468557e-03 -4.309423117702e-02 
-4.138450425739e-02 -9.541147838733e-02 -4.697472676999e-01 
-9.900009087589e-02  2.249054064813e-01 -1.105214350749e-01 
-8.019673612862e-03 -3.548469844433e-02  5.241249065076e-02 
-9.334779699837e-04 -1.290322905154e-02 -5.423802167924e-03 
-1.899553534027e-03  2.032742153852e-02  4.048714277369e-03 
 1.170998102224e-02  1.179741655517e-02  1.993209103779e-02 
-2.040447166239e-02  2.476738276613e-02 -3.436578253144e-01 
-1.598570772346e+00  2.245120675586e+00  1.065375269442e-01 
-8.490292996217e-02  1.725792664437e-01 -4.695912115027e-02 
-1.928139789266e-01  2.499995191816e-01  1.173523534078e-01 
 4.696397271605e-02 -9.294389698642e-02  9.535608760222e-03 
 5.864348597074e-02 -1.223596462058e-02  5.838512812880e-03 
-3.978964201849e-03 -1.177864570691e-04  9.735642176305e-03 
-7.258337541562e-02 -3.578204258616e-01 -4.321701694738e-01 
-1.573566322737e-01 -2.080806516430e-01 -6.430739285464e-02 
-2.251915588647e-01  3.550889711987e-01  3.470948049993e-01 
-1.052221551064e-01  2.057163097905e-02 -3.086790942787e-02 
 4.250853865923e-04 -7.936084992201e-03  7.613655408240e-03 
 3.665938016832e-02  2.063699328977e-01 -6.402343732328e-02 
-7.914836756066e-02 -4.817874932777e-02 -1.717703142228e-01 
 6.758129071034e-01  4.106185270642e-01  7.583565897470e-01 
 4.078242006014e-02  1.017964577753e-01  3.272693256934e-01 
-1.712585429153e-01 -3.099973836003e-01 -7.988457225776e-03 
 1.829198463013e-02  2.062163521020e-01  7.227497951588e-03 
-5.240524445584e-02 -2.590151945991e-01  8.963738904328e-02 
-9.053695879245e-02  4.865337438606e-01  6.082386093019e-03 
 3.684525098682e-02  3.715032350087e-02 -2.964937139304e-02 
 7.686465759490e-03  9.104977836465e-01 -2.566585542087e-01 
 6.369916204065e-02 -3.199580150564e-01 -3.455353152255e-01 
-2.293210042669e-01  8.440797563115e-02 -6.720272636736e-02 
 4.811159129990e-02  5.872190649917e-02 -2.439984950659e-01 
 1.860785494849e-02 -2.120818920054e-02  7.585996908823e-02 
 8.474309773952e-02 -8.418504933928e-01  1.569248597927e-01 
-4.398656857561e-01  1.062025536641e-01  7.476425343879e-02 
 4.741220518295e-02  2.019370648977e-01 -3.268146857108e-01 
 8.899684927853e-03  4.610290643765e-02 -4.886046972979e-03 
-5.973059031883e-03 -9.307833985708e-02 -4.185612827366e-02 
-2.317718651983e-02 -6.591700366908e-02 -2.138188640338e-02 
-3.945513712054e-03 -3.394124072958e-02  6.510982484376e-01 
 2.825945767148e+00 -4.356897210342e+00  6.509121953767e-02 
 4.100290166713e-02 -1.674259622951e-02 -1.928978846998e-01 
 4.005029491120e-01 -8.027145761946e-01  1.663131838819e-01 
-5.393655760909e-02  1.448908470686e-03  6.984807850938e-02 
 7.725128150275e-02  7.506354338283e-02 -4.763427512131e-02 
-1.977061236416e-02 -5.642321507576e-03  7.733584549789e-03 
 1.103020037697e+00 -4.653156907295e-02 -1.848013822683e-01 
 1.547637141175e-01 -2.023649970682e-01  1.084390999311e+00 
-8.539367614380e-02 -9.822406959171e-03  2.643441817087e-01 
-1.789224855659e-01 -1.512474516563e-02  1.694793224899e-01 
-1.924804384516e-02  1.684222234539e-02  1.295864422215e-02 
 2.889731165648e-02  1.187503615077e-01 -2.295100929447e-01 
-7.962202095152e-03  5.129997868311e-02 -1.197312305961e-01 
 6.218442400629e-02 -9.098268114671e-02  1.650724864463e-01 
-1.925428518502e-02 -1.327715381260e-01  1.167982139976e-01 
-6.244761885968e-02 -5.877398603814e-02  9.885091423228e-02 
 4.579546407679e-01 -5.701207089967e-01 -3.422317084129e-02 
 1.275363767595e-01 -5.689199767305e-02 -2.125495721387e-01 
 1.658866087580e-01  3.276130769949e-01 -1.063154519927e-01 
-9.183468831015e-02 -2.423408064274e-01  9.393733762451e-02 
-5.333614209290e-02  2.213665420969e-01 -1.199312577658e-01 
-4.703734825749e-02 -3.259342894683e-02 -2.834277783601e-02 
 2.852937337818e-02  3.895805979404e-04  2.464659497656e-01 
-3.797584333647e-01 -3.289512746980e-01  5.166841247915e-02 
 9.684421862963e-03  3.269613509851e-01 -3.862862612610e-01 
-3.508937354105e-01 -4.996761089523e-02  2.058094144805e-01 
-7.914169309026e-02  3.405831599720e-02  3.289496303571e-02 
-2.135503182365e-01 -8.881046387330e-01  1.302058204958e+00 
 1.089065144986e-01  7.109670858249e-02  4.430649544041e-02 
-1.232244202586e-01  3.098137176474e-01  4.106158879255e-01 
-2.734623294829e-02  5.538664646921e-01 -3.108033966585e-02 
 2.523639793046e-01  3.285930163124e-01  6.532837892074e-02 
 2.934316486742e-01 -3.942098494623e-01 -8.526095295784e-02 
-3.562000014930e-02 -5.646054161052e-02  1.112268080636e-01 
 1.401481132561e-01  1.029841747774e-01  4.342195093097e-03 
-8.766944525692e-03 -2.854306392764e-02  2.350084068867e-02 
-2.704982481779e-02 -5.429636314462e-01  4.039244812817e-01 
 4.743780382657e-01 -3.611318061515e-01 -2.761462703540e-01 
 8.709531457493e-02  5.168366706449e-02  5.227037038543e-02 
-7.019001115010e-02 -8.325497369215e-02  6.954041979162e-03 
-3.978309060462e-02  5.029360058112e-02 -4.188356649060e-03 
-4.187888806502e-02 -1.043900504338e+00  3.068107850220e-01 
 1.426784399070e-01 -1.608573007387e-01 -1.260110664357e-01 
-2.706345109189e-02 -1.156595103283e-01  1.808606443956e-01 
 3.528004035892e-03 -2.645060523188e-03 -1.202924777425e-02 
 9.587759661949e-03  4.859110378648e-02  5.289805936600e-02 
-4.112679905267e-03  3.696582487366e-02 -1.168033612249e-02 
 2.529211533943e-02  9.901381970187e-03 -3.061605924623e-03 
-1.415483192947e-02  1.691167344339e-02  1.784597882670e-02 
-4.255446356687e-02 -2.317830870090e-02  2.037369464960e-03 
 2.748364747781e-02  2.018268807607e-03 -1.084369705454e-01 
-1.293073368461e-01 -3.718991343964e-02 -1.399419275482e-01 
 2.797111341909e-01 -3.669839468773e-02  3.384348737418e-02 
 2.957376013433e-02 -3.392668159032e-02 -4.709455079088e-03 
 6.992398628949e-03  1.412249392621e-03 -3.217990638242e-01 
 4.367346190237e-01  3.428388519609e-01 -4.782405812619e-03 
-1.384901311591e-05  3.010592771938e-01 -4.057886959585e-01 
-3.175399439677e-01 -4.697570232192e-02 -5.957524967216e-02 
 3.274044905589e-03 -2.490775262001e-02  5.794791767004e-04 
-1.249523454665e-02 -5.300984465664e-02  9.019817592434e-02 
-1.943493411201e-02 -1.173042412882e-01  9.758687944812e-02 
-2.898242693922e-02 -1.688763514544e-01  1.903857267234e-01 
 3.275517218699e-01  3.771584168750e-02  1.439196482177e-01 
-3.127591334701e-01  2.347508973717e-01  1.678455461433e-02 
 6.255183437933e-02 -1.295245534651e-01 -6.381393533929e-02 
-5.282973283825e-02  9.394377236241e-03  9.305948523748e-02 
 1.180591879731e-01 -3.690236046715e-02  7.680976939767e-03 
-1.748041711889e-02 -1.244044714829e-03 -3.189457683212e-04 
-2.007664648600e-04 -1.666086906645e-02  1.944758776088e-02 
 1.399680733915e-01  6.138902534150e-01 -5.397056607557e-01 
 8.728172996621e-02  1.607375722375e-02  1.008560217009e-02 
 1.226284002047e-02  3.866024363348e-03  3.011676753859e-02 
-4.563076488932e-02  2.528860825441e-02 -3.702506249716e-03 
-2.675187868181e-02 -2.431379132450e-02 -3.789784571473e-02 
 8.556405554928e-02  4.487822124930e-01 -3.799379258774e-01 
-3.311758292658e-02 -2.975018260986e-01 -3.096021769454e-01 
 5.423813688149e-01 -2.158116477218e-02  9.637004952888e-02 
 9.382994109302e-02 -6.134007044306e-02 -3.537602226738e-02 
 2.217314100738e-01 -2.830013029438e-01 -4.647948519340e-02 
 2.996585701006e-01  1.602452019614e-01  4.238184774606e-03 
 2.474990072887e-02 -7.366749270906e-03  2.650055772618e-02 
 3.001823216431e-02 -2.065671060728e-02 -2.656568305896e-02 
-4.428237061528e-02  5.080326942920e-02 -6.527977867921e-03 
 1.150203665978e-02 -7.250350246502e-03 -1.116011469908e-02 
-8.709290590292e-04 -2.696663962934e-02  5.315225853450e-01 
 5.391211302763e-01  2.304737611587e-01  4.287470127053e-01 
-2.055631970865e-02 -1.194090081055e-02 -1.093730848897e-02 
-2.370841073803e-03 -2.100467506807e-02 -2.018209467789e-03 
-3.085171014811e-04 -1.783655805327e-03 -1.506284323651e-02 
 1.944404895941e-02  4.243932853259e-02  5.802220747065e-02 
-8.349516782755e-01  2.741780623023e-01  8.833532899731e-02 
-1.285169320223e-01 -5.360748764617e-01  4.270708600072e-01 
-1.126674497595e-01 -1.472430058818e-01 -2.139367524403e-01 
 2.774928814428e-01  1.592584904972e-01  3.029352057156e-01 
 2.599936525990e-01  5.195301529541e-01  4.782018895714e-01 
 2.378798284541e-01 -4.296087252852e-01  3.147066928129e-02 
 1.343429614251e-01 -1.866065305256e-01 -1.993724543781e-02 
-2.802734787119e-02 -2.932377419892e-02  1.212396520698e-03 
 4.562455300827e-02  7.147711946016e-02  4.303843125737e-03 
-1.928541544289e-02 -2.105709001753e-03  9.751957667432e-03 
-4.272755426763e-03  1.630723224784e-01 -1.131076093172e-02 
-2.613840338912e-01  4.034234807169e-01  4.561282498602e-01 
 5.893638621548e-03  2.253609805261e-02  1.379720983325e-02 
-2.134108624565e-02 -9.261824413365e-03  1.850567549690e-02 
-2.553439820963e-02  2.131156765921e-02  7.892458231087e-03 
-3.185297704639e-02 -9.758447848584e-01  7.104286278888e-01 
-5.450059601496e-04 -2.754404825654e-01 -4.136766812265e-01 
 1.080710044588e-02  5.127395075895e-02 -4.808129620436e-03 
-4.209638443334e-02 -1.184564813719e-01  1.213223929581e-01 
 1.315735865092e-02  1.464800617757e-02 -4.555339511211e-02 
-4.230933989138e-01 -2.121388881353e-01  5.786959410123e-01 
 2.079561868986e-01  2.496696891365e-01 -2.639678726927e-02 
-1.471046894610e-01  9.565511669477e-02 -3.354017295641e-01 
-1.854495228229e-01 -1.278781806921e-02  1.041431162547e-01 
 7.541656417406e-02 -1.246030500552e-01 -4.197470859685e-03 
 5.732576325092e-04  4.751955678880e-02  1.020249030091e-01 
 4.800191356924e-02 -2.199222973388e-02  5.189084150878e-03 
-7.345761253594e-02 -3.646426773161e-01  2.582672575342e-01 
 6.012619195755e-02 -8.135583790278e-02  1.860663255042e-01 
-1.035729996236e-01  3.496460174631e-01 -2.538505604950e-02 
 1.245557910146e-01 -3.290256206240e-04  2.833789835169e-01 
-3.448921232963e-01  1.037947982676e-01 -1.362488442308e-01 
 1.204529961964e-01  6.211733570325e-01 -4.800361443840e-01 
-2.182726756053e-02 -8.482122616635e-02  1.970240114204e-01 
-5.774339774764e-02 -1.014459195731e-01  4.245866486286e-02 
 2.856739853448e-02  5.584160326237e-02  4.839246523731e-02 
-2.742855600186e-01 -1.118538185798e-01  3.883466093332e-01 
 1.227212273824e-01  1.540658811588e-01 -1.379805743883e-02 
-4.538524560585e-02  5.956397998481e-02  4.403378585268e-01 
 2.139385862686e-01  1.884778785831e-01 -1.977665532193e-02 
 4.431309140284e-02 -1.623680158576e-01  7.609399992901e-02 
-7.915597926343e-02 -2.822383239202e-02 -1.500276582605e-01 
-8.872995829896e-02 -1.928309691434e-02 -1.115050382113e-03 
-5.884932312798e-02 -2.345255889403e-01  1.431132723288e-01 
-8.902720919483e-03  2.018749616638e-01 -2.579069776566e-01 
 2.301581986779e-01 -5.107202614773e-01  7.926167430139e-02 
-2.318170965548e-01 -4.103727232131e-03 -4.130493113023e-01 
 5.357495513173e-01  6.294264385083e-02 -1.917808352145e-01 
 1.090358743599e-01  3.865259267208e-01 -3.530861311263e-01 
 2.071877692008e-02  1.013849817005e-01 -6.859728798879e-02 
-9.545775490879e-03  1.539946501571e-02  5.005502770059e-02 
-2.716474288424e-03 -1.859453919417e-02 -6.724690030253e-02 
 1.675992405627e-03  9.742171982307e-03  1.254091688493e-02 
 3.609996833814e-02  1.520514562572e-02  3.054592612202e-01 
 1.385945279434e+00 -1.163186897942e+00  2.204728068436e-01 
-3.277532028385e-01  6.465574290641e-01 -2.180543682854e-01 
 2.722084998895e-01 -5.801052539998e-01 -5.325878304611e-01 
 1.529009058357e-01  1.817195454526e-01 -2.912376410209e-01 
-2.551787730693e-01 -3.637555943215e-02  2.095084711174e-03 
-3.715994639248e-02 -8.799497481227e-03  8.175706387199e-03 
 3.539460619743e-01 -1.450148131449e-01 -4.546487995791e-02 
-2.457511699525e-01  2.700985503729e-01  2.565859676496e-01 
-2.757642435301e-01  6.229787312017e-01  2.134200106000e-01 
 3.156590009349e-01 -4.260138978647e-02  2.750868332383e-02 
 1.789506778719e-02  4.330530624221e-02  6.351263521217e-03 
 1.450917676214e-01  4.005318105636e-01 -7.387780967815e-01 
 7.837103082366e-01  4.956169936119e-01  7.895712739317e-01 
 2.825195509618e-01  1.172832570045e-01  1.706347900134e-01 
-2.827707215372e-01  2.235943725850e-01  3.996173157324e-01 
-6.405449427379e-01 -8.096562179014e-01 -2.401627770962e-02 
-1.019601787935e-01  1.123243760584e-01  6.855784064932e-02 
 2.625454252662e-02  1.723071073779e-02 -5.515773421484e-02 
-4.794450410640e-03 -6.185386973909e-02  2.627897312380e-02 
-3.801449931767e-02 -2.488290885867e-02  4.014585415327e-03 
-3.154886328671e-02  1.529685988276e+00 -1.019587118806e-01 
 1.012133260893e+00  2.328063391256e-01  5.207762811557e-01 
 3.276959074661e-02  3.489492935259e-02  1.013238157755e-01 
 9.781367062359e-02  2.313716775876e-02 -4.038372997799e-02 
-9.064952576712e-03  9.742557272646e-02  5.993614028145e-02 
 2.597543381254e-02 -7.113228312973e-01 -1.503599578531e-01 
 6.995914009073e-01  1.669994925289e-01  3.420872610627e-01 
 8.199564969627e-03  6.817709349443e-02 -6.899532532010e-02 
-9.043005106960e-02 -3.406554401426e-02 -7.628872305817e-02 
-6.240713533037e-02 -5.721125481252e-02 -9.042416153084e-02 
 6.340464888656e-02 -1.608385548618e-02 -7.791994645409e-02 
 1.004714259335e-01  1.027837167234e-01 -1.179415606696e-01 
-4.962742906129e-01  4.517900043456e-01  3.779248476771e-01 
 4.046072087383e-01 -1.641684562794e-01 -4.023170305590e-01 
-4.288244000431e-01  1.797814174403e-01  2.314711076517e-01 
-2.097179281156e-01 -1.386397045299e-01 -1.774037020861e-01 
 2.910395280345e-02 -2.112999843456e-01 -2.236649316922e-03 
-1.513945649118e-01 -1.908100527428e-02 -7.040622013234e-02 
 2.635519687950e-02  2.654653889343e-01  8.829530615744e-01 
 5.552844262343e-01  2.256737038527e-02 -2.727609193438e-01 
-1.440825721786e-01  6.307414291417e-01  4.830401453439e-01 
 9.628978973075e-02  3.566897371205e-02  1.751265074858e-01 
-1.049556358499e-01 -3.541760727304e-02  1.820679743930e-02 
-1.545737774483e-02 -8.258465864221e-02  5.383496763855e-02 
 1.133259036923e-02 -1.788090370885e-02 -1.799865788767e-02 
 1.638282226553e-02  2.612942590178e-02  4.547088503501e-02 
-3.310117310831e-02 -1.621738174745e-02  1.342991909656e-02 
-4.622188284630e-02 -2.382342104149e-02  1.199690777899e-02 
 5.028595620719e-02 -4.271307049208e-02 -5.544194981111e-02 
-3.898670213770e-02  3.302554317954e-02  7.076177988255e-02 
 2.151470067259e-02 -5.431209402531e-02 -3.891313904633e-01 
-3.880423415959e-01 -2.052074158677e-01 -3.197593746917e-01 
 7.375835483796e-01  6.709523577087e-02 -6.870885693588e-03 
 5.068044878848e-02 -3.425272662551e-04  1.381915220892e-02 
-8.310104920125e-03 -2.564058123044e-02  1.289119849285e-01 
-3.727776123061e-01 -2.422848584501e-01  3.324193559292e-02 
 1.641290297793e-02 -3.586589148875e-01  3.390301281413e-01 
 2.931555467867e-01  6.988896464855e-02 -9.518633053300e-02 
 1.888413583850e-02 -1.096523164095e-02 -4.068147211924e-02 
-1.185838944686e-02 -6.547022842770e-02 -2.437526681786e-02 
-6.472984481720e-03 -2.859927265914e-02 -5.297252941115e-02 
-1.634628257738e-02 -6.400810082023e-03  6.345521392901e-03 
-1.486491218132e-02 -3.600973192630e-02 -2.263311704075e-02 
-3.824373863404e-02 -8.316757071319e-04 -1.876284629622e-01 
-9.104052763180e-01  3.277325580796e-01 -7.750732797354e-02 
 3.754724228988e-01 -5.592790010856e-01  6.045599733654e-02 
-2.655016777325e-01  4.239088113879e-01 -5.401719478515e-01 
-3.863415819034e-01  5.360154722220e-01 -5.360788179855e-02 
-3.436326854472e-01  2.104450031394e-02 -1.285547372256e-02 
 2.256789750921e-02  7.884127282708e-04 -5.319000633093e-03 
 1.359698334695e-01  4.967417441820e-02 -1.792851889872e-01 
 3.075915040731e-01 -5.848759808619e-01  1.564517375048e-01 
 4.667350866212e-02 -9.834285799643e-02  3.046443585476e-01 
-5.072477772830e-01  1.244569579703e-01 -8.505401264909e-03 
-2.812467330984e-02 -5.109543893961e-02 -2.422750939327e-02 
 1.275045537665e-02  7.770686588647e-02  1.394503566550e-02 
-5.694035044392e-03  1.365518815947e-02  3.140819626046e-02 
-2.335544518258e-02 -6.086644515250e-04 -3.244763407849e-02 
 3.170311990355e-02  3.298260647857e-02 -2.118582550605e-03 
 6.337418191577e-02  3.427260474106e-02 -1.810026155852e-03 
-8.499710081418e-03  3.226837189938e-03  2.487787604453e-02 
-3.387053444327e-02 -3.102383075682e-02  1.733313435757e-01 
-2.293252293143e-01 -1.798472750018e-01 -3.806455508239e-01 
-2.729086372291e-01 -7.910675264967e-01  3.986623617121e-01 
-3.929074463981e-01 -8.795747671799e-02  1.230346245844e-02 
-5.924113788352e-02 -9.124146692740e-03 -1.704488012694e-02 
 2.001556139497e-03  1.153047009458e-03 -3.364277149380e-01 
 4.438773192235e-01  3.372082299346e-01  2.004495366764e-03 
 1.319603856330e-03 -2.425294187635e-01  3.314687647295e-01 
 2.497444664835e-01 -1.133411579477e-01  5.744782246132e-02 
-4.178635629918e-03  4.466273054995e-02  2.956607426200e-02 
-2.408347555715e-01 -1.411705212922e+00 -8.499561552235e-01 
-3.200689573430e-01 -8.633913974927e-01 -1.108713805714e+00 
 1.808619923172e-02  6.355549850022e-02  9.133392771881e-02 
-6.287149014086e-01 -8.545163958190e-01 -2.976030626830e-01 
-9.457594419415e-01 -1.264732339880e-01  1.985226215549e-02 
 1.061490966752e-01  1.826007608951e-02  5.325908917398e-02 
-2.150930528759e-02  9.514072676413e-02 -6.151264128367e-02 
-8.850427470020e-02  9.183477737140e-03  1.976554885487e-02 
-3.196599093190e-02 -1.708132934561e-02  6.828293316958e-02 
-3.042363109970e-02  8.752695270656e-01 -3.042872605558e-01 
 6.156373358228e-01 -3.610989854607e-02  9.237324145621e-02 
-1.318311668422e-01  4.256980385146e-02  1.358809896467e-03 
-1.581869063162e-03  8.470934820823e-02 -1.110768271433e-01 
 1.473731266325e-02  8.494697896347e-02  2.552742698011e-02 
 6.678306560830e-02  2.958151929793e+00 -6.652475038647e-01 
-3.791257983494e-01 -9.602280366754e-01 -1.207055738782e+00 
 2.931849944404e-03  3.783384140133e-02  6.455415554745e-02 
 4.174804195295e-02  6.402384356391e-02  1.702131888609e-02 
-8.094924965336e-02 -4.632368574817e-02  2.872146431968e-02 
 6.625533946868e-02  4.999998417257e-02  2.997768060263e-03 
 6.102852008003e-02  2.529840468408e-02 -6.236264672858e-02 
 9.398839941770e-02  2.229944515378e+00  2.239101894949e-01 
-5.116402262189e-01  8.296725830630e-01  2.016322292901e-01 
-4.151951876819e-01  8.069830142393e-01  2.422441495885e-01 
-8.932961289686e-01  4.698007200431e-01  6.223043784218e-01 
 5.451521173941e-02 -1.035712065767e-01  1.130431425153e-02 
-4.737504606337e-02  8.076974026126e-03 -3.406781100987e-02 
-2.129741152143e+00  7.166360135532e-01 -3.527156006031e-01 
-5.689976189645e-01  3.693629101521e-01 -2.337946509777e+00 
 7.594333769908e-01  6.673305686611e-01 -5.882117689390e-02 
 6.846060826476e-01 -2.033569786481e-01  2.075670531909e-01 
-1.979008631866e-02  2.141607599420e-02  1.201293531757e-01 
 2.077908603450e-02  7.529859044089e-02 -2.206040952761e-01 
-2.440549534088e-05 -2.764940844576e-03 -8.602003169849e-03 
-2.432143884422e-02 -4.433241592967e-02 -7.386273894810e-02 
-8.087427935867e-03 -2.366454571998e-02 -2.603221610627e-02 
-2.091846510401e-02 -6.773073904732e-03  5.691796709152e-02 
 2.667306283941e-01  1.730220278566e-01 -7.580512157542e-01 
-6.191204159233e-01  6.823779157454e-02 -3.931301471494e-01 
-2.926999742946e-01  1.930460975157e-02  5.520059847108e-01 
-6.492301342082e-01 -2.464845679933e-01 -1.020935935449e+00 
-6.282428861360e-01  2.782116681908e-02 -2.669240094127e-02 
 8.848296166201e-03  5.229391880707e-03  6.870825092051e-03 
-2.517386863083e+00  7.854630233149e-01 -4.036962017248e-01 
-8.652933641948e-01  7.237099100556e-01  1.668205352928e+00 
-4.720431019396e-01 -5.765858318837e-01  1.247628304587e-01 
-7.112134773599e-01  7.164058176145e-02  1.310669967680e-01 
-1.929764716680e-02 -3.790044186813e-02  1.004174388243e-02 
orbocc
(*)
 0.000000000000e+00  0.000000000000e+00  0.000000000000e+00 
 0.000000000000e+00  0.000000000000e+00  0.000000000000e+00 
 0.000000000000e+00  0.000000000000e+00  0.000000000000e+00 
 0.000000000000e+00  0.000000000000e+00  0.000000000000e+00 
 0.000000000000e+00  0.000000000000e+00  0.000000000000e+00 
 0.000000000000e+00  0.000000000000e+00  0.000000000000e+00 
 0.000000000000e+00  0.000000000000e+00  0.000000000000e+00 
 0.000000000000e+00  0.000000000000e+00  0.000000000000e+00 
 0.000000000000e+00  0.000000000000e+00  0.000000000000e+00 
 0.000000000000e+00  0.000000000000e+00  0.000000000000e+00 
 0.000000000000e+00  0.000000000000e+00  0.000000000000e+00 
 0.000000000000e+00  0.000000000000e+00  0.000000000000e+00 
 0.000000000000e+00  0.000000000000e+00  0.000000000000e+00 
 0.000000000000e+00  0.000000000000e+00  0.000000000000e+00 
 0.000000000000e+00  0.000000000000e+00  0.000000000000e+00 
 0.000000000000e+00  0.000000000000e+00  0.000000000000e+00 