2mocoef
header
1
MO-coefficients from MOLCAS
1
26   26
a
mocoef
(*)
 8.269445984651e-05 -6.160130017161e-04  6.597597281129e-03 
 8.256786758391e-05  1.840088951935e-05 -3.239457888771e-04 
-6.725147815285e-04  9.722992789487e-05  3.730564486881e-03 
 9.959987839879e-01  2.396870773882e-02 -1.426872853696e-02 
-1.016923527210e-04  2.436200795602e-04 -8.497707143794e-04 
 5.120908660174e-04 -2.201048969467e-04  2.838256448547e-03 
-1.060085829230e-04  4.277280732453e-04 -5.216421606446e-06 
 1.184440287694e-03  1.751753262722e-04  1.515140284976e-03 
-2.381085671822e-04 -3.482877594337e-04 
 9.960894988575e-01  2.375804417430e-02 -1.020127871851e-02 
-8.495499860946e-05  2.242154173421e-04  1.620809697992e-03 
 3.029187188045e-04 -3.421710794299e-04 -6.130480547433e-05 
-4.595469731914e-04 -2.536639773517e-04  1.324765180498e-03 
 5.406023271602e-05 -3.529602235036e-05  1.961640016415e-04 
 2.857148773623e-04  4.776084828093e-05  1.519297587741e-04 
-9.810140429788e-05  2.015355638789e-03 -1.418896086621e-04 
 9.011646181269e-05 -2.314271077422e-05  2.456809125992e-04 
-2.656299727970e-04  2.403106469623e-03 
-1.117752008708e-01  2.349698211780e-01  3.651501337633e-02 
-5.805447664254e-03  5.263385545665e-03  1.694252223794e-01 
 5.135407851693e-03  1.577080733877e-03 -4.177951713624e-02 
-1.927180781825e-01  4.139707346410e-01  4.275225028543e-01 
-1.715729518507e-04  8.159979578148e-03 -1.140825056957e-01 
-3.478481907550e-03  5.634137351577e-03 -3.191264064792e-02 
 2.682884926901e-02 -7.448291657016e-03  8.156372801726e-02 
-6.522629425558e-03  8.415218810751e-02 -1.052292964045e-02 
 3.396752986171e-02  1.257310359003e-03 
 1.499506281855e-01 -3.195324603696e-01 -2.732658896097e-01 
 1.651625222481e-02 -1.014460733020e-02 -1.541445052800e-02 
 3.066857261561e-03 -1.141494259800e-02  2.385976709491e-02 
-7.686972966476e-02  1.583606883581e-01  2.846322382844e-01 
-2.795839178429e-02  2.825239015032e-02  3.449529091037e-01 
-1.103552069238e-02  2.387671763021e-02  1.522974554617e-01 
-1.002429923640e-01 -2.125084050916e-02  1.375265397674e-01 
 1.688334721149e-02  1.478936268569e-01  2.301773342267e-02 
-1.153270325705e-01 -2.409974281028e-02 
 6.108831737514e-02 -1.077469229008e-01 -3.066169612717e-01 
 5.038261176536e-02 -3.328565097333e-02  4.053470867313e-01 
 7.567605794443e-03 -1.613327105998e-02  7.042714157367e-02 
-1.872186707547e-02  5.027928774794e-02  6.168815331850e-02 
 7.225108406211e-02 -2.901436054639e-02 -3.485479392974e-01 
 5.308993556849e-02 -1.388520266910e-02 -1.982522080143e-01 
-1.609820229897e-01 -7.730467965789e-02 -7.246131867797e-02 
-3.087301232213e-02 -1.091477463425e-01 -3.159860643927e-02 
-1.767619776171e-01 -8.625885948724e-02 
-1.121950713380e-02  2.455391695004e-02  5.734236599868e-02 
 2.953519867323e-01  2.846623199811e-03 -6.131713543930e-02 
 1.040119802686e-01  2.883305752161e-03 -2.686649247230e-02 
-2.373192946478e-03  6.711018977845e-03  1.842585496751e-02 
 4.016419472879e-01 -5.479909309902e-04  5.950724999001e-02 
 2.583655214377e-01 -1.274385927731e-03  4.307014953226e-02 
 1.356816980736e-01  7.113796970814e-02  1.681063984401e-01 
 2.794343365458e-02 -1.528698881705e-01 -2.507221651787e-02 
-1.044062063033e-01 -5.855871083533e-02 
 1.072592464965e-03 -4.053875203543e-03 -9.202003136078e-03 
 1.306241134986e-03  2.112349184133e-01  2.585239287265e-02 
-1.497079784139e-03  5.537108705164e-02  8.062838243036e-03 
 7.426881228969e-03 -2.067369687913e-02 -2.153813303372e-02 
 9.459303134728e-03  5.868162103085e-01 -4.612065160710e-02 
 7.771101958319e-03  4.439292893455e-01 -2.772532383727e-02 
-7.363963317980e-03 -8.875057439928e-03  1.206440384507e-03 
-1.413305368443e-03 -5.858585450123e-04 -1.452735642732e-03 
-4.280442726085e-03 -7.530861728208e-03 
 4.381448120358e-03 -6.971767213568e-03  3.061031434670e-02 
-3.693993383160e-01  1.648746407449e-04  8.250508384017e-03 
-3.053510467462e-01 -1.469423596202e-03  5.195342394646e-02 
 1.871926742935e-03 -3.427630001721e-03 -5.661950426499e-02 
 2.944141518755e-01 -4.553460949804e-03  3.788992556675e-02 
 2.857835492532e-01 -1.488363937266e-03  4.984905538916e-02 
-1.995964924324e-01 -9.519071060751e-02  1.683246686101e-01 
 6.623370395939e-02 -1.634510618345e-01 -6.851811740717e-02 
 2.214090177707e-01  1.103671907165e-01 
-1.684226271786e-02  4.139807343196e-02  5.935045186668e-02 
 2.289399017455e-04 -5.925844517780e-01 -2.740421518451e-02 
 2.546028429028e-03 -6.171967913986e-01 -3.070438888607e-02 
 8.016555957887e-03 -2.348506404636e-02 -2.611798917865e-02 
 8.575851123496e-04  2.848345995847e-01 -1.484171894167e-04 
 1.968963196117e-03  4.178042744309e-01 -1.532124361969e-02 
-1.873123706527e-02 -2.763819475038e-02  1.171635447855e-02 
 1.888104863994e-02  1.286504773869e-02  2.007299202118e-02 
-1.431779587497e-02 -1.540538751947e-02 
-2.781009371778e-03 -6.923698894372e-03 -8.485685452894e-02 
 6.957615655709e-02  3.024302948957e-03  1.007813782641e-01 
 1.972255496418e-01  1.293287421768e-02  3.534781330236e-01 
 1.074308072536e-01 -1.744263246618e-01 -1.507266781736e+00 
 4.938726121560e-02 -3.445563791003e-02 -1.599322796406e-01 
 9.873557103498e-02 -7.469564659193e-02 -3.757589358101e-01 
-3.118992946611e-02  1.374203038917e-02  7.592874746329e-02 
 8.686564545531e-01  1.174686260986e-01  1.151569209911e+00 
 9.930537802371e-03  3.773713958677e-01 
-2.141596552690e-03 -2.037113472522e-03  5.072578329751e-02 
 2.112433722194e-01  2.460406860447e-03 -4.746123393376e-02 
 4.050785974663e-01  1.343076120080e-03 -7.271266236690e-02 
-1.871844896792e-02  2.448466102400e-02  2.730710134810e-01 
 2.788008435408e-01  2.841080905104e-03  7.996440823868e-02 
 6.712398366404e-01  5.504868392971e-03  1.588350407156e-01 
-8.820742466356e-02 -6.505963368282e-01 -1.475869730107e-01 
-1.213114109708e+00  1.002069838162e-01  7.899282276700e-01 
 7.511537897310e-02  6.133396735815e-01 
 1.308782680506e-01 -2.005735618501e-01 -1.862949853348e+00 
-3.387902297399e-02 -5.072242835884e-02  1.571582444627e-01 
-6.503040374197e-02 -1.592329867476e-01  5.086475173177e-01 
-3.510817751278e-02  7.326346032544e-02  3.474520075672e-01 
 4.557213771044e-02  1.976155425492e-02 -4.510719684787e-02 
 1.261582562149e-01  6.415022218078e-02 -1.677205848238e-01 
 9.734185437403e-02  1.389185143950e+00 -1.646140061979e-02 
-2.421213246644e-01 -2.750794938213e-02 -3.719772718589e-02 
 6.316381151849e-02  1.144715563753e+00 
 8.541516941071e-03 -3.220093582957e-02 -2.335386513791e-01 
 3.219946358209e-01 -3.156989700732e-03  4.235005001038e-03 
 1.454027562324e+00 -2.717180852099e-02  1.672199777763e-01 
-4.680905686264e-03 -7.453379748817e-03  1.143476518298e-01 
-2.514936325810e-01  4.564750470241e-03  6.169927023647e-02 
-9.762214309109e-01  1.848447834296e-02  7.400490253377e-02 
-4.313216668249e-02 -1.069241974958e+00 -3.339169591971e-02 
 7.093307091406e-01  7.236735317598e-03 -1.094692653076e+00 
 4.246503048137e-02  1.662315245543e+00 
-5.631269452364e-02 -1.067549063932e-01  2.673302374771e+00 
-8.381911454094e-02 -1.048184843792e-02  4.969577239191e-02 
-2.835993781110e-01 -3.478381017912e-02  2.837165271963e+00 
 6.185799107400e-02 -5.875250709600e-02 -2.546476877185e+00 
 7.728141901993e-04  1.386793046132e-02  2.853717316531e-01 
 6.478247340028e-02  6.381546216824e-02  1.849798385292e+00 
-3.588557712421e-02  8.182004893716e-01 -3.998025072312e-02 
-6.606930151468e-01 -5.895485501105e-02 -4.798342318224e-01 
 4.452626343653e-02 -7.702412420399e-02 
 3.190935773400e-03  5.000920609211e-02  1.389854508228e-01 
 2.575365754503e-02  9.975180215778e-01  1.282790731524e-01 
-2.004249254623e-02 -1.107383283650e+00  6.984616072017e-02 
 9.994749763222e-03 -1.043116970505e-02 -1.454997915089e-01 
 6.559595317776e-03  2.455563737167e-01 -3.475979630678e-02 
-2.122439567170e-02 -3.040984008481e-02  2.654668083119e-01 
 2.392461135271e-02  4.827290241468e-02  1.339965164915e-02 
-5.608050102262e-02 -2.624362112632e-02 -2.387664871701e-02 
 1.024868305956e-02  4.950402433055e-02 
 2.172561828145e-02 -6.221815111717e-01 -1.033340288507e+00 
-4.443416682315e-01  1.343715724871e-01 -7.301078617865e-01 
 7.551737639319e-01 -1.525479904281e-01 -3.755036404108e-01 
-5.792580365831e-02 -3.064521031940e-03  8.855121069124e-01 
-4.517061012318e-02 -1.384997600165e-03  1.438421228926e-01 
 1.033851087872e-01 -3.738421938940e-03 -1.678185158283e+00 
-2.185101044822e-01 -1.496727542879e-01 -2.764141425150e-01 
 5.383838294172e-01  2.286782870933e-01  2.498020108916e-01 
 1.655420505825e-01  8.848637169199e-02 
 9.899262266708e-04  3.958401059482e-01  2.235034174896e-01 
-5.746837325183e-01 -5.106141175735e-02  5.710007903950e-01 
 1.272007398587e+00  5.571471823225e-02 -3.836013476244e-01 
 3.055019436020e-02  7.386035033929e-03 -8.358362101389e-02 
-7.495660556844e-02 -1.261862386202e-02 -1.114722048223e-01 
 4.282717905541e-02  1.323767106576e-02  8.750786640565e-01 
-3.399941739804e-01 -2.929993894619e-01 -2.994300037772e-01 
-1.263553675437e-01  3.093116725001e-01 -2.118205028628e-01 
 3.864891659711e-01  2.763341658684e-01 
-4.251616055289e-02 -7.023964809016e-01  1.354383022080e+00 
 9.727895117808e-02  1.782685975594e-01  2.963207435378e-01 
-4.042076575489e-01 -3.605463425686e-01 -6.002193477369e-01 
 1.103445062208e-02 -2.144928666304e-01  2.416481317994e-01 
-9.760679697213e-02 -6.083571237848e-01  1.675222365498e-01 
 2.247616277919e-01  7.979573847885e-01  8.363547084403e-02 
-5.717567080115e-01  1.102794450354e-01 -7.925662178590e-02 
-1.313023723426e-01 -1.173896559076e-01  4.990183927023e-02 
-4.628833263306e-01 -3.710999261842e-01 
 2.542243067691e-02  6.751741561701e-01 -1.295432999345e+00 
-5.335096393779e-02  2.130898680949e-01 -1.698794475562e-01 
 3.055241076099e-01 -6.252018361895e-01  5.423551545723e-01 
 1.449380467316e-03  1.425725902593e-01 -1.511020155920e-01 
 6.651309707727e-02 -7.267302671229e-01 -4.948970335957e-02 
-1.867717904910e-01  1.002631306908e+00 -1.381685443040e-01 
 4.428445751378e-01  4.529861793998e-02  2.349366533696e-01 
-4.848775312298e-02  1.937565609544e-01 -1.493875648008e-01 
 3.822525230629e-01  3.722096492287e-01 
 5.323556331118e-02 -3.158052152141e-01  1.120131594426e+00 
-1.712511855200e-01  5.987652870413e-04 -5.027505340082e-02 
 4.067316956773e-01 -9.052284099348e-02  1.673502333583e-01 
-5.781990339049e-02  2.935311387446e-01 -5.216194199941e-01 
 1.186857048557e-01 -1.180507450888e-01 -2.276072621453e-01 
-3.441392149625e-01  2.386135263972e-01  8.894581577481e-01 
 4.049379841070e-01 -7.026871960834e-01 -8.069611831671e-01 
 4.486262815048e-01 -8.263934743848e-01  2.543573645403e-01 
 5.374419651978e-02  3.368405537500e-02 
-2.531577232050e-03 -1.383813872119e-01  1.181256040058e-01 
-7.477709434822e-01 -5.718955525148e-03  4.058035731545e-02 
 1.459327077438e+00  3.395545417872e-02 -2.183331672794e-01 
 1.055865917077e-02 -6.664731994021e-02  1.707476603114e-01 
-4.062912606334e-01  1.583773870803e-02 -4.442420594145e-02 
 1.594740416033e-01 -3.972930393886e-02 -1.535448461596e-02 
 4.176301442930e-01 -1.213007978922e+00  6.800887938284e-01 
-8.618149510566e-01 -3.835509208127e-01  6.105805409692e-01 
-5.183689432749e-01  1.163596718789e+00 
 1.724386501769e-03 -8.037796367959e-01  1.545113787306e+00 
-3.083281573377e-01 -2.573994042426e-02  2.430494000949e-01 
 6.948253198851e-01  8.134358477698e-02 -2.575491480329e-01 
 2.746316093813e-02 -2.914384085094e-01  1.807222734941e-01 
 7.483735213658e-01 -7.636861637140e-03 -7.566762668993e-02 
-1.218699383729e+00 -1.559681932724e-02  1.760805215980e-01 
 4.803974136791e-01 -1.154498199836e+00  8.283183192573e-04 
 4.601248863560e-01  5.832938841727e-01 -1.180999761998e+00 
-2.532763275875e-01  1.631247639150e-01 
-5.268846249753e-02  1.240885172003e+00 -2.515615883791e+00 
-3.321341746424e-01  4.558965478014e-02 -5.298214258904e-02 
 8.260768481400e-01 -7.521414253050e-02 -7.019899969660e-02 
-7.805814284802e-03  2.505679736418e-01  5.283681825301e-02 
 4.075580840036e-01  2.291856899063e-02  4.883174231159e-01 
-8.170454305549e-01 -3.016849181434e-02 -7.447228525436e-01 
-1.999601594750e-01  2.926336570133e-01 -2.799899881480e-01 
 8.579312214676e-01 -1.131967810008e-01 -4.183894845945e-02 
-6.732917891394e-01  1.460011285032e+00 
 2.195568147817e-02  3.004843650033e-01  2.110841853166e-02 
-5.441531498722e-02  2.956039221042e-02 -7.129634895058e-01 
 9.117716805605e-02 -8.264512466552e-02  1.181650788759e+00 
 1.204256921752e-03 -3.397047044983e-01  3.562038234098e-01 
 1.115810990413e-01 -5.318920229642e-02 -9.094162209052e-01 
-1.716904449938e-01  1.201588026760e-01  1.539566308942e+00 
-4.014136100328e-01  7.233347081869e-01  1.400445568565e-02 
-6.614481071746e-01  1.113127378742e-01 -8.687843845959e-01 
-4.042004444615e-01  7.895451258158e-01 
-1.223214905247e-02  4.516375204837e-01 -1.667388330085e+00 
 5.503454709541e-02  8.489620938019e-03  7.352213853562e-02 
-1.516805653153e+00 -6.100696755354e-02 -4.335276708431e-01 
 1.352227994295e-02 -1.188558712563e+00  2.444272498551e+00 
-4.314943157772e-01 -1.623627901888e-02  1.547311152630e-01 
 1.860095513820e+00  6.340861911533e-02 -3.622807345808e-01 
 5.531898131448e-01  4.303369434816e-01 -7.364537999897e-01 
-4.807959710925e-01  3.685945725136e-01  8.423962024072e-02 
-3.323864425815e-01 -2.046384388979e-01 
-2.305181505475e-03 -2.857374451608e-01  3.189400786308e+00 
 7.768612946370e-02  1.519212667572e-02 -5.356706119283e-03 
-1.714678799978e+00  1.511856523446e-02  1.875825334861e+00 
 1.777763282050e-02  1.566210810213e+00 -4.559785922591e+00 
-3.340981816893e-01 -7.054681741164e-03 -2.114857432177e-01 
 1.750274728395e+00 -1.737688741936e-02  1.620252752705e+00 
 2.495206182975e-01  5.717536757126e-01 -2.833339343859e-01 
-1.990772026735e-01  7.758800728363e-01  3.501365935076e-01 
-5.671196005659e-01 -4.697821070680e-01 
orbocc
(*)
 0.000000000000e+00  0.000000000000e+00  0.000000000000e+00 
 0.000000000000e+00  0.000000000000e+00  0.000000000000e+00 
 0.000000000000e+00  0.000000000000e+00  0.000000000000e+00 
 0.000000000000e+00  0.000000000000e+00  0.000000000000e+00 
 0.000000000000e+00  0.000000000000e+00  0.000000000000e+00 
 0.000000000000e+00  0.000000000000e+00  0.000000000000e+00 
 0.000000000000e+00  0.000000000000e+00  0.000000000000e+00 
 0.000000000000e+00  0.000000000000e+00  0.000000000000e+00 
 0.000000000000e+00  0.000000000000e+00 