2mocoef
header
1
MO-coefficients from MOLCAS
1
26   26
a
mocoef
(*)
 6.935315438902e-05 -6.481851635939e-04  6.635315416254e-03 
 7.880986496027e-05 -1.162798181448e-05 -4.350808181918e-04 
-6.800376221575e-04  5.742966967397e-05  3.755345487155e-03 
 9.960144819801e-01  2.390223379904e-02 -1.426327820618e-02 
-1.225385977144e-04  2.604367791877e-04 -9.237325520768e-04 
 5.251687412748e-04 -1.853174574370e-04  2.864744122643e-03 
-9.321898840376e-05  4.457924644363e-04  2.357142876384e-05 
 1.163211300232e-03  2.272817100402e-04  1.508459552125e-03 
-2.223198121709e-04 -3.352448232359e-04 
 9.960452668697e-01  2.399563208929e-02 -1.023878504270e-02 
-1.254775748702e-04  4.787397631226e-04  1.340719694206e-03 
 2.075764456388e-04 -3.349267571781e-04  2.490264069898e-04 
-4.367058217692e-04 -2.950273036344e-04  1.188041360151e-03 
-2.205777371543e-05 -5.163958696862e-05  2.601221997859e-04 
 2.600060258518e-04  3.311016409548e-05  1.738893831646e-04 
-2.072314326039e-04  2.143186388244e-03 -1.654063506334e-04 
 6.446208133277e-05  1.977079666930e-05  2.192687831730e-04 
-3.195383920937e-04  2.472147764817e-03 
-1.137282370685e-01  2.353890787745e-01  5.741550230103e-02 
-1.025541522010e-02  1.026359518418e-02  1.385067282689e-01 
 3.315314979139e-03  3.403641328314e-03 -4.357118884210e-02 
-1.920339269807e-01  4.135377787490e-01  4.218897020808e-01 
-3.413266790909e-03  1.397891938259e-02 -8.473736597411e-02 
-5.188132392078e-03  9.361222303317e-03 -1.730780729881e-02 
 3.556614031796e-02 -3.129875656683e-03  8.939206763572e-02 
-4.017865864883e-03  9.300843141064e-02 -7.970433381518e-03 
 4.547647333695e-02  6.834166601440e-03 
 1.547582306427e-01 -3.254060106414e-01 -3.026357799008e-01 
 3.207154104887e-02 -2.355215049363e-02  7.570055313717e-03 
 9.644062142436e-03 -2.039177664069e-02  2.503802967873e-02 
-7.708494752914e-02  1.610383721676e-01  2.905959713142e-01 
-1.189295457278e-02  1.691757527805e-02  3.165290126299e-01 
-7.164668500391e-04  1.806275475415e-02  1.351625995161e-01 
-1.072783903277e-01 -2.386503166363e-02  1.345536632743e-01 
 1.643010474073e-02  1.338732251504e-01  2.164150566748e-02 
-1.344492978394e-01 -3.285133982967e-02 
-2.291457603116e-03  1.164208897782e-02 -5.096459077979e-03 
 1.995422559602e-01 -4.587975856774e-03  5.468868074068e-02 
 2.953635678818e-02 -1.036076777444e-03  4.604926862417e-03 
-6.153842880861e-03  1.829534606479e-02  1.242409067084e-02 
 4.668945206024e-01 -8.046825606078e-03 -4.793703005714e-02 
 3.196354577354e-01 -4.293244539102e-03 -9.210015757067e-03 
 4.484241498768e-02  2.724840173787e-02  1.705233303379e-01 
 3.294055091982e-02 -2.133963795958e-01 -4.954929738381e-02 
-8.949247926302e-02 -5.417238052109e-02 
-7.571199896646e-03  1.020062219085e-02  1.173177883640e-01 
-3.894121945972e-01  3.975404123784e-03 -1.316040201745e-01 
-2.940108879859e-01  1.053998883603e-03  2.304093788018e-02 
 1.118631256319e-02 -2.863901866879e-02 -7.298326720294e-02 
 1.982184633620e-01 -6.481997938865e-03  1.685385016947e-01 
 2.115608922736e-01 -5.315294857791e-03  1.153268859690e-01 
-1.548960962176e-01 -7.764814559003e-02  1.619820371066e-01 
 6.922515083474e-02 -8.962972342294e-02 -4.718842183998e-02 
 2.783236674840e-01  1.420174937273e-01 
 7.343506044690e-03 -1.933404068213e-02 -1.787831455838e-02 
-6.883031367812e-03  3.222933398798e-01  2.467683200021e-02 
-8.070044320844e-03  1.463327453368e-01  1.621294686526e-02 
 6.493050625302e-03 -1.848334627924e-02 -2.039258832886e-02 
 1.143745714263e-02  5.333224245913e-01 -3.055364115265e-02 
 1.066011002193e-02  3.651117717122e-01 -1.671690408181e-02 
-8.856786884704e-03 -5.633476770019e-03  5.829581811598e-03 
-8.347585713878e-04 -4.402593926335e-04 -3.373722114014e-03 
 2.434047490175e-03 -1.874742606113e-03 
 4.420204429189e-02 -7.306529552451e-02 -2.666331540560e-01 
-1.601507079080e-01 -3.027636094318e-02  3.905711046097e-01 
-1.143028292879e-01 -1.855061853815e-02  8.902505393421e-02 
-2.274484968021e-02  5.984728926339e-02  3.610142279337e-02 
 2.144664716701e-02 -2.251630309307e-02 -3.497812783390e-01 
 4.712141985456e-02 -7.193605135991e-03 -1.860423052916e-01 
-2.446022386021e-01 -1.199525385665e-01 -7.246204100747e-02 
-1.808229588805e-02 -9.660204116122e-02 -4.070512933041e-02 
-4.748987045538e-02 -1.788590961752e-02 
-1.915879087063e-02  4.921818814062e-02  7.413650180860e-02 
 1.846540126840e-03 -5.741850170425e-01 -2.786026404681e-02 
 2.566321149225e-03 -5.546108217055e-01 -2.526558325678e-02 
 1.052178239535e-02 -3.099814611416e-02 -3.928834321632e-02 
 2.251697033120e-03  4.029658494294e-01 -8.235192610376e-03 
 2.587095946584e-03  4.508903596821e-01 -1.348981302392e-02 
-2.262450179068e-02 -3.323872822710e-02  1.313255659256e-02 
 1.786979346592e-02  1.417943157218e-02  1.934099609589e-02 
-1.657696391071e-02 -1.990248956168e-02 
-3.322384274669e-03 -5.345080529827e-03 -7.257635265945e-02 
 7.231954830253e-02  3.841835331827e-03  9.714684109966e-02 
 2.096004901131e-01  1.316930025626e-02  3.670877831534e-01 
 1.073476142193e-01 -1.735588515214e-01 -1.517571819028e+00 
 4.928490437928e-02 -3.595885383025e-02 -1.577021076827e-01 
 9.330093301582e-02 -7.603702354046e-02 -3.658528262997e-01 
-3.116119290088e-02  5.274219505954e-03  7.428458878355e-02 
 8.668908287752e-01  1.165954931839e-01  1.146955493690e+00 
 1.041027795847e-02  3.879047547188e-01 
-5.030858965908e-03  2.519950278715e-03  8.670784585076e-02 
 2.164779093623e-01  4.147326799168e-03 -5.153070890071e-02 
 4.300622178615e-01  6.132121281758e-03 -9.525633639952e-02 
-1.841824857660e-02  2.332840745557e-02  2.804517340687e-01 
 2.774313307765e-01  2.239705531929e-03  8.124963258244e-02 
 6.482794925224e-01  3.827501687852e-03  1.603646041177e-01 
-8.958830942179e-02 -6.989073102563e-01 -1.466661516504e-01 
-1.200649305924e+00  9.961172552254e-02  7.749883315556e-01 
 7.104277713846e-02  6.023106482741e-01 
 1.310499561787e-01 -1.946525758451e-01 -1.875800107642e+00 
-3.139650701209e-02 -5.503025201810e-02  1.558130599390e-01 
-6.635190817743e-02 -1.624956223769e-01  5.015134804469e-01 
-3.531153778002e-02  7.329635726535e-02  3.558789471323e-01 
 5.521691134755e-02  2.260093711375e-02 -4.439083193306e-02 
 1.507203577848e-01  6.780657076559e-02 -1.715438690960e-01 
 9.736476017758e-02  1.380347327851e+00 -1.878897134211e-02 
-2.720521651003e-01 -2.296349522289e-02 -5.690766384766e-03 
 6.764041838469e-02  1.148346433421e+00 
 1.021557751719e-02 -3.144883063011e-02 -2.721946157575e-01 
 3.173392029240e-01 -3.691193083816e-03  4.204482668531e-03 
 1.463750345212e+00 -2.758881205123e-02  1.481368021686e-01 
-5.945169180017e-03 -4.875677750205e-03  1.431592305428e-01 
-2.545689363808e-01  4.548601808582e-03  5.859313369151e-02 
-9.811877497129e-01  1.846946203182e-02  6.024395560651e-02 
-3.792511252462e-02 -1.063926420535e+00 -3.054800131378e-02 
 7.147728198321e-01  4.428637170636e-03 -1.101658565900e+00 
 3.953167323308e-02  1.671591097724e+00 
-5.469087005428e-02 -9.577465619422e-02  2.647028279699e+00 
-8.049899200526e-02 -1.142582419792e-02  4.114553282000e-02 
-2.716961938776e-01 -3.299456589994e-02  2.855393296728e+00 
 6.076461786989e-02 -5.224539119273e-02 -2.545003552402e+00 
-1.574627801819e-04  1.244126174066e-02  2.810723196965e-01 
 5.872188667758e-02  6.279227813095e-02  1.859001036878e+00 
-3.239415565167e-02  8.188470671676e-01 -3.993145021219e-02 
-6.645751324514e-01 -5.681816394401e-02 -4.937781621864e-01 
 5.300322146781e-02 -5.700866126813e-02 
 3.451720053665e-03  4.286104932921e-02  9.620779478546e-02 
 1.288185867736e-02  9.909285469413e-01  1.061366190792e-01 
 4.359137806348e-03 -1.140316667848e+00  6.880870556165e-02 
 8.541810759668e-03 -1.118792485346e-02 -1.218877196505e-01 
 5.672093362702e-03  2.271688509001e-01 -2.884256426473e-02 
-2.025597962561e-02  1.309104808795e-03  2.203686951093e-01 
 2.105116512190e-02  4.805126213439e-02  6.679185519834e-03 
-4.301270311855e-02 -1.978282110411e-02 -1.936610673878e-02 
 1.758990383759e-02  5.885933665822e-02 
 2.002277395730e-02 -5.970287980394e-01 -1.043068109229e+00 
-4.650779812901e-01  1.040913656284e-01 -6.981359455678e-01 
 8.038032945713e-01 -1.255821227479e-01 -4.113624972313e-01 
-5.553773680231e-02 -1.321704854941e-03  8.853718257616e-01 
-5.160337363821e-02 -1.434122700432e-02  1.523585900755e-01 
 1.108741261746e-01  7.096478566814e-03 -1.663026038175e+00 
-2.535549089920e-01 -1.436610367455e-01 -2.833584492880e-01 
 5.336103760866e-01  2.513041241380e-01  2.455127076785e-01 
 1.876093062710e-01  8.818362657855e-02 
 2.263960452422e-04 -4.046340744633e-01 -3.220009126870e-01 
 5.355568224288e-01  5.684471116094e-02 -6.083800788926e-01 
-1.201390006220e+00 -6.702599763010e-02  3.743265257947e-01 
-3.267865819291e-02 -2.210899769279e-03  1.197281792940e-01 
 7.683491023141e-02  9.762305978556e-03  1.247926601400e-01 
-4.470817638142e-02 -9.554583231962e-03 -9.760673223460e-01 
 3.566414661739e-01  2.612051986566e-01  2.943581854803e-01 
 1.563398240274e-01 -2.837702980984e-01  2.189899945463e-01 
-3.799683424634e-01 -2.354268470216e-01 
 5.071657936679e-02  7.701846711706e-01 -1.491493697514e+00 
-1.328338070288e-01 -1.187290804025e-01 -3.073738501898e-01 
 5.098584944460e-01  2.199748719286e-01  6.405091001446e-01 
-1.334889177877e-02  2.480502928668e-01 -2.581692139643e-01 
 1.115452565662e-01  4.281765168147e-01 -1.841831891698e-01 
-2.671589162152e-01 -5.591874578010e-01 -9.428563049455e-02 
 6.887030404823e-01 -1.977574286009e-01  8.621344425824e-02 
 1.430655085233e-01  1.309751716108e-01 -6.216312865572e-02 
 5.568723489830e-01  4.090815346113e-01 
 1.792607911323e-02  4.791711273330e-01 -8.779551946929e-01 
-4.472641051574e-02  2.101225198010e-01 -8.820636503595e-02 
 2.400746483804e-01 -6.797482005244e-01  3.756406258745e-01 
 1.665732318476e-03  1.043573127017e-01 -1.140916707809e-01 
 4.634046958162e-02 -8.411996989831e-01 -2.389673569689e-02 
-1.439213894817e-01  1.174011963103e+00 -6.836265464227e-02 
 3.341116172767e-01  3.171032682702e-03  1.707033649842e-01 
-5.581586412053e-02  1.276395429399e-01 -1.189767250493e-01 
 2.857215448645e-01  2.638362100996e-01 
 5.022835500181e-02 -4.451914078321e-01  1.323933713697e+00 
-1.907989382650e-01 -9.962378100075e-03 -2.117429265623e-02 
 4.087494804405e-01 -6.394811174912e-02  8.041783345232e-02 
-5.674730984813e-02  2.610943903999e-01 -4.792185675887e-01 
 1.255769494507e-01 -9.398439277500e-02 -2.127520560142e-01 
-3.457345539931e-01  2.077542570059e-01  8.682056437615e-01 
 3.878390363170e-01 -7.746926912985e-01 -8.127999713548e-01 
 4.514704674750e-01 -8.183074734641e-01  2.420588246963e-01 
 8.751881967193e-04 -2.639756197659e-03 
-4.647441195726e-03 -1.876195875780e-01  2.093553593527e-01 
-7.830794956978e-01 -6.293809057659e-03  7.170618602515e-02 
 1.498505098979e+00  4.065329738298e-02 -2.487625742712e-01 
 1.450774137722e-02 -9.718260468570e-02  1.928527233425e-01 
-3.462974246496e-01  1.584099539645e-02 -3.375147969047e-02 
 8.888927153129e-02 -4.411991550290e-02 -2.456544503994e-02 
 4.407569086137e-01 -1.278058634947e+00  6.774003986069e-01 
-8.245222835932e-01 -3.057965133283e-01  5.117713913323e-01 
-5.484115250579e-01  1.175794549425e+00 
-1.834276712195e-03 -7.780981054919e-01  1.474025021791e+00 
-2.463267538780e-01 -2.361221962440e-02  2.631732972118e-01 
 5.652496312231e-01  7.958680007052e-02 -2.804024998580e-01 
 2.900968355505e-02 -2.934262997848e-01  1.868932999574e-01 
 7.722480853518e-01 -6.032750989643e-03 -3.328819864019e-02 
-1.214217682348e+00 -1.977733078694e-02  1.041421488460e-01 
 4.172304559057e-01 -1.027586316716e+00 -3.634963135792e-02 
 5.382469919262e-01  6.445449916392e-01 -1.221915971930e+00 
-2.141790281850e-01  5.988058388271e-02 
-4.918246519049e-02  1.292765825628e+00 -2.533835964328e+00 
-3.329823256294e-01  4.676985048164e-02 -1.130234111761e-01 
 8.263773515285e-01 -8.208243763750e-02  5.381297083376e-02 
-8.626349943992e-03  2.456436908360e-01  3.847752853211e-02 
 4.130064405516e-01  1.681927468829e-02  4.090138040883e-01 
-8.238847555454e-01 -1.859124006219e-02 -5.990657195185e-01 
-2.191114664964e-01  3.632197670069e-01 -2.926098796701e-01 
 8.137197597121e-01 -1.083310033969e-01 -1.042779620306e-01 
-6.769510939323e-01  1.512350945881e+00 
 2.723055334549e-02  1.928533792372e-01  2.057043848873e-01 
-4.297079996963e-02  2.748613939823e-02 -7.172228566959e-01 
 6.379716615986e-02 -7.685286499662e-02  1.174447487402e+00 
 9.382395688328e-04 -3.600735240198e-01  3.717822460490e-01 
 9.910800097793e-02 -5.609588647347e-02 -9.494958071672e-01 
-1.471118490505e-01  1.229172301157e-01  1.574372453880e+00 
-3.539589478569e-01  6.559950725902e-01  3.316968633135e-02 
-7.043993781501e-01  1.255171048323e-01 -8.831435124953e-01 
-3.479055693069e-01  6.919355154252e-01 
-1.269505753471e-02  4.541014801123e-01 -1.662339360017e+00 
 5.930189336289e-02  7.816404048485e-03  7.384563303021e-02 
-1.531911477754e+00 -6.009139868051e-02 -4.266895530937e-01 
 1.347301101942e-02 -1.182129379785e+00  2.427517162552e+00 
-4.312742835191e-01 -1.646074617124e-02  1.565508705691e-01 
 1.872393745609e+00  6.273611117852e-02 -3.604011359655e-01 
 5.414995519105e-01  4.468822328690e-01 -7.435618997799e-01 
-4.772228777294e-01  3.783461568357e-01  8.413148127481e-02 
-3.296424335543e-01 -2.147827707017e-01 
-2.106336635478e-03 -2.900821223263e-01  3.202590715444e+00 
 8.000503774544e-02  1.549455429928e-02 -4.834982391873e-03 
-1.713974516214e+00  1.451634739852e-02  1.875184424051e+00 
 1.809060212081e-02  1.568555371551e+00 -4.566853853421e+00 
-3.315094886445e-01 -6.642219171193e-03 -2.146718213891e-01 
 1.746655633605e+00 -1.711489818574e-02  1.626136522195e+00 
 2.426871626082e-01  5.746992331978e-01 -2.827787571098e-01 
-1.985861561505e-01  7.802867963071e-01  3.458459272319e-01 
-5.591911555459e-01 -4.776187085177e-01 
orbocc
(*)
 0.000000000000e+00  0.000000000000e+00  0.000000000000e+00 
 0.000000000000e+00  0.000000000000e+00  0.000000000000e+00 
 0.000000000000e+00  0.000000000000e+00  0.000000000000e+00 
 0.000000000000e+00  0.000000000000e+00  0.000000000000e+00 
 0.000000000000e+00  0.000000000000e+00  0.000000000000e+00 
 0.000000000000e+00  0.000000000000e+00  0.000000000000e+00 
 0.000000000000e+00  0.000000000000e+00  0.000000000000e+00 
 0.000000000000e+00  0.000000000000e+00  0.000000000000e+00 
 0.000000000000e+00  0.000000000000e+00 