#INPORB 2.2
#INFO
* RASSCF average (pseudo-natural) orbitals
       0       1       0
      48
      48
*BC:HOST midway3-0543.rcc.local PID 686863 DATE Sun Jul 26 23:22:31 2026
#EXTRAS
* ACTIVE TWO-EL ENERGY
 6.140803402214E+00
#ORB
* ORBITAL    1    1
  6.07510229178547E-05 -1.84470390282010E-05  2.54666958877048E-03  2.66110698054734E-11 -9.24428858039142E-11
  3.12681612749134E-11  1.14212348569729E-11 -1.84983045863906E-04  1.53334037102702E-03  1.54135001929183E-13
  1.25564271541812E-11 -4.39337144504677E-04 -2.16303991672501E-11  1.68688579744928E-04  1.00095717393657E+00
  5.09708010175592E-03 -6.22295044773035E-03 -2.18752406277632E-10  2.87053453732902E-10  1.10427098832933E-10
 -7.24632293029236E-11 -7.38700863536245E-04  1.99107743379543E-03  6.25314016413635E-12  1.88528792071662E-11
  2.81088929278461E-06  9.39345979907596E-12  1.73688761050700E-04 -3.81567113095445E-04  2.62782275778329E-04
 -4.09888732243970E-05 -6.52222143487956E-13 -1.98623285052043E-04  2.29108763261621E-05  2.63547550190239E-04
  4.28386682329523E-04  1.40703934079329E-11  1.02004430030987E-04  2.29109486054704E-05  2.63547641309115E-04
 -4.28386729211290E-04  8.44253366589835E-12  1.02004434375700E-04 -3.81567115925121E-04  2.62782205974149E-04
  4.09888930981718E-05 -1.00484320050786E-12 -1.98623272509402E-04
* ORBITAL    1    2
  1.00116266825553E+00  7.10573866946319E-03 -4.80269555906439E-03 -6.66109704571019E-11  5.56240947130475E-11
  1.52371777249960E-10 -6.91864521059649E-11  1.44970297844774E-03  6.87464119451146E-04  8.69420625468408E-12
  2.49205298307558E-12  5.85035868732397E-04  3.28134150311698E-12  6.09938329042007E-04  2.54968964533816E-05
  8.37067318155207E-04 -2.77200473094824E-03  3.11758380204849E-11 -4.04490776615205E-11  4.65963282723891E-11
 -2.54744767202789E-11  2.32663377366308E-04  1.74911268984553E-03  1.66026828826587E-12 -3.56095399066972E-11
 -4.65997084707740E-04  4.21343678061794E-12 -2.73716989344046E-04 -5.23889577564944E-04  1.61838743910658E-03
  2.56446084914867E-04 -4.23407669866497E-12 -2.54162705815609E-04  3.38430427669749E-04 -2.36294991221578E-04
 -4.24981098276299E-05  4.83326509958184E-12 -3.28699075359338E-04  3.38430413570723E-04 -2.36294970210794E-04
  4.24981226782120E-05  3.85660400019977E-12 -3.28699084860498E-04 -5.23889613812442E-04  1.61838749395568E-03
 -2.56446078220629E-04 -2.85788631551420E-12 -2.54162704347414E-04
* ORBITAL    1    3
 -1.14128383251372E-02  4.18334805058798E-01 -1.55291686895375E-01  3.40939778542498E-10 -1.95219107454449E-09
  2.25891399325612E-09  8.00669562083809E-10  1.50512202725234E-01 -7.43561886523494E-02  1.23410445144575E-10
  7.80601079892148E-10  2.64998865198265E-02 -1.53477940345244E-09 -6.18283986256224E-04 -1.01044291257768E-02
  7.87754220294743E-01 -1.18475991527947E-01 -7.83458527925280E-10  5.99263841656299E-09 -2.63645932717894E-09
 -9.21748071203629E-10 -5.31951805791207E-02 -2.51767728914467E-03  2.20596374632056E-10 -7.61868573013433E-10
  1.15163818814056E-02  1.02381082592069E-09  4.10004376337757E-03  1.16175957632384E-01 -5.87722745356967E-02
 -8.89110452859457E-03 -1.28865306395970E-10  8.82592303791856E-03  2.34531566558092E-01 -1.12716233834954E-01
 -2.49498637000918E-02  5.97170890432233E-10 -1.25827951983420E-02  2.34531575134867E-01 -1.12716230501600E-01
  2.49498655471909E-02  1.43757975069996E-10 -1.25827974939970E-02  1.16175960590512E-01 -5.87722761764574E-02
  8.89110603213662E-03 -1.16558695745668E-10  8.82592409715834E-03
* ORBITAL    1    4
  7.15679008154117E-03 -7.14386836317297E-01  1.54330728402431E-01 -2.39093195034337E-09 -1.20669137126909E-09
 -4.23386801303100E-09 -3.03990178806588E-09  1.60415395525937E-01 -2.94813130335119E-02  6.46990114499925E-11
  8.44759627137560E-11  6.24154309148703E-03 -1.85032102295930E-10 -8.27026161353969E-03  6.53380247702651E-04
  3.47144654196533E-01 -2.92669528292241E-02  7.26530951733220E-09  1.69963720507786E-09  6.94008067378531E-09
  2.37764394468870E-09  2.64953725383702E-01 -4.21069972495879E-02  7.29021084666416E-11  1.37501214948705E-09
 -1.37985263082839E-02  5.70647312698161E-10  3.24310673673644E-03 -3.66379816455436E-01  1.72116166347729E-01
  2.50520922988114E-02  5.21334556644902E-13 -1.23176814347424E-02  2.18750965487401E-01 -1.01654333913609E-01
 -1.94716938710883E-02  5.76094181889570E-10 -8.01419676163101E-03  2.18750957541588E-01 -1.01654327420132E-01
  1.94716940746416E-02  3.63534135002415E-10 -8.01419729757183E-03 -3.66379813208381E-01  1.72116162941076E-01
 -2.50520925514830E-02 -4.13907755596280E-11 -1.23176817493001E-02
* ORBITAL    1    5
  1.06551644703800E-09  1.32772780052828E-08  2.19302744874238E-08  2.18239032379334E-01 -4.07197706415592E-02
  1.79878152329131E-08 -3.00314990042089E-09 -2.16927979050303E-08  1.49274274684438E-08  3.02102943887243E-10
  1.88036780656224E-09 -3.38160141060542E-09  2.93950368680971E-02  4.41638696005546E-09 -3.01240317563254E-09
 -6.54589606014001E-09  4.06382843715738E-08  6.73700577787017E-01 -9.90835843636686E-02  3.83332025819857E-08
  9.29955363644801E-10  1.78537437934661E-08  2.43842672396704E-08  1.08418610087257E-09 -7.15864239814157E-10
 -1.86059507479501E-09  2.71887669440611E-03  4.01689976279577E-09  1.18448229042742E-01 -6.90045512098357E-02
 -9.29614987183995E-03  2.31709020214055E-10  3.69447123852455E-03  4.85220814341161E-01 -1.96641654333737E-01
 -2.58390214637281E-02  1.11654900993252E-09 -2.47604228302118E-02 -4.85220831429068E-01  1.96641607240134E-01
 -2.58390359414467E-02  9.44186477282414E-10  2.47604301626962E-02 -1.18448222113011E-01  6.90045434914474E-02
 -9.29615581763700E-03  6.36647458490898E-10 -3.69448063602567E-03
* ORBITAL    1    6
 -6.91209061350171E-03 -4.94704166508280E-02  1.03905127305642E-01 -4.43381836697262E-07  8.86103142294795E-08
 -5.98006015228286E-09  1.41868291209259E-09 -6.14130246822408E-01  1.90162683112684E-01  2.41995154381482E-12
 -2.51754898210098E-09 -3.74140654844402E-02  1.57902283096256E-08  1.14105280790120E-02 -1.48411198736344E-03
 -6.69266334070096E-02  1.91455662948754E-02  1.23202957710885E-07 -1.41477156501284E-08 -1.23468136447770E-08
 -1.51109442610765E-09  6.43066638799088E-01 -8.23420254732360E-02  7.60144582680322E-11  1.25548213268906E-09
 -2.03122858123388E-02  1.37181887248542E-08  7.01402057665848E-03  2.63192782904888E-01 -9.88953226945656E-02
 -1.53887760802566E-02 -2.58155870546552E-11 -1.15797050960454E-03  2.57748852086608E-01 -9.56060849500726E-02
 -1.85077367990459E-02 -1.95682686917954E-10  1.11405849343123E-04  2.57748584939824E-01 -9.56060093266149E-02
  1.85077281333224E-02 -1.43925650425393E-10  1.11414265146466E-04  2.63193503210183E-01 -9.88956001128955E-02
  1.53887979318453E-02  1.66297021113293E-11 -1.15794519026547E-03
* ORBITAL    1    7
 -2.12804802202243E-10  8.17089782391566E-09  8.12009768919650E-09 -9.11625255818083E-09  1.56879193371779E-09
  2.92206336177861E-01 -5.86931555620143E-02 -6.34422316460556E-09  4.93797068408209E-09 -1.27090050043110E-10
  3.97285062009241E-02 -1.41901521951830E-09 -1.48530445774709E-09 -8.35269996666371E-10 -8.40953637696618E-10
 -1.02888845480768E-08 -3.84515362497434E-09 -3.37595746055306E-08  4.27558164781784E-09  8.49768721480401E-01
  4.23551079079362E-02  1.30711081587991E-08 -1.25316977653909E-09  2.35828368167911E-10 -1.80020722913056E-02
  2.24848608495701E-10  1.22475304398896E-11 -3.18878902748463E-10  4.74166545302313E-10 -1.58609564935324E-09
  8.26614482798566E-12  7.49158414054578E-03  1.44882370383677E-11 -1.64431927974629E-08  1.16747391048211E-08
  9.50920730174294E-10  2.02721827379988E-02  1.62858409727970E-09  2.68145344389891E-08 -8.66494162210899E-09
  1.54631004946983E-09  2.02721823252722E-02 -7.32332809973457E-10  8.24715802990458E-09 -8.23125845329084E-09
  7.99890866628172E-10  7.49158425234569E-03  2.43113783943496E-10
* ORBITAL    1    8
  4.32670562939189E-09  3.56938837121184E-08 -7.12676533973079E-08 -6.73373022113989E-01  1.35771920486546E-01
  3.27796608356600E-09  3.72527564103478E-10  3.98850411339595E-07 -1.24264289705298E-07 -1.71424335602314E-09
  1.00185527665345E-10  2.34865249701744E-08  2.51447226837520E-02 -7.92946852476080E-09  4.41451828792088E-10
  4.02529320117915E-08 -3.95754556055574E-09  2.15761506813565E-01 -2.66080553426597E-02  8.30927428776134E-10
 -3.16494418024622E-10 -4.17555571969456E-07  5.40277468517299E-08  2.40796743273182E-10 -6.10031094782695E-11
  1.37481179565160E-08  2.06648590297965E-02 -4.30026562993123E-09 -5.50187234463956E-01  2.10082166795463E-01
  1.63559384331890E-02  3.14253546783796E-11 -1.92309856910611E-02  2.24031577412239E-01 -6.32707110141341E-02
 -8.02106514825512E-03  1.85280986236634E-11 -8.01848751792146E-03 -2.24031920441825E-01  6.32708330200087E-02
 -8.02109096407364E-03  2.50508671114597E-12  8.01848856960623E-03  5.50186897934189E-01 -2.10082039937229E-01
  1.63559217147416E-02  1.97634775383984E-10  1.92309891044759E-02
* ORBITAL    1    9
  1.81344725581065E-09  4.81963717503675E-08  6.23570939813455E-08 -7.41565002732026E-09 -2.69223770221937E-09
 -9.37883020721710E-01 -9.99606265661076E-02  1.20301443821351E-08  2.36825176005881E-08 -2.92391519411003E-12
  1.63696227546101E-02 -5.84513229480382E-09 -9.99833466239404E-10 -4.97191777808057E-09  3.72126939222269E-10
 -2.72823705668754E-08 -5.48384094539687E-08  1.44841715042410E-09 -3.09040561796358E-09  3.90068624226466E-01
  1.69377631031487E-01  1.33785422717546E-08  1.60528371893019E-08  2.20031128466105E-10  1.83942969271602E-02
  1.24548695771546E-09  9.24706944325409E-10 -2.62636649480169E-10 -1.43037921425536E-08 -1.53833267271703E-08
 -1.66342302205472E-10 -2.39091979206452E-02  7.22173948759665E-10  1.58587976179142E-08  1.34637941319230E-08
 -2.26627141327789E-10  1.19687371090151E-02  6.43913057572912E-10  3.74582308231777E-09  9.95676445600454E-09
 -6.11254461435158E-11  1.19687367358810E-02  6.28648070941595E-10 -1.84342200479836E-08 -3.05565941816462E-08
  5.69535662742770E-10 -2.39091979397925E-02  1.10017377634884E-09
* ORBITAL    1   10
  1.15058330506099E-02 -4.77360149098728E-02 -5.53703857736574E-01 -9.05870205524700E-09 -1.34357964941043E-08
  9.91124425589167E-09  1.05992650157791E-08  1.86755505173523E-01  2.21394684998303E-01 -6.74235118563529E-11
 -1.18212601566557E-09 -1.24480869031207E-02 -1.03265813474132E-09  1.77172857184940E-04  3.49285915861579E-02
 -2.92689642847000E-01 -1.00022745383801E+00 -1.09949010445068E-08 -2.30108841377885E-08 -1.47915615711074E-08
 -8.47932755263495E-10 -1.86116141066640E-01 -2.47450987221243E-01  1.11031050725960E-10 -2.84380921937582E-10
 -8.92256599427063E-04  1.55013140457374E-09 -3.61545055760532E-04  9.26568085018728E-03  3.89986179157019E-01
  3.76877076701024E-03  3.34222094376917E-10  1.10034244764030E-02  2.20484640411884E-01  7.11624952393221E-01
 -3.68462251470362E-03 -1.94241964728742E-10 -6.52126286597306E-03  2.20484598811499E-01  7.11624857433358E-01
  3.68462283397042E-03 -1.97150775132338E-10 -6.52126315727226E-03  9.26566989124903E-03  3.89986132323132E-01
 -3.76877070418269E-03  4.12557603264067E-10  1.10034246748263E-02
* ORBITAL    1   11
 -4.85822173590140E-09  2.78183969526467E-08  1.63241572169987E-07  2.98417794248082E-01  5.50769735891492E-01
 -2.21104114980370E-09 -7.33612099898583E-09 -4.87470792370344E-09 -2.73593763708383E-08  1.43471893098974E-10
  2.94567881447959E-11 -2.26436904256179E-09  2.29918889041074E-02  3.28587045433500E-09  2.77274966691793E-09
 -3.61630562116098E-08 -9.52533271652833E-08  3.70570605677470E-01  3.43555864561714E-01  6.44265903930640E-09
  7.64273063022516E-10 -8.67309428587148E-09 -7.76300800297510E-09  8.81074554274856E-10  1.91521701197356E-10
  1.43237498390763E-10 -2.28421602754275E-02  5.06120685479860E-10 -1.12460307963670E-01 -8.62337846498824E-01
  1.36472704844747E-03 -2.42404228754628E-10 -8.82269467860287E-04 -1.79789082911128E-01 -8.68868733666820E-01
  7.45072123446581E-04  4.23993483521482E-10 -3.98952976402963E-03  1.79789127638740E-01  8.68868871697892E-01
  7.45072122589001E-04  1.46417739968519E-10  3.98953020513569E-03  1.12460278245205E-01  8.62337620435137E-01
  1.36472165361096E-03  3.07596931191994E-10  8.82267898052891E-04
* ORBITAL    1   12
  3.38911777523180E-02 -3.62596205311361E-01 -1.59579900692695E+00  2.82249858840066E-08  6.07516783344754E-08
 -3.77409732356199E-08 -7.61834100399685E-09  1.35152290226839E-01  3.93834105949522E-01 -2.57508619327924E-10
 -1.15652471037512E-10  9.87977049196931E-03  1.32494316500846E-09 -9.45985790280043E-03 -1.14754664307143E-02
  1.67925343803980E-01  4.01786558551691E-01  3.56074224873186E-08  4.01142040525617E-08  2.06045076086954E-08
  1.02334199029177E-08 -1.31426820169624E-02 -1.86119061175670E-03 -2.60342267926906E-11  1.47096331013561E-09
 -1.04358390524225E-02 -1.69182419583415E-09  4.01247137248173E-03  1.30275120279547E-01  1.22295647497500E+00
 -7.10291892137543E-03 -1.22894674889739E-09  1.09998274644463E-03 -8.97958452696360E-02 -3.44100916404800E-01
  6.13128258762298E-03  8.60328474934735E-10 -7.80271343297857E-03 -8.97958077944901E-02 -3.44100723473365E-01
 -6.13128210778443E-03  8.19842521258694E-10 -7.80271341252787E-03  1.30275143713363E-01  1.22295665783107E+00
  7.10291989547057E-03 -9.96978950624836E-10  1.09998321906686E-03
* ORBITAL    1   13
  4.35233829508263E-10  1.30078362352727E-09 -1.02317807321449E-09  4.01288890762371E-01  1.09350045795569E+00
  1.46126048461473E-09 -6.87115699467175E-09 -3.56931850174308E-09 -3.73841650683104E-09 -1.22324522558859E-09
 -7.58469804684762E-10  1.16266998320813E-09  1.45637294498885E-03 -1.41691959706284E-10  3.92143655675289E-10
  8.72396437419622E-09  7.57344595523311E-09 -3.02491082033362E-01 -6.02318931276966E-01 -1.63390183851584E-10
  3.20396993854412E-09  1.39065716790550E-09  3.97552022439855E-10 -1.40468245027322E-09  3.60663382177475E-11
 -2.70997464194642E-10 -2.13008605769024E-02 -2.15639760099236E-10 -2.38573221177002E-02 -1.62092476338068E+00
  2.31032101371623E-03 -2.43682586887086E-10 -5.32990824187212E-04  2.84918225004880E-02  8.95009065381223E-01
 -1.05324768717235E-02 -4.48633548844536E-10 -8.54728135169920E-03 -2.84918231349119E-02 -8.95009082188952E-01
 -1.05324757362947E-02  4.05001644364237E-10  8.54728071866162E-03  2.38573219812141E-02  1.62092475886198E+00
  2.31032140771538E-03  7.93146010808769E-10  5.32990253983522E-04
* ORBITAL    1   14
  5.87587350119089E-02  2.93592861746243E-02 -1.68269441392761E+00 -4.03995553517922E-10 -2.06694662388980E-09
 -2.01512826689557E-08 -6.28371854589765E-09 -1.64674463569606E-01 -2.24497897425058E+00  5.60260771131327E-10
  1.44166991517935E-09  3.33079786694059E-03 -2.71692514531697E-10 -2.70687767260535E-02 -5.47367452027593E-02
  3.51794224100720E-02  1.68739627095959E+00  4.90877589374431E-09  2.94833838849080E-09  8.37277494494743E-09
  1.06873222511329E-08 -4.41749238175674E-01 -1.17546051357311E+00 -9.86313596943149E-10  2.06598420893144E-11
  2.52280718744980E-02  2.00242207002414E-10  1.22268666747631E-02 -1.14820448616931E-01 -2.77932902470034E-01
 -2.08358306616296E-02 -5.09675232073477E-10 -1.44420949373671E-02  5.54541563728125E-02  5.57386546906345E-01
  3.84859614423710E-03 -2.66670960108563E-10  1.50126920754689E-02  5.54541533026320E-02  5.57386557112902E-01
 -3.84859592002326E-03  1.18423767815755E-09  1.50126921364446E-02 -1.14820450132959E-01 -2.77932905518881E-01
  2.08358309157829E-02 -1.41270033370646E-09 -1.44420945743279E-02
* ORBITAL    1   15
  2.62902298686930E-09  1.34129839739172E-08 -1.94558839993710E-08  1.60329404668523E-01 -7.67053875305157E-01
 -6.90746289657789E-09  1.17809893541103E-08  2.20329577411222E-09 -6.15357148135510E-10  2.31773861317567E-10
 -1.92501736305390E-10 -6.26214325723504E-10 -2.18078852585120E-01 -1.99568366436610E-10 -8.59036558814862E-10
 -6.69879684392748E-09  1.00675835637746E-08 -1.16442305436453E-01  1.29050348609584E-01 -2.01684767691310E-09
 -1.25350522044796E-09 -9.04415720142129E-10 -9.83699106434004E-10 -3.00778279115619E-10  2.56968084049587E-10
  6.57688961692140E-10  1.08733016519186E-01  1.59241869222462E-09  9.10154822900059E-01 -6.28495533771357E-01
  2.16862922413537E-02  1.45235982104550E-10 -5.84467501931876E-02  8.57607851460606E-01 -8.50420200919046E-01
  1.84490839899488E-02 -8.45039854186469E-11  9.78690127790453E-02 -8.57607826946516E-01  8.50420175600637E-01
  1.84490805468456E-02  6.85863007057885E-11 -9.78690114671229E-02 -9.10154817827084E-01  6.28495534875929E-01
  2.16862935891154E-02 -6.36638691550283E-10  5.84467520866146E-02
* ORBITAL    1   16
 -8.21635262027731E-03  2.00455952860116E-01  4.05309656340232E-01  6.59856627621223E-09 -1.59244015788109E-08
 -2.22098288546749E-09  1.88758713553143E-08  5.32083302933336E-01 -6.83110674707776E-01  3.94104777885292E-10
 -1.12389949539899E-09 -3.96721466748565E-02  5.29716294872766E-10 -1.88873204913373E-01 -1.52951349046025E-02
 -7.79699901073273E-02  9.59160105870310E-02  3.04056313901870E-09 -4.83117743563817E-09 -4.54750068409413E-09
 -7.67786373067439E-09  2.63473299260762E-01  3.75790571451661E-01  1.64077590752935E-10  6.69337444734237E-10
  7.15682361856221E-02 -4.25276804709402E-10 -9.01234256292167E-02 -8.74821245294885E-01  6.09016958336597E-01
 -5.00883247584367E-02  1.18693468240048E-10  1.69913601546084E-02 -8.84499380121230E-01  6.91964109931986E-01
 -8.33545379374911E-02  1.35045932613089E-10  6.25740059292073E-02 -8.84499384891407E-01  6.91964108897220E-01
  8.33545348570662E-02 -3.61099108078369E-10  6.25740066618352E-02 -8.74821260932087E-01  6.09016961024897E-01
  5.00883225929897E-02 -2.07470799890648E-10  1.69913593036768E-02
* ORBITAL    1   17
  2.54070500887476E-09 -1.08072357095475E-08  4.45439281175315E-08 -7.27139598387501E-09  1.12340105390844E-08
  1.41921541762457E+00 -1.82786923501198E+00  2.71746800600307E-08 -2.24354653435453E-08 -3.69254571805264E-11
  6.13652247832505E-02  4.83432301988612E-09 -4.09097469216232E-09  1.83110963133350E-08  7.64060406462400E-09
  4.68072421318223E-08 -6.12392549840472E-08 -2.85818093710928E-09  5.37343847558575E-10  1.81436100166226E-01
  4.90678322125843E-02 -1.43032090062110E-08  4.45840999395335E-08 -5.28516599461046E-11 -5.61999778533909E-02
  2.10632438491463E-09  1.38706919890752E-09 -9.79252130408610E-09  7.46957114823181E-08 -8.63490186240409E-08
  1.42691679397700E-08  3.45683651480703E-02 -6.12792727726564E-09 -8.79575170405077E-08  8.73215807586669E-08
 -8.83422757574470E-09 -2.18408622095197E-02  1.78933983473236E-09 -1.04483518438000E-07  1.05706637538110E-07
  9.92488070152702E-09 -2.18408621338777E-02 -9.19950078152974E-11  7.02765564425932E-08 -7.64521830467548E-08
 -1.09917053081374E-08  3.45683652358544E-02 -3.30924928344404E-09
* ORBITAL    1   18
  8.78518381748219E-02  1.01872210891051E-01 -3.85917777471252E-01  3.54809898909605E-09 -1.18085865539758E-08
 -1.35595639587425E-07  1.58315760357549E-07  1.16248974836962E-01 -1.87105775794162E-01 -5.36446639169541E-10
 -6.21511588951754E-09  4.17236070221769E-02 -2.26735561608866E-10  1.73878378121302E-01  7.08041327371057E-02
  5.39917868914289E-01 -4.05266136752094E-01  5.31405801405616E-09 -6.89387434273390E-09 -1.54855378254994E-08
  5.22427692775249E-09 -9.49857391490818E-02  1.30264223414009E-01 -7.83365503847320E-11  6.35328264717990E-09
  2.27672571499424E-02 -3.26228908921176E-10 -1.05149196987855E-01  9.48719936100185E-01 -8.60339730309408E-01
  9.50592422019992E-02 -3.37957306549998E-09 -1.98482550446229E-02 -1.06272062067047E+00  1.09081943034018E+00
 -1.13294116231946E-01  2.42038033176223E-09  8.83690912914323E-03 -1.06272062578114E+00  1.09081942573850E+00
  1.13294112496552E-01  2.26550124032302E-09  8.83691031892872E-03  9.48719918412243E-01 -8.60339722875758E-01
 -9.50592429553109E-02 -3.03512552955123E-09 -1.98482544455339E-02
* ORBITAL    1   19
 -2.34314214266271E-01 -1.11320689951977E+00  1.10343407506586E+00 -1.84038482770193E-09  8.52797017726359E-10
  4.73971091011632E-09 -1.43832949955452E-08 -1.19252855100063E+00  1.27495467722434E+00  3.22601375454781E-10
 -4.66616602717976E-10  1.18703698054939E-01 -2.02153391729269E-09 -1.16135302029950E-01  3.86889694708070E-02
  4.07788079446506E-01 -7.63910505687738E-01  1.25598565448601E-09  9.32837950022727E-10  3.04432060213108E-09
  5.18780086195547E-09 -3.99839640494344E-02 -2.57129461618700E-01  3.96944814263023E-10 -5.36414026731788E-10
 -1.31709844528242E-01  7.86644230748642E-10 -8.67116886019701E-02 -3.32024052998622E-01  2.88295089216810E-01
 -8.09947878043283E-02  3.63040125697862E-12 -1.20015984243009E-02 -5.26017578950570E-01  5.22760446241497E-01
 -4.30385807358367E-02  7.95529080720306E-11 -1.14282179041112E-01 -5.26017589975728E-01  5.22760458033761E-01
  4.30385800896823E-02 -8.05774525475476E-10 -1.14282179549540E-01 -3.32024065504022E-01  2.88295103229930E-01
  8.09947886106014E-02 -7.33912120843780E-11 -1.20015970025727E-02
* ORBITAL    1   20
  1.28830274948742E-09  7.21317131485049E-09 -1.05509801967161E-08 -1.32328503082575E+00  3.16873837775867E+00
 -6.13935084941441E-09  9.54498806111210E-09  4.62484454245065E-09 -7.94399324848415E-09 -3.72897351920331E-09
 -2.08879640445420E-09 -9.16330116466606E-10 -2.64944368464921E-01 -9.00021266254672E-10 -4.62193996716366E-10
 -1.74921776846861E-09  6.59935353421426E-09 -8.04754553839190E-02 -2.26938000798584E-01 -1.66397210147094E-09
 -1.71262230003412E-10  2.48879189704376E-09 -1.40396636211190E-09 -1.34801726395380E-09  6.89101592175042E-10
  1.07335479789337E-09  3.94233445701784E-02  5.68103073265987E-11  1.03437308599155E-01 -1.80904482302226E+00
  1.86718641055092E-01 -9.73083240823254E-10 -1.08955140159243E-01  1.32599256623175E-01 -2.93012243191149E-01
  2.33162372257867E-02 -3.89387084957771E-10 -3.48689766211734E-02 -1.32599268688585E-01  2.93012254120114E-01
  2.33162386502389E-02  1.31450154776445E-09  3.48689778706773E-02 -1.03437307737102E-01  1.80904482112896E+00
  1.86718642836679E-01  2.22057984298132E-09  1.08955142352884E-01
* ORBITAL    1   21
  8.57521973738285E-09  3.76979853592716E-08 -4.47485089279504E-08  1.30373974745001E-01  2.78024329760738E-01
 -3.25463383011719E-09  3.89092966454453E-09 -4.72544733765825E-09  2.64312187479114E-08 -8.04881916113592E-10
 -5.39840825119751E-10  5.99505784620894E-09  1.88006126540978E-02 -2.58103063550917E-09  2.19488927888640E-09
  1.09221101738849E-08 -2.11106097148841E-08 -1.04750267877050E+00  1.39101861935212E+00  1.58515568999855E-09
 -3.01200455911164E-09 -9.02846030207922E-09  2.57248995171549E-08 -8.01327504260073E-10  4.16512570833687E-10
  2.32491645771679E-10  1.43354205610913E-01 -9.63330842511750E-10 -7.43231580291101E-01  5.91940651246816E-01
  4.09753834894119E-03 -3.45378639338615E-10  9.40198414093545E-02  6.27852640986373E-01 -1.36617467484692E+00
  2.08627186394781E-01 -2.67496916582562E-11  1.36917570656656E-01 -6.27852658992062E-01  1.36617467843098E+00
  2.08627187988620E-01  6.57130048889782E-10 -1.36917567691045E-01  7.43231585495542E-01 -5.91940624080023E-01
  4.09754376314077E-03  6.78504788854425E-10 -9.40198394052363E-02
* ORBITAL    1   22
  4.91677925821135E-08  2.27913030187128E-07 -4.35400690726974E-07  2.76682616769999E-10  2.68853214585331E-09
  2.05442848460469E-01 -6.09185798658020E-01 -2.73107506687266E-08  2.23142917096894E-08  3.85393872330399E-10
 -1.26790373028403E-01 -5.73224219039022E-09  4.76269041918817E-10 -7.65782929020158E-09  4.24867012513708E-09
  2.35322248773216E-08  1.93790996310773E-08 -5.55025283259538E-12 -3.31999318216428E-09 -1.42880692468923E+00
  1.90755475616819E+00  3.54858528689679E-08 -9.30459503028957E-08  4.19430924340006E-10  4.05224005378561E-02
  7.56184648696258E-09 -2.28874164066375E-10  1.65655315179028E-10  2.77474250200261E-10  8.13978151826351E-08
 -1.34938400889378E-08 -2.33461507251815E-02  9.50730907067662E-09  5.58093238026587E-09  1.61828822774782E-08
 -5.69330587043251E-09  3.41952775793337E-02  8.34592976400110E-10 -4.21176116421317E-09  2.53416139964518E-08
  5.25157363581363E-09  3.41952764756919E-02  9.83023226132366E-10  4.89229023663898E-09  7.78936769388216E-08
  1.34051537027108E-08 -2.33461508703336E-02  9.37341286915255E-09
* ORBITAL    1   23
  7.28181048103602E-01  3.29880293238146E+00 -5.90226429164437E+00  2.27841355468250E-09 -6.36827173944423E-09
  4.52348192992583E-09  2.28338350764650E-08 -4.72778393219219E-01  7.89310347952348E-01 -3.45858784705195E-10
  8.55039257314675E-09  5.37592657987704E-02  4.74369698071247E-10 -8.61964358044986E-02  7.55534556917930E-02
  3.96950828272499E-01 -8.24259892143516E-02  1.43253912081926E-08 -1.24492133665210E-08  1.00646546862866E-07
 -1.33528321366824E-07  1.69595156393640E-01 -6.07774410775622E-01 -6.07138761443043E-10 -2.76774480233730E-09
  6.98125862561932E-02 -1.72205097544200E-09  1.29071147472841E-03  4.40648902184161E-02  1.23036504694460E+00
 -1.81283230887980E-01  2.59381870262585E-09  1.14797884532424E-01 -2.77053430141943E-02  1.81104493059995E-01
 -5.82251817428133E-02 -2.87958767455461E-09  2.50523368101722E-02 -2.77053233935354E-02  1.81104464282088E-01
  5.82251758655140E-02 -1.46814182002712E-09  2.50523406627419E-02  4.40648783703761E-02  1.23036505382778E+00
  1.81283230061909E-01  2.84910999314863E-09  1.14797885925795E-01
* ORBITAL    1   24
  7.44852352796180E-02  2.07390357841154E-01  1.15275894948497E+00 -4.00690261175494E-09  6.36682107647908E-10
 -5.62154586974097E-09 -3.78885065476992E-09 -2.74960512880701E-01  1.86476314892935E+00 -3.98554591378661E-09
 -5.76818757770163E-09  3.58254885574698E-01 -1.10950114048686E-10 -9.76885029925799E-02 -5.73874434651941E-02
 -3.34772887380617E-01 -4.49029143314370E-01  7.21737681281162E-09 -1.33715203925154E-08 -2.24946478361832E-08
  3.36866885381992E-08 -1.20690809151377E+00  2.84444899348091E+00  1.35200377020408E-09  1.45430808385413E-09
 -7.38267962059503E-02 -1.48474432734170E-09  3.00105606043342E-02 -1.62644389502368E-02  4.61667846424815E-01
 -3.89526665481509E-02 -2.12856105313171E-09 -4.00046922160086E-02 -1.04952514219066E-01 -7.49975633785594E-01
  1.32554264547633E-01  3.17663940622175E-09  1.28823782987214E-01 -1.04952496415495E-01 -7.49975662934332E-01
 -1.32554268580355E-01 -7.35961467497825E-10  1.28823785444249E-01 -1.62644521217503E-02  4.61667859917650E-01
  3.89526667607986E-02  2.73911550286932E-09 -4.00046904029707E-02
* ORBITAL    1   25
 -1.43275262639147E-09 -5.43301654936034E-09  3.78674141965719E-09  8.30658023106844E-09  1.29008570650231E-09
 -4.78718184396931E-10 -2.85689247243836E-10  2.98680308008282E-09 -8.27323424175131E-09 -6.39659422518260E-01
  4.42411089779205E-10 -6.26596298919183E-10  2.03255927736949E-09 -1.16196668985580E-09  1.54100342745565E-09
  6.93953883341835E-09 -9.19846525513738E-09  8.67327904335304E-09 -2.74904285897121E-08 -1.33997151184616E-09
  1.71533892479796E-09  6.74652360875657E-09 -1.35499209193068E-08 -1.30847740927467E-01 -3.69452106939557E-10
  2.54628851911952E-10 -1.35582116775552E-10 -4.48790574682763E-10 -7.74175737553660E-09  5.17094010920072E-09
 -1.44737671771286E-09 -3.10183737857614E-01  4.85853502717157E-10  1.52689993714047E-08  1.33238327427091E-09
 -4.06204703079104E-09 -1.25791436326446E-01 -8.15236512455001E-10 -1.08545457462946E-08  5.91304689774613E-09
 -1.95705665243805E-09  1.25791436194943E-01 -1.09991565448876E-09  8.59148540306652E-09 -1.24107389356595E-08
 -9.15489726591471E-10  3.10183738606382E-01 -4.69646529286584E-10
* ORBITAL    1   26
  2.86648308858708E-09  9.59658758689690E-09 -2.79118108913673E-08 -3.78233818176297E-09 -3.50847242559224E-09
 -1.13805946048854E-01  2.90548171976189E-01 -9.48077672393510E-09  3.61259321084552E-09  1.06937518277164E-09
  6.99971604956906E-01 -4.44479875512303E-09  1.07075072190220E-09  4.59988607926093E-10 -4.37103387609966E-09
 -1.80128032010532E-08  3.72356254057911E-08 -4.76530709549838E-09  1.28165988104038E-08 -2.96803622919864E-01
  1.39348263546441E-01 -3.83920907485572E-09  1.98496308178239E-09 -2.35229948961443E-09 -2.33987402895020E-01
  9.41894058515957E-10 -8.23759918400026E-10 -3.32000675226472E-10  7.21186408239109E-09  1.20085716011406E-09
  7.66732173545853E-10 -2.16420203261533E-01 -2.62966983075481E-10 -9.80383066772437E-09 -1.09509580468839E-09
  2.50939958106948E-09 -2.18292590523622E-01  6.48322418315839E-10 -1.06757701369771E-09 -1.93040067457217E-10
  1.30832705314588E-09 -2.18292581694037E-01  3.27749201539441E-09 -7.47962685177849E-09  1.08541153737831E-08
 -7.42477972321578E-10 -2.16420206327141E-01 -6.21406405756180E-10
* ORBITAL    1   27
 -9.06266624292549E-11  9.89614907833129E-10  1.06176509190753E-08  2.03952102488913E-09 -4.79570706064503E-08
 -6.27903381147089E-10  3.11055015303800E-09  6.55390230915705E-09 -1.34580817778962E-09 -9.99760809385299E-02
  5.77871098873595E-09  3.22746965217872E-09 -4.93162075163731E-09  2.64585772026457E-10  6.32740226029087E-09
  2.60716715965289E-08 -4.75484153642284E-08 -1.68139540798635E-08  6.52354823529046E-08 -1.57446819915462E-09
 -1.27167233545394E-09  6.19262182607665E-09 -4.47824725630819E-09  3.00380918874452E-01 -1.90906988951873E-09
 -3.34747689332373E-11 -1.10369136860657E-09  9.13345420405073E-10  1.71816117838811E-08  5.40291576330753E-09
 -9.29011336593090E-10 -1.67014585140423E-01 -4.51527275230438E-09 -2.76519523142589E-08  1.11446625476530E-08
  5.86193373924048E-09  5.61351382928156E-01 -4.39211269747618E-09  3.82202377563325E-08 -5.34318167066920E-09
  8.78232979294434E-09 -5.61351385521021E-01 -1.28997546487212E-10 -1.89986189487793E-08 -8.86041707587859E-09
 -6.26928109194992E-10  1.67014581075443E-01  3.39007887909751E-09
* ORBITAL    1   28
  1.08042500223252E-10  3.88895481485130E-10  3.58614994988774E-09  9.50206669783765E-02 -1.81408718028088E+00
  1.61723407600219E-09 -2.80442690609772E-09  1.05925325296566E-09  2.14481961520887E-09 -2.43476738592708E-09
 -3.15742048047794E-09  5.92029615745690E-10 -1.32287337852506E-01 -5.65775357446270E-10  7.26125455826817E-10
  2.71018691021797E-09 -7.14684290745744E-09 -6.00830925889157E-01  2.25745787878369E+00  8.39717067099850E-11
  5.42389042118127E-10  3.25718249054557E-10  3.08972148747440E-09 -6.30042568275774E-09  1.46893314563128E-09
  2.16437115992132E-10 -1.18507449177299E-01 -1.69895209383419E-10  6.82499374541421E-01  2.98979256022878E-01
 -8.70257297832327E-02  1.57088346997540E-09 -2.10365902777370E-01 -1.05234809573202E+00  2.27395976173908E-01
  3.07242938156100E-01 -1.27007808123617E-08 -2.09523967025394E-01  1.05234809498080E+00 -2.27395976191347E-01
  3.07242938542432E-01  1.68246701900248E-08  2.09523965966256E-01 -6.82499373446275E-01 -2.98979256560940E-01
 -8.70257300401033E-02 -3.31382540471576E-10  2.10365902340201E-01
* ORBITAL    1   29
 -1.70245619243619E-01 -7.04088525668666E-01  2.97135623303694E+00 -8.19437387751883E-10 -1.74431299561697E-09
 -4.50160592342111E-09  4.38556607601037E-09  1.96442721362398E-01  1.17089370779123E+00  1.52567016892417E-09
  3.35395789124824E-09  3.69129330216095E-01  4.43235823517071E-10 -1.29931150322596E-01  8.12586928618882E-01
  3.40572824257387E+00 -6.46379917573198E+00  4.19257330261589E-09 -6.17098004218830E-10 -2.58241007715946E-09
  3.42496694459919E-09 -1.30934639496672E-01  8.93147360323889E-01 -8.78392677737471E-10 -8.62640162305696E-10
  9.68272185941533E-02 -3.10445107905063E-10  1.11090339492031E-01 -1.27284931303920E-01 -6.42389116521375E-02
  6.68491183496388E-02 -2.18687621886325E-11  3.46699485655059E-02  7.05814322930208E-01 -1.05622975624467E-01
 -2.33301637961678E-01 -4.46065915519110E-09 -2.77784392128864E-02  7.05814321150081E-01 -1.05622976588569E-01
  2.33301634477895E-01  3.70770624140749E-09 -2.77784397302885E-02 -1.27284937529451E-01 -6.42389092215016E-02
 -6.68491177212428E-02 -3.41913730396934E-09  3.46699485544695E-02
* ORBITAL    1   30
  6.95642380024074E-09  2.71390368509737E-08 -6.15458357822778E-08  5.72907236361860E-02 -1.96027103456875E+00
  2.17995234869197E-09 -1.16568876822631E-09  1.96861080907155E-09  1.82480593919424E-08 -1.04145316379926E-09
 -7.15662084035988E-10 -9.48302711488125E-10  3.60748677296875E-01 -2.48131839110755E-08  5.23711221277776E-10
  1.63649386118631E-09 -3.60703261300019E-09 -2.36439541893747E-01  1.28098875414342E+00  6.23808687967026E-10
 -2.32520424728362E-09  1.16306576393123E-08 -2.14981961502850E-08  4.97930100137042E-10  1.22738314668140E-09
 -2.46777577350886E-10 -9.75778967538241E-02 -6.36867009535776E-09  1.25668612979626E+00 -4.00993859037593E-02
  4.35551113473423E-01 -2.15782111295815E-09  3.33711190604601E-01 -5.82276634449824E-01  1.98929152355647E-01
  4.76177929351902E-02  1.29257141929085E-10  1.36345885542002E-01  5.82276649471247E-01 -1.98929157123638E-01
  4.76177899291740E-02  4.98808437065800E-09 -1.36345880567301E-01 -1.25668605811441E+00  4.00993629240624E-02
  4.35551115644180E-01  4.21024776666003E-10 -3.33711212682661E-01
* ORBITAL    1   31
 -2.18133741711340E-01 -8.53227201986691E-01  1.82841317822299E+00  4.18838130678540E-09 -6.62899104429890E-08
 -2.77280410743174E-09  6.52416002419662E-10 -7.28816562745589E-02 -6.22029971586182E-01 -5.09020122911542E-10
  1.69345388115330E-09  1.94521382888446E-02  1.03194700652987E-08  7.90717162165149E-01 -3.61432151933958E-02
 -1.29164781688506E-01  2.87954842576430E-01 -9.58110279739997E-09  4.96377835205974E-08 -1.48346956715748E-10
  8.41135656437488E-10 -3.57298936298174E-01  6.08758945366337E-01 -2.06737830428039E-12  6.30123071305878E-10
 -4.35831320686259E-03 -2.81133361877228E-09  1.85816429624866E-01 -1.13927072850776E+00  3.81624216043312E-01
  2.99497130755152E-02 -2.19427946472781E-10  3.61102225715539E-01 -2.40319879782693E-01  7.56731878491740E-02
 -4.59134303405145E-02  1.80884078258393E-09 -6.80307843282075E-02 -2.40319834392258E-01  7.56731726835254E-02
  4.59134312267987E-02  1.68918819007570E-09 -6.80307966211936E-02 -1.13927080698178E+00  3.81624214825653E-01
 -2.99496852949455E-02  1.06660816499251E-09  3.61102207145985E-01
* ORBITAL    1   32
  8.33853355656924E-02  1.52524972637144E-01 -1.86415694199714E+00  2.05140022326639E-09  9.20894729937037E-09
  1.05817983844605E-09 -4.97821475227284E-09 -5.68091969292031E-01 -1.05708153688131E+00 -6.49908851928589E-10
 -4.40320454638279E-09 -7.22512306123814E-01  1.61623817397196E-09 -3.96663420134076E-01  1.02182849039270E-01
  7.06585895004894E-01  1.14340605433370E+00  8.85052586382335E-09 -2.94863406776870E-08  2.07501232797677E-09
  3.23390374556828E-09 -5.04821895016784E-01 -8.32544319666929E-01 -5.86758604278081E-10 -2.23847503547337E-09
 -5.26058139038476E-02 -8.12330900043532E-11 -1.65048855414300E-01  2.17228417513767E-01 -1.54650851657975E-01
  1.77783195610784E-01  3.05679843386190E-09  3.83784715067875E-01  1.05074484064104E-01  1.08421528287523E-01
  4.73661528368285E-02 -1.66381845491537E-09  3.06149558160087E-01  1.05074452219428E-01  1.08421538358835E-01
 -4.73661407008300E-02 -6.09739954048707E-09  3.06149571965452E-01  2.17228423587163E-01 -1.54650847981570E-01
 -1.77783194146939E-01  3.83375359728661E-09  3.83784709917953E-01
* ORBITAL    1   33
  1.91105118953881E-09  4.76685767173188E-09 -3.87502014050598E-08 -1.52446212826564E-01 -4.89292087902332E-01
  2.72449000301028E-09  4.54207968017641E-09 -7.92317685231394E-09 -1.65348560170938E-08  6.84187874537437E-10
  2.92792728327402E-09 -1.16214937185185E-08 -5.24713270001866E-02 -8.80509895624793E-09 -5.40982943864454E-10
  5.75161305842399E-10  2.95663571389124E-08 -6.09701455249057E-01  2.02842408670234E+00  1.36227106775348E-10
 -8.64895273817185E-09 -6.47376877969518E-09 -1.85277241399516E-08  1.45276373449858E-09  1.91929176728162E-09
 -1.34716421253115E-09 -2.84757443709439E-02 -1.96734496258530E-09  1.82136983304951E-01  7.33857508281354E-02
 -1.00734907276333E-01 -6.36533057937835E-09 -2.26253302051797E-01 -1.09327236550257E+00  2.91639140112432E-01
 -3.78613648857497E-01  3.65347533297414E-09  5.25983400549034E-01  1.09327236870960E+00 -2.91639135591693E-01
 -3.78613647135050E-01  1.01621691368398E-08 -5.25983389651203E-01 -1.82136966540124E-01 -7.33857603097578E-02
 -1.00734911284373E-01 -3.78889050745893E-09  2.26253309650268E-01
* ORBITAL    1   34
 -2.00296222454315E-09 -6.95001682488334E-09  2.00921619758439E-08  1.25437793611882E-10 -1.11522607060976E-08
 -2.68492680611774E-01 -4.12827920869392E-01  6.02674789357157E-09  6.04501242920850E-09  7.57650345407919E-10
 -1.61244977168968E-01  6.90435751802854E-09  2.75773312587873E-09  4.64768172384599E-09  3.12071223723807E-10
 -1.69495822014958E-11 -1.57771909611894E-08 -7.45841889691807E-09  2.36632149194446E-08 -1.16885110586026E-01
  8.83887970937339E-01  6.00546207866928E-09  2.43655855357768E-09  1.63560658591012E-09 -1.37950132430158E-01
 -3.46450733519755E-11 -2.30065176065130E-09 -6.33526315084200E-11  3.67427284753682E-09  1.06602661284630E-09
 -1.82727059085326E-09  4.85269169477382E-01 -5.35106895550490E-09 -8.32571578669839E-09 -5.10941467633561E-11
 -4.40832261791937E-09 -6.30105906478446E-01  5.28329694192709E-09  1.25770895419797E-08 -3.70654562477231E-09
 -2.84791509378401E-09 -6.30105905861379E-01 -6.84309917523364E-09 -9.67991407441423E-09  2.14132062422001E-09
  2.34340781949706E-09  4.85269170611249E-01  1.74067627555622E-09
* ORBITAL    1   35
  1.07862913214532E-09  3.18118433367873E-09 -7.65313924849926E-09  3.36437535897848E-10 -7.83150228387994E-09
 -2.70833907117711E-01 -6.83337173526030E-03 -2.58890469457591E-09  6.06814812732824E-10 -3.86140204410345E-09
  6.77778430831295E-01 -3.51732292856247E-09 -5.46648434260188E-09 -2.69681178481745E-09 -3.88340156130813E-10
 -1.68668650746961E-09  4.91226490500099E-09 -2.81300678366076E-09  9.54901471867148E-09 -1.87451303417074E-01
 -2.71277503693835E-01 -3.12317699525111E-09  1.84729640898294E-09 -2.71859643208066E-09 -1.45830321402462E-01
  1.01568439907878E-09  2.04759333517964E-09  1.41507924495167E-09  4.06277807932900E-10  5.09299251904147E-09
  1.11755041327454E-09  6.26585000332538E-01  2.41205604074921E-09 -8.52640701312194E-09  4.81835179310095E-09
 -1.99193926722508E-09  4.40109217055057E-01 -2.81624857096163E-09  4.12167266935700E-09 -1.65162716164788E-09
 -6.52634203819251E-10  4.40109213273387E-01  2.27491101386269E-10  4.28057633394963E-09 -6.15120417979193E-09
  1.20837926626627E-10  6.26584992945302E-01 -4.68333284756813E-09
* ORBITAL    1   36
  2.68942344585536E-09  1.05882170885122E-08 -8.43997805880408E-09  1.33128350711379E-04 -1.15986654944458E+00
  1.73006849603920E-09 -1.91677943437743E-09  2.10531771505842E-09 -5.02262259234392E-09 -6.94850618961719E-10
 -5.27385282670249E-09 -4.65504823616833E-09 -7.12003734862949E-01 -5.07398619042709E-09 -5.89309883233151E-10
 -3.56421219282164E-09  4.69319994805277E-09 -5.23847541246134E-01  1.54297064927946E+00 -3.13845983615889E-12
  5.99323512580037E-09 -9.25767948971148E-09  1.36200485296109E-08  1.49267093623147E-09  9.71915953275917E-10
  6.50950349403814E-11  2.56927725411712E-01  2.14940028854487E-09 -1.71307341924140E-01  7.54464904912305E-01
  8.36968352470867E-02 -3.16488444212244E-09  4.64319858516210E-01 -9.21933098930330E-01  4.47262335104476E-01
 -2.30747549410109E-01 -7.69837064809129E-09 -2.05689124961034E-01  9.21933093827975E-01 -4.47262331828012E-01
 -2.30747548339109E-01 -3.12160286181770E-09  2.05689111737844E-01  1.71307349944135E-01 -7.54464911750573E-01
  8.36968323735571E-02 -2.64581568011026E-09 -4.64319855715436E-01
* ORBITAL    1   37
 -3.06910990733687E-01 -1.27682628473278E+00  4.56761224990304E-01 -2.00144921338164E-09 -1.20484279702837E-08
 -2.79974619742056E-10 -7.58034863114041E-10 -3.31197985120014E-01  1.15824335307206E-01 -2.83644830317191E-09
  2.72655356178768E-09  2.74835982957941E-01 -7.89194507767309E-09  3.14768335106868E-01 -5.44476969594046E-02
 -1.54129765967987E-01  4.70791669584744E-01 -5.13085943243058E-09  1.74242126020176E-08  8.93473396574689E-10
 -3.93012214891430E-09  7.10072966236526E-01 -1.69446438063093E+00 -1.49172629628649E-09  3.91822812292186E-11
  5.52167623999293E-02  2.16833549465036E-09 -1.89304706976457E-01 -1.23114280277098E-01  9.41219927568590E-02
 -1.42194439718799E-01  2.80962884683494E-09 -4.29021586572132E-02  4.15553751065534E-01 -1.83431703095244E-01
 -4.95520550935289E-02  5.09895651354108E-09  6.64753929959567E-01  4.15553773157056E-01 -1.83431712453897E-01
  4.95520511840357E-02  1.60138099053887E-09  6.64753933898634E-01 -1.23114278858179E-01  9.41219769576441E-02
  1.42194439311153E-01 -1.44038590701250E-09 -4.29021698164050E-02
* ORBITAL    1   38
 -8.97822339459331E-10 -3.93700825513401E-09 -8.24869682291209E-10  1.02477463456791E-09  6.71536087563901E-09
 -1.03477119321043E-09  5.35071906070449E-10 -9.92227457802202E-10 -9.51917812523192E-10  9.05999817615246E-01
  4.30625408904127E-09  4.24798395898534E-10 -1.71165456764100E-09  6.26190177415825E-10 -1.52602889643795E-10
 -1.11077979488953E-10  3.33644843657333E-09  4.68727007033470E-09 -8.62972568526630E-09 -8.44740555572862E-10
 -2.61692244707648E-09  2.41195088061378E-09 -6.64420464187161E-09  2.85326406706258E-01  1.04788614044943E-10
 -5.67238435545034E-11  9.66027433899404E-10 -8.66269731897621E-10 -4.70756577047148E-09 -5.23026668701391E-10
  1.79765422013393E-10 -7.29191850042043E-01 -2.54162459539110E-10  3.65426453495088E-09 -1.26458063645995E-09
  2.35380409745031E-09 -2.38106743312456E-01  2.69047058984840E-09 -1.39828145195250E-09  5.14664740679030E-10
  2.04311445367526E-09  2.38106749105366E-01  2.35893523341214E-09  5.20945128079790E-09  4.33407462157124E-10
  1.18161648915328E-09  7.29191855711546E-01  3.90117857213470E-10
* ORBITAL    1   39
 -3.40476138857453E-02 -6.31755102391617E-02  1.65744927982054E+00 -4.09662851207687E-09 -1.48712882180913E-09
 -1.15875686748226E-09  1.95391240683919E-09  6.58965673481581E-01  3.97426614156464E-01 -7.46553521833345E-10
  6.08755878760967E-09  6.04703408750710E-01 -2.70840617336200E-10 -2.86567706671406E-02  2.87218085146280E-01
  1.27374849932178E+00 -1.91032655956683E+00 -1.64328164054264E-09  7.26226723599070E-09 -1.83431357804251E-09
 -4.69691186334929E-10  5.89422709668119E-01  1.27031539600932E+00  1.31527955525399E-09  4.34822084978250E-09
 -8.35462003092083E-02  3.72409817663937E-10 -3.46039674488131E-01 -1.18622865390800E-02  8.84426621014053E-03
  3.98793984193871E-03  2.00239403960417E-09  2.77710041574759E-01 -2.22731892277614E-01 -2.72779240817098E-01
  7.25567884734113E-01 -1.23421991000069E-09 -2.16887615546971E-01 -2.22731879715373E-01 -2.72779245231106E-01
 -7.25567886193444E-01  1.50322365117466E-09 -2.16887618957115E-01 -1.18622915459293E-02  8.84426532141148E-03
 -3.98794302657381E-03  1.26970943318488E-10  2.77710039473684E-01
* ORBITAL    1   40
 -1.09057646173767E-09 -5.18273939751386E-09  2.62613056925703E-09  1.05340065233411E+00  1.92518104610083E-01
 -5.13183219051361E-10  8.53590993770133E-10  3.01976250015615E-09 -7.39369180655729E-10  6.61972410061799E-09
 -4.42487921013791E-10  1.23310711877951E-09  2.89883851577232E-01 -1.15253228526235E-09  4.28291732020493E-11
  2.03208752142731E-10 -2.36845592020546E-09 -8.79433626459160E-01 -7.13071069174348E-01  3.81720599656991E-10
 -1.25182187528179E-09  9.55248432406127E-10 -1.43675889017017E-09 -1.03118021160409E-08 -1.38289650924571E-09
 -4.44039007336484E-10  1.10304381708713E-01 -2.60303475666572E-09 -3.36703658474411E-01 -3.73802423754968E-01
  3.60702116358108E-01 -4.12124367944587E-09 -4.52868727623183E-01  8.23149117062611E-01  6.36327380193877E-02
 -5.03791698674079E-01  6.58759298382626E-09 -5.28044680706126E-01 -8.23149109043728E-01 -6.36327427748267E-02
 -5.03791698570199E-01 -4.72487073766510E-09  5.28044680673670E-01  3.36703663300225E-01  3.73802422121521E-01
  3.60702119555318E-01  3.16178874043710E-09  4.52868730193504E-01
* ORBITAL    1   41
 -1.80668791919337E-01 -9.90193467311256E-01  4.16035884730632E-01  7.61966983575987E-10 -1.69974107535725E-09
  1.52363403062112E-09 -5.75175269992875E-10  7.71905372398664E-01  4.66360969304380E-01 -1.20598810349193E-09
  2.85463961698956E-09 -7.79528420273488E-01 -3.00642130085477E-10  3.10015765726549E-02  3.55199691672913E-01
  1.56135787166209E+00 -1.81503346043547E+00  1.44593154364366E-09  1.28539631316234E-09  1.25022006355889E-09
 -1.93759422673815E-09 -5.08206705654952E-01  9.34616045709572E-01  2.53000529997456E-09  3.46665913648807E-09
 -1.58087890989448E-02  4.18365394459203E-10 -1.52708475594895E-02  4.95491121913648E-01  1.87211090545042E-01
 -8.63367571078706E-01  1.07186332561139E-09 -2.36185490745705E-01 -6.58185377486210E-02 -1.12274668840956E-01
  1.55786678158777E-01 -2.15900693299285E-09 -8.75439580330494E-03 -6.58185332850171E-02 -1.12274670122092E-01
 -1.55786676920904E-01  7.64848649509661E-10 -8.75439678486015E-03  4.95491120473371E-01  1.87211089658239E-01
  8.63367570561815E-01 -8.97260864760681E-10 -2.36185491486497E-01
* ORBITAL    1   42
  3.70070195088540E-10  2.05280564082609E-09 -1.19079394742211E-08  2.51368453762676E-09  1.43125828496658E-09
  1.95346479081065E-01  3.83545529124111E-02 -5.61422901784312E-09 -4.57881379805692E-09 -1.19888460781244E-08
  7.40959334912204E-01 -4.18761476834605E-10 -3.81227201934752E-11 -2.68427735736084E-09 -2.76204054077625E-09
 -1.16008051810888E-08  1.91912357436157E-08  2.45407621430257E-10 -2.46855786679022E-09 -3.45735878894767E-02
 -1.52763334225299E-01 -1.87946162528802E-09 -1.01399681748096E-08  2.40400339843235E-08  1.10714047558143E+00
 -7.45301608004606E-11  9.31565048484557E-10  2.31626321479232E-09 -2.56714682657912E-10 -2.65040060293057E-09
  3.19591423871394E-09  1.45108428520578E-01 -1.34431096994398E-11  1.38391830551559E-09  2.04815081718039E-09
 -2.95687754613374E-09 -2.34861505184962E-01  1.34408750368654E-09  1.79302364281160E-10  1.32617106834811E-09
  3.33802499742020E-09 -2.34861482843157E-01  2.46260980159259E-09  3.31445769791862E-09 -1.22863611218801E-09
 -1.30844290975865E-09  1.45108414635469E-01  2.02300775709367E-09
* ORBITAL    1   43
  1.16319245163059E-09  5.82544697419524E-09 -7.80479025599311E-09  2.53104330511471E-08  6.96510866072734E-09
 -4.57527699061382E-09 -4.96601350951244E-10 -2.58535403089552E-10 -5.18139297390083E-09 -4.80284816211267E-01
 -1.64268030511523E-08  1.98908722405912E-09 -4.37403400232386E-09  3.24283455685087E-11 -1.40938423883331E-09
 -6.68407804096283E-09  7.22778109114758E-09 -6.79354278842434E-10 -1.06331026773330E-08  6.56021159287569E-10
  2.25721836861761E-09  1.20051404348409E-09 -6.89616709003561E-09  1.03020452578541E+00 -2.60739356957840E-08
 -3.44061864520360E-09  6.40867313264521E-09 -8.34034311968579E-10 -1.98249207394178E-08 -3.44862754740014E-09
  1.26144529439797E-08  2.77323415809777E-01 -7.99140101647542E-09  4.67692281960041E-09  2.29567065613134E-09
 -2.51838244126154E-09 -4.83005856284262E-01 -1.39855164967729E-09 -3.70306612241053E-11 -1.28391734659684E-09
  2.89016878502270E-09  4.83005869662473E-01  3.89775767898447E-09  1.74200431203580E-08  2.31905754721794E-09
  8.14227738542678E-09 -2.77323422064811E-01  9.53383311674078E-09
* ORBITAL    1   44
 -1.97571272058640E-01 -9.38892350460291E-01 -2.96085194408994E-01 -2.47503301446416E-08  5.69847721787468E-09
  1.46217154116881E-09 -1.83217495463647E-09  1.27073495517582E+00 -3.89531791129948E-01  1.16455889464782E-09
  1.31416858008343E-09  7.63941397808749E-01  1.74414493701823E-08 -7.81175859554781E-01 -1.55282791530295E-01
 -9.54183244618526E-01 -5.75965728703884E-01 -2.77444308263016E-09 -1.40587845170417E-08 -3.37139291966681E-10
 -5.13959429155165E-10  4.55311060352680E-02 -3.60028359270529E-01 -1.80694078486797E-09 -1.03962809265598E-09
 -4.48924707435494E-01 -5.76239083158840E-09 -5.05272001947407E-01  1.34327747245800E+00 -4.38836146834316E-01
 -4.92693088775492E-01 -5.13310279477749E-10  6.67573935554073E-01  9.47884745532087E-01 -2.61563804968854E-01
 -6.14984047529755E-01  1.45889968499456E-09 -1.96086477299448E-01  9.47884707709679E-01 -2.61563796102310E-01
  6.14984036596389E-01 -1.31729845448047E-10 -1.96086467907000E-01  1.34327742056639E+00 -4.38836130408794E-01
  4.92693061839627E-01  2.64335490624164E-11  6.67573923148211E-01
* ORBITAL    1   45
 -1.75499058404891E-09 -8.41848399253603E-09 -2.67734440488926E-09  1.80203371906650E+00 -3.95061075649470E-01
 -1.23021835471603E-09  1.34639949439981E-09  2.22908281683895E-08 -3.61432787195754E-09  2.61400308172670E-09
 -1.17949720188783E-10  1.39253914842371E-08 -1.27349691794000E+00 -1.20427907466221E-08 -1.27473831816781E-09
 -9.98444023196486E-09 -1.30618584533500E-08  7.32547530825453E-01  8.13975512318530E-01 -5.91913098862299E-10
  8.43649706744995E-10  4.95016761064181E-09 -9.22994594686235E-10 -9.37158109073160E-09 -1.06245727561961E-09
 -1.16355521433229E-08  3.31890255421561E-01 -3.84674862493899E-09 -1.81255673482281E+00  5.85359559754496E-01
  9.15050282853334E-01 -1.40271265644517E-09 -4.00644841100287E-01 -1.15754011033638E+00  1.74869314014440E-01
  4.42938460694379E-01  3.57751331184343E-09  3.70289014941346E-01  1.15754012447469E+00 -1.74869317585662E-01
  4.42938473600695E-01 -3.92366718474520E-09 -3.70289015047647E-01  1.81255677372117E+00 -5.85359571596164E-01
  9.15050295972926E-01  5.39800479078833E-10  4.00644860256164E-01
* ORBITAL    1   46
 -3.58906526563920E-01 -1.86641483059944E+00 -1.07115459016852E+00  7.69779218603143E-09 -1.93216396101636E-09
  1.27635965232148E-09 -1.91888992269490E-09 -7.35126358209744E-01 -5.34883341638872E-01 -1.09567395737034E-09
 -9.65728990540838E-10 -3.38585401128555E-01 -2.98529632810060E-09 -5.18957007927287E-01 -3.45107777829695E-01
 -1.28166781905923E+00  3.02819877693340E+00  5.33920838650026E-09  2.81100204795345E-09  2.37500128367877E-09
 -1.90046496772145E-09 -2.24140523002197E-01 -1.28319581809060E+00  2.75825703815486E-09 -1.74221076138100E-10
  1.22000943349435E+00  1.80992131588613E-09 -7.10315730979779E-02  9.00303034253447E-01 -3.63211126059268E-01
 -3.11194099082536E-01  3.25464883844928E-10  3.53038132676447E-01  6.57530646723324E-02  1.10851791182400E-01
  4.29348016537780E-03 -1.02413083782375E-09 -2.12618872854689E-01  6.57530736263047E-02  1.10851790578279E-01
 -4.29347573645418E-03  2.60137957724910E-10 -2.12618876670274E-01  9.00303044754239E-01 -3.63211128530642E-01
  3.11194104587996E-01 -5.23326339012135E-10  3.53038135900089E-01
* ORBITAL    1   47
 -1.07261847853932E-01 -6.50404941683136E-01 -1.39786292017828E+00 -6.41294625361161E-09 -2.21453513608742E-09
  1.46857202138503E-09 -2.13474098753248E-09  5.18487309633954E-01 -4.02246674055602E-01 -1.48809301442421E-10
 -5.09411877902615E-10  3.88664761587184E-01  9.88298285716890E-09 -8.30880631200089E-01 -2.62442221077702E-01
 -7.59803851790910E-01  3.01391430468316E+00 -8.84657420089207E-10 -5.82997866568418E-10  1.25872696143956E-09
 -8.17566054370032E-10  7.76969699749786E-01 -3.82939187307348E-01  2.36847108406202E-10 -1.46980427698261E-09
 -3.23037410151831E-01  5.92777498372181E-09  1.18414021572708E+00  1.26596901288512E+00 -3.32320949956721E-01
 -3.43741202780070E-01 -2.67140916984739E-11  5.11417372876789E-01 -1.61304146561573E+00  5.91109234715409E-01
  5.90448666171273E-01 -2.92389862535252E-10  5.39629740793213E-01 -1.61304145777339E+00  5.91109228493184E-01
 -5.90448662546779E-01 -2.26960205778621E-11  5.39629742407159E-01  1.26596899030959E+00 -3.32320943656595E-01
  3.43741193211162E-01 -3.36424510586886E-10  5.11417370799291E-01
* ORBITAL    1   48
  6.36975802782060E-10  3.89163008383691E-09  7.23339442020054E-09 -5.77922039099837E-01 -5.01763763986768E-01
  2.91147756530234E-10 -7.71060926009436E-10 -1.78018666617399E-09  1.77842035304679E-09  3.15248224850845E-10
 -5.16718868491416E-10 -1.22145331870307E-09  1.18079399616870E+00  3.92060288502445E-09  1.25851771639363E-09
  2.99646566275174E-09 -1.57276515543878E-08  5.44621842718915E-01  6.28632153349166E-01 -5.00098862088599E-10
  1.10644268670031E-09 -3.52396393471382E-09  1.64901283736686E-09 -2.15235876969748E-09 -4.57788324686518E-10
  6.00500887297384E-10  1.47443400829760E+00 -5.70152542933609E-09  1.30491078986835E+00 -3.58347413067803E-01
 -4.71076170895198E-01 -1.51123178912775E-10 -2.45663344535902E-05 -1.52204631095563E+00  6.14705305736684E-01
  6.64759904776423E-01  2.32929301146587E-10  1.70882807920090E-01  1.52204632671281E+00 -6.14705311137722E-01
  6.64759911656923E-01 -6.52280794050677E-10 -1.70882812518562E-01 -1.30491080219109E+00  3.58347415771336E-01
 -4.71076174650672E-01  4.99354875739390E-10  2.45615330024058E-05
#OCC
* OCCUPATION NUMBERS
  2.00000000000000E+00  2.00000000000000E+00  2.00000000000000E+00  2.00000000000000E+00  2.00000000000000E+00
  1.74984950281080E+00  1.71537844359862E+00  1.74926546793274E+00  7.85506585657843E-01  0.00000000000000E+00
  0.00000000000000E+00  0.00000000000000E+00  0.00000000000000E+00  0.00000000000000E+00  0.00000000000000E+00
  0.00000000000000E+00  0.00000000000000E+00  0.00000000000000E+00  0.00000000000000E+00  0.00000000000000E+00
  0.00000000000000E+00  0.00000000000000E+00  0.00000000000000E+00  0.00000000000000E+00  0.00000000000000E+00
  0.00000000000000E+00  0.00000000000000E+00  0.00000000000000E+00  0.00000000000000E+00  0.00000000000000E+00
  0.00000000000000E+00  0.00000000000000E+00  0.00000000000000E+00  0.00000000000000E+00  0.00000000000000E+00
  0.00000000000000E+00  0.00000000000000E+00  0.00000000000000E+00  0.00000000000000E+00  0.00000000000000E+00
  0.00000000000000E+00  0.00000000000000E+00  0.00000000000000E+00  0.00000000000000E+00  0.00000000000000E+00
  0.00000000000000E+00  0.00000000000000E+00  0.00000000000000E+00
#OCHR
* OCCUPATION NUMBERS (HUMAN-READABLE)
  2.0000  2.0000  2.0000  2.0000  2.0000  1.7498  1.7154  1.7493  0.7855  0.0000
  0.0000  0.0000  0.0000  0.0000  0.0000  0.0000  0.0000  0.0000  0.0000  0.0000
  0.0000  0.0000  0.0000  0.0000  0.0000  0.0000  0.0000  0.0000  0.0000  0.0000
  0.0000  0.0000  0.0000  0.0000  0.0000  0.0000  0.0000  0.0000  0.0000  0.0000
  0.0000  0.0000  0.0000  0.0000  0.0000  0.0000  0.0000  0.0000
#ONE
* ONE ELECTRON ENERGIES
 -1.5910E+01 -1.1592E+01 -1.4962E+00 -1.1461E+00 -9.8462E-01 -8.9219E-01 -7.1252E-01 -8.0332E-01 -2.9105E-01 -5.7819E-02
 -1.5775E-02 -2.9154E-03  7.8859E-02  1.6996E-01  3.4812E-01  4.0251E-01  4.3688E-01  4.4867E-01  4.5758E-01  5.9747E-01
  6.6800E-01  7.3148E-01  7.4981E-01  7.9266E-01  8.8567E-01  1.0234E+00  1.0791E+00  1.1286E+00  1.2467E+00  1.4094E+00
  1.4179E+00  1.5215E+00  1.5237E+00  1.5719E+00  1.6826E+00  1.6907E+00  1.7305E+00  1.7768E+00  2.0221E+00  2.1177E+00
  2.2300E+00  2.2874E+00  2.3094E+00  2.4643E+00  2.5260E+00  2.6398E+00  2.9822E+00  3.1625E+00
#INDEX
* 1234567890
0 iiiii2222s
1 ssssssssss
2 ssssssssss
3 ssssssssss
4 ssssssss
