2mocoef
header
1
MO-coefficients from MOLCAS
1
48   48
a
mocoef
(*)
-3.765541439071e-05 -1.235673032407e-04  1.633110757633e-03 
-1.895640548340e-04 -1.065231863834e-04  3.380598060652e-04 
-1.670758765431e-04  4.868041124782e-06  7.962281517554e-04 
 1.485651797737e-04  2.072073045580e-06  1.181136842441e-05 
-5.197367786883e-05 -7.131353190493e-06  1.001008754134e+00 
 4.988337021393e-03 -5.126774740357e-03 -1.690008108948e-03 
-1.082595733063e-03 -2.246647446124e-04  7.384736206433e-04 
 1.047309722798e-03  1.309325337488e-03 -2.420512524848e-04 
-5.285391449865e-05 -4.829466111381e-04 -2.286314187217e-04 
 4.276516456028e-04 -3.192047526157e-04  1.112172466387e-04 
 3.920204213986e-06 -2.528004905711e-05 -1.486466085220e-04 
-1.506038024086e-03  1.362112474911e-03 -9.036023450700e-04 
 5.314425050889e-05  1.720910872597e-04  3.998525938483e-04 
 1.267471371013e-04  1.480968009733e-04 -4.005602625660e-04 
 8.895134409066e-05 -3.864743459452e-04  3.092375193168e-04 
 1.961053025316e-05  2.689530250471e-05  7.529531176838e-05 
 1.000660948387e+00  3.908202466370e-03 -3.920370206601e-03 
-1.206749796653e-05 -1.520598339379e-05  8.539609456850e-04 
 1.003315209444e-04  4.827239099645e-05 -1.019508494182e-03 
 6.252603285192e-04  2.506798227142e-04 -3.407712573963e-04 
 2.979529529711e-04 -4.975339936553e-05  6.534889119849e-05 
 4.306838878918e-04 -2.629901729409e-04 -1.525350809539e-05 
-1.783010341283e-04 -1.318438032988e-04 -1.936223062181e-04 
 1.963203004173e-04  1.299894863768e-05  5.258672178937e-05 
-2.529658357897e-05 -2.174212647885e-04  8.210239814576e-05 
 7.584437671212e-06 -8.912048815078e-04  1.444282128176e-03 
-2.124190038239e-04 -3.043971332609e-04 -2.248654861551e-04 
 1.478249510040e-05  2.071448840680e-04  5.971039542741e-05 
-3.013475927807e-05 -1.111168470476e-04  3.162864837609e-04 
 2.945059795376e-04 -5.738351807450e-06  5.934028507356e-05 
-2.329940299429e-04 -2.806645134633e-04  8.819889281791e-04 
 4.305166449199e-04  3.556565076108e-04 -4.202753580386e-05 
-6.144839650479e-03  2.144098948497e-01 -4.810025720437e-02 
-3.088401323254e-02 -1.399225100098e-02  8.139883168016e-02 
-4.347931342135e-04 -1.641251515081e-03 -2.663823365732e-02 
-1.059550135260e-03  1.422752359489e-03  1.801937932456e-02 
-7.908979891452e-03  4.492952126865e-04 -1.138660757383e-02 
 8.219123390822e-01 -1.604465788731e-01 -1.224568230690e-01 
-6.381996604507e-02  1.935365766650e-02  6.844832690697e-02 
 1.066738584760e-02 -2.274471699011e-02 -1.925769653364e-03 
 1.944703166924e-03  1.770233576568e-03 -3.713609240813e-03 
 5.518331708351e-03  7.819643093640e-02 -4.154719279476e-02 
 4.413534302255e-03  5.470166312226e-03  4.716019687365e-03 
 4.385395442947e-01 -2.147835203256e-01  3.855816170664e-02 
-9.168402281346e-03 -1.049011280181e-02  2.449513773250e-01 
-1.191494663191e-01 -2.040780200544e-02  2.369665659453e-02 
-6.954569607549e-03  3.217396662797e-02 -1.865074327350e-02 
-3.688195197230e-03 -3.862559905870e-03 -1.137045543571e-03 
 3.501970995998e-03 -7.901093290825e-01  1.082823178451e-01 
 6.311811829446e-02  1.214903435636e-01  9.613852482914e-02 
-3.245174831126e-02 -3.560466770445e-02 -2.527457220259e-02 
-1.193624525054e-02 -2.844793218927e-03  2.064085184219e-03 
-7.081635384385e-03  1.430689142966e-03  8.555950898587e-04 
 2.033955683844e-01 -4.455506288862e-02 -1.767158564257e-01 
 6.948923623717e-02  1.542895204766e-01  5.547119967200e-02 
-3.296174004805e-03 -3.422511154211e-02  1.305736317140e-04 
-4.330575157910e-03 -1.283708602660e-02 -2.294156588749e-03 
 7.379767656717e-03 -4.614082174144e-01  2.043111807437e-01 
-1.814327678515e-02 -2.138385916480e-02 -1.347531258328e-02 
 2.869547871489e-01 -1.310976514406e-01  1.887793784895e-02 
-2.798710807759e-03 -4.793782576309e-03 -2.313700490927e-03 
-4.187749902594e-05 -5.262677014610e-03  2.403670767202e-03 
 1.990569870702e-03 -1.789536698216e-01  8.781748769354e-02 
 1.138065208259e-02  1.129853794324e-02  2.395173471126e-03 
 8.313749773759e-04  1.792969344284e-01 -9.171411542143e-03 
-7.972124894541e-02  9.197081532844e-03 -1.237778830209e-01 
 5.835057200886e-03  6.632481301795e-03  2.640324502752e-02 
 3.089062768028e-03  1.010025137670e-02 -1.287795992155e-02 
-1.131963254461e-02  1.739691042364e-03 -2.025829951116e-03 
-1.157567322429e-01 -6.336430849563e-02 -5.874523890051e-01 
 3.599165136075e-01 -5.269382553789e-03  1.090442320870e-01 
-4.875668795771e-02 -8.218210158132e-03  7.620275954827e-03 
 2.846916721113e-03 -1.364925413294e-03 -3.307388891811e-03 
 2.145400234232e-02  1.516398224931e-01 -6.920893047070e-02 
 5.080850318019e-03  7.617405161466e-03  2.075504087181e-03 
 5.070547946986e-01 -2.199848551239e-01  2.332807971411e-02 
 3.526746784179e-03 -1.250611685921e-02 -5.150410852216e-01 
 2.046394448177e-01  9.233339910752e-03 -2.946368173648e-02 
 1.650811055155e-02  4.962658677224e-02 -1.591057565958e-02 
-2.710699816479e-03 -1.891644733229e-03 -2.041610280439e-03 
 2.288619453961e-04 -1.329874501640e-01  2.293971840320e-02 
-2.613829267514e-01 -3.870047821771e-01 -3.023524009874e-01 
 3.690326939880e-02  5.575068824557e-02  6.505138890728e-02 
 7.561007691575e-04 -9.008533355493e-03 -1.726387203422e-02 
 4.529983238345e-03 -1.726368588091e-03 -2.398571428776e-04 
-1.030136684199e-01 -4.120564781678e-02 -1.457405169164e-01 
-2.987273489702e-01  3.663053033591e-01  1.196993527011e-02 
 1.243686045058e-02 -2.095977219023e-02  2.193367232431e-04 
 1.954968274470e-04 -1.761718576605e-02  4.218292648035e-03 
-2.516340773546e-03  4.002027907022e-01 -1.658776411478e-01 
 1.289584651935e-02  1.340743414408e-02  6.153530297970e-03 
 1.368209182147e-01 -5.935319769739e-02  8.409609453234e-03 
-9.900964409698e-03  5.088524653589e-03  2.414154575158e-01 
-7.667534806081e-02 -1.279509160612e-02  1.060407191134e-02 
-1.426532143649e-03 -3.264745941020e-01  1.449111135902e-01 
 1.642132127663e-02  1.313053446138e-02 -3.956769560510e-03 
-5.540408937558e-05  1.058827482482e-01  2.651753399141e-02 
 3.208647966544e-01  1.776909132200e-01  5.729006508065e-02 
-2.668662505793e-02 -3.775183029660e-02 -5.192061218685e-03 
 4.398149104233e-03 -2.165558774583e-02 -4.913881910596e-03 
-1.248644205270e-02  6.867140020133e-03 -4.806547558951e-03 
-2.693859460967e-01 -9.521047625342e-02 -4.424388589648e-01 
-6.118356315225e-01 -6.033078859412e-02 -1.724647386802e-02 
-4.302269869847e-02 -1.098600479388e-02  7.804866305302e-03 
 3.965363820038e-03 -7.826043146875e-03 -2.378558328016e-03 
 3.710050688006e-04 -2.605549169687e-01  9.906022952051e-02 
-2.253945222374e-03 -7.953329642783e-03 -5.516524835034e-03 
 1.895430776152e-01 -7.584955361644e-02  1.789015965276e-03 
-1.968549676050e-02 -6.871945884684e-03  1.607175125339e-01 
-5.105457308019e-02 -1.716588328692e-02 -2.880011324391e-03 
-8.576138317765e-03  3.261524844310e-01 -1.209353254595e-01 
-1.105495830061e-02 -1.613951376282e-02 -5.588938406222e-03 
 2.233178877587e-03  3.238659451309e-02 -9.286519266596e-03 
-5.988994373618e-01  6.662052334557e-01 -1.832184775797e-01 
-6.097818693587e-02  6.466946810205e-02 -2.365169308815e-02 
-9.906889111246e-04  5.285061602183e-03 -3.074543120031e-03 
-1.092451872993e-02 -4.349843679041e-03 -2.155777717848e-03 
-3.402283946368e-02  1.543696232848e-02  3.887394518761e-02 
-1.785732328400e-01  9.148574579537e-03 -2.409636927048e-02 
-3.806671606001e-03  1.160239676758e-03  1.652411210359e-03 
-1.437433675055e-02  3.588950189517e-03  1.557443263945e-02 
-6.869871730498e-03 -2.732837926956e-02  1.017444617364e-02 
-1.761833952946e-02  1.719159967113e-02 -5.614923644569e-03 
-1.111660697429e-01  3.185198386638e-02 -1.250411195771e-03 
-6.292535412664e-03 -1.129811818623e-03  1.783910942511e-01 
-3.353229142255e-02 -6.274529283208e-03  6.890552197388e-03 
 3.963956536611e-03 -1.942128440963e-03 -2.690421468950e-03 
-1.545883083698e-02  1.599363485303e-02 -5.366663896043e-03 
 3.972636083940e-03  7.937231351137e-02  3.554476833449e-02 
 2.983174284243e-01  1.905283121520e-01 -4.142427775697e-01 
-2.615511968694e-02 -1.489833579653e-03  7.154826001160e-02 
 1.516497741702e-02  7.668480528497e-04 -3.810498045350e-02 
 1.360299552243e-02  2.527271739528e-04  4.932403869994e-03 
 3.634382733138e-02 -4.557961853120e-02  1.283018348077e-01 
 1.711617826326e-01  5.934827308378e-01  1.853695572799e-02 
 1.589769566695e-02  3.985558851341e-03 -3.189473109122e-03 
-1.427064118910e-02 -1.572623548766e-02 -8.828199536665e-03 
 2.008760742984e-03 -9.905757269700e-03  3.088373137701e-02 
 1.305155980876e-03 -1.493968224319e-03 -1.133843890602e-02 
 9.541438439204e-02 -2.717446946650e-02  8.265836108424e-03 
 3.490734949985e-03  1.399378346285e-02  1.288918332321e-01 
-3.151044532648e-02 -2.264262563039e-03  1.155938175805e-02 
 1.009294294119e-02  4.033174301400e-01 -1.250943239210e-01 
-1.196237204599e-02 -1.248349537526e-02 -5.163944294344e-03 
 2.440575503953e-02 -3.714716078691e-01 -9.075870413746e-01 
-2.022372887974e-01 -1.116644881045e-01  1.885947280161e-01 
-1.792988143283e-01 -9.582326373936e-02  1.857620230490e-01 
 1.992864594984e-02  1.798376440605e-03 -1.329438919873e-02 
 2.892297271437e-04  3.004003734436e-04  7.465085550523e-03 
-7.989100406072e-02 -2.588566741691e-01 -1.458904685381e-02 
 2.527209472526e-02 -4.956040229206e-02  1.434394572609e-02 
 3.535205310901e-02 -3.225933830509e-02  6.731974728390e-03 
 5.771783892424e-04 -5.846075885172e-03  4.631276181809e-03 
-1.965587170660e-03  2.749908596066e-01  4.456111723866e-01 
-7.708864964108e-03 -3.817282072762e-03  1.117302352664e-02 
 1.429092659500e-02  1.489673191856e-01  1.755089625623e-03 
-3.422514266794e-03 -4.938333358021e-03  3.331639476984e-02 
 1.757201707811e-01 -2.844642392333e-03 -8.157257404503e-04 
-3.535812384974e-04  4.607248472096e-01  8.175846606572e-01 
 6.550511017330e-03  7.982872616237e-03  9.577160875682e-03 
 1.129554163950e-02 -1.829552076188e-01 -3.438547725250e-01 
 3.166651687874e-03 -6.478002212054e-02 -2.051284779616e-01 
-3.523048280316e-02 -6.496348910989e-02 -1.413372624836e-01 
 1.601122350394e-02  3.175960658457e-03  1.403587820451e-02 
-9.900616947783e-04  1.315707191562e-03 -3.534172727707e-02 
 2.920081911868e-01  1.035398793675e+00  3.665083450478e-02 
-2.779116448418e-01 -7.395365455286e-02  2.363763539529e-02 
-2.433013533516e-01  7.546233577532e-03  3.435765706846e-03 
 1.239566424508e-03 -1.213055529893e-02 -3.709135359321e-03 
 2.069364514169e-03  1.453132616760e-01  6.005010346383e-02 
 1.473290462923e-03  1.259560180558e-03 -1.145475667728e-02 
-9.090739435441e-02 -4.816756087056e-01 -1.276019900139e-02 
-5.773897633573e-03 -3.095528697472e-03 -2.295402440365e-01 
-9.424260690494e-01  2.771272780761e-03 -5.295004693031e-03 
-2.203179409003e-03  1.511394148001e-01  3.283981867429e-01 
 3.783145761944e-03  2.170154663023e-03 -5.419898980579e-03 
 9.654310791265e-03 -2.934765815689e-01 -7.681421955458e-01 
 2.679141282772e-01  1.953013192877e-01 -3.694737286842e-01 
 4.621038380905e-01  3.600011009300e-01 -3.169482299034e-01 
-2.342257128249e-02  4.255192104667e-03  1.943058696223e-02 
-4.293843471265e-03 -2.285748674544e-03 -2.817180485103e-03 
 1.131796663617e-01  2.073053955861e-01 -7.645594002923e-02 
 1.143411041948e-01 -4.306106465098e-01 -1.481608377758e-01 
 9.552129980249e-02 -3.881756489649e-01 -5.346174004147e-03 
-4.260309714207e-03 -1.795974390416e-02  6.547192758636e-03 
 5.053551174215e-03  1.620127707024e-02  1.155376196632e+00 
 1.488171776335e-02  8.399735566819e-03 -1.328483381577e-02 
-5.851834134365e-03 -2.124733679322e-01 -7.666989531648e-03 
 4.276009431401e-03 -1.211429854445e-02  1.885656456323e-01 
 5.640854186731e-01  1.071770863763e-03 -7.586576225606e-04 
-1.145047880109e-02 -1.673638945016e-01 -3.924657234528e-01 
-1.284673820007e-03 -9.473636419660e-04 -8.017792673702e-03 
-8.396341617609e-03 -3.296395311617e-02  2.971306387659e-01 
-2.341908828761e-01 -2.139214670804e-01 -2.542728432905e-01 
-4.610390072751e-01 -5.709656277890e-01 -4.098651715686e-01 
-4.151034023448e-03  2.177350587511e-03  2.453559957215e-03 
-3.972537071422e-03 -6.054992257238e-03 -1.085733555678e-02 
 4.444681402766e-02  4.025630873516e-01 -2.287883369026e-01 
 1.582148846043e-01 -1.594336650841e-01 -2.866387202943e-01 
 2.613813342430e-01 -1.524414112671e-01 -4.833746638012e-03 
 1.405178470983e-03 -9.783245263750e-03  6.743461756007e-03 
 1.065229638291e-02 -5.279765212761e-02 -1.396773086538e+00 
 1.583955372571e-03 -3.058070741586e-03 -8.718882347273e-03 
-4.977242015907e-02 -1.002575196610e+00 -1.611130315679e-02 
 4.434320979703e-03 -2.465920676217e-03  1.757694443978e-01 
 7.628989720270e-01  1.082106772400e-03  2.716622682231e-03 
-6.697904564238e-03 -3.709698108408e-02  8.828010819418e-01 
 4.335668101892e-04  1.831086615575e-03 -6.286958705378e-03 
 1.529106664373e-03 -1.043844028908e-01 -1.310349873507e-01 
-4.597533801749e-03 -1.983027847113e-01 -3.617163140782e-01 
-2.722832597240e-01 -4.061588235965e-01 -6.918388795108e-01 
-1.938651359417e-02 -2.513505790495e-03  1.175309195859e-02 
-4.137535040556e-03  4.806068840026e-03  3.347923206626e-03 
-5.243705361339e-03 -2.639519600601e-01  2.655040363389e-01 
-9.868384061866e-02 -3.306663594981e-01  4.494845931246e-01 
-1.345955941822e-01 -4.293900961750e-01 -1.491453291973e-03 
 4.719862332439e-03 -4.889980820501e-03  1.297934840401e-02 
-1.565883248880e-02 -1.132839313871e-01 -9.170233427307e-01 
 5.589138432617e-03  5.699037601825e-03 -8.871685792794e-03 
 7.675283827135e-02  1.586938957563e+00  1.873943413030e-02 
-3.299084113702e-03 -1.490431142491e-02  1.084830637597e-02 
-3.676829481041e-01  2.168147071883e-03 -2.337347117962e-03 
-5.334047068008e-03 -1.692113877655e-01  6.567539867752e-01 
 1.350853066586e-03 -6.299056631780e-03 -5.940915397665e-03 
 1.871313482834e-02  2.252716090350e-01 -5.190700832262e-01 
-6.810971906641e-02  9.427644054374e-02  5.779875898380e-01 
-1.126875146003e-01 -2.845380038913e-01 -7.359811860002e-01 
-1.649298908765e-01 -7.773919490209e-02  3.138796101055e-02 
-4.125777171685e-02  6.449051529894e-03 -2.969738185107e-02 
-1.238368182623e-01  3.988850962817e-01  2.632806046349e-02 
-2.609555536494e-02  2.597659592559e-01 -1.340719841987e-01 
-4.247113160944e-02 -4.410257366411e-02  1.758413386781e-02 
 2.630719373092e-02  4.912678071630e-02 -3.783193678068e-03 
 7.137542611083e-03 -1.026336166891e+00  9.661260954704e-01 
 2.861414815939e-02  3.842841887993e-02  4.542900733128e-02 
-2.331652675521e-01 -5.802697788453e-02  1.555393194208e-02 
-1.327479689465e-02  2.910171095579e-02 -4.953625889784e-01 
 3.995773931169e-01 -1.639827136736e-02  2.848002792247e-02 
-7.452752859959e-03 -1.176000227269e+00  1.604637638414e+00 
-3.123423967804e-02 -3.493835089926e-02 -1.435170458185e-02 
 6.933814590013e-02  1.955629178248e-01 -3.490141610230e-01 
-9.231862052733e-01  6.165578874894e-01  3.962316652109e-01 
 1.170368232048e+00 -6.684486755322e-01 -8.934770242613e-01 
 1.083976744032e-01  4.506886508701e-02  1.424971883617e-02 
 3.286359873795e-02  5.712842113473e-03  8.643382390750e-03 
 1.266416420442e-01  1.582179539788e-01  1.266778081721e-01 
-1.266027053676e-01 -9.281469990214e-02 -3.714237146389e-02 
 1.350675105605e-02 -1.984098598031e-01  4.545357615239e-02 
 2.731033247214e-02  6.199193922683e-02 -2.769072499004e-02 
 4.355974879577e-02  4.009331224060e-01 -5.283599021778e-01 
-4.985855859375e-02 -1.431377978031e-02 -2.234994261514e-02 
 3.704345929026e-02  2.241621546341e-01 -9.930400799956e-03 
-4.553308718214e-02  8.162088346002e-02 -1.030802157467e+00 
 1.113986180186e+00 -2.732128037588e-02  5.972356066560e-02 
-1.744072927436e-03  4.982260378682e-01 -7.180223069278e-01 
 3.165183028168e-02  1.973151642979e-02  1.812909562344e-02 
 6.137610925045e-02  1.608013451995e-01 -3.727000021309e-01 
 2.630137178917e-01 -8.241357845415e-01  1.073478335643e+00 
-2.258324724848e-01  1.046273688620e+00 -1.754101866701e+00 
 1.021571535015e-01  3.540382581434e-02 -2.445034356471e-02 
 2.055597792224e-02 -5.058930422794e-03 -5.338924549996e-02 
-1.936510501909e-01  7.279414281782e-01 -4.246460223196e-02 
 1.227687283510e-01 -1.824292942968e-02  8.438034639745e-02 
-2.700349010038e-01 -3.112622085018e-01 -1.187558180215e-02 
-1.912084815981e-04  6.450036332181e-02 -9.709561609543e-03 
-1.045885993723e-02  3.145228548069e-01 -4.102577005485e-01 
-1.490693800048e-02 -4.753964460563e-02 -4.145654118871e-03 
-1.535413239900e-01  2.046959907189e-01  1.631559337642e-02 
 1.656926132011e-02  3.047558514898e-02 -1.022955255238e-01 
 3.894234221528e-01 -6.294210233935e-04 -2.612748948920e-02 
 1.010647528507e-01  5.439972380141e-01 -7.901145810448e-01 
 3.428138335944e-02  3.959821250071e-02  4.923969210385e-03 
-1.219162175524e-02 -1.661917392676e-02 -4.169126677273e-02 
-6.255914192052e-01  2.698377386409e-01  4.730845562924e-01 
 8.945041981919e-01 -3.960675310605e-01 -5.849985789595e-01 
-2.565802382536e-02  2.554670890282e-02 -8.345927282791e-02 
 4.304153591981e-03 -8.047336341742e-03 -7.484222862114e-02 
-5.041328548979e-01  7.386256315047e-01 -5.255926561466e-02 
 3.153868387834e-01  2.051764657988e-01 -2.325277955069e-02 
-1.545447129221e-01 -4.270290244343e-01 -1.043478797965e-01 
-4.690442267869e-02 -2.034996383725e-02  9.957936265370e-03 
-1.531429457181e-02 -6.359973099342e-02  1.208130255517e-01 
-1.338160309538e-02 -5.615657370640e-04  2.244509672743e-03 
 2.539671053659e-01  5.323873223187e-02 -4.887472754611e-02 
 1.093624495822e-01  4.433102655821e-02  1.673402823347e+00 
-1.830912815366e+00  9.643771950747e-02 -1.076507524362e-01 
 2.507231974803e-02 -8.294285502847e-02 -1.667603492894e-02 
 2.850416441934e-02  2.523912635793e-02 -2.672528547301e-03 
 1.486362643083e-01  6.546821687075e-01 -9.963916409505e-01 
 4.626115822767e-01  3.790667857721e-01  2.788416177910e-01 
-5.675965423366e-01 -3.211105889649e-01 -3.417824913960e-01 
-6.338839267040e-03  1.148409651573e-01  3.681453970837e-02 
 1.761803391360e-01 -3.571748014164e-02 -1.593836652110e-02 
-2.201981140900e-01  3.441402692997e-02 -2.499646002719e-01 
-2.664962287144e-01 -2.625360443974e-02  6.513042507822e-01 
 1.362350087083e-01 -1.572098160143e-01 -2.055372902844e-02 
-2.782525654671e-02  6.245013079428e-04 -6.779859664464e-02 
 5.220556778715e-02  1.079096284342e+00 -1.116347227406e+00 
-5.438954439416e-02 -6.426102719097e-02 -8.953175107079e-02 
 9.347166600902e-01 -4.741359891522e-01 -6.939908924050e-02 
-3.026165685273e-02  4.217411319330e-02 -1.208851436845e-02 
 4.031620239980e-02  4.203380985618e-02  3.495747290501e-03 
 1.376011454159e-02 -1.064644393813e+00  1.394429303030e+00 
-9.295359383540e-02 -6.041974505119e-02  1.006989346762e-01 
 5.755730805880e-02  2.034971921841e-01 -3.895877919062e-02 
 5.757548931959e-01  7.698985413062e-01  2.266355528774e-01 
-1.025516936621e+00 -1.555067347097e+00 -5.082682314346e-01 
 8.782582911316e-02  1.237302511561e-01 -1.133463905469e-03 
-1.009733871187e-01 -4.225539369359e-02 -2.783896689630e-02 
 1.701420539003e-02  4.440560345376e-01  2.471814065031e-02 
 1.123786406199e-01 -1.257204950366e-01 -5.318395282121e-01 
 1.461849865890e-01  2.147630117897e-01  2.101280550370e-02 
-3.113700324210e-02  5.881183793044e-02  4.997946198116e-02 
-9.900192711502e-02  3.991849206408e-01 -1.367020770516e+00 
-7.901009957365e-02 -1.361978565645e-01 -4.070597184637e-02 
-1.366752751871e+00  8.947333804706e-01  1.175509869207e-01 
-5.541784394164e-03 -4.297476317262e-02  3.644032459839e-01 
-3.280887167962e-01 -1.105375196133e-01 -5.095031498681e-02 
 7.263486011737e-02 -4.169380300528e-02  8.499791350802e-01 
-7.318006972263e-02 -6.738038758073e-02 -6.405782830411e-02 
-7.563337854585e-02 -3.646532959234e-01  5.426379710957e-01 
 5.335556624430e-01  4.593938461613e-01  9.839129319944e-02 
-1.457907007516e+00 -1.258795282032e+00 -7.520875217226e-01 
 1.114798215133e-01 -1.074124333588e-01 -6.227767843526e-02 
 8.805429410363e-02  7.027862551480e-02  1.844913022718e-02 
 9.306069951985e-02  2.196419497821e-01  4.334565254324e-01 
 6.899499331521e-01  2.656203452620e-01  7.938149931690e-02 
-9.010803029687e-01 -5.558762794155e-01 -1.881592274369e-02 
 4.633185331392e-02 -4.561652386103e-02 -3.154247385693e-02 
 8.648056567399e-02 -3.932373621280e-01 -9.173277356177e-01 
-1.296651157769e-01 -5.150029745244e-02  7.441693791489e-03 
 8.532061269052e-01 -6.075196731856e-01 -1.402027658044e-01 
 6.593707844069e-02  3.002449682051e-02 -4.137113993858e-01 
 2.626022268983e-01  1.158645234490e-01 -3.750759591501e-02 
-4.160510327319e-02  4.905153875890e-01  2.922212316218e-01 
-5.868351725344e-03 -6.367427590903e-02 -7.141538196760e-02 
-6.240063644290e-01 -2.828745591331e+00  4.187641889649e+00 
 8.764213412927e-02  6.596759110826e-02  2.571102756853e-01 
-3.101606076375e-01 -4.453351844728e-01 -4.535341338840e-01 
 1.300274630904e-02  1.035882747394e-02 -1.726186276453e-01 
 8.487707208048e-02 -5.079527439028e-02  3.001588713856e-02 
 9.688572751709e-02 -5.163466637399e-01 -6.269788162390e-03 
-5.888799319122e-01  4.281234512802e-01 -7.709211055720e-02 
 9.895771185709e-01 -4.469518184153e-01  1.229690846568e-02 
 2.601850069331e-02 -3.256633778831e-02  9.546461272925e-03 
 3.830739713216e-04  2.978163429009e-02 -1.249991273165e+00 
-8.762173902122e-02 -1.481347923241e-01 -7.191226637212e-02 
 1.166783505199e-02 -7.867791498528e-02  2.784027598141e-02 
-1.112074198595e-02 -3.951445716585e-02  1.059807183314e-01 
 3.246158043039e-01 -5.550736824252e-02  1.356327149076e-01 
-1.457175087868e-01  3.180301914776e-02 -5.081127555603e-01 
 3.744836903378e-02  7.498050394705e-02  3.235064045603e-02 
-9.616100428662e-02 -4.164260436644e-01  8.460304698233e-01 
 2.145639406553e-02  2.336309643416e-01  1.032318468026e-01 
-6.647434967386e-01 -8.176265997409e-01 -3.843468301265e-01 
 1.971634130401e-02 -7.122190744491e-02  4.540643023368e-02 
 8.880992580042e-03  2.296734488998e-01 -5.982195319672e-02 
-2.417083303324e-01 -3.166440819580e-02 -9.722871193068e-01 
 8.750213575189e-03 -2.979536641103e-01  1.889452874690e+00 
-1.708011647607e-01  3.851495537518e-01 -2.335348725008e-03 
 3.543935399768e-02  3.582201140631e-02  8.415482983861e-02 
-7.308671438278e-02 -5.520948854903e-01 -2.507337959385e-01 
-9.142233021248e-02  7.531040193259e-02 -5.018890495838e-02 
 2.573951314511e-01  7.412223972697e-01  2.377930542169e-01 
-3.398373482303e-02 -1.562922594702e-01 -5.634517137359e-02 
-6.101909780136e-01  1.140754614239e-01 -1.056107915670e-01 
 2.147266340389e-02  5.366093214789e-01 -2.579544720756e-01 
 8.303437302980e-02 -1.103482914165e-01  6.754401052771e-02 
 4.169359153512e-01  1.794040443266e+00 -3.365345891553e+00 
 8.159379913281e-02  4.602888936857e-02 -1.865112335125e-03 
-2.952394213759e-01 -5.413942544608e-01 -1.103423545395e+00 
 3.654455466767e-02  4.653985465955e-02 -1.366659469897e-01 
-8.364830716636e-03  8.459971343042e-02  7.740895985224e-02 
 4.967937683727e-01 -4.678061757043e-01 -9.269641324254e-02 
-2.248937700570e-01  1.078022799866e+00  4.919558546385e-01 
 4.346247696562e-01 -2.370957507611e+00  5.012274033913e-02 
-5.027690545430e-03  3.267682074442e-02  5.179994039624e-02 
-4.609727677346e-02 -2.407733165102e-01  9.723495690839e-02 
 5.342073664666e-02  8.600162709668e-02 -5.280273210103e-03 
 7.864504369587e-02  8.182841638498e-01  1.958686138028e-01 
-4.467552861203e-02 -4.052698380768e-02  5.272045545721e-02 
 6.172919545730e-01 -9.479256908772e-02  1.180746770050e-01 
 3.697454954985e-02  5.127544264825e-01  4.545717269782e-02 
-3.923888967371e-02 -7.716034253016e-02  1.261643933143e-01 
-2.312437857018e-01 -1.054346181039e+00  1.158717862855e+00 
-2.656138792591e-01 -1.671040342585e-01 -2.108731644424e-01 
 9.540188995900e-01  9.772345356313e-01  4.508310426961e-01 
-4.411021386012e-02  8.418417973851e-02 -8.526538860957e-02 
 1.765032590105e-01 -3.222727206002e-02  7.062867851173e-02 
 4.705956819527e-01 -8.072925924389e-01 -1.726412884919e-01 
 8.656522543329e-01  3.194737584375e-01  3.096374676762e-01 
-1.479071063018e+00 -3.397602376495e-01  5.974355467762e-02 
-8.573627668151e-02 -5.709770503092e-03 -9.792752831281e-03 
-1.037366580873e-01  6.532958439893e-01 -1.214260531858e-01 
-4.095111148320e-02 -7.146920211160e-03 -1.400290425961e-02 
-4.226533687522e-01  9.971889132917e-01  2.621910728932e-01 
-8.128053062573e-02  2.306069260326e-02 -4.129205506924e-01 
-1.918939859276e-01 -6.203814696245e-02 -1.562202788526e-01 
 1.949839362202e-02 -8.018555150174e-01  3.694367736558e-02 
 5.049631613046e-02  2.309089355562e-02  7.373382311442e-02 
-7.421008656380e-02 -3.206938916520e-01  5.250045890552e-01 
 9.162306572916e-03 -1.476149683571e-01 -1.762844735652e-02 
 2.917580716466e-01  4.292548804131e-01  3.489049239378e-01 
-9.172458157318e-02  2.138480397691e-01 -4.006893233435e-02 
 4.960084499910e-02  5.649748510937e-01 -1.158294919122e-03 
-3.186390427463e-02  1.363695689144e-01  3.937215538090e-01 
-9.079830139197e-02 -5.156551575771e-02 -9.178883241547e-01 
 1.864608561794e-01  2.767050781685e-01 -5.387943508563e-03 
-6.699813366020e-02  4.640392641345e-03 -3.229297113991e-03 
 6.477814704037e-02  2.287410692114e-01  6.974113011813e-02 
-1.704256230946e-01  1.569344040064e-01 -5.860404984507e-02 
-2.645718022891e-01 -4.288442557728e-01 -1.251578031605e-01 
-1.331636182683e-02 -3.030310347902e-02  1.064301774881e-01 
 1.288912900675e-01 -4.148698171348e-02  7.048439636144e-02 
 1.262659730097e-01 -3.032168158239e-01  5.118177748610e-02 
 2.744369242948e-01 -2.703417229401e-01  6.087590739098e-02 
-1.052270779145e-01 -4.564905291185e-01  6.413954318617e-01 
-3.199422769980e-02  8.396086786856e-02 -6.433545603682e-02 
-2.435795147993e-01 -2.875352272554e-01 -1.580754684877e-01 
-8.472197208318e-02  3.786355529181e-01 -2.159645628635e-01 
-2.809030668418e-01 -8.729936025979e-02 -9.486008345121e-02 
-4.228454997970e-01  6.249837655606e-01 -5.626377474129e-02 
 2.206763798886e-01  2.605731120947e-02  5.527308406316e-01 
-5.240078198363e-01 -4.713042106883e-02  5.960534371775e-02 
-1.577601038749e-01  2.384424489142e-02  1.357494020423e-01 
 1.310123753006e-01 -3.579408719401e-01 -7.334792637817e-02 
 1.492452237048e-01 -1.540829131010e-01  2.612476217775e-02 
 4.309519428740e-01 -1.383374551740e-01 -1.310025969915e-01 
-2.407349664093e-01 -2.141878205416e-01 -3.411649203380e-01 
-1.136310675168e-01  1.657060606494e-01  9.067436390371e-02 
 3.801172038648e-01  1.386705604940e-01 -6.796533433558e-02 
-2.787539935263e-02  3.744016220987e-02  1.016829063821e-01 
-3.325831049133e-02 -1.171736512101e-01  4.030028211742e-01 
 1.805429752148e-01  1.413611204093e-01 -2.338743996549e-02 
-9.339324326214e-01 -1.002466381895e+00 -3.777206216664e-01 
-1.116904804536e-01  2.537394778796e-01  1.232189040530e-01 
 3.468704498167e-01 -1.122067429787e-01 -1.755439523762e-01 
-8.091350887172e-01  1.443935200339e+00  9.112311275125e-02 
 4.778442959404e-02 -2.744293381512e-02 -2.075757062574e-01 
 9.703966678980e-02  7.406629301846e-02  3.633810286852e-02 
-3.692624554973e-02 -2.152101153893e-02 -1.137200374296e-01 
-3.603839834684e-02 -1.020444079208e+00 -5.137604406704e-02 
 1.171501293868e-01  6.504877248162e-02 -2.601646304284e-01 
-1.866144640535e-01 -3.138049592250e-01 -1.102152660873e-01 
-6.387422919794e-02  1.236376397204e-01  1.296213462486e-02 
-1.094047000652e-01 -1.967353787651e-01 -2.031219567391e-01 
-2.969369230594e-02  8.472670085415e-01 -1.534810086102e-01 
-1.482124468599e-02  1.031289758432e-01  3.947978752532e-01 
 3.856042000571e-03 -7.926984978937e-02 -5.554046850539e-01 
-1.299141057435e-01 -1.450864984090e-01 -1.586640708498e-01 
 3.813501871009e-01  1.892710432662e-01 -4.583528681514e-01 
 3.536891229479e-01 -1.948622666719e-01 -1.146157496324e-01 
-1.202025831303e-01  6.160363810345e-02 -5.068138061823e-01 
-2.218529950593e+00  3.636215441253e+00 -1.169775621677e-01 
-2.258048808895e-02  2.922810736708e-01  6.043278166886e-02 
 3.277508718095e-02 -6.254888161109e-01  1.484979025049e-01 
 3.174185998571e-02 -1.618564688603e-01 -7.089242128171e-03 
-4.498216030172e-02  2.898979736758e-02  1.038285185203e-01 
-9.381588328772e-02  2.928692158218e-02  1.397908318415e-01 
-3.709167080958e-01 -2.113837924326e-01 -2.163342651881e-01 
-2.200751050974e-01  1.194704061144e-02 -2.940460994869e-01 
-2.075228915374e-02 -1.565398150733e-01 -2.845533371777e-01 
-2.243714732433e-04 -3.547832006816e-01  7.266056367448e-02 
-1.298932175904e-01 -1.089827081485e-01  8.556155711879e-02 
-4.577537146928e-02 -1.910322121980e-01  3.406080966344e-01 
 2.255763391053e-02  6.370086958433e-02  2.725490424365e-02 
-3.950984517906e-01 -5.596228831909e-01 -5.773060278832e-01 
 1.511576732340e-01  4.913990868352e-02 -2.045293346054e-01 
 1.359298817989e-01 -4.534813857555e-02  2.605214834367e-01 
 1.182106895246e+00 -1.509450115441e+00  5.257939614145e-03 
-1.677248008057e-01 -4.473812386037e-01  3.523756468430e-01 
 3.383251529199e-01 -3.668564095143e-03  2.526780434655e-02 
-1.631847695889e-01 -2.572217754144e-02 -1.520809996988e-01 
-2.331357333385e-02 -8.083497042183e-01  1.024542488965e-01 
-1.754619921800e-01 -6.634236143275e-02  5.498844560706e-01 
 5.874401408456e-01 -5.571947783661e-02  7.936296846795e-02 
 5.495824966832e-02  2.322089785359e-01  3.372221978964e-01 
-5.675595648040e-02 -2.808764881589e-01 -1.171013098416e-02 
 2.766783553903e-01  7.575593986413e-03  2.280979651172e-01 
-1.086627743010e-01 -7.215510448078e-02  2.904129899903e-01 
-1.403365581393e-01 -6.028328963098e-01  8.854765910918e-01 
 1.360857420046e-01 -9.987143677513e-02 -1.412989152519e-01 
-3.212887707917e-01  9.646943571290e-02  2.347970421559e-01 
 1.425765292302e-01  4.342610375353e-01  2.038899622267e-01 
-5.087581309212e-01  1.486900683512e-01  5.421803789737e-02 
 1.721278291065e-01 -5.587578948584e-01 -2.361197749991e-02 
-4.677482776763e-02  1.040355636386e-01  1.794855834306e-01 
-3.054117200065e-03 -4.551508933697e-02 -1.395705699120e-02 
 6.801181187140e-04  7.289732872072e-02 -8.070053184558e-02 
 7.234557066504e-03 -1.976642125740e-01  2.682793693875e-03 
-3.198810790351e-02 -6.509833277156e-03  6.874693937319e-02 
 2.856932830483e-01 -1.208679640916e-01  1.698513296547e-01 
-9.452538591973e-02  5.212552675615e-01  9.031223693905e-02 
-7.104228933074e-02  2.429717056496e-01 -1.422026232925e-01 
-3.106617469187e-01 -7.386263072919e-02  4.085124301257e-02 
-4.201912884551e-02  2.732323328076e-02  4.394602602372e-02 
-2.236664999026e-01 -9.575906961775e-01  1.372315969131e+00 
-6.031794086784e-02 -5.994824372374e-02 -2.148252895656e-01 
 4.272595757192e-01  1.470185458351e-01  5.229472874572e-01 
 3.856959134569e-01 -2.142420140392e-02  4.580444120696e-01 
-1.834430795341e-03  1.628899425243e-02 -5.423472877160e-02 
-3.038953217582e-01  1.340260599176e-01  6.655259047406e-02 
 9.299450247419e-02  2.407047543351e-01 -5.875240852611e-01 
-2.761084206819e-01  1.446367818959e-01 -1.060298686190e-01 
-3.445773318094e-03  1.402328888595e-01  5.937632307601e-02 
 6.625348902249e-02 -1.345426309398e-01  1.651544340441e-01 
-1.678684849653e-01  1.562374040406e-01  1.439054901165e-02 
-4.531575686653e-01  4.287382511715e-02  1.092200638101e-02 
 3.204618337016e-01 -1.587433465922e-01 -5.812615573100e-02 
-5.672472151560e-02  1.707896417516e-01  2.903264106011e-01 
 2.406121281352e-01 -4.870918708527e-01  1.999116467869e-01 
-2.645747601472e-01  2.136006098112e-01  3.667105875446e-01 
-5.764048973124e-02 -2.593495252834e-01  2.901884746184e-01 
-6.641681352206e-02  3.441418353321e-02 -1.344264103158e-01 
-1.294533410098e-01  3.920509088815e-01  1.247155407755e-01 
 1.432630622384e-01 -1.321656786596e-01  2.463368282450e-01 
-3.466946337835e-02 -1.152019646856e-01 -5.298883811973e-02 
-2.708586577635e-01  2.268741284084e-01 -1.411297148652e-02 
 1.524742707907e-02  1.481849807336e-01  4.700721818736e-02 
-2.333416734197e-01 -6.183670316596e-02 -4.904325415868e-02 
 4.871165844803e-02  3.826165531184e-02 -9.030888801644e-03 
 5.529637045509e-03  1.082602075621e-01 -5.766125404277e-03 
 4.181278037445e-01 -4.370520145911e-01  1.092820702112e-01 
 6.001727375394e-02 -1.111184145644e-01  2.145106376324e-02 
 2.313743245082e-01  1.192178135969e-02 -1.983594744021e-01 
 1.270283583692e-01 -2.498090480226e-02  1.980618367336e-03 
 2.952612951673e-02 -1.059010579656e-01  1.482150770985e-03 
 4.925831796725e-01 -5.357362367248e-01  2.565957827283e-01 
-4.894216540639e-02 -1.598862456234e-01  4.108056690138e-01 
 1.342206547229e-01  9.291651166366e-02 -1.486993831386e-01 
-2.230479335967e-02 -3.105986148675e-01  1.905974018487e-01 
 4.662782050953e-02 -3.153741103931e-01  3.584443308302e-01 
 2.702650569823e-01 -1.305715274013e-01  4.384326206859e-02 
 1.670199955417e-01 -2.559732197937e-01  1.000119105923e-01 
-1.502513669213e-01  2.267814333617e-01 -5.976958099947e-01 
 8.218269433354e-01 -4.312889381270e-01  4.986282925358e-02 
-1.310633854659e-01  4.643451371874e-02 -1.017377181452e-01 
-5.377811962216e-02 -1.047526721122e-02 -1.422770460404e-01 
-1.444428985518e-01 -4.386889124601e-02  9.119323433646e-02 
-4.115120260585e-01  1.112963133727e-01  6.651698224777e-03 
-6.308845930972e-01  2.371686025707e-01  8.140289099610e-01 
-3.588944604006e-01  3.615655348306e-01  1.251053946547e-01 
 2.962103253637e-01  1.823543764975e-01 -2.440448065859e-01 
 2.715760720545e-01  6.290871540817e-02 -1.403699325243e-01 
 4.417383990747e-06 -9.849366729327e-02 -2.679714050667e-01 
-6.186635224163e-02 -4.365121468869e-02  2.292909849271e-01 
-1.139134231654e-01 -1.386368545915e-01 -2.492388786729e-01 
 2.226467583004e-01  1.153435019083e-01 -2.819939660781e-01 
 4.013200979242e-01 -8.780816371303e-02 -5.393052361636e-02 
-1.056323293368e-01  6.496871946585e-01  1.654895995405e-01 
 3.257439386341e-02 -3.181740188582e-01 -9.205982306831e-01 
 6.318759673238e-02  4.439750904386e-01 -6.661489107244e-02 
 3.723873984555e-02 -5.219583580313e-02 -5.840100509790e-04 
-2.769431660140e-02 -5.853773816472e-01  4.598311868287e-01 
 3.097603576427e-01  1.903136603953e-01 -7.613955972195e-03 
-9.222593217219e-01  1.445876090619e-01  6.478950772314e-02 
-1.888579592113e-01  6.264361749742e-03  1.279474311782e-01 
-1.196470906321e-02  5.187249043465e-01  2.156757075005e-01 
-2.580605337241e-01 -1.922963380275e-01  5.599400766446e-01 
-2.507996195077e-01 -4.014040692139e-01  6.377452456598e-03 
 2.634542260621e-01  1.169933650750e+00 -1.384450670604e+00 
 6.308460447745e-02 -1.182139773271e-02  7.205681019462e-02 
 4.091187053779e-01  3.479600716598e-01 -6.006209364972e-01 
-1.871886877027e-01 -1.850260099928e-01 -2.462824917744e-01 
-7.655177658709e-02  4.973090606730e-02 -3.047504296411e-02 
 1.243238267735e-02  7.376869974644e-01  2.093656445450e-01 
 4.760055636108e-02 -1.647766354483e-01 -6.360578271390e-01 
-8.580639434706e-02  8.852288978797e-02 -1.938573592870e-02 
 2.112906395458e-01 -4.525096323291e-02  1.470756716023e-01 
-5.116985881379e-02  5.417412444790e-01 -1.991159326587e-01 
-2.487097697425e-01 -2.093471459143e-01  1.938696326178e-01 
-5.853321105481e-01  1.950213192951e-01 -3.081601323575e-02 
-1.582084643997e-01 -5.949831095809e-02 -3.371091506631e-02 
 1.496383324204e-01  3.419248506793e-01 -2.778317492321e-02 
-2.772436764632e-01 -1.629979684214e-02 -1.969618905817e-01 
 1.563302317643e-01  2.580124741697e-01  6.989496013204e-01 
-1.798191010822e-01 -7.238617521980e-01  1.608980671108e+00 
-2.822421035310e-01 -1.557768913414e-01  2.225413406320e-01 
 6.190537974313e-02  1.027955676771e-01  7.783736471905e-01 
 9.412405773206e-02 -2.005165920203e-01  2.544067883038e-01 
-1.380696572725e-01  1.439655068659e-01  5.593613650000e-01 
 2.347243488596e+00 -3.684289145414e+00  3.761668203399e-01 
-2.626617481603e-01 -3.248788422696e-02 -1.009561329479e-01 
 6.187812834824e-01  8.357035291058e-01  1.084248422450e-01 
 2.421661026922e-01  1.022272565000e-01  1.154652587145e-01 
 4.891604971952e-02 -3.077369597233e-02  3.674697465953e-02 
 2.224455188920e-01 -3.508907824590e-02 -3.077283705014e-01 
 7.265523500546e-01 -2.605248068713e-01 -9.087531810554e-02 
-2.692474747088e-01 -2.538218575609e-01  8.521851471687e-01 
-6.411576361069e-01 -6.375441073429e-02 -4.938326811753e-01 
 9.834216549630e-02 -2.350428432098e-01  2.647122716175e-01 
-3.209604526836e-01 -1.658123546605e-01  1.285610292006e-01 
-9.339284594002e-02 -2.455685661764e-01  1.085616775312e+00 
 1.051127099545e-01  1.358380861924e-01  2.619112785563e-01 
 1.249713418721e-01  2.260175457469e-01  3.035688380783e-01 
 1.393262715214e-01  4.299860149856e-01  4.805762776756e-01 
 2.086434490898e-01 -7.374130571596e-02  1.476874700991e-01 
 5.316029309344e-01 -1.174616010523e+00  6.293387220236e-02 
-5.384714999297e-03  1.538186569185e-01 -1.461164744366e-01 
 1.961652656757e-01  9.142603232455e-01 -5.771880370934e-02 
-8.126980800131e-02  9.018568701960e-02 -4.325484236193e-02 
 9.128904798080e-02 -2.940265382542e-01  4.069013535984e-01 
-9.846163306330e-02  1.586723405414e-02  5.686942797947e-01 
-2.978704516984e-02 -8.714142902095e-02 -1.644952642974e-01 
-1.660329827407e-01 -6.658221608809e-01  2.037679653996e-01 
-1.619750466823e-01 -8.225114323805e-02 -2.064810996369e-01 
-4.923904914392e-01 -2.042079384008e-01 -1.589853952439e-01 
 2.337978820209e-01  1.249577359375e-01 -1.941670961075e-01 
-4.517018882039e-02 -1.696123391326e-01  4.229676900293e-01 
 6.633860709911e-02 -1.147706513710e-01  1.344288379373e-01 
-8.062900716268e-02 -5.060666452471e-03  1.537934945145e-01 
 2.066847102039e-02  1.183494617392e-02 -2.614612282980e-02 
-3.791338955835e-01 -8.350276233872e-01  1.637959345522e-01 
 6.317305306330e-01 -1.143100617905e+00 -4.139918385154e-02 
 6.973070329893e-02 -6.641493366470e-02  2.425860864520e-01 
 2.806442543157e-02  2.559001018799e-01  1.850518695856e-02 
-6.045214803893e-02  4.637467259250e-02  1.435237858324e-01 
-5.790956917260e-02 -5.057950372348e-02  1.156313988553e-02 
-5.263711912572e-01  6.245860678332e-01 -2.559006853573e-01 
 4.973880838473e-01 -1.914070305180e-01 -9.619119935479e-02 
-4.810537663817e-02 -4.385031203654e-03  1.043001468698e-01 
-5.544758495061e-02 -8.841783384007e-02  2.446198087746e-02 
-1.094079189286e-01 -9.298164376279e-03  3.686092810213e-02 
 2.869274351146e-01 -4.195587474892e-01  1.477932913884e-01 
-8.868534105063e-03  6.109385383377e-02  6.828855948771e-01 
-2.051587492377e-01 -1.733443466563e-01  2.848495400049e-01 
-2.506417797680e-01 -9.680596337822e-02  2.465400832245e-01 
 8.761253607631e-02 -2.160297487673e-01  3.272064276586e-01 
-1.950259326851e-01  2.359302933265e-01  2.390211557765e-01 
 7.505035645012e-01 -2.256729019214e+00 -1.944015513002e-01 
 6.154931708758e-01 -2.740492480527e-01  1.319960441954e-01 
 3.465285042714e-01  6.678604663186e-01 -1.609321893859e-01 
-2.608177780435e-01 -6.764427811418e-02 -5.623549165746e-03 
-1.277807068911e-01 -1.059045786685e-01 -2.001157318605e-01 
 1.008202134197e-01 -2.267886693280e-01 -2.256721240873e-01 
 5.978395590798e-01 -3.730984153515e-01 -1.233662536036e-01 
-5.354203523629e-01 -5.387926023507e-02  7.398773201544e-01 
 5.328947551235e-02 -4.620439971178e-01  6.157544214435e-01 
-4.540100787296e-01  1.226399805469e-01  8.365742659124e-02 
-2.220436675097e-01 -6.999519373270e-02  1.463211881420e-01 
 2.821991250766e-01  1.025718672290e+00 -1.540815066702e+00 
-6.798773979420e-01 -8.108959979568e-01 -5.210004029962e-01 
-2.270336728936e-01 -3.261047707114e-01 -4.794358163595e-01 
-3.899744455974e-01  2.011638049356e-01  6.919554855615e-02 
 3.138956209458e-01 -1.702359851422e-01 -1.883052855058e-01 
-6.959981462355e-01  1.630475249939e+00  3.377670111475e-02 
-1.137268318580e-01  1.579835369424e-01 -2.350083318693e-02 
-6.120059504974e-02 -4.695185370578e-01 -1.102605309519e-01 
-2.028784099418e-01  3.195772123037e-01 -7.398580871639e-02 
 1.094022464385e-01 -7.179539042809e-01 -2.565044878532e-01 
-6.579000320332e-01 -6.161282467429e-01 -6.101479581014e-02 
-3.697171200703e-01  2.074091777931e-01 -7.690787638180e-03 
 7.247268101746e-02 -8.458639841369e-02 -3.326193635778e-01 
 1.533375326378e-01  1.268079285479e-01 -1.872957039764e-01 
-1.074198193487e-01  9.609226867392e-01  1.264431628314e-01 
-6.020109095024e-01 -5.819726704729e-01 -6.630903799899e-02 
 3.406232523512e-02  2.806578529784e-01  2.575355066728e-01 
-5.472197503070e-02 -2.801719749959e-02  1.278593920177e-01 
 4.252666339281e-02 -8.804030819309e-02  2.894348471958e-02 
 2.947504668801e-01 -1.960712560090e-01 -1.198149870550e-01 
-1.888009055565e-01 -6.196956999129e-02 -2.460720439944e-01 
-9.321936066367e-01  6.437021767297e-01  7.606187475113e-01 
-2.311805551451e-01 -2.448607677366e-01 -6.366092097330e-01 
 2.279581026233e-01  4.908633594395e-01 -1.296374916511e-01 
-3.356252701091e-01 -2.324209816787e-01 -3.159175216179e-01 
 5.051801917239e-01 -2.267253905019e-01 -1.382272530392e-02 
-5.484666653339e-02 -1.267684496677e-02 -3.430741887469e-01 
-2.954264189561e-01  2.680672193568e-01  7.391390657093e-01 
-4.474710232821e-02 -3.149803607709e-01  4.653399402719e-03 
-1.428599797894e-01 -8.267711862902e-03 -2.318931673342e-01 
-6.308476703555e-02 -2.447957301160e-01  8.653057335266e-02 
 1.752829985545e-01  1.297638350546e-01  1.420729463067e-01 
-4.118858742583e-02 -2.133621590697e-02  9.352062061887e-01 
-3.686795754677e-01 -2.795128256078e-01  7.451358393881e-02 
 4.024510455420e-02  1.440542144601e-01  4.409822742207e-01 
-6.103019967220e-02  4.946461824969e-01  4.181065889193e-01 
-7.619173318041e-02 -1.447867177804e-01  7.559917454044e-02 
 2.019347258479e-01 -1.176080950607e+00  1.917889175510e-01 
 1.320813598715e-01 -2.492745081737e-02 -2.113951481346e-01 
-8.635593215244e-02  6.164249206063e-01  1.023647432012e-01 
 5.310371905481e-01 -6.020745751097e-01 -4.432686642915e-01 
-2.835752702310e-01 -4.693672829521e-01  8.565489846361e-02 
-3.579949629002e-01 -2.219543619899e-01 -2.675544739839e-02 
 1.637761216990e-01 -8.272069755159e-02  1.475576964697e-01 
-7.434695705688e-02 -3.641131693909e-01  2.770865185585e-01 
-1.685820434883e-01  3.925373974767e-02  3.297925971268e-01 
 2.901935289771e-01  1.099083660371e-01 -1.259739021952e-02 
-1.109591955169e-01 -1.920814426315e-01 -8.985065702205e-02 
-3.490594051839e-02  1.090781169407e-01  1.193750549931e+00 
-2.014085198530e-01 -2.057959870358e-01  6.110991801047e-02 
-2.502867778832e-02  1.604937417774e-01  4.153729210067e-01 
 4.336974980316e-01  8.238619765922e-02 -9.974647779273e-04 
-5.446914818107e-03  6.927462854699e-02  2.586984751204e-01 
 1.097623575085e+00 -1.124403437822e+00 -1.595775463146e-01 
-2.581489959690e-01  3.285769134431e-02  8.739481085856e-02 
-2.915835446396e-01  8.793892268383e-01  5.792170625332e-01 
-6.071251168262e-01 -1.926187262431e-01 -1.908832398890e-01 
-3.775326836578e-01 -7.668197506080e-01  2.362820276515e-01 
-1.178124857386e-01 -3.093086880772e-01 -3.618244484495e-01 
 6.085323276426e-03 -1.699461485713e-01 -3.111230001827e-01 
 6.620806484185e-01 -2.560326005842e-01 -4.923154153682e-01 
-1.844874863848e-02  5.410474635418e-01 -1.576528205360e-01 
-1.655239993000e-01 -4.481208864183e-01  1.658291737853e-01 
 1.716487312337e-01  1.849252827622e-01  2.553954952845e-02 
-2.458320869312e-02  5.579019548950e-02  5.772601929895e-01 
-1.501911500981e-01 -2.107606243796e-01  1.398509458120e-01 
 1.203149823059e-01  1.547704449706e-01  2.918496174210e-01 
 4.277158349042e-02  2.245783979093e-01  4.989998126482e-01 
 3.192539244369e-01 -5.209613705573e-02  8.093637042289e-02 
 2.226331189031e-01 -1.012434939803e+00  7.352543021759e-02 
 2.435876846481e-02 -1.636465607071e-01 -4.789077504314e-01 
 1.664755961820e-01  2.701341340886e-01  4.526510079458e-01 
-6.932858721052e-02 -5.323218959707e-01  8.286468868514e-01 
 4.201706178708e-01 -3.479425631070e-01  1.521519710894e-01 
-1.903392052601e-01 -2.257837373836e-01  7.890946968299e-02 
-1.651051001464e-02 -7.132841448641e-02  3.533238931214e-01 
 2.382305672776e-01  6.298406890174e-01  5.467310526158e-01 
-1.755637593747e-01 -1.375136643151e-01  1.407262811488e-01 
-1.489060769682e-01  9.016803334533e-03 -2.419365369185e-02 
-6.141907002508e-02 -7.293930451063e-02 -1.178527683980e-01 
-3.990565025141e-02 -5.834565003506e-01 -1.279315777497e+00 
 3.811747978836e-01  5.985212850123e-01  6.531778429554e-01 
-1.242027966271e-01 -1.292580280809e-01 -1.298880407841e-01 
-1.289585431638e+00 -4.977634767185e-01  7.155537500603e-01 
-4.887072550747e-01  8.948842880342e-02 -8.883779216891e-02 
-3.482059436582e-01  4.867561162925e-01  3.138757247698e-01 
-1.531526115060e-01  1.267326835752e-01 -5.827350306936e-02 
-2.356133335137e-01  9.761341829864e-02  5.138795600526e-02 
-3.711096649816e-01 -2.952313720385e-01 -1.119633820655e-02 
-1.905660182658e-01  2.465993611376e+00 -7.600317489436e-01 
 6.050002932627e-01  8.188925692081e-01  7.105062242875e-01 
 2.588096426959e-01 -8.614907457121e-02  1.930127028234e-01 
 1.535336245130e-01 -1.157230115986e-01 -5.844733292863e-01 
 1.549660301984e-01  2.675744487253e-01 -2.428510831521e-01 
 9.292285043921e-03  1.197749361251e+00 -3.203382561443e-01 
-6.516145351396e-01 -5.158580495943e-01  1.544968662035e-01 
-5.885946836378e-02 -8.969745680759e-02  6.753723837667e-01 
-1.316367722414e-01 -8.062949421720e-02 -6.803332082403e-02 
-1.680938867209e-02  3.019735290405e-02  1.802365527454e-01 
 2.465968409375e-01  2.158316534422e-01  6.980620267094e-02 
 6.064936778553e-02 -1.177019018066e-02  4.924638558536e-02 
 3.916556228613e-01  5.921171394432e-01  5.340896988536e-02 
-4.285396285258e-01  2.208268389798e-01  4.722590811288e-01 
-3.762814351196e-01  2.091313880236e-01 -1.052282845565e+00 
-2.963153062240e-01 -5.910650454205e-01  4.202179137090e-01 
-3.996834683432e-01 -5.476395552014e-01  1.712271805184e-01 
-1.309852150848e-01 -1.866397133691e-01 -1.252316949201e-01 
-1.108882185506e-01  7.406391381144e-02 -1.866310258693e-01 
-3.313750529666e-01  2.658878206242e-01 -2.015718644740e+00 
 5.801398331226e-01  3.788848380683e-01 -9.665709897899e-01 
 4.200135858249e-01 -2.298998184847e-01  5.616266756109e-02 
 9.245944054804e-02  9.401347086877e-02 -9.221990830817e-02 
 7.904174081429e-03 -7.474554541702e-03 -1.654573409915e-01 
 6.262741682013e-02  4.093503007055e-02  1.116913805001e-01 
 3.285106526529e-02 -2.182458868833e-02  5.695155631294e-02 
-1.613376282122e-01 -9.554296841995e-02  1.206381083072e-01 
-8.270348671985e-02 -1.369788854554e-02  4.500257705549e-01 
 1.920473798110e+00  4.710859755256e-01 -1.694150424628e+00 
 2.201310730890e-01  4.766728022532e-01 -5.081961323909e-01 
 1.718844970515e-01  1.800471342155e-01 -2.116140004976e-01 
 6.089656577032e-02 -5.261171561368e-01 -5.597124679421e-01 
 1.028429802775e+00  3.181218369072e-01 -7.238517904507e-02 
 5.527638044272e-02  1.166881060378e-01  3.666195651443e-02 
-4.602847101414e+00  1.618418053549e+00 -1.612327252346e+00 
 2.144995053290e-01  4.468906685397e-01  1.795298640629e-01 
 1.405996616943e-02 -1.725815497307e-02  1.841626681712e-02 
-1.718359646638e-02  1.726175362945e-01  1.347694348624e-02 
-8.822591133577e-02 -9.670910288216e-02  8.556781057476e-02 
orbocc
(*)
 0.000000000000e+00  0.000000000000e+00  0.000000000000e+00 
 0.000000000000e+00  0.000000000000e+00  0.000000000000e+00 
 0.000000000000e+00  0.000000000000e+00  0.000000000000e+00 
 0.000000000000e+00  0.000000000000e+00  0.000000000000e+00 
 0.000000000000e+00  0.000000000000e+00  0.000000000000e+00 
 0.000000000000e+00  0.000000000000e+00  0.000000000000e+00 
 0.000000000000e+00  0.000000000000e+00  0.000000000000e+00 
 0.000000000000e+00  0.000000000000e+00  0.000000000000e+00 
 0.000000000000e+00  0.000000000000e+00  0.000000000000e+00 
 0.000000000000e+00  0.000000000000e+00  0.000000000000e+00 
 0.000000000000e+00  0.000000000000e+00  0.000000000000e+00 
 0.000000000000e+00  0.000000000000e+00  0.000000000000e+00 
 0.000000000000e+00  0.000000000000e+00  0.000000000000e+00 
 0.000000000000e+00  0.000000000000e+00  0.000000000000e+00 
 0.000000000000e+00  0.000000000000e+00  0.000000000000e+00 
 0.000000000000e+00  0.000000000000e+00  0.000000000000e+00 