2mocoef
header
1
MO-coefficients from MOLCAS
1
48   48
a
mocoef
(*)
-3.395761656503e-05 -1.132455186885e-04  1.765642520206e-03 
-1.767565157984e-04 -1.021416510793e-04  3.378738298569e-04 
-1.793914181723e-04 -6.731635331338e-06  8.456592699811e-04 
 1.668432981736e-04 -8.597570445227e-06 -2.406429207640e-05 
-3.932851971529e-05 -7.129076462655e-07  1.000930756090e+00 
 4.595442755644e-03 -5.005799601273e-03 -1.541174254546e-03 
-1.273920641218e-03 -3.184905022243e-04  6.725500000113e-04 
 1.212491913642e-03  1.399919049697e-03 -1.069169773109e-04 
-7.108473988140e-05 -4.174781511269e-04 -2.262751890449e-04 
 4.039237615527e-04 -3.762937250009e-04  1.345423928593e-04 
-9.257017192459e-08 -2.970955145108e-05 -1.530150909543e-04 
-1.180798258677e-03  1.134843955855e-03 -8.593692654699e-04 
-1.915335800101e-05  1.616226942986e-04  5.195731093546e-04 
 6.113333803487e-05  1.376458495494e-04 -3.401162169548e-04 
 6.301890939058e-05 -3.999118523926e-04  3.079493925384e-04 
 3.804066853296e-05  3.784895215440e-05  5.162574314889e-05 
 1.000657018830e+00  3.907278727021e-03 -3.910476934781e-03 
-2.724454250577e-05 -1.225640391413e-05  8.445114848995e-04 
 1.317278770321e-04  6.884450896420e-05 -9.226027783901e-04 
 5.820655986798e-04  2.168189134329e-04 -2.692750048940e-04 
 2.619916512048e-04 -1.396865918191e-05  7.109997496394e-05 
 4.639132654997e-04 -3.014491034352e-04 -8.101934423145e-06 
-1.689109966480e-04 -1.218485741838e-04 -1.897364307646e-04 
 2.025522661298e-04  7.373680885341e-05  4.011642929466e-05 
-2.798743694455e-05 -2.477881854884e-04  8.541599235629e-05 
 4.850490999601e-07 -8.358002110672e-04  1.460291113553e-03 
-2.045835103778e-04 -2.827503618394e-04 -2.097566898925e-04 
 1.736511011046e-05  1.802057327891e-04  5.065458811332e-05 
-3.106274464381e-05 -1.116190080977e-04  2.783369505903e-04 
 2.833548903517e-04 -2.900228807740e-06  4.838361669895e-05 
-2.274491773718e-04 -1.728279115699e-04  8.202690581580e-04 
 4.018924565285e-04  3.064536800863e-04 -6.161661395676e-05 
-6.100034963117e-03  2.407237678844e-01 -5.767762739215e-02 
-3.087749734955e-02 -1.379808217505e-02  8.776664500158e-02 
 3.262499931858e-04 -2.896988940300e-03 -3.119398168318e-02 
-8.950266719039e-04  8.393447121062e-04  1.866870220570e-02 
-7.804657624333e-03  4.982989742278e-04 -9.500004637392e-03 
 8.191138408237e-01 -1.503702327315e-01 -1.075074082730e-01 
-7.656455118990e-02  1.364276626368e-02  5.965843265483e-02 
 1.699605336945e-02 -2.240678201397e-02 -7.083276058507e-04 
 1.678939724659e-03  3.010314767869e-03 -3.264196603163e-03 
 4.342345287339e-03  8.615223871762e-02 -4.639041662244e-02 
 4.972666703010e-03  5.936115193261e-03  5.008385073654e-03 
 4.114957636230e-01 -2.013874384104e-01  3.785276891341e-02 
-5.786625893139e-03 -1.076452968686e-02  2.427900203485e-01 
-1.159989649577e-01 -1.937490832168e-02  2.281706488961e-02 
-8.297347467490e-03  3.796644998495e-02 -2.038015064604e-02 
-4.314122716959e-03 -4.047771247247e-03 -6.920741456942e-04 
 2.970414103061e-03 -7.949381298511e-01  1.100865373647e-01 
 5.544653566654e-02  1.068104862802e-01  9.516863275915e-02 
-3.323688348634e-02 -3.485194665662e-02 -2.365426986049e-02 
-1.228346227159e-02 -3.457622818914e-03  2.535386823729e-03 
-6.516358246393e-03  6.005317365737e-04  1.455923103010e-03 
 2.255222822075e-01 -4.154916000520e-02 -1.622360101767e-01 
 3.448492994292e-02  1.712684493126e-01  4.912850155624e-02 
 4.980036458147e-03 -3.663487899186e-02  8.654017761196e-04 
-5.061939679851e-03 -1.338228907575e-02 -1.928483736969e-03 
 6.307879122146e-03 -4.511687156841e-01  1.997831156133e-01 
-1.824103024860e-02 -2.063160160615e-02 -1.291972232582e-02 
 2.791260022347e-01 -1.274693519914e-01  1.947455169249e-02 
-1.994562687871e-03 -4.848237994495e-03  3.756432773098e-02 
-1.647573237127e-02 -6.817426064751e-03  4.867405772040e-03 
 3.038528529439e-04 -1.912053429827e-01  9.185427972725e-02 
 1.214862045047e-02  1.128435257012e-02  1.765443269289e-03 
 1.073137534574e-03  1.456606818041e-01 -5.861375296331e-03 
-8.213057161212e-02  1.723584312568e-02 -1.208546351601e-01 
 6.071483750774e-03  3.161841011804e-03  2.514853606325e-02 
 2.680972088879e-03  9.288841440472e-03 -1.274231090473e-02 
-1.272989119739e-02  2.473452681008e-03 -1.469000438936e-03 
-1.014608897233e-01 -6.013115319800e-02 -6.116746224281e-01 
 3.253553832943e-01 -6.962146012158e-03  9.918020526413e-02 
-3.491543516347e-02 -9.441114470434e-03  1.061540299332e-02 
 2.714135551049e-03 -1.598762971099e-03 -3.191674006073e-03 
 2.138461033129e-02  1.315203450209e-01 -6.130288168673e-02 
 4.510791605534e-03  6.835037922558e-03  1.491520509411e-03 
 5.129589420658e-01 -2.178485701287e-01  2.378148594920e-02 
 5.398857894652e-03 -1.373859982722e-02 -5.013384522654e-01 
 1.924190925657e-01  8.167254923174e-03 -2.761695237651e-02 
 1.738213469253e-02  4.427627813547e-02 -1.108141684232e-02 
-2.593203357581e-03 -1.465028061131e-03 -1.557693398807e-03 
-4.370207703013e-04 -1.057485906431e-01  2.099787598808e-02 
-2.606174743675e-01 -3.857941168333e-01 -3.053635785118e-01 
 3.801022929129e-02  5.536983261334e-02  6.983437125730e-02 
 1.719494067412e-03 -9.856920563437e-03 -1.792253372697e-02 
 5.516813265465e-03 -1.751202467954e-03 -1.055957894026e-03 
-1.253958627052e-01 -3.474759651988e-02 -1.337704226255e-01 
-3.202089314229e-01  3.585110740558e-01  1.200373671882e-02 
 1.304250533736e-02 -2.409133434810e-02  6.340983971053e-04 
 3.251830530824e-05 -1.749047849091e-02  4.437944745284e-03 
-3.412268353191e-03  4.144157929790e-01 -1.712353343068e-01 
 1.393382330566e-02  1.378295901436e-02  6.459676308297e-03 
 1.375692871575e-01 -5.960411483750e-02  9.450029999000e-03 
-9.731682034623e-03  4.326088964675e-03  2.540173008305e-01 
-8.017532869342e-02 -1.319757191881e-02  1.082231610553e-02 
-3.197128587919e-03 -3.002339715867e-01  1.315913217637e-01 
 1.568654990542e-02  1.135720317654e-02 -4.518054732395e-03 
-8.918813109927e-05  1.022782049788e-01  2.506894238433e-02 
 3.493438201777e-01  1.462886114469e-01  8.069177075857e-02 
-2.592013324413e-02 -3.904705582673e-02 -8.195115447714e-03 
 4.354476677036e-03 -2.270702115901e-02 -3.437476781251e-03 
-1.287557112432e-02  7.744578313583e-03 -5.174543068930e-03 
-2.751536513019e-01 -9.106787978678e-02 -4.017618380686e-01 
-6.122377122801e-01 -8.274900998437e-02 -1.597429616745e-02 
-4.317504960627e-02 -1.368578046694e-02  8.267460326644e-03 
 5.076091420503e-03 -7.493921480128e-03 -3.343349246895e-03 
-6.592873068663e-04 -2.754881984140e-01  1.032706179930e-01 
-2.165090402853e-03 -9.438912147270e-03 -5.237910029320e-03 
 1.960721880908e-01 -7.385847185691e-02  3.665042243418e-03 
-1.844758923524e-02 -7.469865685828e-03  1.486297877061e-01 
-4.904553306090e-02 -1.597011706258e-02 -3.582239869256e-03 
-9.104124637012e-03  3.343112372247e-01 -1.199216205879e-01 
-1.133565420098e-02 -1.653577375828e-02 -3.523853875564e-03 
 1.928366914241e-03  3.764733944356e-02 -7.760936415835e-03 
-5.820734066100e-01  6.844627762872e-01 -1.723940622126e-01 
-5.507009196716e-02  6.235752119463e-02 -2.321434390805e-02 
-1.670383150027e-03  4.357559466239e-03 -2.250636025310e-03 
-1.017933551249e-02 -2.113054665602e-03 -2.702912143633e-03 
-5.534201792902e-02  6.550328351970e-03  2.080110209604e-02 
-2.110499619841e-01 -6.587906570299e-03 -1.855781189934e-02 
-1.045164048999e-02 -3.772680867470e-04  1.322211981943e-03 
-1.462839409578e-02  3.685156522847e-03  1.575176752344e-02 
-7.140826678142e-03 -3.585997388244e-02  1.193235470571e-02 
-1.706568575586e-02  1.725524857092e-02 -5.637394411286e-03 
-9.965822960525e-02  2.360378914231e-02 -9.247545273062e-04 
-7.541994668418e-03 -1.360545424172e-03  1.988213118892e-01 
-3.243142331146e-02 -6.906770900899e-03  6.402319880089e-03 
 1.761369054272e-03 -1.021411272571e-04 -3.250389482803e-03 
-1.381644725348e-02  1.482644475583e-02 -4.788110267430e-03 
 2.668392451061e-03  6.867098171895e-02  4.859595379684e-02 
 2.950753033640e-01  1.952282341780e-01 -4.302898309819e-01 
-2.657450529662e-02  2.370814198800e-03  7.830538224247e-02 
 1.505214210813e-02  1.085847566442e-03 -3.787498584954e-02 
 1.277535846326e-02  1.016813778957e-03  4.599811910921e-03 
 3.240827264471e-02 -4.057847296502e-02  1.098378644209e-01 
 1.747804961655e-01  5.821530546446e-01  1.816480159307e-02 
 1.776274502407e-02 -2.982775731872e-05 -3.174830204821e-03 
-1.549577853979e-02 -1.542036271229e-02 -8.369065625017e-03 
 2.697786441871e-03 -1.358852057529e-02  3.343086487802e-02 
 8.343328212609e-04 -1.364951823719e-03 -1.159314643767e-02 
 1.034066205509e-01 -3.002935152247e-02  8.581131106566e-03 
 3.510787207902e-03  1.238944060820e-02  1.352745400613e-01 
-3.489050145171e-02 -3.254184018802e-03  1.191064072535e-02 
 8.329662096151e-03  4.091684318861e-01 -1.277019980176e-01 
-1.331132254722e-02 -1.215001231631e-02 -4.273935682967e-03 
 2.327556252282e-02 -3.774290628626e-01 -8.900881069551e-01 
-2.113252311935e-01 -1.111075805269e-01  1.934657164889e-01 
-1.814230494728e-01 -8.783571606289e-02  1.958885635791e-01 
 2.036015147166e-02  1.333904641815e-03 -1.236737305121e-02 
-8.053221635177e-04  1.685570063852e-03  7.514811794914e-03 
-6.685855807689e-02 -2.404846629147e-01 -4.023962038119e-03 
 3.055529622945e-02 -5.682380116276e-02  2.187530588279e-02 
 3.736413465628e-02 -3.391287100767e-02  5.921409837534e-03 
 1.473711472145e-03 -5.637811207424e-03  5.559823375326e-03 
-2.065797960124e-03  2.732416888063e-01  4.421451231404e-01 
-7.890938268808e-03 -3.540819666399e-03  1.107590838805e-02 
 9.208703506734e-03  1.442742245598e-01  1.585726754205e-03 
-3.181229858280e-03 -5.947374227845e-03  2.754017758799e-02 
 1.563966342169e-01 -2.015275868296e-03 -8.453974131426e-04 
-6.018370277146e-04  4.627261159803e-01  8.133450821834e-01 
 7.486217840409e-03  8.232746047502e-03  9.157798118318e-03 
 9.807265113487e-03 -1.538765593606e-01 -2.703650324118e-01 
-2.811597559309e-02 -6.834986275973e-02 -1.683434028590e-01 
-6.781541925455e-02 -7.187423396875e-02 -1.194999330992e-01 
 1.690741882017e-02  1.026686774854e-03  1.292010108409e-02 
-5.643771142403e-04  1.966131124432e-03 -3.537122237934e-02 
 2.824228221490e-01  1.004039622462e+00  4.873674636861e-02 
-2.937532641711e-01 -1.796205675519e-02  3.222357161576e-02 
-2.522325388648e-01  5.148650512468e-02  5.039056025008e-03 
 1.462050276845e-03 -1.014296432606e-02 -4.500045393939e-03 
 1.482916658285e-03  1.283945555276e-01 -1.529411925306e-02 
 1.175735637243e-04  9.315867352222e-04 -9.952728029666e-03 
-8.590668493770e-02 -4.826354178008e-01 -1.136014702014e-02 
-6.342648735837e-03 -2.205846769853e-03 -2.515854516499e-01 
-9.511313515800e-01  3.040061083146e-03 -3.991248224677e-03 
-1.637123378881e-03  1.572049226740e-01  3.196193552804e-01 
 3.218775748902e-03  2.350033483653e-03 -5.655967683404e-03 
 1.363336662960e-02 -2.820685969117e-01 -8.895593376272e-01 
 3.128100860269e-01  2.362194049619e-01 -2.819701845012e-01 
 5.768275237671e-01  4.648765985079e-01 -2.341145755133e-01 
-2.131027460422e-02  4.207509347794e-03  1.930880391637e-02 
-3.465803507431e-03 -2.290855351095e-03 -6.124210140522e-03 
 1.232029113200e-01  2.763139711359e-01 -5.216779699633e-02 
 5.747547195581e-02 -3.636400388749e-01 -1.236353269218e-01 
 1.624175936420e-02 -3.402109944675e-01 -2.451624656701e-03 
-4.068245678692e-03 -1.509013414529e-02  3.101939578559e-03 
 4.206577613478e-03  3.159897992907e-02  1.505742052162e+00 
 1.418372083075e-02  8.342932752264e-03 -1.099892125681e-02 
-1.850303399228e-02 -1.569897772094e-01 -7.483261528587e-03 
 1.531487455091e-03 -9.767003960983e-03  1.179980714016e-01 
 3.462626400352e-01  9.186903608277e-04 -2.322543563943e-03 
-1.008856763286e-02 -1.417155980008e-01 -5.506034266964e-01 
-1.742756141548e-03 -1.452450730373e-03 -6.958835134353e-03 
-6.943089852817e-03 -8.514947151476e-02  1.410920528589e-01 
-1.729858097524e-01 -1.560595462684e-01 -2.648457945468e-01 
-3.206940215739e-01 -4.356436184171e-01 -3.895994568881e-01 
-6.760150067390e-03  4.173629445657e-03  4.831784894680e-03 
-6.097400967835e-03 -6.904768514707e-03 -1.376735334131e-02 
 7.335568189092e-02  4.933117262627e-01 -2.860608518444e-01 
 1.757031058572e-01 -2.010716002143e-01 -3.607527613906e-01 
 2.576914388794e-01 -1.850912975740e-01 -3.058945229564e-03 
-1.097730196762e-05 -1.082999423894e-02  7.354757183767e-03 
 1.204850554405e-02 -4.419012694072e-02 -9.978193628183e-01 
 4.412242665460e-03 -2.244630800768e-03 -1.025151536772e-02 
-8.653906771890e-02 -1.160011266540e+00 -1.853601594664e-02 
 4.043435031528e-03 -2.314788310718e-03  2.030807262422e-01 
 8.612077860141e-01  1.064309683128e-03  1.878209741895e-03 
-8.419381154117e-03 -4.399917319622e-02  6.894894161103e-01 
 6.562396241450e-04  1.485604459314e-03 -7.963976635302e-03 
 3.244613524496e-03 -1.346516704605e-01 -2.131427545881e-01 
-2.130817194871e-02 -1.971899829300e-01 -4.120665369772e-01 
-2.872664007938e-01 -4.279912882462e-01 -8.076192843833e-01 
-2.135152015103e-02 -1.467062118688e-03  1.562925286388e-02 
-3.481995679815e-03  2.977749031803e-03 -4.164529030677e-04 
 2.503059992339e-02 -9.647915399358e-02  2.509557898339e-01 
-6.562158523906e-02 -3.873354174010e-01  4.132517871022e-01 
-7.298900385333e-02 -5.104941994871e-01 -4.239185675427e-03 
 6.382757802529e-03 -6.591246509672e-03  1.325411588816e-02 
-1.257097540878e-02 -1.218297957021e-01 -9.538075963676e-01 
 6.764874468506e-03  6.344957118424e-03 -1.119704660084e-02 
 7.128517625078e-02  1.410255148864e+00  1.522690050540e-02 
-1.450355554211e-03 -1.578040537436e-02  2.018445406069e-02 
-2.219638745764e-01  2.008077467745e-03 -1.655139545313e-03 
-6.935296668097e-03 -1.890198441511e-01  7.035122222035e-01 
 5.983686633166e-04 -6.479161560917e-03 -7.378755915474e-03 
 2.330338883990e-02  2.586946826294e-01 -5.218588163681e-01 
-6.275735899282e-02  1.077543595160e-01  5.898046865538e-01 
-1.373275175091e-01 -2.981008434261e-01 -7.246118610986e-01 
-1.656019215445e-01 -7.391212328508e-02  2.488900173038e-02 
-3.207734755549e-02 -4.089369734346e-03 -2.999216813444e-02 
-1.459948405598e-01  3.877387168830e-01  2.006080863413e-02 
-3.662262543692e-02  2.834544430690e-01 -1.093145947757e-01 
-2.875192728344e-02 -4.186215194556e-02  1.566094638618e-02 
 2.610611085120e-02  4.930441415870e-02 -7.814521816790e-03 
 7.606161690887e-03 -1.019996958878e+00  9.459781835232e-01 
 2.858587042760e-02  3.726778866601e-02  4.474949360362e-02 
-1.945680578889e-01 -7.424333179096e-02  1.127667774005e-02 
-1.334687845757e-02  3.295866042159e-02 -4.839419599004e-01 
 3.920802379172e-01 -1.628213958438e-02  2.866200823645e-02 
-4.533184036484e-03 -1.198007235913e+00  1.615787642996e+00 
-2.968098936483e-02 -3.145296791186e-02 -1.248459065131e-02 
 8.076604542138e-02  2.526970128520e-01 -4.413324862664e-01 
-8.741069404256e-01  6.219415596267e-01  4.094890174394e-01 
 1.107304589463e+00 -6.481811520617e-01 -9.065619734202e-01 
 1.063540747094e-01  3.829438584735e-02  9.719048486471e-03 
 4.846452567401e-02  9.188008753180e-03  1.363492723704e-02 
 1.321368846571e-01  1.469371131792e-01  1.354105229137e-01 
-1.237278681285e-01 -6.397021465811e-02  9.248256068942e-03 
 1.395079015967e-02 -2.346358869309e-01  4.597919864326e-02 
 3.027984445378e-02  5.938302695015e-02 -3.732894541618e-02 
 5.185774783064e-02  4.341412141831e-01 -5.302950388612e-01 
-5.194861546833e-02 -1.241675914440e-02 -2.315984220376e-02 
 2.220823487254e-01  4.608040213348e-02 -1.923568596550e-02 
-4.461752426499e-02  8.883817422926e-02 -1.070121376910e+00 
 1.181019362131e+00 -2.135517131237e-02  5.995226439854e-02 
-3.780832105248e-03  4.617401187473e-01 -6.827851810987e-01 
 2.953050496989e-02  1.805978532950e-02  1.957035965560e-02 
 6.101196781944e-02  1.716638631696e-01 -3.871492669155e-01 
 1.240701693632e-01 -7.526176049966e-01  1.112011978645e+00 
-3.998463651197e-02  9.148156768384e-01 -1.802403700634e+00 
 9.520524425818e-02  2.554707469279e-02 -4.264249963097e-02 
-3.348851678435e-03  2.569702583689e-03 -6.270860177773e-02 
-2.424452172991e-01  8.718846248172e-01 -3.250569397400e-02 
 1.940548645517e-01  6.359831159140e-03 -3.936604050727e-03 
-2.976534480468e-01 -3.242407678408e-01 -2.488866167634e-02 
-3.704696805699e-03  6.861860908053e-02  2.245165255594e-04 
-2.060147568838e-02  1.958298432971e-01 -2.822717541044e-01 
-1.476092147251e-02 -4.258671113006e-02  7.913852646580e-03 
-2.867263309407e-01  3.244376243339e-01  1.778712389596e-02 
 3.629571632485e-02  3.648629549857e-02  2.025208849050e-01 
 2.523249940735e-02  5.150105831405e-03 -3.988260623272e-02 
 1.089987380535e-01  6.377210753621e-01 -8.879783434624e-01 
 4.311002690347e-02  4.214283380385e-02 -1.410916970264e-02 
-6.120967327036e-02 -2.241092961502e-01  3.356121571299e-01 
-7.624918725535e-01  3.810279637568e-01  1.208949094012e-01 
 1.026887304509e+00 -6.432224064434e-01 -1.098243221256e-01 
-3.487430118888e-02 -6.239056767914e-03 -7.840812956601e-02 
-8.713081147116e-02  7.996293658452e-03 -5.763164701801e-02 
-3.194549560371e-01  5.783010300107e-01  4.258652090687e-02 
 3.568619468981e-01  1.469683033784e-01 -3.578760472201e-01 
-1.199878663310e-01 -1.897326002204e-01 -7.179534753767e-02 
-3.871669852965e-02 -1.156071782005e-02  4.682764004376e-02 
-4.207593532594e-02 -4.870954793641e-01  4.918360863941e-01 
 5.856527245196e-03  2.330148529545e-02  3.540994416415e-02 
-3.952155250275e-01  4.296266851267e-01 -7.074354634741e-03 
 9.205800911352e-02  7.921390774597e-03  1.485212000215e+00 
-1.711317720013e+00  5.065692562390e-02 -8.563598594635e-02 
 8.297245991717e-03  2.716757656984e-01 -3.767512033561e-01 
 5.186371062820e-02  2.220632604732e-02 -4.787895780051e-02 
 1.241938217822e-01  5.630737794155e-01 -9.066533757717e-01 
 1.792353923681e-01  3.683926601536e-01  4.230703713318e-01 
-1.263727475388e-01 -3.318279198198e-01 -5.059706619403e-01 
-1.007203953686e-02  1.242399475046e-01 -1.248257400019e-02 
 1.611653737498e-01 -3.930604880370e-02 -5.845103309564e-02 
-4.662513135922e-01  4.601912492567e-01 -2.128695736852e-01 
-4.192927976975e-02  3.909180980213e-02  5.031790836387e-01 
 1.025189434622e-02 -3.006124851815e-01 -5.779488417461e-02 
-5.602738219567e-02 -1.107820882090e-02 -5.861461372251e-02 
 4.487083201148e-02  9.465295801991e-01 -9.069713067703e-01 
-4.997731702679e-02 -5.777815760314e-02 -7.659001178152e-02 
 9.752677900819e-01 -4.878139634522e-01 -8.729271857183e-02 
 2.752126962008e-02  5.668109169431e-02  8.031641731927e-01 
-8.418894296021e-01  7.992656680848e-02 -5.199070560137e-02 
 3.312648165634e-02 -9.997429321733e-01  1.225948749384e+00 
-6.380355019048e-02 -3.147888468885e-02  8.986439446748e-02 
 8.186860747343e-02  3.056953112591e-01 -1.634882798742e-01 
 6.547951848782e-01  7.996720110635e-01  1.845816096391e-01 
-1.153234122426e+00 -1.542651501628e+00 -4.477030200454e-01 
 9.579688998201e-02  1.197142060369e-01  1.822903536444e-02 
-7.385649926190e-02 -3.222037080536e-02  7.855440558789e-04 
 1.488078213618e-01  1.726835201274e-01 -5.080445212672e-02 
-1.651893996710e-02 -1.473298818372e-01 -3.223679557525e-01 
 2.031816529187e-01  2.398384532382e-01  2.576292370221e-02 
-1.969220589753e-02  6.751035338216e-02  4.468366205819e-02 
-9.434085645425e-02  4.954330707740e-01 -1.457821813439e+00 
-9.079654552666e-02 -1.331160289306e-01 -4.937802508052e-02 
-1.291113491858e+00  9.708754538242e-01  1.289227846310e-01 
-2.734183267371e-02 -4.233778660729e-02  8.578698191718e-02 
-6.710652685974e-02 -1.173507720024e-01 -2.194531365644e-02 
 6.147005031802e-02 -1.016305341968e-01  9.215737932713e-01 
-8.129604867447e-02 -7.825917226787e-02 -4.693530723789e-02 
-5.937225429957e-02 -2.782482242683e-01  4.399057913272e-01 
 5.602139833323e-01  4.458307988790e-01  7.666950895327e-02 
-1.498398854433e+00 -1.222199682307e+00 -6.840051661781e-01 
 9.899885032352e-02 -9.270892062620e-02 -7.163529939655e-02 
 6.964134995492e-02  6.645079807020e-02  1.835993643367e-03 
 2.831629037335e-02  3.720908981607e-01  4.586129917096e-01 
 7.406952295302e-01  2.712935422011e-01 -3.350791529917e-02 
-8.866898927887e-01 -5.290837287139e-01 -1.300793522455e-02 
 3.355297602405e-02 -4.401961998659e-02 -3.213011747942e-02 
 8.641758957728e-02 -4.259622307920e-01 -8.462504864908e-01 
-1.237272997481e-01 -5.136937573605e-02  1.625018674626e-02 
 7.767428499537e-01 -6.885947269689e-01 -1.587980133629e-01 
 5.912876650609e-02  1.787881861521e-02 -2.986728799258e-01 
 1.981981723906e-01  1.126863733836e-01 -4.522243288583e-02 
-2.396442512995e-02  4.874910810828e-01  2.995258628033e-01 
-1.969869387078e-02 -6.189358955828e-02 -7.385351573859e-02 
-6.352561070571e-01 -2.880769468810e+00  4.244797284851e+00 
 7.656754915106e-02  7.407140974083e-02  2.967755853768e-01 
-3.035817720647e-01 -4.580208138869e-01 -5.171959763280e-01 
 1.857890855878e-02  4.562829096431e-03 -1.751904400145e-01 
 9.614864063502e-02 -3.854585237702e-02  1.750029444393e-02 
 3.171339637049e-02 -4.330838845256e-01  3.668728449992e-03 
-5.355779112528e-01  4.221899709167e-01 -5.334962381718e-02 
 8.893084904979e-01 -4.657905394193e-01  1.095718991351e-03 
 2.603233615314e-02 -3.978348840675e-02  6.804156835343e-03 
-1.470255943180e-05  6.302221964738e-02 -1.311926964195e+00 
-9.974334003254e-02 -1.456311835841e-01 -7.443686367665e-02 
 4.685772948417e-02 -4.878215922580e-02  2.642600313489e-02 
 1.445102451968e-03 -4.332477542178e-02  1.084327563831e-01 
 2.642201070227e-01 -3.810126900748e-02  1.177981548212e-01 
-1.534017644483e-01  1.680936800458e-02 -4.890447211205e-01 
 4.456616717561e-02  6.408391823118e-02  2.872493272432e-02 
-6.313970221386e-02 -2.684621409200e-01  5.904990712766e-01 
 2.792501966400e-02  2.200233693096e-01  1.065371447668e-01 
-6.926797848757e-01 -7.781397404655e-01 -4.223520175694e-01 
 1.024104938657e-02 -8.343585850288e-02  3.931428842530e-02 
 2.086508716557e-02  2.526495392845e-01 -4.416720199330e-02 
-1.884061216329e-01 -8.553766061599e-02 -9.706716786466e-01 
 1.427655664119e-02 -2.283297151973e-01  1.948342094234e+00 
-1.457918097866e-01  2.451454957166e-01 -1.750800007122e-02 
 4.124784644974e-02  3.210135412536e-02  8.521551918271e-02 
-5.446899133076e-02 -5.283637340896e-01 -2.398501402303e-01 
-9.305600090846e-02  9.164821456302e-02 -5.127237330737e-02 
 3.650550907052e-01  6.875782762729e-01  2.301368003710e-01 
 9.547021544359e-03 -1.662004740509e-01 -7.544914114764e-02 
-5.436843979515e-01  1.396404230575e-01 -8.660209352573e-02 
 2.877473541435e-02  5.167256579352e-01 -2.229709066608e-01 
 7.570134904698e-02 -1.186535833378e-01  7.630638630323e-02 
 2.084362124617e-01  8.700752217841e-01 -2.156501188976e+00 
-9.993088451686e-02 -8.442170152336e-02 -1.098801009316e-01 
 3.824748896736e-01  2.139700219926e-01 -6.480800325350e-01 
 1.276976813994e-02  5.846615157720e-02 -1.678150281630e-01 
 9.987192496615e-02  1.861352931142e-02  1.207588829652e-01 
 7.389874742219e-01 -8.470777322278e-01 -1.839915301434e-01 
 3.365986958622e-01  1.070560087606e+00  5.633195499224e-01 
-4.907950376251e-01 -2.163759553576e+00  4.983333055430e-02 
-3.804181159903e-02  2.408766371330e-02  3.094090288137e-02 
-9.883540718102e-02  2.475544476739e-01  1.770913770011e-02 
 2.253593197706e-02  5.798910674828e-02  1.882855854567e-03 
-1.920793382720e-01  1.219753543476e+00  3.040294819277e-01 
-5.027976919311e-02 -2.053431312685e-02 -1.691031487961e-01 
 3.980787223144e-01 -1.149743064571e-01  7.756761459957e-03 
 9.167790988494e-03 -1.019893906781e-01  7.480740708049e-02 
-1.483674244707e-02 -2.829081225083e-02  1.251694598282e-01 
-4.131732586857e-01 -1.827818228971e+00  2.844336493534e+00 
-2.555631180913e-01 -1.225555509561e-01 -1.464283109997e-01 
 8.197865727847e-01  9.341396369217e-01  8.908295351526e-01 
-3.979373626370e-02  1.916185122419e-02  3.512109600949e-02 
 1.407373033690e-01 -1.211645833081e-01  8.868565659737e-03 
 8.458525846820e-02 -3.505665918814e-01 -1.760369686730e-01 
 8.653190978312e-01 -4.102934483402e-01  9.672971362085e-02 
-1.484682743207e+00  1.153787644620e+00  2.108259396040e-02 
-5.546190439992e-02 -2.195763010586e-02 -3.707946209611e-02 
-7.220064151993e-02  5.326675565491e-01 -1.681606873079e-01 
-5.261006165308e-02 -5.936975521470e-02 -4.489417190796e-03 
-4.319438973737e-01  3.898197488762e-01  1.053552938708e-01 
-4.530569915447e-02  6.177369723349e-02 -4.049068470248e-01 
-5.098090793031e-01 -1.827214956326e-02 -2.206733003028e-01 
 5.415061204817e-03 -8.046416049620e-01 -1.552935290039e-02 
 4.061947032472e-02  8.255787625399e-02 -1.120665898543e-02 
-8.889752514915e-02 -3.900703378505e-01  6.145135047095e-01 
-4.078441414313e-03 -1.736339918014e-01 -3.649614290532e-02 
 3.685613467274e-01  5.111313207029e-01  3.999646496895e-01 
-1.232045932292e-01  2.210857680686e-01 -2.456617631691e-02 
 8.957331138125e-02  5.481397547394e-01  1.310880799313e-02 
 5.208790887247e-02 -8.388679541728e-03  3.988031610906e-01 
-3.638186853551e-04 -5.448801209605e-02 -9.341240370591e-01 
 1.512040967344e-02  2.952754145315e-01  7.437506632115e-03 
-7.307783178024e-02  6.672499180656e-03 -1.613891058899e-02 
 4.801802262157e-02  2.622924728068e-01  8.237810316490e-02 
-1.695444784597e-01  1.671290015503e-01 -6.825174298086e-02 
-3.267328625931e-01 -3.226937245495e-01 -9.296808615631e-02 
-4.267981823958e-02  6.276282363327e-03  4.785237716783e-02 
 1.282846317309e-01 -7.930681838200e-02  4.265902316538e-02 
 1.049223722351e-01 -3.433686501006e-01  4.905464769310e-02 
 2.726127231749e-01 -2.726254600665e-01  7.428034251919e-02 
-1.116675130604e-01 -4.849178479245e-01  6.783537342577e-01 
-3.433516091331e-02  6.136670927114e-02 -5.759688833428e-02 
-2.507503925099e-01 -2.534858625831e-01 -1.727020010651e-01 
-7.357254219150e-02  4.033896635678e-01 -2.170760357700e-01 
-2.815180883402e-01 -7.008017079635e-02 -8.557709806056e-02 
-3.757048220033e-01  5.394701501452e-01 -7.638142593768e-02 
 2.087631471817e-01  3.485001896248e-02  5.703307252740e-01 
-4.636226282153e-01 -7.011987456541e-02  9.228411699942e-02 
-1.646834222810e-01  3.338799882366e-02  1.416683285754e-01 
 1.166216073239e-01 -3.622870227130e-01 -8.264607420524e-02 
 1.434939546416e-01 -1.484568303050e-01  1.927689159825e-02 
 4.028840315184e-01 -1.094487817832e-01 -9.288981684869e-02 
-2.709158789377e-01 -2.100713144499e-01 -3.120867946859e-01 
-8.681677230499e-02  1.130503337719e-01  9.955324650967e-02 
 3.801299807454e-01  1.364218747295e-01 -8.867486460185e-02 
-1.094979473149e-02  2.248102397425e-02  1.138698052346e-01 
-2.254351784066e-03  3.244195018547e-02  2.378266061106e-01 
 2.130142931613e-01  1.760504585345e-01  1.074956673023e-02 
-1.063644538454e+00 -1.093626516118e+00 -4.171473173572e-01 
-1.087064336029e-01  2.430635627187e-01  1.209299468008e-01 
 3.611689022493e-01 -1.382737337963e-01 -1.312615076199e-01 
-6.039534477505e-01  1.062199144363e+00  5.903023166927e-02 
-1.986327874305e-03 -3.408140884767e-03 -8.614908972746e-02 
 1.864300989911e-01 -3.239576296213e-04  3.435026211817e-02 
-2.888177376967e-02 -8.707012943741e-03 -1.078697771390e-01 
-5.108640068884e-02 -1.063958873077e+00 -7.134574278679e-02 
 1.351842190673e-01  5.995472530847e-02 -2.773661511257e-01 
-9.484412700968e-02 -2.315993379414e-01 -6.090300315112e-02 
-6.539498305845e-02  1.074021029073e-01  5.723749127526e-02 
-7.391609340157e-02 -2.055898482096e-01 -1.803441537385e-01 
-4.156553242088e-02  9.490989094624e-01 -1.856749245521e-01 
 4.009363881209e-03  1.317352603712e-01  3.816336845045e-01 
 2.067741802420e-02  3.594623421839e-03 -6.634085104084e-01 
-1.154283699188e-01 -1.191734142203e-01 -1.201619412649e-01 
 2.820684801135e-01  5.175713844141e-02 -5.443437198726e-01 
 3.467229203825e-01 -1.744799892809e-01 -1.039550216883e-01 
-8.849955937747e-02  7.346880992568e-02 -5.086404764993e-01 
-2.221924306057e+00  3.604785985461e+00 -1.059108439070e-01 
-4.343547650880e-02  2.569769090678e-01  6.581564059540e-02 
 9.782145472564e-02 -6.023667582221e-01  1.657264549341e-01 
 3.452405187585e-02 -1.499455732158e-01 -1.611756038501e-02 
-6.982657586290e-02 -6.980888142376e-02  9.860193566471e-02 
-8.641417132292e-02  4.885783537997e-02  1.125692439475e-01 
-3.199311237202e-01 -2.125993968718e-01 -1.857410894555e-01 
-2.614881497611e-01  3.222211451237e-03 -2.252474138532e-01 
-3.293424601189e-02 -2.014565253817e-01 -2.964334239538e-01 
-1.251210734391e-02 -2.683152855225e-01  8.461384754606e-02 
-1.297069086617e-01 -1.031203004354e-01  9.213247227119e-02 
-8.835712888022e-02 -3.787007249149e-01  6.083586725245e-01 
 6.924325089086e-02  3.985127196131e-02 -3.204763122290e-02 
-5.436708332876e-01 -5.791485914340e-01 -4.939650540287e-01 
 1.990945413855e-01  1.410878420532e-01 -1.198056656396e-01 
-1.000000885189e-03 -2.420240750676e-03  2.655114097361e-01 
 1.180521908641e+00 -1.601599869879e+00 -7.645610329133e-03 
-2.110599813746e-01 -3.566650176369e-01  4.211204371614e-01 
 4.236471151342e-01 -9.069579708423e-02  2.156307407601e-02 
-1.531383472266e-01  9.827050917456e-04 -1.646215046931e-01 
-2.149775727795e-02 -8.772142947905e-01  8.207436126429e-02 
-1.744311183793e-01 -6.055817818061e-02  5.469434900377e-01 
 6.831266694993e-01 -1.169840569022e-01  1.458881462944e-01 
 5.411913439805e-02  3.649616402890e-01  4.008089975767e-01 
-9.271873410140e-02 -2.078283382548e-01 -4.226326403470e-02 
 1.761402399444e-01  3.111525136530e-02  2.162305516863e-01 
-1.068214809136e-01 -5.698124316354e-02  2.948789709925e-01 
-3.625896221976e-03 -9.941000166366e-03  4.013639808596e-02 
 1.521518984446e-01 -5.772920022528e-02 -1.764147074563e-02 
-4.355833095475e-01  8.842087499836e-02  9.061610354275e-02 
-1.143623769244e-01  3.747798496501e-01  1.168965277718e-02 
-4.614025253010e-01  1.107341418992e-01  1.868667444392e-03 
-3.706900069947e-02 -1.732400026424e-01 -1.033811908408e-01 
-3.129395103100e-02  9.485094766615e-02  4.507405300595e-01 
 2.972719899840e-02 -1.041625116027e-01  3.136835877025e-02 
 1.797761910272e-02  3.927738028048e-03 -6.484444073852e-02 
-3.321431077912e-02  6.285696695931e-02 -1.181410300924e-01 
 7.002585305832e-02 -4.781969348878e-02 -7.798950700939e-02 
 3.807551859627e-01 -1.165982279688e-01  1.491167128039e-01 
-2.008747336026e-01  4.500190430778e-01 -1.590604342567e-02 
-1.664746368095e-02  1.675463018562e-01 -2.580104976963e-01 
-4.584660382275e-01  2.078009485421e-01 -1.190289684858e-01 
 1.024261782181e-01 -5.440787589158e-02 -2.372356559405e-01 
-2.450328148192e-01 -1.054064448250e+00  1.500888204222e+00 
-2.460710134511e-02 -1.208625444035e-01 -2.059044910651e-01 
 2.955399763233e-01  2.639289196934e-01  5.670452912587e-01 
 3.925746461703e-01  2.209245762286e-01  4.680387251046e-01 
-2.577483988545e-01  1.160785804220e-01 -8.033385072329e-02 
-4.279086902273e-01  2.409909422737e-01  8.292440231242e-02 
 1.183738355908e-01  3.011586808902e-01 -5.309392117364e-01 
-3.914104659932e-01  1.600637279656e-01 -9.357974822117e-02 
 4.217114027577e-02  1.343813542065e-01  4.984474203000e-02 
 7.252789780844e-02 -1.472511961245e-01  1.652045333700e-01 
-1.053094285717e-01  1.526211538258e-01 -5.834273896403e-02 
-4.228932738719e-01 -5.467592230895e-04  3.868959744221e-02 
 2.439165994704e-01  5.868517422713e-02 -1.468546971015e-01 
-2.824553932623e-02  2.962846384137e-01  1.610222489294e-01 
-1.066549057412e-02 -4.976211429783e-01  2.150580549662e-01 
-2.609613091337e-01  2.103949406466e-01  3.431275864428e-01 
-4.715980846829e-02 -2.180342191339e-01  2.053085891622e-01 
-6.374121168686e-02  2.372501200047e-02 -1.165963600706e-01 
-1.217193410489e-01  4.085151179706e-01  8.094613337913e-02 
 1.559798316776e-01 -1.240584100852e-01  2.304868261935e-01 
-3.424447526591e-02 -1.057992031764e-01 -7.180922107311e-02 
-3.370354006683e-01  3.823248751677e-01  2.845921973718e-03 
 3.666701393478e-02  1.506396328614e-01 -6.059641849474e-03 
-2.700603132613e-01 -5.614463167282e-02 -4.763821447237e-02 
 6.338323329359e-02  2.681645984386e-02 -3.185329404380e-03 
 6.838280807962e-03  1.011826279260e-01  7.262047859406e-03 
 4.143093995939e-01 -4.355492979591e-01  9.723470081612e-02 
-3.169724442976e-02 -8.116249037417e-02  5.118287079249e-03 
 2.105829389603e-01  1.894915437216e-02 -2.189242186421e-01 
 1.319649800875e-01  1.812659962681e-02 -1.457677146489e-02 
 4.985091153956e-04 -1.109905404877e-01  2.163202411120e-02 
 4.751027897745e-01 -5.620801307537e-01  2.767305734659e-01 
-1.245297946978e-01 -4.713894595146e-01  8.289500782529e-01 
 1.349545396124e-01  8.944030731259e-02 -2.379917825732e-01 
-4.385464575147e-02 -2.982089114514e-01  4.098595548417e-01 
 8.061534961440e-02 -2.768860383762e-01  5.022457176709e-01 
 1.541693826844e-01 -1.097649455783e-01  3.273126047785e-02 
 4.616796553443e-02 -4.536177314788e-01 -7.049824105436e-04 
-1.404673133802e-01  3.928468777442e-01 -2.629728472594e-01 
 7.123186077877e-01 -5.974420394557e-01  5.665346255379e-02 
-1.581649994893e-01  6.887152403500e-02 -1.197903484216e-01 
-4.208750635277e-02  2.020205573874e-02 -1.839852365551e-01 
-1.577014365058e-01 -1.683581464288e-02  4.096038979987e-02 
-4.448926751039e-02  2.524119554281e-02  6.071445643451e-02 
-4.961334075883e-01  2.497757488958e-01  7.267540748096e-01 
-3.607189636191e-01  2.044294562917e-01  1.559615418404e-01 
 3.738706548937e-01  1.777215531796e-01 -2.991815285337e-01 
 2.721445605634e-01  9.214399597467e-02 -2.453394789548e-01 
 8.832167116052e-02  3.132739331964e-01 -6.709931457798e-01 
 1.301832844794e-02 -1.330506342740e-02  1.997674711280e-01 
 2.971542862726e-02 -9.089286803740e-02 -3.947110087644e-01 
 1.263929497920e-01 -2.880360488991e-02 -2.964070058330e-01 
 3.872557161049e-01 -9.721566099249e-02 -2.913057152469e-02 
 2.430622037464e-02  6.715805735858e-01  2.205043211367e-01 
 2.656079514612e-02 -3.300999543783e-01 -1.104235863189e+00 
 1.718727105026e-01  3.255178307971e-01 -5.162160525822e-02 
 6.642990013596e-02 -5.597924026706e-02  1.315912012219e-02 
-7.043453915776e-02 -3.293675834753e-01  3.051309057745e-01 
 1.390608977864e-01  1.119416291320e-01  6.490387081765e-02 
-1.015106610900e+00  2.172587089276e-01  4.922438051292e-02 
-4.371196459908e-01  8.644387365700e-02  2.570232713918e-01 
-3.239673369059e-02  6.651371308231e-01  2.197353560968e-01 
-2.567876817832e-01 -1.224386624592e-01  3.562694111745e-01 
-1.111888915853e-01 -2.317655602669e-01  1.938844177305e-01 
 2.173794331049e-01  1.010299690031e+00 -1.021015266923e+00 
 8.379482103134e-02  2.920296065817e-04 -3.426030716753e-02 
 4.406830820549e-01  3.419240147518e-01 -4.180161459774e-01 
-2.552090854677e-01 -2.437735857653e-01 -6.777667971051e-02 
-2.292557514801e-01  5.664584987218e-02  1.793016302105e-02 
 1.529422595588e-01  2.756507149138e-01  1.338294800825e-01 
-4.121455033075e-04  2.315398886041e-04 -2.558811007621e-01 
 7.295604475386e-03 -1.183937386551e-01  2.219593547615e-02 
 1.672670096085e-01 -1.337154777410e-02  1.269438659785e-01 
-4.873959455461e-02  7.323028656337e-01 -3.794922514778e-01 
-3.658852694957e-01 -2.456933214633e-01  1.790548290501e-01 
-1.495560857270e-01  1.081625857844e-01 -5.928854627305e-02 
-1.673002635839e-01 -2.557512066164e-02  3.209215455705e-02 
 6.825483262812e-02  1.514831818835e-01 -1.225569192673e-01 
-1.190223300391e-01  3.699569463404e-02 -3.990776428692e-01 
 2.805959228727e-01  3.958209721730e-01  6.127850335735e-01 
-1.717253826631e-01 -7.048660290556e-01  1.565498072656e+00 
-2.807710957449e-01 -1.334215644635e-01  2.158831362759e-01 
 1.145198417810e-03  2.098682155809e-02  7.616307293556e-01 
 5.661526828812e-02 -1.958812035974e-01  2.222915049241e-01 
-1.256482422452e-01  1.494477375068e-01  5.417500611690e-01 
 2.294306762393e+00 -3.582273329142e+00  3.738822357924e-01 
-3.148764786904e-01  7.426886507029e-03 -8.985332875839e-02 
 6.449067528435e-01  7.184541412860e-01  1.439227471727e-01 
 2.306499637294e-01  8.445150092866e-02  7.687954180684e-02 
 2.867712053033e-02 -4.881192436277e-02 -1.780729716912e-03 
 2.362744097976e-01 -4.513924767126e-02 -3.343676165259e-01 
 7.042697946379e-01 -2.243820677289e-01 -2.455460584604e-02 
-2.257482344057e-01 -1.991455394312e-01  8.421354032288e-01 
-6.684875774093e-01  1.173082648082e-02 -5.083533942395e-01 
 1.459353564812e-01 -1.952765342050e-01  2.810554734375e-01 
-3.296422270590e-01 -1.661942130968e-01  7.339029222954e-02 
-1.084211807948e-01 -3.014472730764e-01  1.242191624989e+00 
 8.467110075760e-02  1.374682741474e-01  2.612347900442e-01 
 2.004212859524e-01  2.765912711069e-01  3.703347731761e-01 
 1.562076271221e-01  4.228772691383e-01  4.832781001510e-01 
 2.616683000734e-01  1.255611357393e-02  1.577329431658e-01 
 5.907910403789e-01 -1.245027859361e+00  1.028602150920e-01 
-6.572179985792e-02  1.269854764679e-01 -2.611836950582e-01 
 1.946913195488e-01  9.957807645667e-01 -2.853747390634e-02 
-4.176321005089e-02  6.674618694178e-02 -6.559955931114e-02 
 1.039970947590e-01 -2.889977371331e-01  4.354503078218e-01 
-3.723543263197e-02 -3.804536722396e-02  5.858961008372e-01 
-1.362196992867e-01 -4.367834622699e-02 -1.354194470667e-01 
-1.511255775173e-01 -6.689656774649e-01  1.888912034877e-01 
-1.975544960492e-01  3.557999795722e-03 -2.569971833470e-01 
-4.207179639463e-01 -2.451955852927e-01 -1.733033166024e-01 
 2.172588835912e-01  1.631678215361e-01 -2.170811529120e-01 
-6.893450858132e-02 -2.486600036312e-01  6.899756903625e-01 
 6.792465389941e-02 -1.070734345720e-01  1.910674629509e-01 
-8.409540805761e-02  9.191772578502e-03  2.470299637872e-01 
 7.454774648179e-02  5.388413116849e-02  5.853148179548e-02 
-3.479013069841e-01 -8.231303881646e-01  2.208839099900e-01 
 8.552240328171e-01 -1.549438875304e+00 -5.788446254210e-02 
 5.014928413977e-02 -4.434530249040e-02  2.516563771467e-01 
 9.693299959524e-02  4.131994731677e-01  3.369026208583e-02 
-5.674402840490e-02  5.444505822313e-02  1.330428807826e-01 
-6.219486880512e-02 -9.693826283938e-02  5.424170483385e-02 
-5.119121860153e-01  6.376825833234e-01 -2.055072341104e-01 
 5.445793456291e-01 -2.349626665665e-01 -1.303921762077e-01 
-3.696527115859e-02 -1.037538088475e-01  1.666322981223e-01 
-9.402482923824e-02 -1.049532959654e-01 -1.332414127588e-03 
-1.553346369448e-01 -3.152980512142e-02  2.643103969510e-02 
 2.732250447636e-01 -4.059458116355e-01  1.102402214409e-01 
-2.502745009737e-02 -1.198398981023e-02  8.475830418775e-01 
-2.137456977678e-01 -1.605366806641e-01  3.269104295410e-01 
-2.817614921631e-01 -1.137659071732e-01  3.183294223146e-01 
 4.666368164847e-02 -2.068377160811e-01  4.109384011583e-01 
-1.524954427226e-01  2.529978111642e-01  3.295064905464e-01 
 1.109363014590e+00 -2.750529642772e+00 -2.572105557697e-01 
 5.425316927399e-01 -2.332751427429e-01  2.192970962791e-01 
 4.373857761517e-01  7.044132525320e-01 -1.547537503145e-01 
-2.250277161377e-01 -2.734772917742e-02  3.727747926301e-02 
-1.168635553334e-01 -1.049639887729e-01 -1.932485915054e-01 
 1.171909402568e-01 -2.409676673487e-01 -1.594247308742e-01 
 7.499179210393e-01 -4.521173615280e-01 -1.602855750466e-01 
-5.053448016854e-01 -8.643239312180e-02  7.680976761055e-01 
 2.366101284129e-02 -4.738190351712e-01  5.511971863573e-01 
-4.961436401463e-01  1.340815561686e-01  1.001705661467e-01 
-2.614556049028e-01 -8.107607917297e-02  1.236393681433e-01 
 2.851808791195e-01  1.051695410417e+00 -1.523597837889e+00 
-6.903703422467e-01 -7.885054947460e-01 -5.140228657829e-01 
-2.124971412103e-01 -3.072313404098e-01 -4.516150979743e-01 
-3.616577408495e-01  2.306812471360e-01  8.341806888748e-02 
 3.382169062537e-01 -2.267989397497e-01 -2.340207187730e-01 
-8.853644419211e-01  1.812878564208e+00  1.139914681145e-01 
-1.127542062426e-01  1.371864555442e-01 -1.020202553274e-01 
-6.200011353362e-02 -4.246608833319e-01 -1.146099988114e-01 
-1.960077271097e-01  2.794048309668e-01 -1.002099407203e-01 
 1.431840511846e-01 -7.490285482403e-01 -2.302826178380e-01 
-7.013685236305e-01 -5.947300206191e-01 -5.640176800877e-02 
-4.204271600802e-01  2.385749194772e-01  5.784920639091e-02 
 3.519265108739e-02 -1.190948834781e-01 -3.368477494685e-01 
 1.400361998930e-01  1.358335161761e-01 -1.933121977635e-01 
-7.763203921227e-02  9.203328419058e-01  1.173961263583e-01 
-6.043742701207e-01 -5.555535543827e-01 -1.582148388463e-02 
 1.362592932875e-02  2.069526360638e-01  4.086244009258e-01 
-3.951771830842e-02  2.421544670622e-03  2.182876416105e-01 
 5.791581744802e-02 -5.764015545175e-02  8.885278652586e-02 
 2.738518195703e-01 -2.071551838048e-01 -4.229595376262e-02 
-2.421308370402e-01 -5.378994869301e-02 -1.917072144789e-01 
-8.046660374820e-01  7.593212673077e-02  8.040114531987e-01 
-4.511487151464e-02 -3.289711665740e-01 -6.119084888935e-01 
 2.394688860443e-01  5.588509048631e-01 -1.209940291738e-01 
-2.500006702935e-01 -2.807888886242e-01 -2.327099317324e-01 
 4.654793333943e-01 -1.269424528637e-01 -3.190545461867e-02 
-2.611824582244e-02  3.713476402468e-02 -3.211749621303e-01 
-3.899050344651e-02  2.010418104554e-01  8.156585949941e-01 
-1.338839014445e-01 -2.885897090246e-01  2.174748454156e-01 
-1.872705353304e-01 -9.923653915948e-02 -8.869274706762e-02 
-8.291134767583e-02 -2.547498369839e-01  6.438999990960e-02 
 1.863347874912e-01  1.206961494665e-01  1.365773739411e-01 
-3.089509631142e-02  1.383005383955e-02  8.610599822791e-01 
-3.443235249997e-01 -2.206190691887e-01  9.736562116580e-02 
 5.464232033560e-03  1.391028770253e-01  3.910908299218e-01 
-4.795107744375e-02  4.782447434309e-01  3.333721059967e-01 
-1.296338084463e-01 -1.010813089544e-01  1.006645585328e-01 
 2.985909038681e-01 -1.225845055011e+00  1.124238032080e-01 
 1.641128679653e-01 -1.568854832704e-02 -6.323618111811e-02 
-1.644029860907e-01  5.663231691456e-01  5.769317525723e-02 
 5.032818906795e-01 -5.609517324687e-01 -5.057406672517e-01 
-4.007616476211e-01 -4.183120621198e-01  6.515982970903e-02 
-3.047904394004e-01 -1.946618306338e-01 -4.321988665688e-02 
 2.420990383410e-01 -1.099515266507e-01  7.162882796192e-02 
-4.026452653628e-02 -3.644625488434e-01  1.926204580523e-01 
-1.195929708264e-01  5.045986577180e-02  3.593738486261e-01 
 2.796551215507e-01  8.214683772183e-02 -6.702452573926e-03 
-9.975269711361e-02 -1.504440957670e-01 -6.405664464378e-02 
-5.398469307556e-03  2.611486318793e-01  1.154203572973e+00 
-2.628076890464e-01 -2.880005214399e-01  4.090689109494e-02 
 4.063628152055e-02  1.889959389579e-01  3.879971652892e-01 
 4.991780286108e-01  7.914077325029e-02 -7.574980530562e-03 
 8.529155998635e-02  9.205914991467e-02  1.863033540576e-01 
 7.923562778163e-01 -9.657919984245e-01 -6.434423945015e-02 
-1.927870551204e-01 -5.163621647560e-02 -1.287068096548e-01 
-2.427528779130e-01  8.738024880316e-01  6.855106138943e-01 
-6.264970935664e-01 -2.085885495101e-01 -7.940740464249e-02 
-2.668918054063e-01 -9.220906043387e-01  2.803724126290e-01 
-1.875904819404e-01 -3.936926630682e-01 -3.952025455923e-01 
-1.554349275097e-01 -8.326825355281e-02 -1.942065939861e-01 
 6.776019951698e-01 -1.616041057853e-01 -3.072137274183e-01 
-3.438687367793e-02  4.622398188663e-01 -5.956678517573e-02 
-2.023076578727e-01 -4.756832568049e-01  1.596039279494e-01 
 2.032886839025e-01  1.966843008712e-01 -5.410051091459e-03 
-1.691862579971e-02  4.090046719521e-02  3.759524638578e-01 
-1.259066890124e-01 -1.539969148468e-01  1.823353698651e-01 
 1.176742140934e-01  1.223928460490e-01  2.479736013021e-01 
-9.848724996153e-02  2.641095655101e-01  5.599347166540e-01 
 3.269616111902e-01 -8.464449738986e-02  7.292119591974e-02 
 1.591908045433e-01 -1.036992075734e+00  9.657403436433e-02 
 9.479075745485e-02 -1.087515921507e-01 -4.766830797055e-01 
 1.699416636500e-01  1.318935650434e-01  4.027724209492e-01 
 1.623552910856e-01 -5.497791482412e-01  8.034356475064e-01 
 3.532661077954e-01 -1.717362337501e-01  1.077262737126e-01 
-1.803731929049e-01 -1.503272286840e-01  1.876240737137e-01 
 6.012687812238e-02 -8.085387464467e-02  3.602805372004e-01 
 1.336035309673e-01  6.030969732335e-01  6.336010874125e-01 
-1.803986650308e-01 -1.948824647784e-01  2.111574157767e-01 
-8.885161842303e-02  1.563113988580e-01 -6.727544701372e-02 
-1.407603430318e-01 -1.457669478332e-01 -1.276260832220e-01 
-3.288749590905e-02 -5.322079789531e-01 -1.271404921028e+00 
 4.194028457967e-01  6.182250679381e-01  6.569005431572e-01 
-1.169504934333e-01 -1.086736930961e-01 -1.386008763487e-01 
-1.240981668723e+00 -4.583077120034e-01  6.827909698308e-01 
-4.619305018202e-01  3.455325690837e-02 -1.210498660309e-01 
-4.930872649535e-01  6.052241121919e-01  3.441923141681e-01 
-1.160286439311e-01  1.308502047975e-01 -5.121820849208e-02 
-2.836082528028e-01  1.034523104478e-01  1.210676704071e-01 
-4.097582169284e-01 -2.452192425077e-01 -2.996487023065e-02 
-2.551495339260e-01  2.420918443774e+00 -7.297642837185e-01 
 6.217049529402e-01  7.940775144444e-01  6.870147454357e-01 
 3.082466642568e-01 -1.057143159848e-01  2.124672054750e-01 
 2.299170474731e-01 -1.785826627506e-01 -5.848744425650e-01 
 1.495944073693e-01  2.914557440321e-01 -2.117488379481e-01 
 1.571817780058e-02  1.066743878092e+00 -2.798105535530e-01 
-6.211111757270e-01 -4.469103713680e-01  1.919015893298e-01 
-5.667081557947e-02 -7.063807216502e-02  7.478476388077e-01 
-1.381779031369e-01 -6.354780359920e-02  4.323615009311e-02 
-3.227091276609e-02  3.650521521665e-02  2.420143901522e-01 
 2.056673902312e-01  1.842806850017e-01  1.517062380278e-01 
 9.193531988926e-03 -1.197918358777e-03  1.037093210074e-01 
 6.278603534750e-01  4.691898346367e-01 -1.679555929521e-01 
-4.131538062038e-01  2.942645819997e-01  3.529033300491e-01 
-3.644185360402e-01  4.366102333178e-01 -9.425073915251e-01 
-3.932831732583e-01 -6.871994268908e-01  3.236279252182e-01 
-1.891257842396e-01 -4.635906926002e-01  1.518438649868e-01 
-1.111539802234e-01 -1.499846204712e-01 -1.214291724004e-01 
-6.290403349214e-01  1.951051040238e-01 -3.697203720797e-01 
-2.193982760496e-01  2.641025274554e-01 -1.847872575155e+00 
 4.878879906211e-01  3.921726768970e-01 -9.247576853377e-01 
 4.320451574396e-01 -1.726110510255e-01  6.271549378986e-02 
 6.024010765920e-02  5.614643169533e-02 -6.594426927171e-02 
 2.409169775073e-02  3.185182027102e-02 -3.343798289222e-01 
 8.931292432213e-02  6.929695912217e-02  1.520823937686e-01 
 4.749284641320e-02 -1.735406928235e-02  2.879293303003e-02 
-2.295108645052e-01 -1.326131995997e-01  1.339760648399e-01 
-1.136052254790e-01 -2.700555506926e-02  3.338157264677e-01 
 1.463925721088e+00  5.441728528373e-01 -1.519912684162e+00 
 1.423905896310e-01  4.183042246181e-01 -6.417961525068e-01 
 1.800530577688e-01  1.759383226760e-01  1.042451216626e-01 
 5.702897815196e-02 -4.489884860692e-01 -6.624837669771e-01 
 1.090527741294e+00  4.665350203434e-01 -1.055037225952e-01 
 8.892086707705e-02  1.633790146944e-01  6.256713349972e-02 
-4.185204569811e+00  1.436394646508e+00 -1.505524918611e+00 
 9.655520140439e-02  4.247899230336e-01  4.640475413317e-01 
-7.824516665937e-02 -6.202438562170e-02  1.888866766055e-01 
-1.109386184593e-01  2.181276470457e-01  7.329634437772e-03 
-1.234008613421e-01 -1.136235717257e-01  1.178916754614e-01 
orbocc
(*)
 0.000000000000e+00  0.000000000000e+00  0.000000000000e+00 
 0.000000000000e+00  0.000000000000e+00  0.000000000000e+00 
 0.000000000000e+00  0.000000000000e+00  0.000000000000e+00 
 0.000000000000e+00  0.000000000000e+00  0.000000000000e+00 
 0.000000000000e+00  0.000000000000e+00  0.000000000000e+00 
 0.000000000000e+00  0.000000000000e+00  0.000000000000e+00 
 0.000000000000e+00  0.000000000000e+00  0.000000000000e+00 
 0.000000000000e+00  0.000000000000e+00  0.000000000000e+00 
 0.000000000000e+00  0.000000000000e+00  0.000000000000e+00 
 0.000000000000e+00  0.000000000000e+00  0.000000000000e+00 
 0.000000000000e+00  0.000000000000e+00  0.000000000000e+00 
 0.000000000000e+00  0.000000000000e+00  0.000000000000e+00 
 0.000000000000e+00  0.000000000000e+00  0.000000000000e+00 
 0.000000000000e+00  0.000000000000e+00  0.000000000000e+00 
 0.000000000000e+00  0.000000000000e+00  0.000000000000e+00 
 0.000000000000e+00  0.000000000000e+00  0.000000000000e+00 