2mocoef
header
1
MO-coefficients from MOLCAS
1
48   48
a
mocoef
(*)
-3.439731382140e-05 -1.232585649557e-04  1.867596018267e-03 
-1.347925279161e-04 -3.350806014465e-05  3.575883289698e-04 
-2.100914338837e-04 -5.860730846243e-05  8.637674608175e-04 
 1.835711457355e-04 -1.549546057656e-05 -5.966603786898e-05 
-2.100440770471e-05  1.231524057439e-05  1.000867655367e+00 
 4.406921134345e-03 -4.877313703976e-03 -1.279367876242e-03 
-1.631017585538e-03 -2.962694357764e-04  6.101311126249e-04 
 1.573689491964e-03  1.348709320206e-03  4.037532346055e-05 
-6.920339701728e-05 -3.190721280673e-04 -1.989259603572e-04 
 2.871169092588e-04 -4.987303536854e-04  1.763387219542e-04 
-8.941144156769e-06 -3.512581871298e-05 -1.519381411871e-04 
-9.163567330263e-04  9.167637181680e-04 -8.326095193394e-04 
-7.682674384980e-05  1.568925044090e-04  3.987155777315e-04 
 1.229045964070e-04  1.747889549785e-04 -3.714361675075e-04 
 8.146774997427e-05 -3.803027064476e-04  2.834229502029e-04 
 5.502948635866e-05  4.554851756262e-05  2.126412387578e-05 
 1.000738779785e+00  4.455529884199e-03 -4.286057877842e-03 
-2.599608337891e-04 -3.102209359915e-04  1.229587796878e-03 
 3.038440071522e-04  2.306589870876e-04 -1.023457626987e-03 
 5.149586284878e-04  2.103245490007e-04 -2.608540904673e-04 
 2.697961377885e-04  1.587703132647e-05  1.120263290899e-04 
 6.827456112643e-04 -4.897965133387e-04  1.381079325851e-04 
 2.053624125309e-06 -8.303935674303e-05 -2.122083395657e-04 
 2.352914065145e-04  2.428152173185e-04  3.331643950275e-05 
-4.030755273457e-05 -3.254248561785e-04  9.692164076573e-05 
-1.033752776907e-06 -7.043220171890e-04  1.494852590744e-03 
-2.117144296892e-04 -2.825555004345e-04 -2.092430673992e-04 
-6.836917484867e-05  1.891136706464e-04  3.522323377796e-05 
-2.869386560125e-05 -1.292569116920e-04  2.252138750720e-04 
 2.826240951783e-04  7.225319725156e-06  3.955183645391e-05 
-2.392588095393e-04 -1.962144905155e-04  8.006041740656e-04 
 3.679513251991e-04  2.543828559530e-04 -7.382725479791e-05 
-6.560459382082e-03  2.439506325123e-01 -6.491775834365e-02 
-8.942227782667e-03  6.246120004024e-03  1.041972696779e-01 
-8.849252603486e-04 -7.245637830730e-03 -3.803977278807e-02 
-1.207339490225e-03  2.454853597426e-04  1.973503670493e-02 
-7.695917458619e-03  1.023825648084e-03 -6.361434058823e-03 
 8.338645982909e-01 -1.375623007514e-01 -8.765724026745e-02 
-8.170138330538e-02 -7.018315634074e-03  4.568944673653e-02 
 2.023116576109e-02 -1.831164432454e-02  5.572107072562e-04 
 1.543325976339e-03  4.920403492696e-03 -2.916432389852e-03 
 2.215800498828e-03  6.106764533024e-02 -3.575704385672e-02 
 4.337249933218e-03  4.993078357212e-03  4.554569133756e-03 
 3.731739725527e-01 -1.836390862703e-01  3.736956665372e-02 
-2.892957009219e-03 -1.116573033305e-02  2.348439737151e-01 
-1.154304944004e-01 -1.889454285750e-02  2.210986698982e-02 
-9.892822390240e-03  5.853165520102e-02 -2.659714926944e-02 
-5.451665343073e-03 -4.666783654745e-03  2.377552645800e-04 
 5.618493221642e-03 -7.944146694062e-01  9.693417277484e-02 
 2.830476784716e-03  5.657427291164e-02  8.397984005045e-02 
-2.849657469485e-02 -2.732490877273e-02 -2.218644336539e-02 
-1.255063254192e-02 -4.266374568479e-03  4.476606816497e-03 
-5.832495481890e-03 -8.423647178377e-04  2.228607113564e-03 
 2.234338884390e-01 -2.431860757247e-02 -1.291905587388e-01 
-2.855045832633e-02  1.858095179597e-01  3.536322351880e-02 
 1.177326493304e-02 -4.068528287546e-02  1.554081935403e-03 
-5.825322772448e-03 -1.382967302619e-02 -1.865100016338e-05 
 2.935649430892e-03 -4.027826167896e-01  1.746572081806e-01 
-1.688293022412e-02 -1.778614610679e-02 -1.151740887422e-02 
 2.426429989808e-01 -1.135714563074e-01  1.923583172235e-02 
-1.986507704421e-03 -4.485359509969e-03  9.721070955476e-02 
-4.010003687864e-02 -9.127570546298e-03  7.689580720912e-03 
-2.400204741285e-03 -2.575808159508e-01  1.104473843839e-01 
 1.458637937826e-02  1.269004865209e-02  3.836448556370e-04 
 9.842410077372e-04 -1.060881394650e-02  2.222172080604e-02 
 4.324301220338e-01  3.913004972626e-01  1.891982744403e-01 
-4.054887418777e-02 -4.835953346131e-02 -4.682786684721e-02 
-4.420836944890e-04 -2.966254688393e-04  8.644268447201e-03 
 2.869794701405e-03  2.669296070177e-03  2.034877885923e-03 
 6.644919972039e-02  9.519123694396e-03  2.656822784109e-01 
 4.475772068492e-02 -1.253968052404e-01 -3.896324245669e-02 
-8.705079460270e-03  1.691552135812e-02 -5.928850149941e-03 
-4.616780539660e-03  6.834667792152e-03 -7.134619137609e-03 
-2.855611932780e-03 -5.138009853116e-01  2.137440986379e-01 
-1.552872418889e-02 -1.768944668637e-02 -1.178733298094e-02 
-2.236747654919e-01  1.022317072348e-01 -1.451967759469e-02 
 1.028152437158e-03  4.806859205408e-03  5.822546407923e-02 
-2.580694249434e-02  3.404927767766e-03  3.739953126608e-03 
-4.201030332552e-03  4.078620398353e-01 -1.491222494467e-01 
-1.637067851606e-02 -1.343064158036e-02  3.549266836059e-03 
-1.534002717089e-03 -1.953818540404e-02  1.293496057266e-02 
 5.808083753540e-02 -9.049906626737e-02 -2.000771967446e-02 
 9.117992814952e-04  2.377134596550e-02  9.611133507867e-03 
 1.866515176165e-03 -2.077529183795e-02 -6.198653291307e-04 
 4.829095191416e-03  2.048672249633e-05 -4.777715020663e-03 
-1.853627005258e-01 -2.570244302939e-02  1.533693533233e-01 
-7.425198771496e-01  7.934956602761e-02 -6.134947027665e-02 
 1.091607371247e-02 -1.688544921459e-02 -2.103832457412e-03 
-1.179844386527e-03 -1.064675946620e-02  2.985059998672e-03 
-2.013447380979e-02 -5.950366060096e-04 -1.442177674733e-03 
 2.311547075903e-03  1.918655924612e-04 -4.141735488498e-05 
-1.803803832872e-01  8.038164910557e-02 -9.064610589752e-03 
-2.179975509920e-02  6.934843939745e-03  5.614056671139e-01 
-2.039726249657e-01 -2.237189951310e-02  2.163937036705e-02 
-2.083913410320e-02  1.515305806735e-02  6.518574469855e-04 
 8.482776221921e-04 -1.226111258128e-03 -2.077483747872e-03 
 8.926514576766e-04  1.217495451509e-01  4.834964158231e-02 
 2.501174342235e-01  1.684088228977e-01 -1.603775798934e-01 
-9.483662482020e-03 -5.863237637511e-03  4.317889536385e-02 
 7.548705249351e-03 -8.695853599474e-03 -2.398294643019e-02 
-9.254629588908e-03  5.762571563915e-03 -4.535122723370e-03 
-2.621312307826e-01 -1.071586783433e-01 -6.356496220694e-01 
-2.228508976270e-01  1.629225898485e-01  6.079443520510e-02 
-3.015218755072e-02 -2.032926870853e-02  1.560220285021e-02 
-3.908887798968e-03 -1.241409885935e-02 -8.668112391539e-03 
 1.060473168439e-02 -1.287742684303e-01  5.241214246821e-02 
-4.835250366413e-04 -2.766716098588e-03 -7.174649665166e-03 
 5.282474531794e-01 -2.095901953271e-01  2.550179224650e-02 
-7.977522194282e-03 -1.074932028241e-02 -1.270174104162e-01 
 6.320652554628e-02 -1.063375218809e-02 -1.495535717023e-02 
 7.934705140067e-03  3.644546876182e-01 -1.088337308629e-01 
-1.283689838116e-02 -1.206129388575e-02 -1.176613257000e-03 
-4.211335983939e-03 -6.689368362419e-02  9.670326393923e-03 
 6.280036769147e-01 -7.600376506803e-01  1.886827167207e-01 
-2.271498648986e-03  7.377387494280e-03  3.864793306330e-03 
 5.411188950026e-03 -4.920917294221e-03  4.759997789112e-03 
 7.191742330452e-03 -3.132283946108e-03  1.243685084216e-03 
 3.701056249488e-02  4.553132761631e-03 -3.962475731145e-02 
 1.193094237520e-01 -1.308909756565e-02  1.235608683358e-02 
 1.578833539101e-02 -2.822290198796e-04 -2.685696004872e-04 
 1.640328607135e-02 -4.275989993929e-03 -1.512611153974e-02 
 5.591097326259e-03  3.179997262990e-02 -5.042932383278e-03 
 1.431597590603e-02 -1.548807218928e-02  4.224831805280e-03 
 9.498685522845e-02 -1.594560571811e-02  1.119765503309e-03 
 5.074695694977e-03 -4.854082195914e-04 -1.900475216664e-01 
 2.451169714594e-02  5.170842163162e-03 -5.700712301284e-03 
-1.193460917963e-03  5.358552700511e-04  6.519362220404e-03 
 1.049322825277e-02 -1.127891762373e-02  3.620896523397e-03 
 1.440002850761e-03 -2.230660949094e-03  7.464389790790e-02 
 1.016537171243e-01 -2.086820073243e-02 -4.262422104027e-01 
-9.954106286115e-04  2.769699813225e-02  9.897777322094e-02 
 1.193504421309e-02  4.880360116532e-03 -3.731876628275e-02 
 1.982002742031e-02 -1.315639306281e-03  5.279012408319e-03 
 8.378536888122e-02 -2.474707658314e-02  2.549826196030e-01 
 2.508377719751e-01  6.897293937165e-01  5.953267162343e-03 
 3.333105695484e-02 -1.291586177214e-03 -8.228573581854e-03 
-1.802664363276e-02 -1.234761762234e-02 -5.282896368711e-03 
 1.170632053878e-03  1.726815548393e-01 -4.248732839789e-02 
 4.979844491340e-03  2.900378645694e-03 -4.702553223729e-03 
 1.136022206740e-02  1.897027037308e-03  6.835710982161e-03 
 6.867765048944e-03  1.733228964610e-02  2.210789432783e-01 
-7.440446767603e-02 -3.138890468250e-03  2.079096237763e-02 
 7.023703694359e-03  1.568226546217e-01 -3.818164204748e-02 
-2.156164771123e-03 -2.733546050835e-03 -2.147033888168e-03 
 2.061670283276e-02 -2.838877309863e-01 -7.636451477630e-01 
-1.556972451059e-01 -6.294246744681e-02  2.052009090332e-01 
-1.241461362138e-01 -4.547301156691e-02  1.966290849726e-01 
 9.423382220239e-03  7.580262306496e-04 -1.216487379116e-02 
-3.142771476722e-03  2.261145928625e-03  2.107334700392e-02 
-1.692175485392e-01 -6.161676973459e-01 -7.161488613055e-03 
 1.757863781953e-01 -1.063845362444e-01  1.902284157658e-02 
 1.455737460930e-01 -1.071476551181e-01  2.050405481044e-03 
 2.144423044170e-03 -2.141645100248e-03  8.431035960255e-03 
-1.542525486893e-03  1.763653078009e-01  4.509813235190e-01 
-5.215642792695e-03 -1.963651867612e-03  1.273800088397e-02 
 4.843242810328e-02  3.767735949987e-01  3.746577019254e-03 
 6.572756259431e-04 -7.311257630242e-03  1.529751346014e-01 
 5.623383681116e-01 -4.626324976242e-04 -1.527330095752e-03 
-2.807552219400e-04  2.996037746816e-01  6.216960223011e-01 
 4.610408948705e-03  4.599131266106e-03  9.200962623123e-03 
 1.885297644342e-02 -2.925993084742e-01 -6.237152951586e-01 
-1.317163963498e-01 -8.259444568224e-02 -4.493882920867e-02 
-1.528988805330e-01 -7.663300486886e-02  5.107080874742e-02 
 2.365246983440e-02 -7.750361500714e-04  3.274063378780e-03 
-2.022653005546e-03  3.662896192035e-03 -2.493123352608e-02 
 2.244336331934e-01  7.177739263327e-01  5.175622346252e-02 
-2.597968836876e-01  1.889255666752e-02  5.371410314376e-02 
-2.031538392882e-01  7.415835349089e-02  8.012784589651e-03 
 1.517093510657e-03 -1.159899832088e-02 -4.140217913257e-04 
-1.568529290530e-03  2.176577396641e-01  2.416148765469e-01 
-3.600111063710e-03  1.469202470946e-04 -2.003935302040e-03 
-7.737877632623e-02 -3.428366213573e-01 -5.072275651670e-03 
-8.864268975197e-03 -6.008631832530e-03 -2.416110257940e-01 
-7.803326072685e-01 -4.937933350304e-04  1.598134350302e-04 
-3.269343466423e-03  3.304897181999e-01  6.457608358351e-01 
 4.082530568278e-03  4.806392241797e-03 -4.325455024289e-04 
-3.569186160335e-03 -1.034049775249e-01 -1.307253035040e-02 
-8.412150702431e-02 -7.632427012707e-02 -1.808513870679e-01 
-1.263920107649e-01 -2.169505693545e-01 -2.109821590789e-01 
-3.281413987012e-03  5.055693301383e-03  1.010854781430e-03 
-7.494239612930e-03 -6.243359839816e-03 -1.557090790834e-02 
 9.834200098465e-02  5.379739329615e-01 -3.747549249547e-01 
 1.730878392784e-01 -1.368957316491e-01 -4.626064340818e-01 
 2.243154448823e-01 -1.101889109740e-01  8.669801379951e-04 
-2.283947380640e-03 -9.706128678743e-03  6.509369297750e-03 
 1.110575097482e-02 -3.502818377369e-03 -3.861467206992e-01 
 4.765549183279e-03 -3.087662202549e-03 -8.241348687151e-03 
-1.509357197027e-01 -1.408796746167e+00 -1.581290327837e-02 
 4.023672405963e-03 -2.270491342486e-03  2.163883855624e-01 
 8.644869183179e-01  1.013341472871e-03 -2.052211317622e-03 
-6.259411199014e-03  2.281427170705e-03  3.707305763013e-01 
 2.591367273796e-04  8.349241043030e-04 -7.018161110841e-03 
-1.926654422686e-02  2.238670281006e-01  9.410252119119e-01 
-3.480197597582e-01 -2.618584858127e-01  2.351437900057e-01 
-6.777486505847e-01 -5.475111733963e-01  1.991517084850e-01 
 2.068551451469e-02 -3.878531121704e-03 -1.521170431057e-02 
-5.313861504326e-04  2.155462195299e-03  5.801236445017e-03 
-1.241743076068e-01 -2.815738951097e-01  2.588745907421e-03 
-8.607053520047e-03  2.842423031515e-01  6.997413381934e-02 
 5.359415517394e-02  3.046020002805e-01  1.384781430852e-03 
 4.188040269215e-03  1.413711572042e-02  8.089419489932e-04 
-2.682557328797e-03 -2.305844923974e-02 -1.705275894426e+00 
-1.470914259964e-02 -1.052223623043e-02  6.844799184193e-03 
 7.993719882294e-04  1.115591049244e-02  5.989508422402e-03 
 8.669873150844e-04  8.173748802596e-03 -6.627474531646e-02 
-1.338571236110e-01 -1.099666423534e-03  3.723268566736e-03 
 8.634974610187e-03  1.202846412816e-01  7.230986615770e-01 
 1.507188911732e-03  1.191910870722e-03  6.144924002428e-03 
 6.924385862658e-03 -1.550534615145e-01 -2.757371710900e-01 
-6.096871846034e-02 -2.030147445421e-01 -4.974304921023e-01 
-3.296571497009e-01 -4.951187436790e-01 -9.820522080175e-01 
-1.819156011757e-02  2.178946643403e-03  1.211554188014e-02 
-5.430292790342e-04 -7.634393183511e-04 -7.508721848769e-03 
 8.568670501838e-02  2.366584445831e-01  1.810039338562e-01 
-1.815207067819e-02 -4.321877709892e-01  3.076594680587e-01 
 5.294132043070e-03 -5.948516838526e-01 -6.931738919847e-03 
 7.955074271507e-03 -1.199897503114e-02  1.338870150355e-02 
-5.995184192596e-03 -9.437810306141e-02 -1.133078495953e+00 
 6.286131109437e-03  4.037980272487e-03 -1.633854708278e-02 
 6.202915331251e-02  9.536890893749e-01  4.349992399008e-03 
 5.430972729419e-04 -1.521542158349e-02  6.115534070629e-02 
-3.549468293951e-03  3.593183719642e-03 -1.188925852321e-03 
-9.875767077718e-03 -1.766629128650e-01  7.728955825954e-01 
-1.486397140967e-03 -6.457662562749e-03 -9.122894546761e-03 
-2.840490098229e-02 -2.812922737297e-01  5.274562283975e-01 
 7.685717866473e-02 -1.349799271485e-01 -5.663726692039e-01 
 1.435751285512e-01  3.301567157192e-01  7.247038356133e-01 
 1.615040200038e-01  7.276036295725e-02 -2.592044347124e-02 
 2.287230929450e-02  1.421540373177e-02  2.368540708240e-02 
 1.166385813516e-01 -3.136554126188e-01 -3.426896916953e-02 
 7.914868057268e-02 -2.785648769811e-01  8.230643516281e-02 
-3.502369384149e-04  5.574021767328e-02 -2.441836472036e-02 
-3.285140396938e-02 -5.563309979339e-02  1.386809115670e-02 
-9.517991013962e-03  1.005427940148e+00 -8.862658181106e-01 
-2.932382266812e-02 -3.856705324603e-02 -4.318266384829e-02 
 1.693198358443e-01  5.989729148021e-02 -1.380233428331e-02 
 2.298581557955e-02 -3.937325781183e-02  6.820765903290e-01 
-6.282714061889e-01  2.672218023867e-02 -4.152530888704e-02 
 6.436379320683e-03  1.166022079418e+00 -1.551058326778e+00 
 3.113282029475e-02  3.018400092083e-02  8.651654752726e-03 
 5.475395790073e-02  1.599821628037e-01 -2.672997906958e-01 
-4.846607643128e-01  5.202755096304e-01 -1.248918898919e-01 
 5.910691450323e-01 -4.307586755336e-01 -2.523779652777e-02 
 7.997741216793e-02  1.962407765745e-02  3.626996967861e-02 
 8.359895663020e-02  6.029052907476e-03  5.491405486849e-02 
 2.965940184764e-01 -3.822313730084e-01  1.578408850814e-01 
-2.645704505915e-01 -9.303236862290e-02  1.368615002177e-01 
 1.340319679331e-01 -5.850515618065e-02  7.109151828061e-02 
 4.105908911340e-02  1.171794146497e-02 -6.034941509597e-02 
 7.755020053508e-02  5.352648976724e-01 -5.030468427310e-01 
-3.761266512444e-02 -1.930253041541e-03 -3.398170910372e-02 
 7.397095166809e-01 -5.832338750041e-01 -3.688046532940e-02 
-7.445973407163e-02  6.611017227939e-02 -1.504996792224e+00 
 1.674702184663e+00 -2.072746977227e-02  8.836950257227e-02 
-5.180644686378e-02  1.864605357498e-01 -3.440114567566e-01 
 4.893354146974e-04  8.723545123695e-03  3.702636408593e-02 
 1.205869212307e-01  4.062791769195e-01 -7.310894219254e-01 
-1.747672384286e-01 -4.221039659278e-01  1.150869687316e+00 
 3.183424248952e-01  5.667336461704e-01 -1.934338983541e+00 
 1.303908360854e-01  3.181741857384e-02 -3.276787607206e-02 
-9.770695153192e-04  1.374874808299e-02 -4.217346293583e-02 
-1.060240998765e-01  8.364809827903e-01  2.180966740378e-02 
 1.290156461690e-01 -4.943048858968e-02 -4.397772465437e-02 
-2.830975515118e-01 -2.935415375470e-01  5.326341683159e-04 
 1.118993640717e-02  1.016674910367e-01 -1.170636879363e-02 
-8.132305382748e-03  3.368773304108e-01 -4.018611765244e-01 
-3.502643317100e-02 -4.406320859221e-02  8.115268433719e-03 
-3.363699615366e-01  4.030408488414e-01  2.076865550954e-02 
 9.865968701376e-03  7.506295702335e-02 -2.663270524434e-01 
 4.818926247353e-01 -2.085605684240e-02 -9.765254019443e-03 
 1.193804070826e-01  8.089277994824e-01 -1.067335548200e+00 
 4.917378407617e-02  3.987091193028e-02 -1.315348192501e-02 
 2.991826258440e-03 -2.818887319432e-03  6.579754344154e-03 
 9.427192724061e-01 -7.715347826616e-01 -1.674872022400e-01 
-1.256570950567e+00  1.126947403400e+00  2.702295680939e-01 
 3.960915984957e-03 -1.927158909114e-02  5.625444231393e-02 
 5.334047666686e-02 -8.525028676641e-03  4.283468722325e-02 
 2.167521263103e-01 -5.232079318992e-01 -7.344459464172e-02 
-2.681831288278e-01 -9.452901500113e-02  3.131788766608e-01 
 8.035506671125e-02  2.062843721592e-01  4.129851272381e-02 
 2.845403843875e-02 -1.705194046153e-02 -2.596989487050e-02 
 1.544021044547e-02  2.320581595384e-01 -1.721090759954e-01 
 2.117943718280e-02 -1.557334699563e-02 -1.805720949933e-02 
 2.836850111147e-01 -4.124603623898e-01  2.227170283099e-02 
-5.419908986525e-02 -4.107403917612e-02 -9.072336883134e-01 
 1.124702653066e+00 -3.224582601882e-02  5.017783242243e-02 
 4.859068008309e-03 -2.452755466912e-01  3.015341917959e-01 
-4.117865218890e-02 -9.144775869856e-03  2.980989097770e-02 
 1.073806738741e-01  5.065880905794e-01 -8.851621925261e-01 
 9.712409307136e-02  7.322954781856e-02  4.579667390040e-01 
-1.241270735011e-02  8.945377356020e-02 -5.239452085454e-01 
-2.356140640775e-02  9.277826403994e-02 -1.929577281338e-02 
 1.535539781250e-01 -3.075349471184e-02 -8.357230352273e-02 
-5.900601259595e-01  7.058166557085e-01 -9.566774979498e-02 
 7.605055460897e-02  2.655712137311e-02  4.086945363841e-01 
-1.306854912865e-01 -2.831962216802e-01 -5.160221337356e-02 
-5.682545252259e-02 -1.858420151230e-02 -7.256158966990e-02 
 7.665972989100e-02  6.811971697335e-01 -4.737672123139e-01 
-2.611153552973e-02 -3.156927284586e-02 -4.936187719209e-02 
 1.322855952187e+00 -9.574151834130e-01 -1.328512405206e-01 
 3.697446978380e-02  7.069255069681e-02  7.954687191923e-01 
-8.123998485715e-01  1.104300413276e-01 -5.379007799831e-02 
 4.115110075276e-02 -8.852139410889e-01  9.827768214083e-01 
-3.840848558954e-02 -8.489769685849e-03  7.807878226206e-02 
 1.334640585309e-01  5.409300450054e-01 -5.585127652746e-01 
 5.563837036660e-01  7.601250680494e-01  1.726014135036e-01 
-8.063031790464e-01 -1.206542251222e+00 -2.731396508782e-01 
 6.781193631177e-02  1.551318763516e-01  4.694393976285e-02 
 7.120929976587e-03 -4.288254359385e-02  2.148679063968e-02 
 1.645589095421e-01 -1.376895785300e-01 -3.079523476906e-01 
-2.968279247222e-01 -1.990049006286e-01  1.186065111132e-01 
 4.293783205049e-01  2.541938553702e-01  1.479814988748e-02 
-3.052146402870e-02  6.951848804335e-02  2.355708282624e-02 
-8.966021011942e-02  8.737017496763e-01 -1.433831673681e+00 
-8.196091372561e-02 -1.155716608484e-01 -8.137423912265e-02 
-9.972808933761e-01  1.026266358934e+00  1.541810972414e-01 
-3.650336354153e-02 -2.239061176769e-02  9.441219139173e-02 
-1.104391484402e-01 -1.180782065309e-01 -7.702529507943e-03 
 5.735221662856e-02 -5.312305600999e-01  1.151359210889e+00 
-9.179437494083e-02 -7.115745421606e-02  2.412521740986e-02 
-9.261845137306e-04 -2.112712755120e-02  1.450828457919e-01 
 7.729998472182e-01  5.916298205529e-01  6.374677953791e-02 
-1.776683158468e+00 -1.432063937446e+00 -6.293262030593e-01 
 1.073343290727e-01 -2.992400531118e-02 -6.085457934096e-02 
 3.356654391204e-02  3.838875443028e-02 -5.053153842732e-03 
 5.460061829169e-02  4.606201163764e-01  4.776452222528e-01 
 7.412471047354e-01  2.240481980945e-01 -2.620333262336e-01 
-8.377582416008e-01 -3.981335255300e-01  6.708480122846e-03 
 1.577510302961e-02 -1.833406669454e-02 -2.010212239784e-02 
 5.565051164633e-02 -2.674603829770e-01 -1.083377426377e+00 
-1.290945093973e-01 -8.608948389885e-02  7.857248371340e-03 
 3.252511833533e-01 -4.801350288322e-01 -1.320784852868e-01 
 1.623377294666e-02 -4.117037286184e-03 -2.786213206241e-01 
 2.258480605972e-01  5.686956382294e-02 -5.009114092160e-02 
 1.239345166908e-02  3.997470183247e-01  5.698814786602e-01 
-5.976504791136e-02 -7.564568529502e-02 -7.613144072774e-02 
 5.654563611777e-01  2.583330343872e+00 -3.696198339765e+00 
-9.805865697716e-02 -9.987613030183e-02 -4.006900147496e-01 
 3.585556024069e-01  5.490602151880e-01  8.140423055844e-01 
-4.383882742407e-02  6.429541934898e-04  1.917501442809e-01 
-1.056666429319e-01  1.977397961408e-02 -9.185554440174e-03 
 4.171366755586e-03  2.883483745117e-01 -5.334061124888e-02 
 5.195269239166e-01 -5.446280226848e-01  7.005079054042e-02 
-8.901177302360e-01  7.986352777749e-01  1.300381424395e-02 
-3.012123764924e-02  3.914045884334e-02 -3.381038843281e-03 
-4.303515779377e-03 -9.585960789550e-02  1.378690470965e+00 
 1.107792326349e-01  1.400936886707e-01  7.544069753520e-02 
-1.004888855007e-01 -1.963212401392e-03 -2.076990889905e-02 
-3.437101673987e-02  5.206435568348e-02 -1.641968451866e-01 
-3.073292750487e-01  2.219086650285e-02 -1.222408151515e-01 
 1.704757269141e-01 -8.398694227244e-02  4.624022453372e-01 
-4.496603962761e-02 -5.023633595379e-02 -2.402284326691e-02 
 3.676478324371e-02  1.594682073756e-01 -2.287097165862e-01 
 6.129624417498e-04 -1.888353187903e-01 -9.678175736432e-02 
 6.189408179062e-01  6.509501453862e-01  5.613580217651e-01 
-1.597559067114e-02  1.027953396631e-01  1.132527355836e-02 
-3.670207694975e-02 -2.106061532189e-01  8.953213892575e-03 
 1.559158216351e-02  1.869973946054e-01  1.006412942761e+00 
-1.995735035077e-01 -2.515266764799e-02 -2.112122213219e+00 
 3.905933310901e-01  2.220015194073e-01  2.609796373216e-02 
-4.601359547624e-02 -2.405479035747e-02 -8.783890184947e-02 
 3.714448906938e-02  4.320823684077e-01  2.711177753312e-01 
 7.978669192558e-02 -8.436253864615e-02  3.587009566414e-02 
-4.340702255283e-01 -8.028965298832e-01 -2.562474151531e-01 
-4.891887804904e-02  1.777150086570e-01  1.753004464292e-01 
 4.411797867547e-01 -1.811174493108e-01  7.788824734780e-02 
-2.810549077204e-02 -4.454706273707e-01  2.000344651266e-01 
-4.447919364163e-02  8.831127533342e-02 -7.532624747516e-02 
 1.884151571863e-01  7.969764687509e-01 -2.085790136989e+00 
-1.825157018115e-01 -1.887466615860e-01 -1.447131057874e-01 
 7.504409442497e-01  6.263032394870e-01 -3.926428882092e-01 
 2.006136950266e-03  5.865460462331e-02 -1.534418765702e-01 
 1.133886365052e-01 -6.610041503239e-02  1.332470555486e-01 
 7.671847205525e-01 -7.631913013508e-01 -6.509445660382e-02 
 4.714652927705e-01  9.860371453622e-01  2.172311407028e-01 
-6.789594443387e-01 -1.955277527559e+00  3.374301934154e-02 
-4.674415275578e-02  1.526520026526e-02 -7.497478994400e-03 
-8.789544084820e-02  4.784989296165e-01  1.412842878928e-01 
 4.260760287781e-02  3.455555943674e-02  2.281568752304e-02 
-2.950848272239e-01  1.036469539409e+00  2.376217086745e-01 
-4.885323553985e-02  2.331809936629e-02 -1.552230624273e-01 
 3.727717211407e-01 -1.425409469687e-01 -2.291409859243e-02 
-1.416527137397e-02 -3.664122631615e-01  1.309639778675e-01 
-2.584847698330e-02  2.258269002187e-02  8.935241770059e-02 
-4.965086303286e-01 -2.205566185426e+00  3.572986534913e+00 
-2.202443194451e-01 -8.895293885686e-02 -8.016092470089e-02 
 6.136846622967e-01  7.135275657508e-01  8.165356478878e-01 
-2.837592633867e-02  2.116059456741e-02  4.947550923030e-02 
 1.372378670802e-01 -1.374247012289e-01 -2.562935273127e-02 
-1.057505904981e-01 -1.438635210004e-01 -1.587027999075e-01 
 7.352882016972e-01 -5.270690021828e-01  1.685498061068e-02 
-1.256510136022e+00  1.410996314357e+00  2.070558447532e-02 
-4.499560485449e-02 -3.595080847904e-02 -5.075655773550e-02 
-6.449807825875e-02  3.635687998303e-01 -3.106175383639e-01 
-5.875655137118e-02 -7.788770087299e-02 -2.316865245753e-02 
-4.126832499446e-01  1.696076008248e-01  4.876752806405e-02 
-6.890172055795e-02  9.852664663014e-02 -3.698800239830e-01 
-5.096618744150e-01 -4.450259247577e-02 -2.303719901561e-01 
-3.289299220500e-03 -6.660491692325e-01 -1.002905889819e-01 
 4.468957423296e-02  9.770261537498e-02 -1.015675522659e-02 
 9.255139298148e-02  4.075105631284e-01 -6.381928539779e-01 
 2.141912502211e-03  1.532071975059e-01  3.428320880197e-02 
-2.740978758204e-01 -3.769574742705e-01 -3.047780687262e-01 
 1.516252276940e-01 -2.333847709647e-01  2.292266161913e-02 
-1.116356352393e-01 -5.528419539928e-01 -1.737450223867e-02 
-8.079871875170e-02  1.146352613856e-01 -3.062228750813e-01 
-2.750585158186e-02  4.101228585131e-02  6.891521121047e-01 
 4.491571379194e-02 -2.156791890370e-01 -2.015798974990e-02 
 8.166635650307e-02 -1.361463430298e-02  9.356615277956e-03 
-3.793375252505e-02 -1.466494574449e-01 -5.892741336047e-02 
 1.652789360183e-01 -1.812004062994e-01  8.133600969934e-02 
 2.492930196591e-01  1.969113949297e-01  5.064054084870e-02 
 8.314415909639e-02 -3.646499464351e-03 -1.831547687991e-02 
-9.323972894886e-02  1.073743414492e-01 -3.031618499768e-02 
-1.176781009209e-01  2.426767583226e-01 -1.232432598156e-02 
-2.638141928807e-01  2.755553028593e-01 -1.039659782566e-01 
 1.248716929224e-01  5.487283781007e-01 -7.321012147877e-01 
 7.097811332406e-02 -3.153667785654e-02  4.614355534191e-02 
 1.101554135456e-01  1.467926764728e-01  1.567319587845e-01 
 3.449587713394e-02 -3.551897375149e-01  2.170666973522e-01 
 3.014016405845e-01  8.726871351940e-02  7.492386314322e-02 
 3.277286447827e-01 -4.398765369509e-01  1.071490954563e-01 
-1.484214479173e-01 -5.059497124633e-02 -5.542210649205e-01 
 3.288363537657e-01  1.161853111607e-01 -1.251218115044e-01 
 1.618834874195e-01 -3.614667655753e-02 -1.611351865797e-01 
-9.892965110259e-02  2.499499720537e-01  1.033626393326e-01 
-1.246100121836e-01  1.526928181890e-01 -3.792219402725e-02 
-3.414005445101e-01  5.210770643678e-02  5.501375281942e-02 
 3.148070257606e-01  2.275028900157e-01  2.440707536953e-01 
 7.636524162718e-02 -7.352648536345e-02 -1.405415884893e-01 
-3.841583110940e-01 -3.776016508641e-02  1.043438263368e-01 
 1.562830135389e-02 -2.280000355790e-02 -6.991921937792e-02 
 3.711769272885e-02  2.032853680920e-01 -1.027427304923e-01 
 2.126497486043e-01  1.858877335424e-01  2.399780565843e-02 
-1.199268675086e+00 -1.209081104018e+00 -5.951502744043e-01 
-6.034521010280e-02  2.257554845771e-01  6.854194271036e-02 
 3.188149984743e-01 -1.496515057009e-01 -1.771364944564e-01 
-7.995928927356e-01  1.312912111636e+00 -2.723311898921e-02 
-7.802714161764e-02  7.439164326244e-02  2.171182842997e-01 
 3.260517300997e-01 -2.382771231273e-01  6.588964799291e-02 
-2.848836344679e-02 -1.876083413570e-02 -9.069705009554e-02 
-6.875562494023e-02 -1.155488179082e+00 -7.762735714691e-02 
 1.573739069753e-01  5.102465242685e-02 -2.684687159256e-01 
 7.853948301423e-02 -2.061104852381e-01 -3.941843842976e-02 
-1.315947172549e-01  5.829643040013e-02  5.635098844289e-02 
-6.104642864855e-02 -2.367983969842e-01 -2.056256088045e-01 
-3.169150161952e-02  1.062894122574e+00 -2.316641188797e-01 
 4.922571050419e-03  1.378759998740e-01  3.657047187534e-01 
-6.367477354273e-02 -1.997651235045e-01  9.700913068372e-01 
 1.207893217012e-01  1.109387928501e-01  6.929044970539e-02 
-3.844949174341e-01 -1.311087769516e-01  5.556624096459e-01 
-3.193693512041e-01  2.208294741787e-01  1.085305547534e-01 
 1.176690560261e-01 -1.147955651466e-01  4.870420894769e-01 
 2.118241279041e+00 -3.384927454276e+00  1.016268088689e-01 
 8.886726721745e-02 -2.311835155291e-01 -9.611924949675e-02 
-1.711889581904e-01  5.936636235948e-01 -1.674581874488e-01 
-5.588261089946e-02  1.409926431260e-01  3.891504694770e-03 
 9.343108501174e-02 -1.082234549598e-01 -8.442630980779e-02 
 1.032315221989e-01 -5.651980096757e-02 -1.205208113932e-01 
 2.446446681434e-01  1.562688547180e-01  1.419266209114e-01 
 2.830091846342e-01  3.028433442996e-02  1.679423004287e-01 
 2.597948360812e-02  2.021343336101e-01  2.914553261853e-01 
 5.432830062084e-02  3.219564625259e-01 -9.113875999663e-02 
 1.054678853433e-01  1.157397921364e-01  7.323472802670e-03 
 2.545949542561e-02  1.038797097853e-01 -2.028609722012e-01 
-1.861272398595e-01 -1.952941435437e-02  1.934160038347e-02 
 8.467760940021e-01  5.057332631563e-01  3.739414159397e-01 
 1.825960537949e-02 -2.767104215157e-01  1.578050886976e-01 
 2.836381215309e-01 -5.072127961992e-02 -2.053383956275e-01 
-8.824043853186e-01  1.308759175148e+00  1.346223873237e-01 
 2.173459860440e-01  1.699207660313e-01 -7.957045236732e-01 
-5.018132622985e-01  2.777070418337e-01 -5.632479625210e-02 
 1.238366496367e-01  1.128385855476e-02  1.561419036170e-01 
 5.800098535744e-02  5.795382978314e-01  9.814585455185e-02 
 7.555440624452e-02  8.009127438989e-02 -3.240496702844e-01 
-8.866918827856e-01  1.896744640352e-01 -2.468515541315e-01 
 1.268956946349e-01 -5.566062060375e-01 -3.480584852364e-01 
 9.291017535248e-02  8.040199434148e-02  2.074546654296e-01 
 1.791885788641e-01 -3.282341114474e-01 -1.949951325776e-02 
-2.151297401248e-02  1.000758119542e-01  5.256681699037e-02 
-1.101268214631e-01 -4.842459369915e-01  6.543963691590e-01 
-6.786967460838e-02  5.438467225832e-02 -8.488686674060e-02 
-9.741488568748e-02 -4.953837281544e-01 -3.432109773266e-01 
 3.027129659777e-01 -1.728044663307e-01 -1.881003782892e-02 
 2.752231420719e-01 -4.620281650488e-02  1.565646168389e-01 
 7.139793943296e-01 -8.638094604388e-01  6.673105881480e-02 
-1.439812144200e-01 -2.023106067601e-01  3.106306932173e-02 
 3.136252439860e-01 -1.451868975127e-01  8.169208276378e-03 
-1.024540194135e-01  1.368628364789e-03 -7.819423901422e-02 
 1.666080810706e-02 -7.236343409636e-01  1.388570085798e-01 
-1.691438411195e-01  1.004941324394e-02  4.110781486845e-01 
 2.622576183984e-01 -3.985866897852e-02  7.700197253723e-03 
 2.062662543417e-01 -2.627501071768e-02  3.227209652615e-01 
-9.128729137838e-02 -2.848790204467e-01  1.316485205983e-01 
 4.828358041758e-01 -1.637646780491e-01  2.356675361584e-01 
-1.615985562784e-01  2.936036057367e-02  3.863901701746e-01 
-2.218040378941e-01 -9.656144284269e-01  1.293142007660e+00 
-1.137559150784e-02 -1.242603761679e-01 -1.879633695881e-01 
 1.271901574612e-01  2.789681957457e-01  3.695917272050e-01 
 4.101808267583e-01  3.406859065011e-01  3.872470005991e-01 
-3.223992263603e-01  1.353107135738e-01 -1.438040155643e-01 
-6.800666038036e-01  6.838090236112e-01  7.944042979310e-02 
 1.378928311038e-01  2.843200805287e-01 -4.339924591300e-01 
-5.046030754035e-01  1.106391215854e-01 -7.219474696043e-02 
 5.046608167095e-02  1.085052031950e-01  3.376283227437e-02 
 6.448542478065e-02 -2.652468967026e-01  1.882880025334e-01 
-2.953035565935e-03  7.506964001297e-02 -3.069879389576e-02 
-4.268360796165e-01 -7.971734588756e-03  3.796095288783e-02 
 2.247461260620e-01  1.764137968213e-01 -2.904313796755e-01 
 5.252329217895e-02  3.089054304068e-01  6.379451318811e-02 
-1.345993787077e-01 -4.682206709385e-01  2.523764447794e-01 
-1.789093485924e-01  9.360124319347e-02  3.926057577573e-01 
 4.225518205756e-03 -2.106349736171e-03 -1.327672945700e-01 
-6.531299058346e-02  4.157390194407e-02 -7.086682923895e-02 
-1.626677910665e-01  3.744986778157e-01 -7.162384207962e-02 
 8.791848116777e-02 -1.245276555026e-01  1.045374212273e-01 
-4.294732838735e-03 -9.931690491370e-02 -7.170367425237e-02 
-3.044508538890e-01  4.617888870013e-01 -1.078667665401e-02 
 3.650707295135e-02  7.620155034806e-02  1.294094154398e-01 
-2.877578614396e-01 -5.797663981063e-02 -2.964887394606e-02 
 6.610100117981e-02 -4.088884762838e-03 -5.150115864039e-03 
 2.255862833864e-03  1.069724097156e-01 -4.949869971419e-03 
 4.205644285376e-01 -4.650044274357e-01  1.109709439999e-01 
 2.178457633753e-02 -5.487439791920e-02 -1.616408537066e-02 
 2.056491974382e-01 -9.909805363789e-03 -2.700276450156e-01 
 1.544579836788e-01 -4.420695383749e-02 -7.939321045677e-02 
-2.697853247141e-03 -3.702087253928e-02  5.447595074260e-03 
 4.820550510369e-01 -6.068321532121e-01  2.357784519662e-01 
 1.229942497859e-01  4.942993872331e-01 -6.990340680112e-01 
-1.143094567123e-01 -6.933330931806e-02  2.237145884394e-01 
 3.893887253337e-02  2.661557975440e-01 -3.764055936017e-01 
-1.492393915499e-01  3.002982164400e-01 -4.671453542320e-01 
-2.053262913471e-01  1.089152802599e-01  6.606717681266e-03 
 1.059338352322e-01  1.830421017814e-01 -3.459007695742e-02 
 1.115587232283e-01 -3.811393374660e-01  4.966710914754e-01 
-6.346926097968e-01  6.076921172493e-01 -2.734018228096e-02 
 1.044901246092e-01 -5.569924799097e-02  1.193505737643e-01 
 7.018670766629e-02  2.398768560289e-02  1.133608443208e-01 
 5.452089666074e-02  7.384836282632e-04  1.130796452135e-02 
 2.167693830486e-01 -4.962386372596e-02 -1.194058410952e-01 
 5.207178770126e-01 -2.996309219305e-01 -7.065646853206e-01 
 3.244092153440e-01 -3.554116335435e-01 -2.690051803561e-01 
-2.905471174195e-01 -1.207062714732e-01  1.677106041421e-01 
-2.264279423780e-01  3.207632047231e-02  1.731021749958e-01 
-1.920830954758e-01 -7.818950228282e-01  1.181768594507e+00 
-1.907358229784e-02  1.109177193222e-02 -2.264889325361e-01 
-1.833310625815e-01 -4.698866784852e-02  6.655916904681e-01 
 1.343501310886e-03  6.920729532149e-02  4.299816999620e-01 
-2.800179179729e-01  5.856551461947e-02 -4.007339904971e-03 
-1.894464226098e-01 -6.350492926457e-01 -2.200644086462e-01 
-3.932560578028e-02  4.412113430945e-01  9.471432255916e-01 
-3.511613291420e-02 -3.774780454179e-01  5.083067176260e-02 
-1.209072358748e-01  8.300487598542e-02 -5.641706099637e-02 
 8.423652805121e-02  8.936777887727e-02 -1.832764564393e-01 
-3.621462627172e-03 -1.014308731472e-02 -1.712068858995e-01 
 8.276980395658e-01 -2.119922915327e-01  8.157000774613e-03 
 3.979099281107e-01 -2.860019821121e-02 -1.011329009579e-01 
-7.976074449578e-02 -5.507631832603e-01 -1.421063140828e-01 
 3.137811678215e-01  1.270384970489e-01 -2.284336125237e-01 
 3.639755499644e-02  7.165948922120e-02 -4.546478080834e-01 
-6.224534392435e-02 -3.774508752260e-01 -1.377727704878e-01 
-5.108810588675e-03  2.678060918376e-02  5.281657016784e-02 
-3.807224573389e-01 -3.011513065355e-01 -1.026021450870e-01 
 2.261879184119e-01  2.471339342355e-01 -2.179853996242e-01 
 3.666276383826e-01 -7.894492951698e-02 -2.197328989804e-01 
-9.431379600648e-01  1.281102634685e+00 -1.448025603800e-01 
 1.623949554912e-01 -2.092185360488e-01 -6.471466286689e-02 
-2.620526115686e-01  7.340386215831e-03 -9.708676519929e-02 
-1.861957936450e-01 -5.571977958080e-02 -1.242280680269e-01 
 2.623051738109e-02 -7.019267861559e-01  4.320275956252e-01 
 3.307496927164e-01  2.320522723012e-01 -5.634501598749e-02 
-4.028920817171e-01  5.794101095497e-02  7.636073908118e-02 
 1.170899022405e-01  9.962353479056e-02 -3.050450185982e-01 
 2.216236696740e-01  6.751087640815e-03  3.547151381203e-01 
-5.605110612351e-02  2.852387263016e-02  3.810976510621e-01 
-2.458892714037e-01 -3.745761791117e-01 -4.573799993180e-01 
-2.247004107635e-01 -9.416793115057e-01  1.885129909942e+00 
-2.507508129711e-01 -7.251680291787e-02  2.991691152378e-01 
-7.777533012094e-02 -2.900249225278e-02  8.278089602598e-01 
 1.648867779972e-01  2.671078379634e-02  2.161074383992e-01 
 5.548580494624e-02  8.181219446209e-02  4.941402877203e-01 
 2.101107566882e+00 -3.337322093915e+00  3.656473382435e-01 
-3.476579758186e-01  9.575003994382e-03 -2.241614989104e-01 
 5.817430888860e-01  9.291856315770e-01  1.377634064777e-01 
 1.681878798644e-01  7.311508605725e-02 -8.250343533448e-03 
 4.246421086229e-02 -3.748532357362e-01  2.552371802789e-01 
 3.204472583631e-01  6.698983124172e-02 -2.302901409380e-01 
 4.182525450318e-01 -1.490999177536e-01  2.252132916980e-02 
-1.693299484080e-01 -2.952143617993e-01  7.137321398728e-01 
-6.691067834758e-01  1.481358332993e-01 -5.088523780994e-01 
 6.617800873190e-02 -2.646319631181e-01  3.819177720266e-01 
-3.398110626525e-01 -2.623269663655e-01 -1.575482488961e-01 
-7.168394831678e-02 -1.403595687656e-01  1.005493778412e+00 
 1.210150209655e-01  1.352253287411e-01  1.896347481063e-01 
 2.274836859405e-01  2.692206004247e-01  2.346454038957e-01 
 1.499284697548e-01  4.299379904721e-01  4.533360838087e-01 
 2.729776754931e-01 -1.222341974294e-02  4.407562603345e-02 
 1.008321292863e-01 -5.728593254192e-01  5.021243563729e-02 
-1.421687104729e-02  7.076006392286e-02 -2.851570850909e-01 
 6.849692412268e-02  8.724696684631e-01 -5.129511128650e-02 
-1.125848975329e-01  4.043123578454e-02 -1.280837989105e-01 
 1.041989844366e-01 -2.873428579203e-01  4.025588701338e-01 
-1.254534510554e-01 -5.626314444336e-02  6.494300966714e-01 
-2.940262683706e-01  3.479403703566e-02 -8.446256668745e-02 
-1.225896208676e-01 -5.952029870620e-01  1.830645246551e-02 
-6.501574100864e-02  4.045483463342e-02 -1.375209780204e-01 
-3.871879846856e-01 -1.792824433435e-01 -2.724026850599e-01 
 3.040408399132e-01  1.983280120695e-01 -2.309371119364e-01 
-9.396128649460e-02 -3.380887218510e-01  1.024074098971e+00 
 3.399405739501e-02 -1.206149475664e-01  2.802037396588e-01 
-1.767112887066e-01 -2.284231262963e-02  3.606877444650e-01 
 1.341437052597e-01  1.862272951051e-02  1.844903041352e-01 
-3.208475159597e-01 -7.164193098926e-01  3.245325579243e-01 
 1.235039496302e+00 -2.303895090516e+00 -2.274990672431e-01 
 1.471076651792e-01 -6.674559439997e-02  3.346796027654e-01 
 2.203745873599e-01  5.833729074774e-01  2.068745186633e-02 
-9.458796548646e-02  6.386300937508e-02  1.378905577078e-01 
-1.266371631472e-01 -1.480964418159e-01  3.791077949132e-02 
-4.219043658141e-01  5.818224527402e-01 -1.984888640018e-01 
 6.800603271092e-01 -3.767472004533e-01 -2.351952154466e-01 
-1.002617177857e-01 -1.196600339088e-01  3.290340705614e-01 
-6.600394921484e-02 -1.952560056354e-01  1.403916706860e-01 
-2.753289941373e-01 -1.397754484887e-02  5.741837338517e-02 
 1.890741809669e-01 -4.188277612772e-01  1.026043108328e-01 
 4.554768500439e-02  1.236043856489e-01 -9.194154347880e-01 
 2.145921044742e-01  9.498487902738e-02 -3.089587525363e-01 
 2.795642372326e-01  1.216849152531e-01 -3.533191183959e-01 
-4.153475168311e-03  2.260611459339e-01 -4.372880373706e-01 
 4.486928236454e-02 -4.713240968353e-01 -3.573533857140e-01 
-1.256903658629e+00  2.807542858715e+00  3.163345784746e-01 
-4.108625282702e-01  1.625352683354e-01 -2.495341108704e-01 
-4.999350325504e-01 -6.042547553660e-01  1.497594322279e-01 
 1.344658323782e-01 -3.617683030560e-03 -4.222490828448e-02 
 8.375875992720e-02  6.183308612872e-02  1.834392098792e-01 
-2.947961716865e-01  3.820366221890e-01  6.928640604347e-02 
-7.234528833467e-01  4.565501143133e-01  1.746634660941e-01 
 4.397465947228e-01  7.052688798089e-02 -7.492813927111e-01 
 6.080673447537e-03  4.473628391713e-01 -4.425273241845e-01 
 4.451465215722e-01 -1.003895152535e-01 -1.238456186319e-01 
 3.483244708616e-01 -2.023286298411e-02 -8.477201758630e-02 
-1.231038665293e-01 -5.780084327424e-01  2.066957850484e-01 
 3.326620606908e-01  3.148398858239e-01 -7.570865934991e-02 
 7.483336576322e-02  1.957936262926e-01  6.474642846518e-02 
-3.000841722781e-02  1.480497485578e-01 -8.700945690891e-02 
 1.516217358060e-01  1.856433513742e-01  1.689804023689e-01 
 8.024858380726e-01 -6.035105904251e-02 -7.877406472470e-01 
-6.724527277776e-02  3.048731787706e-01  4.507654509583e-01 
-2.604309206556e-01 -3.347424168208e-01  1.480128497455e-01 
 2.487729636268e-01  1.131234679644e-01  1.365785671551e-01 
-4.083105373392e-01  2.787281709494e-01  2.087232739793e-01 
 3.147226627383e-01  1.389820282273e-01  3.110690216846e-01 
-1.923053422611e-01 -1.763011702430e-01 -8.383652953281e-01 
 1.664104331697e-01  3.001202058349e-01 -2.771795871985e-01 
 1.536934520968e-01  1.380653055902e-01  4.367235809861e-02 
 1.595238521103e-01 -2.199746905271e-01 -9.555817840051e-02 
 1.336276051932e-01  1.793084654268e-01 -1.678663200622e-01 
 2.532135501865e-01  8.563330651481e-01 -1.621022284792e+00 
-6.189326117457e-01 -7.008754767738e-01 -6.047087514311e-01 
-2.133684090935e-01 -2.456775316381e-01 -4.589882714529e-01 
-3.965082279121e-01  2.838063201421e-01  3.009928297451e-02 
 4.412030775635e-01 -2.045858468889e-01 -1.911492548076e-01 
-6.596133313825e-01  2.033774213162e+00 -2.276440396206e-01 
-1.346663752677e-01  2.631139343145e-01  1.385248062679e-01 
-1.711456695666e-01 -6.348563667536e-01 -7.995404656381e-02 
-1.279944500882e-01  4.028415788171e-01 -5.085222119622e-02 
-3.362263326882e-02 -6.676003169814e-01 -1.606668893066e-01 
-6.272564372427e-01 -5.370272301744e-01  6.427493406493e-02 
-4.923848439240e-01  1.680746318919e-01 -3.256557069654e-01 
 6.136786974373e-02  9.766991161109e-04 -5.052229467582e-01 
 2.342816267418e-01  1.985393258759e-01 -1.909799194659e-01 
 1.829474699083e-04  9.166809132933e-01  7.534626514449e-02 
-6.332601422479e-01 -5.132128944434e-01 -1.316243035022e-02 
 6.510051601316e-03 -8.430713778652e-02 -6.595633114038e-01 
 3.492538801146e-01  1.963957831108e-01 -8.863946642699e-02 
 5.332902439066e-02 -1.004613521209e-01 -2.953998953308e-01 
 7.236808086243e-02 -4.414616988404e-01 -2.394649196821e-01 
 2.054334974502e-01  6.456313770202e-02 -9.344779697534e-02 
-2.719929927145e-01  1.093724127946e+00 -6.650559730587e-02 
-1.764460845748e-01  1.561988961044e-02 -9.283690052530e-02 
 2.180599049214e-01 -4.695879128054e-01  2.509453724543e-02 
-4.435365099327e-01  4.775874113237e-01  5.881337821060e-01 
 4.803006562996e-01  3.537607237097e-01 -9.012291042205e-05 
 2.714673952836e-01  1.776837597507e-01  7.221749720464e-02 
-3.142859808660e-01  1.147546207452e-01 -4.249915379409e-02 
 1.644117911429e-02  3.816272114307e-01 -1.008368915370e-01 
 7.023469761556e-02 -4.784211827545e-02 -3.604534777334e-01 
-2.619303738521e-01 -1.232498632144e-01 -3.839192393625e-03 
 1.266609194202e-01  1.405126525492e-01  2.230595385289e-02 
-2.686976189086e-02 -3.657569547182e-01 -9.182128294702e-01 
 2.838464269064e-01  3.004894878233e-01 -8.945167035372e-02 
-9.084914477702e-02 -1.953414510651e-01 -3.386167174205e-01 
-3.830955056543e-01 -3.730849150038e-02 -7.821960971996e-02 
-1.332847046828e-01 -1.215299692182e-01 -1.300705217865e-01 
-5.095828450166e-01  9.815702908154e-01 -7.430534783622e-02 
 4.450467175746e-02  1.343575864876e-01  3.273546814341e-01 
 1.976229597093e-01 -8.121365809621e-01 -8.129135553979e-01 
 5.591908882195e-01  2.098624751333e-01 -2.061097075223e-03 
 2.460559503321e-01  7.790478294462e-01 -2.283345346108e-01 
 1.913983911684e-01  3.910641957243e-01  3.269399069302e-01 
 1.318736585160e-01  4.871010726262e-02  4.308301514647e-02 
-6.433549738835e-01  1.147521811094e-01  2.807919298748e-02 
 6.729936059601e-02 -3.725101615064e-01 -1.074969883116e-01 
 2.560089390270e-01  3.497242791556e-01 -1.155788364070e-01 
-1.327755358905e-01 -1.386414223246e-01  1.647326848426e-02 
 4.962472090028e-03 -5.756715933309e-02 -2.439132152996e-01 
 1.569592239703e-01  1.439276633968e-01 -2.018524414737e-01 
-8.956413021547e-02 -8.785034638134e-02 -2.270240146955e-01 
 2.147464607824e-01 -3.681262506025e-01 -6.261895790748e-01 
-3.570307376741e-01  1.403149064250e-01 -8.991058268245e-02 
-2.085887822920e-01  1.097980942307e+00 -5.957543223546e-02 
-1.253705750985e-01 -4.247060175444e-03  3.982822701265e-01 
-1.502021252769e-01 -3.659450583607e-02 -2.898711614422e-01 
-3.658633737188e-01  5.620383444913e-01 -7.258195844215e-01 
-2.508029980194e-01  1.279999090754e-01 -9.150336273627e-02 
 2.184536323216e-01  1.262024852583e-01 -2.802181105325e-01 
-1.213839705659e-01  1.034991135047e-01 -2.978199066240e-01 
-3.608459744639e-02 -5.201484558462e-01 -6.233456902600e-01 
 1.709733973347e-01  2.209290643112e-01 -2.263056418478e-01 
 2.750327285148e-02 -3.185869624226e-01  9.991958722362e-02 
 2.408952736638e-01  2.282017247677e-01  1.399611907988e-01 
 1.158198279114e-02  4.906254140466e-01  1.562677306070e+00 
-4.876843774922e-01 -5.751957021004e-01 -4.362691938431e-01 
 7.992788389736e-02  1.199246871143e-01  3.292518451317e-01 
 1.129350425466e+00  4.324433072935e-01 -4.132970024723e-01 
 3.267280517569e-01  2.188854441493e-02  1.904650616889e-01 
 9.242947356899e-01 -3.826675095482e-01 -4.848479799469e-01 
-1.741637635635e-01  7.465242466392e-02  4.762282878588e-02 
 4.545882617126e-02  4.185834435337e-01 -4.636051938689e-01 
 1.910334976622e-02 -3.104204089311e-01  5.657524665167e-02 
 3.002969927391e-01 -2.271905661888e+00  6.888024330801e-01 
-6.068541366973e-01 -7.306831519533e-01 -6.753156501482e-01 
-1.024022331867e+00  2.909086799810e-01 -5.318804811289e-01 
-2.462834893235e-01  2.950128788636e-01 -4.255504786437e-01 
 7.940624879154e-02  1.007228086973e-02 -2.924369772154e-01 
 1.800120273026e-01 -9.223795739240e-01  2.739157302831e-01 
 5.273138162469e-01  3.457434878094e-01 -2.006578883754e-01 
-5.481967758025e-02 -2.882073469748e-01 -3.206874551388e-02 
 1.234707663837e-01  3.006840897549e-01  5.005357080145e-01 
-8.513670570007e-02 -4.016331586180e-03  1.537140112558e-01 
-5.100907663525e-01 -1.139708409665e-01  5.448930285377e-01 
-2.731865722646e-01 -3.092056622315e-03  7.124779521733e-03 
 2.054798488145e-01  7.381609920240e-01 -9.003350825650e-03 
-3.772671116240e-01  3.484742513412e-01  1.502028244537e-01 
-4.875078261950e-01  6.097647926228e-01 -5.682604172269e-01 
-6.659837434354e-01 -7.361558319470e-01  1.763220480148e-01 
-1.936533697593e-01  9.935003871249e-01 -2.774163208778e-01 
 2.747386782540e-01  3.208808672445e-01  2.616639937498e-01 
-5.970088271990e-01  1.521092203363e-01 -2.752637535858e-01 
 3.388054462485e-02  7.700388643639e-02 -1.756483810871e+00 
 4.322545045855e-01  5.041819627476e-01 -8.134363812692e-01 
 3.744782553702e-01  4.200836804124e-01 -8.357971109000e-02 
-2.947855839968e-01 -1.843808023334e-01  9.641822057467e-02 
 3.588065551917e-02  2.675179324947e-02 -6.025234894845e-01 
 1.442784343137e-01  1.314061448482e-01  2.134279757375e-01 
 6.088374844136e-02 -2.156904905463e-02 -2.826170777720e-02 
-3.676226144218e-01 -1.912131835448e-01  1.718576919354e-01 
-1.698608910359e-01 -5.477917828607e-02  1.645875960511e-01 
 7.884817039617e-01  7.079570697737e-01 -1.182250791985e+00 
 1.082763566034e-01  3.132228116299e-01 -7.616884826257e-01 
 1.733914030968e-01  1.149916283340e-01  3.776759671188e-01 
 6.541305282095e-02 -3.693656243143e-01 -7.359553358578e-01 
 1.066180869617e+00  7.596973705581e-01 -1.878139913555e-01 
 1.582799447004e-01  2.533464521875e-01  1.276611141988e-01 
-3.442588302000e+00  1.140008499973e+00 -1.302149564708e+00 
-8.543304019359e-03  3.807414208569e-01  6.969107950631e-01 
-1.438329856847e-01 -1.052542413916e-01  3.351856398730e-01 
-2.055615558510e-01  3.179749722177e-01 -2.399700424336e-02 
-1.854245733071e-01 -1.463291843561e-01  1.618407583345e-01 
orbocc
(*)
 0.000000000000e+00  0.000000000000e+00  0.000000000000e+00 
 0.000000000000e+00  0.000000000000e+00  0.000000000000e+00 
 0.000000000000e+00  0.000000000000e+00  0.000000000000e+00 
 0.000000000000e+00  0.000000000000e+00  0.000000000000e+00 
 0.000000000000e+00  0.000000000000e+00  0.000000000000e+00 
 0.000000000000e+00  0.000000000000e+00  0.000000000000e+00 
 0.000000000000e+00  0.000000000000e+00  0.000000000000e+00 
 0.000000000000e+00  0.000000000000e+00  0.000000000000e+00 
 0.000000000000e+00  0.000000000000e+00  0.000000000000e+00 
 0.000000000000e+00  0.000000000000e+00  0.000000000000e+00 
 0.000000000000e+00  0.000000000000e+00  0.000000000000e+00 
 0.000000000000e+00  0.000000000000e+00  0.000000000000e+00 
 0.000000000000e+00  0.000000000000e+00  0.000000000000e+00 
 0.000000000000e+00  0.000000000000e+00  0.000000000000e+00 
 0.000000000000e+00  0.000000000000e+00  0.000000000000e+00 
 0.000000000000e+00  0.000000000000e+00  0.000000000000e+00 