2mocoef
header
1
MO-coefficients from MOLCAS
1
48   48
a
mocoef
(*)
-4.269542551414e-05 -6.955256909033e-06  1.722004074586e-03 
 6.995804969954e-05  1.531469287100e-04  4.387042324111e-04 
-1.819125003830e-04 -1.674677489050e-05  8.200898974638e-04 
 1.636130413798e-04 -5.874731043940e-07 -8.184810555924e-06 
-4.074502470332e-05  2.073884801886e-06  1.000950135020e+00 
 4.685004386824e-03 -5.122959272275e-03 -1.446245044901e-03 
-9.788331287394e-04 -2.686010306952e-04  5.920303113247e-04 
 1.036083734742e-03  1.218206460732e-03 -1.417403366263e-04 
-9.311530640025e-05 -3.929834476391e-04 -2.509870639857e-04 
 4.112907327261e-04 -5.999324212647e-04  2.314817441149e-04 
-5.739505384583e-06 -3.616820450513e-05 -1.544962555302e-04 
-1.192153372931e-03  1.165986964886e-03 -8.585266384612e-04 
-2.450717935069e-05  1.459977570918e-04  3.914670898605e-04 
 1.146695107099e-04  1.401968652239e-04 -3.408857280326e-04 
 6.501153212947e-05 -1.025052547371e-04  1.878547159997e-04 
 2.091935374986e-05  2.330752636737e-05  5.543995494027e-05 
 1.000749096729e+00  4.578138777737e-03 -4.461890940935e-03 
 2.020523932066e-04  1.786657112544e-04  1.227023088825e-03 
-1.000351976662e-04 -1.130121484948e-04 -1.182132123190e-03 
 4.009496904685e-04  1.618352475461e-04 -3.741950141091e-04 
 3.227016113307e-04 -3.635159477917e-05  9.744953222845e-05 
 5.914236290897e-04 -3.277507806688e-04  1.094759984795e-04 
 3.157342703043e-05 -1.095792602982e-04 -1.853477596181e-04 
 2.440739400687e-04  9.675372012838e-05  4.664346887562e-05 
-4.530863503598e-05 -2.871690953768e-04  8.563383564325e-05 
 7.968112241244e-06 -6.550933086651e-04  1.343039787427e-03 
-1.552989417123e-04 -2.232840380804e-04 -1.702165690447e-04 
-5.184120654622e-05  2.126739372314e-04  4.583533658741e-05 
-2.804310940150e-05 -1.132648793788e-04  2.158779805910e-04 
 3.288700881965e-04  2.671916545349e-06  4.892315242442e-05 
-2.405661932027e-04 -2.509987782881e-04  9.195017464269e-04 
 4.307809463493e-04  3.366794239440e-04 -4.264871382568e-05 
-6.796497763178e-03  2.115795220071e-01 -5.103432947821e-02 
-8.832727824490e-03  7.275315121308e-03  9.317071340337e-02 
-2.276217165583e-03 -5.389214398083e-03 -3.184390266794e-02 
-1.164648163830e-03  1.324719085535e-03  1.843220396881e-02 
-7.216313902195e-03  5.502725278238e-04 -7.527159513054e-03 
 8.405901500585e-01 -1.587318707429e-01 -1.097499114599e-01 
-7.261329580395e-02  3.397663798725e-03  6.076728767843e-02 
 1.649532516221e-02 -2.168441982522e-02 -8.023741601902e-04 
 1.320554094444e-03  3.314562316505e-03 -3.868650531338e-03 
 4.673993842723e-03  5.211751425394e-02 -3.032642732272e-02 
 3.626461098649e-03  4.330057355574e-03  4.130537442854e-03 
 4.160852538633e-01 -2.055865565022e-01  3.872146839461e-02 
-5.605475363276e-03 -1.107245017394e-02  2.372602646635e-01 
-1.165110224342e-01 -1.954628731264e-02  2.318698628534e-02 
-8.152294648872e-03  5.229585908011e-02 -2.602474990525e-02 
-4.741429302344e-03 -4.418175586385e-03 -3.822904177765e-04 
 7.268450158742e-03 -7.283880228185e-01  9.041515926043e-02 
 9.894540691150e-02  1.576838667724e-01  9.096937282660e-02 
-3.423567322143e-02 -4.064916864609e-02 -2.562087958141e-02 
-1.052061347971e-02 -1.469636290106e-03  1.668696104908e-03 
-8.101465762950e-03  1.465795203584e-03  1.635030524234e-03 
 1.775546484611e-01 -4.266180259637e-02 -2.539091317481e-01 
 9.568816057141e-02  1.368073882743e-01  6.156134108414e-02 
-4.763787757633e-03 -3.663770111082e-02  2.371955634151e-03 
-4.244262748401e-03 -1.206284280650e-02 -3.455963970408e-03 
 9.405107246352e-03 -4.859239741731e-01  2.071461761931e-01 
-1.835953791091e-02 -2.068073967643e-02 -1.413695734140e-02 
 3.340569062588e-01 -1.513061402968e-01  2.114025218717e-02 
-6.888467821865e-04 -6.906414746593e-03 -6.412255156799e-02 
 2.368131474479e-02 -3.973780666809e-03 -1.558672954038e-03 
 2.987939903759e-03 -1.204230727545e-01  6.453343726540e-02 
 8.904248129650e-03  8.409234617319e-03  1.436786181590e-03 
 9.521332537169e-04 -2.319906665877e-01  1.050370241525e-02 
 1.206820017468e-01  6.786373314698e-02  1.463735874637e-01 
-1.841859165737e-02 -1.053112433752e-02 -3.648140537543e-02 
-3.941732883852e-03 -7.059829594667e-03  1.371467344179e-02 
 1.026833881227e-02 -1.449748680481e-03  2.127603773626e-03 
 1.313162161764e-01  6.025131203136e-02  5.950746355783e-01 
-3.028273804604e-01 -1.207396228306e-02 -9.776140182809e-02 
 3.492561512833e-02  5.239456093975e-03 -9.554066185967e-03 
-4.778990725766e-03  1.670071538579e-03  3.579520721988e-03 
-1.930003604411e-02 -2.508040869058e-01  1.089731577957e-01 
-8.737324191138e-03 -1.087556822348e-02 -4.759771733900e-03 
-4.851031726161e-01  2.100322703963e-01 -2.304012525510e-02 
-5.067091862126e-03  1.193448715501e-02  4.725480769846e-01 
-1.884116774444e-01 -8.453562785530e-03  2.743475730905e-02 
-1.580315614962e-02 -1.253657738518e-02  1.385456110357e-03 
 1.353891161024e-03  1.050844983269e-03  1.973588585931e-03 
 1.167608075096e-03 -2.072999673187e-01  3.516020078203e-02 
-2.755773881098e-01 -3.661951411646e-01 -2.448611086204e-01 
 2.608771153726e-02  4.818057640839e-02  5.629517656267e-02 
-2.057523921818e-03 -1.076255602441e-02 -1.394412023565e-02 
 3.099888114616e-03 -2.111939329259e-03 -5.003196891647e-04 
-3.461800014264e-02 -2.957219869572e-02 -5.183231828871e-02 
-2.957461710326e-01  3.954991002096e-01  7.294038492990e-03 
 2.450582760226e-02 -2.637143780832e-02 -1.131055473965e-03 
-6.630991994922e-04 -1.635236584161e-02  5.963601462201e-03 
-4.829132434033e-03  3.536624258194e-01 -1.411281508773e-01 
 1.075800813796e-02  1.078039258844e-02  5.937489768571e-03 
 1.044358324689e-01 -5.074744323411e-02  1.042253049493e-02 
-8.780759567916e-03  5.448251907113e-03  2.989305046052e-01 
-1.048708378087e-01 -1.405476728660e-02  1.611433579442e-02 
-3.719195271655e-03 -3.769535455196e-01  1.537285854387e-01 
 1.839244740294e-02  1.440709353089e-02 -4.061018812545e-03 
 2.629432842822e-03  1.587263197291e-01  6.468529101255e-02 
 3.503416932948e-01  2.360418613693e-01 -3.111358687182e-01 
-2.760336870646e-02 -5.528995854645e-04  7.437283617582e-02 
 1.647578904219e-02 -9.291947510362e-03 -3.827218266130e-02 
 6.675889458144e-03  3.979371332573e-03 -6.737060393210e-04 
-1.659983464512e-01 -8.824110397760e-02 -1.228868291058e-01 
-1.947662015970e-01  5.232199246446e-01  9.669534909272e-03 
 7.390028513637e-04 -6.224607440993e-03  1.516669512239e-04 
-1.220276028762e-02 -1.470226639196e-02 -8.645663655241e-03 
 2.368142660676e-03 -1.016009556235e-01  5.973244462581e-02 
-4.878871589976e-04 -3.346770620203e-03 -1.073953604442e-02 
 1.862931717357e-01 -6.639396056484e-02  9.605155340617e-03 
-7.242788265431e-03  8.212224012128e-03  2.037147951684e-01 
-6.380364078502e-02 -1.200084354786e-02  9.662537013288e-03 
 4.158117139317e-03  5.170866751010e-01 -1.682374469061e-01 
-1.753711302520e-02 -1.716831616196e-02 -4.441254003529e-03 
-1.087594855754e-03 -5.127629344550e-02  2.281731821578e-02 
 4.710938033220e-01 -5.847558349485e-01  2.552456845361e-02 
 2.803209996779e-02 -2.797277917591e-02  3.894414132770e-02 
 2.799139464278e-03  4.370420762349e-03 -8.035171585778e-03 
 1.699633488152e-02  2.220371890420e-03  7.351993148359e-03 
 1.791660417229e-01  6.723635436282e-03  2.093895726777e-01 
 4.999483733763e-01  2.262415503549e-01  1.480698968130e-02 
 1.484442839421e-02  4.082435176983e-03 -4.407173739980e-03 
 9.159916747569e-03 -4.407430722104e-03 -1.425566558031e-02 
 5.195716916751e-03  1.118742241010e-01 -3.424395715085e-02 
 1.461457533927e-02 -1.196825106198e-02  4.073943013817e-03 
 1.965437619793e-02  1.076669867723e-02  7.944968161227e-04 
 1.490412659280e-02  7.689505929064e-03 -1.885058024464e-01 
 3.535307294720e-02  1.178510695741e-02 -8.975035209436e-04 
 3.948819571817e-03 -1.474273439324e-02  1.030099450578e-02 
 1.337854575333e-02 -1.083806700609e-02  4.307624552605e-03 
 2.834315489626e-03 -1.876887896688e-02  6.646106273960e-03 
-4.237698156261e-01  3.674008838793e-01 -2.838944443313e-01 
-1.923174455342e-02  3.156517038444e-02  2.237360448172e-02 
 2.866456719501e-03  1.654993153888e-02 -1.316903211674e-02 
 6.780075238567e-03 -6.701470342153e-03  6.200796434031e-03 
 2.081977533073e-01  3.992779960146e-02  3.647114824282e-01 
 4.807658026270e-01  3.028439196692e-01 -1.930963970136e-03 
 1.264666927239e-02  6.798726842727e-03 -4.865444683085e-03 
-1.566901064193e-02  2.116609572768e-03  8.192720989941e-03 
-2.222635482611e-03  1.316109455482e-01 -4.118858379171e-02 
-7.962978525276e-03  1.291045486340e-02 -2.965643963528e-03 
-1.531824678330e-01  5.230507516039e-02  2.143895628613e-06 
 1.278143762560e-02  9.665745117157e-03  2.203503358763e-02 
 1.699431965910e-02  7.989396870056e-03  8.780663842564e-03 
 1.107440530317e-02 -6.248161546135e-02  2.373358071370e-02 
-5.149013001198e-03  1.384849299735e-02 -2.404101386783e-03 
 2.817698551626e-02 -3.578613176368e-01 -9.221860137824e-01 
-2.009109917885e-01 -1.136678206836e-01  1.586004481139e-01 
-1.950694512230e-01 -1.065089733315e-01  1.751901071545e-01 
 1.391009360356e-02  8.964785959111e-04 -1.036427674631e-02 
-1.423355198681e-03  7.730865606285e-04  9.294630265535e-03 
-8.904030771807e-02 -3.168809958340e-01 -7.429368438352e-03 
 6.742924447794e-02 -8.897044606097e-02  2.600092883812e-02 
 6.929767706979e-02 -7.185901925194e-02  4.994771060496e-03 
 1.305132132472e-03 -6.814821102882e-03  7.074276559620e-03 
-2.492008002534e-03  2.496874388089e-01  4.184185637590e-01 
-5.723102702162e-03 -2.136812977502e-03  1.102470296899e-02 
 1.905221014637e-02  2.091244561960e-01  2.336173271479e-03 
-2.775515426782e-03 -7.333609309065e-03  6.659906139535e-02 
 2.739847667905e-01 -2.232663994260e-03 -1.034556561324e-03 
-9.969624171810e-04  4.160783510939e-01  8.319323299098e-01 
 7.130947621859e-03  7.879655115677e-03  1.000657137878e-02 
 1.160913217712e-02 -1.718797896365e-01 -3.205841373303e-01 
-6.083497730133e-02 -7.541369997844e-02 -1.222893832260e-01 
-9.648332169556e-02 -8.330156382703e-02 -4.445157912688e-02 
 1.796146593910e-02  5.222600816235e-04  7.703904853192e-03 
-7.756005736479e-05  1.944137712414e-03 -2.970281086708e-02 
 2.775121328502e-01  9.161875694813e-01  5.947947132844e-02 
-2.921228349064e-01  2.859039068435e-02  3.995711378350e-02 
-2.445656850316e-01  7.935593004231e-02  7.279380647973e-03 
 1.596420826752e-03 -9.213846009688e-03 -4.022771765964e-03 
 1.321761731249e-03  1.549829248095e-01  3.180364882321e-02 
-1.215313559800e-03  7.065172026037e-04 -7.013114416568e-03 
-8.079883841420e-02 -4.504694596864e-01 -9.016884335895e-03 
-7.237953367052e-03 -1.674130582801e-03 -2.744302140586e-01 
-9.528912823207e-01  1.728822868191e-03 -1.992241016594e-03 
-2.144444054485e-03  2.073425875120e-01  4.003217778204e-01 
 4.119083826043e-03  3.626600625447e-03 -3.893712625630e-03 
 6.249785261334e-03 -2.093141918011e-01 -4.358534039751e-01 
 8.508173413636e-02  4.216690970094e-02 -3.561008343681e-01 
 1.604893955952e-01  2.405847210285e-02 -3.770476265423e-01 
-1.426057203346e-02  4.891646531748e-03  9.161170930039e-03 
-4.867174518653e-03 -6.045668734893e-03 -1.443989326214e-02 
 1.533832338232e-01  6.191542434809e-01 -2.800368467992e-01 
 1.693317006843e-01 -3.129477626244e-01 -3.871647505648e-01 
 1.890828733697e-01 -2.936402011005e-01 -4.451433919703e-03 
-4.529318314438e-03 -1.971943366976e-02  5.332484691689e-03 
 1.173579523939e-02  1.302784095302e-02  2.883075403768e-01 
 1.174149638763e-02  3.029961736074e-03 -1.313769433024e-02 
-8.492130000915e-02 -1.170316635662e+00 -1.904714540830e-02 
 5.048429128933e-03 -6.510238516639e-03  2.390910915291e-01 
 8.158391539306e-01  1.804582464885e-03 -6.350020618032e-04 
-9.519811955301e-03 -8.420564546919e-02  7.140415150800e-02 
-3.104956846842e-04  2.538472717606e-04 -1.107284701308e-02 
-1.759574278287e-02  1.754783437296e-01  8.129099732643e-01 
-3.324189251012e-01 -2.464920671588e-01  1.241027281194e-01 
-6.412519682641e-01 -5.953846478257e-01  4.793389157837e-02 
 1.329454309937e-02 -8.357463421503e-04 -1.035406164432e-02 
-2.037883487669e-03 -3.147430263152e-03 -4.680080486219e-03 
-6.140567612629e-02  9.577545827807e-02 -1.774100554449e-01 
 7.665846403729e-02  1.968973741838e-01 -1.780206013185e-01 
 1.634319437446e-01  2.146217528010e-01  2.694299443835e-04 
 3.673124228170e-03  7.632034413029e-03  1.351544019777e-03 
 4.570750812065e-03 -3.604477806840e-02 -1.667578204061e+00 
-9.770888125232e-03 -9.926974011599e-03  2.216224902563e-03 
-5.990438588313e-02 -7.770358539679e-01 -6.300885198280e-03 
 1.442432052403e-03  6.628323131512e-03  3.397648465392e-02 
 3.128314424715e-01 -3.777815781031e-04  2.447736084499e-03 
 3.232566742735e-03  7.949174698414e-02  7.954285724606e-01 
 1.124650969998e-03  2.249501954982e-03  2.207350882421e-03 
 4.099863422458e-03 -1.100773934116e-01 -1.343661135881e-01 
-5.000559426426e-02 -2.156659742805e-01 -4.585620484832e-01 
-3.509513065682e-01 -5.242911895457e-01 -8.884700090523e-01 
-2.017688527867e-02 -1.883155679681e-03  9.965695541057e-03 
-3.348068749062e-03  1.495046492154e-03 -2.930791803201e-03 
 4.591445597648e-02  3.058747153202e-02  2.030994508757e-01 
-4.526734481212e-02 -3.812597200163e-01  3.454932390601e-01 
-3.457534844168e-02 -5.131094625305e-01 -5.006907010148e-03 
 5.282153204099e-03 -1.069251419264e-02  1.355731665979e-02 
-8.964398714376e-03 -1.042722841083e-01 -1.212789506807e+00 
 5.817548008048e-03  4.417446527193e-03 -1.355601715393e-02 
 7.148527283943e-02  1.152452074543e+00  9.505746094336e-03 
-3.447950119971e-04 -1.361187679557e-02  5.358702139757e-02 
-1.257686284086e-01  2.572820912042e-03 -6.219458131416e-04 
-7.070229366095e-03 -1.931545327477e-01  8.071283406594e-01 
 3.484706789198e-04 -6.629794588790e-03 -1.037594878261e-02 
-2.662032235568e-02 -2.701729442267e-01  5.572342689526e-01 
 3.469131116264e-02 -1.366397730521e-01 -5.432707462273e-01 
 1.558139489349e-01  3.035007568916e-01  6.557329910110e-01 
 1.637744267881e-01  7.137333581038e-02 -3.149587684832e-02 
 3.045287409828e-02  4.731910161151e-03  2.646602421433e-02 
 1.231347193822e-01 -3.356192910452e-01 -2.064176703781e-02 
 6.206594369559e-02 -2.643331714351e-01  1.104361735622e-01 
 1.224888197394e-02  3.913735960759e-02 -2.122247061566e-02 
-2.915690181784e-02 -5.138688394747e-02  9.015987363956e-03 
-8.833684140083e-03  9.921152100546e-01 -9.392858797113e-01 
-2.903591159540e-02 -3.793919620439e-02 -4.295416587072e-02 
 1.989918100818e-01  7.496549556036e-02 -1.371291299022e-02 
 2.012679255804e-02 -3.214022854234e-02  5.758774207805e-01 
-5.011028777829e-01  2.123460839507e-02 -3.369808626315e-02 
 9.063428807872e-03  1.244735293665e+00 -1.660127416431e+00 
 3.453873430660e-02  3.510548209545e-02  1.152214424991e-02 
 6.282025841911e-02  1.790416550034e-01 -2.901770618793e-01 
-6.115089406023e-01  5.250211370017e-01  5.853453227753e-02 
 7.271966238507e-01 -4.930789957929e-01 -3.651909678514e-01 
 9.300976399254e-02  2.168079397033e-02  3.779189550727e-02 
 5.399070006747e-02  8.498517221843e-03  5.097029873004e-02 
 3.237906264436e-01 -2.785788655896e-01  1.491725213942e-01 
-2.528134274088e-01 -1.212014972761e-01  6.287173448079e-02 
 1.048600844317e-01 -5.136261835772e-02  7.568562634276e-02 
 4.655342681148e-02  4.336976724647e-02 -4.497067978581e-02 
 6.510935772958e-02  4.278974214539e-01 -4.949911308039e-01 
-4.106696070587e-02 -5.585895365697e-03 -2.457926635081e-02 
 3.236895207254e-01 -1.592780600208e-01 -1.658878093925e-02 
-7.868407315228e-02  6.924622533672e-02 -1.574915626266e+00 
 1.726842124130e+00 -3.962505870693e-02  9.306165445538e-02 
-3.309903881946e-02  3.791437769615e-01 -5.488410086874e-01 
 1.372560067198e-02  7.923826144143e-03  2.597475164727e-02 
 7.080920874074e-02  1.979488261994e-01 -4.146791769409e-01 
-4.611177889628e-03 -6.567873530183e-01  1.099075809727e+00 
 6.926473445157e-02  7.867024793188e-01 -1.822642872458e+00 
 1.084265776781e-01  1.694789427714e-02 -2.839449309086e-02 
-1.975944624258e-02  8.415412271125e-03 -4.653320130449e-02 
-1.129551428296e-01  7.923574097786e-01  2.806205230143e-02 
 1.771488424659e-01 -3.208653036566e-02 -1.030300289136e-01 
-3.150139754075e-01 -2.568416048815e-01 -1.968630864753e-03 
 1.068444239458e-02  8.867203924031e-02  2.728577893054e-03 
-2.198206893597e-02  1.248344498987e-01 -2.483189408132e-01 
-1.834465582464e-02 -3.883017508205e-02  1.664588066903e-02 
-4.735131802695e-01  4.373797692029e-01  3.481629641857e-02 
 1.765645667993e-02  4.304605309884e-02 -2.018063793780e-01 
 4.267271552943e-01 -2.022684652350e-02 -1.963515692844e-02 
 1.110284501917e-01  7.990949623178e-01 -1.034508089887e+00 
 5.087547810784e-02  4.456151049647e-02 -2.594220398950e-02 
 6.927728125636e-03  1.513547040790e-02  1.251986529107e-02 
 9.603232845809e-01 -6.224297860599e-01 -3.476276282192e-01 
-1.266392893546e+00  8.998168282461e-01  5.150706579941e-01 
-1.523813984131e-04 -1.770394937528e-02  6.643552172536e-02 
 3.898490207128e-02 -4.351732136028e-03  5.683821453332e-02 
 3.145856380714e-01 -6.730578815382e-01 -7.605546868352e-02 
-3.144657166879e-01 -1.359624106663e-01  2.895059841897e-01 
 1.523066653950e-01  3.085678506758e-01  5.965192629259e-02 
 2.985978125805e-02 -1.050964362720e-02 -1.946564313644e-02 
 1.397304127035e-02  2.177104724499e-01 -1.719755836876e-01 
 2.202691387536e-02 -1.065238047948e-02 -1.762713323217e-02 
 1.542520933704e-01 -3.182130700658e-01  2.936086864501e-02 
-7.801243415393e-02 -5.372648600378e-02 -1.095042385392e+00 
 1.280844685283e+00 -5.138919639831e-02  6.716466147535e-02 
-8.668111660595e-03 -2.343176871519e-01  3.261229944765e-01 
-4.906082531570e-02 -1.932087976024e-02  2.838901303497e-02 
 1.368232559135e-01  5.970592492484e-01 -1.013510539816e+00 
 1.542903782941e-01  1.163172294649e-01  5.665034555035e-01 
-8.025187411633e-02  7.270882206352e-02 -7.533122665738e-01 
 1.018958430428e-02  1.084647554691e-01 -5.031474310014e-03 
 1.755950917475e-01 -3.102363934798e-02 -5.745975844736e-02 
-4.521029037634e-01  4.841523264812e-01 -1.973530309379e-01 
-7.922953808440e-02  2.085226313971e-02  6.197833639806e-01 
-3.862344691902e-02 -3.436757174826e-01 -4.756981774390e-02 
-4.328745158770e-02 -1.459600369706e-03 -7.618995608019e-02 
 6.995007689140e-02  9.483311901448e-01 -8.050570541289e-01 
-4.464286194660e-02 -5.000387622024e-02 -6.857193934885e-02 
 1.201115347960e+00 -6.653784099269e-01 -1.039569448679e-01 
 1.615262151481e-02  7.442610028010e-02  4.354538049686e-01 
-4.072390560720e-01  8.774846513705e-02 -3.202428834529e-02 
 4.286620193141e-02 -8.341566314083e-01  9.131277751869e-01 
-5.175885755242e-02 -1.697737175202e-02  9.886858271294e-02 
 1.169362443179e-01  4.656531461437e-01 -4.163491000377e-01 
 5.421308487880e-01  7.729843018448e-01  1.819959422941e-01 
-8.173415767896e-01 -1.312930991977e+00 -3.071217670241e-01 
 7.633656328753e-02  1.516670174858e-01  3.717843622708e-02 
-4.378035274585e-02 -4.424161565218e-02 -5.488085877089e-03 
 8.508131669339e-02  1.282604835421e-01 -1.875744797360e-01 
-1.691188905722e-01 -2.248377174335e-01 -1.891180037908e-01 
 3.543433964535e-01  3.408473760770e-01  2.248883031771e-02 
-3.374044857176e-02  7.338417378283e-02  3.685990594670e-02 
-1.020589165495e-01  7.244835953097e-01 -1.366603857810e+00 
-7.750688551313e-02 -1.237201237248e-01 -6.658660022115e-02 
-1.231184236440e+00  9.956896635593e-01  1.434673536233e-01 
-3.854448345432e-02 -3.654364560345e-02  1.850165411707e-01 
-1.819529782758e-01 -1.252512619538e-01 -2.339041535719e-02 
 6.808414242853e-02 -3.412116428145e-01  1.005750336666e+00 
-8.716273752193e-02 -7.476165530470e-02 -1.211844524075e-02 
 1.440650709853e-02  4.401185706173e-02 -1.590605087144e-02 
 6.961298978715e-01  5.554033949837e-01  5.740417492656e-02 
-1.608487198216e+00 -1.323639697257e+00 -6.290360706123e-01 
 1.064940718451e-01 -4.636767173771e-02 -5.590692752781e-02 
 5.302657353779e-02  4.085629442512e-02  1.157319600944e-02 
 1.046027501523e-01  3.555970532308e-01  4.870108830777e-01 
 7.789767965063e-01  2.335044503407e-01 -2.013159307290e-01 
-9.590790702358e-01 -4.690609055518e-01 -1.329083586382e-03 
 2.194378141298e-02 -2.938701975902e-02 -2.783610883037e-02 
 6.741402035096e-02 -2.384537758428e-01 -9.828751368061e-01 
-1.217492980683e-01 -7.317972570134e-02  8.651667778630e-03 
 4.834900459421e-01 -5.011111142554e-01 -1.356774371433e-01 
 4.425434722433e-02  1.981586604923e-02 -3.196612156615e-01 
 2.187978191571e-01  7.663957617194e-02 -5.448993803096e-02 
 2.513191738869e-03  3.455791846040e-01  5.797381514488e-01 
-4.762487503951e-02 -7.677866680744e-02 -8.077374106055e-02 
 5.395897818777e-01  2.475417082312e+00 -3.525971894625e+00 
-1.563978914072e-01 -1.176363689913e-01 -3.435451360124e-01 
 4.521149604564e-01  6.190092310287e-01  7.708287710202e-01 
-4.411324805297e-02 -3.927112210100e-03  1.924990229751e-01 
-9.152799118612e-02  3.866158185359e-02 -2.430289226939e-02 
-8.053013877225e-02  3.574503260246e-01 -1.193741540710e-01 
 5.495177465717e-01 -5.937244103349e-01  1.972642432684e-01 
-9.764314116968e-01  8.642208807211e-01 -5.093616318813e-04 
-3.183864445849e-02  3.692136580036e-02 -4.579876962571e-03 
-6.172025414923e-03 -5.989494332918e-02  1.361813893913e+00 
 1.012990430586e-01  1.491746024797e-01  6.894522052999e-02 
-5.272362663525e-02  5.514435304096e-02 -1.254118972651e-02 
-1.274059471172e-02  3.492350775752e-02 -1.426710062160e-01 
-4.210244072728e-01  5.004625225991e-02 -1.416745985619e-01 
 1.593025816153e-01 -1.047568335815e-01  4.034268315223e-01 
-2.655360634704e-02 -5.412176888676e-02 -2.192364040931e-02 
 1.178387834623e-01  5.211373550082e-01 -9.314407030776e-01 
-5.686415335952e-02 -2.676541981091e-01 -1.364066208079e-01 
 8.020995630095e-01  8.990272810586e-01  5.475177927061e-01 
-2.637682225454e-02  9.664487594207e-02 -8.735972806852e-03 
-1.572868508393e-02 -2.064650917521e-01  4.219408801056e-02 
 1.705406081541e-01  9.751814059985e-02  9.587989625485e-01 
-7.649459605453e-02  1.468670121999e-01 -2.018991331655e+00 
 2.316692406048e-01 -1.178889911123e-01  1.579932906130e-02 
-4.993904622762e-02 -2.626812162458e-02 -8.923621083512e-02 
 4.978254716007e-02  5.555732060512e-01  4.013787305305e-01 
 9.467202421013e-02 -5.655992465670e-02  4.535518227080e-02 
-4.229724644014e-01 -7.094451537853e-01 -2.304928108262e-01 
-1.212772923090e-02  1.734142768987e-01  1.363257747949e-01 
 5.105220224611e-01 -1.538661027220e-01  8.359022487933e-02 
-1.316767621963e-02 -5.523835538392e-01  2.512272110614e-01 
-6.168714534039e-02  9.926736411244e-02 -6.091639120072e-02 
 2.195813255106e-01  9.267088605942e-01 -2.219499520913e+00 
-1.636126401027e-01 -1.253832329250e-01 -1.462585319888e-01 
 5.652357481587e-01  4.081896945506e-01 -4.836103094619e-01 
 2.570609717494e-03  6.165915084366e-02 -1.407165013053e-01 
 9.441716396467e-02 -8.078851415996e-03  1.288728452719e-01 
 7.711151667543e-01 -9.281733704742e-01 -2.152933041700e-01 
 4.068772569034e-01  9.799977519681e-01  5.836694356301e-01 
-6.381487512477e-01 -1.999539273511e+00  5.235130281782e-02 
-4.757394361022e-02  2.650422198816e-02  2.531707048330e-02 
-1.055624168372e-01  3.451083544088e-01  1.163819677224e-01 
 3.544998492401e-02  5.742089997180e-02  9.761710489798e-03 
-2.221614172851e-01  1.266883694525e+00  3.103435170540e-01 
-5.791639456457e-02 -7.889843204114e-03 -1.966226091419e-01 
 3.332262929643e-01 -1.153119740669e-01 -1.397306133081e-02 
 2.304886819597e-02 -2.064991479924e-01  8.817237145241e-02 
-1.840282016615e-02 -1.356654000603e-02  1.195692170041e-01 
-5.106961892797e-01 -2.267495695311e+00  3.544285778740e+00 
-2.434254765067e-01 -1.312442338247e-01 -1.109636780252e-01 
 7.733620871202e-01  8.928811696530e-01  8.894972882813e-01 
-4.096406112797e-02  3.180945544514e-02  1.900407011630e-02 
 1.485514588967e-01 -1.259477215587e-01 -4.397359087100e-03 
-4.235798236701e-03 -2.926844314670e-01 -1.300152948649e-01 
 7.338664343248e-01 -4.250561420015e-01 -1.925458948462e-02 
-1.279728327943e+00  1.242485519364e+00  1.951273712670e-02 
-5.337281272209e-02 -3.364635695485e-02 -4.757684954689e-02 
-6.124061839758e-02  5.140503602748e-01 -3.094312019554e-01 
-6.279611775689e-02 -8.175528169862e-02 -1.921049131658e-02 
-4.004453475308e-01  2.314297584262e-01  7.180158517958e-02 
-4.790581665805e-02  6.893180717706e-02 -3.586792454379e-01 
-4.878979418871e-01 -2.448748277651e-02 -2.014209819873e-01 
-2.312569122867e-02 -8.073277981125e-01 -8.080859049966e-02 
 4.883983338944e-02  9.750720581465e-02 -6.389925811453e-03 
 9.582681532960e-02  4.209693269615e-01 -6.482407205567e-01 
 1.041907053000e-02  1.500450837472e-01  3.460072457205e-02 
-2.938099922140e-01 -4.209988328649e-01 -3.233531541410e-01 
 1.220424982869e-01 -2.294793322313e-01  3.688864788262e-02 
-8.626695220101e-02 -5.538269746979e-01 -6.605718160429e-03 
-2.516192933268e-02 -1.545145640191e-03 -3.180374305899e-01 
 2.194647899726e-04  3.211839194773e-02  7.377127749662e-01 
-4.402833691798e-03 -2.289848099926e-01 -1.205864830765e-02 
 8.262443763767e-02 -1.101220900509e-02  1.845235667748e-03 
-4.992424049915e-02 -1.899672384371e-01 -5.345212092928e-02 
 1.638818328104e-01 -1.631287416486e-01  7.055608289482e-02 
 2.571020939493e-01  2.660064644945e-01  7.556085064389e-02 
 5.759560403736e-02  2.165835364427e-02 -3.422492344760e-02 
-9.846454186763e-02  6.847581087043e-02 -4.591739727876e-02 
-1.312037983800e-01  2.834019174879e-01 -2.369304933412e-02 
-2.849823325116e-01  2.888483354388e-01 -9.852402848376e-02 
 1.143418807272e-01  5.025899514462e-01 -6.694297124508e-01 
 6.219355775355e-02 -5.458225702823e-02  5.514923063651e-02 
 1.324152041295e-01  1.960222695554e-01  1.553915533359e-01 
 5.102211897347e-02 -3.512788916967e-01  2.208712164513e-01 
 2.981680413095e-01  1.002817610175e-01  9.088730353130e-02 
 3.985217821765e-01 -5.675087777576e-01  7.440276226793e-02 
-1.870796115676e-01 -5.751472701786e-02 -5.225617043087e-01 
 4.169138299616e-01  1.026611334068e-01 -9.556078448244e-02 
 1.637244670175e-01 -3.023220537898e-02 -1.560180563171e-01 
-1.187064781019e-01  2.753944116916e-01  8.688619388847e-02 
-1.355393063044e-01  1.578711118272e-01 -3.923775859875e-02 
-3.592041311721e-01  8.534276233832e-02  9.900196815719e-02 
 2.750408306457e-01  2.271707306293e-01  2.848938445607e-01 
 9.172958611341e-02 -1.205665445707e-01 -1.182250636888e-01 
-3.836442086862e-01 -6.215260802501e-02  8.422971082050e-02 
 3.269467450073e-02 -3.873501575816e-02 -7.724492949851e-02 
 3.794841509856e-03  5.029923970503e-02  1.263661232726e-01 
 2.046960295467e-01  1.724534600873e-01 -8.069001231115e-03 
-1.076720920153e+00 -1.133924482316e+00 -5.373924126263e-01 
-7.855213898886e-02  2.444715737851e-01  8.735489301130e-02 
 3.205721360342e-01 -1.325767998219e-01 -1.880303809767e-01 
-8.483066065290e-01  1.461742839301e+00  2.412847869634e-02 
-7.616142944831e-03  4.123027022156e-02  2.580566650313e-02 
 1.896056919222e-01 -1.310169415372e-01  5.957011757966e-02 
-3.531311549627e-02 -2.114244960891e-02 -1.004832098050e-01 
-5.218030144870e-02 -1.109462379091e+00 -7.284241340754e-02 
 1.327173630088e-01  5.092846195941e-02 -2.531446618182e-01 
-5.677603032901e-02 -2.486080519782e-01 -7.954121210839e-02 
-1.115310293343e-01  9.232514385023e-02  1.697962018804e-02 
-7.468086718694e-02 -2.201598608741e-01 -2.049329919254e-01 
-1.896468588419e-02  9.472505965951e-01 -1.864175686537e-01 
-9.498913527163e-03  1.254319358500e-01  4.025948599187e-01 
-4.572329160448e-02 -1.060232636646e-01  8.519197970533e-01 
 1.367371826054e-01  1.382093414487e-01  1.093881060152e-01 
-4.080554465189e-01 -1.901174966747e-01  5.064295503420e-01 
-3.300777659101e-01  2.171519525311e-01  1.159998967378e-01 
 1.174344441877e-01 -9.163037078055e-02  4.959253011965e-01 
 2.156803241100e+00 -3.508782093073e+00  1.109164597211e-01 
 4.018470936893e-02 -2.654613037538e-01 -6.900423384615e-02 
-7.699503809597e-02  6.253268310505e-01 -1.639838465539e-01 
-4.962472855421e-02  1.553668990016e-01  5.545004712236e-03 
 7.170351654135e-02 -1.022348772644e-01 -1.003877109322e-01 
 9.569205113985e-02 -4.615640870992e-02 -1.249089752177e-01 
 3.208929625758e-01  1.759894657970e-01  1.773504884855e-01 
 2.540712344523e-01  8.173225665847e-03  2.341176657831e-01 
 1.186064465818e-02  1.818945016859e-01  2.861718569018e-01 
 3.065950264570e-02  3.270689274548e-01 -7.376450289920e-02 
 1.170364461468e-01  1.210463537464e-01 -1.913615835868e-02 
 8.010252674749e-02  3.451573851606e-01 -5.446317732835e-01 
-8.501739995263e-02 -3.547777549815e-02  2.909608441627e-02 
 6.271147197775e-01  6.088664235393e-01  5.099302610909e-01 
-1.645918348823e-01 -1.471502963995e-01  1.528598881771e-01 
 6.735706043782e-02 -1.026228505556e-02 -2.600971736618e-01 
-1.150146101576e+00  1.582136676421e+00  3.249057032928e-02 
 2.236007829035e-01  3.367721385201e-01 -5.467507945118e-01 
-4.748512462637e-01  1.598203958275e-01 -4.444277342844e-02 
 1.618886057548e-01  1.400074223346e-02  1.738645929185e-01 
 3.044022499645e-02  8.557996402658e-01 -3.780702969103e-02 
 1.600619078246e-01  7.120753061299e-02 -5.195060280045e-01 
-7.813626698280e-01  1.390000389034e-01 -1.595726855242e-01 
 7.180303962572e-03 -4.211266209351e-01 -4.179471295241e-01 
 1.090705748389e-01  2.138652903052e-01  8.776407021591e-02 
-1.446294457064e-01 -9.648535128742e-02 -1.836094272083e-01 
 8.944181534083e-02  7.890521888560e-02 -2.185495748972e-01 
-2.508618582500e-02 -1.150645246629e-01  1.333671096487e-01 
-1.580726381411e-01  5.065949945462e-02 -2.495980286137e-03 
 3.865570545798e-01 -1.269849398176e-01 -1.224640056199e-01 
 1.718031466674e-01 -3.450720608369e-01  5.333843771663e-03 
 4.279000102545e-01 -1.008078833502e-01  1.630334817630e-02 
 1.095889920579e-01  3.974637325523e-02  8.891477705666e-02 
 1.844499906331e-02 -1.124624084586e-01 -3.653994376439e-01 
-3.467510941232e-02  9.558854518649e-02 -3.474129205759e-02 
-2.485487533303e-02 -5.034641871976e-03  3.882054820279e-02 
 2.952293938087e-02 -1.775156769500e-01  1.370333323598e-01 
-9.496590201909e-02  4.408686723317e-02  1.431256218621e-01 
-2.797158421302e-01  8.754534082636e-02 -1.288292560227e-01 
 2.560103355811e-01 -3.955468091702e-01  8.918966330880e-03 
 2.176477511087e-02 -2.098592022910e-01  2.387696192305e-01 
 4.631383948094e-01 -2.436150153778e-01  1.599193933531e-01 
-1.333639642664e-01  5.185739953404e-02  2.992116145941e-01 
-2.358566016079e-01 -1.033298282136e+00  1.385911776459e+00 
-1.442330221765e-02 -1.271588520865e-01 -2.425815044014e-01 
 2.260705174094e-01  2.727882751377e-01  4.714641398796e-01 
 4.064663031637e-01  2.346826410828e-01  4.428004650334e-01 
-2.903333506147e-01  1.187877474350e-01 -1.063101461444e-01 
-5.264648799953e-01  4.518142921513e-01  7.189732154415e-02 
 1.028317456565e-01  2.873768160074e-01 -4.793091340403e-01 
-4.021814642569e-01  8.146707700643e-02 -9.094200220826e-02 
 4.464300642943e-02  1.377569954884e-01  3.689144530009e-02 
 6.712469984663e-02 -1.719755722084e-01  1.550011696705e-01 
-7.291845883516e-02  9.726210511524e-02 -8.904777504154e-03 
-4.069689765508e-01 -9.826701108527e-03  5.552215942172e-02 
 2.440656330451e-01  1.283144723364e-01 -1.829764512596e-01 
 1.456006233999e-03  3.040837350132e-01  1.291365385739e-01 
-3.486689827771e-02 -4.775004428965e-01  2.228720886641e-01 
-2.188327260574e-01  1.381146231280e-01  3.921055720105e-01 
-1.840280577263e-02 -9.829113562087e-02  1.620720225641e-02 
-5.618537515321e-02  3.305030960041e-02 -9.963867937493e-02 
-1.617144044472e-01  3.840546497269e-01  3.332464267604e-03 
 1.090451459834e-01 -1.292235665157e-01  1.618775596227e-01 
-3.137148564711e-02 -1.364193370301e-01 -6.929595779828e-02 
-3.142421124945e-01  4.000219382022e-01 -1.527655079593e-02 
 2.591963781312e-02  1.107337193066e-01  9.178835535873e-02 
-2.592957878455e-01 -8.048311109696e-02 -3.749551406251e-02 
 6.105227642012e-02  1.334790510149e-02 -6.038959824923e-03 
 3.370106826041e-04  1.171822491976e-01 -1.233987207206e-02 
 4.186975554986e-01 -4.450952251642e-01  1.041563160225e-01 
 3.473627051897e-02 -8.095850937993e-02  1.719719637302e-03 
 2.023074165437e-01  1.710100832077e-02 -2.389574447733e-01 
 1.477654016212e-01 -2.245566960992e-02 -3.977442433285e-02 
-2.241040994661e-03 -5.441354921112e-02 -1.317355405657e-03 
 4.963923730651e-01 -5.806185997908e-01  2.416488916041e-01 
 1.134848402628e-01  4.424862508492e-01 -7.210719304665e-01 
-1.280244506396e-01 -9.081422201587e-02  2.243037574852e-01 
 3.364671023695e-02  3.078243900866e-01 -3.624340002866e-01 
-1.092391205781e-01  3.108750966382e-01 -4.569263894208e-01 
-2.249655732595e-01  1.216023273298e-01 -1.547565723651e-02 
 1.285266140750e-03  2.660951513771e-01 -3.264566675382e-02 
 1.289678510226e-01 -3.388005993468e-01  4.408882185079e-01 
-7.042431245959e-01  5.489713387803e-01 -4.267509452292e-02 
 1.364339230442e-01 -6.344894991413e-02  1.222384683632e-01 
 5.485926130609e-02  1.790959254713e-02  1.410101010780e-01 
 1.139571851649e-01  7.168957891884e-03 -2.936707138070e-02 
 2.252635604106e-01 -6.249343987951e-02 -6.404247361992e-02 
 5.270343811383e-01 -2.527432992906e-01 -7.312420859264e-01 
 3.520748565692e-01 -3.009443661354e-01 -1.990026805262e-01 
-3.533382763931e-01 -1.476646281642e-01  2.280063792206e-01 
-2.489787976785e-01 -4.352980333186e-02  2.052026535376e-01 
-1.608783730984e-01 -6.462531723793e-01  1.014230156335e+00 
-1.423057370397e-03  2.613476436797e-02 -2.328822489469e-01 
-1.436990610509e-01 -3.098146024603e-02  5.577726193514e-01 
-4.341660250158e-02  6.505443710598e-02  3.676789866398e-01 
-3.046448056800e-01  6.657685849556e-02  6.607300393878e-03 
-1.435087345345e-01 -6.403426215456e-01 -2.498803002134e-01 
-3.645643168576e-02  3.762867856876e-01  1.068605706914e+00 
-1.003381765069e-01 -3.736178791500e-01  4.730102450322e-02 
-1.291787466405e-01  7.752448783592e-02 -5.856734005736e-02 
 8.013040778982e-02  1.488510243787e-01 -2.201514445574e-01 
-5.779106866964e-02 -3.187079684335e-02 -1.185750463076e-01 
 9.573553903388e-01 -2.214294659713e-01 -1.996524601885e-02 
 4.020102051819e-01 -2.599722775758e-02 -1.902600884775e-01 
-2.339266339964e-02 -6.240702881671e-01 -1.523319297443e-01 
 3.126737382865e-01  1.269298012845e-01 -2.813594704696e-01 
 7.133642648974e-02  1.415503180902e-01 -3.910867053607e-01 
-1.578006482544e-01 -7.831040003721e-01  5.765004762578e-01 
-8.039348888571e-02 -1.785426751908e-02  6.548389907605e-02 
-4.230932629467e-01 -3.531308663705e-01  1.924120075940e-01 
 2.614300411630e-01  2.470076591162e-01 -6.099882133734e-02 
 3.214652900504e-01 -8.149418294809e-02 -8.530015641875e-02 
-3.893794217568e-01  3.266545504437e-01 -9.756061465796e-02 
 4.884888249193e-02 -1.008226960296e-01 -2.708745107420e-02 
-6.213641498352e-02  1.342543649554e-01 -5.179923141719e-02 
-1.591493870582e-01 -1.350417914517e-02 -1.244998035831e-01 
 2.823099968446e-02 -7.917333603690e-01  4.344074503333e-01 
 3.762599356654e-01  2.569734256737e-01 -1.514397840489e-01 
-1.939213051144e-01 -2.315892346903e-02  7.415004373958e-02 
 9.239153872944e-02  6.125540881568e-02 -8.655824884459e-02 
 1.314444358404e-02  1.881178580962e-02  2.164517607662e-01 
 2.155360934829e-02 -2.889931991558e-02  4.696454056994e-01 
-3.065882589788e-01 -4.397435384913e-01 -5.147801440189e-01 
-2.064376275544e-01 -8.498902348309e-01  1.783289562523e+00 
-2.720287965157e-01 -1.195044160737e-01  2.350954390488e-01 
 7.237702904651e-03  4.126525412091e-02  8.305463378912e-01 
 9.896468421378e-02 -1.134486017706e-01  2.716288684179e-01 
-7.646415874111e-02  1.063608415045e-01  5.381585843264e-01 
 2.268201950829e+00 -3.596995903626e+00  3.710413685206e-01 
-3.333346203494e-01  3.222300121956e-02 -1.097561224494e-01 
 6.331098566986e-01  8.201383971228e-01  1.416307758233e-01 
 2.251320440112e-01  1.035012206948e-01  6.564287577973e-02 
 4.782487950569e-02 -1.403635423095e-01  9.347023139947e-02 
 2.437721385670e-01  1.097655654213e-03 -2.830473855017e-01 
 6.621486067151e-01 -2.254288570329e-01 -3.659917587545e-02 
-2.045968652235e-01 -2.697123094585e-01  8.257626318638e-01 
-6.947622955743e-01  1.993140412991e-02 -5.361671294536e-01 
 1.171840828719e-01 -2.338780706707e-01  2.901138093199e-01 
-3.100616033874e-01 -1.966452950960e-01  2.034172761425e-03 
-9.684346220477e-02 -2.547876536946e-01  1.137710505798e+00 
 1.071977315480e-01  1.318594542027e-01  2.342317511540e-01 
 1.667581046805e-01  2.425034562195e-01  2.992903444871e-01 
 1.739528216553e-01  4.352219551415e-01  4.731798707509e-01 
 2.568290324394e-01 -4.576999808964e-02  1.110742342277e-01 
 3.844450769401e-01 -9.607043322558e-01  5.816454173156e-02 
-2.271073871380e-02  1.177938786472e-01 -2.370395623185e-01 
 1.553914498949e-01  9.274549549622e-01 -5.297550097435e-02 
-9.936402398138e-02  7.459096779521e-02 -8.726060170056e-02 
 1.035583195611e-01 -3.338721259833e-01  4.330855657514e-01 
-9.397653408704e-02 -1.056415009179e-02  6.062955377289e-01 
-1.750215979598e-01 -3.501315536302e-02 -1.308661082837e-01 
-1.431941503199e-01 -6.405609177651e-01  1.329485058496e-01 
-1.334339390950e-01 -9.766224246968e-03 -1.856290425779e-01 
-4.443791938586e-01 -2.176633737410e-01 -1.838802995218e-01 
 2.547470615432e-01  1.468150896569e-01 -2.147470415333e-01 
-6.601940476413e-02 -2.397138184228e-01  6.789518153222e-01 
 5.763424031338e-02 -1.251396319853e-01  1.982112127120e-01 
-1.216100812821e-01 -1.998149824090e-02  2.420074708130e-01 
 7.327268421405e-02  1.357439579118e-02  6.991244944641e-02 
-3.635442075744e-01 -7.950303239968e-01  2.322817145227e-01 
 8.791406048262e-01 -1.647311990309e+00 -1.134249530361e-01 
 1.103969477384e-01 -6.394062090260e-02  2.923225441284e-01 
 1.167109685589e-01  3.906169196600e-01  2.254002963348e-02 
-8.531091597139e-02  5.735044435243e-02  1.500427640446e-01 
-8.797174844799e-02 -9.034229442682e-02  1.572308409472e-02 
-4.990120816805e-01  6.216889175561e-01 -2.414930978830e-01 
 6.034266552884e-01 -2.763590969349e-01 -1.513135393350e-01 
-7.099970006904e-02 -5.424118399722e-02  2.101353061658e-01 
-6.401830053594e-02 -1.432599795694e-01  7.885117765944e-02 
-1.827585173850e-01 -4.324779226201e-03  3.903339851406e-02 
 2.344790326271e-01 -4.058850209413e-01  1.236080826971e-01 
 3.111124987410e-02  4.575414551226e-02 -8.492522779782e-01 
 2.185876319856e-01  1.413490697437e-01 -3.152980009774e-01 
 2.706350434882e-01  1.070723510016e-01 -3.266631828374e-01 
-4.190759765111e-02  2.336891712772e-01 -4.134262611830e-01 
 1.400716547682e-01 -3.433552060121e-01 -3.266711682495e-01 
-1.103855928870e+00  2.719001050218e+00  2.448259532694e-01 
-5.216564680084e-01  2.168546201084e-01 -2.092879832487e-01 
-4.482906935737e-01 -6.643595503280e-01  1.575869168035e-01 
 1.960010444334e-01  2.269923549722e-02 -3.131521295084e-02 
 1.140284942215e-01  6.336908636017e-02  2.066000798743e-01 
-1.920854922208e-01  2.936604204000e-01  1.573574246653e-01 
-7.388282487967e-01  4.448596582785e-01  1.538803947753e-01 
 5.063878984887e-01  7.198032023559e-02 -7.727665011190e-01 
-1.362493381099e-02  4.669397729570e-01 -5.299643813895e-01 
 4.609354131539e-01 -1.228794165148e-01 -1.014072389327e-01 
 2.904961479728e-01  4.506702745299e-02 -1.211902001410e-01 
 2.935481381951e-01  1.082199440415e+00 -1.617526032292e+00 
-6.480104567734e-01 -7.508669057094e-01 -4.905202544286e-01 
-2.054805750326e-01 -3.302716360208e-01 -4.920959368444e-01 
-3.479006621926e-01  1.231853682550e-01  3.384918694981e-02 
 2.943893171406e-01 -2.182269967039e-01 -2.639639537197e-01 
-9.971151503146e-01  1.929839488725e+00  1.953239585805e-01 
-1.215192919605e-01  9.370133686610e-02 -1.457007384381e-01 
-1.254828597815e-02 -4.319859389900e-01 -1.485237027138e-01 
-2.737686109390e-01  3.071613534679e-01 -8.994810804698e-02 
 2.261508002721e-01 -6.555401792488e-01 -2.634400357168e-01 
-6.561498706032e-01 -5.502855743189e-01 -9.196822850435e-02 
-4.224497038069e-01  2.682231739129e-01  1.424249664218e-01 
 5.507980293255e-03 -1.198647462997e-01 -3.256665036920e-01 
 1.346916513202e-01  1.080644118763e-01 -2.331482577627e-01 
-1.108100699838e-01  8.956054658825e-01  1.150496908213e-01 
-5.722383563898e-01 -5.218487918983e-01  2.439391886407e-02 
 2.201852301159e-02 -7.137873995041e-02 -5.934692744377e-01 
-3.844998255963e-02 -9.366396059819e-02 -2.959785854976e-01 
-8.109930296652e-02  2.123736414607e-02 -1.535601507862e-01 
-2.966733269871e-01  2.347033660181e-01  2.661671972957e-02 
 2.989909153204e-01  4.316828299464e-02  1.551540790263e-01 
 6.698326472123e-01  2.118359011886e-01 -7.867331376068e-01 
 2.000834808365e-02  3.386010826099e-01  5.966496305018e-01 
-2.507278990707e-01 -6.106240651012e-01  1.052923855998e-01 
 2.068155478446e-01  3.297375276309e-01  2.098597646307e-01 
-4.418513408365e-01  6.441979539662e-03  2.002239815195e-02 
-4.981663777737e-02 -1.236119119571e-01  3.162567593507e-01 
-2.936380095049e-02 -1.663118381351e-01 -8.089765922715e-01 
 1.459533105523e-01  2.662546306849e-01 -2.797728970788e-01 
 2.099792603919e-01  1.237764204708e-01  5.305605409244e-02 
 6.830470607163e-02  3.417271605314e-01 -4.816863021905e-02 
-2.430882310091e-01 -1.647733750981e-01 -1.439511112112e-01 
 5.806112839219e-03 -9.538508837837e-02 -7.026196358216e-01 
 4.021228234068e-01  2.889405990754e-01 -4.842723484364e-02 
 2.077907430733e-02 -1.082839310179e-01 -3.461396703605e-01 
 1.011958087455e-01 -4.975728562548e-01 -3.428590251855e-01 
 1.204409675106e-01  1.280866466814e-01 -7.897670928799e-02 
-2.155523609769e-01  1.054825251506e+00 -1.179916745119e-01 
-1.527613583368e-01 -5.638697959806e-03  4.626888552230e-02 
 1.710386269151e-01 -5.194293921458e-01 -3.437809637354e-02 
-4.807352998799e-01  5.071821909654e-01  5.296450390080e-01 
 3.928522166407e-01  4.542481550883e-01 -3.116956221196e-02 
 3.677614921647e-01  2.321727553652e-01  4.066476031280e-02 
-2.255991660383e-01  9.413687343445e-02 -6.593176535315e-02 
 4.442675735372e-02  3.929228668198e-01 -1.523195981647e-01 
 1.026901247279e-01 -5.801755994646e-02 -3.367290859031e-01 
-2.678105916613e-01 -1.864393907884e-01  2.451213342135e-03 
 1.618262669140e-01  2.097149717652e-01  6.073017474614e-02 
 3.806225527018e-03 -2.489336271790e-01 -1.086739656454e+00 
 2.567295312195e-01  2.698274708108e-01 -7.798143186198e-02 
-3.414033991020e-02 -1.832381169762e-01 -3.869112265098e-01 
-4.306297648630e-01 -5.301415999807e-02 -4.130788744734e-02 
-5.848395716584e-02 -9.691303808160e-02 -1.796181560899e-01 
-7.591862160239e-01  9.607325695374e-01  3.734261264586e-02 
 1.900914042055e-01  4.748899768131e-02  1.479173399512e-01 
 2.480194751763e-01 -8.908648992393e-01 -6.969800391446e-01 
 6.415413862346e-01  2.240571052621e-01  9.061770633092e-02 
 2.702907798186e-01  8.026662068919e-01 -2.373339719113e-01 
 1.605826743759e-01  3.649051384712e-01  3.674000054128e-01 
 1.406342516454e-01  8.787219952062e-02  1.719576846806e-01 
-6.862758391019e-01  1.791152891347e-01  3.065170432870e-01 
 3.684932014340e-02 -4.707964305182e-01  5.802752198457e-02 
 2.078335859219e-01  4.080127765252e-01 -1.476692295490e-01 
-1.586719990483e-01 -1.654836946061e-01 -8.890902101837e-03 
 1.308517963026e-02 -5.662012251967e-02 -3.749470834775e-01 
 1.491795373045e-01  1.785534855599e-01 -1.681667338708e-01 
-1.128863240961e-01 -1.194188763731e-01 -2.520466134890e-01 
 1.068470676343e-01 -2.866574638816e-01 -5.802948587161e-01 
-3.437325683336e-01  9.086747187429e-02 -7.404836679809e-02 
-1.581746277322e-01  1.050954700071e+00 -8.627226825335e-02 
-1.016034066135e-01  1.015347701567e-01  4.800932201712e-01 
-1.752409949542e-01 -1.319664013840e-01 -4.050208295695e-01 
-1.754443045871e-01  5.413871347210e-01 -7.858293372384e-01 
-3.476747835139e-01  2.077400100876e-01 -1.098951839366e-01 
 2.047467163186e-01  1.726245044089e-01 -1.959077618465e-01 
-5.294676297765e-02  8.068663011664e-02 -3.529071981856e-01 
-1.291265020339e-01 -5.906476841130e-01 -6.556229852016e-01 
 1.841999468343e-01  1.981367072975e-01 -2.272734838214e-01 
 9.136912616794e-02 -1.813007425122e-01  6.736572378137e-02 
 1.565615973067e-01  1.613849353227e-01  1.346562209729e-01 
 4.316489244461e-02  5.697079737621e-01  1.218679005835e+00 
-4.269580425467e-01 -6.344194198189e-01 -6.602716501219e-01 
 1.209024513133e-01  1.113974886703e-01  1.297977363282e-01 
 1.235239596028e+00  4.416275365914e-01 -6.942376312856e-01 
 4.590056338506e-01 -3.297103969336e-02  1.178084834881e-01 
 4.626380340115e-01 -6.574784654052e-01 -3.395415247403e-01 
 1.478717724714e-01 -1.567890410071e-01 -5.568044271861e-03 
 3.076344051817e-01 -1.015602816028e-01  4.765749988279e-03 
 4.124083343761e-01  2.925963102490e-01 -2.780152653623e-02 
 2.749877380448e-01 -2.415985422069e+00  7.258059619646e-01 
-6.232951561763e-01 -7.975249196521e-01 -6.946267711640e-01 
-3.148040429686e-01  1.054649951248e-01 -1.973288834614e-01 
-1.734209026655e-01  1.408121922566e-01  7.495783818134e-01 
-1.969152991727e-01 -3.048024076741e-01  3.019346813969e-01 
-6.842675786950e-02 -1.055527013341e+00  2.832868404323e-01 
 6.129954599156e-01  4.402785741315e-01 -1.804908871548e-01 
-5.393414653511e-02 -1.588860668813e-02  8.970959702106e-01 
-1.883624610661e-01 -1.331886525045e-01 -1.918027004381e-02 
-1.960014942703e-02  5.060749069509e-02  2.675077087765e-01 
 3.321858187121e-01  2.353932060420e-01  9.556577413465e-02 
 5.648770849678e-02 -4.823544730671e-03  1.198446485459e-01 
 6.913354210732e-01  3.825523507412e-01 -2.051826501582e-01 
-3.991178165017e-01  2.827685270477e-01  3.468730757295e-01 
-3.373431424174e-01  4.433460345285e-01 -9.361968575568e-01 
-3.557451636210e-01 -6.708357892424e-01  3.232478241821e-01 
-1.598340361789e-01 -7.182554237324e-01  2.286202019989e-01 
-1.784777824419e-01 -2.358929315328e-01 -1.932804597203e-01 
-6.752569553997e-01  2.078055179480e-01 -3.943248103213e-01 
-2.312017738607e-01  2.817674850530e-01 -1.776489660535e+00 
 4.642942851167e-01  3.668533695052e-01 -8.988651998993e-01 
 4.264921582872e-01 -2.787212015138e-01  9.243542493354e-02 
 1.190637331386e-01  9.821608160310e-02 -8.570701357321e-02 
 2.378570849430e-02  2.310103674539e-02 -3.589257334617e-01 
 9.792798677393e-02  7.972267014071e-02  1.619572629858e-01 
 4.529567242651e-02 -1.973488535559e-02  2.469357582894e-02 
-2.500667953682e-01 -1.411270709177e-01  1.422281930522e-01 
-1.225491939179e-01 -2.765765239406e-02  3.317717765911e-01 
 1.454754581944e+00  5.539969403760e-01 -1.513659490870e+00 
 1.431100319726e-01  4.195043679953e-01 -6.450695383688e-01 
 1.790714673309e-01  1.733506885883e-01  1.062580352189e-01 
 5.559664381208e-02 -4.484013732862e-01 -6.634115817901e-01 
 1.086765718597e+00  5.084820059366e-01 -1.187679593520e-01 
 9.880435743502e-02  1.778683893453e-01  7.267862804920e-02 
-4.177213606923e+00  1.431077757549e+00 -1.503632453488e+00 
 9.759357352297e-02  4.223751673505e-01  4.631695706210e-01 
-7.676968995179e-02 -6.087360157888e-02  1.897064704396e-01 
-1.114482644298e-01  2.349968328881e-01  2.977054275818e-03 
-1.323749979533e-01 -1.208677289674e-01  1.218790507010e-01 
orbocc
(*)
 0.000000000000e+00  0.000000000000e+00  0.000000000000e+00 
 0.000000000000e+00  0.000000000000e+00  0.000000000000e+00 
 0.000000000000e+00  0.000000000000e+00  0.000000000000e+00 
 0.000000000000e+00  0.000000000000e+00  0.000000000000e+00 
 0.000000000000e+00  0.000000000000e+00  0.000000000000e+00 
 0.000000000000e+00  0.000000000000e+00  0.000000000000e+00 
 0.000000000000e+00  0.000000000000e+00  0.000000000000e+00 
 0.000000000000e+00  0.000000000000e+00  0.000000000000e+00 
 0.000000000000e+00  0.000000000000e+00  0.000000000000e+00 
 0.000000000000e+00  0.000000000000e+00  0.000000000000e+00 
 0.000000000000e+00  0.000000000000e+00  0.000000000000e+00 
 0.000000000000e+00  0.000000000000e+00  0.000000000000e+00 
 0.000000000000e+00  0.000000000000e+00  0.000000000000e+00 
 0.000000000000e+00  0.000000000000e+00  0.000000000000e+00 
 0.000000000000e+00  0.000000000000e+00  0.000000000000e+00 
 0.000000000000e+00  0.000000000000e+00  0.000000000000e+00 