2mocoef
header
1
MO-coefficients from MOLCAS
1
48   48
a
mocoef
(*)
-4.557645274197e-05  2.552119539649e-05  1.590268668219e-03 
 9.952559846535e-05  1.916520693251e-04  4.518314346662e-04 
-1.775335094932e-04 -1.705220910379e-05  7.691111631972e-04 
 1.480690983486e-04  9.540741770379e-06  2.206679409696e-05 
-5.089906183857e-05 -4.655098776196e-06  1.001032557936e+00 
 5.094017913684e-03 -5.248965986826e-03 -1.605346123350e-03 
-8.187896042671e-04 -2.190961804773e-04  6.722486922501e-04 
 9.111071080340e-04  1.155279919652e-03 -2.737132590201e-04 
-7.521949817226e-05 -4.648011456386e-04 -2.581325162817e-04 
 4.315340541905e-04 -5.795991414535e-04  2.227415951747e-04 
-2.852667007363e-06 -3.335851472771e-05 -1.514728445454e-04 
-1.547920831459e-03  1.406135920348e-03 -9.142029299803e-04 
 4.871800306580e-05  1.577322549956e-04  2.533761304679e-04 
 1.880556413821e-04  1.530235373405e-04 -4.064661312141e-04 
 9.061852580279e-05 -2.197212717094e-05  1.615986421734e-04 
 1.086405748614e-06  9.757972523292e-06  7.790791575938e-05 
 1.000754429067e+00  4.595480690067e-03 -4.476086230492e-03 
 1.944581878159e-04  1.880404079401e-04  1.207202924463e-03 
-8.942693765628e-05 -1.256822196015e-04 -1.263283720375e-03 
 4.563477496452e-04  2.061739494597e-04 -4.516062722186e-04 
 3.635344167661e-04 -6.131462894273e-05  8.813518097213e-05 
 5.428693440588e-04 -2.685784158595e-04  1.202860508719e-04 
 3.741658871221e-05 -1.409950419208e-04 -1.902666838619e-04 
 2.323877951910e-04  2.506708225371e-05  5.776672711454e-05 
-4.029556239273e-05 -2.485780657387e-04  8.000579218583e-05 
 1.395739682038e-05 -7.777057085948e-04  1.360605650468e-03 
-1.762359490068e-04 -2.588645918326e-04 -1.928074098477e-04 
-6.015273032055e-05  2.473269866851e-04  5.612758941101e-05 
-2.536472582043e-05 -1.135296729523e-04  2.390582896012e-04 
 3.442670612351e-04  9.687430198636e-07  5.958175635127e-05 
-2.449252234961e-04 -3.047431670852e-04  9.555870961305e-04 
 4.552735311061e-04  3.842875187674e-04 -2.206663094546e-05 
-6.743097498191e-03  1.954644036375e-01 -4.308978625368e-02 
-5.871333549235e-03  1.030947298550e-02  8.728067176382e-02 
-3.002769730728e-03 -4.510419785075e-03 -2.737398208407e-02 
-1.146900293755e-03  1.909171332723e-03  1.770904325872e-02 
-7.291461382520e-03  5.267625436791e-04 -9.637954915990e-03 
 8.394571041821e-01 -1.677118824543e-01 -1.231108114473e-01 
-5.743383266625e-02  6.617711649062e-03  6.927903509894e-02 
 9.878388692385e-03 -2.166490704807e-02 -1.987080496870e-03 
 1.642521917636e-03  2.210971557701e-03 -4.350950853152e-03 
 5.765237357080e-03  4.497288243956e-02 -2.602871845577e-02 
 3.213175206519e-03  3.961839795270e-03  3.859946547799e-03 
 4.409238877633e-01 -2.178625230330e-01  3.923927548529e-02 
-8.990778002316e-03 -1.077425778270e-02  2.372664210021e-01 
-1.186734853286e-01 -2.043809593414e-02  2.390267528843e-02 
-6.803401182264e-03  5.376306722516e-02 -2.723708947303e-02 
-4.428173719155e-03 -4.562371025291e-03 -8.819720715587e-04 
 7.263378818652e-03 -7.048430697322e-01  8.792232507055e-02 
 9.580157263920e-02  1.612395471545e-01  8.184177784837e-02 
-3.189583802193e-02 -3.942656672969e-02 -2.446143530750e-02 
-9.853267317919e-03 -4.753099384401e-04  4.043750964680e-04 
-8.699963842288e-03  2.033278800975e-03  6.767995367706e-04 
 1.506104757888e-01 -4.973029791593e-02 -2.922876224649e-01 
 1.467349843367e-01  1.240775356338e-01  7.464069304167e-02 
-1.683198741124e-02 -3.472575669929e-02  1.660392670043e-03 
-3.340847605216e-03 -1.168415372113e-02 -3.856754460672e-03 
 1.135039246092e-02 -4.714131032473e-01  2.016297006644e-01 
-1.743000745051e-02 -2.052970404332e-02 -1.412358321927e-02 
 3.665698455093e-01 -1.666025238572e-01  2.187223765430e-02 
-1.723064096002e-03 -7.249517933662e-03 -1.227195668555e-01 
 4.949118615158e-02 -2.108732652666e-03 -5.373776822916e-03 
 4.952395662213e-03 -1.102257175497e-01  6.078010218166e-02 
 8.354156185174e-03  8.307857522684e-03  1.676092037661e-03 
 1.656423947906e-03 -2.965241356061e-01  1.746036206795e-02 
 1.222208970220e-01  8.325794249177e-02  1.494904334954e-01 
-1.907002157651e-02 -1.561595504126e-02 -3.796015836393e-02 
-4.634019995440e-03 -8.067784396139e-03  1.353668039896e-02 
 8.645522958825e-03 -7.393875836940e-04  2.573698366774e-03 
 1.478345181492e-01  6.077097814922e-02  5.540174520549e-01 
-3.306095062564e-01 -5.548706381870e-03 -1.027767428558e-01 
 4.698851695409e-02  2.334003557682e-03 -6.817707783742e-03 
-4.883450307874e-03  7.355645381365e-04  3.294977895688e-03 
-1.898580367653e-02 -2.899470414056e-01  1.254592504541e-01 
-9.916491027049e-03 -1.258850165974e-02 -6.038319208666e-03 
-4.598672914984e-01  2.025082750996e-01 -2.137367173798e-02 
-3.389835924929e-03  1.041016948762e-02  4.800952221461e-01 
-1.971532726967e-01 -9.593150139122e-03  2.884947446571e-02 
-1.468403610436e-02 -2.092242696130e-02  7.908188764381e-03 
 1.832737046499e-03  1.799129251487e-03  2.371413644220e-03 
 1.720913559946e-03 -2.267115762522e-01  3.430597397764e-02 
-2.774466470233e-01 -3.716403308952e-01 -2.358480058527e-01 
 2.666541668333e-02  4.734335992609e-02  5.121271103192e-02 
-2.894216048117e-03 -1.040556644537e-02 -1.254428915105e-02 
 1.688233424965e-03 -1.703587745489e-03  9.666085920863e-05 
-1.242530465829e-02 -3.677285442262e-02 -7.579381570252e-02 
-2.826160440409e-01  3.822046817139e-01  8.229830188298e-03 
 2.275309426331e-02 -2.374663319288e-02 -9.457389953221e-04 
 1.962653149718e-04 -1.637295029364e-02  5.627111468658e-03 
-3.869972000441e-03  3.417184453178e-01 -1.375651737235e-01 
 9.987231460094e-03  1.056155931522e-02  5.803843972885e-03 
 1.118771117000e-01 -5.346412607938e-02  9.762942197946e-03 
-9.150103331595e-03  5.493197555570e-03  2.794598886452e-01 
-9.970160393618e-02 -1.369127524855e-02  1.534754114013e-02 
-2.100309953254e-03 -4.032211322166e-01  1.663293511029e-01 
 1.886212653827e-02  1.600999425743e-02 -3.257156681610e-03 
 3.580749498639e-03  1.646001266596e-01  5.522396517827e-02 
 3.375339135847e-01  2.404521993480e-01 -3.018613466903e-01 
-2.789242780296e-02 -1.967921345186e-03  6.937928804122e-02 
 1.628454656086e-02 -9.125684841774e-03 -3.857024959285e-02 
 7.069871806521e-03  2.807464956659e-03 -4.762872441228e-04 
-1.694124443550e-01 -9.548911466801e-02 -1.472945623997e-01 
-2.221574691507e-01  5.394102135842e-01  9.517346183813e-03 
-8.748977417424e-04 -2.633168837475e-03  2.711815281321e-05 
-1.153989102151e-02 -1.531059107492e-02 -8.602280016020e-03 
 2.284925957086e-03 -9.544990022581e-02  5.648733457171e-02 
-1.424776648135e-04 -3.008349227822e-03 -1.054391638185e-02 
 1.814326245010e-01 -6.696471243308e-02  8.219231389364e-03 
-8.706398210088e-03  9.547511088873e-03  2.068320276677e-01 
-6.338659380323e-02 -1.230404389069e-02  9.448395936500e-03 
 5.736013363162e-03  5.016714422206e-01 -1.637362424341e-01 
-1.606348038173e-02 -1.709744236649e-02 -6.028049291175e-03 
-5.358423095549e-04 -4.509091088922e-02  2.022843736786e-02 
 4.655646213051e-01 -5.491407168629e-01  7.785650261539e-03 
 2.781037015132e-02 -2.441026830521e-02  3.852121733470e-02 
 3.218821548015e-03  4.504140663888e-03 -8.890663452069e-03 
 1.792030010319e-02  1.753650133541e-03  7.371748227853e-03 
 1.764876981053e-01  4.944433053963e-03  2.538284175265e-01 
 5.052447716344e-01  2.467540263451e-01  1.809247654653e-02 
 1.302746017887e-02  3.385845892115e-03 -5.013821552618e-03 
 7.178790920010e-03 -4.573184359327e-03 -1.378636085887e-02 
 4.260488716941e-03  1.137225091828e-01 -3.486460576069e-02 
 1.431571819937e-02 -1.104518768334e-02  3.512197928372e-03 
 1.670600622683e-02  1.051616316883e-02  2.093529828705e-03 
 1.544839670711e-02  8.799959189894e-03 -1.672654605765e-01 
 3.560688455882e-02  1.240425066200e-02 -2.247956877845e-04 
 3.721676975628e-03 -1.271483075171e-02  9.627896768772e-03 
 1.343979039652e-02 -9.985588242359e-03  4.512294260324e-03 
 3.379383274119e-03 -1.304723239912e-02  1.240331205610e-03 
-4.526099624715e-01  3.922895482902e-01 -2.818036686359e-01 
-2.233661387639e-02  3.307741269608e-02  1.832897075088e-02 
 3.130873136226e-03  1.555759012666e-02 -1.331671746817e-02 
 5.654594099652e-03 -6.597400988249e-03  5.691010457857e-03 
 1.921925108037e-01  4.100341851133e-02  3.863108766170e-01 
 4.347561608406e-01  2.999666136153e-01 -6.379136437916e-03 
 1.351853051130e-02  6.378469941173e-03 -3.915077297316e-03 
-1.544252270871e-02  1.768916019412e-03  8.319452144072e-03 
-3.365361395365e-03  1.199348157342e-01 -3.762437400670e-02 
-9.189514757858e-03  1.304045306572e-02 -3.334323798844e-03 
-1.513844676762e-01  5.427875234620e-02  1.443718038223e-03 
 1.247257305447e-02  9.585235492916e-03  2.828407656531e-02 
 1.275914746833e-02  7.806546044854e-03  8.933573788343e-03 
 1.203622240131e-02 -4.880749482402e-02  2.153105308548e-02 
-6.655982715469e-03  1.429503946684e-02 -2.140801849573e-03 
 2.913628443210e-02 -3.547899289089e-01 -9.409176042372e-01 
-1.897187618300e-01 -1.136083931502e-01  1.516216417206e-01 
-1.891464545757e-01 -1.113411453511e-01  1.630134939318e-01 
 1.374406957029e-02  1.139422495379e-03 -1.146282984241e-02 
-3.882774814178e-04 -2.355862249397e-04  9.128044383078e-03 
-1.003112343134e-01 -3.344884176855e-01 -1.567372297439e-02 
 6.216566877259e-02 -8.178397224440e-02  1.784052932646e-02 
 6.591532210901e-02 -6.957182313677e-02  5.778014432353e-03 
 3.482390528178e-04 -7.120884633880e-03  6.003153799157e-03 
-2.385924306143e-03  2.528625828853e-01  4.276883822239e-01 
-5.631446754970e-03 -2.441117307395e-03  1.108580102133e-02 
 2.425223085612e-02  2.115249637702e-01  2.489928479718e-03 
-2.904965370010e-03 -6.276687493207e-03  7.121674295825e-02 
 2.934842884033e-01 -2.920928013627e-03 -9.196620973049e-04 
-7.812478165160e-04  4.127703570512e-01  8.327867380850e-01 
 6.002089583514e-03  7.425081262582e-03  1.018448345657e-02 
 1.303392250479e-02 -1.870352481390e-01 -3.699191800651e-01 
-3.638951108231e-02 -7.747824261719e-02 -1.461379544261e-01 
-7.476231946074e-02 -8.539520578723e-02 -5.997143771101e-02 
 1.797404818677e-02  2.406019127719e-03  7.895628578020e-03 
-1.396094334011e-07  1.270567586319e-03 -3.010370197827e-02 
 2.832156050763e-01  9.514198777288e-01  4.699959886537e-02 
-2.815517815072e-01 -8.834841843465e-03  3.320661947959e-02 
-2.403038863861e-01  4.996675943745e-02  6.071597794164e-03 
 1.342106296463e-03 -1.055375692501e-02 -3.760011564454e-03 
 1.789642845162e-03  1.702812706848e-01  7.354745046941e-02 
-3.435509290981e-04  7.251740703525e-04 -8.073033582862e-03 
-8.665847375411e-02 -4.538346834021e-01 -1.032868060745e-02 
-7.012667864548e-03 -1.726681672213e-03 -2.580547269022e-01 
-9.630250346895e-01  1.307320922190e-03 -3.191165171594e-03 
-1.994081663928e-03  2.055466152401e-01  4.140001164335e-01 
 4.440380639482e-03  3.301289107916e-03 -3.404340249512e-03 
 9.946996472647e-03 -2.566863802767e-01 -6.106383516903e-01 
 1.836290504485e-01  1.140935453149e-01 -4.401414703460e-01 
 3.118757860840e-01  1.874311574527e-01 -4.192524574975e-01 
-1.891242366863e-02  4.264447993927e-03  1.245672219443e-02 
-3.063035323526e-03 -3.777466412503e-03 -7.998007000866e-03 
 1.543412240127e-01  4.520349154781e-01 -1.680392445853e-01 
 1.484709274055e-01 -4.033240956037e-01 -2.612444535540e-01 
 1.548892946278e-01 -3.768284756803e-01 -7.518405243974e-03 
-5.338062494029e-03 -2.332369593600e-02  6.314112731908e-03 
 8.943616295977e-03  2.103402865385e-02  6.514243021497e-01 
 1.437407436706e-02  6.814215428717e-03 -1.483373732371e-02 
-2.465769693691e-02 -7.156322508742e-01 -1.406318319585e-02 
 6.374261894481e-03 -1.048352314881e-02  2.397730037834e-01 
 6.972493857626e-01  2.038407116660e-03 -3.863855577202e-04 
-9.954569998282e-03 -1.304191430339e-01 -1.454283548539e-01 
-4.846097325291e-04 -1.315487527565e-04 -1.116127815853e-02 
-1.257344238864e-02  9.753932604883e-02  5.802899040402e-01 
-2.895461356298e-01 -2.159027237148e-01 -5.337923195488e-03 
-5.471234275795e-01 -5.686849043255e-01 -1.027260597084e-01 
 7.800964902147e-03  3.441874873250e-04 -6.088451294098e-03 
-2.051472632086e-03 -5.533656995583e-03 -9.949310844698e-03 
-3.324059893575e-03  3.454216418283e-01 -2.466461479180e-01 
 1.307202944524e-01  8.441963345875e-02 -3.012887820020e-01 
 2.347007806876e-01  9.760939479345e-02 -2.488128965865e-03 
 2.510680935234e-03 -5.028862936491e-04  1.447197047201e-03 
 9.890499540600e-03 -2.430030837596e-02 -1.478365815893e+00 
-5.574900750420e-03 -8.160648700564e-03 -2.008461784486e-03 
-6.682540323943e-02 -1.190435149827e+00 -1.416939680934e-02 
 3.292553880352e-03  4.100157088155e-03  9.712164083460e-02 
 5.765301607262e-01  2.120515702948e-04  2.366481102374e-03 
-2.906973203985e-04  4.388505812623e-02  8.118066677318e-01 
 9.479113471589e-05  2.477625291742e-03 -1.070467099545e-03 
 1.304615871319e-03 -8.188507171991e-02 -2.516515730686e-02 
-5.593989687721e-02 -2.320185652805e-01 -4.227581672356e-01 
-3.770128008991e-01 -5.505186464067e-01 -7.999876959266e-01 
-1.836662709311e-02 -2.742852280846e-03  7.333012112848e-03 
-3.879085533980e-03  2.762190643716e-03 -4.075983889323e-05 
 1.585046730602e-02 -1.107792938788e-01  2.063107036248e-01 
-6.830574939694e-02 -3.354116164567e-01  3.653063434130e-01 
-7.306214505049e-02 -4.410103433346e-01 -3.226244598669e-03 
 4.228984715481e-03 -9.289586929276e-03  1.363914920914e-02 
-1.132628378808e-02 -1.011165154702e-01 -1.290707229178e+00 
 4.565942319572e-03  3.635194019443e-03 -1.189442403627e-02 
 7.453369402249e-02  1.260687816881e+00  1.173700752658e-02 
-1.744715176991e-03 -1.311078107632e-02  5.212690810632e-02 
-2.195630371555e-01  2.750385078595e-03 -1.051797408791e-03 
-5.947862851095e-03 -1.773431622350e-01  8.392643816522e-01 
 9.164721174917e-04 -6.101235256864e-03 -8.796865559764e-03 
-2.208549669097e-02 -2.370442209708e-01  5.509025273924e-01 
 4.301053043713e-02 -1.177919012231e-01 -5.383504832485e-01 
 1.292860736398e-01  2.880745384614e-01  6.788096470149e-01 
 1.631579034904e-01  7.555633942011e-02 -3.716986472692e-02 
 4.110850633011e-02 -6.126491131888e-03  2.698275124495e-02 
 1.031422266639e-01 -3.567681536038e-01 -2.809906716683e-02 
 4.673163986403e-02 -2.408567892495e-01  1.413604031850e-01 
 3.016497351799e-02  3.819437566620e-02 -2.359479515321e-02 
-2.895774791232e-02 -5.197038813180e-02  4.254178345079e-03 
-7.785389557987e-03  1.006340529326e+00 -9.624766279082e-01 
-2.928994511840e-02 -3.914487704696e-02 -4.447171323132e-02 
 2.534236559067e-01  4.613681662590e-02 -1.851594960711e-02 
 1.983512235862e-02 -2.803887070578e-02  5.835953650024e-01 
-5.033199726143e-01  2.180742309705e-02 -3.340010765017e-02 
 1.091615270737e-02  1.206904232603e+00 -1.631390228039e+00 
 3.523238230604e-02  3.842883017549e-02  1.411831826302e-02 
 6.089113539887e-02  1.511395586338e-01 -2.416768817524e-01 
-5.983221599116e-01  4.384856421364e-01  1.173892375055e-01 
 7.260071107510e-01 -4.276389826489e-01 -4.893315998658e-01 
 1.068827534650e-01  3.128562698732e-02  4.257652524020e-02 
 2.748021813132e-02  7.440970938938e-03  4.247013735481e-02 
 3.353792467926e-01 -1.964346369242e-01  1.440560417140e-01 
-2.416775914209e-01 -1.799177108457e-01 -3.374759770593e-02 
 8.020299846301e-02  1.886124451608e-02  8.401583178301e-02 
 4.403585072647e-02  6.099462773122e-02 -3.044633598732e-02 
 4.929774227269e-02  3.947639975052e-01 -5.148465430271e-01 
-3.879673459781e-02 -1.189746610798e-02 -1.984306436825e-02 
-3.910737276812e-02  1.382097481329e-01  5.444098703582e-03 
-8.520183735810e-02  5.771355623960e-02 -1.618840250192e+00 
 1.764543652230e+00 -6.008724118558e-02  9.666260751172e-02 
-1.679470241195e-02  5.251001082835e-01 -7.045592214696e-01 
 2.105520926071e-02  1.049184956748e-02  1.729979792458e-02 
 4.946360650272e-02  1.178271161718e-01 -2.576108870878e-01 
 5.569940713644e-01 -9.347339655286e-01  7.482080805853e-01 
-6.618195853831e-01  1.179248273740e+00 -1.251775606748e+00 
 8.658685041795e-02  1.618051868538e-02  4.144461159844e-03 
-4.403175328988e-03 -5.871603807654e-04 -2.438389123639e-02 
 4.416643406824e-04  4.050705718730e-01 -2.302434654766e-02 
 4.651004848320e-02 -9.261662339690e-02  2.157529236270e-02 
-2.162378048754e-01 -6.049420110239e-02  2.317641563912e-02 
 1.089039101524e-02  6.426768196029e-02 -3.786226368439e-04 
-1.990000608083e-02  1.924722632077e-01 -2.838066610965e-01 
 7.603206375246e-04 -4.026769542284e-02  5.459632489728e-03 
-3.890575513005e-01  2.349950301974e-01  4.639194362872e-02 
-1.721667162597e-02 -5.687129834950e-03 -5.375661277031e-01 
 8.215502980937e-01 -3.948263348172e-02  1.829726362705e-03 
 9.514020436036e-02  5.255248964474e-01 -6.742013547446e-01 
 2.129542370626e-02  2.810480147064e-02 -5.825488282073e-03 
-5.033456118203e-02 -1.740961901329e-01  4.007575591277e-01 
 7.778639333385e-01 -1.516924321102e-01 -9.975380982950e-01 
-1.082082364333e+00  2.171636820486e-01  1.531005186372e+00 
-5.528647252044e-02 -4.559094759688e-02  6.713293095227e-02 
-2.398909650586e-02  5.278500825222e-03  8.023867460259e-02 
 4.465162512924e-01 -9.866553863711e-01 -9.232031588129e-03 
-2.938222547670e-01 -1.378179591500e-01  2.063413549855e-02 
 2.826878391698e-01  5.537805808744e-01  7.494440411013e-02 
 2.599833798129e-02 -3.626212068166e-02  9.696190235858e-03 
-3.149901033305e-03 -1.640022475122e-01  2.034045487769e-01 
 3.779958844465e-02  2.186762891844e-02  2.130989993098e-03 
-1.776331383800e-01 -1.775101156972e-01  4.291265363744e-02 
-8.347951900811e-02 -8.970359040028e-02 -9.150153676904e-01 
 9.310418399776e-01 -7.213899852651e-02  7.748165723695e-02 
-6.157867785328e-02 -2.950197573672e-01  5.021237131126e-01 
-4.897349599269e-02 -4.148310517578e-02 -4.106200708879e-03 
 1.402337449499e-01  6.160903635725e-01 -9.791309749218e-01 
 3.957408946696e-01  1.713358066237e-01  3.053151534382e-01 
-4.467064947948e-01  2.506346408408e-02 -3.701981961278e-01 
-7.720430766695e-03  9.691907608900e-02  3.589948855006e-02 
 1.807016593785e-01 -2.795614035406e-02 -1.638987526529e-02 
-2.349614726208e-01  1.081374321845e-02 -2.668001413312e-01 
-3.021535622769e-01 -2.609748114095e-02  7.734841536316e-01 
 1.348061128108e-01 -1.824546230537e-01 -2.257245158605e-02 
-2.280667260935e-02 -2.384167326249e-03 -7.603462957590e-02 
 6.944487082323e-02  1.002583146542e+00 -8.937962111881e-01 
-4.155365960716e-02 -4.812020259490e-02 -7.937040245935e-02 
 1.139298427111e+00 -6.094899339030e-01 -8.522430532408e-02 
-3.302787357431e-02  4.755824604981e-02 -1.150800073862e-01 
 1.619111286931e-01  5.845772175417e-02  1.446513376135e-02 
 1.313333646912e-02 -9.644232265482e-01  1.130892027824e+00 
-7.960448102106e-02 -4.673580563696e-02  1.091827993931e-01 
 9.984373500271e-02  3.977251499441e-01 -3.321215604492e-01 
 4.977992228876e-01  7.687866551210e-01  2.219124703709e-01 
-7.570227507173e-01 -1.363452641184e+00 -3.685818575470e-01 
 6.672504378164e-02  1.559655866199e-01  2.148655356504e-02 
-6.962588090281e-02 -5.261084830321e-02 -3.380732825607e-02 
-3.936213417068e-02  3.996892961336e-01 -1.098062061145e-01 
-4.018649287404e-02 -1.998096792892e-01 -4.015157582357e-01 
 2.916770812600e-01  3.190395045400e-01  2.087011923022e-02 
-4.421207680321e-02  6.653068006898e-02  4.106528334899e-02 
-1.065244596206e-01  6.344530865981e-01 -1.309031203134e+00 
-6.890816835496e-02 -1.280845874104e-01 -5.839124669841e-02 
-1.324454585622e+00  9.187562915756e-01  1.293619546400e-01 
-2.217218211795e-02 -3.924383097394e-02  4.168600466081e-01 
-3.906178625939e-01 -1.210707666133e-01 -5.027969634279e-02 
 7.981850642318e-02 -2.945730437056e-01  9.805375331479e-01 
-8.491170169477e-02 -6.964910721321e-02 -2.929742257869e-02 
-2.689235047272e-03 -4.467652654260e-02  7.869808107813e-02 
 6.517876286090e-01  5.580097539834e-01  8.843179716006e-02 
-1.537895474533e+00 -1.340439363258e+00 -7.089841806657e-01 
 1.149793518286e-01 -6.061691076074e-02 -5.049334410441e-02 
 6.989559334851e-02  4.374891963465e-02  2.108133508567e-02 
 1.310467476779e-01  2.684498440912e-01  4.850654375198e-01 
 7.507250974645e-01  2.341272643548e-01 -1.217138393794e-01 
-9.896605517833e-01 -5.094591727738e-01 -9.836117666062e-03 
 3.238565635666e-02 -3.459303414183e-02 -2.963720963690e-02 
 7.296084286801e-02 -2.093726554613e-01 -1.033483326475e+00 
-1.251020611831e-01 -7.246994252443e-02  1.682827611620e-03 
 5.952686991990e-01 -4.743058189500e-01 -1.281944886852e-01 
 5.763476580582e-02  3.392448532101e-02 -4.000608258171e-01 
 2.529327538777e-01  8.761849762058e-02 -5.040266250351e-02 
-1.361321269211e-02  3.462196907051e-01  5.656119972059e-01 
-3.327409216174e-02 -7.680337362822e-02 -7.965599107975e-02 
 5.245244511145e-01  2.407532703690e+00 -3.453936666967e+00 
-1.649642133927e-01 -1.060914179901e-01 -3.036206654806e-01 
 4.522794704009e-01  6.031201298367e-01  7.040500741130e-01 
-3.870663270115e-02 -8.843870632376e-03  1.865202536757e-01 
-7.808950903784e-02  5.469396741983e-02 -3.921574070123e-02 
-1.538522235906e-01  4.485727937783e-01 -1.353436077191e-01 
 6.020285942546e-01 -5.975924741136e-01  2.703006855595e-01 
-1.082100583591e+00  8.388958800819e-01 -1.185318372830e-02 
-3.209666146113e-02  3.136881591086e-02 -6.029050102095e-03 
-8.803819548355e-03 -2.460175767608e-02  1.292991972216e+00 
 8.648650544880e-02  1.510879012998e-01  6.581076378947e-02 
-1.221796560073e-02  1.092374244890e-01 -6.998905317781e-03 
-3.465884887409e-03  2.407385992666e-02 -1.369363744173e-01 
-5.010342189336e-01  7.110893417315e-02 -1.612581619319e-01 
 1.489438416607e-01 -1.235072856252e-01  4.196588598251e-01 
-1.842872675648e-02 -6.644679225404e-02 -2.323932165104e-02 
 1.711249702589e-01  7.623306658643e-01 -1.332835651590e+00 
-6.166770206806e-02 -2.867170213225e-01 -1.416344005299e-01 
 7.982480327080e-01  9.696958972045e-01  5.231739442865e-01 
-3.656816194134e-02  8.753543719524e-02 -1.191344210250e-02 
-1.011647270474e-02 -1.878012502360e-01  5.484844043795e-02 
 2.136716858413e-01  7.099523379141e-02  9.446855464345e-01 
-4.481292252366e-02  2.078545415317e-01 -1.936036861685e+00 
 2.133747731420e-01 -2.532635739041e-01  9.663376238830e-04 
-4.707814922639e-02 -2.822979280941e-02 -8.707890687393e-02 
 6.634123203794e-02  5.846330637209e-01  4.571027828221e-01 
 9.912892216430e-02 -3.758952204013e-02  4.812869323476e-02 
-3.283190452130e-01 -7.385997638892e-01 -2.350367894641e-01 
 3.004960581968e-02  1.607419110348e-01  1.156307249431e-01 
 5.570790023261e-01 -1.261391834602e-01  9.582659311055e-02 
 2.430801467367e-03 -5.820321078886e-01  3.003051210601e-01 
-7.222258385245e-02  9.033381869310e-02 -5.133448897370e-02 
 2.778005649429e-01  1.176853279108e+00 -2.552180607438e+00 
-1.121841262037e-01 -6.976861618385e-02 -1.382471080688e-01 
 3.606132531805e-01  1.651261646327e-01 -6.136092949074e-01 
 4.082635876567e-03  7.379955115819e-02 -1.370215865038e-01 
 6.956019877500e-02  3.007525636475e-02  1.099827741545e-01 
 6.989631952294e-01 -8.822856469126e-01 -2.108143493291e-01 
 3.004710276429e-01  1.023050056547e+00  6.517455596468e-01 
-4.958932166455e-01 -2.122126462078e+00  7.444278749164e-02 
-5.248488582660e-02  2.911628792152e-02  3.866500138464e-02 
-9.808024386252e-02  1.982995131834e-01  1.232250264209e-01 
 3.975431362818e-02  7.175160759759e-02  3.427194815289e-04 
-1.457731744334e-01  1.275951703931e+00  3.117410853684e-01 
-8.353220612545e-02 -1.933681933712e-02 -1.854731458041e-01 
 3.801928725682e-01 -1.054456293224e-01  6.534147593502e-03 
 5.319468806489e-02 -2.976897364689e-02  7.852871572749e-02 
-1.839054679963e-02 -4.379318215392e-02  1.351780460369e-01 
-4.904146247186e-01 -2.179324049058e+00  3.255085550077e+00 
-2.673686339947e-01 -1.788622201271e-01 -1.559081719248e-01 
 9.465582829671e-01  1.090014240265e+00  9.285721043235e-01 
-5.661136481337e-02  5.640012807854e-02 -2.106213716105e-02 
 1.667668721597e-01 -9.730535524924e-02  1.732901052864e-02 
 1.129455711731e-01 -4.624378291567e-01 -8.810190878451e-02 
 7.453807609484e-01 -2.466770067137e-01 -3.409646616589e-02 
-1.314336507833e+00  9.121685426170e-01  2.592233872600e-02 
-6.952521654284e-02 -3.018574205151e-02 -4.404875791876e-02 
-6.075600076474e-02  6.749867373034e-01 -2.761973652004e-01 
-6.318221090317e-02 -7.385248304755e-02 -2.082520254108e-02 
-3.748235278938e-01  3.523649949951e-01  1.096300796762e-01 
-5.086534028701e-02  4.797740314136e-02 -3.461643752435e-01 
-4.445838668416e-01 -1.487727965066e-02 -1.762930352121e-01 
-3.075795564659e-02 -9.554406872997e-01 -5.340930183569e-02 
 5.992001804871e-02  8.384528763753e-02  9.177310259792e-03 
 9.003759142970e-02  3.923654898728e-01 -6.055097635097e-01 
 6.830830610958e-03  1.280126873670e-01  2.607091158511e-02 
-2.583789298670e-01 -3.699167946236e-01 -2.946692052033e-01 
 9.382203760407e-02 -2.306204948757e-01  5.709951867654e-02 
-4.832396302006e-02 -5.635078498704e-01  8.392415209483e-03 
 5.386807345581e-02 -1.391152530883e-01 -3.150715421084e-01 
 4.943164495086e-02  1.990542140410e-02  7.239315943960e-01 
-9.948109865742e-02 -2.072388414564e-01 -2.438250772146e-03 
 8.259999395558e-02 -8.786763447581e-03 -1.232249681867e-02 
-6.459882962291e-02 -1.773581250158e-01 -4.106651247029e-02 
 1.638033784977e-01 -1.501409766019e-01  6.060755547287e-02 
 2.178546720429e-01  3.366314039129e-01  1.036748597723e-01 
 3.668727969904e-02  5.915543841000e-02 -6.566279104364e-02 
-9.036169162397e-02  3.035591398467e-02 -6.768343697690e-02 
-1.600654858544e-01  2.730479457425e-01 -2.935550604491e-02 
-2.847833431656e-01  2.811989054352e-01 -8.609792544696e-02 
 1.052427619322e-01  4.616680885836e-01 -6.182664874452e-01 
 5.992704822299e-02 -7.844996146096e-02  5.949839452732e-02 
 1.227598737184e-01  2.180376828577e-01  1.318047649722e-01 
 6.119369626537e-02 -3.198270644466e-01  2.201981623392e-01 
 3.039714151017e-01  1.255750256716e-01  8.932410827232e-02 
 3.950917407717e-01 -5.656801224483e-01  6.637192458616e-02 
-1.988699183446e-01 -4.978659246889e-02 -5.325360461969e-01 
 4.797890135469e-01  8.157933844122e-02 -6.029157697871e-02 
 1.538008122030e-01 -2.282213605461e-02 -1.521881488288e-01 
-1.314496876773e-01  2.560423328114e-01  7.874394108989e-02 
-1.429484117938e-01  1.671959235812e-01 -5.037403336579e-02 
-3.949593694163e-01  9.007449072652e-02  1.255723732036e-01 
 2.393624848255e-01  2.321051017053e-01  3.137158779850e-01 
 1.153908156742e-01 -1.778100792156e-01 -1.135396531248e-01 
-3.784730899928e-01 -5.758911673969e-02  6.271872925581e-02 
 5.237235813897e-02 -5.734407477304e-02 -5.467729513020e-02 
-2.975057843576e-02 -1.116469510661e-01  3.108074510047e-01 
 1.703922732856e-01  1.402092986370e-01 -4.531358477757e-02 
-9.472820562889e-01 -1.044612453736e+00 -4.924129854864e-01 
-8.755665649167e-02  2.619745934752e-01  8.443784039242e-02 
 3.006891919443e-01 -1.133298180786e-01 -2.277825502245e-01 
-1.032522924904e+00  1.807962701831e+00  5.197497423005e-02 
 4.705585992728e-02  2.690353090076e-02 -7.790475977259e-02 
 8.045129715388e-02 -6.901053610724e-02  5.814574422231e-02 
-4.714093273627e-02 -3.303091810636e-02 -1.016437201773e-01 
-3.101292636278e-02 -1.066072239351e+00 -5.608306351905e-02 
 1.210768989672e-01  5.073689081092e-02 -2.369145680498e-01 
-1.407659616488e-01 -3.195568407504e-01 -1.317593251163e-01 
-1.088393080868e-01  1.040078861148e-01 -4.217977116919e-02 
-1.070889297435e-01 -1.991952013877e-01 -2.197963630941e-01 
 2.625966818182e-03  8.529677154637e-01 -1.620254085362e-01 
-2.908122998698e-02  9.893725235914e-02  4.142456998519e-01 
-2.795356596058e-02 -2.070206786650e-02  7.292692525493e-01 
 1.461442248495e-01  1.593723537038e-01  1.457885682307e-01 
-4.833542049869e-01 -3.058722749527e-01  4.248026380745e-01 
-3.383234237794e-01  2.333499925093e-01  1.257141918181e-01 
 1.423998186230e-01 -7.556599901076e-02  4.946425287806e-01 
 2.155583924086e+00 -3.536370450726e+00  1.220277717923e-01 
 2.274140783138e-02 -3.012922959566e-01 -6.728843280948e-02 
-2.205198879382e-02  6.475025094557e-01 -1.488528208572e-01 
-4.663159404534e-02  1.668831400627e-01 -4.105426494322e-03 
 4.783818662302e-02 -1.796743250037e-01 -1.026217100690e-01 
 9.897154513403e-02 -2.780524773674e-02 -1.446015643323e-01 
 3.704312406641e-01  1.741225224036e-01  2.061709594446e-01 
 2.154909939188e-01  1.791215617119e-03  2.998403811394e-01 
-1.116049938891e-03  1.416168678437e-01  2.737646813982e-01 
 1.830566505698e-02  3.967249652778e-01 -5.634261094735e-02 
 1.151459385229e-01  1.197684272816e-01 -1.783347592339e-02 
 4.979415547275e-02  2.094526977511e-01 -3.542993896474e-01 
-1.962684248188e-02 -5.901746712904e-02 -2.533881750128e-02 
 4.258431322321e-01  5.794285403675e-01  5.835643392996e-01 
-1.496001067685e-01 -3.634705877992e-02  2.193480020688e-01 
-9.852600493234e-02  3.753098404599e-02 -2.545277429487e-01 
-1.148639560453e+00  1.482987061988e+00  9.863997125549e-03 
 1.725115736938e-01  4.276268255404e-01 -4.323863869581e-01 
-3.602385310785e-01  5.000650581660e-02 -4.025927251227e-02 
 1.699927359179e-01  4.016400670282e-02  1.580300335892e-01 
 2.673496075212e-02  8.083628675780e-01 -8.094800583039e-02 
 1.715810780790e-01  7.024783237520e-02 -5.359709180003e-01 
-6.500789954574e-01  7.304587082567e-02 -7.774304489564e-02 
-3.118765617487e-02 -2.552364422885e-01 -3.369775536832e-01 
 6.589696759650e-02  3.017723637448e-01  3.555965758569e-02 
-2.814435465996e-01 -2.491751787397e-02 -2.162224267398e-01 
 1.087758362071e-01  8.152394770204e-02 -2.580607517224e-01 
 1.039268458349e-01  4.534543689960e-01 -6.436408694851e-01 
-1.523981403537e-01  9.375179270029e-02  1.241807915831e-01 
 3.695582688865e-01 -6.543025007839e-02 -1.567616883697e-01 
-8.611644407629e-02 -4.212273221498e-01 -1.338223028832e-01 
 5.013647330206e-01 -1.485587717345e-01 -4.489498802742e-02 
-1.487714861023e-01  4.437571233700e-01  1.969899181298e-02 
 6.416266163122e-02 -8.269028199971e-02 -1.950451433243e-01 
-6.314283481934e-02  9.916415356516e-02 -4.222336358045e-03 
 3.666096213190e-03 -6.052423559002e-02  7.850173300596e-02 
-2.490698965293e-03  1.615297613309e-01  2.820579527138e-02 
 9.915719763377e-03  2.279753390577e-02 -5.431498011823e-02 
-2.729844961121e-01  1.091836982173e-01 -1.630001841979e-01 
 1.754173900544e-01 -5.405712138577e-01 -1.241248185421e-01 
 7.723450951438e-02 -2.589215155567e-01  1.676401443577e-01 
 3.242785073132e-01 -4.005191370032e-03 -8.894162804219e-03 
 7.192775626326e-03 -1.876152388779e-04  1.180406961973e-02 
-2.355620502178e-01 -1.026831674692e+00  1.389212517887e+00 
-5.417383487848e-02 -7.196120473203e-02 -2.725910119299e-01 
 3.529927629583e-01  1.993654717152e-01  4.809248278875e-01 
 4.257516884919e-01  1.010889678434e-02  4.731438511504e-01 
-7.212220051061e-02  2.187876459031e-02 -8.008630992566e-02 
-4.148349623886e-01  3.043715972105e-01  4.711578900758e-02 
 8.276383404971e-02  2.507853820476e-01 -5.110512683387e-01 
-3.267534541690e-01  7.020991059963e-02 -1.109091790978e-01 
 4.236828893603e-03  1.494529020107e-01  3.805305290488e-02 
 6.277073232738e-02 -1.584983410964e-01  1.596299215185e-01 
-1.161215212068e-01  8.302303873613e-02  6.776393210882e-02 
-4.054443328770e-01  1.447866404865e-02  3.651368429672e-02 
 3.531768852002e-01 -6.387158940156e-02 -1.242419062292e-01 
-1.724961901405e-02  1.770196784833e-01  2.534837165907e-01 
 2.043756730670e-01 -4.997946368508e-01  2.137608201220e-01 
-2.067853132998e-01  1.237331046554e-01  4.302050914647e-01 
-2.043726536233e-02 -1.033725791943e-01  5.021233521847e-02 
-5.503032726642e-02  4.135010581431e-02 -1.046714190675e-01 
-1.934663474556e-01  3.716531171785e-01  3.317504924841e-02 
 7.550544772604e-02 -1.171384836509e-01  1.570271378756e-01 
-5.153567899100e-02 -1.317594982497e-01 -5.079098392719e-02 
-2.483019833354e-01  2.459414737079e-01 -3.448492573808e-02 
 5.750598078632e-03  1.054765174706e-01  1.805984661153e-01 
-2.263684497321e-01 -9.053110461825e-02 -3.259275887759e-02 
 5.051362083960e-02  1.700270615460e-02 -1.399977066829e-02 
-2.313240853071e-03  1.355655768799e-01 -3.365635122672e-02 
 4.364535398315e-01 -4.518794374917e-01  1.029846784832e-01 
 1.539834433128e-01 -1.163143960678e-01  1.810265269637e-02 
 2.033894108233e-01  2.942884504301e-02 -2.290307280670e-01 
 1.483316136107e-01 -6.746838218436e-02 -4.678088605831e-02 
-3.297376129326e-03 -2.914580375799e-02 -3.051526486268e-02 
 5.231756849563e-01 -5.597531553073e-01  1.962429006730e-01 
 4.395018737292e-02  1.554496324903e-01 -3.411875562700e-01 
-1.143508913022e-01 -9.019470477604e-02  1.220793244324e-01 
 2.099929293282e-02  3.172645843333e-01 -1.509520794169e-01 
-8.244418340368e-02  3.399594664012e-01 -3.155330149443e-01 
-3.413909395975e-01  1.452721969675e-01 -3.154363229096e-02 
-1.365124212103e-01  1.210476703894e-01 -1.286069722705e-01 
 1.388771300830e-01 -1.729848213751e-01  7.498818283613e-01 
-8.061021046815e-01  3.581280611110e-01 -3.570511533356e-02 
 1.096749774081e-01 -3.841140660982e-02  1.010093399161e-01 
 6.321971057745e-02  7.016324600351e-02  8.556659131032e-02 
 8.646213840237e-02  3.280715964757e-02 -7.944334492681e-02 
 5.646343907133e-01 -1.354462116404e-01 -1.174091583763e-02 
 6.293801686187e-01 -2.177419064940e-01 -8.104636269858e-01 
 3.477297990548e-01 -4.325943074370e-01 -1.658141142720e-01 
-2.727797418518e-01 -1.444371366468e-01  1.555144910161e-01 
-2.401905530390e-01  5.029568230419e-03  1.046470862238e-01 
-1.060151222046e-01 -3.733737926739e-01  8.312416508504e-01 
 6.384219264548e-02  6.234074859193e-02 -2.667018828024e-01 
-3.033428168203e-02 -2.412395823939e-02  5.074620176838e-01 
-1.323688693584e-01 -8.938888917619e-02  4.037969144687e-01 
-3.191727879030e-01  5.334091165060e-02  6.606875250304e-02 
 1.150542041583e-01 -8.942324468041e-01 -2.081340736253e-01 
-6.978057878255e-02  3.880278828309e-01  9.712089819962e-01 
 8.226711243342e-02 -4.870887281533e-01  7.427088112232e-02 
-1.181444332936e-01  8.324038455312e-02 -5.850898840450e-02 
 4.018407489594e-02  3.780538360685e-01 -3.784525727661e-01 
-2.134323917885e-01 -9.779419198393e-02 -6.801166198300e-02 
 9.810591168624e-01 -1.840232724638e-01 -4.817769351717e-02 
 1.437380910211e-01  5.064767055586e-02  5.702145278024e-03 
-1.001655618011e-01 -5.303788725304e-01 -1.773318538063e-01 
 3.697806738406e-01  1.940757986063e-01 -4.830142088757e-01 
 2.134197041908e-01  3.020606127595e-01 -2.808513321261e-01 
-2.285957578887e-01 -1.065738183614e+00  1.045921132368e+00 
-8.051588809872e-02 -1.410390966259e-02 -1.201823896785e-02 
-4.287269058681e-01 -3.785058697568e-01  4.105653429521e-01 
 2.377657914457e-01  2.240111300364e-01  1.010057213169e-01 
 2.067024261859e-01 -7.516197407760e-02 -4.038713469811e-02 
-2.552385238380e-01 -1.300523124518e-01 -1.610242142190e-01 
-5.876917389765e-03  4.450014981991e-02  2.872011663784e-01 
 2.752305059549e-02  4.889618151944e-03 -1.558264763755e-02 
-1.985030876473e-01  1.917273382841e-02 -1.460359000878e-01 
 3.833423014799e-02 -7.009426240240e-01  3.292127513901e-01 
 3.328403424833e-01  2.578149891092e-01 -1.916840395182e-01 
 1.678496234805e-01 -1.105261513670e-01  6.161020308676e-02 
 1.215759762911e-01  7.626207303382e-02 -1.954319876194e-02 
-8.206158631084e-02 -1.373454077241e-01  1.331752388871e-01 
 1.561186773053e-01 -1.690486692700e-02  3.678239462731e-01 
-2.391538525226e-01 -3.765035481779e-01 -6.472688672855e-01 
-2.131338200209e-01 -8.570928927466e-01  1.833561141471e+00 
-2.654117308216e-01 -1.366344560608e-01  2.484956693449e-01 
 7.163523389910e-02  1.287326455335e-01  8.414678843792e-01 
 1.343609525081e-01 -1.090232700385e-01  3.228045747530e-01 
-9.249235833022e-02  9.333769500871e-02  5.623924262898e-01 
 2.344039705536e+00 -3.740674574355e+00  3.699116557834e-01 
-2.766733475892e-01  3.509452847809e-03 -1.105009461511e-01 
 6.208420274865e-01  9.500909689681e-01  9.965701374393e-02 
 2.301227347826e-01  1.290480883804e-01  1.072897072182e-01 
 6.889627481494e-02 -1.194116753337e-01  1.342610646798e-01 
 2.123263681534e-01  1.032687779870e-02 -2.289806130581e-01 
 7.039397000255e-01 -2.712178290318e-01 -1.112696175537e-01 
-2.600663449276e-01 -3.448330992054e-01  8.485134152847e-01 
-6.686137500621e-01 -6.788451198555e-02 -5.257454961685e-01 
 4.260884409366e-02 -2.792055327821e-01  2.643537680475e-01 
-2.858411508271e-01 -1.854446678095e-01  6.391503750543e-02 
-6.885150726365e-02 -1.486763812666e-01  8.765976284811e-01 
 1.354464774048e-01  1.395037025821e-01  2.212062635618e-01 
 8.495398574296e-02  1.783812674966e-01  1.892086410736e-01 
 1.416866579813e-01  4.414813812731e-01  4.521133003015e-01 
 2.150882285238e-01 -1.093211931713e-01  7.249106365892e-02 
 2.104919605324e-01 -6.981746064493e-01  4.130986531936e-03 
 4.540844595434e-02  1.471344054258e-01 -1.243167471928e-01 
 1.333723156468e-01  7.885787466980e-01 -8.476309462502e-02 
-1.505972794972e-01  8.998593826126e-02 -7.539618230454e-02 
 8.529988542918e-02 -3.261397004117e-01  3.885683582107e-01 
-1.467180486995e-01  2.125169602015e-02  5.971112531157e-01 
-1.142275555596e-01 -5.808995531851e-02 -1.487775169118e-01 
-1.475238740861e-01 -6.132488129931e-01  1.114527558602e-01 
-7.027717880165e-02 -8.319133419995e-02 -1.145691739259e-01 
-5.108499977739e-01 -1.571079454490e-01 -1.798666576365e-01 
 2.723479744715e-01  1.275662792752e-01 -2.019407895663e-01 
-4.201936176290e-02 -1.576433919446e-01  4.051541091908e-01 
 6.342954543232e-02 -1.240507826142e-01  1.383086342812e-01 
-1.005808959821e-01 -2.025549440119e-02  1.444286644830e-01 
 2.168868206618e-02 -1.118623799027e-02 -2.179125981349e-02 
-3.870502916129e-01 -8.168512254564e-01  1.646245586091e-01 
 6.195890057010e-01 -1.168057913742e+00 -7.814622000744e-02 
 1.148088371261e-01 -8.049299019764e-02  2.646321746691e-01 
 3.223267184008e-02  2.396295019415e-01  1.166855929880e-02 
-8.419741389915e-02  4.637018266592e-02  1.565768352829e-01 
-7.622232466438e-02 -4.492211047209e-02 -1.109205269721e-02 
-5.189981359406e-01  6.153448536792e-01 -2.758473510780e-01 
 5.226013776705e-01 -2.127970068613e-01 -1.088113063581e-01 
-7.012125160160e-02  3.045807622719e-02  1.257816122965e-01 
-3.117215245199e-02 -1.109491338901e-01  8.057740730814e-02 
-1.289300504934e-01  7.365010477163e-03  3.975006029864e-02 
 2.658404469644e-01 -4.142868758465e-01  1.530054486625e-01 
 1.720634710625e-02 -2.011417010083e-02 -7.098530693126e-01 
 2.069490261590e-01  1.570481617034e-01 -2.850840007336e-01 
 2.396583745284e-01  8.629559612939e-02 -2.659418465055e-01 
-8.775046821688e-02  2.437312057836e-01 -3.319855122369e-01 
 1.951622282347e-01 -3.022325920218e-01 -2.467858497313e-01 
-7.854864087766e-01  2.300600001679e+00  1.849619662130e-01 
-6.007602342045e-01  2.649747683069e-01 -1.281700227690e-01 
-3.611621078410e-01 -6.497949341069e-01  1.612437001226e-01 
 2.304068814338e-01  6.548231186723e-02  3.708679726098e-03 
 1.288860135982e-01  6.121552380033e-02  2.116038673323e-01 
-1.622051558443e-01  2.548192077349e-01  2.314055147436e-01 
-6.075528586517e-01  3.759238070161e-01  1.221983738538e-01 
 5.394699512173e-01  4.247814986992e-02 -7.542483499422e-01 
-4.190248537487e-02  4.613977546324e-01 -6.001909220827e-01 
 4.246707224998e-01 -1.084728001540e-01 -8.525557244609e-02 
 2.464770885731e-01  4.499901617043e-02 -1.507928907019e-01 
 2.934029566019e-01  1.058235836493e+00 -1.674472608739e+00 
-6.443303397188e-01 -7.800792509977e-01 -5.199979676837e-01 
-2.289053045555e-01 -3.458911835587e-01 -5.328152605313e-01 
-3.900962755585e-01  1.165725618440e-01  1.191819968535e-02 
 2.941206963445e-01 -1.504868066978e-01 -2.050318311047e-01 
-7.494296146930e-01  1.766112093804e+00  4.646997774075e-02 
-1.224473844059e-01  1.416854985192e-01 -1.572151381482e-02 
-4.112579400458e-02 -5.208868609642e-01 -1.346893568376e-01 
-2.662166056717e-01  3.695761826674e-01 -5.765359150323e-02 
 1.457528314239e-01 -6.384223005202e-01 -2.838327575873e-01 
-6.138426462210e-01 -5.875700720574e-01 -7.836434711065e-02 
-3.806065184576e-01  2.237049654172e-01  4.938675876995e-03 
 6.183851492037e-02 -6.475856702702e-02 -3.543766552195e-01 
 1.692641395977e-01  1.147155670103e-01 -2.192984567069e-01 
-1.338352734208e-01  9.561431599159e-01  1.226843946541e-01 
-5.884307116554e-01 -5.556880926554e-01 -3.656849758750e-02 
-2.257760479510e-02 -2.341759777963e-01 -3.074851486876e-01 
 3.252452758648e-02 -2.207826857553e-03 -1.652369736696e-01 
-5.251168719581e-02  7.510543573751e-02 -5.576196317387e-02 
-2.842050057215e-01  2.095894383141e-01  9.712649379455e-02 
 2.207471816525e-01  6.895565657216e-02  2.352155012469e-01 
 8.959967775624e-01 -5.269918319135e-01 -7.666609136174e-01 
 2.125032006798e-01  2.512809820370e-01  6.436410113985e-01 
-2.357187511663e-01 -5.126099899516e-01  1.268869795443e-01 
 3.065241515408e-01  2.661627049150e-01  3.053339235549e-01 
-5.006727007789e-01  1.564605015963e-01  2.272430178539e-02 
 3.449321650414e-02 -2.835487994371e-02  3.407845159337e-01 
 2.692789304118e-01 -2.590440862291e-01 -7.499587155616e-01 
 6.131447339853e-02  3.051997419122e-01 -4.344708203953e-02 
 1.556245187532e-01  2.443659266721e-02  2.106535397129e-01 
 5.085211074359e-02  2.544795918987e-01 -7.618077710500e-02 
-1.828929786877e-01 -1.297635226599e-01 -1.520268474040e-01 
 1.806879642280e-02 -4.983799469974e-02 -7.805420583939e-01 
 4.225198755480e-01  3.464102744302e-01 -2.532338119931e-02 
-1.363440753379e-02 -1.134396351729e-01 -3.954052480486e-01 
 1.175160992738e-01 -5.131933264521e-01 -4.273660410830e-01 
 6.664147946805e-02  1.662486372061e-01 -6.307110899384e-02 
-1.546384173095e-01  1.042577596037e+00 -1.783497543414e-01 
-1.278186153608e-01 -1.508479762351e-03  1.795511664465e-01 
 9.624315658767e-02 -5.612602942960e-01 -8.067722743844e-02 
-5.160967782142e-01  5.427950808710e-01  4.637503629637e-01 
 2.890742401534e-01  5.003497134442e-01 -5.263912390948e-02 
 4.151838880810e-01  2.579278594299e-01  1.976047866675e-02 
-1.552712987119e-01  7.312590240407e-02 -1.234446971707e-01 
 7.772183484811e-02  3.866600010277e-01 -2.417197067850e-01 
 1.498512178950e-01 -4.487723107897e-02 -3.148848054086e-01 
-2.777024002476e-01 -2.168911295682e-01  9.290876845104e-03 
 1.708471839300e-01  2.540226953282e-01  9.402639067582e-02 
 3.526205959198e-02 -9.328656860981e-02 -1.152182544322e+00 
 1.950512191923e-01  1.890232292044e-01 -8.974999758690e-02 
 3.097479578040e-02 -1.548228572812e-01 -4.158597118386e-01 
-3.871545799206e-01 -5.575485077588e-02 -2.852932404844e-02 
 3.501793765307e-02 -7.693977115366e-02 -2.533700751143e-01 
-1.074234876752e+00  1.118200518078e+00  1.352758915560e-01 
 2.605602135785e-01 -3.465380648477e-02 -7.397718259097e-02 
 2.939127507477e-01 -8.990161910477e-01 -5.789889463971e-01 
 6.197171045425e-01  2.024753110831e-01  2.094939043288e-01 
 3.777104606799e-01  6.742062316170e-01 -2.027486846417e-01 
 9.330010615998e-02  2.831247890493e-01  3.473369065325e-01 
-1.584131579366e-02  1.723513931908e-01  2.943374274585e-01 
-6.633020889795e-01  2.764997333035e-01  4.975384993533e-01 
 2.096068741918e-02 -5.481023443866e-01  1.626382676419e-01 
 1.681558792186e-01  4.008618265152e-01 -1.572850137727e-01 
-1.421042129896e-01 -1.636004765678e-01 -3.799969260886e-02 
 2.300737675059e-02 -6.044911318658e-02 -5.821492659178e-01 
 1.702944579106e-01  2.290843018878e-01 -1.398079992516e-01 
-1.153453913259e-01 -1.540440074436e-01 -3.036282343766e-01 
-2.159778532139e-02 -2.387696799134e-01 -5.334348577609e-01 
-3.259779874085e-01  5.412284891645e-02 -8.552019825851e-02 
-2.353586894373e-01  1.048963887639e+00 -6.793894064618e-02 
-2.893433992154e-02  1.551228630536e-01  4.869856884334e-01 
-1.661562292616e-01 -2.890389418981e-01 -4.655512997977e-01 
 6.637209130702e-02  5.367004495376e-01 -8.095180787814e-01 
-4.086655492142e-01  3.541052408529e-01 -1.460280717972e-01 
 2.044808285726e-01  2.399435668464e-01 -9.104275350611e-02 
 2.102013604622e-02  7.467599126127e-02 -3.469826194558e-01 
-2.443211387140e-01 -6.127334660026e-01 -5.617858526382e-01 
 1.807775778415e-01  1.313814848755e-01 -1.539218484589e-01 
 1.515291133458e-01 -4.368478470846e-02  2.654729285376e-02 
 8.387061065094e-02  9.379018763176e-02  1.228484732229e-01 
 4.641812380829e-02  6.109883100439e-01  1.260225502723e+00 
-3.897252511291e-01 -6.120401316720e-01 -6.466140312223e-01 
 1.257161851583e-01  1.329012047927e-01  1.344552066343e-01 
 1.285686206739e+00  4.875554420374e-01 -7.121283869120e-01 
 4.841343464001e-01 -8.902979132356e-02  9.345230515280e-02 
 3.553806139935e-01 -5.495107483452e-01 -3.241698119347e-01 
 1.727596181381e-01 -1.396794170839e-01  8.996575719883e-03 
 2.548677496725e-01 -7.301842611716e-02  4.300365899689e-02 
 3.637058844864e-01  3.123403236386e-01 -3.006780522393e-02 
 2.212529394782e-01 -2.465096511942e+00  7.592825214675e-01 
-6.070161234192e-01 -8.217413496012e-01 -7.168867951959e-01 
-2.955759584299e-01  9.155514117950e-02 -1.903280126489e-01 
-1.028201911741e-01  9.165981603527e-02  7.077106542461e-01 
-1.953886688641e-01 -2.738605326324e-01  3.042330953255e-01 
-4.551938802931e-02 -1.187796022765e+00  3.247794886402e-01 
 6.433468446228e-01  5.077367533199e-01 -1.456703841669e-01 
-5.705950318608e-02 -5.018406531203e-02  7.833828975350e-01 
-1.644703547505e-01 -1.281539666123e-01 -1.116596479664e-01 
-7.443315530608e-03  4.169504966954e-02  1.993423898389e-01 
 3.379113649840e-01  2.554756357662e-01  3.070807169144e-02 
 9.605191479951e-02 -1.809830582278e-02  5.924811075135e-02 
 4.303202193294e-01  5.394226025955e-01  2.769010281528e-02 
-4.172390536343e-01  2.140156937945e-01  4.693242791882e-01 
-3.612454961708e-01  2.157887817577e-01 -1.044763238276e+00 
-2.740191692398e-01 -5.791662081402e-01  4.200871694037e-01 
-3.818028330305e-01 -7.290792775279e-01  2.274817767338e-01 
-1.768525645586e-01 -2.487400095196e-01 -1.760216149771e-01 
-1.440914965995e-01  8.319350209931e-02 -2.031368309527e-01 
-3.336024587110e-01  2.753810854861e-01 -1.969103400685e+00 
 5.629431680780e-01  3.638987160794e-01 -9.494042693745e-01 
 4.177244052693e-01 -3.127317975880e-01  7.969671863192e-02 
 1.350208035399e-01  1.277553612951e-01 -1.043466707796e-01 
 7.677896228456e-03 -1.325954575856e-02 -1.797932202244e-01 
 6.733260129108e-02  4.665107258103e-02  1.177706942017e-01 
 3.134687427021e-02 -2.337557459465e-02  5.492551851972e-02 
-1.743092031270e-01 -1.011012366199e-01  1.261224042887e-01 
-8.864177320583e-02 -1.369461089009e-02  4.491984277530e-01 
 1.916440111800e+00  4.758566674565e-01 -1.690572223009e+00 
 2.209019292040e-01  4.773016386210e-01 -5.120105274531e-01 
 1.721547716932e-01  1.793607222623e-01 -2.091699136621e-01 
 6.060214369046e-02 -5.256209151084e-01 -5.608583930873e-01 
 1.026868746908e+00  3.438245254607e-01 -8.074679871278e-02 
 6.088546379418e-02  1.256896637037e-01  4.266978540501e-02 
-4.599684596313e+00  1.614480347875e+00 -1.612462979679e+00 
 2.153639751653e-01  4.456556519192e-01  1.813494591789e-01 
 1.417625212584e-02 -1.681240454068e-02  1.972910475270e-02 
-1.773254418885e-02  1.841872475109e-01  1.064370665546e-02 
-9.402254113819e-02 -1.020434321368e-01  8.793807736987e-02 
orbocc
(*)
 0.000000000000e+00  0.000000000000e+00  0.000000000000e+00 
 0.000000000000e+00  0.000000000000e+00  0.000000000000e+00 
 0.000000000000e+00  0.000000000000e+00  0.000000000000e+00 
 0.000000000000e+00  0.000000000000e+00  0.000000000000e+00 
 0.000000000000e+00  0.000000000000e+00  0.000000000000e+00 
 0.000000000000e+00  0.000000000000e+00  0.000000000000e+00 
 0.000000000000e+00  0.000000000000e+00  0.000000000000e+00 
 0.000000000000e+00  0.000000000000e+00  0.000000000000e+00 
 0.000000000000e+00  0.000000000000e+00  0.000000000000e+00 
 0.000000000000e+00  0.000000000000e+00  0.000000000000e+00 
 0.000000000000e+00  0.000000000000e+00  0.000000000000e+00 
 0.000000000000e+00  0.000000000000e+00  0.000000000000e+00 
 0.000000000000e+00  0.000000000000e+00  0.000000000000e+00 
 0.000000000000e+00  0.000000000000e+00  0.000000000000e+00 
 0.000000000000e+00  0.000000000000e+00  0.000000000000e+00 
 0.000000000000e+00  0.000000000000e+00  0.000000000000e+00 