2mocoef
header
1
MO-coefficients from MOLCAS
1
48   48
a
mocoef
(*)
-3.127989432661e-05 -1.333586389431e-04  2.017128302764e-03 
-1.343157904295e-04 -2.872932947923e-05  3.297860114439e-04 
-2.365629261718e-04 -7.610685893592e-05  9.201757520614e-04 
 1.999248791594e-04 -2.510722278936e-05 -1.011815222938e-04 
-6.377242071440e-06  2.555645639639e-05  1.000771406346e+00 
 3.904705339371e-03 -4.749395961403e-03 -9.886538818664e-04 
-1.686720288125e-03 -4.302300670216e-04  5.280299150709e-04 
 1.645869699646e-03  1.431832407468e-03  7.538227154661e-05 
-7.234351465598e-05 -2.315051195542e-04 -1.411841046861e-04 
 1.758816433804e-04 -5.495908593968e-04  1.907226929894e-04 
-1.371601961395e-05 -3.815773716977e-05 -1.499605473953e-04 
-3.638249032896e-04  5.829167799940e-04 -6.775565788847e-04 
-1.306190116609e-04  1.124351887728e-04  4.393955259368e-04 
 9.912841136701e-05  1.655860184359e-04 -3.424248536427e-04 
 7.218876703219e-05 -3.988889292149e-04  2.850891495696e-04 
 7.173077144471e-05  5.221899635636e-05 -8.621497558264e-06 
 1.000748741497e+00  4.570050910682e-03 -4.271383915663e-03 
-2.536168234280e-04 -3.055317634457e-04  1.311760129043e-03 
 3.106570601189e-04  2.581721491772e-04 -9.285347830125e-04 
 4.825398565426e-04  1.926988280593e-04 -1.804751079286e-04 
 2.319261337514e-04  4.509646846178e-05  1.222210100961e-04 
 7.374341526522e-04 -6.356030113147e-04  1.120233745271e-04 
 1.219456225377e-05 -5.101228364022e-05 -2.152205524381e-04 
 2.389947167829e-04  3.662739188530e-04  2.482976795842e-05 
-4.714265197265e-05 -3.711310441125e-04  1.051915158419e-04 
-6.660653151482e-06 -6.407731419557e-04  1.514152923861e-03 
-2.002363365934e-04 -2.559462111926e-04 -1.988158860986e-04 
-4.411963826818e-05  1.341470233075e-04  2.557157940040e-05 
-2.959147216796e-05 -1.372568836473e-04  1.824726677127e-04 
 2.727630906044e-04  1.031449674264e-05  2.688453806918e-05 
-2.359501132925e-04 -1.589769641732e-04  7.784063166971e-04 
 3.497819323709e-04  2.201133382219e-04 -9.454308480954e-05 
-6.720698767288e-03  2.707284988502e-01 -7.806390684346e-02 
-9.688599468569e-03  5.690184004583e-03  1.135523913278e-01 
 1.840277392030e-03 -6.853926908014e-03 -4.404455274776e-02 
-1.152018311663e-03  2.240499708637e-05  2.062510139454e-02 
-7.158760605576e-03  9.920117568179e-04 -4.204039518956e-03 
 8.348651641423e-01 -1.224513587174e-01 -6.466769729460e-02 
-8.933865723261e-02 -1.872637528962e-02  3.103269864975e-02 
 2.087311712157e-02 -1.447823438906e-02  5.191090048409e-04 
 1.405355483928e-03  6.359023259707e-03 -2.401657466104e-03 
 8.540369870884e-04  6.925568441771e-02 -3.930098703277e-02 
 4.776669208853e-03  5.276070559930e-03  4.961568421380e-03 
 3.235405263766e-01 -1.581237204885e-01  3.444034217280e-02 
-1.586932423232e-04 -1.051008873568e-02  2.346863945491e-01 
-1.147839142792e-01 -1.775743132692e-02  2.101889969565e-02 
-1.119092595135e-02  6.219941850977e-02 -2.778819446068e-02 
-6.074365478523e-03 -4.598774361243e-03  1.072731291850e-03 
 5.668076821185e-03 -7.845221068531e-01  9.603824349460e-02 
 8.260757202339e-03  5.940009196484e-02  9.257597638087e-02 
-2.933541299100e-02 -2.709014895294e-02 -2.277160979071e-02 
-1.241341639678e-02 -4.354187509337e-03  5.204063590613e-03 
-5.092771812569e-03 -1.734278523327e-03  2.992789845111e-03 
 2.478440931395e-01 -1.610398704817e-02 -1.103096666574e-01 
-4.307610109511e-02  1.952145717401e-01  2.741717889413e-02 
 1.392302603790e-02 -4.149041154667e-02  1.419164686951e-03 
-6.558306913400e-03 -1.375758911955e-02  3.939254981119e-04 
 1.778338100346e-03 -4.071259371862e-01  1.761419340411e-01 
-1.737027172742e-02 -1.730987922614e-02 -1.141056363593e-02 
 2.278400892756e-01 -1.059239772708e-01  1.944211253956e-02 
-8.212384950735e-04 -4.549398968486e-03  1.244054128908e-01 
-5.191613426866e-02 -1.000699534472e-02  9.030630489458e-03 
-4.163793291355e-03 -2.541291343906e-01  1.081819664484e-01 
 1.477081824761e-02  1.198536811252e-02 -4.286628694490e-04 
 1.233320724876e-03  3.927294804403e-03  2.177378625385e-02 
 4.455682968711e-01  3.833154134380e-01  1.842101630932e-01 
-4.304862436918e-02 -4.861496511829e-02 -4.782765958773e-02 
-9.243272436732e-04  4.158881143546e-04  9.073444318438e-03 
 2.330359887369e-03  2.794722281986e-03  2.114062012233e-03 
 6.321277953758e-02  3.808545894078e-04  2.511926360525e-01 
 7.112251113530e-02 -1.308364553193e-01 -3.213595199197e-02 
-1.191842246231e-02  1.742626014036e-02 -6.106805831621e-03 
-4.493057065086e-03  6.767683975989e-03 -8.141552542371e-03 
-1.207486521033e-03 -5.129257494059e-01  2.109588325166e-01 
-1.577015881468e-02 -1.709735885080e-02 -1.172778400874e-02 
-2.084607120649e-01  9.416049955699e-02 -1.451127886674e-02 
 4.570098495210e-04  5.084205494991e-03  2.992648538393e-02 
-1.470514049570e-02  4.154449160918e-03  2.262821269968e-03 
-3.331634289517e-03  4.103556626882e-01 -1.486891859890e-01 
-1.695853548806e-02 -1.288679659712e-02  4.573591491609e-03 
-1.657318378610e-03 -1.436709257267e-03  5.066836981140e-03 
 7.331559922252e-02 -8.763383856130e-02  2.459617440157e-02 
-1.552743955500e-03  2.356233304951e-02 -1.795020086167e-04 
 1.304344373940e-03 -2.193152515377e-02  2.702296125981e-03 
 3.436772279931e-03  2.789517985681e-04 -6.219407458740e-03 
-2.195313887122e-01 -2.890938231901e-02  1.501487050073e-01 
-7.618119869578e-01  6.306945132853e-03 -5.057498150412e-02 
 1.862059867291e-03 -2.029707128559e-02 -2.577752812462e-03 
 8.656712469756e-04 -9.226936359428e-03  2.673292889480e-03 
-1.992343494188e-02 -2.625396953847e-02  6.056660354243e-03 
 1.834049259601e-03 -6.872966600932e-04  1.176285311109e-04 
-1.572234982230e-01  6.885979611767e-02 -7.506236132239e-03 
-2.220818843431e-02  5.067390692853e-03  5.198032779797e-01 
-1.851994161657e-01 -2.106103080322e-02  1.712714518268e-02 
-2.243408992433e-02  2.687366377963e-02 -6.412431395847e-03 
 1.746553885083e-04 -1.966615290404e-03 -1.450052001400e-03 
 5.253984950221e-04  1.057966881661e-01  5.336431019131e-02 
 2.478080262612e-01  1.554656753754e-01 -1.795329663981e-01 
-6.536269546414e-03 -3.220472129107e-03  4.900938867684e-02 
 7.861107331426e-03 -8.991103522383e-03 -2.489246302050e-02 
-9.865503952444e-03  6.526361646655e-03 -4.094258266336e-03 
-2.420127094207e-01 -8.908714297027e-02 -6.203131079077e-01 
-2.124497448579e-01  1.767897634311e-01  5.035307265528e-02 
-2.396905891503e-02 -2.173875171667e-02  1.628622315805e-02 
-4.463364733319e-03 -1.251017140359e-02 -8.386777850317e-03 
 9.468104912285e-03 -1.234096771806e-01  5.118091077079e-02 
-5.679812675813e-04 -2.697541987920e-03 -7.291574714482e-03 
 5.430860351777e-01 -2.030273303326e-01  2.867890987576e-02 
-4.612701611462e-03 -1.188553462350e-02 -1.256768348989e-01 
 5.669321439496e-02 -1.077496377021e-02 -1.390204730024e-02 
 8.453511155306e-03  3.639160098721e-01 -1.062807136686e-01 
-1.298578809003e-02 -1.108719751422e-02  8.641778809051e-05 
-4.409753069616e-03 -7.225406219724e-02  9.599691844063e-03 
 6.068829363440e-01 -7.745944597094e-01  1.780203296007e-01 
 4.659532864700e-04  5.786905900811e-03  6.228073828256e-03 
 6.191777574500e-03 -4.827461817293e-03  4.823606732315e-03 
 7.559373254110e-03 -2.977806485293e-03  1.325991445714e-03 
 4.814579496937e-02  1.342800492659e-02 -3.466434536793e-02 
 1.319165221154e-01 -4.706471100215e-03  8.736067028918e-03 
 2.153258226977e-02  2.022229108687e-03  6.279656029495e-05 
 1.765328129027e-02 -4.841724170423e-03 -1.574355950986e-02 
 5.683785759369e-03  3.588332237352e-02 -4.506175657033e-03 
 1.396198879622e-02 -1.586452957256e-02  4.095251822668e-03 
 9.420771424910e-02 -1.238828428187e-02  1.298515303264e-03 
 5.848488203652e-03 -6.587443603817e-04 -2.096364011918e-01 
 2.476945322215e-02  5.481220380677e-03 -5.252255946724e-03 
 3.017963049397e-04  1.151478233761e-03  6.871356477168e-03 
 1.011661661411e-02 -1.149673026382e-02  3.496631703260e-03 
 1.540484532074e-04 -5.430717139501e-03  8.698211541995e-02 
 9.614887368416e-02 -3.106578037497e-02 -4.302827079189e-01 
-1.873391115440e-03  2.986131237128e-02  1.063241873069e-01 
 1.171542473892e-02  3.409144868909e-03 -3.655387208246e-02 
 2.026991510869e-02 -8.341078312977e-04  4.467258512244e-03 
 6.797625837044e-02 -1.944932051002e-02  2.807855375617e-01 
 1.970817071790e-01  6.846236972611e-01 -2.894737528449e-03 
 3.432284062670e-02 -6.576717460729e-03 -9.029724541903e-03 
-1.841122094336e-02 -1.250500992637e-02 -3.586094573077e-03 
-4.295280673577e-04  1.802726779724e-01 -4.526323309806e-02 
 5.317639547901e-03  3.181382028305e-03 -4.149315018195e-03 
-2.796048157822e-02  1.547506353607e-02  4.600937897042e-03 
 4.584236639744e-03  1.663409193408e-02  2.890848838297e-01 
-1.006566694070e-01 -5.896841986379e-03  2.356487348445e-02 
 2.321888033303e-03  1.543511384846e-01 -4.075106393721e-02 
-2.588379285746e-03 -2.957681263874e-03 -2.397602979232e-03 
 1.605612899936e-02 -1.994238032290e-01 -6.032183101176e-01 
-1.109968248640e-01 -3.693504607406e-02  2.131205561204e-01 
-7.597638152015e-02 -2.141636009553e-02  1.841941632831e-01 
 2.948494575492e-03  1.556318962271e-03 -1.094673133679e-02 
-2.356015768804e-03  1.873726960910e-03  2.699154131943e-02 
-2.170886423379e-01 -7.608750783438e-01  1.084618240133e-02 
 2.342139824487e-01 -1.281598148279e-01  3.213028227205e-02 
 1.861163236769e-01 -1.367061892715e-01 -6.530461946031e-04 
 2.509114354777e-03  6.835876258470e-04  7.628406765261e-03 
-1.275555881393e-04  1.182354965135e-01  3.972221777913e-01 
-3.941983219174e-03 -1.431925218295e-03  1.253502786835e-02 
 8.158289610249e-02  4.946675096138e-01  3.299149401787e-03 
 2.019134752377e-03 -5.897852053431e-03  1.985093561319e-01 
 6.903954197521e-01  3.437213024392e-04 -1.380051162933e-03 
 5.174551682439e-04  1.968063117500e-01  4.490317177002e-01 
 3.944994458487e-03  3.077661742199e-03  9.495677530379e-03 
 2.232081427599e-02 -3.549396303871e-01 -7.818877391658e-01 
-1.826887287354e-01 -9.067809430510e-02  1.443749729825e-02 
-1.973573042868e-01 -8.187203783273e-02  1.159680932694e-01 
 2.395452916161e-02 -2.344863198419e-03  7.614793827639e-04 
-4.627403728206e-03  5.186507789935e-03 -1.823811017140e-02 
 1.839381919124e-01  5.292098426891e-01  3.648340101233e-02 
-2.011785472732e-01  8.516428573978e-03  4.609180185276e-02 
-1.483546006341e-01  5.713056698708e-02  8.006824520946e-03 
 2.317914513883e-03 -1.173919599407e-02  3.555325264922e-03 
-2.499495215191e-03  2.380688760702e-01  3.357471086533e-01 
-4.633316958096e-03  9.870945592680e-05  1.712808899175e-03 
-8.155785227763e-02 -2.763075220577e-01 -2.738951213318e-03 
-7.527239451703e-03 -9.205685521333e-03 -1.910620128975e-01 
-5.771084655173e-01  6.401548641411e-05  1.653679539460e-04 
-3.892644794850e-03  3.905590591041e-01  7.996650154010e-01 
 5.193731627690e-03  5.828510757485e-03  9.081312930900e-04 
-6.712644311545e-03 -6.275058871627e-02  1.070383571775e-01 
-1.082950443197e-01 -1.032049828289e-01 -9.412672107007e-02 
-1.736262125288e-01 -2.448662119707e-01 -1.192509947928e-01 
-1.460823879220e-03  3.689522753230e-03 -3.330444344740e-03 
-1.121033285309e-02 -5.017195373305e-03 -1.146121923123e-02 
 6.331312835869e-02  3.606476607342e-01 -4.175376785213e-01 
 1.737750773758e-01 -7.305303154004e-02 -4.545835148211e-01 
 2.082969039566e-01 -5.221558036309e-02  2.171078396573e-03 
-2.145772820738e-03 -3.868604694467e-03  9.416029409820e-03 
 5.657885018817e-03 -2.274606459744e-02 -4.785665368828e-01 
 2.825615044864e-03 -4.676507895997e-03 -4.873177912462e-03 
-2.076669213521e-01 -1.278701395189e+00 -8.632486703209e-03 
 4.656867355106e-03 -1.653494091907e-03  2.255683612417e-01 
 8.616144343017e-01 -3.858781842609e-04 -2.825743877074e-03 
-3.405624884193e-03  3.511869365265e-02  3.779672800853e-01 
 1.020710789946e-03 -2.062359135787e-04 -6.223654628009e-03 
-2.009998495881e-02  2.086980369801e-01  9.681963766780e-01 
-3.441440382999e-01 -2.646348051132e-01  1.813993101487e-01 
-7.204734667256e-01 -5.496173533444e-01  1.564707359328e-01 
 2.043423967074e-02 -3.850182422622e-03 -1.310672186855e-02 
 5.131657073306e-04  4.041154512794e-03  9.235966387831e-03 
-1.228823604423e-01 -3.646357399987e-01  7.655625689486e-02 
-2.146574145936e-02  2.354689527140e-01  1.677474784440e-01 
 4.627442205325e-02  2.682916405778e-01 -8.521353896808e-04 
 5.476143319825e-03  1.267403724273e-02  2.362672610971e-03 
-3.823908236074e-03 -1.910275595870e-02 -1.805943623612e+00 
-1.484784382027e-02 -9.807458408337e-03  4.600458048559e-03 
 3.582469249974e-02  2.886633848613e-01  8.221363872835e-03 
 2.300871072151e-03  6.381073016152e-03 -7.195115134834e-02 
-2.319063350095e-01 -8.188079325089e-04  4.526920741918e-03 
 8.155398673200e-03  1.013639389504e-01  7.439129935631e-01 
 1.817095644895e-03  9.745876240961e-04  6.441385107961e-03 
 1.238656181233e-02 -1.741271934175e-01 -4.627927682056e-01 
-5.134702483491e-02 -1.714382647864e-01 -5.075072935872e-01 
-2.682854599180e-01 -4.511732962058e-01 -1.098036595852e+00 
-2.080427011381e-02  3.213781510648e-03  1.382856688801e-02 
 7.598805119017e-04 -3.097376314979e-03 -1.294292209155e-02 
 1.185339647147e-01  4.584470669436e-01  1.627914228769e-01 
-1.785233246027e-04 -4.623293784882e-01  2.639156527032e-01 
 2.759015362392e-02 -6.758258858570e-01 -6.715620655907e-03 
 8.550086914268e-03 -1.190311457582e-02  1.107911595664e-02 
-2.193461653824e-03 -1.002512964340e-01 -9.662568092699e-01 
 7.943079685305e-03  4.976319915455e-03 -1.748525243117e-02 
 6.167933174907e-02  7.627875225048e-01 -7.478483977856e-06 
 5.603457340021e-04 -1.347099655194e-02  5.366440293784e-02 
 1.138445266360e-01  3.943195453397e-03 -1.178688890021e-03 
-1.123579752154e-02 -1.952209425760e-01  7.131504012926e-01 
-2.792553510879e-03 -6.938083808892e-03 -1.115546518323e-02 
-3.037500315321e-02 -3.092614969362e-01  5.040326722831e-01 
 6.771358775445e-02 -1.559348495525e-01 -5.570956828862e-01 
 1.676400378192e-01  3.352580623093e-01  6.634061963509e-01 
 1.618793711797e-01  6.927848988583e-02 -2.034424681435e-02 
 9.278720593743e-03  2.661124696565e-02  2.255891710638e-02 
 1.350614332440e-01 -2.653485477255e-01 -3.197949538732e-02 
 1.003388304825e-01 -3.003132117829e-01  4.880928065924e-02 
-2.733979725065e-02  3.783236636170e-02 -2.483119402446e-02 
-3.325288023946e-02 -5.514354012696e-02  2.055467330888e-02 
-1.059170872277e-02  9.807079781397e-01 -8.566290249254e-01 
-3.013156488314e-02 -3.823943356213e-02 -4.055703137777e-02 
 8.625578365461e-02  1.189159651107e-01 -1.188859719251e-02 
 2.258875900315e-02 -4.198008439143e-02  7.064647551750e-01 
-6.550379339901e-01  2.760829301505e-02 -4.468755139512e-02 
 7.054986074168e-03  1.207886719857e+00 -1.571699677294e+00 
 3.292339742753e-02  2.811470488873e-02  4.387081400937e-03 
 4.629963872911e-02  1.377142609255e-01 -2.546913513645e-01 
-3.734252043517e-01  4.398021014462e-01 -1.759665681402e-01 
 4.631042644449e-01 -2.828290752666e-01  1.288780441000e-01 
 6.861844481329e-02  2.459635168207e-02  3.130587879893e-02 
 1.067560983688e-01  9.529888664679e-04  3.691088072195e-02 
 1.752226972309e-01 -2.712331484315e-01  1.816935951536e-01 
-2.177566239839e-01 -7.660796459358e-02  1.234019524006e-01 
 1.110976352724e-01 -5.880897127504e-02  6.815186287284e-02 
 2.905528488390e-02 -1.178125455780e-02 -7.481752921484e-02 
 8.886912823122e-02  6.073241922030e-01 -4.833488533134e-01 
-3.289723191964e-02 -2.138978870652e-03 -4.048967732385e-02 
 1.146513231930e+00 -1.089763277360e+00 -5.605797865466e-02 
-6.347125859443e-02  6.349055719505e-02 -1.325509318468e+00 
 1.539266855883e+00  6.792816895254e-04  7.120378539758e-02 
-5.468359989865e-02  7.435820791363e-03 -1.473367419136e-01 
-5.721501765508e-03  1.271777861966e-02  4.537302283960e-02 
 1.394977973741e-01  5.000580820350e-01 -8.452242474952e-01 
-3.770090318331e-01 -1.659943420864e-01  1.131607116711e+00 
 5.743758767171e-01  2.363836729342e-01 -1.910913013307e+00 
 1.285286010936e-01  2.346524524316e-02 -4.280479944111e-02 
-8.642771329083e-03  2.403178501628e-02 -3.256568915381e-02 
-6.152752779501e-02  8.280656465894e-01  4.800698015678e-02 
 1.269795118776e-01 -2.586566476366e-02 -8.448656580444e-02 
-2.518505641366e-01 -2.873022473749e-01  4.461849931557e-03 
 1.644063576276e-02  1.148057418255e-01 -1.420488782397e-02 
-5.875616202965e-03  2.967866269984e-01 -3.481333304355e-01 
-4.372591893727e-02 -3.694633084105e-02  1.415044723693e-02 
-3.581495447321e-01  4.449979500820e-01  1.752631087588e-02 
 5.947564062168e-03  9.525021322175e-02 -3.055076582899e-01 
 4.752742322568e-01 -2.663362077143e-02  1.955067124878e-03 
 1.103690397052e-01  8.784436960528e-01 -1.140999961365e+00 
 5.483899026314e-02  3.713943828708e-02 -2.102308968277e-02 
 7.684297703139e-02  3.445933690241e-01 -6.262951565433e-01 
 7.007593540872e-01 -7.019094404247e-01  4.092163291025e-01 
-8.158686913309e-01  1.083710489206e+00 -4.704932778446e-01 
-4.188192146636e-04  5.126288982212e-02  7.201133847002e-03 
 1.189284551683e-01 -2.557237889275e-02 -6.093891358844e-02 
-3.979289543092e-01  4.905740878162e-01 -7.399321590310e-02 
 5.577175463407e-03 -6.783142062652e-02  3.294442532793e-01 
-1.657982105648e-01 -4.496589017956e-02 -1.567266902761e-02 
-2.890006839129e-02 -1.248293932774e-02 -6.026220920461e-02 
 5.218165225734e-02  5.353688406055e-01 -3.272884460589e-01 
 1.986263218499e-03 -3.783315481547e-02 -3.260656501904e-02 
 9.980880370283e-01 -9.572444439613e-01 -7.461584290450e-02 
 7.600015444948e-03  2.788338119329e-02  2.357341762926e-01 
-8.669614057302e-02  5.646570517044e-02 -2.838372388727e-02 
 6.858963262117e-02 -6.121089190739e-01  6.767571315271e-01 
-3.609544838750e-02  3.531934248529e-03  5.628772604841e-02 
 5.633236988373e-02  3.055074131062e-01 -5.213306946223e-01 
-5.403358973311e-01  6.091545078122e-01  2.967326647398e-01 
 8.022737270726e-01 -7.850054842194e-01 -3.127440171318e-01 
-3.677972270090e-02  8.136747993845e-02 -5.663750112487e-02 
 4.933448976892e-02 -1.705573713405e-02 -1.005189285227e-01 
-6.087874923824e-01  9.193841529469e-01  2.682418679147e-02 
 3.148435183863e-01  5.769171376912e-02 -6.256762691748e-02 
-1.802491569102e-01 -2.360299782839e-01 -5.943242937834e-02 
-7.388501558702e-02 -4.020126421108e-03 -2.157089195735e-02 
 3.896950470627e-02  1.781958762588e-01 -6.699130849376e-02 
-2.327582009767e-02 -4.490523409700e-03 -1.243475808962e-02 
 6.928528246042e-01 -4.755470227519e-01 -1.160691389500e-01 
 5.549411129641e-02  6.363505286806e-02  1.346489353652e+00 
-1.544555135156e+00  9.687992234484e-02 -7.965776717194e-02 
 2.806275843488e-02 -4.745258518489e-01  5.435159548315e-01 
 4.167394760665e-03 -4.370043168622e-03  2.281787271259e-02 
 1.478662000754e-01  6.005363212295e-01 -6.907663537633e-01 
 5.269429159251e-01  7.094143130710e-01  1.604667103771e-01 
-7.174461775043e-01 -1.049403308506e+00 -2.412758452844e-01 
 7.030498871096e-02  1.537039092511e-01  4.919672668618e-02 
 4.810091400842e-02 -3.923040302038e-02  4.183035737289e-02 
 2.254714487542e-01 -2.918624641931e-01 -3.919500168110e-01 
-3.673547991594e-01 -1.822824824381e-01  3.284066667246e-01 
 4.622799837649e-01  1.821578520828e-01  4.716111464407e-03 
-2.811864302606e-02  6.399052747351e-02  9.567217788605e-03 
-7.637246090526e-02  9.906870753731e-01 -1.434338900906e+00 
-8.409659743839e-02 -1.059738712379e-01 -9.102269683704e-02 
-8.282902049352e-01  1.035089117439e+00  1.579341383816e-01 
-2.039826010812e-02 -7.093189564608e-03  5.651299316442e-02 
-9.287383827897e-02 -1.054575603191e-01 -1.532374896264e-03 
 4.687356789165e-02 -6.395412254247e-01  1.188440033204e+00 
-9.030772695706e-02 -6.212808225912e-02  4.980324012204e-02 
 1.430704320077e-02  5.315068957261e-02  7.801327508490e-02 
 8.513372045674e-01  6.154355936846e-01  5.198422541012e-02 
-1.928362143688e+00 -1.471901145770e+00 -5.799044085936e-01 
 1.027355856430e-01 -1.202888961599e-02 -5.961401003663e-02 
 2.451956880956e-02  3.647961402532e-02 -5.034145081829e-03 
 6.953236503204e-02  4.205497040765e-01  4.518740552190e-01 
 6.966637160866e-01  2.158885345463e-01 -2.579821888691e-01 
-7.462400579991e-01 -3.602768616211e-01  1.571163528653e-02 
 1.053371940071e-02 -7.554726416066e-03 -1.299682592170e-02 
 4.282323948000e-02 -2.596600487623e-01 -1.133209851843e+00 
-1.332644374604e-01 -9.165388346217e-02  6.891317839193e-03 
 2.258466022615e-01 -4.263079993922e-01 -1.142536513940e-01 
-1.276415746318e-02 -2.428379283540e-02 -2.745683002892e-01 
 2.671975055081e-01  3.802897547412e-02 -3.813618562026e-02 
 2.278636147832e-02  3.934996923917e-01  6.276852386710e-01 
-7.669502941365e-02 -8.027949045609e-02 -6.990027914994e-02 
 5.625473284171e-01  2.568341136604e+00 -3.640786341800e+00 
-7.862205819053e-02 -9.130631022660e-02 -4.409691763587e-01 
 2.965615819456e-01  5.098991627532e-01  8.809533995885e-01 
-4.776093283646e-02 -2.942134710465e-03  1.964071134388e-01 
-1.158921929630e-01  1.149974252068e-02  7.742206128309e-03 
 8.610833197694e-02  1.417468969962e-01 -7.892423252588e-02 
 4.895441468440e-01 -5.386062134081e-01  1.110681225818e-01 
-8.328158202717e-01  8.316152153310e-01  2.236853414241e-02 
-2.634412489642e-02  4.238739955587e-02  1.758717640069e-03 
-8.414118939592e-03 -1.452664538231e-01  1.397991377086e+00 
 1.177343139101e-01  1.372173029416e-01  7.698254992005e-02 
-1.099341569658e-01 -2.424765031154e-03 -6.624066046662e-03 
-5.313555454843e-02  5.824998272357e-02 -1.928712605964e-01 
-2.636041775706e-01  9.348985912091e-03 -1.071259296862e-01 
 1.737809572495e-01 -4.780326723995e-02  4.551040176274e-01 
-5.231891071605e-02 -4.586438518120e-02 -2.081844874849e-02 
 9.856196456055e-02  4.215103485639e-01 -1.403278977019e+00 
-1.846443900194e-01 -8.462557063047e-02 -4.109481295618e-02 
 3.244042807227e-01  2.455964941497e-01 -6.497914376289e-01 
 7.620204056164e-03 -2.364950759841e-02 -1.445035184223e-01 
 1.223450090023e-01  6.496461020831e-02  9.594319142784e-02 
 5.585175972907e-01 -4.988737137326e-01 -6.861063925405e-01 
 5.696902979401e-01  8.038571840028e-01  1.404701359540e+00 
-8.531569455939e-01 -1.665607732239e+00 -3.455060882300e-03 
-4.692430907234e-03  1.889468068020e-02  3.165537713228e-02 
-6.192963799780e-02  1.627378847540e-01 -3.268024474524e-02 
-1.351147707262e-02  7.588747720919e-02  3.056186401973e-03 
 1.396792641715e-02  1.160309623185e+00  2.904976856807e-01 
 8.563004222271e-03 -8.994207972181e-02 -2.162371678458e-01 
 1.580233427058e-02  1.368497118875e-02 -6.905311657826e-02 
 4.963574981162e-04 -9.266677006272e-02 -2.959313873471e-02 
 8.264020512456e-03 -1.643307868704e-02  1.111279810717e-01 
 1.131116874671e-01  4.781200924631e-01 -1.224617245204e+00 
-1.168148451646e-01 -2.573385019348e-01 -1.628429191373e-01 
 9.835723193874e-01  8.824444909632e-01  2.401373916130e-01 
-2.907980945477e-03  1.226941512082e-01 -7.330423987787e-02 
 4.114503531331e-02 -2.254066695958e-01  8.604860786587e-02 
 4.752481447532e-01 -3.517486240769e-01  7.657136200517e-01 
 1.553501298665e-01  5.037903211467e-01 -1.566839072823e+00 
-1.696811698594e-01 -8.797278741377e-01  4.394490005923e-02 
-6.695111317251e-02 -2.625738433628e-03 -7.980906692953e-02 
-4.714699678029e-02  6.133215429741e-01  3.021955180406e-01 
 8.640966469995e-02 -5.777111889180e-02  4.455436458390e-02 
-5.596410492352e-01  2.626174797961e-02 -5.020506429803e-02 
-9.836197345166e-02  1.648736486169e-01  4.493228245539e-02 
 5.286022371974e-01 -2.575497087271e-01  2.401031455306e-02 
-4.325852310347e-02 -5.653001052759e-01  2.080079959444e-01 
-4.289896421289e-02  8.975563244366e-02 -1.282589707039e-02 
-5.020627635266e-01 -2.234941031257e+00  3.759434087635e+00 
-1.870003498639e-01 -3.419157502060e-02 -4.210900990968e-02 
 4.242228752232e-01  5.144821267536e-01  7.423663839361e-01 
-1.326277278152e-02  1.425170428077e-02  6.867263875634e-02 
 1.165680976641e-01 -1.357990236812e-01 -3.521037332335e-02 
-1.555823981690e-01 -1.275644605166e-01 -1.880349305073e-01 
 7.097886392099e-01 -6.012692985827e-01  8.256774177698e-02 
-1.203473522025e+00  1.556226253408e+00  2.345762587481e-02 
-3.868593386848e-02 -3.666476868586e-02 -4.617745714796e-02 
-6.699832427595e-02  2.228247553607e-01 -3.706755528101e-01 
-6.332296663461e-02 -7.950975497963e-02 -2.746521052219e-02 
-4.008754363460e-01  1.401816650461e-01  3.959686624143e-02 
-9.056549948377e-02  1.119052242834e-01 -3.832175223826e-01 
-5.185277062121e-01 -4.974841196653e-02 -2.326647172309e-01 
 2.004374043521e-02 -5.233691796127e-01 -1.362081780273e-01 
 4.293669022544e-02  9.612745527961e-02 -1.679346556429e-02 
 8.159745690952e-02  3.601767508697e-01 -5.973139401514e-01 
-9.024202058904e-03  1.550393325274e-01  3.099630616379e-02 
-2.453084315367e-01 -3.557667770942e-01 -3.033893716409e-01 
 1.790611050818e-01 -2.156755213450e-01  2.762282623038e-04 
-1.358916148223e-01 -5.429590467233e-01 -3.563732836380e-02 
-1.639784997250e-01  2.771932054308e-01 -3.092900121032e-01 
-3.430782457260e-02  5.962431287569e-02  6.756668476438e-01 
 5.985315557653e-02 -2.283688823715e-01 -1.738165351693e-02 
 7.280525307290e-02 -1.556279595231e-02  2.089730822712e-02 
-2.458806975827e-02 -1.208837924576e-01 -7.128588515318e-02 
 1.640111389491e-01 -1.954051899615e-01  8.593513623559e-02 
 2.398568315672e-01  1.508913248234e-01  2.346880750281e-02 
 8.523299614922e-02 -3.511153062334e-02 -1.875105758119e-02 
-9.803478665585e-02  1.342629013408e-01 -1.546103999393e-02 
-8.497151784783e-02  2.013604918921e-01 -4.141672072168e-03 
-2.583715557589e-01  2.814633150521e-01 -1.046406360480e-01 
 1.258933690661e-01  5.516789386909e-01 -7.443195152248e-01 
 5.791771600552e-02 -9.931828429193e-03  2.745474475700e-02 
 1.579907306498e-01  1.578949927707e-01  1.949157839813e-01 
 2.105293149871e-02 -3.670448485961e-01  2.075330067795e-01 
 2.985169519380e-01  5.345283768349e-02  7.187171268229e-02 
 3.216103225572e-01 -4.208840487811e-01  1.271137370719e-01 
-6.820139448759e-02 -3.884817211333e-02 -5.637951620610e-01 
 1.732811990406e-01  1.286955857865e-01 -1.608818862760e-01 
 1.601567186385e-01 -3.948410167321e-02 -1.638957727593e-01 
-7.619986910829e-02  2.724365971428e-01  1.228487800381e-01 
-1.101705002197e-01  1.371387240923e-01 -2.764622570370e-02 
-3.331666940435e-01  6.485885531415e-02  1.661151222522e-02 
 3.630322740471e-01  2.213991356696e-01  1.956332324307e-01 
 5.167442303909e-02 -7.228930443534e-03 -1.524776022052e-01 
-3.685558449832e-01 -5.946814454738e-02  1.191362988090e-01 
-5.577148509952e-03  2.556468077866e-03 -7.523413902850e-02 
 6.113035469236e-02  3.209771780247e-01 -2.535222269486e-01 
 2.307009762655e-01  1.967844844010e-01  4.419691333085e-02 
-1.284559848319e+00 -1.226947931762e+00 -5.904300738920e-01 
-5.437872300931e-02  1.969601004816e-01  6.081741004744e-02 
 3.369503625915e-01 -1.598740115662e-01 -1.542048167492e-01 
-7.010212587443e-01  1.118137905544e+00 -5.645007008581e-02 
-1.222275924682e-01  8.644021366869e-02  3.162796278321e-01 
 4.157589830409e-01 -2.788479544417e-01  5.543538236406e-02 
-1.969976784632e-02 -1.669000108371e-02 -8.850537621483e-02 
-8.450683625595e-02 -1.153902673572e+00 -8.532196448205e-02 
 1.706235164466e-01  5.390562158487e-02 -2.859725017556e-01 
 1.506637130470e-01 -1.666512711935e-01  1.548635858201e-03 
-1.211959735473e-01  3.070345853097e-02  9.290055365765e-02 
-5.436110022836e-02 -2.283972123497e-01 -2.012885920368e-01 
-5.545135812756e-02  1.119219535356e+00 -2.493009173792e-01 
 3.302866236943e-02  1.601033527998e-01  3.437132865634e-01 
-8.516456672305e-02 -3.043359477630e-01  1.131651930057e+00 
 1.028398883204e-01  8.857810645845e-02  3.874645882075e-02 
-3.452101756585e-01 -6.013414476479e-02  6.049412870189e-01 
-3.013851254930e-01  2.272728582109e-01  9.454518900711e-02 
 9.544629685353e-02 -1.318123057484e-01  4.827792877677e-01 
 2.099033012716e+00 -3.323711696175e+00  7.622078692309e-02 
 1.243478577109e-01 -1.947161493581e-01 -8.615461616761e-02 
-2.458020153537e-01  5.795569571322e-01 -1.644708307271e-01 
-6.261364866549e-02  1.307637770969e-01  1.065803541661e-02 
 1.246195442715e-01 -1.008909866391e-01 -7.480533016241e-02 
 1.062850361282e-01 -7.325682965227e-02 -1.083356392664e-01 
 1.941293918869e-01  1.359651894124e-01  1.002778421791e-01 
 2.987080880887e-01  3.130901159710e-02  1.071812913363e-01 
 4.244081665909e-02  2.181720127272e-01  3.074131766331e-01 
 8.271343235607e-02  2.854172402667e-01 -1.076153575579e-01 
 1.002373278882e-01  1.156241203539e-01  2.678542322676e-02 
-2.159468062954e-02 -1.005983163541e-01  1.115089413914e-01 
-2.216889971878e-01 -2.276693632849e-02  1.114089512343e-02 
 8.985310734979e-01  4.430898799116e-01  2.879753271599e-01 
 1.380094354930e-01 -2.506832613901e-01  1.667987014418e-01 
 3.015427088030e-01 -2.609873944285e-02 -1.619408844400e-01 
-6.811988081843e-01  1.024376235938e+00  2.197863030395e-01 
 1.940515127035e-01  7.606448511060e-02 -8.800908360059e-01 
-4.850214999806e-01  3.250074296118e-01 -3.859490782746e-02 
 1.112754694933e-01  1.198507451345e-02  1.350065083531e-01 
 7.408317135065e-02  3.677708580208e-01  1.702552665486e-01 
 3.623722989357e-02  7.907989422321e-02 -2.091585650359e-01 
-8.375996401362e-01  1.917005270713e-01 -2.710902090929e-01 
 1.222239312508e-01 -5.384663879068e-01 -2.599453357829e-01 
 5.107710861621e-02  3.465019522420e-02  2.088810328410e-01 
 2.965223866728e-01 -4.546232683067e-01  6.027298800537e-02 
-6.559149028882e-02  1.183449655406e-01  1.870402132853e-01 
-1.483338702002e-01 -6.525207196233e-01  8.578658285024e-01 
-1.518035537190e-02  3.648044961378e-02 -1.339629796122e-01 
-3.617788771824e-01 -6.213761067990e-01 -4.060055208367e-01 
 3.634934894451e-01 -5.166734225103e-02 -8.303849584107e-03 
 1.456406558623e-01  1.212906924720e-02  1.717258385782e-01 
 7.714054416558e-01 -9.584382379906e-01  4.810667785629e-02 
-1.940419537441e-01 -1.447678078606e-01  2.031423339197e-01 
 4.232048078462e-01 -2.958192172277e-01  2.827556988793e-02 
-1.089257822114e-01  1.205529916098e-02 -1.083934970410e-01 
 1.444800314058e-02 -9.429113340193e-01  1.300399789185e-01 
-1.691865102932e-01  1.014151935082e-02  4.534377950556e-01 
 4.335804786786e-01 -1.059196759133e-01  9.207202450891e-02 
 2.066816815964e-01  1.458795151828e-01  3.999818537498e-01 
-1.245330803386e-01 -2.548320646707e-01  6.114684545712e-02 
 3.885458994663e-01 -1.106754857106e-01  2.618103814822e-01 
-1.678841443466e-01  3.800071640215e-02  4.238876404203e-01 
-1.682740291184e-01 -7.304486731816e-01  9.944428089680e-01 
-1.274185369909e-02 -1.238403052349e-01 -8.797596796215e-02 
 7.756702469198e-02  3.421798660349e-01  2.507433585982e-01 
 3.499458810607e-01  4.251472468098e-01  2.886593472058e-01 
-3.616416711138e-01  1.587418773198e-01 -1.845137193798e-01 
-8.382057970844e-01  9.533953551302e-01  9.132267435603e-02 
 1.995036534949e-01  2.321831888762e-01 -4.002622154561e-01 
-6.503057672842e-01  2.384931035369e-01 -6.489692916626e-02 
 7.464851559646e-02  7.922239660613e-02  5.721282175845e-02 
 6.273067754390e-02 -2.367010359823e-01  1.938420615781e-01 
 6.607006941009e-02  4.797296850141e-02 -8.617522422416e-02 
-4.815303902636e-01  1.725327425205e-02  2.683782682000e-03 
 1.945659007747e-01  1.733251880004e-01 -4.522239050753e-01 
 1.323653478622e-01  3.252245155281e-01 -1.093213220295e-02 
-2.775586175346e-01 -4.340472542180e-01  2.566707769109e-01 
-1.417797915065e-01  6.092167554787e-02  3.794794506968e-01 
 2.430981345750e-02  8.380867869733e-02 -2.523206485296e-01 
-7.138475655427e-02  5.167807716571e-02 -4.436130778305e-02 
-1.546972859701e-01  3.666438999731e-01 -1.361916117734e-01 
 7.658516983933e-02 -1.348040498918e-01  5.466775867541e-02 
 2.221190024501e-02 -1.048186390729e-01 -6.502687769196e-02 
-2.561939376632e-01  4.763657473526e-01  2.985476988030e-04 
 4.538943786235e-02  3.317952128334e-02  1.376239558002e-01 
-2.998239100800e-01 -1.675244897457e-02 -2.077413548141e-02 
 7.379941860611e-02 -1.622289399381e-02 -3.787859966172e-03 
 9.810907810146e-04  9.625729538171e-02  3.321783057519e-03 
 4.032586969367e-01 -4.718763646491e-01  1.192344294321e-01 
-4.075431242013e-03 -2.525553454141e-02 -3.427037253076e-02 
 1.956688148896e-01 -4.000096470312e-02 -2.756773947744e-01 
 1.468385965921e-01 -4.561950193985e-02 -1.105714359162e-01 
 4.746306188342e-03 -2.639290257948e-02  1.075280465200e-02 
 4.681404624986e-01 -6.276634348814e-01  2.386739733296e-01 
 1.177341501604e-01  4.787513172376e-01 -5.846026736465e-01 
-1.134778395125e-01 -5.324940838058e-02  2.053340283750e-01 
 1.466537185679e-02  2.157147920197e-01 -3.025038399163e-01 
-2.049892449309e-01  2.711004121084e-01 -4.421899310369e-01 
-2.027896136012e-01  9.609196949815e-02  4.319204215421e-02 
 2.586202741927e-01 -4.493065596011e-02 -4.487678328352e-02 
 7.087687264371e-02 -3.784322645004e-01  6.049948603742e-01 
-5.145106541351e-01  6.253404217847e-01  7.340096913692e-03 
 7.804179013142e-02 -4.389796724356e-02  1.110789444749e-01 
 8.340272083307e-02  6.178348728817e-02  5.591625718572e-02 
 1.982309106493e-02 -9.677656141895e-03  8.621871525684e-03 
 2.806188991403e-01 -5.704544539185e-02 -1.566650961268e-01 
 5.177971338852e-01 -3.399148793470e-01 -6.392132430058e-01 
 2.625912867563e-01 -4.279681118806e-01 -3.586183283316e-01 
-1.989931115359e-01 -5.636651218292e-02  9.132357564493e-02 
-2.016649035143e-01  7.667353769762e-02  7.594210078120e-02 
-2.281196033651e-01 -9.323317680388e-01  1.351909997537e+00 
-1.769558863928e-02  1.215137859902e-02 -2.311094593130e-01 
-2.198667068828e-01 -6.222746183892e-02  7.419951088751e-01 
 9.569903540738e-02  1.014988337919e-01  5.098328887773e-01 
-2.078717129058e-01  5.018272620741e-02 -5.550148074080e-02 
-4.147080904285e-01 -3.758520894221e-01 -1.792798541203e-01 
-1.211815171451e-02  5.172512654661e-01  7.336130313897e-01 
-3.555699974454e-02 -4.023946281320e-01  4.787253299665e-02 
-1.307644660086e-01  8.411886418354e-02 -7.895622902795e-02 
 9.076012516700e-02 -4.061723202807e-02 -9.951537545651e-02 
 5.601502067150e-02  3.459148027249e-03 -1.812939236183e-01 
 5.796254225500e-01 -1.642784611023e-01  4.750126258242e-02 
 3.850782062389e-01 -1.345719040325e-02 -5.825830293887e-02 
-1.065927392753e-01 -4.390471513896e-01 -9.158607090024e-02 
 3.119494080832e-01  1.070513554782e-01 -1.705505679469e-01 
 2.626187235221e-02 -5.853591837366e-03 -4.954208659596e-01 
 4.756733688653e-02  8.734941711100e-02 -9.727743494079e-01 
 5.506126407449e-02  4.431422246891e-02 -1.677829957631e-02 
-2.643031567556e-01 -2.094320894037e-01 -4.432438637042e-01 
 1.568379470625e-01  2.175225775941e-01 -3.653591377127e-01 
 3.943907343137e-01 -7.026226159652e-02 -3.666987049388e-01 
-1.546494627324e+00  2.362759385411e+00 -1.479769495600e-01 
 2.658664444281e-01 -3.256808229213e-01 -1.032527956758e-01 
-4.790884341925e-01 -1.645876501269e-01 -1.503357515984e-01 
-1.991215114022e-01 -8.273805989920e-02 -1.030421677212e-01 
 4.486493328275e-02 -5.419204890915e-01  3.912707594662e-01 
 2.402820568933e-01  1.668720108835e-01  5.646075428014e-02 
-5.813112347279e-01  1.501048729527e-01  7.530100517335e-02 
 1.455822712465e-01  1.208039380878e-01 -5.393169863738e-01 
 4.327367608773e-01 -3.293113453302e-02  4.675918312883e-01 
-9.975430235116e-02  9.878991499285e-02  2.439928863116e-01 
-1.690562163883e-01 -2.625537360696e-01 -3.256122752951e-01 
-2.061145289312e-01 -8.741892854192e-01  1.759674045666e+00 
-2.133671803988e-01 -2.486681252125e-02  3.516140549962e-01 
-1.420827595115e-01 -8.086530332887e-02  7.267106525706e-01 
 2.091879920121e-01  1.750458750742e-01  1.386934479435e-01 
 2.179609930079e-01  5.513465801922e-02  4.033285301278e-01 
 1.715925643581e+00 -2.791528256344e+00  3.475734961802e-01 
-2.995992386527e-01 -7.584977434223e-02 -3.529430291260e-01 
 4.658630175522e-01  1.027180477057e+00  1.071701071564e-01 
 9.083012056111e-02  3.203046778324e-02 -9.714038949164e-02 
 4.765671409263e-02 -5.922952221171e-01  4.128851479883e-01 
 3.540984204579e-01  1.093662724531e-01 -1.125419674150e-01 
 1.163367247285e-01 -3.514756086361e-02  9.420112882102e-02 
-1.639215458319e-01 -3.204006383974e-01  5.542853788275e-01 
-5.769667374117e-01  2.560270899138e-01 -4.134323133329e-01 
-1.334406732070e-02 -2.245998637973e-01  3.986108001916e-01 
-3.489374936532e-01 -3.035679018047e-01 -2.994250287417e-01 
-1.200069521918e-02  1.133184238408e-01  5.718644073024e-01 
 1.475836289480e-01  1.336368269410e-01  8.153923312276e-02 
 3.511221089786e-01  3.230294903367e-01  4.089171012789e-02 
 9.342510412952e-02  3.960814690071e-01  3.678377311007e-01 
 2.395307066276e-01  2.647666295222e-02 -7.592888279998e-02 
-3.901527852498e-01  2.251824702939e-01  9.968071606573e-02 
-7.645243473594e-03  3.006991740502e-02 -3.394665368477e-01 
-8.154408940563e-02  6.615031504387e-01 -5.149080659275e-02 
-9.743045322689e-02  3.832806588765e-03 -1.509569035549e-01 
 1.152828755638e-01 -1.465684894894e-01  3.165896456716e-01 
-2.000264431924e-01 -1.231533488925e-01  6.890851064118e-01 
-4.369166854999e-01  1.600697176342e-01  4.910514009420e-03 
-8.259325433401e-02 -5.162401028125e-01 -1.520998878291e-01 
 2.219122728670e-02  1.024395692036e-01 -1.153808202861e-01 
-2.953717809127e-01 -1.478553497637e-01 -3.928044501313e-01 
 3.890418759653e-01  2.964256433442e-01 -1.745410217797e-01 
-1.267215144806e-01 -4.573339758544e-01  1.436242045021e+00 
 1.798063413569e-02 -9.818967632485e-02  3.700695232567e-01 
-2.490964625294e-01 -3.182193924896e-02  4.856136202488e-01 
 1.883539512824e-01  6.398309694836e-02  3.396754294602e-01 
-1.977363379335e-01 -5.348230072159e-01  4.062360759351e-01 
 1.553778570264e+00 -2.910047939356e+00 -4.260710860111e-01 
 1.778914448340e-01 -6.182484971280e-02  3.768558159253e-01 
 3.226070970928e-01  8.196450643524e-01 -1.273721800670e-02 
-1.202608673012e-01  7.100308494729e-02  9.295094242041e-02 
-1.676343523908e-01 -2.580824471805e-01  9.940910570970e-02 
-2.906430478254e-01  4.686268900576e-01 -6.258492528409e-02 
 6.885941738185e-01 -5.004494390101e-01 -3.886241926000e-01 
-1.495421182191e-01 -1.977032897777e-01  3.974299801079e-01 
-1.530888349622e-02 -2.592672274112e-01  2.191881884358e-01 
-4.112255945367e-01 -1.219737150483e-02  6.582432071349e-02 
 9.982031246341e-02 -3.749959621852e-01  3.070389410308e-02 
 3.745770564657e-02  1.178606673114e-01 -7.249276217102e-01 
 1.956230286970e-01  2.231575853928e-02 -2.271898354614e-01 
 2.454372752394e-01  1.221995298666e-01 -2.761701735845e-01 
 6.607718126212e-02  1.874637258802e-01 -4.011803951012e-01 
-1.004129051866e-01 -6.473169176644e-01 -2.742971589289e-01 
-9.778676047561e-01  2.125048954938e+00  3.249408742564e-01 
-2.599968566666e-01  7.879397470000e-02 -2.062447144644e-01 
-4.508965930645e-01 -4.198900420393e-01  1.634934950151e-01 
 8.765037172581e-02 -9.466948923031e-03 -6.492387718769e-03 
 2.366629127680e-02  5.201527881378e-02  1.433273219187e-01 
-4.133737443375e-01  5.340702267932e-01 -6.723137849155e-02 
-4.989675314470e-01  3.688597993667e-01  1.668100952973e-01 
 3.580306147949e-01  5.359237018493e-02 -5.624450433877e-01 
-1.844439103522e-02  3.687365589011e-01 -3.052478566996e-01 
 3.634554877728e-01 -9.385181839547e-02 -1.090037286025e-01 
 3.799490628511e-01 -1.365936284972e-01 -1.913217032581e-02 
-8.764770316677e-02 -4.443364610720e-01 -1.201006953751e-01 
 2.960666005471e-01  2.570639756658e-01 -2.324730399504e-01 
 1.312562727142e-01  2.054713056229e-01 -4.971850457336e-02 
-2.299865397938e-02  2.308523348861e-01 -1.823400563661e-01 
 2.493614262300e-01  1.999940130274e-01 -8.554688541258e-03 
 1.967038172016e-01  1.109402368782e+00 -6.931746692316e-01 
-1.942850044450e-01  3.439767383478e-01  2.433570277932e-01 
-3.866847650597e-01 -4.292331338027e-01  1.103580468017e-01 
 2.124293708217e-01  1.089123432758e-01  3.833339624557e-02 
-3.123511967013e-01  1.316337009361e-01  2.780158258662e-01 
 2.588388439489e-01  4.284363635476e-02  3.224729926658e-01 
-5.651566840305e-01 -5.959741050594e-02 -8.664826629688e-01 
 1.597596919668e-01  3.213346661119e-01 -5.274543266546e-01 
 2.089650953268e-01  2.432281890598e-01 -7.124417234760e-02 
 2.590099965251e-01 -1.874736210597e-01 -9.948868064505e-02 
 1.254848999806e-01  1.816751333179e-01 -2.141235677774e-01 
 2.476591177421e-01  8.619972591718e-01 -1.483971413024e+00 
-7.199328307965e-01 -7.113895486632e-01 -5.801952163981e-01 
-2.246488716766e-01 -2.039998423412e-01 -3.838990246638e-01 
-3.798683817491e-01  3.900820241310e-01  5.641145922409e-02 
 3.464863169917e-01 -2.505324898904e-01 -2.312023901024e-01 
-8.423788018593e-01  2.035773882077e+00 -1.186656248777e-01 
-9.666384900523e-02  2.193407590709e-01  1.390866881166e-01 
-2.476524594768e-01 -4.996429146560e-01 -1.492934350003e-01 
-2.956247320216e-02  2.484474050546e-01 -2.804109519267e-01 
-1.255216352091e-01 -7.347570790366e-01 -1.631459994331e-01 
-6.977001752307e-01 -5.327902878279e-01  1.112507015342e-02 
-4.119260135630e-01  1.643791675114e-01 -2.378872296574e-01 
 8.708331004520e-03 -1.246751826534e-01 -5.295455131822e-01 
 2.208408977262e-01  2.075872381586e-01 -1.058861303394e-01 
 1.226392299575e-01  9.249258244641e-01  6.555029462590e-02 
-6.604420090898e-01 -5.023929629347e-01  6.463053514391e-02 
 6.666118413344e-02  1.306772522164e-01 -9.723629394432e-01 
 1.232650059106e-01 -7.056078773053e-02 -2.882248107797e-01 
 3.474071365597e-02 -1.338053486193e-01 -3.378124743120e-01 
-2.328540949263e-02 -2.802186242854e-01 -1.541817068786e-01 
 3.950536887270e-01 -6.741381549574e-02 -1.583860041656e-01 
-4.994489481172e-01  1.651635756321e+00 -8.290576503860e-02 
-2.207401674507e-01  1.014979890953e-01 -1.742997973402e-01 
 1.863532000705e-01 -5.503025600065e-01  3.987003999102e-02 
-4.034225933997e-01  5.422877272240e-01  5.630346033587e-01 
 5.212158622660e-01  3.890885062342e-02  1.733229639587e-02 
 1.029469415889e-03 -2.001714117669e-03  1.027590113628e-01 
-5.158032796107e-01  1.671244375242e-01 -1.382831802967e-01 
-2.892223764261e-02  3.427638252034e-01 -2.103086597290e-01 
 1.073050981612e-01  2.002716665849e-02 -4.209827199028e-01 
-2.264403401226e-01  1.518018198964e-01  1.836227612372e-03 
-6.267075025741e-02 -4.801769681344e-02 -3.999298341039e-03 
-5.934924215191e-02 -4.384035287463e-01 -5.720876767488e-01 
 2.882057737252e-01  3.051690370817e-01 -6.143604034138e-02 
-1.209459801244e-01 -1.796267036830e-01 -2.369509116932e-01 
-2.553406873041e-01 -4.221756517328e-03 -9.112061343936e-02 
-2.066162813001e-01 -1.480216276944e-01 -9.123970544854e-02 
-3.106330755163e-01  8.675366824975e-01 -1.228074849885e-01 
-7.363911586136e-02  1.669796776234e-01  3.839602776437e-01 
 1.677860631323e-01 -6.143998678111e-01 -8.576415142840e-01 
 4.592522163982e-01  9.884923403147e-02 -5.260973939927e-02 
 3.160866613014e-01  6.440000471669e-01 -1.774144691755e-01 
 1.874975987410e-01  3.887798899882e-01  2.404384992449e-01 
 7.192205250039e-02  2.307166986748e-02 -1.772729736507e-02 
-5.843328567250e-01  9.727913855334e-02 -1.418170648524e-01 
 5.825574406503e-02 -3.172091148743e-01 -2.231744743415e-01 
 3.025647433563e-01  2.148557869181e-01 -7.466957245883e-02 
-5.182607962449e-02 -8.741015647387e-02  2.726213970568e-02 
-9.178116535166e-03 -1.392258776649e-01 -3.022922134550e-01 
 2.139660664906e-01  1.485406501732e-01 -2.650787620658e-01 
-6.545220218215e-02 -7.788152449986e-02 -2.620751236808e-01 
 2.194806499385e-01 -4.572596840113e-01 -6.694352326887e-01 
-3.730786088998e-01  1.786608363998e-01 -1.188961291523e-01 
-3.411949788815e-01  1.177963996845e+00  6.043168932591e-04 
-8.878001121715e-02 -1.099269340214e-01  3.419245745755e-01 
-9.012883015900e-02 -1.289236572172e-01 -1.819832074557e-01 
-4.040423660841e-01  6.598160056466e-01 -6.560755196230e-01 
-1.839131155819e-01  2.181077731418e-01 -1.238135869209e-01 
 2.658612783138e-01  1.403366094835e-01 -2.846751833064e-01 
-4.698386898614e-02  1.016889776567e-01 -1.927536190590e-01 
-4.002401468045e-03 -4.508981051836e-01 -4.573689186133e-01 
 1.404815028491e-01  1.840354518025e-01 -1.600698360972e-01 
-2.754393249447e-02 -3.751037118774e-01  1.030709374712e-01 
 2.873610989931e-01  2.522480910507e-01  1.295388833872e-01 
 2.939842280178e-02  5.552851225072e-01  1.545692754357e+00 
-5.049499573129e-01 -5.134246056445e-01 -2.300287980240e-01 
 7.003049840409e-02  1.313763852544e-01  3.923254320629e-01 
 9.884193325483e-01  3.096807781747e-01 -2.731318855793e-01 
 1.766506773251e-01  8.117787728723e-02  1.655849535387e-01 
 8.757190033318e-01 -3.109211528921e-01 -4.228918044849e-01 
-2.466430709467e-01  9.596241903552e-02 -1.063193772530e-01 
-7.849988462045e-02  7.930084379663e-01 -3.557871496577e-01 
-2.583706878592e-01 -5.032211009142e-01 -7.571083631393e-02 
 3.536850707661e-01 -1.982887254096e+00  5.967863549881e-01 
-5.452345331985e-01 -6.259477976901e-01 -6.636811323441e-01 
-1.238882731289e+00  3.185731616020e-01 -6.374049258976e-01 
-1.852590037719e-01  2.407810591386e-01 -6.616869479769e-01 
 1.110333517464e-01  1.495811653733e-01 -3.684583824618e-01 
 1.921914938890e-01 -7.904814710458e-01  2.589495674454e-01 
 4.493371497391e-01  2.677703178947e-01 -1.634224031910e-01 
-4.201479555197e-02 -3.120983937346e-01 -3.843179259678e-01 
 2.525036875994e-01  4.263809970009e-01  6.407555119536e-01 
-7.748979478921e-02  1.357782025193e-03  6.045989040045e-02 
-6.997519018207e-01 -2.317088331361e-01  5.954720680738e-01 
-3.484429605405e-01 -3.080333695432e-02 -7.081888869561e-02 
-1.416988598863e-01  9.425787826592e-01  9.303534122070e-02 
-2.930779194874e-01  3.331716746070e-01  7.176604038540e-02 
-5.240042157681e-01  6.035537063610e-01 -3.564756612692e-01 
-7.592946275808e-01 -6.125238589766e-01  1.171017795896e-01 
-2.120116465369e-01  1.479528898057e+00 -4.086234101989e-01 
 4.308510216995e-01  4.645233995522e-01  3.730799110895e-01 
-4.851592876332e-01  1.230974206116e-01 -2.041154880727e-01 
 1.293647732046e-01 -3.054918096210e-02 -1.598968282622e+00 
 3.919170380072e-01  5.096284354357e-01 -6.820827138031e-01 
 3.459798715489e-01  5.290671331117e-01 -1.185991270801e-01 
-3.632718422829e-01 -2.022635764975e-01  1.811846546461e-01 
 3.888830252622e-02  1.101941056360e-03 -8.059966093268e-01 
 1.919293824878e-01  1.792610883324e-01  2.434405859249e-01 
 7.991414239264e-02 -1.869250245944e-02 -7.734823071648e-02 
-4.640247045127e-01 -2.187092471134e-01  1.909280265658e-01 
-2.053436378610e-01 -9.075375919246e-02  2.823970478288e-02 
 2.228514067707e-01  8.338046926295e-01 -8.578820364846e-01 
 1.065692493744e-01  2.102779939298e-01 -8.124573459664e-01 
 1.517108170862e-01  1.388772506189e-02  5.568982768184e-01 
 9.602647155823e-02 -3.015429821134e-01 -7.581527398626e-01 
 9.734360793604e-01  9.759414764131e-01 -2.439529700822e-01 
 2.147385944041e-01  3.119184135305e-01  1.783765311831e-01 
-2.693980078512e+00  8.504050184263e-01 -1.104619593804e+00 
-1.008652717244e-01  3.500711480841e-01  8.374428125789e-01 
-1.751860827469e-01 -1.395484099398e-01  4.299458606288e-01 
-2.793645473211e-01  3.709421315062e-01 -5.011652543617e-02 
-2.216826398979e-01 -1.531728050476e-01  1.931894339484e-01 
orbocc
(*)
 0.000000000000e+00  0.000000000000e+00  0.000000000000e+00 
 0.000000000000e+00  0.000000000000e+00  0.000000000000e+00 
 0.000000000000e+00  0.000000000000e+00  0.000000000000e+00 
 0.000000000000e+00  0.000000000000e+00  0.000000000000e+00 
 0.000000000000e+00  0.000000000000e+00  0.000000000000e+00 
 0.000000000000e+00  0.000000000000e+00  0.000000000000e+00 
 0.000000000000e+00  0.000000000000e+00  0.000000000000e+00 
 0.000000000000e+00  0.000000000000e+00  0.000000000000e+00 
 0.000000000000e+00  0.000000000000e+00  0.000000000000e+00 
 0.000000000000e+00  0.000000000000e+00  0.000000000000e+00 
 0.000000000000e+00  0.000000000000e+00  0.000000000000e+00 
 0.000000000000e+00  0.000000000000e+00  0.000000000000e+00 
 0.000000000000e+00  0.000000000000e+00  0.000000000000e+00 
 0.000000000000e+00  0.000000000000e+00  0.000000000000e+00 
 0.000000000000e+00  0.000000000000e+00  0.000000000000e+00 
 0.000000000000e+00  0.000000000000e+00  0.000000000000e+00 