2mocoef
header
1
MO-coefficients from MOLCAS
1
48   48
a
mocoef
(*)
-1.625682040514e-05  3.986920787845e-04 -1.112064594823e-04 
-4.108863051744e-05  6.597992977078e-04  1.567583263826e-04 
 1.910911317299e-05 -1.579153130931e-04 -4.773184608673e-05 
-3.102168196783e-05  1.775153742023e-06 -5.562907463990e-06 
-6.461075896271e-06 -8.420709375274e-06  1.001509331619e+00 
-6.138745357752e-03 -1.152598931578e-03  3.871348794643e-04 
-1.739966622567e-04 -3.474825804981e-05 -4.756270753187e-04 
 2.167598702565e-04  4.152090892256e-05 -1.127680297232e-03 
 2.098454973910e-04 -8.125594548095e-04 -4.602283517009e-04 
 9.777815458340e-04 -2.981669850194e-04  9.697246565619e-05 
-7.768876929268e-06 -3.170802749636e-07  7.146625478834e-07 
-1.156267492714e-02  6.447238588663e-03 -1.867344401378e-03 
 8.693756473018e-04  6.304233182079e-04 -7.179718307273e-03 
 4.229635556033e-03  1.768708286653e-03 -7.934659229656e-04 
-9.896313306592e-05  7.376063973317e-04 -3.331937574231e-04 
 1.874970021660e-05 -3.131652359919e-05 -3.847258765396e-06 
 1.000898293604e+00  4.641327795669e-03 -5.291881266384e-03 
-2.159755502282e-03  7.996033966522e-04 -4.445490389618e-05 
 1.739400758464e-03 -6.965631766571e-04  1.222576223563e-05 
-2.661217255523e-05  5.445052201944e-04 -9.350772530138e-04 
 8.986628783107e-05 -6.033220396435e-04  1.088569153046e-05 
-1.451736781310e-04  2.132970676678e-05  1.216582368328e-05 
-5.351806439938e-06 -1.047451201146e-05 -1.880741524003e-05 
 7.397152277587e-06  1.071998025983e-05  3.149483109456e-06 
-4.102409187113e-07  2.124106646883e-06  9.136029461070e-07 
-2.665257551138e-06 -6.938734706203e-04  1.537163539343e-03 
-4.829864435262e-04 -3.495383782492e-04 -1.096936305281e-04 
-8.309048188724e-05  2.799148804434e-05 -7.217291883484e-06 
 3.660403358589e-06  7.145169952698e-07 -4.286657259570e-05 
 3.180112986184e-05  2.369748593656e-06 -8.479218970346e-07 
-1.596796400413e-06 -1.286022543672e-03  2.445736396287e-03 
-3.730076891152e-04  4.082691204919e-04  7.879180173806e-05 
 7.831364881984e-03 -8.386345747601e-01  1.833710272489e-01 
 1.808293825181e-01 -9.741352788665e-02 -1.078090644940e-02 
-4.983452337687e-02  4.103261891565e-02  4.995900794520e-03 
 4.283501363879e-03 -4.435034194730e-03  8.852185065565e-03 
 6.550660583033e-05  3.647104018910e-03  8.140883225227e-04 
-3.163876344863e-02  5.389189337324e-03  2.377270746951e-03 
-1.154592982818e-03 -1.636014360065e-03 -1.994251079073e-03 
 9.503452768392e-04  9.851605977129e-04  4.238613119651e-04 
-9.153956316693e-05  2.824317026896e-04  1.948494674534e-04 
-3.657177320838e-04 -3.421575368417e-01  1.631269123716e-01 
-1.386086520834e-02 -2.644668569683e-02 -7.114226918474e-03 
-1.765377068817e-02  8.141545316146e-03 -1.399962526989e-03 
 6.437141574109e-04  3.380021064378e-04 -1.078342851682e-02 
 5.637303326284e-03  1.085598776700e-03 -4.943845721955e-04 
-1.914794728201e-04 -5.015714022140e-01  2.372451028602e-01 
-1.264266893993e-02  3.400143925231e-02  6.942789871231e-03 
-4.824621786837e-06 -4.351288176317e-04 -2.513716069857e-05 
 2.796334262047e-04  7.099277739437e-04  1.538919129338e-04 
 5.306000442649e-05 -2.056840605739e-04  1.392250901594e-04 
-3.486871976632e-05 -2.243687916751e-06  1.799348012910e-05 
-1.202339460146e-05 -7.501340641164e-06  1.564294819866e-03 
 8.286906981535e-02  3.388589278125e-02  6.413286648078e-01 
-2.928360642609e-01 -1.196032692804e-01 -2.060958061696e-01 
 9.413700182144e-02  4.009878106469e-02  2.644474143512e-03 
-2.665014774191e-03  7.631901013147e-04  5.738586116324e-03 
-1.944913707744e-03 -8.088740189893e-04  3.870103763491e-04 
-2.398406530512e-05 -1.987992879239e-05 -2.067964272749e-05 
-5.895643004974e-01  2.349905849076e-01 -2.243123592849e-02 
 1.060945359726e-02  9.902378029986e-03  6.299658476920e-01 
-2.435023076100e-01 -3.759545679599e-02  1.667890486393e-02 
-2.599290511566e-04  2.564261049293e-04  9.624964986698e-05 
 1.325069217290e-05 -1.309096651353e-05 -1.918074949706e-05 
 2.548062262575e-03  9.254724400888e-02  2.381912719057e-02 
-7.201873684983e-02 -6.998110817768e-01 -1.682330320708e-01 
 4.961959414818e-03  1.636519390320e-01  3.861838304713e-02 
 3.288640656909e-02  6.588753039125e-04 -2.063347403948e-04 
 8.217681650056e-03  7.321533013625e-03  1.246479897710e-03 
-4.866032000981e-02  8.240164234101e-03  4.756024544333e-03 
-2.287316793960e-03 -2.660258440874e-03 -3.384052697998e-03 
 1.547632016481e-03  1.470097919245e-03  6.596313292219e-04 
-1.449078479806e-04  4.363418224106e-04  3.161732985808e-04 
-5.661456579625e-04  5.711158262620e-01 -2.225016969688e-01 
 1.822949611660e-02  1.659692238120e-02  5.401017688656e-03 
-2.820351428392e-02  1.309785781770e-02 -2.173326744470e-03 
 1.008938473696e-03  5.564017756757e-04 -1.565133326775e-02 
 8.368618526879e-03  1.607893463441e-03 -7.277899257751e-04 
-2.783375850416e-04 -5.160436251717e-01  2.027069488567e-01 
-1.397741340785e-02  1.592622647673e-02  2.390117835558e-03 
 7.371441250191e-03  2.964744925681e-01  5.403002292457e-02 
 6.059685280904e-01 -7.173253656014e-02  3.727624069319e-02 
-1.768312246178e-02  8.015437016944e-03  2.400793706079e-03 
 1.912749603723e-03 -2.702121563057e-03  7.748355467200e-03 
 2.534865736383e-04 -1.664433870620e-03  1.072180434478e-04 
-2.955301866590e-05 -1.633840211003e-03  2.650818534164e-01 
 5.935801845932e-01 -3.002235638195e-02  1.909312730010e-02 
 4.435241955087e-02 -2.390646277777e-03 -5.469969361116e-04 
 6.440565583267e-04 -6.397510334160e-06  3.507134325316e-04 
-7.173773484679e-04 -1.605295482124e-01  4.715845930392e-02 
 6.939281605054e-03 -9.621589995042e-03 -1.746680701775e-03 
 7.348990085220e-04 -7.905562446293e-04  9.017888250423e-03 
 1.996820852001e-02 -9.950859539159e-04  3.894412937103e-04 
 1.628916030683e-03  7.938809799396e-03  1.833995960798e-02 
-8.974986158321e-04 -1.492957381420e-01  5.074905012316e-02 
 1.040737140914e-02  6.896022207214e-03  2.342257739710e-03 
 7.227975448052e-03  2.960742942226e-01  5.601655486968e-02 
 6.061442395068e-01 -7.141680637258e-02  3.738071610722e-02 
-1.821937525608e-02  8.662338851636e-03  2.755586571620e-03 
 1.869311391329e-03 -2.665672068733e-03  7.691128782559e-03 
 2.361645964749e-04 -1.719897576759e-03  2.064410877569e-05 
-2.595503646062e-05 -7.783337607384e-04 -2.655507221856e-01 
-5.932916937675e-01  3.035258595747e-02 -2.025828400907e-02 
-4.378526264486e-02  1.950948552346e-03  6.522848805719e-04 
-6.601824055278e-04  8.686675530694e-05 -3.167272550053e-04 
 6.230913568244e-04 -1.611295756400e-01  4.793162432720e-02 
 6.952301437594e-03 -9.647366853492e-03 -1.765393290830e-03 
-3.185057305306e-04  1.698882064156e-06 -8.904346302718e-03 
-2.002309845525e-02  1.076016766505e-03 -9.393065193957e-04 
 2.459665795955e-03 -8.296955251991e-03 -1.818136113389e-02 
 9.661650895588e-04 -1.491750347603e-01  4.837280567655e-02 
 1.036398057875e-02  7.045170664325e-03  2.354033037054e-03 
 1.188856398146e-04 -1.046109425858e-03 -5.676422896587e-03 
-2.424299854656e-04 -1.176395139543e-03 -7.038451841921e-05 
 1.495510072785e-03 -2.685576339432e-03  3.848789584107e-03 
 1.334451619230e-04 -6.435213389290e-06  1.998397104052e-04 
-1.183713724915e-04  1.179810876490e-04 -9.201227631003e-04 
 6.475220915388e-02  4.225035709076e-02 -1.535125841648e-01 
 2.308052032910e-02 -9.003022444606e-01 -1.275817431258e-02 
 2.140237975224e-03 -6.806950860262e-02  1.494639807409e-03 
-8.319833018018e-04 -8.048670144698e-05  1.738191367618e-03 
-1.207149123216e-03  3.410945681744e-04  6.218179506904e-04 
 5.301775784899e-06  1.886663757287e-04 -1.998663739348e-04 
-6.599459949098e-02  3.428123191862e-02 -8.350535512539e-03 
 2.311470656956e-03 -2.859726759931e-02 -7.179695447588e-02 
 2.913349290191e-02 -3.208811004048e-04 -1.223946841131e-03 
-2.743910694216e-02 -2.129160299127e-03  9.676462291143e-03 
 1.419141845251e-04 -4.033142423049e-04 -3.712865310495e-04 
 6.322653799978e-04 -2.619956087756e-02  7.902384523485e-03 
 2.666699903682e-03 -4.435983672584e-02 -1.029103079048e-02 
-1.465687352484e-03  1.087716807369e-02  2.691847999043e-03 
 2.080371958679e-03 -1.294929394615e-04  3.389468337234e-04 
 4.690025803032e-04  5.700421978868e-04 -6.269449486146e-03 
 8.401560545877e-01 -1.436312896649e-01 -6.861261713318e-02 
 3.330096700799e-02  4.891107939835e-02  5.313410511760e-02 
-2.512013210412e-02 -2.283113577962e-02 -1.114283257775e-02 
 2.486539260186e-03 -7.508523472525e-03 -5.330570933083e-03 
 9.598903403919e-03  2.030098723208e-02 -6.736547107374e-03 
 5.375016790181e-04 -1.233103408818e-05  2.294659525768e-05 
 4.751831312006e-01 -2.227100209546e-01  3.708919625614e-02 
-1.708535182677e-02 -9.358487441906e-03  2.830542279416e-01 
-1.480368223243e-01 -2.870181044500e-02  1.305825356347e-02 
 4.914387248957e-03 -4.902778593639e-02  2.131001285029e-02 
-1.275514587538e-03  2.170046188050e-03  3.614873089556e-04 
-1.143803258885e-03 -1.669079941322e-02 -2.683285062444e-03 
-6.175964527678e-02 -1.688747582947e-01  7.284473397845e-01 
-1.958854074216e-02 -6.137882712520e-02  2.640246957991e-01 
 3.794527408229e-03  4.475573097804e-03 -1.623250465658e-05 
-1.776252494595e-02  2.372308568324e-03  7.685922814216e-04 
-2.649629157948e-03 -2.008496813217e-02 -6.504099028195e-05 
 7.840385252049e-04  8.004062502075e-03 -3.490622143967e-03 
 1.151096550828e-03 -4.315903957505e-03  5.700758245231e-04 
-1.258078501231e-04  4.852951486256e-04  3.033496340218e-04 
-4.836034813807e-04  2.685301999535e-03  5.617532988789e-03 
-1.566450409513e-03 -4.279435147093e-03  1.942322651470e-02 
 1.659229127592e-03  8.229012599488e-03  1.264432451251e-03 
-4.824694013982e-04  7.345188730007e-04 -1.750072761612e-03 
 2.252255871307e-02 -1.435807881077e-03  7.136858751042e-04 
 8.255960611659e-04  8.618283816967e-04  8.382966569377e-03 
-1.611377666960e-03 -5.089788593209e-03  2.028453246695e-02 
-3.345636197615e-02  3.233711789072e-01  1.552675016523e+00 
-2.601481458637e-01 -8.078557997723e-02 -2.298078684479e-02 
-4.499430662695e-01 -4.281751084866e-02 -4.400165971516e-02 
-3.373701637727e-03  2.378230408701e-03 -7.717427329604e-03 
-6.288673480023e-06  2.473066094712e-03 -4.492978788694e-03 
 2.383724290131e-02  1.296725696962e-01  5.722806709668e-03 
-1.929512309040e-03 -8.509685504264e-03  9.192250878501e-03 
-4.210884242406e-03  1.203631195550e-02 -2.326160934632e-03 
 5.303439778475e-04 -1.815828091501e-03 -1.102602528516e-03 
 2.034472366419e-03 -1.642520730206e-01 -1.343596754613e+00 
-3.836498514633e-03 -4.593436892534e-03 -9.363917805658e-04 
-1.560805417226e-02 -7.902458402955e-02 -4.185221079956e-03 
 2.016377803285e-03 -2.223131532023e-04 -1.217668940597e-02 
-1.102524991747e-01  4.081631465331e-03 -1.771146969920e-03 
-1.298777190514e-03 -7.569931062594e-02 -1.137174512161e+00 
-9.914798753999e-03  5.094110661968e-03  1.028205008005e-03 
 3.511050936506e-03 -1.596308243927e-02 -4.445882281095e-02 
 4.359418894811e-02  1.178245633769e-01  7.150798141468e-02 
 4.058676352198e-02  2.452262840801e-01  3.563675844825e-02 
-3.593167085866e-03  1.371937011974e-03 -2.811636387933e-03 
-1.048204601562e-03 -3.892883931224e-03 -4.526880699487e-02 
 2.529125418346e-01  1.272169760980e+00  1.010106264611e-01 
-4.408863706135e-02  1.453017499728e-02  1.377020010675e-01 
-5.913346708365e-02  3.786724422609e-02 -1.670766318605e-02 
 2.878943175527e-03 -1.181708734379e-02 -6.189971595031e-03 
 1.452850119842e-02  4.649240687423e-02  4.671050268740e-01 
-2.398289825021e-04 -5.349696485050e-05  2.534614443427e-03 
-2.046650259483e-01 -6.222752024500e-01 -2.242288435369e-02 
 1.050908546026e-02  8.333335311312e-03 -2.171707012469e-01 
-1.147099777427e+00  2.714270247867e-02 -1.206255907206e-02 
-7.477084342581e-04  1.699095842957e-02 -4.074191531272e-01 
 1.667522099665e-03  5.491424611345e-03  4.115137345082e-03 
 6.413193893730e-03 -4.242870198797e-02 -5.063114941060e-01 
-3.172789251253e-02 -4.820920938826e-01 -1.074741176440e-01 
-6.272034274766e-03 -9.767860658268e-01 -2.329232546136e-01 
 1.447287819397e-02 -5.023966245672e-03  7.348338486824e-03 
 3.099172185341e-03  1.092680094572e-02 -1.131046841529e-02 
 6.155772507767e-02  3.007047360532e-01  4.242209319876e-02 
-2.098894916218e-02  1.273617131984e-02  6.864891524653e-02 
-2.862562634566e-02 -6.105909683365e-03 -3.136607466835e-03 
 1.993192383281e-04 -2.030784228909e-03 -5.730703483019e-04 
 2.693113055361e-03 -1.109901647317e-01 -1.340947519519e+00 
 3.219476648328e-03 -5.832928024107e-03 -9.604684734146e-04 
-5.774732160650e-02 -5.758613571172e-02 -2.172193376327e-03 
 7.102028923053e-04  2.885494012877e-03 -6.620760081625e-02 
-3.458409797553e-01  6.236607122680e-03 -2.991472284133e-03 
 1.255203725618e-03  2.712236321520e-02  2.090629190518e+00 
-4.113808936930e-03 -1.668356704284e-02 -3.268517367309e-03 
 1.492690498342e-03  1.720516565510e-02  2.740155691022e-02 
 8.847772604640e-03  2.603572382969e-02  1.297214521913e-02 
-1.390761015814e-02  4.758632538625e-02  5.996956258215e-03 
 1.034229613127e-04  5.653231502825e-05 -3.595974820179e-04 
-2.903412716192e-04  1.585721342682e-04  8.385733232429e-03 
-5.661543688164e-02 -4.345988704705e-01  3.180883269526e-01 
-1.449001501681e-01 -5.896477554209e-02  6.445959615868e-01 
-2.950696794278e-01 -1.297497616368e-01  1.211389135528e-02 
-4.928478112581e-03  7.176473953195e-03  1.064543376543e-02 
-1.006379178257e-02  2.292229466397e-03  5.985566067599e-02 
-2.326491391205e-04 -2.961175928034e-04  3.001045941409e-04 
-4.009644798963e-03  1.880261839186e+00  2.961417393030e-02 
-1.367093779584e-02 -8.286708811419e-03 -3.431089911768e-02 
-1.214181988801e+00  6.873792065393e-03 -2.967261432385e-03 
 4.627477754865e-04 -5.513384503043e-03 -1.153263022362e-01 
 1.475854175639e-03 -3.264132781588e-04  6.077890891040e-04 
-3.178572528686e-02 -1.764153925118e-02  5.765739557352e-01 
 3.574055648857e-01 -4.340807585077e-01 -8.633870491371e-02 
-5.820909786702e-01  1.783526556930e+00  3.860568554885e-01 
 1.072306300155e-01 -1.674866370130e-02  2.556545534866e-02 
 2.570742581890e-02  5.876025639214e-02 -8.513883637036e-04 
 4.188803925848e-03  7.154801699237e-03  1.900917863985e-03 
-1.275682265602e-03  6.817403852366e-03 -1.436061502091e-03 
 1.273353336392e-03 -6.208652557714e-03  2.065077424718e-03 
-3.866282574882e-04  1.452323811305e-03  8.733288371121e-04 
-1.803802712711e-03  6.288648786837e-01 -5.776679320038e-02 
-4.156283434050e-02  4.182241093755e-02  6.547220201444e-03 
-1.717208464659e-02  6.166451777897e-03  3.259556068358e-03 
-1.576741915280e-03  4.904548754169e-04 -2.793672321097e-02 
 2.100540155954e-02 -2.964206905099e-03  1.309712660978e-03 
 1.218681029537e-03 -1.341858999031e+00  5.092899344837e-02 
 4.529900743884e-02 -5.331890174698e-03  1.317507963711e-03 
-6.848273049128e-02 -6.061340122989e-02  5.337619891713e-01 
 5.398463294767e-01  4.868346081473e-02  2.800942546610e-02 
-1.113670324490e+00 -3.212979668162e-01 -1.295703852279e-01 
-9.654991549786e-02 -8.020459586992e-02  1.063988462022e-01 
-2.927856611021e-02  1.109077156853e-01  7.747517193117e-05 
 1.272378017707e-03  8.691453203126e-04 -2.290198372748e-03 
 3.154107075960e-03  2.438511561279e-03 -7.709454486142e-04 
-2.058352557949e-03 -2.162673207236e-03  2.856881973000e-06 
-2.485830634568e-05 -4.175866009700e-05  8.833369790821e-05 
 5.189824856785e-05 -1.602671313297e+00  1.083174627415e+00 
 1.372999637603e-02  4.715331581570e-02  1.107750032259e-02 
 9.194787754445e-04 -8.763187168825e-03  9.152148559793e-04 
-7.433721473213e-05  3.644832296826e-05  2.491037610580e-04 
 4.361510345665e-03  5.880605807047e-04 -4.628920546822e-05 
 2.579576912036e-04 -5.443426073843e-01  2.833631648834e-01 
-1.808803358542e-02 -5.607979277745e-02 -1.559732118422e-02 
 2.214325054541e-02  8.946875714704e-02 -9.078446934774e-02 
 1.582370338175e-01 -1.197856124265e-01  4.851081957522e-01 
-1.796933936393e-01  9.435820769289e-02 -5.474525263858e-01 
 2.731755061938e-03  1.089819547489e-02 -1.830753111092e-02 
 1.743073724752e-03 -1.785880361897e-02  7.001541657492e-02 
 1.202212046184e-02 -3.682356839546e-01 -1.002546014763e-01 
 4.202443005578e-02 -2.851947205477e-02  1.592224574156e-01 
-7.373764643529e-02 -6.543039658580e-02 -1.132004846317e-01 
 1.895075054952e-02 -8.175226220384e-02 -4.144856840112e-02 
 9.851271325323e-02  9.227206401764e-02 -1.329150920286e-01 
-2.347298275616e-03 -2.228859272906e-02  9.110709056124e-03 
 1.097197471715e+00 -6.805032976027e-01 -1.355894070603e-01 
 6.136687310699e-02  1.928227766705e-02  1.492076934111e+00 
-1.377637477591e+00  1.425833015091e-01 -6.543788435181e-02 
-2.989971448400e-02  8.475386989749e-02 -3.774142615389e-02 
 1.509978156447e-03  1.471109165570e-02  2.890897099723e-02 
 3.911234940621e-02  1.663547703991e-01 -1.639570103850e-01 
 1.915397901907e-01 -3.033111573179e-01  1.410078382355e+00 
-2.249307722062e-01  2.515490687372e-01 -1.604500286427e+00 
 3.339983709959e-03  1.653613918213e-02 -2.736688087354e-02 
 3.177518196178e-03 -2.815881835529e-02 -2.917833958514e-02 
-3.430895708679e-02  1.445427017319e-01  1.741540619429e-02 
-1.020276396721e-02 -3.113630758953e-02 -5.136636765754e-02 
 2.795655346290e-02  7.350137537920e-02  4.054509536966e-02 
-6.619452991000e-03  2.911612737676e-02  1.440519066492e-02 
-3.533916421147e-02  1.255617170174e-01 -2.149279139089e-01 
-4.484980521722e-03 -3.883056122749e-02  2.691041591112e-02 
-4.130309302278e-01  2.613983672303e-01  4.579255697276e-02 
-2.125242094815e-02 -1.291834424640e-02 -5.421621860349e-01 
 5.391494091884e-01 -4.502828953920e-02  2.043144142156e-02 
 6.909298382249e-03  1.552337327517e-01 -7.208556577798e-02 
 1.391684494005e-03  1.009205392520e-02  7.213302751496e-02 
-1.542430538529e-01 -6.437749147578e-01  6.126361125177e-01 
-1.201785126657e+00 -1.719291776954e-01  3.086537196328e-01 
 1.371922323136e+00  5.533093210373e-01 -2.587336199085e-01 
-1.916518851228e-02 -8.304095766319e-02  1.170934287678e-01 
-1.012534593846e-02  1.253424676398e-01  6.003556061072e-03 
 8.903058838945e-03 -3.136543694058e-02 -5.711264983466e-04 
-1.049792461180e-03  1.676890441360e-03  7.312072022256e-03 
-2.144472174277e-03 -9.109888754991e-03 -7.353649402200e-03 
 1.251522944604e-03 -5.275122910016e-03 -2.749600099333e-03 
 6.365669627882e-03 -5.922964325495e-01  9.707676693912e-01 
 1.055770770196e-02  1.330809794349e-01  4.194393987744e-02 
 7.667634661805e-02 -4.457822610614e-02 -9.263572604517e-03 
 4.018798087927e-03  2.016079415923e-03  1.029568946161e-01 
-1.038954258903e-01  7.082078454929e-03 -3.380394405741e-03 
-1.569329756131e-03 -6.666737316078e-01  3.290171791426e-01 
-2.473131527613e-02 -1.198693922931e-01 -9.685300279729e-03 
 1.979843806766e-01  8.538921999044e-01 -1.152819046713e+00 
-9.047472903503e-02 -1.159006397366e+00 -2.816838325212e-01 
 3.177206076740e-01  2.121926977017e+00  5.223059152182e-01 
-2.902964793750e-01  2.264473246802e-02 -3.852397086693e-02 
-7.018336121403e-02 -1.061695113279e-01 -1.080309700602e-03 
-4.818149776070e-03  6.609892075032e-03  2.173335160247e-03 
 4.407984428297e-03 -2.897041615812e-02 -3.853923595414e-03 
-4.762373554331e-03  3.591491934631e-02  8.744944577308e-04 
 1.569075906781e-04  4.613299400057e-04 -1.869934832434e-04 
-6.705904714814e-04 -5.135878718688e-01  1.926858629891e+00 
 1.803406553604e-01  1.419326419810e-01  4.429618376088e-02 
-1.283046577315e-02  1.178715610249e-02 -1.808603630618e-03 
 1.553696016779e-03 -2.882451141804e-03 -1.402253797590e-02 
 1.544635254823e-02 -7.814689771947e-04  7.122371205321e-04 
-1.627739222839e-03  6.761556357021e-01 -1.657078332494e+00 
-9.902110166944e-02  1.972737331307e-01  4.033138467422e-02 
-6.712757785190e-01 -3.103679078043e+00  5.077689204356e+00 
 1.669390112378e-01 -1.660391038772e-01 -4.347222066464e-02 
-6.812542884738e-01  5.035728787349e-01  9.119137120417e-02 
-8.022336614930e-02  5.234885323614e-02 -8.519259796400e-02 
-1.467033691448e-02 -8.715774433219e-02  6.087405687221e-03 
 3.096534620916e-02  1.875293466252e-02 -3.529542504869e-02 
 9.746647499491e-02 -5.502577429109e-01  1.086661183455e-02 
-1.063022176734e-01  6.948398013573e-01 -2.752099238281e-03 
 2.344891025261e-03 -1.779343814798e-03 -5.161671931835e-03 
 3.114776545358e-03 -2.281981020742e-02 -7.780120751774e-01 
-1.037350623117e-01 -9.717782581854e-02 -2.843003457121e-02 
-6.162799416609e-02 -9.985895358379e-04 -2.542630432933e-02 
 2.044594091768e-02 -5.268038947090e-02 -6.949040632190e-03 
 1.390197624492e-02  6.269089158884e-03 -3.397227192625e-04 
-1.510839866815e-02  1.397356344088e-01 -1.680856913810e+00 
-1.489673203176e-01  2.117479995835e-01  4.070946226731e-02 
-2.137930026014e-01 -9.866207538593e-01  1.640418846463e+00 
 5.862912346458e-02 -7.910398005837e-02  2.488818748461e-02 
-2.267694602089e-01  2.125286286605e-01 -1.320825291190e-02 
-3.311005656698e-02  2.062962333316e-02 -2.967570847876e-02 
-5.441837320945e-03 -3.324268846108e-02 -1.082315977426e-02 
-6.015583568974e-02 -5.364464096969e-02  5.080655339563e-01 
 6.602060085932e-01  1.054802935601e+00 -5.916675699166e-01 
-8.446810051130e-01 -1.331684692447e+00  1.287495052705e-02 
-4.884424703430e-03  5.218341529147e-03  8.255554996171e-03 
-4.292239866298e-03 -8.911571715144e-03 -2.300937667117e-01 
-3.016281692405e-02 -2.983157809158e-02 -1.216337807486e-02 
 1.143928173129e-01 -1.043220620056e-02  8.032767997623e-02 
 5.606559382496e-02  1.020007439029e-01 -3.731743891314e-03 
 3.800675508359e-02 -1.820458992493e-02  2.980614850006e-02 
 2.565239801568e-02  6.704244374101e-02 -6.075556456920e-01 
-4.995316510724e-02  7.203536349846e-02  1.326799135962e-02 
 1.933604944272e-01  8.923008172136e-01 -1.481475340274e+00 
-5.346389139625e-02  7.011866980572e-02 -9.103767127752e-03 
 2.048016390561e-01 -1.922616416679e-01 -4.704261722229e-03 
 3.056405233033e-02 -1.758287970696e-02  2.630782887290e-02 
 5.343870416362e-03  2.884846400227e-02  5.998166832190e-03 
 3.387405132560e-02  3.500331193907e-02  3.607618595691e-01 
 1.100623522786e+00 -7.086642624940e-01 -4.742624441624e-01 
-1.364079524994e+00  8.934446160285e-01 -9.474462678789e-04 
 1.144623485682e-03 -3.099395966455e-03 -6.222640811476e-03 
 1.069052268065e-02  1.137267925966e-02  2.002828625930e-01 
 2.755392239892e-02  2.655457887373e-02  9.877597353124e-03 
-6.683869369203e-02  6.835194427645e-03  2.212860067085e-02 
 1.213647208555e-01 -6.919636455484e-02  3.225210525623e-03 
-2.745715887144e-02  2.791894130864e-02  1.787005852768e-02 
-1.706510757530e-02 -6.005845886548e-02  5.499612531619e-01 
 4.566758771244e-02 -6.482740621106e-02 -1.214395803656e-02 
 1.622817274646e-02  7.465728186234e-02 -1.192327446872e-01 
 6.086785028965e-03  6.520302693361e-03  1.539030178584e-02 
 5.527335207070e-04 -2.347867943597e-02 -2.162985563222e-02 
 1.527172327882e-03  3.359278416890e-03  5.072408357809e-03 
 4.211631874760e-03  9.203394167288e-04  1.039391868293e-01 
 3.853139434624e-01 -5.058945452514e-01  9.674069883141e-01 
-4.405531307216e-01 -1.822992733771e-01 -1.868818406462e+00 
 8.509623542706e-01  3.374593136282e-01 -4.777123034989e-03 
 1.939367841667e-02  6.297983537174e-03 -4.155597651144e-02 
 9.766517680875e-04  3.975030054251e-03  1.172129588534e-03 
 2.250859007566e-03  1.833136477347e-03 -4.514420623039e-03 
 3.249905902600e-01 -1.307989041037e+00 -2.925901507185e-01 
 1.347353136084e-01  7.517218368239e-02 -1.560539093181e-02 
 1.210486102937e+00 -3.190358636316e-01  1.431519907133e-01 
 1.463348460793e-02 -4.754332948809e-03  5.055329546207e-02 
 3.042232611640e-03 -5.034048049674e-03 -3.559373624115e-04 
-6.153471670360e-04 -2.890134266532e-03  5.114753572324e-03 
-3.755586300525e-03 -1.643355076840e-02  5.985319455363e-02 
 3.875344387677e-03  1.930922311649e-02 -6.040234083553e-02 
 6.296318790809e-02 -5.652868642096e-01 -2.550282834993e-01 
-9.427277716624e-02 -1.329309701843e-01 -1.219594454146e-03 
-6.859183259229e-03  1.221859994959e-02  9.274456150964e-03 
-3.993449187934e-03  3.480722932775e-03 -1.870289849468e-02 
 8.251822337161e-03 -2.776798354505e-03 -4.116741841986e-04 
 2.379136536698e-04 -2.260812598442e-04 -5.130410728751e-04 
 3.303296042969e-04 -7.410141127067e-04  1.836901757959e-03 
-2.387627145099e-02 -8.457566833714e-02  3.644283033750e-01 
-1.786020420223e-03 -1.191800348688e-02 -3.641194428900e-03 
 1.701311952681e-03  1.451344039522e-03 -3.567053033783e-03 
 1.260792481419e-02 -1.486006360830e-03  6.695293044639e-04 
 4.186848876710e-05  1.247498302429e-03 -4.623674220955e-03 
 1.903834257558e-02  7.089170916041e-02 -3.001872245041e-01 
 1.141679209883e-01  4.612708045703e-01 -8.025486688431e-01 
 1.419994993801e-01 -2.207204397858e-02  1.857468278351e-03 
 1.812525917825e-01 -5.620075692216e-02  1.220259614611e-03 
-1.307054479479e-01  7.568046927200e-02 -5.178247772698e-01 
 6.566023826711e-02  5.615102970692e-01 -4.087559355685e-03 
-1.960163293755e-02  3.546135526017e-02  2.465207781753e-03 
 6.209255529432e-05 -4.989067806736e-05 -7.246749069522e-03 
 1.888043260353e-03  1.666850406169e-03 -1.214120642133e-03 
 1.950209712894e-04 -7.754739812679e-04 -4.632696547448e-04 
 1.017579731979e-03  2.284754492723e-01 -1.961234005532e-02 
-2.575092047689e-01  1.398267751243e-01  1.574567359935e-02 
-7.808950133991e-03 -6.448466776359e-03 -3.443406824793e-03 
 1.663391272498e-03  1.096836207274e-03 -3.754466893430e-03 
 7.148730662613e-04  2.266420398066e-03 -1.140187236743e-03 
 2.169251579145e-04  2.643389095825e-01  3.541062671252e-02 
-2.480157945676e-01 -6.581099880966e-02 -3.091858409136e-02 
 1.919858366069e-04  1.445220050355e-03 -2.232442475747e-03 
 1.189469711440e-02  4.147510126132e-02 -1.768852821580e-01 
 2.568489611019e-03  2.371009595769e-03 -1.222033666803e-02 
 1.794678550306e-01  1.279642157609e-01 -3.990924669669e-02 
-8.010112942621e-01  8.110093257420e-02 -7.270568109816e-03 
-3.496172934005e-02  6.207299310024e-02  6.744534648842e-03 
-2.539606834579e-03  5.007148097133e-03 -1.708038294465e-02 
 7.208180493339e-03 -3.312532469387e-03 -1.731436776049e-03 
 4.073076578325e-04 -1.226235179944e-03 -8.975797114692e-04 
 1.480358746053e-03  1.406926847642e-04  4.873973588564e-04 
-1.503970457917e-02 -5.537955252614e-02  2.373708932168e-01 
-1.238719859414e-02 -1.510014276441e-02 -6.506777393670e-03 
 3.039906538420e-03  2.303536747994e-03 -9.090067848138e-03 
 7.742932063730e-03  3.215544287929e-03 -1.460512924084e-03 
-7.546360233911e-05 -3.974540754126e-04  1.444876800562e-03 
-1.625236488575e-02 -6.005888061640e-02  2.559332642664e-01 
-3.418093923829e-04 -1.293618346941e-03  5.541544363643e-03 
 1.382161743657e-03 -9.823879191420e-04  5.075436246831e-03 
-1.822646241498e-03  3.119511858430e-03 -6.960474651846e-03 
-4.576710344072e-04  7.451048934715e-04 -2.993363953409e-03 
-4.577988289091e-03  7.504650863973e-04  1.814375273823e-01 
 8.057594911756e-01 -1.614388789998e+00 -1.843251631089e-01 
 7.442451333817e-02 -1.282931339704e-01  1.435531055657e+00 
-6.467180896355e-01 -1.235411464777e-01  5.062441815149e-02 
 7.147821050144e-02  7.340726308430e-02 -1.536487530447e-01 
-5.816521314334e-02  1.788089459599e-03 -2.311615251983e-03 
-3.313921699890e-04 -3.424183059031e-04  6.072365723398e-04 
 1.563911403526e+00 -4.248813928818e-02  1.177078226328e-01 
-3.116399265500e-02  3.511142819703e-01 -1.031616793825e+00 
 3.800767607029e-01 -1.769623541786e-01  5.119178876154e-02 
-4.569475139138e-01  1.152187960560e-03 -6.573116358881e-03 
-1.250444499087e-03 -3.059089957226e-04 -4.329813017304e-05 
-7.809614548711e-04 -2.664095183478e-03  1.740120387158e-02 
 6.253705798533e-03 -6.415916524005e-03  1.553315295939e-02 
-8.770583989198e-03  1.645320819831e-02 -2.071989238423e-02 
-1.482643068827e-03  2.374487567621e-03 -7.954452808277e-03 
-1.367219541530e-02  8.220236343791e-04  5.731006178383e-01 
 2.704711315482e+00 -4.845978044493e+00  2.651140928027e-02 
-9.925217612261e-03  2.378651035363e-02 -3.609271250192e-02 
 9.120109384004e-03 -1.060928317405e-01  1.460646776879e-01 
-5.670999864601e-02  8.790893795309e-02  1.221796409832e-01 
-1.215257884780e-01  5.142700167770e-03 -4.000812850873e-03 
-9.705891725603e-04 -7.541451919143e-04  1.369842885886e-03 
 5.825513718679e-01  7.259462819993e-01  3.683183372241e-01 
-1.825098963668e-01 -3.094258837286e-01  7.642173369848e-01 
 3.247104177204e-01 -3.417566748089e-01  1.620188217751e-01 
 1.623283967760e-01  6.070653824715e-03 -2.821668681482e-02 
-3.630679972588e-03 -4.709563805774e-04 -8.226149065931e-04 
 2.088488920459e-04  9.291405104954e-04 -1.696416250944e-03 
-1.183658744297e-04  2.205213944889e-04  8.470687376115e-05 
 2.857045513502e-04 -6.677005702996e-04 -1.884150067684e-04 
 1.169915895689e-04  3.708538262780e-05 -1.141075236777e-04 
 2.335417376558e-05  9.983976456896e-05 -4.885608713530e-06 
-2.574820199088e-05 -3.861650985967e-05  6.488564663074e-02 
 1.463329941624e-01 -8.799638427102e-03 -6.695668719509e-02 
-1.529121706234e-01  9.036283755644e-03  1.570418099506e-01 
-2.504055670241e-02  3.166153614103e-03 -2.539776799110e-02 
 1.772249233625e-01 -1.473336820377e-05 -1.026281921683e-04 
 1.466278332082e-05  3.443264896056e-05  1.465483320653e-06 
 5.283566708050e-04  1.001731163048e-04 -2.190806766611e-01 
-4.921875021731e-01  2.959735458126e-02 -4.282610916600e-04 
-1.372901685707e-04  2.574502664020e-01  5.778300280502e-01 
-3.475208603284e-02 -2.276805280364e-04  1.253657083446e-03 
 6.085889309612e-05 -4.413174463138e-05 -9.970701476621e-06 
 2.022771987306e-03  8.457476362848e-03 -1.563839074122e-02 
 8.440065879710e-04  6.680256642014e-04 -1.345075541372e-03 
 6.397727327367e-04 -5.628264569706e-03 -9.954179493222e-06 
 1.660000736033e-03 -4.955409955474e-04  1.330557168686e-03 
 3.444325944816e-04  9.444874841507e-04  4.260132441400e-02 
 2.840714710083e-01 -1.648567212466e-01  3.014122145749e-01 
-1.409727374529e-01 -1.149135343472e-01 -2.120298816515e+00 
 9.714847797445e-01  4.575211086509e-01  3.265443086381e-02 
 3.541311443840e-02  3.866582115450e-02 -7.699396577062e-02 
-3.560010339815e-02 -9.137691776676e-04  5.601980164033e-04 
-1.804866090131e-03  1.528059861836e-03  1.204521670755e-03 
-1.962831045903e+00  3.915587480225e-01  3.147239839177e-01 
-1.231281280077e-01  2.855825456353e-01  1.837839431018e+00 
-3.413108671699e-01  7.124051658748e-02 -5.773180695328e-02 
-4.346734711363e-01  3.713949144698e-03  5.901812469553e-03 
 9.968737960255e-04  8.048180163187e-04  8.673098483244e-04 
 6.212057606428e-02  2.830579040975e-01 -3.092178200869e-01 
 4.713825277082e-02 -2.108973893351e-02 -1.995425248830e-03 
 1.367043006997e-01  8.205961494958e-01  2.006998560430e-01 
-2.815545345405e-01 -8.869088373629e-02  1.597757513782e-01 
-8.543106027085e-02 -2.478214072622e-03 -2.119341774531e-03 
-9.313837854577e-03  1.862230015420e-02 -5.778785529713e-04 
 1.108959271936e-03 -3.182163567944e-03 -4.243835321500e-03 
 1.164166924560e-03  4.151534606288e-03 -6.684721729171e-04 
 1.544446632299e-04 -3.104932396572e-04 -3.837633197706e-04 
 5.757539229175e-04  9.439385576721e-01 -2.656557305369e-01 
 3.579573635314e-01 -4.924803123402e-01 -9.149210709941e-02 
-8.630221934062e-03 -1.028970151064e-04  3.320554180712e-05 
-2.938027438950e-04  2.493550109901e-03  6.051800143493e-03 
-8.328566863568e-03  1.690377347629e-03 -1.088587570293e-03 
-6.257181877261e-05 -5.469306619757e-01  3.481337795087e-02 
-5.540135415154e-01 -3.482870400120e-01 -1.175556218886e-01 
 2.842601583126e-01  1.084295712364e+00 -1.930126276109e+00 
 3.795968227184e-02 -1.140504863440e-01 -2.509949516836e-02 
 5.342528858775e-01 -2.395916876302e-01 -2.097435137500e-02 
-8.104999091951e-02 -3.796676179698e-01  7.619582636279e-01 
-9.741447979136e-02  1.880739849018e-01  1.452925189022e-03 
 6.371891228661e-03 -1.362441122143e-02 -4.824270739280e-04 
 1.713637320432e-03  2.691970206750e-03  6.536500867141e-03 
-4.075471495319e-03 -2.947101908151e-03  4.105605196711e-04 
-3.432328381437e-04  2.864003947259e-04  2.096207701833e-04 
-3.741395909247e-04  9.646108797259e-01 -4.289980688580e-01 
-5.037435608742e-01  1.376408915284e-01  6.550919919344e-04 
 6.290665964482e-03  3.333316047529e-03 -4.003702172966e-04 
-8.566213046452e-04 -2.729157622770e-03 -3.985857946552e-03 
 2.521859661343e-03 -1.652641017212e-03 -1.637148489890e-05 
-7.568778785820e-04  1.218247409310e+00 -2.465436412433e-01 
-1.281510868606e-01  1.581938488162e-01  2.964474837465e-02 
-3.206754218539e-06 -2.316092470512e-04  6.211538233757e-04 
-1.943114564140e-02 -7.341018665018e-02  3.076124028617e-01 
-1.010114408401e-02 -3.508753407565e-02  1.606497128652e-01 
 1.494509530954e-01 -9.291384797325e-02 -1.123420763732e-01 
-6.157357855197e-01  1.472115925675e-02  1.961937676563e-02 
 8.151244556007e-02 -9.015805957603e-02 -1.506222058164e-02 
-2.258265889847e-03 -9.821038912373e-02 -1.238242082317e-02 
 7.270361125435e-04 -5.463470508530e-02 -2.123031517554e-02 
 4.040855627090e-03  4.767643825054e-02  9.773069589032e-03 
 1.990204127840e-02  4.317153971751e-03 -2.227272395677e-03 
 5.394043687693e-02  2.018683943889e-01 -8.617926824850e-01 
 2.158075558952e-02 -4.847659576925e-03  3.934995246923e-02 
-5.116384330173e-04  1.885280316800e-01  3.149561961488e-02 
-2.196742509229e-02  3.543321393279e-02 -2.906788940565e-04 
 1.716741984971e-01  2.536633344790e-03 -4.271069975011e-03 
 3.871988602030e-02  1.359133245922e-01 -5.811558516388e-01 
-3.204573930048e-03 -1.269963304428e-02  2.559323896020e-02 
 6.339621237808e-03  9.688567536447e-03 -6.708835960661e-02 
-1.633470781226e-03  2.342285105650e-02 -4.476757349101e-02 
-4.698905596021e-02  2.551020497220e-02  2.660282794887e-02 
 1.413599309038e-01 -8.686618500256e-03  1.071863346216e-01 
 4.500649064654e-01 -5.627458722836e-01 -4.200371064825e-02 
-7.895030588364e-03 -3.883115226917e-01 -6.190458482328e-02 
 8.922764915384e-03 -2.749485561267e-01 -8.592455519800e-02 
 1.220855527648e-02  2.159309647408e-01  4.335249085926e-02 
 8.017927196979e-02  7.812696061808e-03 -6.129506632373e-03 
-2.137479810759e-02 -4.507393330280e-02  2.058136694499e-01 
 1.208221007963e-01  7.755030811118e-04  1.624700464611e-01 
-1.801997547047e-02  7.949936201815e-01  1.069993252516e-01 
-1.591292242109e-02  1.414990721390e-01 -1.314519762654e-02 
 7.304718304850e-01 -5.889356958395e-03 -1.379956933135e-02 
-3.442074361148e-03 -3.331250945706e-02  1.348298222998e-01 
 1.326228405623e-03  5.376597671808e-03 -9.139998620990e-03 
-3.964837050486e-04  1.627978307653e-03 -9.718460100430e-04 
 1.953239448633e-03 -3.091948030265e-03 -1.562166897847e-03 
 1.252119625319e-03 -1.383683057350e-04  1.598980016092e-03 
 3.155666628376e-03  1.106509977286e-03 -9.257643138036e-04 
-3.888299018753e-03  4.784737654757e-03 -1.697754679371e-01 
-3.820149244623e-01  2.623856632914e-02 -1.084728782657e-01 
-2.445806189757e-01  1.711758427526e-02  3.268021222867e-02 
 2.349015037777e-01 -2.623209457531e-02  1.023374243104e-01 
 1.381460826022e-02  5.244165112974e-04 -5.100562868667e-04 
 4.510228030010e-04 -1.369312562849e-03  3.859063389921e-03 
-1.083108095650e-03 -4.351173857639e-05  3.391735224552e-01 
 7.649946491767e-01 -5.273112184567e-02 -8.070338852017e-04 
 1.651225736781e-04  3.100414223729e-01  6.990627525195e-01 
-4.824428387497e-02  2.238376577708e-03  3.308194475682e-03 
-1.626126929639e-03 -3.891853479624e-05  2.624835671513e-03 
 6.960534994441e-02  1.984230639946e-01 -4.898673768644e-01 
 1.385505707249e-01  2.957689560833e-01  7.679688349316e-02 
 2.641022091000e-02 -5.646854138368e-01 -1.302677475720e-01 
 9.291588499986e-01 -8.787692124478e-02  1.767049340112e-01 
 2.171980770650e-01  3.014186523473e-01  4.195308531471e-03 
 1.788185740923e-02 -2.812357692471e-02  3.550687069722e-04 
 7.563693241232e-05 -7.525069892034e-04  2.248193532757e-03 
-6.519514149709e-06 -9.774483232529e-03 -1.101918424307e-03 
-7.387091653384e-04  5.841334735109e-03  1.005908877876e-03 
 9.395624216681e-04 -6.034953182550e-01  4.686287846707e-01 
 4.873503124565e-01 -1.306859427565e-02  2.654773593636e-02 
 5.232195502050e-03  5.337159709625e-03  1.199602028604e-03 
-1.900556566677e-03  9.174796962048e-03 -2.099659065229e-03 
 6.129574243239e-03  1.015736638739e-03 -1.694316606136e-03 
 9.368360572587e-03  1.235188998377e+00 -6.386057968436e-01 
-5.587266202312e-01  1.408956443327e-01  2.010379641286e-03 
-3.698626107700e-04 -9.907033253528e-04  3.090802486030e-03 
 1.324285684499e-02  4.887606724552e-02 -2.139385770404e-01 
-1.354234999625e-03 -9.381369094454e-04  1.811194848024e-02 
 3.930979883433e-02 -9.356868310845e-01 -3.911023323598e-01 
 1.016357428167e-01 -2.383977675500e-01  1.849257287446e-03 
 7.989605782387e-03 -1.159528664112e-02  1.813367610062e-03 
-7.102354168328e-04  1.135926463084e-03 -1.873318574268e-03 
 6.176789878246e-04 -2.357369832644e-03 -1.991608746687e-03 
 3.064244398248e-04  6.143978389129e-03  1.533648797276e-03 
 1.922692278684e-03  2.874633223581e-03 -1.833333620482e-03 
 3.268661548633e-02  1.259232023960e-01 -5.385733188127e-01 
 1.318857774025e-03  7.533049887207e-04 -6.471837785091e-05 
 8.653735977930e-05  4.475982595937e-04 -1.859934909348e-03 
 5.257305672928e-03  7.995191396307e-04 -2.958061906132e-04 
 5.108045715854e-04 -7.209802408724e-03  2.959802132240e-03 
-6.242876762806e-02 -2.338350074649e-01  9.980813979674e-01 
 9.449847868858e-05  6.551664981749e-05 -4.396114040049e-04 
 1.305554971066e-03  1.162099153599e-03 -4.731067900569e-04 
-3.070270144892e-05 -8.860261539555e-04 -2.423057034265e-03 
 2.450996898251e-03 -5.888702677815e-03 -1.418388601108e-03 
 2.292634870918e-03 -1.651352502107e-03  4.749877026675e-02 
 1.979022593233e-01 -2.065659345731e-01 -5.700318197816e-03 
-5.051976650304e-03 -1.161965509371e-01 -1.165969440433e-02 
-2.114701830404e-03 -1.139517295634e-01  3.676961098575e-01 
-3.074008751392e-02 -8.030641863448e-01 -1.966778106974e-01 
-3.442876847984e-01 -9.849160039338e-04  1.077032787941e-03 
 6.449151063170e-04  1.378402031137e-03 -1.210000534221e-03 
 5.103693338182e-02 -5.681106269139e-03  3.695423635497e-02 
 1.178007284834e-03  2.712838823504e-01  2.060496886150e-02 
-1.242738536946e-02  7.311535650477e-02 -1.551283864796e-02 
 2.618240924159e-01  4.742982262564e-03 -4.259631807189e-03 
-2.786972069915e-03 -1.608453320743e-03  7.507379496768e-03 
 4.036764570613e-05  2.269466117739e-04 -1.450528796318e-04 
-1.939582206153e-04 -2.606069163908e-04 -9.209444169901e-05 
 1.243304994422e-04  3.647799325002e-04  4.616653714949e-05 
-3.131803159300e-04 -1.029115937120e-04 -1.021732813942e-04 
-2.554997689743e-05 -5.456511253605e-05 -2.802371219836e-04 
-1.163924841086e-03  1.300552513742e-03 -5.202777831884e-02 
-1.168013296818e-01  7.517785432462e-03 -4.382671988098e-02 
-9.847900028866e-02  6.416761116220e-03 -1.558631081201e-01 
-8.687793983301e-01  9.342459560537e-02 -3.757643475050e-01 
-9.219022319365e-02  2.696268226355e-04 -2.292335728742e-04 
-1.842401776724e-04 -1.918348157323e-04 -7.866474076055e-05 
-3.335646609768e-04  2.226801625453e-05  1.142941806906e-01 
 2.570139323286e-01 -1.665109955038e-02 -1.205740187978e-04 
 4.918629516220e-05  1.110135528207e-01  2.501583255787e-01 
-1.621659110684e-02 -4.826777586215e-04  3.662384869314e-04 
 2.044154896770e-04 -9.026608573590e-05  1.589089524605e-04 
-1.045852490765e-01 -4.878895400036e-01 -6.292067921060e-02 
 5.758512712104e-01  1.667865382173e-01  7.645675463757e-02 
 9.605939300861e-02  4.291324185063e-02  1.635184282011e-02 
 1.269062257012e-01  1.845214516217e-01  8.717433164410e-02 
-3.401964390917e-02 -8.640477991548e-01 -6.367156429454e-03 
-2.714398701396e-02  2.865087381768e-02 -5.114593111109e-03 
 2.323145782173e-03 -2.157430810302e-03  1.399338501050e-03 
-9.861344891701e-04  5.553502517950e-03 -2.041505147111e-03 
 1.733246808724e-04 -1.420949105272e-03 -3.687144367017e-04 
 1.753966473345e-03  1.528434507460e-01  2.718668331201e-01 
-3.330241193364e-01  7.516555915331e-01  1.536964490754e-01 
-3.649714527006e-03 -1.556460327079e-03  3.257141934002e-03 
-1.175481229808e-03 -2.200758549588e-03  7.504854028362e-03 
-9.515413136751e-03 -6.805001930207e-03  3.355368965374e-03 
-1.743915676186e-03 -1.738929282247e-01  2.465881330432e-01 
-7.285535435337e-01 -5.529809590466e-01 -1.769006767184e-01 
-3.327312665642e-05 -2.555791022050e-05  8.174745320210e-03 
-1.605707812411e-03 -2.330481161527e-03  2.549881034443e-03 
-4.976063769885e-03  2.623691332285e-03 -8.256501114535e-03 
 6.407724466376e-06 -3.635525794268e-03 -3.903489789355e-04 
 2.706894020706e-03  8.209267344320e-03 -5.584919693589e-01 
-2.356423845495e+00  1.442827095261e+00 -3.433764625780e-01 
 1.441938679976e-01 -1.468466052752e-01 -3.062974689914e-01 
 1.424604872838e-01  9.973116722350e-02 -1.872583172953e-01 
 3.217208989005e-02 -1.759655863923e-01 -7.978019749445e-02 
 1.622049525417e-01 -7.784103376534e-04 -3.261501621390e-03 
 4.363156805884e-03 -6.063416663939e-03  1.855163417804e-03 
-2.292498443316e-01  2.796913221553e-02  6.210349297724e-01 
-2.760913214388e-01  9.884634959564e-03  7.071742584404e-01 
 2.155618631984e-02 -9.304101236013e-01  4.236653172850e-01 
 1.558789934141e-01  1.023192305340e-02 -1.560764414501e-02 
 5.590623216068e-03  3.973379762051e-03  6.133561197957e-03 
-1.272131969444e-01 -8.437225113297e-01 -4.827392747666e-01 
 6.728827937543e-01  1.285577437471e+00  3.437472159748e-01 
-3.862974347690e-02  1.486793870237e-01  3.243056109897e-02 
-1.081949375039e+00 -3.698084541927e-01  3.998936063319e-01 
-2.726970618351e-01  4.859061752748e-01  4.707513237267e-04 
 1.952576284056e-03 -4.982498228247e-04 -3.578798745369e-04 
 2.359125782856e-04  8.560049661234e-06  7.240154674062e-04 
-5.002031741953e-04  3.620979565659e-04  1.175980066110e-04 
-2.085409758665e-04  8.284430113812e-05  3.541045129202e-04 
-1.471745311267e-04  2.527619269490e+00 -4.957474430176e-01 
 1.003660835572e+00  1.131339911543e+00  3.294157710022e-01 
-6.484850450878e-04  7.251648172980e-04 -7.621053898691e-04 
 4.176748276344e-04  7.417782454497e-05  3.735015088286e-04 
-1.731863292808e-03  7.811256773921e-04 -2.594835107194e-04 
-4.876456961195e-04 -3.448949639509e-01 -2.592375642691e-02 
 3.094395868823e-01  2.624425170182e-01  8.137972775596e-02 
-2.692554625156e-03 -1.214501610450e-02  1.468143081070e-03 
 4.214455609318e-03 -7.795969642628e-03 -2.419479913451e-03 
 6.858331932726e-05  1.644020293633e-03  2.369313707009e-03 
 2.289417913446e-03 -1.552472332944e-03  2.688390256018e-03 
 1.314176775708e-04  3.254188847291e-03 -1.163642194022e-01 
-3.994758870523e-01  4.405160949337e-01  6.932121929733e-01 
-3.081528734759e-01  8.979786726927e-03 -2.040053767338e-01 
 9.337809067705e-02  4.228287334606e-02 -2.507271798068e-02 
 4.921494743288e-01  2.622641812099e-01 -1.046982061646e+00 
-6.272920535575e-02  2.157736543612e-03 -5.624306813447e-06 
 1.289370375588e-03  1.053178017570e-03 -2.015604643520e-04 
 1.956843994534e-01  2.551425436107e-02  1.948046263494e-01 
-1.381193442645e-01 -8.566923986222e-01 -4.532530761905e-01 
 8.317015082351e-02  3.785576621319e-01 -1.350908126630e-01 
 5.589205299400e-01  1.538665961153e-02 -4.514128440060e-03 
 3.265134684276e-03 -7.047039504959e-03 -2.194394983507e-03 
 1.488268133475e-03  6.605573002160e-03 -9.786865676749e-04 
-2.514743462845e-03  5.132380554961e-03  1.050507751138e-03 
 7.007244908476e-04 -6.947368655192e-04 -1.482222740850e-04 
-1.776680577052e-03  1.014728730792e-03 -1.408068448734e-03 
-3.794164469993e-04 -2.191923538093e-03 -1.027620811469e-04 
-3.563253281438e-04  3.677633432092e-04 -6.635206537314e-02 
-1.506119374825e-01  8.866175103697e-03  3.802808532179e-03 
 8.767427442043e-03 -4.983399365274e-04  8.557901928049e-01 
-1.907540857186e-01  2.272368348964e-02 -1.623979543114e-01 
 9.707033369955e-01 -2.748320183944e-04  2.559260518351e-04 
-6.708070951475e-04  3.935685992256e-05 -2.470034139578e-05 
 3.592015065744e-04 -4.109446789786e-05  3.520819777389e-01 
 7.897985630059e-01 -4.733120050345e-02 -5.284612061752e-04 
 1.059827468167e-04 -2.570229667271e-01 -5.777669419965e-01 
 3.456289335921e-02 -9.982911026777e-03  3.290254874191e-03 
-2.189470016246e-03  4.128123454007e-03  8.338300886424e-04 
-5.325030200495e-01 -2.373734193862e+00  1.500963175191e-01 
 9.374465841974e-01 -1.879744833846e+00 -3.786634684267e-01 
-2.107362423914e-01  2.043128529078e-01  3.434552909540e-02 
 6.364974203793e-01 -3.845946482475e-01  5.372272525898e-01 
 1.358397958277e-01  8.108254296362e-01 -7.272224691964e-05 
 3.491443030522e-04  5.355253120435e-03  5.649988141405e-03 
-2.747013104100e-03 -3.183595526566e-03 -1.182573484423e-03 
-3.598542139256e-04  3.888381326711e-03  4.302288344003e-04 
-3.464100827612e-03 -3.514764230678e-03  5.966660844248e-03 
 4.893441769857e-03  1.916119719068e-01 -1.514198826367e-01 
 2.458653795936e-01  9.694347539976e-03  1.815624185925e-02 
 5.517269153832e-03 -7.053876786102e-03  2.863645602891e-03 
 1.930274007847e-03  3.381898381643e-03 -9.437944495057e-03 
 3.720598154554e-03  3.369849281058e-03 -3.285650977145e-03 
-5.013180405441e-03  3.668394568877e+00 -1.044826035776e+00 
 8.130717623353e-01 -1.550598787262e+00 -3.093734168284e-01 
-1.582899984884e-03 -7.107831381105e-03 -7.540220751321e-03 
 5.321889042161e-03 -9.478015098837e-03 -1.210587345489e-03 
-2.287651954853e-03 -2.245938486721e-03 -2.314024895695e-03 
 3.483126587589e-03 -2.164781585175e-03  2.341056116772e-03 
 8.573231898789e-04  4.583454319233e-03  2.172218992867e-01 
 7.026436228873e-01 -8.458446092196e-01 -1.720662567629e+00 
 7.899846046239e-01  3.966077910631e-01 -2.043636823599e-01 
 9.172362306998e-02  1.249382369183e-02  3.749026380575e-01 
 1.937489387643e-01  4.192269257210e-01 -4.083520601600e-01 
-3.700370294255e-01  4.453563276029e-04 -2.357134715460e-03 
 1.142542736276e-03 -6.492062990043e-04  2.510729225487e-04 
-1.656916595353e+00  3.532775744725e-01 -9.502530300216e-01 
 4.183070775460e-01 -8.594451181343e-02  2.299129897299e+00 
-6.327174647600e-01 -9.610960130373e-01  4.443703713716e-01 
 2.752550425941e-01  1.799568188068e-02  1.089244586796e-03 
 5.020137404409e-03 -8.143538187064e-03 -9.603910886307e-04 
-3.566691016700e-04 -1.476233156843e-03  3.009371368966e-03 
-5.090164743322e-04  6.008361834618e-04 -7.945416230570e-04 
 2.493119343302e-04  6.471901511549e-04  2.108609125353e-03 
-3.443040527335e-04  3.728072437415e-04 -1.751871620333e-04 
-2.691822070808e-04 -6.083762555196e-04  6.860522443832e-01 
 2.975996946899e+00  1.089888701203e+00 -8.132979683748e-01 
 3.862538795671e-01  4.049917461049e-01 -5.418708628204e-02 
 2.534024277050e-02  1.941063941030e-02 -1.297223424894e+00 
 2.527160240379e-01 -9.215884262413e-01 -5.514053485357e-01 
 1.123001872832e+00 -4.223330913109e-04  7.501381449862e-04 
-9.254014982712e-05  1.628794833447e-04 -3.548236444804e-04 
-5.250351542000e+00  2.126719221528e+00 -1.482270551599e+00 
 6.914109122759e-01  5.255614305882e-01 -2.749673153855e+00 
 1.237460979474e+00  1.062074057657e+00 -4.748820956880e-01 
-2.972365145661e-02 -2.599362116501e-03  6.612984946936e-04 
-3.795855361808e-04  4.070575334862e-04 -3.325534660546e-04 
orbocc
(*)
 0.000000000000e+00  0.000000000000e+00  0.000000000000e+00 
 0.000000000000e+00  0.000000000000e+00  0.000000000000e+00 
 0.000000000000e+00  0.000000000000e+00  0.000000000000e+00 
 0.000000000000e+00  0.000000000000e+00  0.000000000000e+00 
 0.000000000000e+00  0.000000000000e+00  0.000000000000e+00 
 0.000000000000e+00  0.000000000000e+00  0.000000000000e+00 
 0.000000000000e+00  0.000000000000e+00  0.000000000000e+00 
 0.000000000000e+00  0.000000000000e+00  0.000000000000e+00 
 0.000000000000e+00  0.000000000000e+00  0.000000000000e+00 
 0.000000000000e+00  0.000000000000e+00  0.000000000000e+00 
 0.000000000000e+00  0.000000000000e+00  0.000000000000e+00 
 0.000000000000e+00  0.000000000000e+00  0.000000000000e+00 
 0.000000000000e+00  0.000000000000e+00  0.000000000000e+00 
 0.000000000000e+00  0.000000000000e+00  0.000000000000e+00 
 0.000000000000e+00  0.000000000000e+00  0.000000000000e+00 
 0.000000000000e+00  0.000000000000e+00  0.000000000000e+00 