2mocoef
header
1
MO-coefficients from MOLCAS
1
48   48
a
mocoef
(*)
-1.668014993963e-05  4.631941069973e-04 -1.252512893337e-04 
-4.437461469497e-05  6.932029169141e-04  1.465493830204e-04 
 1.996162725702e-05 -1.618491238300e-04 -4.531566815050e-05 
-3.215793225531e-05  2.793021848134e-06 -6.009567981026e-06 
-5.846288728127e-06 -9.491812111191e-06  1.001379833494e+00 
-7.659743981645e-03 -8.462520081703e-04  8.362859240395e-05 
-3.563580643019e-05 -2.331062770633e-05 -2.614533685057e-04 
 1.075053163753e-04  9.421204913600e-06 -1.065928171665e-03 
 2.328223377126e-04 -7.630455554950e-04 -5.230473753311e-04 
 9.620124711745e-04 -2.929674520316e-04  9.052858620813e-05 
-7.471830915497e-06  5.640176867750e-07  1.224049566708e-06 
-1.065904789220e-02  5.972430465036e-03 -1.841654971167e-03 
 8.548355734092e-04  6.921942016925e-04 -8.432962227008e-03 
 4.819113065786e-03  1.862627060949e-03 -7.949488898756e-04 
-1.416192514409e-04  7.883167439055e-04 -3.528136607191e-04 
 1.976860567232e-05 -3.448702650336e-05 -4.143394250959e-06 
 1.000839677379e+00  4.329338983446e-03 -4.979109178457e-03 
-2.126853932957e-03  7.952209223251e-04  1.121530222357e-05 
 1.710970502118e-03 -6.721708910348e-04 -2.619642244587e-05 
-1.813388975679e-05  4.678226911054e-04 -9.396296212277e-04 
 5.086533263262e-05 -5.767698968799e-04  1.195241380920e-05 
-1.554280788489e-04  1.782352554498e-05  4.130536018015e-06 
-2.191027914316e-06 -9.797400466204e-06 -1.441051742531e-05 
 5.365298449658e-06  9.769096748369e-06  3.124759556096e-06 
-4.981074392334e-07  2.128314719390e-06  1.149973882109e-06 
-2.817701366135e-06 -6.048589204274e-04  1.460203785585e-03 
-4.715754546485e-04 -3.452600445109e-04 -8.199860485771e-05 
-7.771073752923e-05  2.758265517695e-05 -7.008682928951e-06 
 3.478960497960e-06  1.100875288804e-06 -5.448195873558e-05 
 3.822962410625e-05  2.811824601927e-06 -1.025360727413e-06 
-1.586517690794e-06 -1.221495371721e-03  2.335646944055e-03 
-3.630007731466e-04  4.306964333641e-04  8.449431078252e-05 
 6.014796046113e-03 -8.430298457398e-01  1.783694240597e-01 
 1.793568004504e-01 -9.644887116878e-02 -1.427938123610e-02 
-4.722000858418e-02  3.954056907920e-02  5.336318972531e-03 
 3.733172126018e-03 -4.189924710409e-03  9.263357768802e-03 
 2.850705874846e-04  3.885677523039e-03  7.849087083764e-04 
-3.344986146326e-02  5.341732932876e-03  1.501504984392e-03 
-8.508550053234e-04 -1.690479552822e-03 -1.222187896486e-03 
 6.134880575157e-04  9.237934464075e-04  3.953383776614e-04 
-9.458951546267e-05  2.598915457223e-04  2.049944561650e-04 
-3.540707425088e-04 -3.367193730528e-01  1.596691246363e-01 
-1.404875406277e-02 -2.579993907307e-02 -5.760121731760e-03 
-1.710406747185e-02  8.010827992605e-03 -1.427560260694e-03 
 6.448823154209e-04  3.904778051880e-04 -1.243367486742e-02 
 6.322703193735e-03  1.215078699498e-03 -5.354289674011e-04 
-2.299404366581e-04 -4.933360080621e-01  2.332903962910e-01 
-1.212724323399e-02  3.352544706308e-02  6.337466357958e-03 
-7.257704878930e-06  1.103112917180e-03 -7.161027686950e-05 
-3.341983252416e-04 -2.501233036095e-03 -5.422066118837e-04 
 1.310356890528e-04  5.317557463793e-04  2.718591384774e-04 
 1.156082375429e-04  3.502201197637e-06  1.676615373280e-06 
 2.406109396493e-05  2.266036259935e-05  1.316453468321e-03 
 3.086068566210e-02  2.101103223272e-02  6.394628175002e-01 
-2.843633752014e-01 -1.399969479717e-01 -2.002827231554e-01 
 8.917243013855e-02  4.478622593438e-02  1.580225242085e-03 
-2.604644666271e-03 -4.472152345418e-04  5.538581432105e-03 
-5.435955535631e-04  2.342699829224e-03 -8.719072565824e-04 
 8.209843156605e-05  9.161224526513e-05  1.117169442541e-05 
-6.068874146638e-01  2.423735827884e-01 -2.612608256813e-02 
 1.238733706895e-02  1.213815623775e-02  6.155959150240e-01 
-2.388525404724e-01 -3.513528130418e-02  1.470844754846e-02 
 1.904667079095e-04 -1.528951316341e-03  6.524130566608e-04 
-3.867623470686e-05  2.441186477363e-05 -1.142356149156e-05 
 2.288751555052e-03  9.096005476518e-02  2.389288536699e-02 
-7.918414370930e-02 -7.011024111453e-01 -1.463081816221e-01 
 6.034173095488e-03  1.581075245901e-01  3.271277215154e-02 
 3.290180349182e-02 -4.035042836845e-04 -6.678777532327e-04 
 7.014841511211e-03  7.881008511375e-03  1.095389131498e-03 
-4.772370746674e-02  7.378866064811e-03 -1.069921983777e-03 
 2.051951387236e-04 -1.631550225711e-03 -7.026190116174e-04 
 3.460827547098e-04  9.651147238162e-04  5.546633280476e-04 
-1.196234186675e-04  3.711588463186e-04  2.681432986327e-04 
-4.991384134580e-04  5.673942092513e-01 -2.181985946094e-01 
 1.845337716894e-02  1.675842439141e-02  4.341555370808e-03 
-2.125593544506e-02  1.030205210616e-02 -1.875688667076e-03 
 8.536364846845e-04  5.115586859821e-04 -2.085868422247e-02 
 1.028984385404e-02  1.901522368380e-03 -8.281618103430e-04 
-3.093253094939e-04 -5.150945024179e-01  2.011217930579e-01 
-1.365687013609e-02  1.605895887382e-02  2.465712818241e-03 
 7.517281809322e-03  2.994541103757e-01  5.220760762986e-02 
 6.044589087283e-01 -7.321939972626e-02  1.717071442583e-02 
-1.704041321669e-02  7.901697516725e-03  2.749075299014e-03 
 1.782820421379e-03 -2.552844595271e-03  8.010560758922e-03 
 7.203456987262e-04 -1.468727450458e-03  5.176425605452e-05 
-3.255930148066e-03 -2.857966712518e-03  2.565876864460e-01 
 5.963883431684e-01 -3.719305472101e-02  1.890204096554e-02 
 4.565757707731e-02 -3.024036289302e-03 -1.661572346608e-04 
 7.097240845871e-04 -1.407376496945e-04  3.023232651581e-04 
-3.258552081027e-04 -1.631563918159e-01  4.622762981126e-02 
 6.551304837748e-03 -9.633963411974e-03 -1.761009666967e-03 
 3.001592351451e-03 -1.660888351197e-03  8.608379587328e-03 
 1.941836050068e-02 -1.269268130751e-03  2.804155287143e-03 
 9.330319898219e-04  7.645501056360e-03  1.878071006792e-02 
-1.133316807200e-03 -1.511517563835e-01  5.023479717757e-02 
 1.025177464598e-02  6.869900852797e-03  1.747832540366e-03 
 7.376246169462e-03  2.990774822316e-01  5.418449526764e-02 
 6.046377625325e-01 -7.285766975065e-02  1.726158446230e-02 
-1.756655624880e-02  8.632283141004e-03  3.041898070633e-03 
 1.731705073675e-03 -2.520995339757e-03  7.951457967012e-03 
 7.032523032052e-04 -1.526468573894e-03  8.660828117875e-05 
 3.269234385916e-03  3.742811668282e-04 -2.570252320372e-01 
-5.961255422508e-01  3.773275533077e-02 -2.016530100799e-02 
-4.506226860444e-02  2.751732939961e-03  2.742970613870e-04 
-7.255977913307e-04  2.239656525237e-04 -2.687327479153e-04 
 2.231399140974e-04 -1.637853207430e-01  4.711149956686e-02 
 6.567756424887e-03 -9.656517244582e-03 -1.774053047833e-03 
-2.556741376586e-03  6.788249255670e-04 -8.506510651407e-03 
-1.946753427845e-02  1.334556500616e-03 -3.188484205007e-03 
 3.158769533865e-03 -8.019589501423e-03 -1.862363433581e-02 
 1.207391707629e-03 -1.509524553381e-01  4.766707989327e-02 
 1.020495586355e-02  7.028765020246e-03  1.763780746437e-03 
 8.698332208227e-05 -1.097924311631e-03 -5.172995420451e-03 
 6.999631166996e-05 -1.151835851759e-03 -5.177383408111e-06 
 1.414194517770e-03 -2.571285544173e-03  4.003072077800e-03 
 1.372067410971e-04  4.974658860127e-06  1.989689220927e-04 
-1.147512212686e-04  1.094956887008e-04 -8.444648743334e-04 
 7.132754033549e-02  4.457044834461e-02 -1.821042873024e-01 
 2.303228712552e-02 -8.935039613255e-01 -1.425770359094e-02 
 1.937952667694e-03 -6.909525279663e-02  1.630156019481e-03 
-7.244328937875e-04 -6.281832728949e-06  1.054605725958e-03 
-1.472815332635e-03  5.996358004188e-05  8.093017092496e-04 
 3.972369318598e-06  1.623035440282e-04 -2.120591404633e-04 
-7.172107886939e-02  3.442254364594e-02 -9.551371249424e-03 
 2.488072331211e-03 -2.720700199366e-02 -7.627713453996e-02 
 3.185618702472e-02 -1.067082727830e-03 -1.201951025208e-03 
-2.771581213218e-02 -2.269782404394e-03  9.397326575462e-03 
 1.389372845536e-04 -3.887735046218e-04 -3.630618849482e-04 
 5.668272066934e-04 -2.826843229047e-02  8.037874322703e-03 
 2.686198585989e-03 -4.334093634669e-02 -8.923181605630e-03 
-1.412365626229e-03  1.029285785613e-02  2.326123687687e-03 
 2.010571188329e-03 -1.884434872554e-04  3.469822437736e-04 
 3.962374867390e-04  6.051527837304e-04 -3.254306877038e-03 
 8.462828595940e-01 -1.349860312079e-01 -2.142232323324e-02 
 1.432452523953e-02  4.345054145774e-02  2.419688213002e-02 
-1.231802102421e-02 -1.836658846641e-02 -9.801316788297e-03 
 2.338023030547e-03 -6.576648443727e-03 -5.097894088639e-03 
 8.784589238071e-03  1.860947757322e-02 -5.909607455562e-03 
 4.829893953910e-04 -6.039030507904e-05 -8.271511738388e-06 
 4.177918114126e-01 -2.003726870338e-01  3.512012436431e-02 
-1.587665326809e-02 -9.829864431147e-03  3.319818192262e-01 
-1.663225713875e-01 -3.178917765501e-02  1.396936243506e-02 
 5.628027458442e-03 -4.871890188606e-02  2.117309096880e-02 
-1.236381855889e-03  2.195461502389e-03  3.505103218002e-04 
-1.176798216872e-03 -1.676545451814e-02 -2.263756107001e-03 
-3.570832911568e-02 -1.492476374687e-01  7.342519517554e-01 
-1.030751124887e-02 -5.446095079305e-02  2.667417800233e-01 
 3.463597419624e-03  4.479987375135e-03  9.016306569790e-04 
-1.785932171977e-02  1.634900605422e-03  8.230938076248e-04 
-2.754872186425e-03 -2.087478112903e-02 -6.423580554315e-05 
 7.375251402211e-04  8.279350765565e-03 -4.692039921767e-03 
 1.579090989268e-03 -4.171861408845e-03  5.925209208364e-04 
-1.232394830139e-04  5.206907244347e-04  3.052536190219e-04 
-5.369028877254e-04  2.515299753844e-03  5.764055855780e-03 
-8.797673033216e-04 -3.750175783205e-03  1.939465674530e-02 
 1.531779401412e-03  6.813579580220e-03  1.239290454133e-03 
-4.702111788233e-04  6.682531203300e-04 -1.433507232675e-03 
 2.500683249373e-02 -1.601192610738e-03  7.561028667160e-04 
 9.103982338018e-04  7.722731151351e-04  8.359299663495e-03 
-8.910412876677e-04 -4.485799865327e-03  2.032732268028e-02 
-3.312563591392e-02  3.253294312866e-01  1.501023053137e+00 
-2.717450395830e-01 -8.675108950968e-02 -1.342542132820e-02 
-4.514383982474e-01 -4.957498031521e-02 -2.817988528135e-02 
-3.789698754078e-03  1.606487386478e-03 -6.922403386206e-03 
-5.935259773841e-04  3.603437870427e-03 -4.312000052007e-03 
 2.231344170528e-02  1.210595968243e-01  4.460678334146e-03 
-1.071528953799e-03 -7.953294771278e-03  1.031678398784e-02 
-4.165114182619e-03  1.132681761572e-02 -2.169054901738e-03 
 5.246767713643e-04 -1.708838402464e-03 -1.109050876730e-03 
 1.982683978932e-03 -1.781880875534e-01 -1.325379197174e+00 
-3.486642126773e-03 -3.650325639447e-03 -5.202200695725e-04 
-1.424450588363e-02 -7.101688987064e-02 -3.821650750268e-03 
 1.826080294093e-03 -3.741649775308e-05 -1.181306878008e-02 
-1.061702206548e-01  4.113035565811e-03 -1.700932958516e-03 
-1.365581458253e-03 -8.289270343964e-02 -1.089168508766e+00 
-9.895765459035e-03  4.281100162574e-03  1.029528131046e-03 
 3.082243328301e-03 -1.158795351962e-02 -1.523871483290e-02 
 4.516785899223e-02  1.342654644825e-01  7.089629999221e-02 
 3.959072116445e-02  2.688967653801e-01  3.188757480925e-02 
-3.663289668793e-03  1.539148219232e-03 -3.223336916784e-03 
-9.818906081831e-04 -4.359365931368e-03 -4.628037009096e-02 
 2.537233408967e-01  1.282715799118e+00  6.971482992817e-02 
-2.505133627277e-02  2.230473626226e-02  9.906134737201e-02 
-3.628612442691e-02  4.756508330189e-02 -1.679863508772e-02 
 3.518154212680e-03 -1.178376373121e-02 -7.671014051065e-03 
 1.527787016172e-02  5.397104807008e-02  4.767878952840e-01 
-4.899023762095e-04  3.914863926899e-05  2.552923336568e-03 
-2.076005489610e-01 -7.166470593441e-01 -2.319018221840e-02 
 1.101227736437e-02  9.610614810579e-03 -2.145737487987e-01 
-1.069732125848e+00  2.765759903247e-02 -1.157649225055e-02 
-1.141352259320e-03  1.413624649289e-02 -4.658349966352e-01 
 1.830918491865e-03  6.067793499433e-03  3.993252370841e-03 
 7.133605017409e-03 -4.708142681142e-02 -5.161588024326e-01 
-3.294779390848e-02 -4.876852031677e-01 -9.226126087217e-02 
-6.545149922885e-03 -9.556805192251e-01 -2.016259120748e-01 
 1.318609214460e-02 -4.836693590228e-03  7.355825289670e-03 
 2.523104731665e-03  1.072059519389e-02 -1.319705284000e-02 
 7.069174709040e-02  3.548824719254e-01  3.101409904966e-02 
-1.440533932712e-02  1.580273458914e-02  4.929521416537e-02 
-1.781323455921e-02 -1.147388042696e-05 -4.014917821175e-03 
 5.820374555425e-04 -2.620395147370e-03 -1.442068499013e-03 
 3.649491736346e-03 -1.163963933453e-01 -1.267025952386e+00 
 3.738654449623e-03 -5.565821705090e-03 -7.565030186532e-04 
-6.536602793673e-02 -1.414916731519e-01 -3.853015244039e-03 
 1.553131370844e-03  3.470665028039e-03 -7.038800063954e-02 
-3.387182571969e-01  7.114799998351e-03 -3.219730003561e-03 
 1.124815013632e-03  4.071741684773e-02  2.037330072311e+00 
-4.325634909412e-03 -1.631952122857e-02 -2.483463216975e-03 
 2.276508141714e-03  1.499716454767e-02  1.331971454966e-03 
 1.217102185622e-02  1.504658774132e-02  1.893483057843e-02 
-1.095029297319e-02  2.739606439981e-02 -5.297744804871e-03 
 3.197096908388e-04  2.249308315439e-05 -5.660404445733e-04 
-2.991950693847e-04  9.828519890181e-05  5.742043261191e-03 
-3.943138793672e-02 -2.765105581643e-01  3.278299093767e-01 
-1.459228664998e-01 -7.279964935012e-02  6.594080999844e-01 
-2.939800110010e-01 -1.506195515551e-01  6.989332924016e-03 
-4.425412924567e-03  2.887757186586e-03  9.506803350324e-03 
-5.187698490329e-03  2.827216493291e-03  4.056085802089e-02 
-1.076816249011e-04 -7.175653233871e-04  7.637430114797e-04 
 5.245471485207e-03  1.766462928133e+00  2.566721221277e-02 
-1.172487455246e-02 -8.380478355995e-03 -1.649938276773e-02 
-1.344997154213e+00  1.195729185154e-02 -5.109974926622e-03 
-7.752451960934e-04 -1.110357229298e-03 -6.218057514680e-02 
 1.319563953776e-03 -2.500610794127e-04  1.171940735579e-03 
-2.836317553344e-02 -1.405995898469e-02  5.210452875846e-01 
 3.180046167197e-01 -4.317152910783e-01 -8.708711751655e-02 
-5.019734576075e-01  1.741472808018e+00  3.496166767137e-01 
 1.150334977195e-01 -1.577261670539e-02  2.145597230976e-02 
 2.405166338086e-02  5.818472236381e-02 -1.041867351749e-03 
 4.176123816696e-03  7.856955219925e-03  2.209733445411e-03 
-1.641432132091e-03  7.481968511338e-03 -8.259717869026e-04 
 1.451264431237e-03 -6.524613233505e-03  2.419899511871e-03 
-5.233901401694e-04  1.717412909276e-03  1.180050749223e-03 
-2.202019717756e-03  7.057799563202e-01 -1.655425110221e-01 
-4.234372534270e-02  4.231220896172e-02  6.929211987746e-03 
-2.334312476024e-02  1.357868824815e-02  3.688902242104e-03 
-1.769868561217e-03  2.669814340483e-04 -3.134988319821e-02 
 2.180037498259e-02 -3.506145497824e-03  1.470183106389e-03 
 1.530226673439e-03 -1.335548143681e+00  1.400192990387e-01 
 4.438926463980e-02 -1.860657578682e-03  5.977245193227e-04 
-6.550122804540e-02 -4.610460815019e-02  4.879872943152e-01 
 5.162305539373e-01  2.246946145349e-02 -2.277832819475e-03 
-1.079852845219e+00 -2.018132339276e-01 -5.168322109798e-02 
-9.672276269161e-02 -7.115901549691e-02  1.162498858068e-01 
-2.348011967572e-02  1.154874288044e-01 -6.867725258712e-04 
 2.597190582148e-03  5.396759575314e-03 -7.622704856019e-05 
 2.380912094803e-03  5.285586573139e-03 -2.399552096369e-03 
-1.396804138816e-03 -3.927441901768e-03  1.534934107483e-03 
-3.382956127896e-04  1.074598163236e-03  8.003258908658e-04 
-1.355290787884e-03 -1.602177408941e+00  1.170346541041e+00 
 9.860643841718e-03  5.114760007187e-02  9.852552272834e-03 
-1.525654662378e-02  3.289553247752e-03  2.919507115759e-03 
-9.713582505460e-04 -4.775808924265e-05 -1.912370077579e-02 
 1.839128202545e-02 -1.637912572211e-03  9.839746843610e-04 
 1.007215246099e-03 -6.287524341345e-01  3.103627605992e-01 
-1.995688014217e-02 -5.882566897320e-02 -1.415254140663e-02 
 1.715672741106e-02  7.312200624971e-02 -6.187737765712e-02 
 1.661286566554e-01 -9.748906146646e-02  4.091200949621e-01 
-1.971090046278e-01  7.965483790266e-02 -4.578540252929e-01 
 1.249738249620e-03  7.077495793391e-03 -1.434050725284e-02 
 5.640377696040e-04 -1.329375971257e-02  6.744564077601e-02 
 3.413503271124e-03 -3.288429637821e-01 -6.724197783884e-02 
 2.490172552179e-02 -3.406134286506e-02  8.742555961263e-02 
-4.546820851491e-02 -6.244222153409e-02 -1.141227008642e-01 
 2.357236105368e-02 -8.159930657488e-02 -5.259464244182e-02 
 1.036061112599e-01  5.981668365583e-02 -9.818638194939e-02 
-2.049112287199e-03 -1.737671053333e-02  7.939442519464e-03 
 1.207993407992e+00 -8.736321301113e-01 -1.390373732389e-01 
 6.129951825392e-02  2.476110555246e-02  1.444403379973e+00 
-1.277000715686e+00  1.435665968438e-01 -6.414108541163e-02 
-3.501941315326e-02  5.889556186019e-02 -3.277844135351e-02 
 1.453730755311e-03  1.324087804786e-02  2.330012999785e-02 
 1.017689668132e-01  4.347295863389e-01 -3.855197990380e-01 
 7.986775173265e-01 -1.681895046071e-01  1.099529862700e+00 
-9.318893483131e-01 -5.306048783069e-02 -1.282809136530e+00 
 1.205632412170e-02  4.609275062976e-02 -7.954702845837e-02 
 4.617642653201e-03 -8.151146694279e-02 -2.391513797640e-02 
-3.125705312961e-02  1.100100251968e-01 -3.935169288156e-03 
 3.968663339614e-04 -2.683175901506e-02 -1.518818994622e-02 
 1.178581588022e-02  6.325052626264e-02  3.311269249962e-02 
-6.875945461552e-03  2.338382443112e-02  1.527563496283e-02 
-3.002675172864e-02  3.729821970618e-01 -6.405447939357e-01 
-1.065841662532e-02 -9.412652844192e-02  5.544536977369e-03 
-3.716073701434e-01  2.669170005763e-01  3.864516371904e-02 
-1.736591833762e-02 -1.227971826590e-02 -4.304959181346e-01 
 4.223996994215e-01 -3.461339365951e-02  1.541535637052e-02 
 6.239444263552e-03  4.453575192416e-01 -2.460773707815e-01 
 1.369725152137e-02  6.570709631359e-02  6.394316512902e-02 
-1.093272051134e-01 -4.633796842414e-01  3.992415159939e-01 
-9.526182461633e-01 -2.650697607151e-01  9.907849905942e-01 
 1.103304661070e+00  5.617516586909e-01 -1.052128505864e+00 
-1.507764375689e-02 -5.468174537730e-02  8.951390266674e-02 
-4.509010785889e-03  9.331501623400e-02 -6.778833818099e-03 
-7.634252166532e-03  2.933219804156e-02  6.448572883761e-04 
-2.610585652429e-03 -1.393544192185e-02 -6.508007665794e-03 
 6.630246117506e-03  2.572492758814e-02  1.021079888462e-02 
-2.076463447754e-03  7.208997172619e-03  4.579786507270e-03 
-9.296324521599e-03 -4.353701953527e-01  7.363394325352e-01 
 1.098591232301e-02  9.646401471766e-02  4.394385361354e-02 
-1.131316811411e-01  8.467619792264e-02  1.086754729856e-02 
-5.151950364876e-03 -4.230534496732e-03 -1.282497186603e-01 
 1.255000136336e-01 -1.160326738907e-02  4.958099644007e-03 
 1.442577743268e-03 -5.003846713287e-01  2.836935749981e-01 
-1.809617421809e-02 -9.620856870711e-02  2.764679211175e-02 
 1.836429082985e-01  7.906369721488e-01 -1.037319518270e+00 
-1.024511265862e-01 -1.184279268910e+00 -2.513536455311e-01 
 3.300028730145e-01  2.155034866841e+00  4.583193301516e-01 
-2.795537995133e-01  3.074066521179e-02 -3.967680769357e-02 
-5.840426951009e-02 -1.127537444794e-01 -1.187147042658e-03 
-4.684740674936e-03  6.374167998367e-03  3.685355162281e-04 
 5.561043797136e-03 -2.759431332362e-02 -6.482860585327e-04 
-6.497542057126e-03  3.387754046983e-02  1.019338756148e-03 
 2.424751491386e-05  5.345297852495e-04  1.432355231772e-04 
-8.724389486700e-04 -5.076425172264e-01  1.881270440913e+00 
 1.749823318556e-01  1.368660043742e-01  3.276178663157e-02 
-1.423511549112e-02  1.394053740942e-02 -1.241381368001e-03 
 1.262793945418e-03 -2.373220689645e-03 -1.624918436691e-02 
 1.671580232205e-02 -7.198027423447e-04  7.757918525490e-04 
-1.798388833379e-03  6.862772473686e-01 -1.686672490983e+00 
-9.721554640159e-02  1.998520952321e-01  3.878631750224e-02 
-7.200217055185e-01 -3.319402845959e+00  5.358565603538e+00 
 1.863595139788e-01 -1.713017968302e-01 -3.690529193683e-02 
-7.269216441722e-01  5.204359195183e-01  9.288236402621e-02 
-8.190610177483e-02  4.575160147037e-02 -8.293417907601e-02 
-1.512215413215e-02 -8.033092718845e-02  4.018973755493e-03 
 2.077935649352e-02  5.641400897536e-03 -1.879966388636e-02 
 6.544600481185e-02 -3.263309190232e-01  5.287570677616e-03 
-7.274738248592e-02  4.088289024163e-01 -1.405823833288e-03 
 1.201781163666e-03 -1.202904275632e-03 -2.480565204380e-03 
 1.462724776523e-03 -1.587839912815e-02 -8.276138064862e-01 
-1.129165800075e-01 -9.697534180059e-02 -2.282312128911e-02 
-3.227369434488e-02 -4.000998631265e-03 -1.706806390374e-02 
 1.284211261299e-02 -2.328622741719e-02 -1.488638974723e-02 
 2.205161463746e-02  1.111061527338e-03  2.142708017176e-03 
-1.346790677814e-02  1.538048532396e-01 -1.745131649502e+00 
-1.529911447505e-01  2.151004869944e-01  4.042716753131e-02 
-1.540023545240e-01 -7.079703313185e-01  1.170809390205e+00 
 4.643883757121e-02 -6.497797626731e-02  3.521055428756e-02 
-1.663449829433e-01  1.679873466472e-01 -2.762764601472e-02 
-2.541979525909e-02  1.427063303433e-02 -2.078325382712e-02 
-3.593112327678e-03 -2.350713345857e-02 -1.358689088482e-02 
-7.540365599467e-02 -6.954060041008e-02  4.139878633873e-01 
 2.754879409656e-01  1.294658519508e+00 -4.800213071798e-01 
-3.573511608836e-01 -1.620701307378e+00  1.461814211798e-02 
-4.200054019359e-03  9.214016582988e-03  8.987314704363e-03 
-1.172477033796e-02 -4.485264245405e-03 -1.580701229290e-01 
-2.102708825740e-02 -1.958501894683e-02 -8.734516576227e-03 
 1.197773657321e-01 -4.819880465845e-03  7.237784861690e-02 
 5.161094411699e-03  9.376175631018e-02  2.205480619992e-02 
 4.012431163812e-02 -2.775756727956e-02  2.851206373388e-02 
 4.993037251034e-02  5.920438670248e-02 -4.533999098756e-01 
-3.518328694547e-02  5.096541865300e-02  8.701191180438e-03 
 7.472857822049e-02  3.435743845909e-01 -5.657125929065e-01 
-2.243575651219e-02  3.014671117311e-02 -4.359417880223e-03 
 7.978294276975e-02 -8.101179686791e-02 -2.203275410882e-03 
 1.285960516269e-02 -5.938410648697e-03  9.498727919944e-03 
 2.162615021002e-03  1.016419004593e-02  2.568459760356e-03 
 1.418087909666e-02  1.016832682359e-02  4.787490822314e-01 
 1.275107471749e+00 -3.885863203877e-01 -5.984004531094e-01 
-1.578634453364e+00  4.842641495161e-01  4.311408988479e-04 
 2.211856642643e-04 -1.395593268064e-03 -2.182250817831e-03 
 5.097768433470e-03  5.482138189757e-03  6.957309146014e-02 
 1.051040908639e-02  9.144112795334e-03  3.109921826982e-03 
-2.005716003338e-02  1.838233707688e-03  3.339536944833e-02 
 1.073963036781e-01 -2.986604661684e-02 -3.139126380029e-03 
-8.659856217646e-03  2.537717064844e-02  4.360433573742e-02 
-1.462317673598e-02 -2.771440198738e-02  2.189515415861e-01 
 1.753176728491e-02 -2.434775550730e-02 -4.422079821485e-03 
 1.577060752073e-02  7.257251788564e-02 -1.119742477502e-01 
 7.046106227821e-03  4.620107322749e-03  1.879311423654e-02 
-1.740888558289e-03 -1.872671713936e-02 -2.526499037728e-02 
 1.235820048891e-03  3.673495480054e-03  4.305031373760e-03 
 4.273979759182e-03 -3.190856811529e-04  5.997058582930e-02 
 2.213784577653e-01 -2.944884334315e-01  9.612989037036e-01 
-4.281300360566e-01 -2.172327237945e-01 -1.768094919556e+00 
 7.857638704159e-01  3.854512304455e-01 -3.052950422653e-03 
 2.231491501031e-02  1.278099977590e-02 -4.726217164079e-02 
-5.486887648262e-03  3.919547054750e-03  1.778889757800e-03 
 2.413897174421e-03  1.444926365016e-03 -4.949117815504e-03 
 3.812526664158e-01 -1.330300502227e+00 -2.941854895914e-01 
 1.354585604768e-01  1.003409845731e-01 -1.971483736037e-01 
 1.271019982682e+00 -3.182269711824e-01  1.348188896004e-01 
 1.732755195757e-02 -3.166509584833e-03  4.200939997067e-02 
 2.895758496568e-03 -4.203198182807e-03 -5.309333246545e-04 
-5.727700764687e-04 -2.681263111367e-03  4.692278905958e-03 
-1.758069471985e-03 -1.510592244713e-02  6.197546931980e-02 
 1.832848553653e-03  1.753913988345e-02 -6.112756182774e-02 
 4.068606114086e-02 -5.828170705667e-01 -2.229594286510e-01 
-1.065548429998e-01 -1.213349614890e-01 -1.633595484884e-03 
-8.353505054080e-03  1.367961853385e-02  8.904308928084e-03 
-3.691558762745e-03  3.435477795004e-03 -1.638143358728e-02 
 6.986028337778e-03 -2.807723348707e-03 -3.632168277316e-04 
 2.725997454370e-04 -1.397279258967e-04 -5.848696247963e-04 
 2.563767577346e-04 -7.582647663020e-04  1.794312003059e-03 
-1.122506658126e-02 -7.504763671495e-02  3.684302073017e-01 
-3.940296364274e-04 -1.168166852155e-02 -3.492467693883e-03 
 1.642512316802e-03  1.601803891058e-03 -5.663767027918e-03 
 1.273314014152e-02 -1.369572590364e-03  5.864997927694e-04 
 8.121294903483e-05  1.284648650018e-03 -4.392095527912e-03 
 8.769203461339e-03  6.369996535915e-02 -3.067882449319e-01 
 1.184866695183e-01  4.816648435275e-01 -8.326036917298e-01 
 1.299067727612e-01 -2.141215827931e-02 -2.675712131759e-03 
 1.992807044984e-01 -5.861998683924e-02 -3.523010430463e-03 
-1.324805337651e-01  6.557987103249e-02 -5.117881744351e-01 
 1.667371231760e-02  5.647729307267e-01 -4.745876898080e-03 
-2.255836513773e-02  3.934454998848e-02  2.943253297552e-03 
 4.700113754614e-05  3.172485024676e-04 -4.890240461533e-03 
 6.193416286784e-04  8.279597891749e-04 -1.251020611429e-03 
 3.825488467379e-04 -7.095299540461e-04 -8.793825922768e-04 
 1.057899389449e-03  2.390194995338e-01 -2.129452558273e-02 
-2.574707478536e-01  1.464981376521e-01  2.221887179095e-02 
-4.468225995659e-03 -8.161397851369e-03 -3.867975553578e-03 
 1.881864709675e-03  2.032125842621e-03 -8.154020760900e-03 
 2.328072026827e-03  2.327792750602e-03 -1.113682052273e-03 
-4.505921590727e-04  2.717351560570e-01  3.711823803717e-02 
-2.527243572974e-01 -7.255039250019e-02 -2.188345875927e-02 
 1.573881934853e-04  1.285055140574e-03 -1.878774996414e-03 
 5.416467070642e-03  3.471510627180e-02 -1.685921584644e-01 
 2.409449559605e-03  4.151442731019e-03 -2.227877831164e-02 
 1.615007767922e-01  1.229675386584e-01  2.871682603334e-03 
-8.050562361464e-01  4.966256954319e-02 -8.795429703328e-03 
-4.173196706743e-02  7.153940526410e-02  6.584329199110e-03 
-2.298102625329e-03  5.256559128765e-03 -1.114124436964e-02 
 4.361772938835e-03 -4.313484312476e-03 -1.897205744740e-03 
 7.513342846306e-04 -1.153702460969e-03 -1.646660478261e-03 
 1.585026371517e-03  3.504670665155e-06  5.416692019680e-04 
-6.956318353586e-03 -5.044805228880e-02  2.460060569177e-01 
-7.233918096006e-03 -1.695232161918e-02 -7.057286310605e-03 
 3.446540801308e-03  3.940551094640e-03 -1.649196890669e-02 
 8.427659303572e-03  3.717290336874e-03 -1.690706086886e-03 
-1.218774297877e-03 -4.649513209174e-04  1.318102910470e-03 
-7.492306768875e-03 -5.427373005631e-02  2.631901963816e-01 
-1.026339888531e-03 -4.392703020688e-03  8.597270445789e-03 
 1.112292863408e-04 -3.561542199808e-04  3.071711833434e-03 
-1.076580246549e-03  1.620933782947e-03 -3.352172509285e-03 
-6.307287939810e-04  8.238778986521e-05 -7.831272971822e-04 
-3.046831791524e-04 -5.628952007384e-04  8.250199453825e-02 
 3.602425279893e-01 -7.391949277359e-01 -2.200457548706e-01 
 8.513692018886e-02 -5.261647927426e-02  1.516120366020e+00 
-6.621005756817e-01 -2.369172947641e-01  2.555627471194e-02 
 7.575352593416e-02  7.145670186982e-02 -1.610338682960e-01 
-5.398423779566e-02  4.202680344644e-04 -1.678303298087e-03 
 2.382084392062e-04 -2.833439662406e-04 -5.300187634928e-04 
 1.458678661340e+00 -1.544831213111e-01  1.149033399285e-01 
-1.285309495123e-04  3.846307049134e-01 -1.208216012768e+00 
 3.077178295487e-01 -1.323189380360e-01 -4.612835756269e-05 
-4.442776568361e-01 -1.328511763686e-04 -4.135403756035e-03 
-3.142766883021e-04  1.486676188197e-04 -5.676838200271e-04 
 9.503128158685e-04  4.996342034013e-03  4.113351479261e-03 
 7.014900867037e-03 -5.388735509269e-03  1.662174526997e-02 
-8.290714634986e-03  1.298110293037e-02 -2.337951945719e-02 
-9.210190049555e-04  2.496957819025e-03 -7.959251324729e-03 
-1.639754709675e-02  1.385509364483e-03  6.141584298042e-01 
 2.863829930152e+00 -5.052593037724e+00  1.021525028509e-02 
-6.739581224510e-03 -1.522892076154e-02 -2.334171692269e-03 
-8.188325284443e-03 -7.952198603163e-02  1.483591471554e-01 
-4.606522086251e-02  9.311076557086e-02  9.990482530953e-02 
-1.288678044397e-01  6.075392933902e-03 -4.645320429450e-03 
-1.137148851315e-03 -4.307725980825e-04  2.059862747847e-03 
 6.600383713520e-01  6.544821574894e-01  3.662103402846e-01 
-1.843019113878e-01 -2.501529380985e-01  7.132150509177e-01 
 4.335424014992e-01 -3.790579738823e-01  1.670400281896e-01 
 6.936700364941e-02  6.265223458863e-03 -2.200611246754e-02 
-3.699606505414e-03 -1.063965498010e-03 -2.485082192038e-04 
 1.231534717949e-04  5.447079739970e-04 -9.982600988512e-04 
-4.829605896641e-05  1.638335028653e-04  2.032677084628e-05 
 1.407323017631e-04 -4.417607312794e-04 -7.055818492809e-05 
 5.995959692691e-05  5.249600992428e-06 -3.124917085323e-05 
 2.083754886384e-05  5.263571152100e-05 -2.075899275175e-04 
-9.689989460990e-04  1.751569315834e-03  3.575910635373e-02 
 8.515846895930e-02 -1.065572281765e-02 -3.808155680654e-02 
-8.894636746105e-02  1.132208544207e-02  1.638033598740e-01 
-2.878830545088e-02  8.585547519140e-03 -4.172403926158e-02 
 1.727209107185e-01  1.926172325074e-05 -9.623269894082e-05 
 1.140832700950e-05  1.300751706577e-05  1.066401722449e-06 
-6.567533227663e-04 -3.194712440402e-04 -2.141533114690e-01 
-5.125447984083e-01  6.402497119347e-02  1.787474455701e-04 
-5.849598797764e-05  2.347567770757e-01  5.624060743860e-01 
-7.012224675909e-02 -1.525765921383e-04  7.806231148929e-04 
 2.506331562641e-05 -2.889417462955e-05 -2.703435966944e-06 
 2.048299317019e-03  8.604161820317e-03 -1.502016646353e-02 
 1.138045939715e-03  3.538920649006e-04 -6.426100242523e-04 
 3.770375197023e-04 -4.114344547703e-03 -5.408309249832e-04 
 1.186803286557e-03 -5.595469283094e-04  1.479340947252e-03 
-1.202894676117e-04  8.914759392645e-04  2.416671537187e-02 
 1.557767502451e-01 -7.354481500093e-02  3.216756841527e-01 
-1.472479354623e-01 -1.043604674383e-01 -2.136269365340e+00 
 9.542097597708e-01  5.025749106195e-01  1.915916453575e-02 
 3.980077614920e-02  4.023369885145e-02 -8.568424321108e-02 
-3.429266365243e-02  4.181185138889e-04  4.627413914136e-05 
-1.606614433154e-03  1.230480435678e-03  9.567239651986e-04 
-1.919697299219e+00  3.583417740387e-01  2.875096705061e-01 
-7.991687982830e-02  3.204874290161e-01  1.836649859726e+00 
-3.331367579408e-01  5.495603068824e-02 -7.819747905094e-02 
-4.420831596086e-01  3.619734768521e-03  4.338506728190e-03 
 4.187417225374e-04  5.356456038296e-04  4.939272343728e-04 
 6.650369618002e-02  3.012176843780e-01 -3.348656330081e-01 
 3.658871690397e-02 -4.214639087867e-02 -7.698789232673e-03 
 1.571607704854e-01  8.152406972154e-01  1.721585265299e-01 
-2.917523263386e-01 -7.632289721349e-02  1.823930660280e-01 
-6.982888439311e-02 -5.340429963319e-03 -1.927055867784e-03 
-8.582336376818e-03  1.628487042278e-02 -8.528546042200e-04 
 1.315962125885e-03 -2.385537244406e-03 -1.386034725205e-03 
-2.307790880048e-04  2.962632668808e-03 -6.009496204036e-04 
 1.124748471297e-04 -2.791372357615e-04 -3.032543788014e-04 
 5.264047696507e-04  9.424247956586e-01 -2.795709544747e-01 
 3.468311204271e-01 -4.940548260386e-01 -9.068487237716e-02 
-5.748055478723e-03  2.878906948488e-04 -1.722312523766e-04 
-1.747714448326e-04  1.928906068209e-03  3.786096759028e-03 
-7.545246176381e-03  1.455729030079e-03 -1.037705278120e-03 
 2.321675718608e-04 -5.203522892421e-01  3.950502542104e-02 
-5.572560344289e-01 -3.412753197813e-01 -8.692944138298e-02 
 2.809028313454e-01  1.083814040718e+00 -1.891832819468e+00 
 1.063511804433e-02 -1.137067280427e-01 -2.384646968891e-02 
 5.349752326752e-01 -2.538396616198e-01 -3.583329345792e-02 
-9.134898638115e-02 -3.346398783887e-01  7.816423522337e-01 
-5.448595844738e-02  1.930993159260e-01  1.663799695908e-03 
 7.350401805524e-03 -1.497373146778e-02 -7.831241670644e-05 
 1.521830502713e-03  3.532463355462e-03  5.855990209826e-03 
-3.699539466247e-03 -3.714256626025e-03  5.632947059560e-04 
-4.036086597478e-04  2.375657527186e-04  2.708259762404e-04 
-5.473742250759e-04  9.293218980345e-01 -4.234785816641e-01 
-5.014077719950e-01  1.446803815428e-01  1.582793445053e-02 
 6.227183693375e-03  3.054280538747e-03 -5.762494187115e-04 
-8.485693726067e-04 -3.410720486691e-03 -4.520072540049e-03 
 4.089020814320e-03 -1.910965286600e-03  3.380702089830e-05 
-1.284672046981e-03  1.205061933025e+00 -2.501789816509e-01 
-1.006424508396e-01  1.573835836624e-01  3.022195451912e-02 
-5.599887783029e-04 -2.385388012873e-03  5.290630610490e-03 
-6.862519567795e-03 -5.566299741183e-02  2.559567747907e-01 
-5.099554295084e-03 -2.739853189378e-02  1.592452885490e-01 
 1.155620291700e-01 -9.403402984391e-02 -6.491568988950e-02 
-5.718564529979e-01 -5.405784970816e-03  4.711285993980e-02 
 1.975653085271e-01 -2.390948801741e-01 -3.264798149787e-02 
-3.152478861131e-03 -1.694602518340e-01 -2.891497420632e-02 
-1.165981855205e-03 -1.290272611457e-01 -3.821498043751e-02 
 1.361256161295e-02  9.643992633528e-02  2.820792484899e-02 
 4.056754767960e-02  6.447872263477e-03 -3.954929222413e-03 
 1.960701016032e-02  1.631107046233e-01 -7.892258471847e-01 
 5.560376810376e-02 -5.885103123298e-03  8.815964858410e-02 
-6.407407569328e-04  3.609740907776e-01  6.255934357525e-02 
-2.655208007607e-02  7.638078466568e-02  2.695472591045e-03 
 3.448544257141e-01  1.428635604213e-03 -7.045555431287e-03 
 1.786200171208e-02  1.069326153137e-01 -5.226966268949e-01 
-2.622070685110e-03 -1.029896179787e-02  2.120241486801e-02 
 5.150048688826e-03  1.975992345595e-02 -1.247971918934e-01 
-8.335413217426e-04  3.002874914744e-02 -9.001290766648e-02 
-7.208991696276e-02  5.236788878021e-02  3.410933102286e-02 
 2.892881909844e-01 -2.871521638258e-03  1.047675859624e-01 
 4.414211803382e-01 -5.612167759194e-01 -5.663112074965e-02 
-2.038142396756e-02 -3.148751306938e-01 -7.400503661331e-02 
-6.302466677916e-03 -2.713825675848e-01 -7.045346374751e-02 
 3.363919411566e-02  1.932741264780e-01  6.029787253414e-02 
 7.734105233634e-02  7.675733067952e-03 -6.306920539026e-03 
-1.990931943263e-02 -8.107565698225e-02  4.076367854409e-01 
 1.194556703101e-01 -3.640270590186e-03  1.826039499933e-01 
 2.090103018615e-02  6.989914274657e-01  1.111698909003e-01 
-7.540589895191e-03  1.561828273621e-01  2.783023091787e-02 
 6.700736000986e-01 -5.476579307346e-03 -1.127338667329e-02 
-3.027034834377e-03 -5.629222168845e-02  2.650692140002e-01 
 1.527095776577e-03  6.180960536388e-03 -1.063432373176e-02 
-6.502572103987e-04  1.214921752342e-03  4.083969559225e-03 
 2.013100051950e-03 -4.947268637758e-03  2.114268644375e-03 
 4.732747545128e-03 -2.308692698037e-03  9.905833111057e-05 
-8.337851807015e-03  1.568058966850e-03 -6.859412698304e-04 
-2.893856957299e-03  3.873037533374e-03 -1.459678127287e-01 
-3.503000396276e-01  4.553219937874e-02 -1.099129565793e-01 
-2.645880117913e-01  3.470136273854e-02  5.198224675751e-02 
 2.327226230826e-01 -5.181015175743e-02  9.136764529840e-02 
 1.008285312486e-02 -1.910984598202e-05 -1.538315837980e-04 
 1.767612925676e-03  1.964687731847e-03 -1.258651093428e-02 
-8.077799414260e-04 -2.906915761853e-06  3.115802370228e-01 
 7.490326032224e-01 -9.763012536741e-02 -6.291732699964e-04 
-1.900750133325e-04  2.964263565603e-01  7.123638393892e-01 
-9.289053822283e-02  2.774398101243e-03  3.991557486939e-03 
-1.720982964302e-03  2.423241313058e-03 -7.972810716747e-03 
 7.062658012754e-02  2.056492462666e-01 -4.971398205815e-01 
 1.400643004669e-01  3.124897499881e-01  6.717119799370e-02 
 2.882756557932e-02 -5.486335991631e-01 -1.119195224595e-01 
 9.012500978695e-01 -1.077456274133e-01  1.758069839136e-01 
 1.857156177828e-01  3.144289426535e-01  4.209149251273e-03 
 1.797772143632e-02 -2.740949838013e-02  4.841763249145e-04 
 9.512344392382e-05 -6.215118838960e-04  3.603398790061e-04 
 1.043153670225e-03 -9.908949452866e-03 -1.006523738124e-03 
-5.704738058436e-04  5.536147467140e-03  1.361837096406e-03 
 9.448881270869e-04 -5.688653433152e-01  4.682361613620e-01 
 4.831047375052e-01 -2.149694411177e-03  1.236684446999e-02 
 4.236190221590e-03  4.209521322725e-03  1.337528453129e-03 
-2.285469164494e-03  9.595947472030e-03 -1.188051514663e-03 
 6.604691139175e-03  1.117968394468e-03 -2.053960732724e-03 
 9.826152995105e-03  1.210876949501e+00 -6.439064047025e-01 
-5.466014875579e-01  1.412963170141e-01  1.765973140474e-02 
-3.539122665260e-04 -9.679258645411e-04  2.950159550050e-03 
 5.476382780470e-03  4.055668736993e-02 -2.028101171865e-01 
-4.604923804624e-04  1.224178000772e-03  8.674697619975e-03 
 8.296876846722e-03 -9.403493622470e-01 -3.455144649455e-01 
 8.884787302476e-02 -2.056782373176e-01  2.129064265746e-03 
 9.182797756849e-03 -1.315607430215e-02  1.989633957821e-03 
-7.499327006173e-04  8.456231102721e-04 -2.939120222083e-03 
 1.002156414013e-03 -2.729622788053e-03 -9.428781484895e-04 
 4.148741502092e-04  4.006610480618e-03  1.280925064911e-03 
 1.074697955505e-03  2.527428662542e-03 -1.675888967600e-03 
 1.354766242142e-02  1.076398543912e-01 -5.240559980415e-01 
 1.104887352216e-03  4.508447183577e-04  1.221359657553e-04 
 4.194577910015e-05  1.382131611561e-03 -1.472828420189e-03 
 6.022650359567e-03  9.277649924202e-04 -2.973899447169e-04 
 1.331587694915e-03 -6.668104365770e-03  2.756465479501e-03 
-2.756171581892e-02 -2.042801535083e-01  9.920509538202e-01 
 1.061869719478e-04  1.543567982489e-04 -5.528746528224e-04 
 1.171997687877e-03  8.022431339830e-04  1.565410920381e-04 
 4.765233194997e-05 -4.954558076534e-04 -2.522399704176e-03 
 1.801226861468e-03 -3.412922794861e-03 -3.165357583149e-04 
 1.872165506337e-03 -1.026421072668e-03  5.217868653756e-02 
 2.186110363848e-01 -2.258992020723e-01 -1.349640463274e-02 
-6.834138727059e-03 -1.035443742562e-01 -2.204365021723e-02 
-5.578319833224e-03 -1.220428850758e-01  3.413057376501e-01 
-1.236339318027e-01 -7.785647512514e-01 -2.554018607216e-01 
-3.672041246615e-01 -5.051924978849e-04  8.544465086092e-04 
 2.800300749427e-04  1.086685659992e-03  2.559629365750e-04 
 4.952126056454e-02 -8.689490073460e-03  4.624192784803e-02 
 1.342143180787e-02  2.715969082922e-01  2.952751537494e-02 
-1.296772882641e-02  8.595380729683e-02 -4.191512166959e-03 
 2.631019328745e-01  4.264501298841e-03 -4.021364084488e-03 
-2.248201153617e-03 -9.976483799713e-04  4.870924304609e-03 
 3.289908181007e-06  7.858822611086e-05  8.300151470743e-05 
-2.155595455634e-04 -3.255831257964e-04 -7.320545439901e-05 
 8.029506899851e-05  4.158867761739e-04  1.219095155035e-04 
-3.329230992537e-04  8.191617054958e-05 -6.868568298488e-05 
-8.200962053511e-05  8.666826353870e-06  2.565826006715e-04 
 1.066601384958e-03 -1.188724423418e-03 -4.532975955137e-02 
-1.085581112632e-01  1.318800443628e-02 -4.459249775347e-02 
-1.067536274660e-01  1.285935115126e-02 -2.131598856542e-01 
-8.611827563410e-01  1.839626582826e-01 -3.356373439169e-01 
-6.475507122647e-02  2.530619228178e-04 -2.702579940655e-04 
-1.681393260006e-04 -2.526600941483e-04 -4.512681609474e-05 
 2.823005311362e-04 -3.362832240386e-05  1.084044198065e-01 
 2.593915094611e-01 -3.131482132505e-02  1.639973368234e-04 
-6.318645555378e-05  1.072978258079e-01  2.562784828256e-01 
-3.097315723626e-02 -5.651272906715e-04  3.947094240642e-04 
 2.766706149761e-04 -5.461879543006e-05 -8.309123585883e-05 
-8.879033615077e-02 -4.355939223008e-01 -1.267373022743e-01 
 5.444455524900e-01  1.567405982203e-01  4.853959614788e-02 
 1.247450900681e-01  4.758466836384e-02  1.363649594727e-02 
 1.280630037441e-01  1.515293877773e-01  9.306719248726e-02 
-3.428027259853e-03 -8.489478627423e-01 -5.744696891468e-03 
-2.460325726011e-02  2.648554149818e-02 -4.528029278717e-03 
 1.917378280344e-03 -1.949211188451e-03  3.744323595372e-03 
-1.978383753621e-03  4.847763748446e-03 -1.794161347348e-03 
 2.423386214822e-04 -1.090390481501e-03 -4.500857342531e-04 
 1.637603386171e-03  1.683779101641e-01  2.676143741533e-01 
-3.155674981211e-01  7.508526133366e-01  1.443846551330e-01 
-1.710998199447e-03 -8.686633901691e-04  2.757636364938e-03 
-8.596840074147e-04 -2.480144968689e-03  5.398005657413e-03 
-9.931504572703e-03 -5.494619604164e-03  2.712946649416e-03 
-1.525409735410e-03 -1.570017404185e-01  2.469262071032e-01 
-7.216993711453e-01 -5.475128729647e-01 -1.344178785625e-01 
-3.194989557785e-04 -1.273582342313e-03  8.285231544317e-03 
-6.748956320085e-04 -2.847407084829e-03  2.869962217501e-03 
-4.670106629898e-03  3.089514901097e-03 -8.349720599242e-03 
 3.135920079589e-04 -3.259057956563e-03 -4.473956381382e-05 
 2.520038235335e-03  7.378887874856e-03 -5.640038193933e-01 
-2.398550904510e+00  1.423088536129e+00 -2.339584368329e-01 
 7.626112968803e-02 -1.705350994977e-01 -1.743029704971e-01 
 8.307776962044e-02  8.283011822241e-02 -1.831028145695e-01 
 3.456720648155e-02 -1.755600982839e-01 -1.007809242371e-01 
 1.639201668954e-01 -3.590511755453e-04 -2.893307833729e-03 
 3.750158172069e-03 -5.176428829957e-03  2.154218617883e-03 
-9.976805052857e-03  2.661090654533e-02  6.855426029473e-01 
-2.922519235286e-01 -4.964584116014e-02  5.456179917477e-01 
 2.097658349863e-02 -8.678641647022e-01  3.864189876062e-01 
 1.942991555927e-01  1.139886746852e-02 -1.635077024377e-02 
 4.843475730934e-03  2.882781216293e-03  5.543060147614e-03 
-1.037903590127e-01 -7.524305283189e-01 -5.386250534173e-01 
 6.679753924523e-01  1.201247547749e+00  2.662672476070e-01 
-2.227135788306e-02  1.817757809438e-01  3.684660260991e-02 
-1.092826880878e+00 -2.936275631059e-01  4.287855146191e-01 
-2.344812113967e-01  4.616795329530e-01  3.933311770345e-04 
 1.663538628341e-03 -3.370486990802e-04 -4.269364140337e-04 
 2.582365353882e-04  5.984667431773e-05  4.621101039874e-04 
-3.416785158104e-04  3.184099034311e-04  8.256379097916e-05 
-1.795113840612e-04  3.450019096113e-05  2.797208235158e-04 
-8.354518161469e-05  2.397207984160e+00 -4.364252565988e-01 
 1.008959891620e+00  1.112531075172e+00  2.584597701949e-01 
-8.234939818005e-04  6.068092522005e-04 -7.255841868375e-04 
 4.001160814325e-04  1.300782504966e-04  4.676561296798e-04 
-1.449559470339e-03  5.851509434722e-04 -1.957692467321e-04 
-4.260945527731e-04 -3.230545223913e-01 -1.968640997740e-02 
 3.091076494433e-01  2.435181303420e-01  5.921846591387e-02 
-7.190961032224e-03 -3.292717899597e-02  2.156219360565e-03 
 1.242349369719e-02 -2.565637131185e-02 -5.967863372941e-03 
-1.449718386054e-03  3.257641989289e-03  3.026617535780e-03 
 8.718575728445e-03 -4.762447275344e-03  7.994995016105e-03 
 1.343851808635e-03  1.103838786618e-02 -8.240774744782e-02 
-2.894061687823e-01  2.930945553049e-01  8.368776195054e-01 
-3.634651479516e-01 -1.140933163625e-01 -1.713361332780e-01 
 7.698692275212e-02  4.415912607444e-02 -1.102741086676e-02 
 4.490929843076e-01  3.135979082178e-01 -9.428089226114e-01 
-1.582084804362e-01  2.872049510140e-03 -8.708375591676e-04 
 3.296110871243e-03  8.990946022427e-04 -3.539258466638e-04 
 4.180561498667e-01 -2.335723863117e-02  2.379663496748e-01 
-1.996315306789e-01 -8.031267914217e-01 -5.562390772718e-01 
 8.551402407553e-02  4.918810705626e-01 -1.372943362537e-01 
 5.438196851773e-01  4.901359453592e-02 -1.381767910576e-02 
 1.072197316202e-02 -2.216729783217e-02 -5.136706015058e-03 
-4.734338192547e-01 -2.161708494766e+00  3.932550154229e-02 
 8.769179012164e-01 -1.830538853922e+00 -3.498801159712e-01 
-1.886454756389e-01  1.645181506424e-01  2.839650952554e-02 
 6.437634684826e-01 -3.505190636618e-01  5.350640039520e-01 
 1.266540192628e-01  8.056401513369e-01  1.468462080253e-03 
 5.892609107487e-03 -5.220536295876e-04 -5.365504685015e-03 
 2.856583824858e-03 -1.071429924761e-03  7.911416816462e-04 
-1.346388686257e-03  3.369198140540e-03 -2.407880007809e-03 
-6.746449147612e-03 -6.255796762076e-03  1.547196453958e-02 
 1.900629501846e-03  1.247103426997e-01 -1.213763238607e-01 
 2.209868063143e-01 -9.536632247448e-03  4.586539444598e-03 
-1.077715825409e-03 -5.793748769847e-03 -2.696533942327e-03 
 1.469113429906e-03  1.124895900530e-02 -4.987265561337e-04 
 1.752763519464e-03 -1.937636728766e-03  1.307203465940e-03 
-1.055584086628e-02  3.493874234067e+00 -9.512959996555e-01 
 7.849402432481e-01 -1.540436323208e+00 -2.926322493297e-01 
-8.330990628232e-04 -3.827763715181e-03 -3.339320814244e-04 
 1.617077771280e-03 -3.318324885090e-03 -6.448215104177e-04 
-2.516028721370e-04  1.887554553252e-04  5.558244536520e-05 
 1.142514684770e-03 -6.494292211943e-04  1.008622853947e-03 
 2.187831539059e-04  1.467672434965e-03  4.437169047767e-05 
 1.550350155804e-04 -1.424530182073e-04 -3.459418577883e-02 
-8.136689923631e-02  1.032488788611e-02  1.206818123023e-03 
 2.822446754489e-03 -3.566323290616e-04  8.634561967138e-01 
-1.841106770123e-01  5.272897873623e-02 -2.341500613482e-01 
 9.156445735835e-01  3.819915390276e-04 -3.199409563464e-04 
 3.967572144129e-04  3.078586817057e-05  1.172414347098e-05 
-4.261754658548e-04  6.048284736259e-05  3.041095157044e-01 
 7.295034090543e-01 -9.112574156073e-02  4.868260673623e-04 
-1.007652383090e-04 -2.545116949875e-01 -6.092796804554e-01 
 7.620999473393e-02  6.324553065017e-03 -1.373994505090e-03 
 1.443102641904e-03 -2.871710338531e-03 -5.544441192922e-04 
-7.276370064162e-04 -3.427365290502e-03 -6.351302898275e-03 
 3.892407487730e-03 -6.836354397400e-03 -6.221850681492e-05 
-2.483101601779e-03 -1.741466474090e-03 -3.260839179711e-03 
 2.606734135583e-03 -1.616472566707e-03  1.503416742076e-03 
 7.710687497786e-04  3.611965648568e-03  1.287037025004e-01 
 4.284726540352e-01 -4.628769926456e-01 -1.716670257434e+00 
 7.693768727950e-01  4.242308563991e-01 -2.738222129168e-01 
 1.198705231855e-01  4.489787697934e-02  2.095675709620e-01 
 2.497012189542e-01  3.615605905177e-01 -5.175659162921e-01 
-3.010740116783e-01 -8.529545780224e-05 -1.970375411717e-03 
 8.468908684651e-04 -9.283608170839e-04  4.734880849317e-04 
-1.892756641550e+00  4.354880793365e-01 -9.807308687537e-01 
 4.031497600704e-01 -4.716155468317e-02  2.172267769202e+00 
-5.616186808471e-01 -9.079539407128e-01  4.233775983269e-01 
 3.550327816748e-01  1.292720295451e-02  3.561937005840e-04 
 3.796846487163e-03 -5.683289164746e-03 -6.903682934161e-05 
-4.494758647397e-04 -1.853622764360e-03  4.141845914629e-03 
-7.679575157200e-04  8.246148113473e-04 -8.882170270131e-04 
 5.236254380598e-04  1.012941544617e-03  2.449301741393e-03 
-4.319017129545e-04  4.220313264256e-04 -2.073528507826e-04 
-2.882151353266e-04 -7.736037736678e-04  5.692128445864e-01 
 2.579545582108e+00  1.279686647247e+00 -4.172966903949e-01 
 2.187565027300e-01  3.558728749166e-01 -3.161861989671e-02 
 1.572266164719e-02  2.059124701436e-02 -1.285389496411e+00 
 2.868350746968e-01 -9.083588270220e-01 -6.403463358966e-01 
 1.158185499340e+00 -4.614104048563e-04  9.905243527121e-04 
-1.243755757819e-04  2.145205550156e-04 -4.032849467737e-04 
-4.516564145075e+00  1.846544847392e+00 -1.335736259219e+00 
 6.253646875260e-01  5.430118841829e-01 -3.138836946478e+00 
 1.358349897611e+00  1.164678289491e+00 -4.922375213733e-01 
-5.076527697920e-02 -2.873596750621e-03 -1.219373461065e-04 
-6.061594863459e-04  6.876009079806e-04 -3.670598303787e-04 
orbocc
(*)
 0.000000000000e+00  0.000000000000e+00  0.000000000000e+00 
 0.000000000000e+00  0.000000000000e+00  0.000000000000e+00 
 0.000000000000e+00  0.000000000000e+00  0.000000000000e+00 
 0.000000000000e+00  0.000000000000e+00  0.000000000000e+00 
 0.000000000000e+00  0.000000000000e+00  0.000000000000e+00 
 0.000000000000e+00  0.000000000000e+00  0.000000000000e+00 
 0.000000000000e+00  0.000000000000e+00  0.000000000000e+00 
 0.000000000000e+00  0.000000000000e+00  0.000000000000e+00 
 0.000000000000e+00  0.000000000000e+00  0.000000000000e+00 
 0.000000000000e+00  0.000000000000e+00  0.000000000000e+00 
 0.000000000000e+00  0.000000000000e+00  0.000000000000e+00 
 0.000000000000e+00  0.000000000000e+00  0.000000000000e+00 
 0.000000000000e+00  0.000000000000e+00  0.000000000000e+00 
 0.000000000000e+00  0.000000000000e+00  0.000000000000e+00 
 0.000000000000e+00  0.000000000000e+00  0.000000000000e+00 
 0.000000000000e+00  0.000000000000e+00  0.000000000000e+00 