2mocoef
header
1
MO-coefficients from MOLCAS
1
48   48
a
mocoef
(*)
-1.585211460922e-05  3.662286398030e-04 -1.010438723061e-04 
-3.949615774652e-05  6.598513779509e-04  1.750573669519e-04 
 1.779234954747e-05 -1.602305430599e-04 -5.192917820865e-05 
-3.104003731863e-05  8.857079988456e-07 -5.571041657575e-06 
-7.374267712742e-06 -7.796175320166e-06  1.001472670946e+00 
-5.563375140369e-03 -1.267510004346e-03  3.963668359423e-04 
-1.878896442188e-04 -6.454852074085e-06 -4.954202187010e-04 
 2.404375460874e-04  2.563430596306e-05 -1.129566349178e-03 
 1.745190604457e-04 -8.165415670885e-04 -3.742522156033e-04 
 9.420208728466e-04 -3.164912382366e-04  1.070385014535e-04 
-8.368173477531e-06 -1.224883822485e-06  6.384618559991e-08 
-1.135197304772e-02  6.358065009501e-03 -1.832108489119e-03 
 8.546168288874e-04  5.371313606676e-04 -6.455276778294e-03 
 3.864362261479e-03  1.667226326992e-03 -7.830835922674e-04 
-5.529165482096e-05  7.256571086283e-04 -3.284836958250e-04 
 1.855945392499e-05 -3.015044065412e-05 -3.904275720851e-06 
 1.000938935632e+00  4.861589990032e-03 -5.478818657252e-03 
-2.179463909462e-03  7.515264608202e-04 -1.169492243120e-04 
 1.748234308461e-03 -6.632831368581e-04  6.638524814090e-05 
-2.794273641993e-05  6.267154393784e-04 -9.202256909306e-04 
 1.318830844793e-04 -6.283774053551e-04  1.007649658315e-05 
-1.409097531568e-04  2.310561721815e-05  1.440666435887e-05 
-6.059729223094e-06 -9.898617013436e-06 -1.969891366652e-05 
 7.901688355948e-06  1.050706760037e-05  3.045225816162e-06 
-2.886639505180e-07  2.035158731555e-06  6.284806758442e-07 
-2.454279750803e-06 -8.113839898944e-04  1.642324977181e-03 
-4.928087166791e-04 -3.550698112423e-04 -1.402233264545e-04 
-8.298826594407e-05  2.688375367611e-05 -7.328032352683e-06 
 3.767233420601e-06  3.740693765088e-07 -3.885556521153e-05 
 2.860887312532e-05  2.353543421563e-06 -8.466870604111e-07 
-1.554162244153e-06 -1.325753715253e-03  2.477216478109e-03 
-3.887171973197e-04  4.019351014815e-04  7.417927560559e-05 
 8.967761309403e-03 -8.369029637065e-01  1.858488010703e-01 
 1.813743046717e-01 -9.043477996943e-02 -5.031127989165e-03 
-5.120305727181e-02  3.842111313013e-02  3.570545308205e-03 
 4.232694436733e-03 -4.667344357381e-03  8.416245770668e-03 
-2.846646715546e-04  3.334158169431e-03  7.866517602970e-04 
-3.089385934498e-02  5.263839602453e-03  2.770128213781e-03 
-1.264810472763e-03 -1.482820121221e-03 -2.261290657334e-03 
 1.069501005445e-03  9.075611393868e-04  4.321739328978e-04 
-7.915971658198e-05  2.923540617515e-04  1.654426411288e-04 
-3.615959258667e-04 -3.538707185551e-01  1.694058963500e-01 
-1.377008779984e-02 -2.705765299354e-02 -8.572948189883e-03 
-1.764203214769e-02  8.084961884268e-03 -1.373977554867e-03 
 6.420120811164e-04  2.845353426789e-04 -9.948496431654e-03 
 5.255648826029e-03  1.007071415014e-03 -4.708250631924e-04 
-1.517766468808e-04 -4.993867995409e-01  2.363648059484e-01 
-1.279872929364e-02  3.404333446384e-02  7.499278449211e-03 
-4.601540639881e-06 -6.576757234046e-04 -4.052655291088e-05 
 3.845891125134e-04  1.594087956521e-03  4.260980063449e-04 
 4.550477707004e-05 -4.206927982218e-04  8.449776856504e-05 
-7.701777793700e-05 -7.235741733746e-06  1.738813495390e-05 
-2.680916610740e-05 -1.514792475660e-05  1.818247076634e-03 
 9.853417866482e-02  3.910115097522e-02  6.389590172026e-01 
-2.992468728561e-01 -9.840807535453e-02 -2.020681033630e-01 
 9.446125501971e-02  3.292156121678e-02  3.042720377033e-03 
-2.448186042037e-03  1.508080323691e-03  5.287797824873e-03 
-2.699896099757e-03 -1.596849581889e-03  7.144550846096e-04 
-4.824982555600e-05 -4.317992299048e-05 -3.207185456936e-05 
-5.819792397850e-01  2.320564820330e-01 -2.200860604297e-02 
 1.032732747922e-02  8.542080656218e-03  6.286469092113e-01 
-2.416978370848e-01 -3.838460103019e-02  1.793675539112e-02 
-8.154255490548e-04  8.500245902103e-04 -1.207781178791e-04 
 2.979252283110e-05 -2.924794032535e-05 -2.230528978111e-05 
 2.461744711253e-03  8.510960436926e-02  2.111622982183e-02 
-6.430433112638e-02 -6.973551366009e-01 -1.906469357611e-01 
 4.803718609708e-03  1.675683640281e-01  4.471450605279e-02 
 3.262060870023e-02  1.709131918386e-03  4.793117378628e-04 
 9.351113374044e-03  6.762186988450e-03  1.329024719038e-03 
-5.205694234649e-02  8.918592579237e-03  6.815197268447e-03 
-3.144862036310e-03 -2.776240332085e-03 -4.452660401258e-03 
 2.049244396818e-03  1.537331164667e-03  7.447678500527e-04 
-1.418812144262e-04  5.005417941402e-04  3.044199604301e-04 
-6.214089128836e-04  5.721488043588e-01 -2.255288433084e-01 
 1.786314372144e-02  1.634912868443e-02  6.464441673333e-03 
-3.181766525731e-02  1.463143191157e-02 -2.378299031941e-03 
 1.119863004710e-03  5.291157021088e-04 -1.487025384931e-02 
 8.180880002420e-03  1.578066491295e-03 -7.330944697447e-04 
-2.434370048887e-04 -5.202052974018e-01  2.053750360673e-01 
-1.417836207629e-02  1.610084419380e-02  2.375576093286e-03 
 7.227709810109e-03  2.930122137731e-01  5.532425702720e-02 
 6.064967845915e-01 -7.133233036446e-02  5.824828736635e-02 
-1.778178419215e-02  7.614246382463e-03  1.880054535177e-03 
 1.914364776894e-03 -2.861635680759e-03  7.446777470352e-03 
-2.513271366737e-04 -1.798501500792e-03  1.634065853245e-04 
 3.032751181409e-03 -4.754630058872e-04  2.728410381078e-01 
 5.902796216281e-01 -2.215666223268e-02  1.979371530687e-02 
 4.444223381661e-02 -1.785635157210e-03 -7.116779245918e-04 
 5.263821558997e-04  1.301846267460e-04  3.330955977210e-04 
-8.953860454959e-04 -1.575219385101e-01  4.793816126963e-02 
 7.393784114042e-03 -9.559801591107e-03 -1.684118776060e-03 
-1.366192226391e-03  9.533463754069e-05  9.206998482991e-03 
 2.001905283887e-02 -6.814323009754e-04 -1.917371048402e-03 
 2.216990953624e-03  8.190914904460e-03  1.787237766779e-02 
-6.429411318802e-04 -1.483321993741e-01  5.066578619690e-02 
 1.046021240953e-02  6.887318419368e-03  2.958022398555e-03 
 7.082647071780e-03  2.925913134055e-01  5.728234217681e-02 
 6.066624570727e-01 -7.105972492294e-02  5.836502116775e-02 
-1.831922726458e-02  8.186550997750e-03  2.301592865940e-03 
 1.876347094580e-03 -2.820262409031e-03  7.391751154607e-03 
-2.692019578845e-04 -1.852956363935e-03 -3.990691865985e-05 
-3.130909537766e-03 -1.882765328555e-03 -2.733286353861e-01 
-5.899635988966e-01  2.229139819275e-02 -2.085039235683e-02 
-4.391163310072e-02  1.196608910755e-03  8.128964001585e-04 
-5.412205404013e-04 -5.198926390432e-05 -3.013004797145e-04 
 8.101399951028e-04 -1.580910646506e-01  4.862352372287e-02 
 7.404742639499e-03 -9.586076559427e-03 -1.708652977734e-03 
 1.733963329024e-03 -6.581786259773e-04 -9.089020026319e-03 
-2.007546799290e-02  7.749148828402e-04  1.224719147679e-03 
 1.821314121306e-03 -8.528734099674e-03 -1.771514177374e-02 
 7.062543481800e-04 -1.482736555896e-01  4.847814466456e-02 
 1.041899948731e-02  7.028883567115e-03  2.965550925000e-03 
 1.462631578558e-04 -1.025386374365e-03 -6.083991645095e-03 
-5.332294579890e-04 -1.222542480446e-03 -1.522747398516e-04 
 1.576283912392e-03 -2.729813518544e-03  3.746416873891e-03 
 1.261464991798e-04 -2.603733756130e-05  1.988013537033e-04 
-1.219772740410e-04  1.269644697583e-04 -1.029459635953e-03 
 5.901226400204e-02  3.973726882574e-02 -1.243338491939e-01 
 2.330480110926e-02 -9.052081569666e-01 -1.105550651413e-02 
 2.201223597248e-03 -6.919079130823e-02  1.428313642156e-03 
-7.780816148052e-04  5.403800255212e-05  2.036177690372e-03 
-1.081450962568e-03  6.190661266040e-04  5.163901938215e-04 
 8.376654519133e-06  2.166917848523e-04 -1.866765528577e-04 
-6.165443951981e-02  3.288235067459e-02 -7.114202569145e-03 
 2.183777599245e-03 -2.917767413634e-02 -6.743270648918e-02 
 2.682398506742e-02  3.202005498345e-04 -1.178715106946e-03 
-2.705784285400e-02 -2.062908386457e-03  9.883976327031e-03 
 1.424050866315e-04 -4.146633391408e-04 -3.751919503375e-04 
 6.694147998061e-04 -2.545363051531e-02  7.740774399336e-03 
 2.703537944558e-03 -4.686187028221e-02 -1.218352083210e-02 
-1.456381313963e-03  1.168849053628e-02  3.172413043671e-03 
 2.198102419990e-03 -6.778433317036e-05  3.572485905453e-04 
 5.613398541231e-04  5.524739011682e-04 -6.886702819402e-03 
 8.393664428556e-01 -1.435307648140e-01 -8.387578808430e-02 
 3.849110345392e-02  4.604462231887e-02  6.260805388914e-02 
-2.941810888729e-02 -2.158929718865e-02 -1.167391159671e-02 
 2.223480200634e-03 -7.987689622519e-03 -4.694407553625e-03 
 9.762489378375e-03  2.269650006896e-02 -7.796066567138e-03 
 6.087827629962e-04  4.605937637659e-05  6.659320907470e-05 
 4.887183783076e-01 -2.274745904153e-01  3.735409641452e-02 
-1.748387847356e-02 -8.139188400058e-03  2.641377540541e-01 
-1.401553871175e-01 -2.704156418969e-02  1.262833556407e-02 
 3.964804664990e-03 -5.097189449244e-02  2.211231405138e-02 
-1.341957355026e-03  2.220359105569e-03  3.855636922409e-04 
-1.100098677472e-03 -1.644543646148e-02 -2.998396432075e-03 
-8.858706773121e-02 -1.890668175618e-01  7.207191989362e-01 
-2.920294040710e-02 -6.849436398908e-02  2.609826355718e-01 
 4.138749403614e-03  4.294114205759e-03 -1.069555377311e-03 
-1.746584652694e-02  3.062452079437e-03  7.402744331052e-04 
-2.508190806469e-03 -1.912342165624e-02 -4.041695417802e-05 
 8.186984037900e-04  7.763879195206e-03 -2.522307612828e-03 
 7.968044604232e-04 -4.311379235550e-03  5.428021414464e-04 
-1.126501047486e-04  4.621097910046e-04  2.714908204469e-04 
-4.363239736505e-04  2.827359107645e-03  5.456159527012e-03 
-2.289867985008e-03 -4.843254262773e-03  1.942903798899e-02 
 1.503869259362e-03  9.353379354662e-03  1.232859562785e-03 
-4.727685466619e-04  7.585079973695e-04 -1.883846790237e-03 
 2.023456964196e-02 -1.277158826583e-03  6.668518786210e-04 
 7.535169775923e-04  9.651343980045e-04  8.237226666857e-03 
-2.369187305138e-03 -5.685705761532e-03  2.016049666272e-02 
-3.369454826610e-02  3.231042028837e-01  1.597574506739e+00 
-2.489698313343e-01 -6.372336066438e-02 -2.914234352721e-02 
-4.456400310749e-01 -2.435372758406e-02 -5.695763220401e-02 
-2.944623097872e-03  3.277052801295e-03 -8.257972969985e-03 
 6.408253027324e-04  1.365639399751e-03 -5.032805234501e-03 
 2.664773430584e-02  1.431631419201e-01  6.522123965561e-03 
-2.608388725697e-03 -8.738142307376e-03  7.745732252776e-03 
-4.104069823532e-03  1.301326497914e-02 -2.471122698454e-03 
 5.043216456223e-04 -1.934796418840e-03 -1.029041705528e-03 
 2.074839887519e-03 -1.495341755635e-01 -1.344006438756e+00 
-4.488358021645e-03 -5.281297859611e-03 -1.403864135141e-03 
-1.798295810873e-02 -9.120253835504e-02 -4.517346720798e-03 
 2.188620793617e-03 -3.521867678345e-04 -1.465626142157e-02 
-1.169385898658e-01  4.058785974562e-03 -1.835872096849e-03 
-1.221563200579e-03 -7.449779778712e-02 -1.194376313805e+00 
-9.710290825474e-03  5.954406600727e-03  1.076099301657e-03 
 4.171359696966e-03 -2.383864560637e-02 -1.019266134198e-01 
 4.192363067871e-02  8.945352470595e-02  6.683327330896e-02 
 4.504501340878e-02  1.931233864430e-01  3.254094311810e-02 
-3.016431836300e-03  9.422315311680e-04 -2.030748835504e-03 
-1.025511263223e-03 -2.995670891064e-03 -4.591531418678e-02 
 2.553451194930e-01  1.261236860196e+00  1.133249272252e-01 
-5.473988809217e-02  1.450255797584e-02  1.491123782028e-01 
-6.982558529450e-02  3.595029245497e-02 -1.546181887081e-02 
 2.134838254536e-03 -1.093019540170e-02 -4.535673103206e-03 
 1.283156630026e-02  3.667707151058e-02  4.262295610144e-01 
 6.778964230121e-05 -1.346725813068e-04  2.449859794841e-03 
-2.125030405457e-01 -5.807466464449e-01 -2.100827732322e-02 
 9.677917110237e-03  7.090238604812e-03 -2.319055357619e-01 
-1.163214185020e+00  2.512349670379e-02 -1.176514127971e-02 
 6.273120987389e-05  1.923769974946e-02 -2.758314760992e-01 
 1.449789894436e-03  4.266259552263e-03  3.881051041727e-03 
 5.179618231034e-03 -3.357374203455e-02 -4.420354676873e-01 
-3.182705041805e-02 -4.812138022199e-01 -1.256543354142e-01 
-1.397801570253e-02 -9.996807777198e-01 -2.678125257578e-01 
 1.570270769319e-02 -4.589201086816e-03  6.732146370868e-03 
 3.828735034735e-03  1.034933329888e-02 -8.681998421060e-03 
 4.692316136186e-02  2.177117109097e-01  4.276413128661e-02 
-2.233711610810e-02  1.171308486134e-02  7.137756788329e-02 
-3.177045440605e-02 -8.769457230058e-03 -1.655822654757e-03 
-1.447952447400e-04 -9.550725059237e-04  1.789474577888e-04 
 1.297374046657e-03 -1.029206062601e-01 -1.451240391788e+00 
 2.901914240349e-03 -6.666429024362e-03 -1.421940050714e-03 
-4.783646608529e-02  1.116999374823e-02 -1.184625073042e-04 
-2.854354215909e-04  2.142321670092e-03 -5.778800066239e-02 
-2.962507606625e-01  4.389901294984e-03 -2.261437279891e-03 
 1.410850997055e-03  2.043604565126e-02  2.101766526034e+00 
-4.096012664979e-03 -1.648148564513e-02 -4.055945146045e-03 
 1.061732009242e-03  1.850032586909e-02  4.193371088240e-02 
 6.779087713297e-03  3.371956153312e-02  1.066964179863e-02 
-1.537633285136e-02  6.226089131922e-02  1.429375770919e-02 
-7.518966823585e-05  4.719209190536e-05 -2.138049062523e-04 
-3.019334670492e-04  2.056740033386e-04  9.613901632439e-03 
-6.190009197549e-02 -4.901021718558e-01  3.159873463455e-01 
-1.471911832746e-01 -4.761275652940e-02  6.370955160256e-01 
-2.987038922063e-01 -1.083517248952e-01  1.415969473119e-02 
-4.631496186876e-03  9.214052500503e-03  9.961935129425e-03 
-1.197171414090e-02  2.063333515267e-03  7.749958625762e-02 
-3.016035717861e-04  2.352641476453e-05  4.409380692734e-05 
-5.969852996614e-03  1.903082890070e+00  3.127054022102e-02 
-1.459855662522e-02 -7.430430300938e-03 -4.154289367277e-02 
-1.151791330640e+00  5.124110099508e-03 -2.253300649907e-03 
 8.626537150302e-04 -7.923684251304e-03 -1.520910693811e-01 
 1.587165599630e-03 -3.777095534034e-04  3.053767234101e-04 
-4.764709932189e-02 -4.092047277809e-02  6.849220609175e-01 
 4.615995049266e-01 -4.129567250698e-01 -7.396630777962e-02 
-8.062974278879e-01  1.702212628804e+00  3.778383880294e-01 
 8.494176704209e-02 -3.479143841330e-02  4.717336631600e-02 
 2.118548402625e-02  7.920617397946e-02 -8.208722688544e-04 
 4.639366402205e-03  6.903804817040e-03  1.269289861007e-03 
-5.126531045632e-04  6.889366867774e-03 -2.137509874522e-03 
 9.212749019789e-04 -6.187276783915e-03  2.223170278227e-03 
-3.465784764229e-04  1.556869602450e-03  7.830796844286e-04 
-1.846146098182e-03  2.788108887108e-01  2.137039590736e-01 
-3.732235317676e-02  4.953616281941e-02  8.523023513316e-03 
-1.742228874550e-02  3.783350061789e-03  3.521683252507e-03 
-1.643031018946e-03  5.631177047239e-04 -2.990797677180e-02 
 2.529528140497e-02 -2.894185822210e-03  1.372789606336e-03 
 1.113902308763e-03 -1.425413590843e+00  7.100219595496e-02 
 4.219777846219e-02 -1.773843635015e-02 -1.039240677200e-03 
-6.620622761142e-02 -7.846711519857e-02  4.701190310782e-01 
 4.731401203071e-01  1.488937956414e-01  7.426927296239e-02 
-9.985711442785e-01 -7.485044440971e-01 -2.868037929395e-01 
-1.092741964603e-01 -8.503443225307e-02  9.010450294361e-02 
-3.820013027605e-02  9.629154693760e-02  7.675306457477e-04 
-6.052139713877e-04 -3.770374042473e-03 -4.396595825957e-03 
 3.938561979972e-03 -9.268430647163e-04  1.523615043954e-03 
-2.858072922020e-03  4.132318599202e-04 -1.521742939373e-03 
 1.953501731881e-04 -1.135197810503e-03 -3.979486389531e-04 
 1.316538885631e-03 -1.668705397744e+00  9.563967371555e-01 
 2.420625997512e-02  3.663748311938e-02  1.151247778401e-02 
 1.407633370781e-02 -1.529925738189e-02 -1.127367910783e-03 
 8.493078079049e-04 -1.624064306293e-04  2.074570244557e-02 
-1.245945494608e-02  2.682853719765e-03 -1.074464605058e-03 
-3.564103389909e-04 -2.493931419256e-01  2.993046537439e-01 
-2.558728108077e-02 -5.320138184869e-02 -1.771118490032e-02 
 2.004841622910e-02  7.810614248535e-02 -8.491640901570e-02 
 1.192837357856e-01 -1.185723812949e-01  4.097108809970e-01 
-1.299454255085e-01  1.105864104599e-01 -4.596116484311e-01 
 3.645340207559e-03  1.174096485296e-02 -1.646194897848e-02 
 2.533860728772e-03 -1.662230021395e-02  6.792163129345e-02 
 4.693968011459e-03 -3.475191636770e-01 -1.107023904263e-01 
 4.943122439362e-02 -2.748725237888e-02  1.926615712075e-01 
-8.633763000247e-02 -6.136931612936e-02 -1.168331889612e-01 
 1.562460419679e-02 -8.445555884749e-02 -3.350404058006e-02 
 9.725761802122e-02  9.868935151982e-02 -1.204281843426e-01 
-2.374647661242e-03 -2.041258981563e-02  8.121406305413e-03 
 1.084711303398e+00 -6.461969329588e-01 -1.348289718681e-01 
 6.262747265583e-02  1.507902747372e-02  1.545650806751e+00 
-1.471566445199e+00  1.416803145705e-01 -6.672504223128e-02 
-2.490831735847e-02  7.163848125292e-02 -3.447205290184e-02 
 9.870252448029e-04  1.334490707050e-02  2.569370787541e-02 
 3.515948315854e-02  1.487980601765e-01 -1.512760503699e-01 
 9.576561007012e-02 -3.586880548430e-01  1.438145803454e+00 
-1.138100348792e-01  3.321046817337e-01 -1.635962040281e+00 
 2.276499721037e-03  1.573964333314e-02 -2.304252032157e-02 
 3.669697097364e-03 -2.452656976744e-02 -2.382199754248e-02 
-2.918511008986e-02  1.134232119561e-01  1.881071567238e-02 
-1.141745295063e-02 -3.179161337686e-02 -5.407786046689e-02 
 2.806613500157e-02  6.565614454540e-02  3.459580997473e-02 
-4.402281219880e-03  2.486620397861e-02  9.358505782909e-03 
-2.888294488025e-02  1.074341716709e-01 -1.764072843438e-01 
-4.914934511843e-03 -3.656082667996e-02  3.176308781720e-02 
-3.388121480646e-01  2.108100531969e-01  3.704205944354e-02 
-1.775034834864e-02 -1.029963870076e-02 -4.627293420802e-01 
 4.736256649283e-01 -3.680215042872e-02  1.703604846034e-02 
 4.032768614141e-03  1.324536775229e-01 -6.247711459222e-02 
-2.087927794799e-03  4.268809150458e-03  7.409164655254e-02 
-1.636780681726e-01 -6.785409988646e-01  6.683218827905e-01 
-1.206780705064e+00 -1.469636409248e-01  2.028969335890e-01 
 1.363199290055e+00  5.007311327079e-01 -1.368678387682e-01 
-1.706677411256e-02 -9.607751866289e-02  1.154186616811e-01 
-1.376914513552e-02  1.293116061062e-01  6.313231749579e-03 
 9.574542084415e-03 -3.169624173557e-02 -1.681930712248e-03 
-3.772253643066e-04  4.386643797806e-03  1.089909183668e-02 
-3.653354664827e-03 -1.223297589049e-02 -8.151747499316e-03 
 1.082270915253e-03 -5.855322456867e-03 -2.332941057649e-03 
 6.763014774005e-03 -6.085570760452e-01  9.510177863291e-01 
 5.779294957721e-03  1.349330761903e-01  4.581615414643e-02 
 8.159030022826e-02 -4.668582714964e-02 -9.634174847845e-03 
 4.314899883601e-03  2.172298713835e-03  1.131133345733e-01 
-1.176527144074e-01  7.558206489391e-03 -3.647826825126e-03 
-1.206757799147e-03 -6.754751108561e-01  3.435700651331e-01 
-2.535172851005e-02 -1.230340658987e-01 -1.789216750495e-02 
 1.881038876425e-01  8.132996584545e-01 -1.118961571111e+00 
-8.174442000681e-02 -1.143698171002e+00 -3.144060987199e-01 
 2.918603935943e-01  2.115567210678e+00  5.930297996866e-01 
-3.000190628718e-01  1.037880598358e-02 -3.590441892492e-02 
-8.297642658479e-02 -9.532002397070e-02 -8.720021860713e-04 
-4.381611564632e-03  5.478023844347e-03  4.240484823841e-03 
 3.405628269277e-03 -2.983952196027e-02 -6.526975847604e-03 
-3.502273011093e-03  3.679481921332e-02  7.658798946671e-04 
 2.368983367610e-04  3.642703341035e-04 -3.666541063689e-04 
-5.319674021621e-04 -5.339625688040e-01  1.971122491926e+00 
 1.812276812322e-01  1.490869234670e-01  5.723912678371e-02 
-1.114908758733e-02  1.064471400046e-02 -2.276472600991e-03 
 1.770205049639e-03 -2.991728095587e-03 -1.244647098085e-02 
 1.436077127899e-02 -1.017916101625e-03  7.871602868159e-04 
-1.536024597101e-03  6.644316322703e-01 -1.671491042238e+00 
-1.026982776110e-01  1.952519133802e-01  4.172778186353e-02 
-6.510273777153e-01 -3.014249042920e+00  4.968247973889e+00 
 1.567357219055e-01 -1.518176044804e-01 -4.174330345013e-02 
-6.604237014808e-01  4.599682043560e-01  7.439180524619e-02 
-7.187162862015e-02  5.991140428124e-02 -8.621621644888e-02 
-1.208644418257e-02 -9.090957155116e-02  6.256381653375e-03 
 3.191961423075e-02  2.158510778332e-02 -2.516127774336e-02 
 1.014590383449e-01 -6.250562930602e-01 -6.334743883675e-03 
-1.089606371729e-01  7.874714575849e-01 -2.930478769055e-03 
 2.647544475571e-03 -1.947313897261e-03 -5.788731632501e-03 
 3.304975399607e-03 -2.107265693217e-02 -7.975171232619e-01 
-1.025748576595e-01 -1.014049989184e-01 -3.613961020456e-02 
-6.860581344624e-02  2.106154178239e-04 -2.583246743822e-02 
 2.204451775392e-02 -6.396757919519e-02 -4.236053641919e-03 
 1.303644024113e-02  6.912019492801e-03 -1.332511544839e-03 
-1.215352204005e-02  1.255750863779e-01 -1.618273366061e+00 
-1.455916399494e-01  2.071899895593e-01  4.070785467166e-02 
-1.894737600588e-01 -8.756368631074e-01  1.465090403169e+00 
 4.971735755524e-02 -6.629220164214e-02  1.967311815214e-02 
-2.001704395839e-01  1.770929446389e-01 -1.280400080197e-02 
-2.743736409659e-02  2.051254796430e-02 -2.703785118335e-02 
-4.488264181324e-03 -3.077950842145e-02 -8.060396224384e-03 
-4.553739701466e-02 -3.258472790347e-02  5.575447167476e-01 
 8.909258423782e-01  8.591422680387e-01 -6.612926341953e-01 
-1.128779132161e+00 -1.081958023233e+00  1.092482277834e-02 
-4.112264074625e-03  3.119144660576e-03  5.970455545907e-03 
 6.234320961867e-04 -8.070056431442e-03 -2.172993271996e-01 
-2.743936353684e-02 -2.853725438268e-02 -1.278198769609e-02 
 8.644974511063e-02 -1.091498284447e-02  7.882442142228e-02 
 8.849910966665e-02  8.919239176816e-02 -8.062954159761e-03 
 2.759190048741e-02 -1.084268884281e-02  2.437509884843e-02 
 1.350470539240e-02  5.465551792190e-02 -5.299206026676e-01 
-4.460523419688e-02  6.403531494203e-02  1.209973153849e-02 
 2.651709914626e-01  1.225431032928e+00 -2.047825282617e+00 
-7.051275189029e-02  9.075565846816e-02 -1.163404995871e-02 
 2.802764702416e-01 -2.476360103414e-01 -1.973298688461e-03 
 3.898752860219e-02 -2.740500039628e-02  3.728666603402e-02 
 6.730188900955e-03  4.167971780409e-02  7.354616611145e-03 
 4.307687669113e-02  4.667210132620e-02  2.745663021263e-01 
 9.123286048630e-01 -8.959507325218e-01 -3.782292510164e-01 
-1.122948716772e+00  1.128805533383e+00 -3.130949575836e-03 
 2.074998703659e-03 -4.052382783128e-03 -7.360622258224e-03 
 1.124011060747e-02  1.473838421472e-02  2.952394470831e-01 
 3.870814748668e-02  3.940987966627e-02  1.662221054730e-02 
-9.359146064363e-02  1.217603842883e-02  1.105801647331e-02 
 1.077942733701e-01 -9.279721851505e-02  1.041602141672e-02 
-3.901154669501e-02  2.849562764035e-02  3.501826139384e-03 
-1.382355718120e-02 -7.587811238424e-02  7.423663994838e-01 
 6.292894376506e-02 -8.926646222482e-02 -1.709389972133e-02 
 1.720821588084e-02  7.913693462218e-02 -1.293880005147e-01 
 5.094772825322e-03  8.351423098083e-03  1.315398546346e-02 
 3.172002011461e-03 -2.775441582558e-02 -1.939308452414e-02 
 2.090539100654e-03  1.199528620168e-03  4.634783628846e-03 
 3.559442174768e-03  1.693803902741e-03  1.178723617957e-01 
 4.348778827208e-01 -5.605089105026e-01  9.684874022595e-01 
-4.506829559540e-01 -1.515211495440e-01 -1.843127647864e+00 
 8.596556931068e-01  2.734879358933e-01 -7.753522424669e-03 
 1.863288456307e-02  6.773533420689e-04 -4.005801863286e-02 
 7.260246472370e-03  4.168105305930e-03  1.390560454123e-03 
 2.077111345780e-03  1.903680999379e-03 -2.757213919446e-03 
 3.598333056748e-01 -1.304213790144e+00 -2.964942078706e-01 
 1.382920871348e-01  6.353558689273e-02 -1.649132281496e-02 
 1.189710245190e+00 -3.153677334227e-01  1.487463327698e-01 
 5.904593905960e-03 -6.208872540225e-03  5.870256853993e-02 
 3.324191078695e-03 -5.648320352513e-03 -1.141597710826e-03 
-6.621986497033e-04 -3.105743310108e-03  5.471719264798e-03 
-5.192942943850e-03 -1.625299987860e-02  5.207707578324e-02 
 5.362473165905e-03  1.937522067699e-02 -5.306269530657e-02 
 8.384074370543e-02 -5.449116330925e-01 -2.856767321588e-01 
-7.423573968205e-02 -1.455101128270e-01 -1.429087696660e-03 
-7.586288206454e-03  1.322645695054e-02  6.078319470630e-03 
-2.673745897024e-03  3.791435738681e-03 -1.276337766505e-02 
 5.757831035300e-03 -3.687164180377e-03 -4.176325918999e-04 
 1.585909192118e-04 -2.802128144155e-04 -3.406754060310e-04 
 3.516102318693e-04 -7.281386619376e-04  1.880379784458e-03 
-3.660554703413e-02 -9.351119482271e-02  3.565325620880e-01 
-2.879379977280e-03 -7.612465651855e-03 -2.758596884224e-03 
 1.295600700841e-03  1.077234004019e-03 -2.978591998286e-03 
 8.292108769306e-03 -5.150658904378e-04  2.357347704040e-04 
-5.579316298155e-05  1.230927485707e-03 -4.808509233361e-03 
 2.997382872716e-02  7.947397460626e-02 -2.982901411772e-01 
 1.105258908572e-01  4.447585966145e-01 -7.740530184044e-01 
 1.491832968254e-01 -2.189112060819e-02  7.232647678298e-03 
 1.670003941235e-01 -5.053160658546e-02  6.283690425940e-03 
-1.321275948182e-01  8.683670909688e-02 -5.196193758645e-01 
 1.175002443351e-01  5.572442268839e-01 -3.819061393457e-03 
-1.816719314822e-02  3.291086527032e-02  1.579174670805e-03 
 2.976322062267e-04 -3.397758067326e-04 -6.479362232405e-03 
 1.747334270892e-03  1.835904610695e-03 -1.142703118305e-03 
 8.447433130733e-05 -7.440379359336e-04 -2.176094329065e-04 
 9.083498401451e-04  2.198056743532e-01 -1.543691343222e-02 
-2.554576666752e-01  1.324710044198e-01  8.655725694500e-03 
-8.549963015325e-03 -4.781325058160e-03 -2.922478974916e-03 
 1.437149421726e-03  5.898815886415e-04 -1.859916920448e-03 
-9.624192725894e-04  2.231414372640e-03 -1.221291983526e-03 
 5.066752771966e-04  2.540741863122e-01  3.097425902857e-02 
-2.453570639592e-01 -6.053807985760e-02 -4.045241483681e-02 
 1.885980370610e-04  1.425862460122e-03 -2.270338639203e-03 
 1.882768650294e-02  4.771932938129e-02 -1.802522280463e-01 
 2.390839906590e-03  1.150363425041e-03 -6.101797555543e-03 
 1.983679704922e-01  1.310450692001e-01 -8.640953154993e-02 
-7.927152200091e-01  1.129239417513e-01 -6.746391531311e-03 
-3.241612479672e-02  5.740832311327e-02  5.723388508767e-03 
-2.241164112316e-03  4.843838767253e-03 -1.541527419320e-02 
 6.669439729369e-03 -3.642255841097e-03 -1.599632514324e-03 
 3.216943285032e-04 -1.150527566762e-03 -7.023371152460e-04 
 1.316129655483e-03  2.450680715629e-04  4.465491309879e-04 
-2.324162330631e-02 -6.089321996456e-02  2.311822636878e-01 
-1.184598853096e-02 -1.350156278061e-02 -5.947183168856e-03 
 2.791733562625e-03  1.891381903701e-03 -7.815059676763e-03 
 6.637290338529e-03  2.959797649849e-03 -1.477387378257e-03 
-1.676224461235e-04 -3.460543806783e-04  1.429803117133e-03 
-2.496168254378e-02 -6.571586759045e-02  2.481167621650e-01 
-3.355955160453e-04 -1.237796333364e-03  6.325295130544e-03 
 1.683659969245e-03 -1.394712230242e-03  5.778314272338e-03 
-2.101635914443e-03  4.205273273588e-03 -7.819584155888e-03 
-6.269594496784e-04  9.135305416678e-04 -3.957786674457e-03 
-4.837644584997e-03  1.148548584274e-03  2.225619198532e-01 
 9.933619745239e-01 -1.967988869164e+00 -1.824579293733e-01 
 8.811283037809e-02 -1.511499795342e-01  1.428402403071e+00 
-6.712755994856e-01 -6.255838088282e-02  6.392499779470e-02 
 7.205370424317e-02  6.960941760026e-02 -1.543378333205e-01 
-5.072687775353e-02  2.176821767703e-03 -2.479504765495e-03 
-4.926532319899e-04 -4.342716464368e-04  6.899505555793e-04 
 1.592056834000e+00  2.778697280214e-02  1.201353706639e-01 
-6.008468938746e-02  3.341867192282e-01 -9.606316837850e-01 
 3.911687066783e-01 -1.686964331078e-01  8.450429221914e-02 
-4.582495652175e-01  1.564892836384e-03 -8.387874377257e-03 
-1.602001861380e-03 -3.672820651522e-04 -2.353396896016e-04 
-1.845884451265e-03 -7.381886014046e-03  2.553147209945e-02 
 5.807730199546e-03 -7.001056155443e-03  1.457537107758e-02 
-9.127997728573e-03  1.854366094665e-02 -1.873607692061e-02 
-1.755016633868e-03  2.399626766154e-03 -7.880237315383e-03 
-1.221318159163e-02  5.543920313459e-04  5.616863465350e-01 
 2.651971767146e+00 -4.707439007037e+00  4.017970785840e-02 
-1.819115167618e-02  4.774066145207e-02 -6.244706139704e-02 
 2.913919172151e-02 -1.192784671220e-01  1.386733631555e-01 
-5.885724270009e-02  8.606190668682e-02  1.258588017595e-01 
-1.171680534770e-01  4.641502494827e-03 -3.697177604771e-03 
-8.274955089825e-04 -1.076421965298e-03  1.046706946604e-03 
 5.174180245811e-01  7.392893713089e-01  3.709736342228e-01 
-1.696046056719e-01 -3.194774017449e-01  7.520724452349e-01 
 2.952483102651e-01 -3.269229338987e-01  1.507781471235e-01 
 2.005171196941e-01  5.849536345784e-03 -3.182941708940e-02 
-3.664537367036e-03 -2.028578434030e-04 -1.078789353608e-03 
 1.804562940615e-04  8.129905373190e-04 -1.418546358309e-03 
-1.237582211467e-04  1.433323676570e-04  2.054577413276e-04 
 2.628377171943e-04 -4.851355449773e-04 -3.321890012454e-04 
 1.021210014013e-04  7.335838480988e-05 -1.722800201875e-04 
-3.548585029340e-05  9.283555981996e-05  4.958239203292e-04 
 2.318958076140e-03 -4.473529104860e-03  7.852233133210e-02 
 1.687867316898e-01  2.106877796596e-03 -7.922712101429e-02 
-1.765641938446e-01 -2.625274604454e-03  1.544742314980e-01 
-2.510481719424e-02 -4.562583644112e-04 -8.708959821251e-03 
 1.858190580756e-01 -2.299152752923e-05 -8.543985397325e-05 
 1.802530733467e-05  2.951227057011e-05 -7.402427356999e-06 
 2.405114979901e-03  8.862109550268e-04 -2.250037139147e-01 
-4.800093575157e-01 -6.222264280608e-03 -9.532824555504e-04 
-9.809008501356e-06  2.718282629004e-01  5.781059134841e-01 
 7.305291326351e-03 -2.035004102916e-04  9.988072393391e-04 
 5.147167809711e-05 -3.802312629332e-05 -2.394780871776e-05 
 1.887811919827e-03  7.921663715509e-03 -1.491613513877e-02 
 6.945947347540e-04  7.467664248501e-04 -1.542374808535e-03 
 6.534446232257e-04 -5.772695245018e-03  1.619005466631e-04 
 1.785594035897e-03 -3.651258052408e-04  1.134462398673e-03 
 4.502096529879e-04  8.719027455590e-04  5.448270913179e-02 
 3.517938518123e-01 -2.244263013325e-01  3.138672707774e-01 
-1.457436634386e-01 -1.158799381176e-01 -2.130535608479e+00 
 9.961447612168e-01  3.991424431760e-01  4.039815745217e-02 
 3.745738295088e-02  3.787187184678e-02 -8.009732252802e-02 
-3.197694880043e-02 -1.502675417179e-03  8.238624639636e-04 
-1.679500038346e-03  1.439199116917e-03  1.175608494972e-03 
-1.972296215384e+00  4.068812114800e-01  2.982636595373e-01 
-1.441571401746e-01  2.780857137438e-01  1.833531948400e+00 
-3.417351875333e-01  7.731817749077e-02 -3.059294935594e-02 
-4.216490154902e-01  3.284045146743e-03  6.325636733512e-03 
 1.108413150128e-03  7.874578311353e-04  9.795637184076e-04 
 5.178622569554e-02  2.384690514070e-01 -2.509256705041e-01 
 4.882270084329e-02 -3.066688909121e-03  4.077603261287e-03 
 1.127118768431e-01  8.381871561342e-01  2.327193206344e-01 
-2.735985086596e-01 -9.063012042613e-02  1.212036919613e-01 
-9.761703780510e-02 -6.844122666502e-03 -2.473019142146e-03 
-1.084466214110e-02  2.174398077890e-02 -4.530762306968e-04 
 9.429811609689e-04 -3.975361345461e-03 -5.399269421877e-03 
 1.850488207828e-03  4.873725031170e-03 -7.825000048962e-04 
 1.753187020911e-04 -3.731629237746e-04 -4.106013487925e-04 
 6.640032708383e-04  9.320085147365e-01 -2.389659582168e-01 
 3.777545879933e-01 -4.889287982398e-01 -9.014918576504e-02 
-9.674715905962e-03 -1.021606635860e-03 -1.561892230003e-04 
-2.621192438012e-04  2.943259504328e-03  6.828410780100e-03 
-9.002880905588e-03  1.855367533161e-03 -1.087947272779e-03 
 1.713985912886e-04 -6.020753607002e-01  3.900957909038e-02 
-5.473022398719e-01 -3.541489470018e-01 -1.495292062703e-01 
 2.878570645228e-01  1.089883439252e+00 -1.957036317692e+00 
 6.645735694737e-02 -1.026706509173e-01 -2.130414777116e-02 
 5.304088963570e-01 -2.119299282174e-01 -1.428480054517e-03 
-5.972869614681e-02 -4.266414374422e-01  7.394753162841e-01 
-1.391158748364e-01  1.867181625066e-01  1.250097100661e-03 
 5.470650563084e-03 -1.170003031892e-02 -7.312620531964e-04 
 1.806175661001e-03  1.894514228030e-03  6.193020703959e-03 
-3.920480945396e-03 -1.974881311589e-03  2.766584229944e-04 
-2.906193687755e-04  2.896834662053e-04  1.375602690992e-04 
-2.390558628843e-04  1.007117640296e+00 -4.293392216178e-01 
-4.916866560204e-01  1.183419269178e-01 -1.770565163559e-02 
 5.276287671895e-03  3.403247916677e-03 -2.142260643376e-04 
-9.155550271822e-04 -2.117943705223e-03 -3.040789380756e-03 
 1.229560208135e-03 -1.388665008932e-03 -1.584065173399e-04 
-5.982118274143e-04  1.221160354893e+00 -2.605847454808e-01 
-1.749596883701e-01  1.476787338032e-01  2.220301084402e-02 
-1.857428413579e-03 -7.714694977360e-03  1.512418233860e-02 
-2.277956058374e-02 -6.804815318068e-02  2.427497183414e-01 
-1.317027489706e-02 -1.882817056926e-02  1.028725224621e-01 
 1.151774009402e-01 -4.320460132106e-02 -1.047606791302e-01 
-4.362964568408e-01  2.624161082943e-02  6.866601809635e-02 
 2.888314452747e-01 -3.492998262801e-01 -2.346058617776e-02 
-6.530423451237e-03 -2.897774509675e-01 -3.726136005137e-02 
 7.108875422889e-03 -1.963252979374e-01 -6.023690733958e-02 
-6.212054407474e-04  1.439588265880e-01  1.657373105361e-02 
 5.072623357256e-02  6.859111437190e-03 -4.540339725602e-03 
 5.650394017308e-02  1.627116682522e-01 -6.081985206755e-01 
 7.841974820274e-02 -4.024654122931e-03  1.006907240481e-01 
-1.253778928958e-02  5.946937817304e-01  7.638078958862e-02 
-2.641259869046e-02  8.973309068794e-02 -1.085839881142e-02 
 5.381620285220e-01  1.445769332926e-04 -1.205154320526e-02 
 4.796152530104e-02  1.148516460432e-01 -4.374778368437e-01 
-3.035221531856e-03 -1.208565709567e-02  2.351284035928e-02 
 2.585548911005e-02  5.805298670361e-02 -2.347274253705e-01 
 6.561208734342e-03  3.865669304133e-02 -1.112501611696e-01 
-1.291729372022e-01  4.691716178206e-02  1.039651201989e-01 
 4.290876642758e-01 -3.280670580946e-02  7.457914196326e-02 
 3.147576778371e-01 -3.967474309480e-01  1.840636038575e-02 
 7.006388016128e-02 -2.738750280865e-01 -1.292794950446e-02 
 5.741395107502e-02 -2.053793578302e-01 -5.956832184465e-02 
-4.507371284025e-02  1.439364679556e-01 -3.752744120913e-03 
 4.504868796829e-02  2.936359047772e-03 -3.066172830355e-03 
-6.726090619229e-02 -1.580583656813e-01  6.085422744255e-01 
 8.624188166134e-02  4.278740332992e-03  2.436751463959e-02 
-1.720126615540e-01  5.790478722362e-01  6.583901729954e-02 
-4.108337281957e-03  1.980686940967e-02 -1.542901856830e-01 
 5.261614934861e-01 -5.363533574538e-03 -1.095797589197e-02 
-4.050900224158e-02 -1.157571090132e-01  4.336602038867e-01 
 6.338880408859e-04  2.641903035202e-03 -3.808087830712e-03 
 4.947056379977e-03  1.333219372751e-02 -4.922866096216e-02 
 3.299957728436e-03  5.409328863866e-03 -2.442208456682e-02 
-2.582266392293e-02  9.420856539336e-03  2.303272346343e-02 
 9.110945009328e-02 -5.978969063265e-03  9.102380805192e-03 
 3.843928822009e-02 -4.921396791598e-02 -1.749634436615e-01 
-3.689120846323e-01 -3.712661453999e-02 -1.187641869450e-01 
-2.419020195934e-01 -2.792110804322e-02  2.818312481970e-03 
 2.086931502646e-01  2.218184376794e-02  1.004511013154e-01 
 2.182566995732e-02  1.392786043155e-03 -1.237710156186e-03 
-1.380554649837e-02 -3.390197702651e-02  1.288009280359e-01 
 1.050939781612e-02  7.190077828320e-04  3.659305189261e-01 
 7.518827898083e-01  7.869626283677e-02  7.753848134403e-03 
 3.755750877979e-04  3.301292836047e-01  6.788743923237e-01 
 7.147917328486e-02  6.655914235105e-04  9.823068650176e-04 
-9.821554101448e-03 -2.402701308324e-02  9.174283165994e-02 
 6.140704222904e-02  1.727123506934e-01 -4.301323329457e-01 
 1.252786166686e-01  2.868112533347e-01  8.717456672564e-02 
 1.754880135614e-02 -5.695127351287e-01 -1.484374899471e-01 
 9.511665802723e-01 -5.485437285156e-02  1.666090007682e-01 
 2.516409914419e-01  2.782072143426e-01  4.102229479441e-03 
 1.751887193929e-02 -2.767521107501e-02  1.963131885894e-04 
-2.438836925693e-05 -2.108420551571e-05  3.448221616397e-03 
-6.835108061055e-04 -9.508099246018e-03 -8.895577820877e-04 
-8.923998155331e-04  5.422482928513e-03  5.465227293896e-04 
 6.789417096759e-04 -6.569809683482e-01  4.770952636351e-01 
 5.000738051008e-01 -2.513683268232e-02  4.178611279222e-02 
 5.183040854261e-03  6.188093663559e-03  8.464926871143e-04 
-1.395061083501e-03  8.065590087796e-03 -2.698752309111e-03 
 5.719468954892e-03  9.339761241344e-04 -1.387658333822e-03 
 8.307774427554e-03  1.212000012589e+00 -6.261337249180e-01 
-5.694804916619e-01  1.333937854770e-01 -1.729340632721e-02 
-3.450807043449e-04 -9.007204333816e-04  2.908547595821e-03 
 1.942779910773e-02  5.077000993134e-02 -1.970027285405e-01 
-2.377195898771e-03 -2.338684245836e-03  2.237380658624e-02 
 7.674575781193e-02 -9.214742662090e-01 -4.396533708553e-01 
 9.799960960170e-02 -2.698903135413e-01  1.292121299287e-03 
 5.639434504586e-03 -8.383778728411e-03  1.519737288486e-03 
-5.942007094365e-04  1.823100188925e-03 -1.183118804312e-03 
 4.007000208387e-04 -1.245114053276e-03 -4.735075116596e-03 
-3.005084150405e-04  1.164738146707e-02  2.060188302375e-03 
 4.057994837370e-03  3.400710905931e-03 -2.074756288408e-03 
 5.610411418210e-02  1.515246487548e-01 -5.739911395518e-01 
 8.249451588429e-04  8.356603318561e-04 -3.370025737093e-04 
 1.397151169241e-04 -1.545413774674e-03 -1.897884868263e-03 
 4.283275728859e-03  4.174151679652e-04 -2.156970692397e-04 
-1.411179412909e-03 -7.496906157592e-03  3.131934801110e-03 
-9.686498599751e-02 -2.579487417825e-01  9.755158241449e-01 
 1.183459187117e-04  2.035838578504e-04 -6.160366113877e-04 
 1.346932225361e-03  1.685147908142e-03 -1.779570387828e-03 
-4.738006929933e-05 -1.346097001366e-03 -2.023635190331e-03 
 3.377497453785e-03 -1.207349877444e-02 -4.775923319129e-03 
 2.866343026284e-03 -3.630274629881e-03  4.056125873131e-02 
 1.698657821758e-01 -1.747421707372e-01  1.612818786879e-03 
-1.231866800985e-03 -1.043664486870e-01 -3.610908039413e-03 
 1.559617950335e-03 -1.045384842391e-01  3.878502384804e-01 
 6.924634010768e-02 -8.212177625934e-01 -1.252626933344e-01 
-3.217885792471e-01 -1.337873613156e-03  1.113105577766e-03 
 1.289336951557e-03  2.442000718872e-03 -5.593928666524e-03 
 4.549471807326e-02 -4.611265520198e-03  2.111949891213e-02 
-8.937976722958e-03  2.476599232771e-01  1.376601007882e-02 
-1.139758663532e-02  5.578773948841e-02 -2.523205529548e-02 
 2.398694921653e-01  4.463547147368e-03 -3.639621352422e-03 
-3.652140760111e-03 -3.420256157553e-03  1.385388868564e-02 
 6.976361201213e-05  3.313454414232e-04 -3.403877413971e-04 
-1.309536016898e-04 -1.466561679819e-04 -1.833486751261e-04 
 1.428724680143e-04  2.610646282356e-04 -6.452148687685e-06 
-1.849955352934e-04 -6.603020743859e-04 -3.208831590213e-04 
 6.977173043715e-05 -2.238417009639e-04 -8.048526904422e-04 
-3.352214872620e-03  3.737329866235e-03 -4.847329707014e-02 
-1.028466838833e-01  1.705712488926e-04 -4.232053376690e-02 
-8.989241516194e-02  3.790235065328e-04 -9.027466786299e-02 
-8.713435052117e-01 -8.378339883923e-03 -4.094068586842e-01 
-1.156300128999e-01  2.306054397848e-04 -1.494563750984e-04 
-1.347744344193e-04 -4.752526050877e-05 -3.668764273448e-04 
-1.037718223158e-03  6.097379286299e-05  1.085679615581e-01 
 2.317048151014e-01 -7.634633738736e-04 -2.887593291075e-04 
 1.794968497967e-04  1.048770603221e-01  2.253899509870e-01 
-7.754772960250e-04 -3.151861498902e-04  2.802225486537e-04 
 4.665698337966e-05 -2.292410646004e-04  7.717164220187e-04 
-1.207277242882e-01 -5.416214461420e-01  5.983005323258e-03 
 5.904673618728e-01  1.488057557089e-01  9.963485828007e-02 
 7.151291181843e-02  3.516329069269e-02  1.661437437540e-02 
 1.299985133239e-01  2.203828596858e-01  7.911198250470e-02 
-6.364902078131e-02 -8.702300570619e-01 -7.668838112549e-03 
-3.278829154617e-02  3.231986493109e-02 -5.752067560453e-03 
 2.826582009243e-03 -2.781133964228e-03 -1.009716164123e-03 
 7.836430452753e-05  6.253005417332e-03 -2.424444881682e-03 
 1.514766377426e-04 -1.907505991424e-03 -3.370577720297e-04 
 1.987392274968e-03  1.124806576572e-01  2.786961832592e-01 
-3.633957227301e-01  7.455343360734e-01  1.592930730842e-01 
-4.958408411426e-03 -2.338692583846e-03  4.708448739551e-03 
-2.011406398004e-03 -1.982430628196e-03  1.005900495354e-02 
-8.965066796655e-03 -9.347855939374e-03  4.615263000927e-03 
-1.755638376652e-03 -1.804166633703e-01  2.512218482256e-01 
-7.171889047654e-01 -5.569923333945e-01 -2.204628820572e-01 
 3.817537468326e-04  1.762500338648e-03  8.223894261585e-03 
-3.411720065413e-03 -2.114963843115e-03  1.990625619185e-03 
-5.113087215223e-03  2.104656117074e-03 -8.058232627018e-03 
-1.665615801512e-04 -4.348096506704e-03 -6.845339737401e-04 
 3.158079753872e-03  1.031350633049e-02 -5.374957479232e-01 
-2.283920917580e+00  1.389905373463e+00 -3.578562291160e-01 
 1.703514354459e-01 -1.384438421509e-01 -3.630722292868e-01 
 1.696529224528e-01  9.319736658999e-02 -1.760140112677e-01 
 2.779306215966e-02 -1.649745990703e-01 -5.704156523193e-02 
 1.467678432930e-01 -1.421552899662e-03 -3.966224345847e-03 
 5.592414984415e-03 -8.072702874572e-03  1.340624598417e-03 
-2.937383236637e-01  2.813266602142e-02  5.920731222934e-01 
-2.791549326095e-01  3.423300484002e-02  7.564837598291e-01 
 2.926271625141e-02 -9.511244871449e-01  4.456026117915e-01 
 1.226757431091e-01  1.004094484798e-02 -1.573893182512e-02 
 7.136031052315e-03  5.648772382868e-03  7.011690840113e-03 
-1.526762787048e-01 -9.359797572703e-01 -4.178433169705e-01 
 6.790240144630e-01  1.402891474019e+00  4.391199451703e-01 
-5.518148748697e-02  1.068587976175e-01  2.275837640442e-02 
-1.066939456441e+00 -4.401952974554e-01  3.588107070603e-01 
-3.100202251606e-01  4.870489562105e-01  4.680421044622e-04 
 1.920154985641e-03 -4.179860851320e-04 -6.172603048790e-04 
 3.558461122458e-04 -3.731202038005e-05  9.635103940866e-04 
-6.198815482949e-04  4.387566117632e-04  1.253229651853e-04 
-2.631533657643e-04  9.755742645687e-05  4.689732973711e-04 
-1.813346518688e-04  2.676767081481e+00 -5.605719635453e-01 
 9.864433443696e-01  1.157852217329e+00  4.060961711080e-01 
-7.788900492169e-04  9.320849184019e-04 -8.473893769793e-04 
 4.459172426060e-04  1.196986757247e-04  6.352400854407e-04 
-2.124193093327e-03  7.169445801648e-04 -2.281788655592e-04 
-5.555492339780e-04 -4.013617726783e-01 -2.248702020031e-02 
 2.847008020913e-01  2.926254470379e-01  1.062116658884e-01 
-1.976604616759e-03 -8.950509787199e-03  1.095102897217e-03 
 3.096080508823e-03 -4.687578928705e-03 -1.673715054481e-03 
 2.431723219656e-04  1.430825232927e-03  2.135574629545e-03 
 1.101575088599e-03 -1.242388382937e-03  1.919586064787e-03 
-1.109009038965e-04  2.221283899165e-03 -1.271071516766e-01 
-4.377469763227e-01  4.780751597440e-01  6.448292309223e-01 
-3.039323668338e-01  6.070642183921e-02 -1.959237188894e-01 
 9.167330978285e-02  3.420577507806e-02 -9.241133686814e-03 
 4.986415755204e-01  2.005119027379e-01 -1.070862737316e+00 
 2.544786713367e-02  2.742233368606e-03 -3.136858468742e-05 
 1.195076048905e-03  1.291731003255e-03 -8.435748138403e-06 
 1.622000928746e-01  3.043945821969e-02  2.265653979005e-01 
-9.534603974787e-02 -8.643687941262e-01 -4.313635886300e-01 
 8.232015765304e-02  3.250002220377e-01 -1.600526327414e-01 
 5.541875513173e-01  1.008566855996e-02 -3.153056164266e-03 
 2.196005419751e-03 -4.659380905320e-03 -1.679556923710e-03 
 6.149003499213e-04  2.704278102497e-03 -6.637693160319e-04 
-9.809382412131e-04  1.939628708756e-03  4.658363058602e-04 
 3.379097883124e-04 -3.154758942619e-04 -1.690753896939e-04 
-6.840617485815e-04  3.995373158475e-04 -5.111067114023e-04 
-1.435374329604e-04 -8.368271006707e-04 -3.642247900227e-04 
-1.255622246332e-03  1.335665935139e-03 -7.832819432108e-02 
-1.716734484393e-01 -2.645536628634e-03  3.869590415803e-03 
 9.043554883996e-03  2.140937407052e-04  8.290603635436e-01 
-1.914877274040e-01 -4.638562997058e-03 -7.272186500277e-02 
 9.979049022856e-01 -6.324333989740e-05  3.747659279179e-05 
-2.962113856525e-04  9.236691936426e-06  8.069469113965e-06 
 1.088071787231e-03 -1.352689535479e-04  3.756694784977e-01 
 7.964551828588e-01  1.048956809766e-02 -1.731841793915e-03 
 3.705915773097e-04 -2.593972857391e-01 -5.537296267019e-01 
-7.415983210135e-03 -3.826552126846e-03  1.428995537597e-03 
-8.491825366181e-04  1.535378904624e-03  3.630449156708e-04 
-5.574216263749e-01 -2.474458498689e+00  1.800891715561e-01 
 9.748268330055e-01 -1.846951160537e+00 -3.881214803918e-01 
-2.205410939598e-01  2.129494130841e-01  3.397550577102e-02 
 6.139894274354e-01 -4.300576455610e-01  5.412084948820e-01 
 1.411490006928e-01  8.306877909518e-01 -1.021253533601e-03 
-2.992131210075e-03  8.953295037000e-03  9.656724331771e-03 
-4.351428781384e-03 -3.766912858614e-03 -1.707119124239e-03 
-1.276575322924e-04  4.022156666610e-03 -2.138602234340e-03 
-2.749269571258e-03 -3.738229681229e-03  5.545930032870e-03 
 3.429130472046e-03  3.011934278631e-01 -1.918051342733e-01 
 2.894041409515e-01  3.954792477852e-02  3.989688540275e-02 
 8.226833374311e-03 -7.990840912428e-03  4.165106819589e-03 
-6.583901574624e-04  2.609083306515e-03 -1.342417917688e-02 
 4.896708612730e-03  5.949941716275e-03 -3.124585119597e-03 
-4.438702580185e-03  3.723847994150e+00 -1.080104426246e+00 
 8.352662118973e-01 -1.541834880753e+00 -3.213949634948e-01 
-2.651140348130e-03 -1.181218712427e-02 -7.886860843516e-03 
 7.101302664694e-03 -1.257590845894e-02 -2.288878171374e-03 
-2.306931506272e-03 -2.345470875487e-03 -1.721413470685e-03 
 4.522866675597e-03 -3.040062964335e-03  3.355699034136e-03 
 1.068371986710e-03  5.970005744646e-03  2.543796031475e-01 
 8.317022622719e-01 -9.704624710504e-01 -1.674443863890e+00 
 7.826114288357e-01  3.430604237689e-01 -1.805448915222e-01 
 8.481225253394e-02  7.574359925200e-04  4.340876160134e-01 
 1.875522543926e-01  4.165645407993e-01 -4.041613252165e-01 
-3.505232065660e-01  1.380354529775e-03 -2.917818532202e-03 
 1.703762082266e-03 -3.640270905923e-04  2.063663927603e-04 
-1.543600373224e+00  3.158985358483e-01 -9.312501104180e-01 
 4.404380022959e-01 -1.241040425022e-01  2.225248718176e+00 
-6.108169783486e-01 -9.533272272606e-01  4.447397173209e-01 
 2.367674261271e-01  2.444363831622e-02  4.553864517055e-04 
 6.551060970614e-03 -1.100955457244e-02 -1.849558489358e-03 
-3.146703837445e-04 -1.304347853804e-03  2.339035157250e-03 
-3.737543232415e-04  4.641675128728e-04 -7.631480233149e-04 
 1.520306611798e-04  3.992491356402e-04  1.943813133836e-03 
-2.911986324087e-04  3.486483567192e-04 -1.446207403701e-04 
-2.554883667054e-04 -5.292980995794e-04  6.831408126061e-01 
 2.953560657875e+00  1.076513097755e+00 -9.444084222477e-01 
 4.384922417632e-01  3.742397915391e-01 -6.199139879366e-02 
 2.904294007806e-02  1.846632628271e-02 -1.311724643831e+00 
 2.131830061031e-01 -9.375101050844e-01 -4.557954320887e-01 
 1.094404542310e+00 -3.774249825723e-04  5.898295557912e-04 
-9.442148443760e-05  1.487824268648e-04 -3.338882453113e-04 
-5.370990948946e+00  2.164940926949e+00 -1.519668704575e+00 
 7.078346286790e-01  4.649769748266e-01 -2.534604050404e+00 
 1.152409205421e+00  1.008206186129e+00 -4.743254402260e-01 
-8.944052358081e-03 -2.413865190637e-03  1.178096718102e-03 
-2.611487144349e-04  2.393462780157e-04 -3.200312089162e-04 
orbocc
(*)
 0.000000000000e+00  0.000000000000e+00  0.000000000000e+00 
 0.000000000000e+00  0.000000000000e+00  0.000000000000e+00 
 0.000000000000e+00  0.000000000000e+00  0.000000000000e+00 
 0.000000000000e+00  0.000000000000e+00  0.000000000000e+00 
 0.000000000000e+00  0.000000000000e+00  0.000000000000e+00 
 0.000000000000e+00  0.000000000000e+00  0.000000000000e+00 
 0.000000000000e+00  0.000000000000e+00  0.000000000000e+00 
 0.000000000000e+00  0.000000000000e+00  0.000000000000e+00 
 0.000000000000e+00  0.000000000000e+00  0.000000000000e+00 
 0.000000000000e+00  0.000000000000e+00  0.000000000000e+00 
 0.000000000000e+00  0.000000000000e+00  0.000000000000e+00 
 0.000000000000e+00  0.000000000000e+00  0.000000000000e+00 
 0.000000000000e+00  0.000000000000e+00  0.000000000000e+00 
 0.000000000000e+00  0.000000000000e+00  0.000000000000e+00 
 0.000000000000e+00  0.000000000000e+00  0.000000000000e+00 
 0.000000000000e+00  0.000000000000e+00  0.000000000000e+00 