2mocoef
header
1
MO-coefficients from MOLCAS
1
48   48
a
mocoef
(*)
 1.264152350696e-06 -1.107803428794e-04  4.037955529623e-05 
 1.519919230877e-05 -1.044794242616e-04 -1.517358128212e-05 
-1.164143344608e-05  3.215055939539e-05 -8.126045364412e-06 
 5.029702882228e-06 -9.354486749552e-07  6.057111483122e-07 
 1.689993310908e-06  1.640288370574e-06  1.001282415575e+00 
-1.060397322285e-02 -8.039263107278e-05 -6.440592924674e-04 
 2.820850401711e-04  8.500474231682e-05 -7.169099273500e-05 
 2.665046791975e-05 -8.366120381570e-06 -1.066615477146e-03 
 2.377515685189e-04 -7.377710162529e-04 -5.185786358198e-04 
 9.633072947244e-04  2.574662562495e-05 -7.127910443406e-06 
 3.671128543251e-07 -2.728615209892e-06  1.187674128084e-06 
-1.100151398797e-02  6.262264716080e-03 -1.910097156826e-03 
 8.852221270731e-04  7.064860370625e-04 -9.973207135241e-03 
 5.597355314862e-03  1.987332878694e-03 -8.488384282596e-04 
-1.573314797067e-04 -1.351736815101e-04  3.685723953426e-05 
-3.889399132882e-06  8.602518904447e-06  3.424695633690e-06 
 1.000888390467e+00  4.640547663512e-03 -5.029343363786e-03 
-2.543762742606e-03  9.043020730986e-04 -2.073805479132e-05 
 2.026439001443e-03 -7.237130316518e-04  4.485368143966e-06 
-4.718673158689e-05  4.888806217649e-04 -1.003312831270e-03 
 5.770866499838e-05 -5.783369752865e-04  7.762775351676e-07 
-1.151055040607e-06 -5.377451393093e-06  8.421537619366e-08 
 4.782364451400e-07 -1.304298721018e-06 -8.907891292971e-06 
 2.647881355596e-06  6.462204332255e-06  1.235318858892e-06 
-6.000528802692e-08  8.518961104400e-07  1.904985867894e-07 
-1.119811101763e-06 -7.362739480643e-04  1.522689491356e-03 
-5.136576064458e-04 -4.134951581584e-04 -9.576459642380e-05 
-9.266232691984e-07 -8.768126230155e-06 -6.232826257478e-07 
 5.884219946708e-07 -7.257046896660e-07  5.687334596749e-06 
 6.361436337111e-06 -2.605659537325e-06  1.358212145797e-06 
-6.112176220083e-07 -1.500643738550e-03  2.456698305408e-03 
-3.924748048133e-04  5.446986390075e-04  1.106155432702e-04 
 8.981659354109e-03 -8.291489566799e-01  1.676034795399e-01 
 1.708112113065e-01 -9.345935525038e-02 -1.446410480750e-02 
-4.681424849381e-02  3.869238839524e-02  4.253357305815e-03 
 4.089265530337e-03 -3.990440512374e-03  9.178678990325e-03 
 3.131675537912e-04  2.933566769852e-03 -1.274980695410e-04 
 6.984240952568e-03 -1.193656547564e-03 -1.552743350277e-03 
 7.204392645534e-04  6.020589522338e-04  5.822795903149e-04 
-2.620050652758e-04 -7.591871988931e-05 -7.972626695139e-05 
 2.570388874249e-05 -5.434779823113e-05 -5.628792936479e-05 
 6.915964897283e-05 -3.370526958564e-01  1.555643424045e-01 
-1.372271207898e-02 -2.555928472817e-02 -5.736415433741e-03 
 4.654789176381e-03 -2.348981914159e-03  3.297992200966e-04 
-1.523107783498e-04 -1.289993669100e-04  1.507060536682e-03 
-9.648560594364e-04 -1.892130947829e-04  8.315176503277e-05 
 2.695400868925e-05 -4.932864231349e-01  2.272420804853e-01 
-1.179659383277e-02  3.305820318795e-02  6.113809360846e-03 
 1.589247786178e-05 -2.268583393482e-03  4.261481451768e-04 
 6.597059424610e-04  4.491849104459e-04  1.014372892890e-04 
-8.605052087765e-05 -6.223751900659e-05  7.866884299211e-05 
-2.627776713526e-05 -9.576147236696e-06  3.460260292757e-05 
-7.342229389195e-06 -3.442276851853e-06  2.572569598106e-03 
-2.196095030032e-02  3.031276383088e-02  6.537501170629e-01 
-2.910902441332e-01 -1.460368781075e-01 -2.087313458103e-01 
 9.303454212013e-02  4.756318632844e-02  2.319283271394e-03 
-2.789910254850e-03  3.685393657462e-05  5.939936851619e-03 
-1.209383776928e-03 -1.534360069470e-03  6.807075232498e-04 
-5.304965632675e-05 -8.099040052523e-05 -2.627388580539e-05 
-6.295503635317e-01  2.627631608993e-01 -2.948176666147e-02 
 1.389574191551e-02  1.288268454736e-02  5.885010584600e-01 
-2.365270790443e-01 -3.423381218271e-02  1.431587855369e-02 
 2.292546348326e-04 -8.404437935871e-04  4.888268032760e-04 
-1.624791266641e-05  7.007537239411e-05  4.888995949918e-06 
-1.844105026197e-03 -8.671491940436e-02 -2.738981936049e-02 
 7.270391361588e-02  6.865955735859e-01  1.430209021669e-01 
-4.883830523919e-03 -1.528268736904e-01 -3.165215432181e-02 
-3.466582655217e-02  5.849103785870e-04  5.271225666586e-04 
-7.366586142763e-03 -8.386697139995e-03  9.291893725890e-05 
-6.304070289667e-03  1.137210160175e-03 -8.313538263737e-04 
 3.697268957594e-04 -1.222966540722e-04  2.271873148923e-04 
-1.956505843138e-05 -5.190910008741e-05  5.813029590728e-05 
-1.570833802956e-05  4.874432488985e-05  2.673889227122e-05 
-5.487779075263e-05 -5.693042020848e-01  2.060525259139e-01 
-1.774659274317e-02 -1.590553518780e-02 -4.363286639832e-03 
-2.106024157270e-03  1.218562466238e-03 -2.163564201047e-04 
 8.852489604511e-05  6.428007463298e-05 -3.362543132565e-03 
 1.554287095659e-03  3.053986062499e-04 -1.380307545994e-04 
-3.764820852964e-05  5.207185292628e-01 -1.918837821780e-01 
 1.331902220987e-02 -1.538167791225e-02 -2.054048136004e-03 
-6.712790031247e-05  5.914675948194e-03 -1.919904585692e-03 
-8.157424068413e-04  5.633605341726e-03  1.023190882538e-03 
 4.625521675274e-04 -1.590246112192e-03  3.326466328581e-05 
-2.712662220245e-04  3.625951519912e-05 -5.090674939223e-05 
-6.626938343315e-05 -7.558011836312e-05  2.805459874742e-03 
 8.685544492490e-01 -1.468326406308e-01  1.800849500041e-02 
-4.454935312857e-03  2.484129425714e-02  1.103998877874e-02 
-6.523611276667e-03 -1.563287637364e-02 -9.801058584645e-03 
 2.194221881135e-03 -6.697850384325e-03 -4.787589806967e-03 
 8.841895741398e-03 -1.422515400846e-03  3.100274776302e-04 
-1.903041691836e-05  1.072861182375e-04 -1.169818684895e-05 
 3.770298195387e-01 -1.878713187602e-01  3.406946797933e-02 
-1.541911482805e-02 -9.654438992112e-03  3.682436111403e-01 
-1.852077408788e-01 -3.491716748801e-02  1.524965834599e-02 
 5.472338372310e-03  7.468011378069e-03 -2.535922090419e-03 
 2.016688618428e-04 -4.105986712900e-04 -1.049822363760e-04 
-6.742741914945e-05  1.509758153822e-03  4.340966017962e-03 
 1.376018427609e-03  5.310980815547e-04  5.373609730245e-04 
-1.087644533475e-03  2.080310138115e-03 -3.287501606843e-03 
-1.081519674044e-04 -1.774916718453e-05 -1.289988966827e-04 
 1.188034208744e-04 -1.055070235298e-04 -6.169177666108e-05 
-6.410285009725e-02 -3.913885054687e-02  2.159734447895e-01 
 4.710643471504e-02  9.012330379603e-01  1.244017949185e-02 
 2.328855540288e-03  4.997734246013e-02 -1.003203043308e-03 
 6.864137115420e-04  1.310530862000e-03 -3.009966112040e-04 
 9.110478419086e-04 -3.832453007377e-04 -6.115540588272e-04 
 1.291993933196e-05 -1.629133309648e-04  1.970772257001e-04 
 7.029057584820e-02 -3.374077230731e-02  1.168201813621e-02 
-5.013327827132e-04  2.826571689929e-02  7.453953932809e-02 
-3.192298299996e-02  1.496606390651e-03  3.770775883701e-03 
 2.880332966885e-02  1.520124989246e-03 -7.385879829749e-03 
-9.453831082928e-05  3.450781964371e-04  3.370831611521e-04 
 5.829115119572e-03  3.965027723853e-01  1.071355276897e-01 
 8.235896382159e-01 -1.008040796441e-01  2.973736879955e-02 
 9.723018815012e-03  7.275238142786e-03  6.514216070284e-03 
 4.049272379641e-03 -3.557661662056e-03  1.508314242039e-02 
 8.531163966001e-04 -8.126041410505e-03  1.359423343033e-04 
 1.816208707487e-04 -2.401830765253e-03 -7.017232039337e-04 
 2.908876067791e-04 -1.143079567134e-03 -1.351884768361e-03 
 6.230752255166e-04 -3.224748016366e-04  1.083727408784e-04 
-1.617970650509e-05  7.949261419521e-05  3.400003913361e-05 
-1.027836895543e-04 -2.371608461627e-01  6.158668982039e-02 
 9.451873659543e-03 -1.335008907038e-02 -2.444615768976e-03 
 2.362788404462e-04 -9.498836636958e-04  7.408530992022e-05 
-3.838437418668e-05  5.595951617189e-06 -3.570673452203e-04 
 4.170977875236e-03 -3.618809013551e-04  1.503117085638e-04 
 1.817169975024e-05 -2.166979336874e-01  6.655435898644e-02 
 1.447356377771e-02  9.162930305387e-03  2.329083898192e-03 
 9.694780557338e-05  1.086349950824e-04 -1.633481733673e-03 
-2.654745350801e-04 -2.930497231864e-04 -9.171549934769e-05 
 4.198070546278e-04 -6.267579633709e-04  1.054446519516e-04 
 4.443160075313e-05 -1.928897318948e-05  4.878839513454e-05 
 1.546385355318e-06  4.835896579527e-05 -5.672793259982e-05 
 1.240835243499e-03  1.197749447681e-03  3.499781438234e-01 
 8.498122716992e-01 -1.278581076916e-01  2.223937729453e-02 
 5.412586230934e-02 -8.221253309617e-03  2.604023963625e-06 
 1.589394066101e-03 -4.166790733945e-04  7.098920398651e-04 
-3.874727231816e-04  4.715018718108e-04 -5.071701450231e-04 
-1.144689280738e-05  2.926013608839e-05 -7.594572486170e-06 
-1.892839549085e-03  1.076864129025e-03  1.173423776739e-02 
 2.879193750989e-02 -4.264352060864e-03 -1.918555854362e-03 
 9.415822207798e-04  1.136776019979e-02  2.723254602321e-02 
-4.097573352188e-03 -2.741049732224e-04  2.241299060619e-03 
 3.719644494292e-05 -1.334818949470e-04 -3.901152426789e-05 
-1.825512673669e-03 -2.537678781065e-02 -4.383193256576e-03 
-3.874498694138e-02 -1.438342122091e-01  7.084972519639e-01 
-1.202230088999e-02 -6.023717531837e-02  2.946835283203e-01 
 3.866109933526e-03  4.961727684183e-03  1.282917470694e-03 
-2.004791577286e-02  1.936601169599e-03  1.121232341368e-03 
-4.745576048551e-03 -3.102324930372e-02 -1.008813771535e-03 
 1.089492293861e-03  8.015972481997e-03 -6.695103900098e-03 
 2.284839012714e-03 -5.592054740774e-03  7.843012546620e-04 
-1.614759298166e-04  6.643674325518e-04  3.909671645257e-04 
-7.120927807459e-04  2.214380059921e-03  1.045930667918e-02 
-9.589082294517e-04 -3.504239402952e-03  1.857526508247e-02 
 2.644686709723e-03  1.087751008908e-02  1.537937667707e-03 
-5.990168718096e-04  6.753993500132e-04 -4.117293878095e-04 
 3.665331170943e-02 -2.025752439620e-03  9.428406605680e-04 
 1.015769688685e-03 -7.394097926467e-04  1.612636442307e-02 
-9.210852118159e-04 -4.460818747105e-03  1.932693726901e-02 
 1.160299184930e-02 -9.933607054842e-02 -5.011629764018e-01 
 7.592823775073e-02  8.865453974079e-03 -4.157545717783e-02 
 1.468599594646e-01 -3.356810765487e-02  1.319201101926e-02 
 1.877370251059e-03 -1.554617931785e-03  4.804987414506e-03 
 8.251633455988e-04  8.812973294881e-04  4.018284782298e-02 
-2.739196065186e-01 -1.227099653020e+00 -6.848702879544e-02 
 2.476832860376e-02 -2.223998684447e-02 -8.759633574993e-02 
 3.148089076925e-02 -4.638958506246e-02  1.316105805360e-02 
-2.773389145424e-03  9.257177451365e-03  6.056620283433e-03 
-1.195843477316e-02  4.032938852661e-02  3.544313151955e-01 
 1.518052945925e-03  3.011120345644e-03 -1.710156071510e-03 
 2.190570509558e-01  7.022916241825e-01  1.910230561725e-02 
-9.116263394028e-03 -8.267269857636e-03  2.349978107136e-01 
 1.017713811337e+00 -2.230011840772e-02  9.301520856085e-03 
 8.025045756399e-04  1.058161775608e-02  4.593452811313e-01 
 3.426849328158e-03 -4.503802518516e-03 -3.416686628930e-03 
 3.891063898115e-02 -2.805230553287e-01 -1.490993877876e+00 
 2.620704534947e-01  7.088618751195e-02  2.237285780582e-02 
 4.379367598330e-01  4.177233610098e-02  2.024550075865e-02 
 2.053793611207e-03 -3.089609983903e-03  9.128753453483e-03 
 1.547192710710e-04 -1.486026719781e-03 -1.341360546424e-02 
 9.319211117525e-02  4.065066195660e-01  2.581430617282e-02 
-1.012976016844e-02  1.929234364168e-02  2.862461762353e-02 
-9.752753391927e-03  5.793210093317e-03 -3.474402725459e-03 
 6.388089091761e-04 -2.218037121348e-03 -1.443452598541e-03 
 3.144196526818e-03  1.479503952649e-01  1.279957494238e+00 
 4.920085961981e-03  5.526598771352e-03  1.822234709562e-03 
-8.070316232059e-02 -2.248452654936e-01 -4.104651762676e-03 
 1.938662660916e-03  3.849048707556e-03 -9.011559521816e-02 
-3.314138263028e-01  5.401143361498e-03 -2.284660944031e-03 
 1.301798223454e-03  7.285941494634e-02  1.079756658215e+00 
 1.001957124798e-02 -5.882791800231e-03 -3.826921085389e-04 
-3.184266462249e-03 -6.509747589916e-03  9.714264314778e-02 
 2.551121628497e-04  9.437162106498e-02  5.853151067696e-03 
 1.545823770640e-02  1.956021215619e-01  4.735687798817e-02 
-4.604605380346e-03  1.127128562317e-03 -1.245326137567e-03 
-5.360223756167e-04 -2.949244609968e-03 -3.836397369244e-03 
 3.383139984444e-02  2.333307204253e-01 -3.330052387153e-01 
 1.486288028902e-01  7.052571130843e-02 -6.205303347659e-01 
 2.759726541293e-01  1.421431096829e-01 -6.693766003015e-03 
 4.077602693129e-03 -2.975728574604e-03 -8.741689762255e-03 
 5.060583519419e-03  2.094188089206e-02  2.691480487633e-01 
-2.873208031221e-04  2.182361671319e-03 -2.713555078286e-04 
-4.227397513877e-03 -1.696356577453e+00 -2.131698938694e-02 
 9.753114077360e-03  6.077406277090e-03  3.789770119541e-02 
 1.320252919577e+00 -8.253728587834e-03  3.605259210796e-03 
 4.850809437726e-04 -2.464198142041e-03 -3.946370762883e-01 
-4.667563726243e-04  4.628181909609e-03 -2.035604859902e-04 
 5.956152928445e-03 -2.937255932138e-02 -4.520608314666e-01 
-4.873324678154e-02 -4.875874805342e-01 -1.076111357239e-01 
-3.228712969681e-02 -1.006161789214e+00 -2.039596579804e-01 
 2.062601205399e-02 -5.306858718942e-03  7.895939348448e-03 
 4.240477825450e-03  1.336882813859e-02 -3.265683795093e-03 
 2.177143793842e-02  1.118869301404e-01 -5.933595913581e-02 
 2.430678858329e-02  2.736480096525e-02 -1.140921037453e-01 
 5.343593857424e-02  1.934155371983e-02 -1.255909984178e-03 
 5.988250926892e-04 -2.748975331671e-04 -1.454767954909e-03 
 9.031739733989e-04 -1.033359652683e-01 -1.397120082837e+00 
 1.312112267251e-03 -7.367798195662e-03 -2.236250350704e-03 
-2.160569513924e-02 -3.565190802303e-01 -2.851166142995e-03 
 9.694839256113e-04  2.670678833443e-03 -1.722797265343e-02 
 2.074996065994e-01 -1.730170987533e-03  4.987583548256e-04 
 1.672733408032e-03  1.261861789387e-02  2.056532696504e+00 
-2.983632253709e-03 -2.052195068994e-02 -4.111314009603e-03 
-5.543422767611e-03 -9.822463804700e-03  5.404135413741e-02 
-1.642960659391e-02  1.389670607495e-02 -9.576828986162e-02 
-1.041817587601e-03  4.959827540271e-02  1.108888047669e-01 
 2.954716351842e-03 -3.082544790464e-03  6.379076949516e-03 
 7.140071170132e-04  7.108787784447e-03 -6.971364838738e-02 
-1.308981188953e-02  3.307532424298e-01  6.007485376263e-02 
-2.250804910966e-02  2.346820411948e-02 -9.094417614460e-02 
 4.773566729543e-02  7.538874850161e-02  1.203345140408e-01 
-2.492023257235e-02  8.588440326857e-02  5.556898133492e-02 
-1.092143940814e-01 -1.232530613754e-02  3.133368451088e-02 
-1.352698545436e-03  6.655643561592e-03 -2.777342586881e-03 
-1.264363174683e+00  9.224236619651e-01  1.414827370190e-01 
-6.247085055781e-02 -2.690679152327e-02 -1.505195877509e+00 
 1.362929750063e+00 -1.431022410228e-01  6.392429791931e-02 
 3.404646486981e-02 -8.287275763223e-02 -1.839002219835e-03 
 1.837543411124e-03 -5.541123695851e-03 -6.937617772808e-03 
-2.791632924673e-02 -2.987326582504e-02  5.132565039050e-01 
 2.613548150717e-01 -4.302279472005e-01 -8.490351277649e-02 
-3.946929747789e-01  1.765244288486e+00  3.535976619125e-01 
 1.171465891038e-01 -9.783520370892e-03  1.312314323709e-02 
 2.464771578713e-02  4.753124711266e-02  3.070033733548e-03 
 5.358719843440e-03 -1.383775898987e-02 -6.450550099793e-04 
-1.010557223380e-03  7.611740189089e-03  3.901212989577e-03 
-5.924898725526e-04 -1.305847662623e-02 -4.111568818516e-03 
 8.331305226019e-04 -2.945296454711e-03 -1.844114789690e-03 
 3.721222713385e-03  8.302442535436e-01 -2.475375443578e-01 
-4.296659750952e-02  3.938687664530e-02  6.341564625854e-03 
 4.721380687389e-02 -3.546924673427e-02 -4.078874906235e-03 
 1.610108336994e-03  1.872223350458e-03  5.202255223887e-02 
-5.225959190798e-02  4.183753820694e-03 -2.003136236477e-03 
-3.025464652635e-04 -1.302584919599e+00  1.114795153241e-01 
 4.609367537888e-02  2.220095723197e-03  1.763074060359e-03 
-7.399195954562e-02 -6.803031662654e-02  5.739339045596e-01 
 5.233963317649e-01 -1.510626733352e-02 -1.869426574917e-02 
-1.096412441025e+00 -5.662340838125e-02 -1.410206411277e-02 
-8.550919699315e-02 -7.205628880763e-02  1.178699452561e-01 
-2.153189702873e-02  1.187677750709e-01  1.816347472824e-03 
 4.016515975450e-03 -7.861310491591e-03 -1.386794676838e-03 
 3.444368031343e-03  6.836518937148e-03  1.212055257676e-03 
-4.081708969356e-03 -9.794832468377e-03 -2.262677397681e-03 
 4.342498149879e-04 -1.646268741292e-03 -9.181331852221e-04 
 2.099074442011e-03 -1.562395397550e+00  1.158371823972e+00 
 8.076193436590e-03  5.714137190893e-02  1.053711428385e-02 
 2.629166448930e-02 -2.413316160851e-02 -1.272928602204e-03 
 9.300001445434e-04  9.643075091281e-04  2.989210972358e-02 
-2.727079168564e-02  2.927250989775e-03 -1.025106956166e-03 
 7.989415702425e-05 -7.537574434833e-01  3.234700136992e-01 
-1.623861148203e-02 -6.087825431417e-02 -1.516584048442e-02 
 7.631663801554e-02  3.319433438407e-01 -2.782915404478e-01 
 6.315567290383e-01 -2.408764705694e-01  1.344525855025e+00 
-7.388220793134e-01  9.411835251928e-02 -1.527109344646e+00 
 9.930933878352e-03  3.324169194470e-02 -5.872955389457e-02 
 1.415761194118e-03 -6.037982553384e-02 -1.006598374356e-02 
-3.559805960267e-02  5.257881042461e-02 -2.572183896984e-02 
 7.241193293714e-03 -5.274661361151e-02  1.733892443991e-02 
-1.910463050183e-03  7.217047695936e-02  6.763004393075e-03 
-1.496541582678e-03  4.457110606378e-03  3.248950611401e-03 
-6.080605206687e-03  2.639816361445e-01 -4.676486151963e-01 
-9.583574522860e-03 -7.567008692952e-02  1.773249662010e-02 
-1.032843731017e-01  7.435691635603e-02  5.999902198544e-03 
-3.131314982247e-03 -8.224238164509e-03 -1.027237531697e-01 
 1.178295155055e-01  9.093082376476e-04 -4.836276360844e-04 
-2.866760812347e-03  3.140292816706e-01 -1.800945433621e-01 
 1.021204711148e-02  4.687869840802e-02  7.426594492644e-02 
-1.197126138674e-01 -5.136259685451e-01  4.055738154242e-01 
-1.118985966008e+00 -2.281782221338e-01  7.548110287596e-01 
 1.294630110286e+00  5.459878940075e-01 -7.737056021068e-01 
-1.976179495731e-02 -6.146762255905e-02  1.003463455514e-01 
-6.698469084630e-03  1.073387255191e-01 -4.645852455026e-04 
-1.121590716905e-03  1.262091957005e-03 -5.531368184368e-04 
-2.853457109388e-03 -1.272235256816e-02 -1.728342235862e-03 
 4.564993561272e-03  1.634808812897e-02  8.945347924874e-04 
-1.348840251411e-04  6.142464840402e-04  2.573400229879e-04 
-8.532206068478e-04 -4.871179872967e-01  8.431836885379e-01 
 1.551778403893e-02  1.164212894071e-01  4.351457329001e-02 
-1.139033027485e-02  9.255575635891e-03 -4.947950198514e-04 
-1.559406552229e-04 -1.370577632749e-03 -8.903243334015e-03 
 1.170699749322e-02 -1.394058334082e-03  3.622329103627e-04 
-7.494851889344e-04 -5.478163894177e-01  3.273514691173e-01 
-2.153279823795e-02 -1.093767909833e-01  1.497694946649e-02 
-1.837358340592e-01 -7.919403975380e-01  1.033505788621e+00 
 9.529795463127e-02  1.188256708960e+00  2.580834077895e-01 
-3.173705146570e-01 -2.133348083232e+00 -4.606633559562e-01 
 2.785537776589e-01 -3.096158050613e-02  3.923071032105e-02 
 5.814783128419e-02  1.123578969785e-01  9.279447816104e-04 
 3.882818749121e-03 -1.150136545043e-02  3.387178493215e-03 
-1.514962674030e-02  7.042129780336e-02 -1.991746478126e-03 
 1.754004938287e-02 -8.819650577398e-02 -1.592610377490e-04 
-2.959197050032e-04  6.792819138459e-05  4.482393199355e-04 
 7.009889770251e-05  4.994096623412e-01 -1.842345584682e+00 
-1.785296790406e-01 -1.393362852388e-01 -3.309229756592e-02 
 1.380908220080e-02 -7.457207129324e-03  4.016025900114e-03 
-3.178388623313e-03  4.998217775501e-03  1.335588616796e-02 
-1.293626628476e-02 -6.682800410444e-04 -4.886680649899e-04 
 3.585921903836e-03 -6.803906600876e-01  1.656185006689e+00 
 1.001877494142e-01 -2.047188565311e-01 -4.006700701394e-02 
 5.670734847564e-02  2.623109574319e-01 -3.824590976970e-01 
-4.132834418796e-03 -5.536506763183e-02  5.617016070801e-02 
 4.337903594807e-02  8.734302973935e-02 -6.116956254134e-02 
-1.051216097226e-02  1.619033271398e-03  6.814501149098e-04 
-1.942326386211e-03 -4.481325457404e-03 -1.335970245891e-02 
-7.479529883904e-02 -7.643519437519e-02  3.207684381422e-01 
 4.426947224807e-02  1.367545617297e+00 -3.654531778317e-01 
-7.168017785497e-02 -1.720759200449e+00  1.461010713194e-02 
-4.320318919552e-03  9.493461740933e-03  9.438836498248e-03 
-1.275405984034e-02 -1.245488734605e-02  1.282489213493e-01 
 1.634503694174e-02  1.137005806016e-02  4.313067601160e-04 
 1.196956118701e-01  2.350574007696e-03  6.661420673335e-02 
-1.533628001887e-02  9.527524670325e-02  2.533495970143e-02 
 3.867771780851e-02 -3.040809984658e-02  1.922871502948e-02 
 5.052453864013e-02  4.266697866039e-02 -1.659124447867e-02 
 5.117800895382e-03 -3.284934504074e-03 -2.148615228749e-04 
 1.866648367435e-02  8.649075526524e-02 -1.302993328931e-01 
-2.270295255654e-03 -1.306359634465e-02 -7.908171240521e-04 
 1.594591867688e-02  2.202144558050e-02  2.690911979131e-03 
-3.275683387381e-03 -5.218947614003e-04  1.300993611501e-03 
-7.050685234669e-04  1.395678703761e-04 -2.682443491478e-04 
-1.284711844279e-03  1.794531623371e-03 -5.427397737829e-01 
-1.300860161497e+00  1.663364616022e-01  6.749348973634e-01 
 1.617105280970e+00 -2.066582647292e-01 -2.687332287794e-03 
 5.258615785658e-04 -2.035855822377e-04  7.114202510590e-04 
-2.736618424764e-03 -8.066390148202e-03  4.800496233208e-02 
 4.956173476697e-03  4.141832618412e-03  8.958542278156e-04 
-2.900295120254e-04  3.353599539616e-04 -4.317699970532e-02 
-1.039633666891e-01  1.325066624941e-02  7.783003765678e-05 
-7.278971817546e-04 -1.897486851468e-02 -4.627576860687e-02 
 5.909790535602e-03  9.587761311609e-03  3.036325277482e-03 
 1.669938014104e-03 -2.096879884867e-03 -3.508402624242e-04 
-7.341619231995e-01 -3.393796327276e+00  5.462632896528e+00 
 1.786022386719e-01 -1.840660441897e-01 -2.004273119177e-02 
-7.266156769977e-01  5.431551653573e-01  7.313169033048e-02 
-8.521653016210e-02  4.900996459422e-02 -8.564375448050e-02 
-1.546900888470e-02 -8.585801505651e-02  4.398368319406e-03 
 1.419731486533e-02 -3.610409934479e-02  1.032901838443e-01 
-6.792376654699e-02  7.136888658473e-02 -1.816403551235e-01 
 1.079505710005e-01 -7.998706199255e-02  2.165776259178e-03 
 1.780343707460e-03  2.321400067856e-03 -3.434650787925e-03 
-2.721821934757e-03 -2.513170282872e-02 -8.244609033271e-01 
-1.143965644428e-01 -1.000302159217e-01 -2.498184862389e-02 
 3.621818817574e-02 -1.133716341931e-01 -2.397763627181e-02 
 9.736741084557e-03  1.428926926256e-02 -2.328066789688e-02 
 1.332335487455e-01 -3.342516254605e-02  1.394091048654e-02 
 3.187022331619e-03  1.585021854649e-01 -1.780960429012e+00 
-1.590865318048e-01  2.240453016640e-01  4.233511627699e-02 
-7.299061112702e-02 -3.373095579203e-01  5.367083570854e-01 
 3.129800719987e-03 -1.974365988796e-02 -2.545098067025e-02 
-5.009286178054e-02  6.430992210936e-02  3.778582124074e-02 
-8.755120132908e-03  3.130376042917e-03 -8.950754084034e-03 
-3.533028017608e-03 -6.402206233951e-03 -5.864970051322e-02 
-2.160967116797e-01  2.861093191140e-01 -9.560563210421e-01 
 4.246129906974e-01  2.237858653159e-01  1.753914277603e+00 
-7.780276357796e-01 -3.924186677847e-01  3.686473809448e-03 
-2.260762521806e-02 -1.251750869109e-02  4.791326871846e-02 
 4.974988880821e-03 -7.210905653307e-03 -6.100846992240e-02 
-1.062973196767e-02 -8.283254079764e-03  2.217716497298e-04 
-4.069364544059e-01  1.357266833717e+00  2.872410070463e-01 
-1.326258562013e-01 -1.004328766187e-01  2.291286764534e-01 
-1.299742241697e+00  3.096520416709e-01 -1.308924779389e-01 
-1.386985744593e-02  1.459368429896e-02 -1.819210944984e-01 
-1.544572031887e-02  2.159898852346e-02  4.645418941073e-03 
 9.577021936549e-04  4.526639578585e-03 -7.620723189728e-03 
 1.871682568268e-03  1.646093615678e-02 -6.228836113937e-02 
-2.054402891586e-03 -2.015109354813e-02  6.009870492342e-02 
-4.021002740286e-02  5.775381851242e-01  2.214377915341e-01 
 1.054004704806e-01  1.198352748551e-01  4.041871370011e-03 
 1.916109379411e-02 -3.270323671557e-02 -3.088008741563e-03 
 1.197676953390e-03 -2.692214931422e-03  6.490734232579e-03 
-2.752950225408e-03  2.042758840962e-03  8.711324588916e-04 
-2.610925168341e-04  5.839616918722e-04  5.726791668180e-04 
-7.639372883378e-04  1.178148561356e-03 -2.830120531937e-03 
 1.158244150815e-02  7.551709607043e-02 -3.726162178602e-01 
 5.305244222331e-03  6.521201664585e-03  3.190712169513e-03 
-1.508183742458e-03 -1.417632591956e-03  6.092752661130e-03 
-3.412684523575e-03 -1.843826035705e-03  7.675732398297e-04 
 1.285229631749e-04 -1.964912730347e-03  6.696059237656e-03 
-8.633274007139e-03 -6.507362628176e-02  3.113301413178e-01 
-1.347682312328e-03 -5.921072727848e-03  1.099880584041e-02 
 1.329276760234e-04 -4.754488848700e-04  3.313738999508e-03 
-1.280357546273e-03  1.705400586622e-03 -3.800177045243e-03 
-4.925891072440e-04 -1.660298905743e-04 -8.290232553720e-04 
-6.924285275798e-04 -5.972879440885e-04  7.868675362092e-02 
 3.423881260381e-01 -7.055965832928e-01 -2.219988695102e-01 
 8.624155499615e-02 -5.010343669488e-02  1.501294034011e+00 
-6.557766060860e-01 -2.360296516169e-01  2.464996292412e-02 
 7.871765566073e-02  7.281798925101e-02 -1.672530711371e-01 
-5.431616104069e-02  3.441790222188e-04 -2.067135061915e-03 
 8.537659821000e-05 -3.638411333854e-04 -9.913538804397e-05 
 1.422781832232e+00 -1.396567362566e-01  1.170091717605e-01 
-3.738024482761e-04  3.881834279662e-01 -1.189051500548e+00 
 2.920612285341e-01 -1.258447558489e-01 -3.142475601929e-03 
-4.457608271866e-01  3.931321102337e-04 -5.160914707181e-03 
-3.542242905509e-04  3.278002355415e-04 -4.422529857940e-04 
 7.343997384911e-02  2.993644897812e-01 -5.212326227531e-01 
 8.419249726404e-02 -8.061842601928e-03 -2.335749706219e-02 
 1.271898060217e-01 -4.624764026383e-02  1.913627670660e-02 
-7.591955400391e-02  4.521007178748e-02 -3.114990090990e-01 
-4.993786828025e-03  3.511010217386e-01 -4.860714070588e-01 
-2.258721480033e+00  3.981918780313e+00 -6.343268637127e-03 
 5.107361590690e-03  1.320469005130e-02 -7.245703099918e-03 
 9.733238264917e-03  6.184157865738e-02 -1.145324619964e-01 
 3.554074592352e-02 -7.204617740815e-02 -7.721323312935e-02 
 9.940496464982e-02  1.437444346599e-01 -1.047190815559e-02 
-1.633338050908e-01  9.105805907887e-02  1.941959561990e-02 
-5.137620623752e-01 -5.275868625476e-01 -2.834967681754e-01 
 1.425084101678e-01  1.919588427584e-01 -5.422629389781e-01 
-3.541377147938e-01  2.935478863334e-01 -1.292902690059e-01 
-5.186721324573e-02  1.619491944728e-01  4.066104488279e-02 
-1.589241847886e-01 -4.723830758093e-02 -3.908567194096e-03 
-9.366895907715e-02 -3.835557664127e-01  6.454567408234e-01 
-1.174746361473e-01  2.304342872279e-02 -1.411892532480e-02 
-1.437921397878e-01  3.614510272803e-02  1.779840990000e-02 
 1.074008511302e-01 -4.845230351218e-02  4.026808254960e-01 
-2.554950854588e-02 -4.364836180009e-01 -3.831002095707e-01 
-1.779767355919e+00  3.138086432499e+00 -7.259457592468e-03 
 3.819244467972e-03  1.005959551841e-02 -2.770183728748e-03 
 7.790800507562e-03  4.882219824443e-02 -9.010004784428e-02 
 2.801879355812e-02 -5.677277483674e-02 -6.080727335759e-02 
 7.827578025934e-02 -1.889083684027e-01  2.052961356100e-02 
 2.057877741388e-01 -1.163826078555e-01 -1.279649799382e-02 
-4.059056256934e-01 -4.135358304185e-01 -2.224706465820e-01 
 1.118931877148e-01  1.514446480149e-01 -4.239622697269e-01 
-2.844860097767e-01  2.317453751826e-01 -1.018227073156e-01 
-4.101428451827e-02 -2.169382971108e-01 -1.085275285723e-02 
 2.035553654932e-01  5.535096671496e-02  2.463484855029e-02 
-1.650387397802e-04 -7.312328898941e-04  1.315898668942e-03 
 3.310806653051e-05 -1.847074852530e-04  4.720939533548e-06 
-1.951721049297e-04  4.938372171081e-04  7.952447584447e-05 
-6.869523774223e-05 -2.804753621925e-05  7.887361858836e-05 
 9.711634312534e-05 -1.345308344274e-04  2.263083465100e-04 
 1.051794940521e-03 -1.878001910860e-03 -3.540035309012e-02 
-8.459127186930e-02  1.059986093809e-02  3.700684245020e-02 
 8.736839466152e-02 -1.107218631787e-02 -1.683778933505e-01 
 2.970849984194e-02 -8.880697133471e-03  4.302236181023e-02 
-1.775606494527e-01 -7.761937826185e-05  1.037360746255e-04 
 2.418266707013e-05 -2.371384716125e-05 -3.909817004984e-05 
 5.146313460470e-04  2.783859524836e-04  2.132581692163e-01 
 5.105888382189e-01 -6.394728843859e-02 -3.507605197982e-05 
 1.459033077286e-04 -2.326895165250e-01 -5.573698871151e-01 
 6.969100849927e-02  1.289666565795e-04 -8.801804589908e-04 
 1.916886871077e-06  6.638938451547e-05 -3.178964016311e-05 
 2.466738309548e-04  1.689230499711e-03 -2.653145246385e-03 
 5.301439664153e-03  3.656436650565e-02 -1.772148644753e-01 
 3.203298203771e-03  3.496377989195e-03 -1.880409240023e-02 
 1.604101670136e-01  1.212199736203e-01  2.400086592349e-03 
-8.005576118289e-01  4.947440519463e-02  1.885027910084e-02 
 8.698454832178e-02 -1.551727872535e-01  4.862568507042e-03 
-1.773983013376e-03  3.547247046141e-03 -6.936663403570e-03 
 2.275008699909e-03 -6.721675913569e-03  4.632388612351e-03 
-1.383002471380e-03  2.869056679268e-03  2.985413447537e-03 
-4.095247210651e-03  4.968656163036e-04  5.491348930155e-04 
-7.004424378815e-03 -5.139733981686e-02  2.509600241263e-01 
 2.168906479457e-02  1.533752065660e-02  9.547543479584e-03 
-4.876989976961e-03 -7.932782750634e-03  1.523037728249e-02 
 2.560064009037e-02 -1.239607785685e-02  5.344227897813e-03 
 1.924996456314e-03 -2.571048376222e-04  1.041648933512e-03 
-7.642152863230e-03 -5.549475423762e-02  2.681457930817e-01 
 2.081878191057e-03  8.960909418707e-03 -1.525326881477e-02 
 1.266284563065e-03  4.261631437566e-04 -7.955596906362e-04 
 1.130707001962e-04 -3.067647962564e-03 -1.765210751926e-04 
 9.049428465840e-04 -3.401809099434e-04  8.760338699951e-04 
-4.993587621309e-04  8.315517257455e-04  2.421635708418e-02 
 1.552394931034e-01 -7.129748169644e-02  3.245567133223e-01 
-1.484938657326e-01 -1.049479619263e-01 -2.157920617396e+00 
 9.636482373649e-01  5.060613995050e-01  1.930003852967e-02 
 4.031620732957e-02  4.084280364698e-02 -8.670262217023e-02 
-3.464788662083e-02  7.889743573584e-04  1.983673475597e-04 
-8.227858595950e-04  5.698218737179e-04  8.670441615375e-04 
-1.935951547355e+00  3.571036806093e-01  2.853919661507e-01 
-7.959797671159e-02  3.153824994933e-01  1.854526266469e+00 
-3.345302803495e-01  5.679581958428e-02 -7.795589684463e-02 
-4.332133568639e-01  1.750849516300e-03  5.249097527455e-03 
-2.290079279959e-05 -9.281094280099e-05  4.086709548174e-04 
-6.237967237543e-02 -2.860162243480e-01  3.063796170332e-01 
-3.748292961775e-02  4.252246694358e-02  7.635239038926e-03 
-1.477028988249e-01 -8.153335358830e-01 -1.718005138732e-01 
 2.857131852926e-01  7.115859384195e-02 -1.709937686093e-01 
 6.811511990241e-02  9.405079768532e-03  1.506260265104e-03 
 6.681881641924e-03 -1.254855150502e-02  1.105864976910e-03 
-1.379013644413e-03  2.280937477602e-03 -7.723337336878e-04 
 9.806555666835e-04 -1.870051229647e-03  5.528666237578e-04 
-2.010841070530e-05  1.490760002353e-04  1.440765208396e-04 
-4.926352081551e-04 -9.178760708097e-01  2.678498427484e-01 
-3.537166674850e-01  4.975409008987e-01  9.106457469374e-02 
 2.894135623476e-03 -7.455929526122e-05  1.799320583221e-04 
 4.011324192206e-04 -1.979372811033e-03 -2.188645465170e-03 
 6.526284113143e-03 -9.719043592327e-04  9.404360057653e-04 
-1.236620124778e-03  5.318618798523e-01 -4.015141398568e-02 
 5.584673600977e-01  3.446337507887e-01  8.793853195672e-02 
-2.816122856113e-01 -1.089168966638e+00  1.885823028347e+00 
-9.173435265893e-03  1.140372259457e-01  2.465375081010e-02 
-5.335721417029e-01  2.401958567348e-01  3.270788900417e-02 
 9.334040336331e-02  3.348504796218e-01 -7.853426607623e-01 
 5.455476843410e-02 -1.873836352568e-01 -1.057212479548e-03 
-4.689945731518e-03  1.034901250132e-02 -4.123474294633e-04 
-1.627714378160e-03 -4.069158193125e-03 -4.135345931208e-03 
 2.410618243169e-03  1.954156929138e-03 -6.012551829403e-04 
 6.209806679280e-04  2.287108927166e-04  7.987189027919e-05 
 6.850960788865e-04 -9.300185806066e-01  4.213846310218e-01 
 4.981086921900e-01 -1.354419121555e-01 -1.477618252656e-02 
-3.468470060325e-03 -2.981948735511e-03  1.435659736037e-03 
 1.396848929104e-03  5.084172085490e-03  3.406221845133e-03 
-3.387649936586e-03  2.247982557380e-03  8.003173299394e-04 
 3.699618528087e-03 -1.185250196212e+00  2.470802577496e-01 
 1.117481231747e-01 -1.537077481370e-01 -2.979073490976e-02 
 1.488039957098e-03  6.518309389087e-03 -1.473609879926e-02 
-1.934972390765e-03  7.583996734999e-03 -1.262050542360e-02 
 1.966631895821e-03 -9.276150815828e-03  4.873700914375e-03 
 2.655268390398e-03  1.163110997857e-03 -1.789901470581e-03 
 1.673641732039e-02  2.384196171554e-03 -1.130998996409e-01 
-4.752739980638e-01  5.996765098542e-01  6.253835397552e-02 
 1.417637515791e-02  3.514258984482e-01  7.608769830011e-02 
 3.625912025802e-03  3.056181205830e-01  8.611142715522e-02 
-3.473437345817e-02 -2.308160939218e-01 -7.038904556508e-02 
-9.301267149354e-02 -7.839470417216e-03  5.462126639510e-03 
 6.384456253440e-03 -6.525458894983e-03  1.727177334938e-02 
-1.331138132131e-01  6.723799697862e-03 -1.963706410221e-01 
-7.968105291452e-03 -7.818374241082e-01 -1.257511542180e-01 
 1.945812843072e-02 -1.686799646658e-01 -1.609918095555e-02 
-7.516841149892e-01 -7.550972992637e-03  1.955441307107e-02 
-2.433078074658e-03 -3.213340178114e-03  1.415818572906e-02 
 1.647510588811e-03  6.794664683777e-03 -1.161431949112e-02 
-6.577903890376e-04  1.365455785937e-03 -9.303525629809e-05 
 2.552047852410e-03 -3.442960943664e-03 -4.459700553520e-04 
 9.997448085651e-04 -7.851569034733e-04  1.589481411780e-03 
 5.354929545171e-04  1.140546868216e-03  9.913760887762e-04 
 4.165659175509e-03 -5.172460027279e-03 -1.446257805220e-01 
-3.453902347064e-01  4.005609800559e-02 -1.125172822518e-01 
-2.679984236063e-01  3.078689091401e-02  5.466381950115e-02 
 2.477086839723e-01 -5.180638700754e-02  9.792013302657e-02 
 1.264378031748e-02  2.112038064951e-03 -1.463636542374e-03 
 1.111449476868e-04 -5.543947082232e-04  3.121753222001e-04 
 1.106363259821e-03 -6.470819977948e-05  3.121115138966e-01 
 7.438407176672e-01 -8.605552508033e-02  1.132330053168e-03 
-2.172461144117e-04  2.976020809841e-01  7.097572693061e-01 
-8.205665089363e-02  1.468022258234e-03  5.090930925217e-03 
-1.238375398097e-03  3.073837431782e-04  3.941316378491e-04 
 1.119891871005e-03  4.157468528580e-03 -7.958226941848e-03 
-8.594186387338e-03 -5.898583028057e-02  2.859168432409e-01 
-3.316907979108e-03 -3.766060548406e-02  1.801795689822e-01 
 1.364854193811e-01 -1.034638679143e-01 -7.154227798793e-02 
-6.467532155422e-01 -1.994598307774e-03 -8.246276207741e-03 
-3.535667764322e-02  5.288708407765e-02 -3.962849080461e-03 
 1.761049056681e-03  1.561795453061e-03  7.542070426421e-03 
-1.770000074677e-03  1.524921766221e-02  1.464398424463e-03 
-8.647813341557e-04 -9.686946207292e-03 -3.057262307895e-03 
-1.798769576142e-03  3.989376062678e-03 -1.376145942889e-03 
 2.603772589891e-02  1.811066718578e-01 -8.833951293654e-01 
-7.152896137805e-03 -3.134433033133e-03 -3.793467725343e-03 
 2.306528795254e-04 -1.595874583256e-02  2.952436217334e-03 
-1.863893594519e-02 -3.864272579912e-03  2.230218243704e-04 
-1.603219076975e-02  5.297784363080e-03 -1.289355787416e-03 
 1.754898157971e-02  1.217313239157e-01 -5.892717253553e-01 
 7.115362010293e-02  2.076061028377e-01 -4.972548013477e-01 
 1.414702338825e-01  3.271817579116e-01  6.952691503210e-02 
 2.789298036648e-02 -5.528299846265e-01 -1.123622385468e-01 
 8.983940346267e-01 -1.098662791838e-01  1.742995472970e-01 
 1.851131944107e-01  3.121005199499e-01  3.103125791061e-03 
 1.326194980521e-02 -2.023654205869e-02  8.295664377648e-04 
-5.253337026907e-04  2.685201254327e-03  7.220235452634e-04 
 4.573749112371e-04 -6.152569374151e-03 -3.921742831203e-03 
-7.688094066309e-04  1.172963582573e-02  2.880948161252e-03 
 3.677139430559e-03 -5.585518678077e-01  4.623127195781e-01 
 4.840853143869e-01  4.351465605586e-03  1.175575429920e-02 
 2.362363377857e-03  4.075527916393e-03 -3.105105833933e-04 
-4.492529012421e-04  1.501723951406e-03 -2.554975768739e-03 
 6.422785895568e-03  5.949391355484e-04 -7.738027582084e-04 
 1.768341596394e-03  1.191599648562e+00 -6.322730730991e-01 
-5.466668208972e-01  1.451744755130e-01  2.113411264703e-02 
-8.352411428697e-04 -2.364507227400e-03  5.161679665808e-03 
-2.277273922902e-03 -3.593024117820e-03 -1.597635723326e-03 
-2.759976015576e-04  5.562819939688e-03  4.234854967038e-03 
-9.826895920360e-03 -1.041138837790e-03 -3.544415232862e-03 
-4.270323023782e-03 -3.496398706224e-03 -5.400351389941e-02 
-2.257340000805e-01  2.376578086665e-01  1.453823416095e-02 
 6.910455597856e-03  1.081120012312e-01  2.304868697986e-02 
 5.946448365329e-03  1.290941330629e-01 -3.406892516764e-01 
 1.230758267614e-01  7.739906819738e-01  2.536080249671e-01 
 3.663178894813e-01  5.649078524471e-03 -4.948229391027e-03 
-4.685461294722e-03  1.022563521931e-04 -4.997622932764e-03 
-5.482560879131e-02  9.831945082244e-03 -4.993353718930e-02 
-1.339878330978e-02 -2.849886314392e-01 -3.386037469358e-02 
 1.432302869144e-02 -8.833233841242e-02  3.601871791117e-03 
-2.769622660160e-01 -1.594057468323e-02  1.054715783802e-02 
 6.909453193916e-03 -1.641176385607e-03 -5.599957755195e-04 
-1.086397433143e-04 -2.349424928973e-04  8.140875125009e-04 
-4.430449073705e-04 -8.682918800953e-04 -2.054147562311e-04 
 7.593022536427e-05  1.396035053814e-03  3.324046872334e-04 
-1.935008666590e-03  1.869824282848e-04 -3.932977612749e-04 
-4.195497955920e-04 -6.068332195442e-04  2.752860984786e-04 
 1.140313368925e-03 -1.285706904301e-03 -4.722365223953e-02 
-1.130673788682e-01  1.369448979859e-02 -4.696575458123e-02 
-1.124214507704e-01  1.348643541938e-02 -2.121170903968e-01 
-8.571601737190e-01  1.829495322373e-01 -3.340935438466e-01 
-6.458124940282e-02  1.329495181587e-03 -1.104224088234e-03 
-1.024423269760e-03 -2.086223655518e-04 -1.272986496343e-04 
 3.566655718522e-04 -6.826967181676e-05  1.135793424425e-01 
 2.717200445238e-01 -3.271386380526e-02  2.338064340049e-04 
-1.083572451377e-04  1.125240357236e-01  2.687259541197e-01 
-3.239561829884e-02 -2.738135336810e-03  1.625588499365e-03 
 1.180456016936e-03 -3.635296714926e-04 -4.740719373999e-05 
-5.668614839946e-04 -1.520853509331e-03  4.753194031942e-03 
 4.938385052838e-03  3.958222744476e-02 -2.017426978340e-01 
-6.025926089575e-04  2.729334494575e-03  1.063347444614e-02 
 6.394512379016e-03 -9.439125017334e-01 -3.475988813243e-01 
 8.620670565839e-02 -2.073703824083e-01  2.564238217020e-03 
 1.097828439708e-02 -1.370819675966e-02  2.101692072493e-03 
-8.230795062884e-04  5.834327514279e-04 -2.606920928649e-03 
 8.234205826747e-04 -2.996016877464e-03  1.200979551074e-03 
-2.468206882916e-04 -6.140024122030e-04 -1.836970612962e-04 
-1.188811607191e-03  4.098193413116e-03 -2.775011115512e-03 
 1.236663868242e-02  1.080839460842e-01 -5.268227477298e-01 
 1.262575700701e-03  3.067611512005e-04 -3.141866617036e-04 
 3.168705090774e-04  2.135758688378e-03 -1.948291141935e-03 
 5.584831912807e-03  1.997260266069e-03 -6.729287871259e-04 
 1.925006741841e-03 -1.090080371988e-02  4.620158787618e-03 
-2.597292560979e-02 -2.036226795630e-01  9.869725185236e-01 
-9.186927723448e-02 -4.509612577044e-01 -1.178846219159e-01 
 5.485486145192e-01  1.569276722678e-01  4.882768474098e-02 
 1.206130107627e-01  4.810151307391e-02  1.342940062807e-02 
 1.253512101791e-01  1.501246368469e-01  9.621046298238e-02 
-4.346110768756e-03 -8.485929097224e-01 -1.140301760940e-02 
-4.857871857018e-02  3.975230563785e-02 -7.095739650657e-03 
 2.782668151177e-03 -3.769022614449e-03  1.517369019524e-03 
-9.061741775060e-04  5.329237097162e-03 -3.568348398469e-03 
 5.597766307143e-04 -3.214736585028e-03 -1.515721226872e-03 
 3.213189634024e-03  1.783317155988e-01  2.616831985396e-01 
-3.105004765319e-01  7.543415124903e-01  1.451314512996e-01 
-2.113001863568e-03 -3.819484698157e-04  9.992814984160e-03 
-3.985664457557e-03 -2.340123010159e-03  1.135902654493e-02 
-9.244544518462e-03 -1.476957490090e-02  6.793388872175e-03 
 1.024542101935e-03 -1.504647390418e-01  2.429636487192e-01 
-7.154723191381e-01 -5.500534739437e-01 -1.347650677154e-01 
-8.245108933736e-04 -4.297435832190e-03 -9.698739214420e-03 
 6.651187760572e-03  4.216690306513e-03 -2.312937622857e-03 
 6.006560789055e-03 -2.347436532200e-03  9.096305217365e-03 
 3.726956980138e-04  5.318539958920e-03  1.378225289410e-03 
-3.270297562635e-03 -1.602881284263e-02  5.602936950125e-01 
 2.378775324106e+00 -1.411047759324e+00  2.294571349527e-01 
-7.462213285819e-02  1.683986953451e-01  1.782660042683e-01 
-8.457782348963e-02 -8.126640323405e-02  1.863960815882e-01 
-3.531960766470e-02  1.778422912532e-01  1.024764683332e-01 
-1.668609847850e-01  3.315923453881e-03  5.245019594731e-03 
-6.880408514298e-03  1.347168109924e-02 -9.535352128136e-04 
 2.546955395740e-02 -3.644882144193e-02 -6.849236390925e-01 
 2.918263080922e-01  4.821205021151e-02 -5.276046096731e-01 
-3.463666987541e-02  8.645280810204e-01 -3.851501075744e-01 
-1.952956032819e-01 -1.322808035454e-02  1.962007349055e-02 
-1.167365518093e-02 -8.909270141549e-03 -8.229205846695e-03 
 1.048699586517e-01  7.574637131632e-01  5.335317862237e-01 
-6.701681389667e-01 -1.198752082407e+00 -2.657376788528e-01 
 2.503326812649e-02 -1.777088527123e-01 -3.601428667086e-02 
 1.095704569406e+00  2.953264511856e-01 -4.301242311679e-01 
 2.348757845403e-01 -4.667932354215e-01 -2.651725419430e-04 
-1.102459064174e-03  7.294070787289e-05  6.851772145324e-04 
-3.671973889479e-04 -4.724449973132e-05 -4.092580959713e-04 
 3.140528743112e-04 -3.232444703829e-04 -3.241049407903e-05 
 2.348890326823e-04  6.520169938398e-05 -4.191473796745e-04 
 2.742838258615e-05 -2.403640812631e+00  4.475973802365e-01 
-1.007409975095e+00 -1.108492449333e+00 -2.576206010044e-01 
 9.381364613040e-04 -5.956841037790e-04  6.174759585289e-04 
-3.550992839565e-04 -2.838616413827e-04 -7.654977750005e-04 
 1.408681991546e-03 -2.187039930358e-04  4.547065895271e-05 
 4.538729526435e-04  3.175243449248e-01  1.908438487088e-02 
-3.135512144960e-01 -2.415783585716e-01 -5.895960189404e-02 
-1.556459462070e-03 -7.260078084844e-03  1.670123182907e-03 
 2.063919054962e-03 -3.463682223714e-03 -1.746489591970e-03 
 8.658740288052e-04  1.368695077005e-03  2.802229645781e-03 
 7.956281135463e-04 -5.602017440002e-04  1.681325712318e-03 
-2.655874409027e-04  1.352001102615e-03 -8.169452885210e-02 
-2.864670970419e-01  2.912030048437e-01  8.298580239105e-01 
-3.603644898239e-01 -1.122314951946e-01 -1.668848757617e-01 
 7.504751971514e-02  4.332312651005e-02 -9.911824734018e-03 
 4.491018047419e-01  3.142623442071e-01 -9.431544278561e-01 
-1.584337854524e-01  1.863893357923e-03  5.502701108603e-04 
 7.882211661976e-04  1.321248756128e-03 -3.932772314740e-04 
 4.119570129667e-01 -1.823551635233e-02  2.350249067019e-01 
-1.983322661243e-01 -8.061458657834e-01 -5.510575308958e-01 
 8.064961385107e-02  4.914469996829e-01 -1.370548301774e-01 
 5.474015041013e-01  6.984321121418e-03 -2.402244257918e-03 
 1.266379004897e-03 -3.690592419793e-03 -1.721671656250e-03 
 2.434288812266e-04  1.084551207252e-03 -4.487388214306e-04 
-3.666670228130e-04  8.602663795902e-04  1.546847272452e-04 
 1.813842075557e-04 -1.869870879643e-04 -9.546621473434e-06 
-3.380760078675e-04  1.451666645681e-04 -2.017775770983e-04 
-7.333524995085e-05 -3.650417560929e-04  8.080362853025e-05 
 2.777193228231e-04 -2.890812915538e-04 -3.501842992667e-02 
-8.115356346932e-02  1.038450998275e-02  1.178556494669e-03 
 2.522035180527e-03 -3.534155468186e-04  8.625896055045e-01 
-1.841779297299e-01  5.253498782644e-02 -2.334724145616e-01 
 9.147914939895e-01  1.358594486309e-04 -5.369891453814e-05 
-9.771733932761e-05  7.074082426562e-05  5.139145299813e-06 
-6.360569672819e-04  7.511938999637e-05  3.051873993286e-01 
 7.325017699409e-01 -9.108816013396e-02  7.906948151002e-04 
-1.496210986413e-04 -2.559583433199e-01 -6.119958038597e-01 
 7.630377063366e-02 -1.632489250681e-03  8.079316441361e-04 
-3.395330478603e-04  6.272738174230e-04  1.098325432075e-04 
 4.733466090100e-01  2.162040013067e+00 -4.551152858129e-02 
-8.763257726781e-01  1.836011817654e+00  3.511709438162e-01 
 1.898021194008e-01 -1.685947413893e-01 -2.934071315418e-02 
-6.475462600368e-01  3.511277272925e-01 -5.351787757266e-01 
-1.275970921931e-01 -8.084421241258e-01  7.611162992714e-05 
-4.940672077594e-04 -4.841296969225e-03 -1.074759918024e-02 
 4.464095263969e-03  3.917107780838e-03  1.620574557226e-04 
 8.558961677283e-04 -3.554382602899e-03  1.425947192988e-03 
 2.670556881799e-03  3.728701211344e-03 -5.454390636108e-03 
-3.249275367132e-03 -1.195052379432e-01  1.193664157254e-01 
-2.200928138307e-01  1.316508208184e-02 -3.786987231631e-03 
-1.070883749288e-02  7.414499435852e-03 -4.584827957926e-03 
 8.317298268485e-04 -1.653284791503e-03  1.510757582486e-02 
-4.862155195230e-03 -6.564483991135e-03  3.236116732031e-03 
 5.030543176671e-03 -3.502028766981e+00  9.617161878383e-01 
-7.838968786766e-01  1.537818092102e+00  2.920411340307e-01 
 2.401889859794e-03  1.106040858235e-02  6.381582224230e-03 
-7.054850438524e-03  1.357900613818e-02  1.317742072199e-03 
 3.253176296655e-03  1.195885003881e-03  3.273211665429e-03 
-4.998922224339e-03  2.928055869976e-03 -3.402890368073e-03 
-1.273852110606e-03 -6.632455546721e-03 -1.285378332184e-01 
-4.274694594910e-01  4.626299202216e-01  1.712955904913e+00 
-7.676588193921e-01 -4.228146216803e-01  2.835894997089e-01 
-1.242423073856e-01 -4.736706076198e-02 -2.088506961397e-01 
-2.486888200480e-01 -3.603139530226e-01  5.153962153923e-01 
 2.999957805996e-01 -2.270900204128e-04  2.440005410394e-03 
-1.641326373764e-03  1.105878984235e-03 -5.012481042891e-04 
 1.893079759580e+00 -4.290707317657e-01  9.829362344674e-01 
-4.041982798909e-01  4.607310965435e-02 -2.172976333186e+00 
 5.550154715888e-01  9.118435681855e-01 -4.250378827847e-01 
-3.552439784910e-01 -2.571188773647e-02  3.073902910867e-03 
-6.728446202690e-03  1.124611539898e-02  1.042531831835e-03 
-4.472987019378e-04 -1.841792026084e-03  4.215747035235e-03 
-8.112020526259e-04  8.963333146141e-04 -9.082853769603e-04 
 5.518514658456e-04  1.017884302105e-03  2.518281412646e-03 
-4.595692928749e-04  4.477532456755e-04 -2.263844829913e-04 
-3.047022712073e-04 -8.250275046395e-04  5.692070700995e-01 
 2.578248692230e+00  1.290335742736e+00 -4.155832457098e-01 
 2.180394044776e-01  3.560004235795e-01 -3.251271563291e-02 
 1.616875464616e-02  2.097611038042e-02 -1.285091898108e+00 
 2.866770827291e-01 -9.085164844551e-01 -6.401980319078e-01 
 1.157922567436e+00 -4.740627539647e-04  1.014842021182e-03 
-1.381086682384e-04  2.278299609041e-04 -4.201577741242e-04 
-4.519438593647e+00  1.844685873805e+00 -1.338765448816e+00 
 6.267921223485e-01  5.443647830050e-01 -3.143094497767e+00 
 1.357776720541e+00  1.168894620700e+00 -4.940292562745e-01 
-5.095864601950e-02 -3.052817838398e-03 -5.505139140782e-05 
-6.458050090136e-04  7.363256840506e-04 -3.816734613521e-04 
orbocc
(*)
 0.000000000000e+00  0.000000000000e+00  0.000000000000e+00 
 0.000000000000e+00  0.000000000000e+00  0.000000000000e+00 
 0.000000000000e+00  0.000000000000e+00  0.000000000000e+00 
 0.000000000000e+00  0.000000000000e+00  0.000000000000e+00 
 0.000000000000e+00  0.000000000000e+00  0.000000000000e+00 
 0.000000000000e+00  0.000000000000e+00  0.000000000000e+00 
 0.000000000000e+00  0.000000000000e+00  0.000000000000e+00 
 0.000000000000e+00  0.000000000000e+00  0.000000000000e+00 
 0.000000000000e+00  0.000000000000e+00  0.000000000000e+00 
 0.000000000000e+00  0.000000000000e+00  0.000000000000e+00 
 0.000000000000e+00  0.000000000000e+00  0.000000000000e+00 
 0.000000000000e+00  0.000000000000e+00  0.000000000000e+00 
 0.000000000000e+00  0.000000000000e+00  0.000000000000e+00 
 0.000000000000e+00  0.000000000000e+00  0.000000000000e+00 
 0.000000000000e+00  0.000000000000e+00  0.000000000000e+00 
 0.000000000000e+00  0.000000000000e+00  0.000000000000e+00 