2mocoef
header
1
MO-coefficients from MOLCAS
1
48   48
a
mocoef
(*)
-1.717040614737e-05  5.606104621274e-04 -1.419986413178e-04 
-4.844300617572e-05  7.558760680770e-04  1.413455288376e-04 
 1.989559265402e-05 -1.702302614324e-04 -4.413796146446e-05 
-3.430018744853e-05  4.009386264181e-06 -6.924385481741e-06 
-5.409503126944e-06 -1.105025042203e-05  1.001166886199e+00 
-9.634809509083e-03 -5.059605748957e-04 -9.044506471134e-04 
 3.803244552876e-04  1.486470032674e-04  2.306317437183e-04 
-1.180420644432e-04 -1.098685090174e-04 -9.391675679802e-04 
 2.351013419459e-04 -6.662942266553e-04 -5.417285889894e-04 
 8.821996022915e-04 -2.971533905247e-04  8.616486157797e-05 
-7.339109082332e-06  1.486735084783e-06  1.705184029877e-06 
-8.574247602345e-03  4.971647779689e-03 -1.689581757475e-03 
 7.805302517669e-04  6.881933116503e-04 -1.030924088672e-02 
 5.648884692493e-03  1.934521505248e-03 -7.814264159902e-04 
-1.821133674231e-04  8.733810489539e-04 -3.857285366419e-04 
 2.144050688565e-05 -3.949831602698e-05 -4.659803550223e-06 
 1.000769308893e+00  3.960674767946e-03 -4.593652897300e-03 
-2.085721700053e-03  7.447405936759e-04  5.617425467647e-05 
 1.671475732028e-03 -6.059407516282e-04 -5.610539251445e-05 
 2.694977693870e-07  3.966720166365e-04 -9.357438157146e-04 
 1.444142526481e-05 -5.493470621115e-04  1.343436629300e-05 
-1.697598763423e-04  1.419798993600e-05 -1.249436712080e-05 
 4.342052290102e-06 -6.637456201647e-06 -6.795977932173e-06 
 2.054693249219e-06  7.533891746321e-06  3.112710845041e-06 
-5.425166077968e-07  2.179862209138e-06  1.315634906274e-06 
-3.042960085693e-06 -5.457086127797e-04  1.410840985402e-03 
-4.605177134345e-04 -3.428484618690e-04 -5.672656045016e-05 
-6.412452346691e-05  2.383149049054e-05 -6.342237258780e-06 
 3.071541740868e-06  1.273815373754e-06 -7.592982040190e-05 
 4.886359283084e-05  3.731476500766e-06 -1.367680870047e-06 
-1.546925567132e-06 -1.124891646930e-03  2.168735285300e-03 
-3.552539646335e-04  4.577227024450e-04  8.918702334478e-05 
 3.885804013877e-03 -8.491350677418e-01  1.717054394951e-01 
 1.773339579935e-01 -8.887725373292e-02 -1.651817048956e-02 
-4.387932965594e-02  3.488456978358e-02  5.031883470215e-03 
 2.771526894347e-03 -3.881206176830e-03  9.656459635777e-03 
 4.741128560339e-04  4.044608135424e-03  7.392179453774e-04 
-3.645748975763e-02  5.328793843359e-03  1.040657740517e-03 
-7.741530233714e-04 -1.840065938979e-03 -3.794549189385e-04 
 2.644699051829e-04  7.919303912684e-04  3.759143487719e-04 
-9.807142276847e-05  2.440264611112e-04  2.166271772770e-04 
-3.519017546245e-04 -3.370787993731e-01  1.589000707310e-01 
-1.434820039026e-02 -2.520996842631e-02 -4.502143217587e-03 
-1.700935101085e-02  8.032217314725e-03 -1.472145332339e-03 
 6.528739700065e-04  4.497053611319e-04 -1.413318562912e-02 
 7.041088349183e-03  1.346918476428e-03 -5.702747041932e-04 
-2.701153476872e-04 -4.767863555365e-01  2.252241943582e-01 
-1.136258492077e-02  3.271612234352e-02  5.712430917835e-03 
-2.476367049453e-06  6.528072141274e-03 -4.398496262032e-04 
-2.657420227734e-03 -1.374277733891e-02 -2.445260694924e-03 
 4.660578943367e-04  2.911735609706e-03  6.437900825935e-04 
 6.440805572858e-04 -5.350169688184e-06 -6.461408591122e-05 
 1.152684640057e-04  1.421200108770e-04  1.394095324405e-03 
-7.219712587514e-02  9.834203853538e-03  6.292536499964e-01 
-2.726148386417e-01 -1.588487717578e-01 -1.845176325094e-01 
 7.986732922135e-02  4.630661541445e-02  5.091786013114e-04 
-2.339463498516e-03 -1.581232596220e-03  4.824550468049e-03 
 9.169928666481e-04  1.329519390013e-02 -5.171404832668e-03 
 4.603105657824e-04  4.901150450479e-04  8.596547467778e-05 
-6.314039764301e-01  2.518372502056e-01 -3.228756580714e-02 
 1.520308810796e-02  1.515998354136e-02  5.719714682469e-01 
-2.211450379504e-01 -3.031809917732e-02  1.187357487864e-02 
 3.947144102075e-04 -7.813026999550e-03  2.756897670217e-03 
-2.080561185651e-04  1.525502342694e-04  1.172998297381e-05 
 1.825318597923e-03  8.170853043724e-02  2.158464712514e-02 
-8.621524119171e-02 -7.013515074575e-01 -1.250044083228e-01 
 8.009118079739e-03  1.516210604996e-01  2.712946361303e-02 
 3.272124562262e-02 -1.452190517376e-03 -9.343573462554e-04 
 5.793027187042e-03  8.416118562416e-03  9.277993009600e-04 
-4.655285374142e-02  6.739903889644e-03 -1.624375013493e-02 
 6.594793285274e-03  2.075171570745e-03  4.688780258173e-03 
-1.968261753211e-03 -3.719226669557e-04  4.855143473355e-04 
-6.183107907350e-05  3.688612693336e-04  1.557763680863e-04 
-4.923491518482e-04  5.616844883987e-01 -2.132162933866e-01 
 1.853656549070e-02  1.682047960656e-02  3.288645520974e-03 
-4.948787339921e-03  3.754050395174e-03 -1.034740883050e-03 
 4.431652494583e-04  1.899951365991e-04 -3.495095692819e-02 
 1.568448314830e-02  2.643011813239e-03 -1.085407879497e-03 
-3.513202974022e-04 -5.166765498973e-01  2.001205956111e-01 
-1.327013629498e-02  1.651765657421e-02  2.583445236717e-03 
 7.673703233907e-03  3.019049573705e-01  5.007273550537e-02 
 6.022041193024e-01 -7.563778814102e-02 -2.411526170621e-03 
-1.606012106216e-02  7.313886214349e-03  2.937309585295e-03 
 1.537098745463e-03 -2.390733574126e-03  8.226660877040e-03 
 1.168509927955e-03 -1.241061094317e-03 -3.111107605238e-06 
-7.056601403605e-03 -4.283173998959e-03  2.481711372964e-01 
 5.989281607689e-01 -4.182489936582e-02  1.885905335228e-02 
 4.762847674017e-02 -3.513243426606e-03  3.218770392091e-04 
 7.226132982335e-04 -2.776619619736e-04  1.929781264852e-04 
 1.472619144228e-04 -1.652400655857e-01  4.523264379674e-02 
 6.243960618831e-03 -9.603990150868e-03 -1.746176001210e-03 
 5.845634628219e-03 -2.533658096205e-03  8.074739569601e-03 
 1.843937184439e-02 -1.443137125084e-03  5.644791822351e-03 
 5.668102854215e-06  7.307080033277e-03  1.916122714525e-02 
-1.290950548360e-03 -1.538349384394e-01  4.923187936020e-02 
 1.000435915028e-02  6.841243889059e-03  1.186135489658e-03 
 7.537121063137e-03  3.015517718064e-01  5.197369636976e-02 
 6.023772997363e-01 -7.523076995227e-02 -2.335878995924e-03 
-1.655839974484e-02  8.124998170436e-03  3.186718791592e-03 
 1.477207874252e-03 -2.362829145875e-03  8.167240501164e-03 
 1.151170432612e-03 -1.301464510264e-03  1.562954323963e-04 
 7.154634867960e-03  1.710639684727e-03 -2.485555505055e-01 
-5.986938625726e-01  4.263355559609e-02 -2.018069834037e-02 
-4.702599341023e-02  3.421824939290e-03 -2.147024557317e-04 
-7.379426561338e-04  3.611690347962e-04 -1.594715134817e-04 
-2.554549081667e-04 -1.658960081761e-01  4.625595993455e-02 
 6.265448210572e-03 -9.619785926460e-03 -1.754821277949e-03 
-5.365728601664e-03  1.416387356738e-03 -7.988761017234e-03 
-1.848025795553e-02  1.496571515576e-03 -5.863804797565e-03 
 4.023109324501e-03 -7.688976055974e-03 -1.900990966569e-02 
 1.370401707767e-03 -1.535476333901e-01  4.651313052527e-02 
 9.954045865043e-03  7.008702136953e-03  1.204199686095e-03 
 5.282727884446e-05 -1.150705690129e-03 -4.613901447236e-03 
 4.398309424052e-04 -1.149157377534e-03  4.362298511032e-05 
 1.337673993156e-03 -2.397540649854e-03  4.188767954132e-03 
 1.368454435092e-04  9.261803013221e-06  1.974915265574e-04 
-1.111786136450e-04  1.006176669905e-04 -8.231730439480e-04 
 7.787308601899e-02  4.646833490330e-02 -2.081925529063e-01 
 2.535977399171e-02 -8.858702637370e-01 -1.545450001223e-02 
 1.803079145146e-03 -7.121829967071e-02  1.793143790030e-03 
-5.702624248867e-04  2.426407530246e-04  2.204156660466e-04 
-1.848621073542e-03 -2.377055517963e-04  1.073841457542e-03 
 4.713586555127e-06  1.375562724336e-04 -2.235091828473e-04 
-7.804085784140e-02  3.326787093938e-02 -1.049515099176e-02 
 2.727653132093e-03 -2.519840891753e-02 -8.043279627672e-02 
 3.451994380379e-02 -1.838604387638e-03 -1.046602815533e-03 
-2.785547380184e-02 -2.473605893575e-03  9.068619687423e-03 
 1.332470624701e-04 -3.682930744916e-04 -3.506223789456e-04 
 4.831595629059e-04 -3.149882226289e-02  8.186386814901e-03 
 2.707257089802e-03 -4.354245833389e-02 -7.905283238231e-03 
-1.300267291260e-03  9.902898005438e-03  2.037660423975e-03 
 1.981326661709e-03 -2.466409477244e-04  3.756595153096e-04 
 3.390785509069e-04  6.557615973005e-04  7.583478953159e-04 
 8.485626522923e-01 -1.250265538733e-01  6.250219790083e-02 
-1.927908098488e-02  2.555782952546e-02 -1.794022201764e-02 
 5.621270989562e-03 -8.329949307280e-03 -8.634046772008e-03 
 1.980481151259e-03 -5.973982945274e-03 -4.440397377919e-03 
 8.256851331962e-03  1.745006909305e-02 -5.246970019009e-03 
 4.398462117609e-04 -1.036169288460e-04 -3.134196596636e-05 
 3.145411376351e-01 -1.581737162221e-01  2.993997765887e-02 
-1.317940906599e-02 -8.739535479387e-03  4.136619219337e-01 
-1.968563947244e-01 -3.606752573942e-02  1.511664824098e-02 
 6.210489250752e-03 -4.972945364458e-02  2.150940334390e-02 
-1.222095960945e-03  2.290575708551e-03  3.503277654417e-04 
-1.199290144559e-03 -1.669229524037e-02 -1.792829135995e-03 
-1.001016756592e-02 -1.304042061850e-01  7.383857099729e-01 
-1.144189087523e-03 -4.776147706731e-02  2.690122606832e-01 
 3.143168776956e-03  4.300845088793e-03  1.722613467512e-03 
-1.779856076555e-02  8.722281959833e-04  8.975711791226e-04 
-2.826602040826e-03 -2.167911374903e-02 -5.470804948996e-05 
 6.797218787844e-04  8.568470039264e-03 -5.920915195278e-03 
 1.978396830788e-03 -3.920691540994e-03  5.963455646764e-04 
-1.100980500606e-04  5.557363565607e-04  2.876308813352e-04 
-5.815596166408e-04  2.328657898942e-03  5.891010129755e-03 
-2.132821267696e-04 -3.256911887837e-03  1.936523272422e-02 
 1.315139408000e-03  5.447587553181e-03  1.143164484537e-03 
-4.268949387471e-04  6.036375462626e-04 -1.062699723348e-03 
 2.747467507950e-02 -1.747491242270e-03  7.811719313068e-04 
 9.985395597198e-04  7.145026704805e-04  8.185429525486e-03 
-1.966642722589e-04 -3.887391685890e-03  2.029235813128e-02 
-3.276166514438e-02  3.288211451565e-01  1.450156307961e+00 
-2.825779433845e-01 -8.067537962454e-02 -9.732659276276e-04 
-4.504416876564e-01 -4.408999653655e-02 -1.032816541164e-02 
-4.072694001539e-03  1.031018337101e-03 -6.012121207431e-03 
-1.089381900803e-03  4.654413970197e-03 -4.415118119978e-03 
 2.211316348657e-02  1.175790594003e-01  2.904903352758e-03 
-3.805100498786e-05 -7.069110913809e-03  1.101273584709e-02 
-3.859609107752e-03  1.101053672149e-02 -1.947954187703e-03 
 4.864433602476e-04 -1.576598245231e-03 -1.043601398346e-03 
 1.872530558219e-03 -1.892946637812e-01 -1.292590992170e+00 
-3.463517199222e-03 -2.590468922872e-03 -1.532409261264e-04 
-1.438984927658e-02 -6.762223791177e-02 -3.332296803823e-03 
 1.581837620889e-03  8.938781828324e-05 -1.300638102038e-02 
-1.043941093416e-01  4.095272317346e-03 -1.596507673392e-03 
-1.413567507142e-03 -9.557493863919e-02 -1.057178046609e+00 
-9.642640281660e-03  3.551953239730e-03  1.073551818316e-03 
 3.251520613392e-03 -1.335860428834e-02 -3.727179304088e-02 
 4.507687253054e-02  1.177057787977e-01  6.193529555215e-02 
 4.198237274420e-02  2.264165615753e-01  1.694581354600e-02 
-2.804165460016e-03  1.258446017667e-03 -2.853856799532e-03 
-7.636166413505e-04 -3.883417328924e-03 -4.861904365213e-02 
 2.598181816940e-01  1.284639399661e+00  2.584572037091e-02 
-4.798865411904e-04  3.934915075048e-02  4.362342638711e-02 
-6.264276875600e-03  6.453907830306e-02 -1.466154117413e-02 
 3.617590158689e-03 -1.009713428113e-02 -7.959309723591e-03 
 1.391199494660e-02  5.295443327267e-02  4.118636833580e-01 
-4.668753058671e-04 -3.219554782943e-05  2.441885644304e-03 
-2.293075946246e-01 -8.329395678167e-01 -2.158094384814e-02 
 1.039593163534e-02  1.023292255119e-02 -2.279159049859e-01 
-9.466409941406e-01  2.573326155890e-02 -9.953567859109e-03 
-7.770455108811e-04  1.322270525394e-02 -3.711215743679e-01 
 1.778562933207e-03  5.230866979600e-03  3.457933563417e-03 
 7.084548895205e-03 -4.674778624486e-02 -4.761856810815e-01 
-3.881089482966e-02 -5.042168448356e-01 -8.297516607387e-02 
-1.815529477373e-02 -9.495861903462e-01 -1.736952325466e-01 
 1.203144066298e-02 -4.303299623959e-03  6.873429816689e-03 
 2.091780627652e-03  1.001110354592e-02 -1.191727170355e-02 
 6.211107860297e-02  3.082155186839e-01  1.103090939679e-02 
-4.627690602063e-03  1.940382561069e-02  1.801148515467e-02 
-2.743162253355e-03  5.784779121365e-03 -2.984690314826e-03 
 5.747749314957e-04 -1.824882340559e-03 -1.461427562842e-03 
 2.841203047574e-03 -1.228296707635e-01 -1.252832210356e+00 
 4.387520906527e-03 -5.799554095707e-03 -9.088930047773e-04 
-6.269973252509e-02 -1.753177448162e-01 -3.317045280682e-03 
 1.351078535556e-03  3.151039587746e-03 -6.298513146047e-02 
-2.379878238417e-01  5.287490868577e-03 -2.299943538733e-03 
 1.226116717725e-03  5.897986581115e-02  1.970844795890e+00 
-4.876685960980e-03 -1.563058769318e-02 -1.913455078376e-03 
 3.263610676543e-03  1.254594706913e-02 -2.746336832138e-02 
 1.634239887458e-02  3.362549305335e-03  2.738096382698e-02 
-7.270360269301e-03  7.135546479215e-03 -1.702472018591e-02 
 4.933879994996e-04  2.071281772994e-05 -8.789635481023e-04 
-3.478665758135e-04 -8.168414806862e-05  1.486060051301e-03 
-1.429818924282e-02 -5.095926909520e-02  3.385284741718e-01 
-1.468424127554e-01 -8.672875497919e-02  6.667162441314e-01 
-2.885155353376e-01 -1.666201953317e-01 -8.293231953761e-05 
-2.999734990450e-03 -2.690885947749e-03  6.155864717148e-03 
 1.948655234427e-03  4.601112529965e-03  2.350238845690e-02 
 7.954099353148e-05 -1.169187159791e-03  1.338828157205e-03 
 2.156176852392e-02  1.574052386222e+00  1.889800394253e-02 
-8.543857804917e-03 -7.185097006516e-03  1.298991002667e-03 
-1.501535890327e+00  1.945064379186e-02 -8.097350579817e-03 
-2.705813785464e-03  5.642184332128e-03 -9.610243953379e-03 
 1.157128388790e-03 -7.660834560114e-05  1.846653098679e-03 
-3.076127710132e-02 -1.697189386458e-02  4.761742331607e-01 
 3.054863239586e-01 -4.225741449917e-01 -8.796751869354e-02 
-4.873676790662e-01  1.664304565833e+00  3.100336566920e-01 
 1.152470548975e-01 -2.227999579719e-02  3.016700997658e-02 
 2.040730883783e-02  7.052979190469e-02 -1.539667430467e-03 
 5.270104805648e-03  9.298967532038e-03  2.508328193956e-03 
-1.773409804468e-03  9.591760527317e-03  7.523135469263e-04 
 1.204880926830e-03 -7.707566472863e-03  3.750375764685e-03 
-9.294857416307e-04  2.663514839620e-03  2.105045496480e-03 
-3.533375077717e-03  6.337192254071e-01 -1.539310199402e-01 
-4.221371005323e-02  4.842290584310e-02  8.234134003906e-03 
-4.309074278594e-02  3.405029266522e-02  5.332166629003e-03 
-2.440510847944e-03 -1.837114262047e-04 -4.587257616348e-02 
 3.066661733487e-02 -5.238986101987e-03  2.141242121261e-03 
 2.312679725507e-03 -1.400426113296e+00  3.024503153835e-01 
 4.144186321413e-02 -3.941433803412e-03 -1.376324612623e-03 
-6.137086200586e-02 -3.850707258504e-02  3.952502115782e-01 
 4.485620285153e-01  4.167689875802e-02 -2.041199423659e-02 
-9.796768254738e-01 -2.618238445044e-01 -1.669613296273e-02 
-1.052200279009e-01 -6.051739526912e-02  1.235086754440e-01 
-1.892612871947e-02  1.156742302098e-01 -1.559341637156e-03 
 4.466328845684e-03  8.732225399748e-03  1.599827606401e-03 
 2.029182373853e-03  8.314078588943e-03 -1.655686977885e-03 
-1.616072348145e-03 -5.489017768827e-03  3.684005462201e-03 
-9.083363269022e-04  2.612464350811e-03  2.124561533433e-03 
-3.464028190633e-03 -1.658225631477e+00  1.250507886570e+00 
 1.028005639269e-02  5.165130998101e-02  8.160459104686e-03 
-4.341885531826e-02  3.070157497328e-02  5.549157122572e-03 
-2.099235408243e-03 -5.220447988273e-04 -4.388738989465e-02 
 3.452836538524e-02 -4.612398692104e-03  2.282176561372e-03 
 2.100587120027e-03 -6.058043113360e-01  3.643990086416e-01 
-2.702427526094e-02 -6.271410328654e-02 -1.269043610440e-02 
 8.461510172304e-03  4.312832599661e-02 -1.795002698579e-02 
 1.444510356413e-01 -7.555172721894e-02  2.773729649620e-01 
-1.834635977284e-01  8.303368498780e-02 -3.032508415846e-01 
-4.773922568465e-04  2.082049918590e-03 -6.005034221200e-03 
-2.804849840730e-04 -4.546908370545e-03  5.831941870998e-02 
-2.219573894981e-02 -2.342015643038e-01 -1.892023111772e-02 
 1.402501135863e-03 -4.565095602130e-02 -1.256664351252e-02 
-6.369528703747e-03 -4.522715316423e-02 -1.134447151727e-01 
 2.811366821120e-02 -7.957990148251e-02 -6.388720561018e-02 
 1.069707806461e-01  7.262229745977e-03 -3.090295034532e-02 
-1.731787327784e-03 -8.737848351337e-03  6.441975585417e-03 
 1.359276561758e+00 -1.154818769853e+00 -1.384403250325e-01 
 5.936343448853e-02  2.950120664815e-02  1.369090505767e+00 
-1.149988539844e+00  1.395988096481e-01 -6.073595753951e-02 
-3.884561357182e-02  6.033858681255e-04 -1.152214440465e-02 
 5.691730808869e-04  8.858226087978e-03  1.490354304144e-02 
 1.328403572172e-01  5.814345718121e-01 -4.446984526177e-01 
 1.220398577382e+00 -4.133448080897e-02  4.505396692160e-01 
-1.444905569084e+00 -2.492705585724e-01 -5.568216963261e-01 
 1.654647328482e-02  5.533541919565e-02 -1.101528737863e-01 
 2.198088366354e-03 -1.113525032819e-01 -1.137352324553e-02 
-1.881821268771e-02  4.360309619532e-02 -1.795111943314e-02 
 7.663780600795e-03 -1.528079830696e-02  1.257705513331e-02 
-2.702509889900e-03  3.352923570443e-02  1.583399323567e-02 
-4.105088116355e-03  1.075953778342e-02  9.286132611255e-03 
-1.482228959998e-02  4.949213666235e-01 -8.672309863615e-01 
-1.737358362509e-02 -1.231627662867e-01 -1.183854903064e-02 
-2.062984107263e-01  1.695506618347e-01  1.915459855526e-02 
-8.300122049042e-03 -7.107462947052e-03 -2.013422023422e-01 
 2.017222612199e-01 -1.351697267089e-02  6.059968672695e-03 
 2.594232054936e-03  6.085077362229e-01 -4.210458085776e-01 
 1.846076058307e-02  1.019989944772e-01  3.743270353252e-02 
-4.069827128118e-02 -1.761004543789e-01  1.236394583095e-01 
-3.918493063937e-01 -2.725979166405e-01  1.454055559998e+00 
 4.613235911159e-01  3.997327825285e-01 -1.604825359272e+00 
-6.565322969942e-03 -1.952854862862e-02  3.719833708628e-02 
-7.778163940490e-04  3.865932849315e-02 -1.127135569086e-02 
-1.762312633470e-02  4.057221360689e-02 -1.749379320049e-02 
 4.578932451797e-03 -2.514653268041e-02  1.133895591031e-02 
 1.192645794028e-03  4.534396816207e-02  1.660125493454e-02 
-4.279943038334e-03  1.125626387648e-02  9.614902688885e-03 
-1.557236853609e-02 -1.767004758858e-01  3.026587112751e-01 
 6.297402021136e-03  3.585136249742e-02  3.763668976598e-02 
-2.145554895849e-01  1.796215860776e-01  1.868398833453e-02 
-8.420400396583e-03 -8.040099359999e-03 -2.055489294697e-01 
 2.067615520150e-01 -1.521982567962e-02  6.469493650512e-03 
 1.871399283178e-03 -2.045347593752e-01  1.467409933506e-01 
-5.777193594795e-03 -4.686375386151e-02  5.287362578926e-02 
 1.520001289562e-01  6.539068591776e-01 -8.266161961719e-01 
-1.190575742639e-01 -1.215998269108e+00 -2.216686914883e-01 
 3.362803528750e-01  2.207212303121e+00  3.987262242597e-01 
-2.681369122292e-01  3.502298088956e-02 -3.737566110082e-02 
-4.758714889639e-02 -1.137116722487e-01 -1.067558237208e-03 
-3.720709711015e-03  4.524196676174e-03 -1.242374118461e-03 
 6.832361273586e-03 -2.557175038616e-02  2.520029301370e-03 
-8.395914800944e-03  3.078299099166e-02  1.120151875205e-03 
-1.066509149692e-04  5.504001049123e-04  5.009037245595e-04 
-1.050502835589e-03 -5.153981708586e-01  1.842934902120e+00 
 1.668870967209e-01  1.346808136607e-01  2.283327015691e-02 
-1.525276755242e-02  1.660758285950e-02 -6.209229482265e-04 
 9.345121191213e-04 -1.771048809298e-03 -1.719138026360e-02 
 1.674693494620e-02 -7.057541241817e-04  8.975759955663e-04 
-1.932251132833e-03  6.902177250943e-01 -1.737579139961e+00 
-9.576369095547e-02  2.008895594024e-01  3.696787884945e-02 
-7.460428760606e-01 -3.428138842803e+00  5.436430868491e+00 
 2.002110185311e-01 -1.534332327281e-01 -3.010972612746e-02 
-7.453419277123e-01  4.713604471110e-01  8.846482491218e-02 
-7.131754232691e-02  3.644957201331e-02 -7.401734969718e-02 
-1.342045539596e-02 -6.480300859790e-02  2.611437791913e-03 
 1.467894005026e-02 -3.521148761361e-03 -5.787565883265e-03 
 4.036934751659e-02 -1.898959278464e-01 -1.228091199981e-03 
-4.558469419884e-02  2.348678002168e-01 -2.111155963531e-04 
 6.134718694991e-04 -4.065594672039e-04 -1.034205363431e-03 
-2.031107804147e-06 -6.117367838668e-04 -8.853183062745e-01 
-1.217545630486e-01 -9.455334116181e-02 -1.628341797618e-02 
-1.323073607313e-02 -6.490334025995e-03 -1.088143341543e-02 
 7.395761114910e-03 -7.364574059762e-03 -2.000231532232e-02 
 2.751539243055e-02 -3.003560090127e-03  3.594131839905e-03 
-1.039744158197e-02  1.518706400715e-01 -1.684751918715e+00 
-1.477674607817e-01  2.031466782156e-01  3.761941105461e-02 
-9.219242153820e-02 -4.217745031147e-01  6.941387776805e-01 
 3.144470062678e-02 -4.555645014713e-02  4.036178138797e-02 
-1.024677706625e-01  1.108318544232e-01 -3.846565106340e-02 
-1.565568581296e-02  8.886623736245e-03 -1.243811001199e-02 
-1.445050981595e-03 -1.456112272629e-02 -1.352204703028e-02 
-7.825752148756e-02 -7.522565171023e-02  4.039731834652e-01 
 1.631795425434e-01  1.352218527066e+00 -4.947088025446e-01 
-2.027817372576e-01 -1.670261990099e+00  1.586860677365e-02 
-3.825834011172e-03  1.160113856868e-02  9.090334107180e-03 
-1.493865855196e-02  2.570569594518e-04 -9.367460933964e-02 
-1.202841248593e-02 -1.076808719566e-02 -6.256048726973e-03 
 7.913885558924e-02  1.918846508253e-02  6.483509672555e-02 
-1.161105895192e-02  5.309891358592e-02  7.077419451208e-02 
 2.050757406742e-02 -2.691428810470e-02  2.755882699161e-02 
 7.368421388286e-02  4.587931679229e-02 -2.845794905216e-01 
-2.009136785911e-02  2.962865367430e-02  4.172731986831e-03 
 3.841572297313e-02  1.758316612173e-01 -2.864825357027e-01 
-1.255268765639e-02  1.786332553768e-02 -2.956190029257e-03 
 4.112139463956e-02 -4.603512872395e-02 -8.683568691606e-04 
 7.185621524263e-03 -2.724329351274e-03  4.457375228530e-03 
 1.109623993691e-03  4.641671670526e-03  1.278617205110e-03 
 6.607922815097e-03 -3.889194224492e-03  4.939874144800e-01 
 1.314881674084e+00 -2.959292824239e-01 -6.062678880315e-01 
-1.614570442340e+00  3.634092183721e-01 -1.362806494831e-04 
 5.127572809946e-04 -3.070418424939e-04  6.594142172107e-05 
 3.105374102362e-04  3.851908212940e-03  3.083213277360e-02 
 5.360105641951e-03  4.088383580539e-03  1.323535083878e-03 
-2.720292632736e-03  1.558580867193e-03  2.502329390367e-02 
 6.876643427605e-02 -1.509006644561e-02 -1.775553162034e-03 
-5.384512645866e-04  2.664956108485e-02  6.638624678332e-02 
-1.520287259146e-02 -1.779027810525e-02  1.170005148367e-01 
 8.936473241150e-03 -1.192391558000e-02 -2.092119913978e-03 
 1.530285014742e-02  7.045232754266e-02 -1.041661590125e-01 
 8.105988327913e-03  2.319411902237e-03  2.329299211035e-02 
-4.032405236036e-03 -1.293892417750e-02 -3.020424530351e-02 
 8.903749059274e-04  3.180516643408e-03  2.976559320970e-03 
 3.917717316822e-03 -1.691296524407e-03  2.659610370202e-03 
 1.138128348274e-02 -2.066950214102e-02  9.541050944340e-01 
-4.117713837749e-01 -2.337286743839e-01 -1.594175024192e+00 
 6.880730841386e-01  3.902942122000e-01  2.439756107578e-03 
 2.449515971401e-02  2.331413223632e-02 -5.047769468213e-02 
-1.726036772769e-02  4.036786662319e-03  2.724619993339e-03 
 2.586658020279e-03  9.763672848836e-04 -4.777156291057e-03 
 4.793192790802e-01 -1.337367494516e+00 -2.843325616187e-01 
 1.340780265321e-01  1.281356186315e-01 -4.661678859126e-01 
 1.335455573674e+00 -3.181632630933e-01  1.261905474460e-01 
 2.015618996891e-02 -8.059615500999e-04  3.161714583542e-02 
 2.694222891918e-03 -3.217439048651e-03 -1.092027276229e-03 
-5.125363384485e-04 -2.387002542847e-03  4.082647222775e-03 
 2.646489305814e-04 -1.268782277846e-02  5.812358359802e-02 
-1.293205242830e-04  1.465987651403e-02 -5.558322365988e-02 
 1.738660402430e-02 -5.975308227379e-01 -1.908314779058e-01 
-1.123139152819e-01 -1.103491100102e-01 -2.054876304151e-03 
-9.753318630005e-03  1.486022764522e-02  6.952380665134e-03 
-2.728965009199e-03  3.525998778518e-03 -1.078474726373e-02 
 4.383820074807e-03 -3.438864012999e-03 -2.643591320786e-04 
 2.536965801432e-04 -3.693647428316e-05 -5.342911087681e-04 
 1.375638025352e-04 -7.764441595943e-04  1.758756028911e-03 
 1.285686069213e-03 -6.535774794250e-02  3.690099287598e-01 
 9.180974942687e-04 -9.233733150770e-03 -2.733002099086e-03 
 1.330873929711e-03  1.469903556501e-03 -7.389759932355e-03 
 1.050223149470e-02 -8.381636381072e-04  3.285217312924e-04 
 8.155587318985e-05  1.312316558019e-03 -4.046869728947e-03 
-1.600933771410e-03  5.729946507785e-02 -3.168259788353e-01 
 1.230552705447e-01  5.035468572277e-01 -8.602191887949e-01 
 1.141536113353e-01 -2.007945168992e-02 -6.152848138252e-03 
 2.191774589720e-01 -5.775456686180e-02 -8.709960856707e-03 
-1.371203712685e-01  5.744106569401e-02 -5.030919480819e-01 
-3.032164742070e-02  5.667044575967e-01 -5.809155610902e-03 
-2.708366048523e-02  4.519778831694e-02  2.584983876096e-03 
 4.358337323731e-04  1.348599847412e-03  1.807979458148e-03 
-2.477883228618e-03 -1.734866039325e-03 -1.191244556864e-03 
 6.520030119196e-04 -4.354709697383e-04 -1.453820124520e-03 
 9.030318256931e-04  2.498171940978e-01 -2.032832847123e-02 
-2.555644430845e-01  1.522716516835e-01  2.816028877015e-02 
 1.706274654709e-03 -9.728139398336e-03 -3.667023950364e-03 
 1.988038642504e-03  3.417697620504e-03 -1.553956195066e-02 
 3.455528666012e-03  2.432162090492e-03 -1.245233326427e-03 
-1.594540377689e-03  2.759375739830e-01  3.533100592340e-02 
-2.589940114438e-01 -7.956755641738e-02 -1.260439939499e-02 
 4.780539790715e-05  7.885124027839e-04 -9.877268806371e-04 
-3.176914703159e-04  2.800906997006e-02 -1.564391149130e-01 
 1.517611277145e-03  5.985847175162e-03 -3.503197651030e-02 
 1.444490163165e-01  1.168012403584e-01  4.391633895146e-02 
-8.056817114457e-01  1.857638983914e-02 -1.104829855364e-02 
-5.139193568977e-02  8.475805186758e-02  2.047737370527e-03 
-7.905785631890e-05  7.201920789037e-03  2.016260904342e-02 
-9.353464155486e-03 -1.248392601066e-02 -1.854259322457e-03 
 2.103104084812e-03  7.418092557874e-05 -4.437986254525e-03 
 7.685138531405e-04 -1.861229398924e-04  5.852632747985e-04 
 1.480304541861e-03 -4.573611320951e-02  2.559150167685e-01 
 1.773171202679e-02 -2.086443016948e-02 -5.010500614561e-03 
 3.973598521928e-03  1.060311378851e-02 -4.380005458052e-02 
 1.025087294447e-02  3.435758850721e-03 -2.736855519662e-03 
-7.650737948184e-03 -5.706319492519e-04  1.030510645307e-03 
 1.501711081760e-03 -4.833347389147e-02  2.693265130341e-01 
-2.604546641530e-03 -1.138528491928e-02  1.828114502219e-02 
-1.390509564197e-03 -5.216592428266e-04  3.228588846847e-03 
-1.046320877323e-03  1.506742790712e-03  1.066540207463e-03 
-2.609283076304e-03 -2.095671833897e-03  1.033592196033e-03 
 1.558423334913e-02 -2.944842929862e-03 -4.379623272541e-03 
-2.044194477944e-02  3.355181666904e-02 -2.709152970458e-01 
 1.165930088610e-01  6.402678214699e-02  1.633440096784e+00 
-7.047841372848e-01 -3.969254159503e-01  6.593515550102e-03 
 7.823586973277e-02  7.318297708202e-02 -1.615229232347e-01 
-5.304914414941e-02 -1.583388307950e-03 -1.089120568304e-03 
 1.129860971423e-03 -6.769232777873e-06 -5.460082556357e-03 
 1.354199681935e+00 -2.092516897316e-01  1.392054480621e-01 
 1.837664446257e-02  3.909487999338e-01 -1.361287978006e+00 
 2.005857908594e-01 -7.850987769054e-02 -4.496890038993e-02 
-4.079942075296e-01 -1.719829927741e-03 -4.328355700023e-03 
 9.067992209633e-04  1.530956947870e-03 -4.975019347949e-03 
 2.619491028196e-03  1.237757993416e-02 -8.528510519310e-03 
 7.696084673291e-03 -4.372948222680e-03  1.771516399878e-02 
-7.957031527926e-03  9.707175890634e-03 -2.577523724033e-02 
-5.465541809826e-04  2.646715946106e-03 -7.469424253216e-03 
-1.873921387608e-02  1.555944336350e-03  6.471958287596e-01 
 2.981663950577e+00 -5.088358790129e+00 -1.253241709463e-02 
-1.562275092640e-03 -2.477485663066e-02 -2.419661446068e-03 
-9.454906569181e-03 -6.829691908805e-02  1.360940714264e-01 
-3.366784671649e-02  9.270324476578e-02  7.447152629681e-02 
-1.288740216246e-01  6.981041441717e-03 -5.201057985036e-03 
-1.129970590940e-03 -1.212464952074e-04  2.462128418498e-03 
 6.405168016191e-01  5.632816317417e-01  3.536121869087e-01 
-1.711356449925e-01 -1.859674045867e-01  6.307056761081e-01 
 5.515260450681e-01 -4.042760585338e-01  1.548849614260e-01 
-5.578775485922e-03  6.223952300093e-03 -1.602886512939e-02 
-3.735246960418e-03 -1.632302249706e-03  1.975098627693e-04 
-5.445521145428e-05 -2.358919392715e-04  4.584694211364e-04 
 7.844170516086e-05 -4.236155740434e-05  8.919530423574e-05 
-1.406092801431e-04  1.681810173083e-04 -1.008289013682e-04 
-5.140704362847e-05  8.924471044881e-07  4.405890697814e-05 
-8.014771211767e-05 -4.719213236664e-05  1.278760703263e-04 
 5.897744549966e-04 -1.009330329721e-03  8.380657413396e-04 
 3.694817332071e-04 -2.563529084363e-04 -3.360670451674e-03 
-1.699932538484e-03  1.055165495039e-03  1.743911729096e-01 
-3.485938262073e-02  1.660748695332e-02 -5.876492483426e-02 
 1.712703205627e-01  6.004275326502e-05 -5.429525860259e-05 
 1.298070332766e-05 -3.062714151232e-05 -8.131106787794e-06 
-9.631974917649e-04 -2.255087429591e-04 -2.066441405200e-01 
-5.342010115882e-01  9.915824981182e-02  1.192335617598e-03 
 4.611021714261e-04  2.075061812443e-01  5.382716284451e-01 
-9.977555300919e-02  3.396043082179e-05 -3.200352322159e-04 
-4.110215232560e-05 -7.898747585539e-06 -6.525414705298e-06 
 1.867465428853e-03  7.916591802960e-03 -1.270758675769e-02 
 1.450141212825e-03 -1.791576065969e-04  3.834127742326e-04 
-1.157583918279e-04 -1.807121380687e-03 -1.411707710762e-03 
 5.806395238691e-04 -4.601073084875e-04  1.385206519559e-03 
-7.679542614461e-04  6.889538264030e-04 -9.318132999621e-04 
-3.628460525236e-03  9.535082920770e-03  3.640964376747e-01 
-1.570907277110e-01 -8.839560966991e-02 -2.133609816494e+00 
 9.220490185626e-01  5.266974623068e-01  4.749395614694e-03 
 4.833468988494e-02  4.574851144845e-02 -9.978806572177e-02 
-3.384564370154e-02  1.720866477964e-03 -4.680010974515e-04 
-1.236466610184e-03  7.945791105054e-04  5.284348830837e-04 
-1.819527408020e+00  3.252028150514e-01  2.548519830831e-01 
-3.062577009380e-02  3.636559311481e-01  1.813036026589e+00 
-3.251185856211e-01  3.178722703230e-02 -9.389202491193e-02 
-4.380028265233e-01  3.274972780604e-03  1.831071088279e-03 
-2.642212406349e-04  1.603436657300e-04  2.499184383108e-05 
 6.449769501333e-02  2.914522539079e-01 -3.251910659229e-01 
 2.091667182291e-02 -6.375279510386e-02 -1.162063279387e-02 
 1.718255192468e-01  8.221724236326e-01  1.463604576757e-01 
-3.020422826328e-01 -5.561793133361e-02  1.860061623864e-01 
-5.239855292009e-02 -1.507166780807e-02 -1.865588668807e-03 
-8.353878923761e-03  1.506319048152e-02 -1.140948822484e-03 
 1.495973588306e-03 -1.756387764213e-03  1.565623392232e-03 
-1.570834952455e-03  1.743433338210e-03 -5.387609074165e-04 
 6.072023824421e-05 -2.703806175379e-04 -1.902878745280e-04 
 4.898758121669e-04  9.274074937681e-01 -2.802743945032e-01 
 3.455029533724e-01 -4.948790518837e-01 -8.944207724004e-02 
-2.794501873160e-03  2.750235204427e-04 -4.309702555988e-04 
-8.310475799153e-05  1.349881933172e-03  1.303542045854e-03 
-6.857204615448e-03  1.296329783607e-03 -9.717905399253e-04 
 6.708043648540e-04 -5.230472052268e-01  5.194041154407e-02 
-5.589862812424e-01 -3.354132172615e-01 -5.792778439697e-02 
 2.793119208973e-01  1.092592701503e+00 -1.852369448346e+00 
-1.350671701946e-02 -1.016758832029e-01 -1.883853862150e-02 
 5.344302834572e-01 -2.540620707138e-01 -4.731796190186e-02 
-9.386843776480e-02 -2.928132192517e-01  8.004495152933e-01 
-1.084261083279e-02  2.021423793919e-01  1.914965652045e-03 
 8.515925955338e-03 -1.623913974057e-02  5.242358009090e-04 
 1.231930200611e-03  4.393827336218e-03  3.960809073030e-03 
-2.776668524837e-03 -4.112321167306e-03  7.011194825504e-04 
-4.536243568695e-04  1.473852878930e-04  2.733560398273e-04 
-7.372774451167e-04  9.068953048906e-01 -4.154552157677e-01 
-4.850037808150e-01  1.386590122721e-01  2.774203677498e-02 
 4.975718536914e-03  2.809377717514e-03 -7.666001455960e-04 
-8.444756939034e-04 -4.091299945659e-03 -4.427390456425e-03 
 5.910320619092e-03 -2.205737408298e-03  2.534793205660e-05 
-2.276097133429e-03  1.182993054863e+00 -2.679127413156e-01 
-9.508568938118e-02  1.480006294615e-01  2.768614328748e-02 
-1.649373799590e-03 -6.636867438762e-03  1.458220160042e-02 
 1.593362616337e-03 -1.683537915896e-02  5.666866545775e-02 
-1.548086224727e-03  5.254499717753e-03  3.147642861184e-02 
 1.263603849792e-02 -1.635390488649e-02 -3.319602749774e-03 
-1.313152794622e-01 -8.297468538989e-03  1.157928879032e-01 
 4.917836117489e-01 -6.223119530129e-01 -7.685405565268e-02 
-1.120843945977e-02 -2.912358164008e-01 -8.650122651275e-02 
-1.430422834883e-02 -3.247607360311e-01 -6.517817907553e-02 
 4.480221847769e-02  1.939986522484e-01  7.784190386615e-02 
 8.345984780080e-02  1.104333948887e-02 -8.212823152596e-03 
-9.433899462131e-03  3.331068135133e-02 -1.719435029597e-01 
 1.380130339518e-01 -1.569537789680e-02  2.133311122126e-01 
 2.392041350031e-02  7.427640222544e-01  1.425400862587e-01 
-2.110170099286e-02  1.824076517128e-01  3.693254095999e-02 
 7.480879255733e-01 -4.235908817172e-04 -1.277388694129e-02 
 4.299159533324e-03  1.989579765667e-02 -1.202423052811e-01 
 1.493202677307e-03  6.103886247166e-03 -1.028198804160e-02 
-5.352045954617e-04  3.089044274496e-03 -3.389316649127e-03 
 1.926934438583e-03 -4.235674347816e-03 -2.991240512681e-03 
 1.509301200950e-03  4.957562708663e-04  1.393999006161e-03 
 9.317007325839e-03  1.996130652193e-03  4.907088114346e-03 
 2.087453822817e-02 -2.646626404878e-02 -1.190508375579e-01 
-3.009504351859e-01  4.411024936296e-02 -1.177802032713e-01 
-2.955600282331e-01  4.111618339500e-02  6.379693983116e-02 
 2.159965473069e-01 -6.200847341939e-02  7.612566476269e-02 
 8.971098983862e-03 -2.550022166882e-04 -8.445505295398e-05 
 1.768378515845e-03 -2.698697912357e-03  1.160009480334e-02 
 5.626832263904e-03 -5.276621228428e-04  2.908511870651e-01 
 7.311172235327e-01 -1.052226631104e-01  5.627917727482e-03 
-2.928675032349e-04  2.888065224672e-01  7.300626716540e-01 
-1.046593961850e-01  2.435497482069e-03  4.137219257369e-03 
-2.150316004273e-03 -6.105472096934e-04  8.280630066250e-03 
 1.070050364609e-03  4.105302475837e-03 -8.107276158142e-03 
 7.303293462487e-04 -4.301505100527e-02  2.486003239192e-01 
 2.481428389770e-03 -3.829629792176e-02  1.977855898868e-01 
 1.154980133454e-01 -9.747467663691e-02 -2.554753787821e-02 
-6.327925221465e-01 -1.817820057824e-02 -2.995091523689e-02 
-1.279226127984e-01  1.727873814519e-01  7.526352190337e-03 
 7.705768809379e-05  5.306793680775e-02  2.730005584038e-02 
-4.898929794070e-03  7.540971562837e-02  1.288710626310e-02 
-6.190534494393e-03 -4.319868759160e-02 -1.604662988045e-02 
-1.576190804892e-02 -1.700953563240e-04  1.144161257022e-03 
-1.521696745059e-03  1.532278942013e-01 -8.618880422321e-01 
-3.053273528171e-02  7.088819017333e-04 -3.974913371168e-02 
 5.553897042741e-03 -1.516416469136e-01 -2.536275056080e-02 
-1.916917942595e-02 -3.195776263270e-02  2.221100141496e-03 
-1.529468978281e-01  3.924762331816e-03  1.504294444718e-03 
-3.642297009066e-03  1.045627803050e-01 -5.801555912931e-01 
 6.552207270791e-02  1.962913325234e-01 -4.570999634487e-01 
 1.319280888032e-01  3.355049254996e-01  5.849027799046e-02 
 2.371046345148e-02 -5.237616407375e-01 -9.398601596898e-02 
 8.713623361371e-01 -1.177718776886e-01  1.611940046077e-01 
 1.565563705895e-01  3.173267679399e-01  4.070082822198e-03 
 1.748863447297e-02 -2.574107866922e-02  5.809340977419e-04 
 2.505560220633e-05  1.123652365741e-04 -1.643198713098e-03 
 2.193885841531e-03 -9.710811188392e-03 -7.621774092782e-04 
-4.253793159550e-04  4.728414327007e-03  1.525156618788e-03 
 7.797582992270e-04 -5.553527874527e-01  4.755930497475e-01 
 4.865508332408e-01  4.865112479738e-03 -2.458386557230e-03 
 2.717530236677e-03  3.125056792115e-03  1.187383303120e-03 
-2.507677153246e-03  9.363179626052e-03 -2.138573018753e-04 
 6.958863880990e-03  1.118235849800e-03 -2.401817673571e-03 
 9.553915536900e-03  1.143800531075e+00 -6.405543847982e-01 
-5.360910818487e-01  1.381471661940e-01  3.144934808251e-02 
-3.107456114681e-04 -8.677922568672e-04  2.573933469822e-03 
-1.197572544918e-03  2.952128614299e-02 -1.713140967040e-01 
-1.794729248005e-04  3.115013281926e-03 -2.210619604594e-03 
-1.830011745711e-02 -9.388370535640e-01 -3.014822367822e-01 
 5.986617096190e-02 -1.747329398504e-01  2.182516511220e-03 
 9.433229761786e-03 -1.339350532118e-02  2.007987100079e-03 
-7.096374366597e-04  7.667209325833e-04 -3.904316569604e-03 
 1.341473054218e-03 -2.648096006327e-03 -3.893239428379e-04 
 3.969492639156e-04  2.680339750503e-03  1.058952902700e-03 
 5.851561979739e-04  2.346792580307e-03 -1.592092874860e-03 
-4.123747836564e-03  9.488730544543e-02 -5.307966189670e-01 
 5.642907923578e-04  1.120158308513e-04  1.912604368668e-04 
 3.343754821958e-05  1.789970395642e-03 -9.069848071899e-04 
 6.338237906430e-03  8.996505169828e-04 -2.683586104600e-04 
 1.597620103899e-03 -5.944145163798e-03  2.523724012500e-03 
 5.757682946472e-03 -1.726314635464e-01  9.626445780528e-01 
 1.477058575664e-04  4.057110258143e-04 -8.784560767651e-04 
 9.514626070479e-04  5.390567789233e-04  4.893513845917e-04 
 1.571427457567e-04 -2.709765147972e-04 -2.395475089621e-03 
 1.259407207573e-03 -1.992025263366e-03  1.002767288972e-04 
 1.480148392613e-03 -7.917720261417e-04  5.552432975012e-02 
 2.362830535584e-01 -2.341523977784e-01 -2.060211944174e-02 
-5.344158245511e-03 -7.590412317562e-02 -3.463647790863e-02 
-8.887279546736e-03 -1.252396375015e-01  3.074762089052e-01 
-2.174053603503e-01 -7.478689168322e-01 -3.037350455240e-01 
-3.889734160172e-01 -1.100516732622e-04  5.873994277195e-04 
-4.430877779482e-07  9.491085984546e-04  8.107568654586e-04 
 3.961706901753e-02 -1.321355443117e-02  4.480071002336e-02 
 2.827457157012e-02  2.584923163131e-01  3.908663725874e-02 
-1.326299627228e-02  9.515466001667e-02  6.432828678793e-03 
 2.456464950693e-01  3.402989107084e-03 -3.226895656565e-03 
-1.785666374303e-03 -7.164895916201e-04  3.257657077762e-03 
-4.561587085173e-05 -1.376530668185e-04  3.556173151496e-04 
-1.823982108730e-04 -3.668581457636e-04 -8.545653478830e-05 
 1.403280753546e-05  4.493704569146e-04  1.967104833010e-04 
-2.867430415016e-04  1.333510488728e-04 -6.720029613595e-05 
-1.110125193602e-04  4.000996861367e-05  6.605137011989e-04 
 2.786662572357e-03 -2.978074286339e-03 -3.392356503732e-02 
-8.749285480879e-02  1.571675715355e-02 -4.348940137356e-02 
-1.118942767160e-01  1.974697570113e-02 -2.641074868551e-01 
-8.475017209380e-01  2.706163900806e-01 -2.889753055581e-01 
-2.963889698295e-02  1.978056975188e-04 -2.593440852680e-04 
-1.199241235901e-04 -2.658283597885e-04 -6.838830512192e-05 
 5.064673314092e-04 -1.202913235962e-04  9.559360844662e-02 
 2.468618152861e-01 -4.358726726569e-02  5.154607778327e-04 
-1.265981669380e-04  9.595906587454e-02  2.462242896655e-01 
-4.363087656034e-02 -5.255397785485e-04  3.115956624008e-04 
 2.904999537911e-04 -6.563471645178e-05 -1.875938418340e-04 
-7.466107866346e-02 -3.888517255764e-01 -1.807596058432e-01 
 5.023299734965e-01  1.250354461794e-01  2.039330223075e-02 
 1.536929933912e-01  4.657830330597e-02  7.897280150608e-03 
 1.365942344393e-01  1.216135071760e-01  9.613683920394e-02 
 2.785116718735e-02 -8.276010693302e-01 -5.468969377936e-03 
-2.365372302265e-02  2.527383354136e-02 -3.943578319970e-03 
 1.539313038055e-03 -2.060516848168e-03  5.851302759272e-03 
-2.807336084888e-03  4.120867583885e-03 -1.564967622560e-03 
 3.259584865601e-04 -8.692715999323e-04 -5.420322063750e-04 
 1.538237483878e-03  1.611716679220e-01  2.656562463307e-01 
-3.113423825158e-01  7.438895311567e-01  1.338474362552e-01 
 3.963482442045e-04 -3.943126398182e-04  2.955668178709e-03 
-9.164505849884e-04 -2.837612689194e-03  3.568036518262e-03 
-1.016693228323e-02 -4.806613471940e-03  2.385933830186e-03 
-1.104637154105e-03 -1.300390359915e-01  2.497626896643e-01 
-7.016713312757e-01 -5.427657082988e-01 -9.464901299653e-02 
-4.680200599951e-04 -1.927734000441e-03  8.197181513447e-03 
-4.444637723278e-04 -3.307688805328e-03  2.935804679758e-03 
-4.119631784283e-03  3.194204476195e-03 -8.029626311201e-03 
 6.604857333777e-04 -2.946810030451e-03  2.672512618539e-04 
 2.378192726020e-03  7.187751477842e-03 -5.352587355431e-01 
-2.327490506363e+00  1.305043407490e+00 -6.478718510461e-02 
-1.463975165872e-02 -2.121221333935e-01  7.724557588140e-03 
 4.381822673794e-03  4.016031575421e-02 -1.550631823634e-01 
 3.049382537191e-02 -1.594674673383e-01 -1.133141337435e-01 
 1.406170138269e-01 -1.897371230928e-04 -2.749828830361e-03 
 3.388275751120e-03 -4.967178566402e-03  2.239424822743e-03 
 2.847996284777e-01  3.075624599364e-02  7.810245067209e-01 
-3.277987103886e-01 -1.410587988388e-01  2.994785059539e-01 
 2.841457535772e-02 -7.592348119660e-01  3.373974288479e-01 
 2.370656281757e-01  1.241304393382e-02 -1.669316290660e-02 
 4.521133185710e-03  2.199938161184e-03  4.969108480853e-03 
-8.552610917908e-02 -6.781238934620e-01 -5.842672252633e-01 
 6.701771881639e-01  1.145182560056e+00  2.016931470351e-01 
-7.260097044861e-03  2.060087812889e-01  3.703760888411e-02 
-1.098455194952e+00 -2.170687887924e-01  4.495873486586e-01 
-1.944778078492e-01  4.228979218686e-01  2.071707726975e-04 
 9.241367029569e-04  9.866292798150e-05 -6.007188215034e-04 
 3.061036950443e-04  9.114142027664e-05  2.524144352773e-04 
-1.753925839033e-04  3.020064700343e-04  8.022113401855e-06 
-1.584181331603e-04 -5.713521593502e-05  2.076888236000e-04 
 1.817387052291e-05  2.296119155544e+00 -3.870712740344e-01 
 1.007798899661e+00  1.103222817111e+00  1.930307460200e-01 
-9.827612382944e-04  5.097883603513e-04 -6.276230450134e-04 
 3.455470496425e-04  2.119581063893e-04  6.908372357292e-04 
-1.232862587773e-03  2.179293007795e-04 -8.420617739764e-05 
-3.398924211239e-04 -3.161906397292e-01 -1.084403166455e-02 
 2.907270948653e-01  2.299893648197e-01  3.993312454136e-02 
-3.925070069948e-01 -1.874386303485e+00 -1.226948814183e-01 
 7.986425767810e-01 -1.721237977734e+00 -3.112120335712e-01 
-1.582883846223e-01  1.016483763870e-01  1.922755095326e-02 
 6.383812630636e-01 -3.233714508253e-01  5.338460605147e-01 
 1.149186455855e-01  8.114574006948e-01  8.891448758283e-04 
 4.085121406115e-03  1.033877129569e-03  4.212705795447e-02 
-1.766745913217e-02 -1.144239230238e-02 -6.067801293881e-03 
 1.555298164064e-03  5.127698270330e-03  9.139583489378e-04 
 1.407445915385e-02  1.258132322077e-02 -2.872710731075e-02 
-9.289433568255e-03  8.524103109363e-02 -9.844746219778e-02 
 2.105758579533e-01 -2.288720812703e-02 -5.038952300615e-03 
 2.856530408484e-02 -8.168191918705e-03  1.126557413767e-02 
-9.097463737157e-03 -2.851556292533e-02 -3.141837170013e-02 
 5.104259261117e-03  2.838780791774e-02 -7.225291243451e-03 
 1.658174113442e-02  3.238489113470e+00 -8.199664382967e-01 
 7.520018024445e-01 -1.514967947420e+00 -2.737257755590e-01 
 1.462792484240e-02  6.985870489951e-02  6.799599435044e-03 
-3.113775162225e-02  6.712616452082e-02  1.061815753532e-02 
 7.825154365239e-03 -3.018914649845e-03  2.747084294019e-03 
-2.518277147971e-02  1.286130733123e-02 -2.018615356618e-02 
-4.992776304813e-03 -3.205416215059e-02 -1.346877424492e-03 
-5.038247009109e-03  4.675350487239e-03  9.917967982608e-01 
-4.284336744554e-01 -2.438417018544e-01 -1.173916657886e-01 
 5.081068022613e-02  2.909574531577e-02  3.432049221354e-02 
 3.752711038094e-01  3.540189017425e-01 -7.738193202534e-01 
-2.597130504913e-01 -2.246761033924e-03  4.915589693415e-03 
-8.057266566972e-03  2.134079694595e-03 -4.771719283210e-04 
 6.741431639068e-01 -7.862304579669e-02  3.040590113645e-01 
-2.536791650748e-01 -7.299826502274e-01 -6.771380473403e-01 
 8.062234885654e-02  6.458392800877e-01 -1.571591807251e-01 
 4.938093089961e-01 -1.264440224229e-01  3.182495439773e-02 
-2.974420999827e-02  5.834103666012e-02  9.316589921605e-03 
-1.659177964744e-05 -8.537800685982e-05 -5.997902506347e-05 
 4.583270959349e-05 -8.152893650534e-05 -1.818479727407e-05 
 8.278583352837e-06  8.075910358190e-07  6.853555836867e-06 
 2.317540569046e-05 -1.889750251606e-05  3.511917246357e-05 
 2.809276438846e-06  4.327429884712e-05  6.770885637337e-06 
 2.592417285824e-05 -1.765245186531e-05 -1.867053215436e-03 
-5.536708069414e-04  5.720560692916e-04 -1.172147023314e-04 
 1.954387687321e-05  3.194157005359e-05  8.619368734106e-01 
-1.716657755934e-01  8.279623815982e-02 -2.921887741870e-01 
 8.462483509599e-01  3.761044178769e-05 -1.190595429800e-05 
 1.574556493876e-05  1.263669720063e-05  1.723092177707e-07 
-1.404164042104e-03  2.782663489639e-04  2.482708060229e-01 
 6.452284248584e-01 -1.204190514731e-01  1.403343507493e-03 
-2.790405975739e-04 -2.487382988333e-01 -6.424698459835e-01 
 1.203282892236e-01  1.638288643359e-04 -1.066815983794e-05 
 3.909138434052e-05 -8.483504937549e-05 -1.770029203008e-05 
-1.257229552917e-05 -2.585074517242e-04 -4.499873995493e-03 
 2.514361085247e-03 -4.139184832706e-03  1.171677589312e-03 
-2.627667720976e-03 -9.514589977529e-04 -4.376979112651e-03 
 1.652539605609e-03 -1.159712146574e-03  6.789608258365e-04 
 7.265889231334e-04  2.638780715115e-03  1.618699455003e-03 
 5.720148096641e-03 -5.622561529820e-03 -1.576241734250e+00 
 6.813092767781e-01  3.899668480104e-01 -3.375742948738e-01 
 1.458152048245e-01  8.295192079087e-02  3.211247910908e-02 
 3.247759910539e-01  3.091843182741e-01 -6.688170863285e-01 
-2.291171566532e-01 -2.535947007310e-04 -1.712201064516e-03 
 6.352455252310e-04 -1.133157419728e-03  8.106119328202e-04 
-1.912128757943e+00  4.532731065958e-01 -9.529855113669e-01 
 3.624070127396e-01 -2.668805261294e-02  1.915933891060e+00 
-4.554110920395e-01 -8.144730150844e-01  4.010195925486e-01 
 4.610981789747e-01  8.301670229535e-03 -1.204331402763e-03 
 2.531989038557e-03 -3.090573470900e-03  8.334069130475e-04 
-5.862574848943e-04 -2.416821604254e-03  5.040623254396e-03 
-1.021762821029e-03  9.688304236255e-04 -1.161948700711e-03 
 9.541965640457e-04  1.194809876883e-03  3.059212118854e-03 
-4.789205511152e-04  4.605874474927e-04 -1.898745374330e-04 
-3.170191987877e-04 -9.363945989634e-04  4.280503770269e-01 
 2.072094248650e+00  1.467772640737e+00  6.387284227487e-02 
 2.186866228701e-02  2.474027737417e-01  4.549941001955e-03 
 1.618100360506e-03  1.885674039372e-02 -1.237682566772e+00 
 3.067510901605e-01 -8.721458005609e-01 -7.027221614775e-01 
 1.165542267417e+00 -5.004861391904e-04  1.220769017442e-03 
-1.766778675553e-04  3.052077883863e-04 -5.168368643933e-04 
-3.533701592470e+00  1.462758777457e+00 -1.142649545899e+00 
 5.385309432565e-01  5.204093384977e-01 -3.519143267434e+00 
 1.458222983586e+00  1.264204574282e+00 -5.016550463768e-01 
-7.425003983927e-02 -3.042804428212e-03 -4.532375152388e-04 
-7.983198261035e-04  8.567721504392e-04 -4.917456747133e-04 
orbocc
(*)
 0.000000000000e+00  0.000000000000e+00  0.000000000000e+00 
 0.000000000000e+00  0.000000000000e+00  0.000000000000e+00 
 0.000000000000e+00  0.000000000000e+00  0.000000000000e+00 
 0.000000000000e+00  0.000000000000e+00  0.000000000000e+00 
 0.000000000000e+00  0.000000000000e+00  0.000000000000e+00 
 0.000000000000e+00  0.000000000000e+00  0.000000000000e+00 
 0.000000000000e+00  0.000000000000e+00  0.000000000000e+00 
 0.000000000000e+00  0.000000000000e+00  0.000000000000e+00 
 0.000000000000e+00  0.000000000000e+00  0.000000000000e+00 
 0.000000000000e+00  0.000000000000e+00  0.000000000000e+00 
 0.000000000000e+00  0.000000000000e+00  0.000000000000e+00 
 0.000000000000e+00  0.000000000000e+00  0.000000000000e+00 
 0.000000000000e+00  0.000000000000e+00  0.000000000000e+00 
 0.000000000000e+00  0.000000000000e+00  0.000000000000e+00 
 0.000000000000e+00  0.000000000000e+00  0.000000000000e+00 
 0.000000000000e+00  0.000000000000e+00  0.000000000000e+00 