2mocoef
header
1
MO-coefficients from MOLCAS
1
48   48
a
mocoef
(*)
 1.492467180558e-06 -1.091516656337e-04  3.400389380067e-05 
 1.526786227602e-05 -8.942823307630e-05 -1.009913931033e-05 
-1.053659259311e-05  2.614950055218e-05 -9.660742994690e-06 
 4.252830404461e-06 -1.047955075021e-06  7.170237693071e-07 
 1.391823484594e-06  1.702602539694e-06  1.001071452112e+00 
-1.045962558288e-02 -6.394697160516e-05  8.464733163410e-05 
-4.013852478086e-05 -5.869598295319e-05 -5.440864975490e-05 
 5.690684212013e-06 -4.727094563449e-05 -9.628692121966e-04 
 2.427285513980e-04 -6.592699159981e-04 -5.349578458577e-04 
 9.097209129494e-04  1.600929776983e-05 -4.007326879902e-06 
 6.343166596412e-08 -2.717759108975e-06  1.246164740580e-06 
-9.542506419113e-03  5.430094655146e-03 -1.746522505012e-03 
 8.073667017558e-04  7.143475032239e-04 -9.382887402288e-03 
 5.361775948227e-03  1.889716227418e-03 -7.638456220510e-04 
-1.827648266863e-04 -1.200895680476e-04  3.384422197230e-05 
-3.181042803622e-06  7.719646649843e-06  3.161586621696e-06 
 1.000810454170e+00  4.238560119726e-03 -4.630873054812e-03 
-2.501591091650e-03  8.471237808704e-04  3.607450270231e-05 
 1.991210116278e-03 -6.567865621928e-04 -3.575775489950e-05 
-2.598155563791e-05  4.147165344537e-04 -9.973223153506e-04 
 1.793173815520e-05 -5.497392289056e-04  6.533158775888e-07 
 4.903706601600e-06 -1.008429253213e-05  6.673654812855e-09 
 5.135428625828e-07 -8.537395151944e-07 -9.289955359379e-06 
 2.706909129981e-06  5.784039331692e-06  1.234444526412e-06 
-1.227322850373e-07  8.697542533567e-07  3.702685138902e-07 
-1.241137024678e-06 -6.692113897021e-04  1.470411322102e-03 
-5.027012275677e-04 -4.084947565796e-04 -6.694104548897e-05 
 1.400449097209e-06 -8.591139100080e-06 -1.671052118591e-07 
 3.478886180403e-07 -5.692836168632e-07  8.497973738553e-06 
 6.859349771601e-06 -3.289643358158e-06  1.579170955252e-06 
-3.282088142850e-07 -1.379080156566e-03  2.279249590346e-03 
-3.838183174169e-04  5.668650332275e-04  1.118767604916e-04 
 6.827372771821e-03 -8.355815324681e-01  1.610238152366e-01 
 1.683672154988e-01 -8.591161667343e-02 -1.655981292233e-02 
-4.351962264814e-02  3.412737067057e-02  3.955665473897e-03 
 3.129402211459e-03 -3.714431614111e-03  9.541087340261e-03 
 5.332623877501e-04  3.085481385352e-03 -1.028858733468e-04 
 7.172421786513e-03 -1.094576495197e-03  4.704615936486e-05 
 2.859649934559e-05  2.677300997404e-04 -5.887363479942e-05 
 1.845206818012e-05  8.489317995735e-05 -6.744800447112e-05 
 1.826496256955e-05 -5.026656616890e-05 -4.065691834213e-05 
 6.311833477712e-05 -3.373445010695e-01  1.546596972048e-01 
-1.401487059334e-02 -2.496415304992e-02 -4.503089015932e-03 
 3.019194149695e-03 -1.663554931917e-03  2.544087262533e-04 
-1.148791910187e-04 -1.047817647526e-04  3.066205919932e-03 
-1.604676932698e-03 -2.798350766293e-04  1.159512628184e-04 
 3.094613914277e-05 -4.766799107383e-01  2.191900984117e-01 
-1.104792408894e-02  3.226789785477e-02  5.492827373273e-03 
-9.413109458170e-06 -1.536422765760e-05  6.275898175952e-05 
 1.301682107856e-04 -8.201266387254e-05 -2.437942462913e-05 
 4.458772382209e-05  2.602287523648e-05  1.073711827721e-04 
 1.003494558936e-06  7.239390816341e-07  9.955113073024e-06 
 3.593287845595e-07 -3.069134061558e-06 -1.037681510342e-04 
 5.783233266234e-03 -1.180506559178e-03  6.471762103015e-01 
-2.796789660942e-01 -1.595913346478e-01 -1.925404256365e-01 
 8.315209434065e-02  4.725997935320e-02 -2.571949837448e-04 
-2.172200128672e-03 -2.116287497816e-03  4.454886280045e-03 
 1.637853421248e-03 -1.487079988214e-05  4.775820049054e-05 
 2.733229720299e-06  3.544666601351e-06 -6.793094941548e-06 
-5.969696116057e-01  2.450165060396e-01 -3.061285644579e-02 
 1.446713974286e-02  1.451811244283e-02  6.030981025295e-01 
-2.471441808259e-01 -3.470073781739e-02  1.371781751512e-02 
 1.416355444032e-03 -1.385515345450e-04  6.654563370708e-05 
-2.521668780627e-06  4.218699707423e-06 -8.102351534302e-06 
-1.433248943787e-03 -7.773857155104e-02 -2.482124038689e-02 
 7.974954162890e-02  6.865909572368e-01  1.222843142418e-01 
-6.861224613074e-03 -1.465113755046e-01 -2.627687634164e-02 
-3.449831501648e-02  1.695549146334e-03  8.108404766135e-04 
-6.089976232399e-03 -8.953118261085e-03  6.908217770993e-05 
-5.758321579212e-03  1.014877433321e-03  1.630424576526e-05 
-1.624825715846e-05 -3.021271903609e-04  7.979390667461e-05 
 5.896507547896e-05 -2.742494861381e-05  4.883057198233e-05 
-1.774971584713e-05  3.971153046966e-05  2.960267381240e-05 
-4.627350345375e-05 -5.637490310348e-01  2.009705931293e-01 
-1.782372934668e-02 -1.598331501218e-02 -3.368311205763e-03 
-2.490948734460e-03  1.348084781475e-03 -2.211620934647e-04 
 8.984232444890e-05  7.770082318433e-05 -2.377150209724e-03 
 1.127984543178e-03  2.353822140310e-04 -1.047678793113e-04 
-3.688391926799e-05  5.224935563299e-01 -1.905984468982e-01 
 1.293005164203e-02 -1.584224969423e-02 -2.174494103962e-03 
-5.459460979003e-05  6.258250124813e-03 -1.841308006499e-03 
-8.448646947844e-04  5.117673089646e-03  8.083741009563e-04 
 4.239912750361e-04 -1.407452236865e-03  9.201601513984e-05 
-2.385287804600e-04  4.200900811201e-05 -5.576301860374e-05 
-5.397975497815e-05 -7.521625486479e-05  4.139122583429e-03 
 8.740327046305e-01 -1.388198992307e-01  3.057123580806e-03 
 4.399827101505e-03  2.966357111058e-02 -1.529250173869e-03 
-1.615743198960e-03 -1.273791843721e-02 -8.759536285484e-03 
 2.213646924046e-03 -5.908507354493e-03 -4.916136818805e-03 
 8.250886096398e-03 -9.292922643091e-04  1.168005201384e-04 
-1.949950453256e-06  1.161554795796e-04 -1.155870079910e-05 
 3.678264426285e-01 -1.837140269859e-01  3.338098591737e-02 
-1.487062250820e-02 -1.070136065619e-02  3.587085228744e-01 
-1.798637338635e-01 -3.412692450453e-02  1.429953995825e-02 
 5.962945056735e-03  7.085420783229e-03 -2.395774284623e-03 
 1.863937589398e-04 -4.035389052523e-04 -9.886574030705e-05 
-3.415518478619e-05  1.452474792399e-03  3.744690125416e-03 
 8.306643621321e-04  5.436948130057e-04  4.744821092196e-04 
-1.013205834403e-03  1.896087261400e-03 -3.423923109349e-03 
-1.071235108935e-04 -2.047077172409e-05 -1.304225422006e-04 
 1.177104689444e-04 -8.985659962762e-05 -1.115423111461e-04 
-7.005830884040e-02 -4.068561612875e-02  2.567362276860e-01 
 8.736927390738e-02  8.859998244308e-01  1.400897486922e-02 
 5.148176140130e-03  5.145672229954e-02 -1.016277521959e-03 
 6.650883522931e-04  1.122996876057e-03  5.850895772963e-04 
 1.265226603858e-03 -3.462958930420e-05 -8.794978410703e-04 
 8.475004754423e-06 -1.361129423796e-04  2.072598114489e-04 
 7.696739882758e-02 -3.352331427264e-02  1.310775191391e-02 
 4.733432907954e-04  2.584128801143e-02  7.862660944583e-02 
-3.434046261604e-02  2.716753754525e-03  5.034752559490e-03 
 2.874959753707e-02  1.732657285695e-03 -7.007656638949e-03 
-9.157184721768e-05  3.172610728624e-04  3.224590907825e-04 
 6.074896186501e-03  4.002979237965e-01  1.050009486358e-01 
 8.205675289656e-01 -1.037538572604e-01  2.702283290898e-03 
 1.040690421152e-02  6.530425114064e-03  5.565992794403e-03 
 3.715595886960e-03 -3.392513982964e-03  1.538131172910e-02 
 1.901078383654e-03 -7.750733425907e-03  1.481169269521e-04 
 2.485324648532e-04 -2.469049037117e-03 -6.610968662550e-04 
 2.700838778510e-04 -7.311281500353e-04 -1.398149643779e-03 
 6.245241980366e-04 -1.450445179209e-04  1.057630882614e-04 
-1.520730043731e-05  7.978002930191e-05  3.251517683754e-05 
-1.070574952972e-04 -2.405305372470e-01  5.967843444558e-02 
 9.045155560268e-03 -1.331787753475e-02 -2.452104821941e-03 
 2.647673231611e-04 -1.083977181272e-03  5.713495181826e-05 
-2.956759743903e-05  4.215562351594e-06 -2.043803194730e-04 
 4.089185349946e-03 -3.672585352589e-04  1.441909105081e-04 
 2.782830443224e-05 -2.209144021401e-01  6.407669590262e-02 
 1.415307922600e-02  9.187965657177e-03  1.549596510451e-03 
 9.409473564074e-05  2.589468390440e-05 -1.746153129756e-03 
-2.593534237626e-04 -3.554854471666e-04 -9.884223648362e-05 
 4.534110171786e-04 -7.668014474911e-04  3.224841243681e-04 
 5.657646556506e-05 -1.569372391185e-05  5.622801679557e-05 
-4.627407367113e-06  5.408860402705e-05 -1.667594904778e-04 
 3.630381207565e-04  1.602815609087e-03  3.235625599310e-01 
 8.497627158720e-01 -1.768861456093e-01  2.185994401447e-02 
 5.747111801255e-02 -1.220140284106e-02  7.510408310041e-04 
 1.628479339723e-03 -6.499596890312e-04  4.992249012263e-04 
 6.243764933262e-05  4.683051534330e-04 -5.319901925944e-04 
-1.481192744822e-05  2.975928726216e-05 -2.192583371492e-05 
-2.166515975360e-03  1.403856699581e-03  1.028768201118e-02 
 2.734537065847e-02 -5.601189047324e-03 -2.193886158807e-03 
 1.441495518674e-03  1.065894971121e-02  2.760947128362e-02 
-5.737065129423e-03 -4.423348400986e-04  2.692216322932e-03 
 4.430318282321e-05 -1.543764782758e-04 -5.586452108328e-05 
-1.881015445037e-03 -2.535264845625e-02 -3.442434316010e-03 
-1.351412396101e-02 -1.257126968718e-01  7.129360580495e-01 
-1.837227559456e-03 -5.273469702306e-02  2.967196134021e-01 
 3.510186771450e-03  4.762867016105e-03  2.225945618591e-03 
-1.998400327343e-02  1.071338321231e-03  1.222993201688e-03 
-4.896213984250e-03 -3.221143850584e-02 -1.042205194548e-03 
 9.903537947574e-04  8.261860756447e-03 -8.307896521367e-03 
 2.780016757047e-03 -5.283925281791e-03  7.832918257359e-04 
-1.458163170588e-04  7.024044472632e-04  3.696512960935e-04 
-7.646306166157e-04  1.847354636488e-03  1.068170878599e-02 
-3.174743140979e-04 -3.053734101501e-03  1.857230373953e-02 
 2.468371054986e-03  9.107465013363e-03  1.406012365672e-03 
-5.409775626644e-04  5.973445772182e-04  1.115857791123e-04 
 4.008040304651e-02 -2.206500353400e-03  9.716614145363e-04 
 1.119056505551e-03 -8.932983008488e-04  1.574323113626e-02 
-2.614980194458e-04 -3.870636026793e-03  1.936357845013e-02 
 1.003201264941e-02 -8.956982808635e-02 -4.278926736909e-01 
 6.934153636827e-02  5.477526933744e-03 -4.382606671406e-02 
 1.291670567042e-01 -3.135037477410e-02  8.463605404743e-03 
 1.737577716307e-03 -1.167100901984e-03  4.134172011156e-03 
 9.799696792924e-04  5.900646996861e-04  4.222561647232e-02 
-2.811213390995e-01 -1.227930165352e+00 -2.171886835637e-02 
-9.245591803242e-04 -3.980877407091e-02 -3.443446350016e-02 
 2.857704232740e-03 -6.269632431346e-02  1.107385407272e-02 
-2.742850539057e-03  7.644520393261e-03  6.033221526381e-03 
-1.049888770040e-02  3.660200636893e-02  3.072196486249e-01 
 1.317272715200e-03  2.349243876595e-03 -1.848919679948e-03 
 2.469088537917e-01  8.159360284497e-01  1.738044288912e-02 
-8.459400471218e-03 -8.621114096059e-03  2.463833482615e-01 
 8.935107157869e-01 -2.072018489076e-02  7.929193380289e-03 
 3.297009299793e-04  1.125374033466e-02  3.979572877465e-01 
 2.917513237465e-03 -3.901368390827e-03 -3.137349109982e-03 
 3.887926445745e-02 -2.873961740444e-01 -1.457253884041e+00 
 2.749100451741e-01  6.575509033705e-02  8.483366261663e-03 
 4.427444587170e-01  3.546705978415e-02  4.014063644991e-03 
 2.381255996441e-03 -2.339389224907e-03  8.554457193382e-03 
 8.208500596302e-04 -2.534190948157e-03 -1.236126215534e-02 
 8.434958499946e-02  3.576392505591e-01  2.219698213040e-03 
 1.648918873253e-03  2.496962216161e-02 -4.340479186382e-03 
 5.782236728542e-03  1.259744719866e-02 -2.331386223344e-03 
 5.915601811140e-04 -1.307136283339e-03 -1.334178768184e-03 
 2.167140611601e-03  1.596992648072e-01  1.261013767805e+00 
 4.935348050140e-03  4.605573391468e-03  1.250062632779e-03 
-8.194727459181e-02 -2.606244661136e-01 -3.357070523750e-03 
 1.658005233038e-03  3.507055240745e-03 -8.262145342211e-02 
-2.232336050911e-01  3.664049439674e-03 -1.379876412824e-03 
 1.577459640180e-03  8.462395339027e-02  1.063356154198e+00 
 9.820263632316e-03 -5.326063612242e-03 -5.853753196635e-04 
-3.840516170114e-03 -4.653940205169e-03  8.068816653653e-02 
-1.266879550603e-02  4.270261978898e-02 -1.696754601340e-02 
 3.254615725885e-03  8.412425460031e-02  2.746265568140e-02 
-2.191373993829e-03  4.906219713823e-04 -1.268736730603e-04 
 1.116510251099e-04 -1.118709473077e-03 -4.017720324601e-04 
 6.987152740086e-03  2.062019018947e-02 -3.479595748135e-01 
 1.508873288570e-01  8.627444965495e-02 -6.348699636398e-01 
 2.742272632696e-01  1.581667511160e-01  1.988408971642e-04 
 2.666631096493e-03  2.458778917014e-03 -5.458873682945e-03 
-1.847020544533e-03  4.659943147453e-03  8.729301614944e-02 
-3.700718783776e-04  1.584380710203e-03 -1.107682495651e-03 
-2.647002833546e-02 -1.524129626133e+00 -1.492624425048e-02 
 6.680058169746e-03  4.963825793303e-03  1.772189262350e-02 
 1.492532785085e+00 -1.532929317451e-02  6.479349088543e-03 
 2.405223557519e-03 -8.457702336138e-03 -1.867511521737e-01 
-8.276047168245e-04  1.975731275551e-03 -1.383567153265e-03 
 6.323038360579e-03 -2.852845929229e-02 -4.219927673098e-01 
-5.320127198449e-02 -5.060428961828e-01 -9.542102223657e-02 
-4.450947914202e-02 -1.004835742721e+00 -1.763826068238e-01 
 1.975665553872e-02 -5.084997501424e-03  7.445477233437e-03 
 3.544000885846e-03  1.303045322081e-02 -2.377258919178e-03 
 1.416891991494e-02  6.067824432092e-02 -2.611083260742e-02 
 9.199563130062e-03  2.050901172893e-02 -4.968437771576e-02 
 2.441683783174e-02  6.391780609515e-03  2.410270562545e-04 
 2.388778665437e-05  6.303827334037e-04 -2.204961786022e-04 
-3.735306370089e-04 -1.102104120504e-01 -1.382823934033e+00 
 1.931656683143e-03 -7.711678483841e-03 -2.113909632075e-03 
-2.427375576505e-02 -1.529714063650e-01 -5.739252160132e-05 
-2.781999201370e-04  1.591387083663e-03 -2.105939964799e-02 
 8.640682375094e-02 -1.615963033580e-03  4.094772983389e-04 
 1.772199342468e-03  2.882822100857e-02  2.004827390780e+00 
-3.398184407274e-03 -2.006090110652e-02 -3.268505687914e-03 
-5.090873271451e-03 -6.328529967609e-03  4.793070006367e-02 
-1.311854331903e-02  1.397282362022e-02 -8.550090588369e-02 
-8.040630834341e-03  3.783520563162e-02  9.606617547641e-02 
 1.882292324874e-03 -3.129195812458e-03  7.035157248487e-03 
 5.619310833296e-04  7.685433721811e-03 -5.873181742875e-02 
 1.425381841050e-02  2.262265272081e-01  1.320110884615e-02 
 4.095543421092e-04  3.783013450628e-02  1.385804438727e-02 
 5.766124686584e-03  5.094387076177e-02  1.167237816510e-01 
-2.897988053300e-02  8.175598453051e-02  6.583484431286e-02 
-1.100322532238e-01 -2.939968958557e-02  3.865562885800e-02 
-1.203060223053e-03  6.152882571550e-03 -2.555008709548e-03 
-1.387379783350e+00  1.192189206604e+00  1.370694701102e-01 
-5.878892654109e-02 -3.012298830390e-02 -1.393878601000e+00 
 1.194590171124e+00 -1.367304073925e-01  5.952627956942e-02 
 3.741218201891e-02 -8.306588357629e-02  8.541608103945e-03 
 1.405192199623e-03 -5.962212267161e-03 -6.071230287460e-03 
-2.930094632399e-02 -3.165070805529e-02  4.662002803018e-01 
 2.459066754315e-01 -4.214851027222e-01 -8.330369278791e-02 
-3.701144120098e-01  1.693422897510e+00  3.099678142612e-01 
 1.200995617598e-01 -1.581323645832e-02  1.898998887125e-02 
 2.125945988219e-02  5.764089226486e-02  2.437275917703e-03 
 4.597247068539e-03 -8.675166483391e-03  2.121818721223e-03 
-2.528373381543e-03  8.544674205352e-03 -8.396355735190e-04 
 1.711352913158e-03 -1.329877639677e-02 -3.497778089826e-03 
 8.798480622737e-04 -2.408707332810e-03 -2.007620488842e-03 
 3.294325819780e-03  7.915071639472e-01 -2.650385578599e-01 
-4.303376360762e-02  4.435857309356e-02  7.557363498555e-03 
 4.529034457249e-02 -3.953988129508e-02 -3.385270224225e-03 
 1.247046885612e-03  1.807277977725e-03  4.246037749581e-02 
-4.257425116792e-02  3.206092196133e-03 -1.593138126109e-03 
-1.067492322196e-05 -1.356636936696e+00  2.637686791666e-01 
 4.426316986544e-02  1.331872123270e-03 -1.641246726297e-04 
-6.940529482314e-02 -5.658032472617e-02  4.781866582979e-01 
 4.611394030336e-01 -3.598830471543e-03 -3.479182334427e-02 
-1.004704991383e+00 -9.379683475097e-02  1.882718791253e-02 
-9.174361088182e-02 -6.222203043713e-02  1.257560367251e-01 
-1.687125511483e-02  1.208421086642e-01  2.356415008866e-03 
 4.728401566566e-03 -8.435345511013e-03  1.821505976997e-03 
 2.159170812814e-03  9.083592030196e-03 -2.993132243957e-03 
-2.622476494677e-03 -1.303455866980e-02 -3.290059093319e-03 
 8.226199401159e-04 -2.266577105478e-03 -1.802429015041e-03 
 3.111867823260e-03 -1.608400245891e+00  1.232510185826e+00 
 7.872340905093e-03  5.870726811524e-02  9.031975642841e-03 
 4.172000250860e-02 -3.982410717370e-02 -2.505188745614e-03 
 1.383068999821e-03  1.477988828821e-03  4.140109840305e-02 
-3.842990439649e-02  3.561271515755e-03 -1.250716843083e-03 
 7.780977173109e-05 -7.568019112754e-01  3.954959894817e-01 
-2.273952503701e-02 -6.464885070304e-02 -1.359804681406e-02 
 1.009718769252e-01  4.504814421082e-01 -3.184493382444e-01 
 1.005301313772e+00 -1.588178690931e-01  1.016844531376e+00 
-1.189159476475e+00 -4.240367508347e-02 -1.163025656597e+00 
 1.423449105250e-02  4.157122602960e-02 -8.310091505445e-02 
 2.982769115007e-05 -8.539475134841e-02 -8.145562056519e-03 
-3.164009537453e-02  3.976871936506e-02 -3.261853972699e-02 
 1.097910619193e-02 -4.372833251928e-02  2.932673450674e-02 
-8.040936420217e-03  5.890111359907e-02  4.913449743724e-03 
-1.579482312824e-03  2.831288623630e-03  3.475691638393e-03 
-4.425577530073e-03  3.618723751050e-01 -6.573401679810e-01 
-1.543144566624e-02 -1.012520760091e-01  6.154667943044e-03 
-9.072280566069e-02  7.436407777059e-02  5.434710739792e-03 
-2.623278471723e-03 -6.521827837708e-03 -7.623514824244e-02 
 8.961857763573e-02  3.987430249799e-03 -1.564234581464e-03 
-3.337544913866e-03  4.417820140588e-01 -3.196776043755e-01 
 1.518299855069e-02  7.695178017216e-02  5.873374378222e-02 
-8.258006171517e-02 -3.635730521109e-01  2.349948032617e-01 
-8.534053945266e-01 -2.404220713656e-01  1.175564761623e+00 
 1.004078966279e+00  4.605336048249e-01 -1.263609946360e+00 
-1.465430401965e-02 -3.897907721323e-02  7.537276828574e-02 
-3.667911737093e-03  7.967279532503e-02 -3.193190556754e-03 
-1.173283247234e-02  1.423573397811e-02 -1.332166169898e-02 
 1.280200078360e-03 -2.846136519391e-02  1.044758646557e-02 
 1.222531225663e-03  3.729857597246e-02  2.520535469332e-03 
-7.524262652574e-04  1.492126007055e-03  1.604273785806e-03 
-2.319582025524e-03 -3.507629107962e-01  6.209634554319e-01 
 1.478226087094e-02  8.382927400624e-02  4.138979562803e-02 
-4.298610067551e-02  3.582583165936e-02  1.424808496988e-03 
-1.035799859798e-03 -3.428547037253e-03 -3.398038358607e-02 
 4.116328239876e-02  2.138649870183e-04 -3.408662754832e-04 
-2.084446135797e-03 -4.062730619039e-01  3.008907707993e-01 
-1.320601419391e-02 -8.490422567874e-02  3.574372126517e-02 
-1.515003032665e-01 -6.523469534783e-01  8.191284379968e-01 
 1.127231782049e-01  1.221792984419e+00  2.282551264772e-01 
-3.241122371525e-01 -2.188404807414e+00 -4.018397222802e-01 
 2.673234368712e-01 -3.531969684109e-02  3.707233221753e-02 
 4.737199942315e-02  1.134398193269e-01  9.541252077009e-04 
 3.553541665927e-03 -8.930839915416e-03  4.370892876937e-03 
-1.513491510508e-02  5.770087557036e-02 -5.828071468862e-03 
 1.841143752172e-02 -7.098954114778e-02 -3.465040460762e-04 
-1.310680986512e-04  5.964290178536e-06  3.705311105699e-06 
 3.365575540846e-04  5.072277536954e-01 -1.804977695709e+00 
-1.703016469509e-01 -1.372036679312e-01 -2.296887133467e-02 
 1.211366324080e-02 -9.594113419625e-03  2.768289432464e-03 
-2.293853956959e-03  2.696677704071e-03  1.516022983715e-02 
-1.320503064317e-02 -4.931711324772e-04 -7.735838900274e-04 
 3.797453295321e-03 -6.839517574085e-01  1.708623986129e+00 
 9.880188260576e-02 -2.059824745980e-01 -3.829036060758e-02 
 5.711267740206e-02  2.637353655830e-01 -3.833216136453e-01 
-4.882401150698e-03 -4.525360784653e-02  5.942161538443e-02 
 4.393329350825e-02  6.911960761468e-02 -6.786725025219e-02 
-7.538388206786e-03  1.971068923171e-03  3.139509974537e-04 
-8.658567370995e-04 -4.729962996125e-03 -1.263931635148e-02 
-7.467048596694e-02 -8.120931696288e-02  3.666972863618e-01 
 8.541098353988e-02  1.367308225147e+00 -4.506385682369e-01 
-1.085559059988e-01 -1.698665032348e+00  1.591903746419e-02 
-4.056525200368e-03  1.142858479882e-02  9.372290131859e-03 
-1.492078868939e-02 -7.393367846058e-03  1.132771748419e-01 
 1.533899426637e-02  9.963081041867e-03 -8.852189749786e-04 
 7.462095259025e-02  2.925022828725e-02  6.331909531537e-02 
-1.655297256577e-02  5.028194132467e-02  7.335397584049e-02 
 1.715685828803e-02 -2.646724417199e-02  2.210044401061e-02 
 7.155294324783e-02  3.821211977363e-02 -2.188952829940e-03 
 6.397790871987e-03 -4.767550140404e-03 -1.025056072617e-03 
 2.278075588987e-02  1.052893753516e-01 -1.576545404319e-01 
-3.538703857837e-03 -1.344437713415e-02  1.719952024388e-03 
 2.006332900430e-02  2.185912915399e-02 -1.014384458137e-03 
-3.104865217282e-03 -2.826771602559e-04  1.383269581459e-03 
-4.918151054398e-04 -7.956869764749e-05 -4.141343747209e-04 
-1.684285427762e-03  7.606540032959e-03 -5.171793819286e-01 
-1.318162375701e+00  2.179220856352e-01  6.371036547912e-01 
 1.622379420438e+00 -2.676762630388e-01 -7.512455556661e-04 
-2.132787829169e-04 -3.936097808652e-04 -4.382355829068e-04 
 5.923204186585e-04 -8.244687284044e-03  5.326610050864e-02 
 5.705814549015e-03  4.472247712750e-03  5.796786788098e-04 
-2.235797497890e-03 -6.950325252743e-04 -2.702079089725e-02 
-6.576121704602e-02  1.142770743513e-02 -1.295175148114e-03 
-3.085700158927e-03 -2.362506282049e-02 -6.594635281835e-02 
 1.063802059371e-02  1.026035553562e-02  7.882585496719e-03 
 2.353079015651e-03 -2.889801342002e-03 -5.189157641839e-04 
-7.417075202380e-01 -3.417135671201e+00  5.400384344585e+00 
 1.876840944269e-01 -1.574209734992e-01 -1.282825075343e-02 
-7.262958883374e-01  4.727888411085e-01  6.643877474381e-02 
-7.127353661952e-02  3.806181732659e-02 -7.438569199522e-02 
-1.307980713099e-02 -6.791646635381e-02  5.359255789180e-04 
 1.564143783282e-03 -2.168050150284e-02  1.568982335980e-01 
-9.372460470826e-02  6.377249932704e-02 -2.591476207316e-01 
 1.437110264968e-01 -6.468415486483e-02  3.101173999031e-03 
 3.089635183364e-03  4.789695398709e-03 -5.980102976437e-03 
-5.106545800518e-03 -8.509451451053e-03 -8.648551736779e-01 
-1.208380009295e-01 -9.549114516071e-02 -1.771730496575e-02 
 6.949872113551e-02 -1.871174157592e-01 -3.760720689021e-02 
 1.694206023193e-02  2.039571064900e-02 -6.851028695297e-02 
 2.126431960339e-01 -5.140656647679e-02  1.960516528169e-02 
 7.102557818539e-03  1.491980876713e-01 -1.666325993817e+00 
-1.490909718848e-01  2.055917635143e-01  3.819654489312e-02 
-1.156165831650e-01 -5.327749559218e-01  8.329173263236e-01 
 1.283139349392e-02 -2.349615181905e-02 -3.190789569620e-02 
-8.858336348750e-02  7.867018600738e-02  4.786847775292e-02 
-1.099390596686e-02  3.953853519211e-03 -1.148071928420e-02 
-3.898678566104e-03 -7.663781506296e-03 -1.377865885392e-03 
-5.642024983714e-03  8.342516517053e-03 -9.421016699864e-01 
 4.035877905740e-01  2.407849281794e-01  1.574815964784e+00 
-6.760960864100e-01 -3.985615072919e-01 -1.963222496529e-03 
-2.450347762968e-02 -2.298370027661e-02  5.055256589606e-02 
 1.675962035974e-02 -6.679490144443e-03 -1.149715589234e-01 
-1.834648570772e-02 -1.313695697997e-02  1.640339294731e-04 
-4.956080095403e-01  1.355712301975e+00  2.752840649998e-01 
-1.302881722651e-01 -1.264003616069e-01  4.882296156036e-01 
-1.351627893169e+00  3.067087699482e-01 -1.213842898769e-01 
-1.661196406356e-02  1.901975675071e-02 -2.559779165359e-01 
-2.280566906134e-02  3.084382022662e-02  6.429512744068e-03 
 8.433810579796e-04  3.967059906688e-03 -6.526318754855e-03 
-1.644804817357e-04  1.398379162880e-02 -5.848212959239e-02 
-1.443697285244e-04 -1.714560776503e-02  5.469183721557e-02 
-1.715397763121e-02  5.922244385771e-01  1.895848290966e-01 
 1.110972899743e-01  1.089663529988e-01  4.064334800866e-03 
 1.892807945787e-02 -3.097562198738e-02 -2.554674708924e-03 
 9.207085151045e-04 -2.563353090097e-03  2.337127655246e-03 
-9.081065159844e-04  2.646800948724e-03  7.117525844537e-04 
-3.372585695592e-04  3.744358893321e-04  7.277718486887e-04 
-5.751161241383e-04  1.214933188263e-03 -2.781877516525e-03 
-1.077226606336e-03  6.568680617938e-02 -3.730977382388e-01 
 1.454249480806e-03  6.254302441394e-03  2.678266375530e-03 
-1.381914492876e-03 -1.733121817134e-03  8.703528726745e-03 
-3.315860337992e-03 -1.654434659797e-03  7.204841192431e-04 
 4.951334960538e-04 -2.009922558588e-03  6.107418934241e-03 
 1.845879442810e-03 -5.852762063283e-02  3.213984634704e-01 
-2.318009239533e-03 -1.056013617080e-02  1.645063674336e-02 
-5.038207279093e-04 -2.122425376298e-04 -1.504397966471e-05 
 2.704977453243e-04  1.545959597661e-03  1.761064190090e-04 
-6.851733647160e-04  1.326862649098e-03 -1.723194347251e-03 
-1.445191668898e-03  1.818340628401e-03 -2.772580970495e-03 
-1.296127385302e-02  2.086678654365e-02 -2.707237073299e-01 
 1.165838297221e-01  6.489453083975e-02  1.614824681783e+00 
-6.970120106342e-01 -3.944928620539e-01  7.140484183676e-03 
 8.078251168551e-02  7.590522901055e-02 -1.666822333841e-01 
-5.535395803725e-02  2.952217220425e-04 -1.943785205424e-03 
-9.771430600162e-04  2.154568772934e-04 -1.985479143673e-04 
 1.327754530318e+00 -1.933469256577e-01  1.432963027546e-01 
 1.739155373848e-02  3.922727129832e-01 -1.331985863973e+00 
 1.879745000975e-01 -7.762368731728e-02 -4.600972157551e-02 
-4.097931382979e-01  6.822356640936e-04 -5.641843461262e-03 
-1.224570893398e-03  5.215945655234e-05  8.989179007811e-04 
 1.025011788854e-01  4.207060696149e-01 -7.171011047021e-01 
 1.037559284406e-01 -1.479241486878e-02 -2.178009556400e-02 
 1.836673983279e-01 -5.250942593823e-02  9.167685629913e-03 
-1.107717684547e-01  5.165782838500e-02 -4.173254433994e-01 
-3.738591574784e-02  4.748224508902e-01 -3.529961675461e-01 
-1.621592697142e+00  2.765106132305e+00  8.327840852996e-03 
 8.912220910755e-04  1.457559417936e-02 -2.314260001815e-03 
 5.803153441972e-03  3.572439295914e-02 -7.236899952174e-02 
 1.772010198005e-02 -4.955238501308e-02 -3.941526217880e-02 
 6.860178692031e-02  2.061893694471e-01 -1.581304290304e-02 
-2.195634313814e-01  1.285998729134e-01  2.861336145799e-02 
-3.403006558855e-01 -3.152230204276e-01 -1.892218678892e-01 
 9.127187593000e-02  9.840751636395e-02 -3.338416731940e-01 
-3.055958611673e-01  2.155192828599e-01 -8.251549311721e-02 
 3.433096221710e-03  2.274109251152e-01  3.649379928244e-02 
-2.216612996101e-01 -6.825505267096e-02 -2.903175363979e-03 
-6.886553405689e-02 -2.848287004738e-01  4.689931103218e-01 
-7.604927599296e-02  1.731623706035e-02 -2.038148661704e-02 
-1.058077890264e-01  2.200547683969e-02  2.727605613984e-02 
 7.921654885557e-02 -2.640055304718e-02  2.759520831237e-01 
-3.478935250849e-03 -3.010071826983e-01 -5.468778574739e-01 
-2.511698265850e+00  4.284281216406e+00  7.198171853662e-03 
 1.882194223956e-03  2.161427236110e-02  1.074116371978e-02 
 5.086777234335e-03  5.422106154150e-02 -1.120595384201e-01 
 2.801754863423e-02 -7.634716770281e-02 -6.204415848921e-02 
 1.058290851259e-01 -1.388600172231e-01  1.602853485203e-02 
 1.406980223655e-01 -8.396633392137e-02 -7.544186170215e-03 
-5.220212973492e-01 -4.851071506101e-01 -2.905493173283e-01 
 1.412809892065e-01  1.552710737124e-01 -5.180908867578e-01 
-4.828569646718e-01  3.341183683526e-01 -1.285069323034e-01 
 2.589006296780e-03 -1.547105300861e-01 -2.130949769771e-03 
 1.444796637360e-01  4.138391263554e-02  1.835457480972e-02 
 9.722841636631e-05  4.221996103126e-04 -7.708372313675e-04 
-7.032968788864e-05  8.848237499971e-05 -3.173633511683e-04 
 2.125276406436e-04 -1.786543535646e-04  7.029029171224e-05 
 2.155185763063e-04  1.595473507308e-04 -5.008180043846e-05 
-9.918382052942e-04  1.580803992375e-04  2.731055961343e-05 
 1.261040474514e-04 -2.093596367592e-04 -6.537038043976e-04 
-4.349198868270e-04  2.090360573465e-04  2.412152609550e-03 
 1.194113777443e-03 -7.652663904334e-04 -1.789900935605e-01 
 3.571910211329e-02 -1.708156910729e-02  6.045753352106e-02 
-1.758161228286e-01  1.910867395202e-05  4.925606617024e-05 
-4.366773656379e-05 -1.281284866670e-05  3.509940558728e-04 
 8.378800128999e-04  2.443144838019e-04  2.054892734073e-01 
 5.314357225241e-01 -9.898421266286e-02 -7.932142933860e-04 
-1.984318820085e-04 -2.059986834463e-01 -5.339734547647e-01 
 9.931685263801e-02 -2.074882403489e-05  4.078582011382e-04 
-3.341495960827e-06 -8.612956470989e-05  3.616604649435e-04 
 3.228546543819e-04  2.003992024377e-03 -2.977880983458e-03 
-6.078157340742e-04  2.957568661031e-02 -1.646530316541e-01 
 2.481765405051e-03  5.349319510951e-03 -3.205343010236e-02 
 1.433786322222e-01  1.150938189230e-01  4.303296007035e-02 
-8.011811483980e-01  1.877640383596e-02  2.259789450325e-02 
 1.033280028357e-01 -1.786071857034e-01  4.865976024446e-03 
-1.799938804276e-03  3.352166005863e-03 -9.696383547171e-03 
 3.195348260540e-03 -6.377719851322e-03  5.138616029252e-03 
-1.371623288721e-03  3.164290985927e-03  2.797884313938e-03 
-4.364335558481e-03  4.023552263079e-04  6.034301111918e-04 
 1.522589296664e-03 -4.652573039535e-02  2.610673149097e-01 
 2.202041082245e-02  1.520267546009e-02  1.006625461851e-02 
-6.043428329971e-03 -7.634265090830e-03  1.668550254746e-02 
 3.247176570770e-02 -1.454592017180e-02  6.551483093658e-03 
 3.931094746311e-04 -2.716919623229e-04  1.032222732267e-03 
 1.430626381996e-03 -4.948225320228e-02  2.743105170156e-01 
 1.858530481310e-03  8.041972904876e-03 -1.264614941473e-02 
 1.601480023176e-03 -1.339710569613e-04  2.761147158842e-04 
-5.136825276921e-04 -1.335279618972e-03 -1.341708870035e-03 
 5.339715524625e-04 -2.277172283956e-04  6.318235537983e-04 
-1.138113926372e-03  6.821567237960e-04 -4.187222392037e-04 
-1.396596704627e-03  5.149829565949e-03  3.667149057877e-01 
-1.583036348591e-01 -8.971195506895e-02 -2.154436750892e+00 
 9.309914451675e-01  5.317828214646e-01  4.771928145207e-03 
 4.888461756188e-02  4.630270491280e-02 -1.008637019303e-01 
-3.424373926440e-02  1.396267244988e-03 -1.262984608899e-04 
-7.672013071063e-04  5.008760618531e-04  6.643510030973e-04 
-1.835327831214e+00  3.260122658491e-01  2.533875573480e-01 
-3.109548378061e-02  3.573085592775e-01  1.831217227936e+00 
-3.258107412254e-01  3.320610908950e-02 -9.317807748021e-02 
-4.303136244171e-01  2.059787788341e-03  2.449444382530e-03 
-3.368481876733e-04 -1.566464240976e-04  1.520989477204e-04 
-6.036165550252e-02 -2.758870775757e-01  2.971348192130e-01 
-2.194902972077e-02  6.415882296826e-02  1.160712733630e-02 
-1.624331613025e-01 -8.223086356351e-01 -1.463434458811e-01 
 2.957404626152e-01  5.131500233434e-02 -1.743535350086e-01 
 5.136820091300e-02  1.910190842740e-02  1.427011744140e-03 
 6.335379199795e-03 -1.147945600737e-02  1.176321342341e-03 
-1.442847578621e-03  1.738536093920e-03 -1.984608869531e-03 
 1.509958333489e-03 -1.130504389709e-03  4.778112903490e-04 
 1.955308463948e-06  1.244836963264e-04  9.987197396843e-05 
-4.394253842343e-04 -9.032545896070e-01  2.684962535869e-01 
-3.524765909724e-01  4.982605507374e-01  8.991649529412e-02 
 1.632379123302e-03 -3.016864945791e-04  2.466453122395e-04 
 4.019331273539e-04 -1.596551363402e-03 -1.171002975282e-03 
 6.114044939162e-03 -8.827508310826e-04  9.630131120626e-04 
-1.275767518701e-03  5.340363867156e-01 -5.251482389532e-02 
 5.603160545955e-01  3.385278992561e-01  5.876526533881e-02 
-2.797905400608e-01 -1.097042330804e+00  1.845664634977e+00 
 1.541242411767e-02  1.022982942951e-01  1.964086926754e-02 
-5.332750471500e-01  2.402095329415e-01  4.444515336325e-02 
 9.620333574929e-02  2.928724805878e-01 -8.040205247541e-01 
 1.053538549864e-02 -1.962625954993e-01 -1.082573559086e-03 
-4.844138273323e-03  1.034182716815e-02 -1.080380884216e-03 
-1.296414655542e-03 -5.073538071362e-03 -2.709582546795e-03 
 1.603526540671e-03  1.733402674719e-03 -7.847684233310e-04 
 7.292918978438e-04  5.488620769528e-04  2.050555808804e-04 
 9.742009745953e-04 -9.078448585120e-01  4.137576769770e-01 
 4.817777459015e-01 -1.293238895336e-01 -2.678049387353e-02 
-2.263878811508e-03 -2.771589765437e-03  2.005795839573e-03 
 1.323226669165e-03  6.650360015869e-03  3.732464178352e-03 
-5.076356797887e-03  2.719224973597e-03  8.833344197646e-04 
 5.672276152968e-03 -1.162931354917e+00  2.643789459270e-01 
 1.059787569568e-01 -1.445774697373e-01 -2.776360159403e-02 
 3.816556855671e-04  2.064286494390e-03 -7.079280058913e-03 
-1.966250195592e-03  7.345068450478e-03 -1.192191864186e-02 
 6.540057047758e-05 -7.869945933135e-03  5.830516773375e-03 
 3.054627443862e-03  1.418223944119e-03 -5.032684582805e-03 
 1.539538526268e-02  1.967453923841e-03 -1.179066895835e-01 
-5.000959551215e-01  6.351901959116e-01  7.620894246635e-02 
 1.204977471003e-02  2.902100464129e-01  9.106709541137e-02 
 1.506597797976e-02  3.372843532893e-01  7.021898786549e-02 
-4.886589376068e-02 -2.103835010967e-01 -8.536973090086e-02 
-9.037749276405e-02 -1.044110496729e-02  6.979761870125e-03 
 7.916767674510e-03 -5.788861452152e-03  1.541971812511e-02 
-1.417057225427e-01  1.647321135986e-02 -2.166165869409e-01 
-2.597640647461e-02 -7.533117676579e-01 -1.437741920747e-01 
 1.749570676758e-02 -1.857526064696e-01 -3.908388904885e-02 
-7.594568007568e-01 -1.123176217815e-02  1.912794689241e-02 
-1.528715446086e-03 -2.828533925874e-03  1.320220469303e-02 
 1.639715325140e-03  6.832405841266e-03 -1.150917439653e-02 
-7.309937487341e-04  1.837282524342e-03 -4.278329197498e-04 
 2.446860760342e-03 -3.824690798972e-03 -2.719441291658e-04 
 1.131871014437e-03 -6.751278687772e-04  1.401255681449e-03 
 1.047093536501e-03  1.239607472346e-03  4.217317631313e-03 
 1.789693233152e-02 -2.256846872140e-02 -1.171131056500e-01 
-2.966916366967e-01  4.488461078403e-02 -1.184111315886e-01 
-2.986632671603e-01  4.333774553138e-02  6.827284858640e-02 
 2.282232775792e-01 -6.669178813454e-02  7.995989947879e-02 
 9.527239486025e-03  1.832652473442e-03 -1.412319730337e-03 
 5.183249549338e-04 -7.357923469223e-04  7.829582194993e-04 
 4.968738253479e-03 -5.564062572941e-04  2.882450946449e-01 
 7.272324369894e-01 -1.083692582109e-01  5.057813351401e-03 
-6.035569256285e-04  2.866836067079e-01  7.266947085150e-01 
-1.079423966781e-01  8.349207265618e-04  5.745855609345e-03 
-1.389831450510e-03  2.633533517351e-04  8.385187056142e-04 
 1.092268211791e-03  4.104115811052e-03 -7.629641992198e-03 
 9.372178094995e-04 -4.593492637958e-02  2.558280653226e-01 
 2.787025969335e-03 -3.597977561967e-02  1.976206009657e-01 
 1.163335300918e-01 -9.450355963791e-02 -2.383835573214e-02 
-6.522307491383e-01 -1.833442015931e-02 -8.647931668983e-03 
-3.725600692404e-02  5.498458716210e-02 -4.767222208817e-03 
 1.776054298379e-03 -1.605578586962e-04  1.190311188207e-02 
-3.399043422159e-03  1.481395336503e-02  8.578160102195e-04 
-1.096449921389e-03 -8.494520134622e-03 -3.373531018077e-03 
-1.449171864175e-03  3.777829442430e-03 -1.262596762093e-03 
-3.744409597251e-03  1.558711629429e-01 -8.738888812278e-01 
-4.852287140175e-03 -1.780771737133e-03 -3.566376865245e-03 
 2.816081302317e-04 -1.476399890473e-02  1.511016351343e-03 
-2.135953059104e-02 -3.673119765727e-03  2.907162887812e-04 
-1.475848242432e-02  5.077841923945e-03 -1.319402626208e-03 
-2.445721914271e-03  1.071489119140e-01 -5.954990173664e-01 
 6.601590868862e-02  1.981677556737e-01 -4.572840807076e-01 
 1.334739096624e-01  3.503703167577e-01  6.059433124825e-02 
 2.282282701645e-02 -5.283145308812e-01 -9.439402027784e-02 
 8.682803580062e-01 -1.196066203235e-01  1.599742028022e-01 
 1.559034097743e-01  3.148537846847e-01  3.283802255858e-03 
 1.410960383940e-02 -2.003117016122e-02  9.059617193013e-04 
-5.011193955280e-04  2.206220057726e-03 -1.244654187432e-03 
 1.556806064276e-03 -6.573962502094e-03 -1.531602639849e-03 
-2.657988308194e-04  6.393389635988e-03  2.053908823848e-03 
 1.608230080071e-03 -5.450492549425e-01  4.696031776613e-01 
 4.873447311402e-01  1.168479624912e-02 -3.121890659480e-03 
 1.225069574183e-03  3.029184553451e-03 -3.346982386766e-04 
-7.713632942921e-04  3.423829455806e-03 -1.464056727339e-03 
 6.661161273010e-03  9.715654862671e-04 -1.269306439840e-03 
 3.287692095515e-03  1.125094870790e+00 -6.291727920341e-01 
-5.360838917222e-01  1.426290500967e-01  3.455259283640e-02 
-4.597675873957e-04 -1.450303275360e-03  2.559101154468e-03 
-1.209184954050e-03 -1.592490830168e-03 -1.317168955153e-03 
-1.905305620078e-04  2.109910053422e-03  3.285698045484e-03 
-4.191040427429e-03 -2.281838742252e-03 -2.319431842624e-03 
-2.714203684587e-03 -1.713909065591e-03 -5.709424899916e-02 
-2.423224414637e-01  2.448481973480e-01  2.154529003810e-02 
 5.505940147860e-03  7.902051062346e-02  3.641289188228e-02 
 9.286386388170e-03  1.316683622407e-01 -3.072987990987e-01 
 2.168890221072e-01  7.441076849020e-01  3.018168249000e-01 
 3.884010666788e-01  1.962719436297e-03 -2.016390278539e-03 
-1.818578495023e-03  5.356806381447e-05 -4.752366574830e-03 
-4.455318049406e-02  1.469763948217e-02 -4.879775942789e-02 
-2.868499442977e-02 -2.698539149309e-01 -4.410297432356e-02 
 1.468247463087e-02 -9.744046181883e-02 -7.622387226736e-03 
-2.575964010383e-01 -7.941067066318e-03  6.032939076681e-03 
 3.366927185082e-03 -8.395183773082e-04  3.959939225051e-04 
-9.803588646482e-05 -2.918800816245e-04  6.713806651873e-04 
-2.777415155945e-04 -6.332477527401e-04 -1.701940076058e-04 
 2.930375462111e-05  9.286924023712e-04  3.132309328885e-04 
-1.072965474534e-03 -1.257655647963e-05 -2.907467316613e-04 
-2.843929844792e-04 -3.525339748555e-04  6.684924356193e-04 
 2.815024929485e-03 -3.031889731459e-03 -3.516667234437e-02 
-9.065671525012e-02  1.625186532683e-02 -4.555869622223e-02 
-1.172271617078e-01  2.063442317988e-02 -2.630169120506e-01 
-8.442660169235e-01  2.696371985992e-01 -2.878701020439e-01 
-2.943348541257e-02  7.529021187578e-04 -6.828732491652e-04 
-5.536967518274e-04 -1.935844200510e-04 -2.701039665530e-04 
 5.856967884724e-04 -1.582445340500e-04  9.976363005296e-02 
 2.575424538442e-01 -4.543475031033e-02  5.952196893693e-04 
-1.773931704450e-04  1.001678875980e-01  2.570619855842e-01 
-4.551341459635e-02 -1.634681695189e-03  9.929127213600e-04 
 6.995280850728e-04 -2.687410335976e-04 -8.616346627229e-06 
-5.010024903710e-04 -1.377628240650e-03  4.172776947387e-03 
-1.637047760026e-03  2.859794694303e-02 -1.702776527937e-01 
-2.489090396049e-04  4.492041612307e-03 -3.097723576426e-04 
-2.009686773513e-02 -9.424714646155e-01 -3.031809209663e-01 
 5.719525044605e-02 -1.763248116013e-01  2.577540004318e-03 
 1.110415972473e-02 -1.372768754137e-02  2.018243030561e-03 
-7.176077815267e-04  6.576319182057e-04 -3.651053457628e-03 
 1.197274965604e-03 -2.818578919254e-03  1.343007077456e-03 
-4.922779371968e-04 -1.214716292106e-03 -3.895346414426e-04 
-1.478889768072e-03  3.780677911086e-03 -2.614990701662e-03 
-5.296428364825e-03  9.521686984210e-02 -5.334623684297e-01 
 5.246480636128e-04 -3.850597406874e-05 -3.498353726144e-04 
 3.473319806011e-04  2.397703428298e-03 -1.275464331470e-03 
 5.881733902449e-03  1.892822354465e-03 -6.028968086669e-04 
 1.913790952826e-03 -9.723456884853e-03  4.226745365250e-03 
 7.027061094234e-03 -1.720482356318e-01  9.574179000498e-01 
-7.760363237120e-02 -4.039324296358e-01 -1.725786369232e-01 
 5.064771257186e-01  1.246978672465e-01  2.044552150979e-02 
 1.496757505025e-01  4.726603081080e-02  7.844197708105e-03 
 1.339678290934e-01  1.203388310006e-01  9.965586086083e-02 
 2.720297335177e-02 -8.271339291065e-01 -1.189215405243e-02 
-5.149481958057e-02  3.988947234545e-02 -5.007994351141e-03 
 1.482057464519e-03 -4.644974796738e-03  5.516005453330e-03 
-2.549517686383e-03  4.229446934644e-03 -3.352794909475e-03 
 6.268896334173e-04 -3.213767555856e-03 -2.027602530345e-03 
 3.135197608967e-03  1.708980922415e-01  2.599722768498e-01 
-3.061702531286e-01  7.473576369477e-01  1.343225101677e-01 
 3.464299764675e-03  2.502834759706e-04  1.268495760632e-02 
-5.019367622364e-03 -3.920159642916e-03  7.662795827852e-03 
-9.353261833941e-03 -1.451401350755e-02  6.642346162771e-03 
 2.370441314749e-03 -1.230218925088e-01  2.457796314821e-01 
-6.952741694692e-01 -5.457213297032e-01 -9.520877107707e-02 
-6.852904380324e-04 -3.969458333135e-03 -1.046476784408e-02 
 6.982532241401e-03  4.328035636548e-03 -2.717106896483e-03 
 6.017502218388e-03 -2.391181402759e-03  8.760135970021e-03 
 5.536983421985e-04  4.982296969283e-03  1.265575339183e-03 
-2.728362596890e-03 -1.730126827419e-02  5.313598863403e-01 
 2.306806516050e+00 -1.291400763452e+00  6.237413884294e-02 
 1.509975806157e-02  2.092916266164e-01 -7.371017396290e-03 
-4.103012812677e-03 -3.749352533908e-02  1.582330493058e-01 
-3.126792072149e-02  1.615735946724e-01  1.149704688059e-01 
-1.436159853940e-01  3.072012811234e-03  5.660718553051e-03 
-7.185340430277e-03  1.453837422521e-02 -9.760254290272e-04 
-2.704218518861e-01 -4.190816775396e-02 -7.800035910280e-01 
 3.270918844291e-01  1.392711611986e-01 -2.810103408368e-01 
-4.097015976058e-02  7.560664457781e-01 -3.363920659502e-01 
-2.382438590093e-01 -1.403723401313e-02  2.050706245020e-02 
-1.251352651382e-02 -9.437947329918e-03 -7.496506892429e-03 
 8.656429989815e-02  6.830562902460e-01  5.793629761321e-01 
-6.724851546483e-01 -1.142434253610e+00 -2.011094437543e-01 
 1.017421238395e-02 -2.019407292896e-01 -3.641071032467e-02 
 1.101296091833e+00  2.185405246900e-01 -4.511220881065e-01 
 1.948789213745e-01 -4.281560517403e-01 -1.247494736807e-04 
-5.649602862728e-04 -2.584099639261e-04  8.742396407193e-04 
-4.199650005100e-04 -1.249487999832e-04 -2.377165441082e-04 
 1.692906988487e-04 -2.983185771428e-04  2.884987117895e-05 
 2.196195433139e-04  1.592242691938e-04 -3.550038207135e-04 
-9.557595375080e-05 -2.302476533648e+00  3.981961368506e-01 
-1.006253403345e+00 -1.099112601014e+00 -1.923313028110e-01 
 1.132521742648e-03 -5.156217743465e-04  5.971575271109e-04 
-3.545671624926e-04 -3.712860424358e-04 -9.334483040357e-04 
 1.190188482561e-03  9.445460043966e-05 -2.495626442605e-05 
 3.961695755719e-04  3.104318716497e-01  1.033150782139e-02 
-2.952949317555e-01 -2.278087148519e-01 -3.953236526123e-02 
-1.932658461954e-03 -9.294301312999e-03  1.614541666835e-03 
 2.649958601536e-03 -4.995330310708e-03 -2.460167641035e-03 
 1.240096288213e-03  1.363214861720e-03  3.699357144746e-03 
 1.425467200314e-03 -7.254279939187e-04  2.406348054900e-03 
-2.608385382428e-04  2.032462972689e-03 -1.155679200485e-03 
-4.250036697990e-03  4.134390179310e-03  9.824184348308e-01 
-4.243832226952e-01 -2.417091583958e-01 -1.121312133000e-01 
 4.848740716262e-02  2.793006126297e-02  3.487623345668e-02 
 3.761726625080e-01  3.551696654069e-01 -7.758032754720e-01 
-2.604492778857e-01  1.913245027574e-03  7.431069113738e-04 
 9.731732670096e-04  1.556502624966e-03 -6.929212880898e-04 
 6.668299407420e-01 -7.277868874559e-02  3.004493095351e-01 
-2.526894490783e-01 -7.332818573012e-01 -6.690451158118e-01 
 7.397008907112e-02  6.448793808023e-01 -1.560709975363e-01 
 4.985243864104e-01  9.630921652232e-03 -2.656748447723e-03 
 1.823697716884e-03 -5.386888076392e-03 -2.322339832804e-03 
 3.971072105170e-05  1.822233751440e-04 -4.762820496426e-05 
-6.565909579820e-05  1.717141442688e-04  2.767501679351e-05 
 3.186522046209e-05 -1.287737876959e-05  4.155739932815e-06 
-7.425754116972e-05  2.684353150655e-05 -3.943776673942e-05 
-1.480502223556e-05 -7.264495439678e-05  4.214685652501e-07 
 1.111813765518e-06 -9.618328558893e-07 -1.960581000005e-03 
-3.089635182312e-04  5.750980666589e-04 -7.189592401327e-05 
 2.434764186677e-06  2.003534132836e-05  8.609765640632e-01 
-1.715847151767e-01  8.260761939196e-02 -2.916621384033e-01 
 8.453856763754e-01  3.733979751246e-05  1.478862185307e-07 
-1.050535475814e-05  2.186783981234e-05  1.889185331014e-06 
-1.453606604146e-03  2.612091200792e-04  2.492529623664e-01 
 6.479346545526e-01 -1.207351760757e-01  1.455435350050e-03 
-2.637036120364e-04 -2.500819531638e-01 -6.455228028189e-01 
 1.207784011086e-01 -3.048940652427e-04  1.092841607109e-04 
-6.831844360701e-05  1.332998696846e-04  2.158099659457e-05 
 3.926925047612e-01  1.875768083882e+00  1.163488946191e-01 
-7.984172820740e-01  1.727869839322e+00  3.124639052369e-01 
 1.597478705894e-01 -1.056481655234e-01 -1.992140848588e-02 
-6.429240717379e-01  3.243003953334e-01 -5.342131544645e-01 
-1.158335644689e-01 -8.151924458327e-01 -8.157186855937e-04 
-3.734684118504e-03 -1.143623496759e-03 -3.380971687613e-03 
 9.583461574243e-04  1.907482377349e-03  4.188996704687e-04 
 8.378318875864e-04 -3.563194607591e-03  5.724069041975e-04 
 2.329776716562e-03  2.932247201485e-03 -4.961630126867e-03 
-2.276653675759e-03 -7.968848413135e-02  9.661598579092e-02 
-2.097749242437e-01  2.697426476841e-02  5.748518989695e-03 
-3.783908936213e-03  5.512260773370e-03 -5.542373912408e-04 
-8.483524504764e-04 -2.270789716711e-03  6.664691926747e-03 
-2.671072866156e-03 -2.575686936645e-03  1.425722174313e-03 
 4.891972865097e-03 -3.249088150057e+00  8.312225772523e-01 
-7.515410969834e-01  1.513184737633e+00  2.732633433804e-01 
 7.049918898505e-04  3.557423220891e-03  4.862024055508e-03 
-3.986801865637e-03  7.449749443146e-03 -6.334870477765e-04 
 3.028149114421e-03  8.029770697360e-04  4.507203395781e-03 
-2.899469416523e-03  1.819196603002e-03 -1.631748557754e-03 
-9.993031701743e-04 -4.281403575087e-03 -1.462870698833e-03 
-5.137922520907e-03  5.017844568081e-03  1.573948215438e+00 
-6.802884644926e-01 -3.892164882055e-01  3.471703277078e-01 
-1.499677791962e-01 -8.537931897203e-02 -3.165052728437e-02 
-3.232494224431e-01 -3.074301956022e-01  6.657141691202e-01 
 2.276562628972e-01  2.262044050134e-04  1.935614641815e-03 
-1.039881562169e-03  1.337915013324e-03 -8.426616957547e-04 
 1.914293722925e+00 -4.475337995137e-01  9.561727491065e-01 
-3.640408129749e-01  2.464964878837e-02 -1.917007304510e+00 
 4.489199688921e-01  8.187173045533e-01 -4.026513862476e-01 
-4.611895974113e-01 -1.449966580901e-02  2.789550355205e-03 
-4.036099899601e-03  5.882858363883e-03 -4.456020398333e-04 
-5.873686351411e-04 -2.416913733946e-03  5.145096012840e-03 
-1.075011839402e-03  1.053312234702e-03 -1.188195076659e-03 
 9.926599289292e-04  1.205044183385e-03  3.143092473526e-03 
-5.108972838524e-04  4.896475218670e-04 -2.115567801962e-04 
-3.357188368702e-04 -1.000393804549e-03  4.280091308994e-01 
 2.070896404119e+00  1.478373907924e+00  6.451721700836e-02 
 2.167341287303e-02  2.478736051390e-01  4.760069442973e-03 
 1.610978620953e-03  1.899576173601e-02 -1.237328995711e+00 
 3.065930826753e-01 -8.722645971850e-01 -7.026910550699e-01 
 1.165173634497e+00 -5.143296651301e-04  1.250467051891e-03 
-1.938746156959e-04  3.229856567783e-04 -5.380121637114e-04 
-3.536661778804e+00  1.461439462042e+00 -1.145963345668e+00 
 5.400831544122e-01  5.219359742497e-01 -3.523169174630e+00 
 1.456949795217e+00  1.268461739886e+00 -5.033529201221e-01 
-7.446600000709e-02 -3.243379325379e-03 -3.911357940403e-04 
-8.494938684703e-04  9.185175992068e-04 -5.105261602621e-04 
orbocc
(*)
 0.000000000000e+00  0.000000000000e+00  0.000000000000e+00 
 0.000000000000e+00  0.000000000000e+00  0.000000000000e+00 
 0.000000000000e+00  0.000000000000e+00  0.000000000000e+00 
 0.000000000000e+00  0.000000000000e+00  0.000000000000e+00 
 0.000000000000e+00  0.000000000000e+00  0.000000000000e+00 
 0.000000000000e+00  0.000000000000e+00  0.000000000000e+00 
 0.000000000000e+00  0.000000000000e+00  0.000000000000e+00 
 0.000000000000e+00  0.000000000000e+00  0.000000000000e+00 
 0.000000000000e+00  0.000000000000e+00  0.000000000000e+00 
 0.000000000000e+00  0.000000000000e+00  0.000000000000e+00 
 0.000000000000e+00  0.000000000000e+00  0.000000000000e+00 
 0.000000000000e+00  0.000000000000e+00  0.000000000000e+00 
 0.000000000000e+00  0.000000000000e+00  0.000000000000e+00 
 0.000000000000e+00  0.000000000000e+00  0.000000000000e+00 
 0.000000000000e+00  0.000000000000e+00  0.000000000000e+00 
 0.000000000000e+00  0.000000000000e+00  0.000000000000e+00 