2mocoef
header
1
MO-coefficients from MOLCAS
1
48   48
a
mocoef
(*)
 7.081934609916e-07 -9.918774424019e-05  4.665272223932e-05 
 1.100911027021e-05 -1.467014374847e-04 -3.199152873340e-05 
-1.210287444953e-05  4.519700885372e-05 -3.456619627842e-06 
 7.194115702725e-06 -3.360469042567e-07  4.500764057707e-07 
 2.637972690885e-06  1.620707992973e-06  1.001382286819e+00 
-1.116307533550e-02 -1.657606046483e-04 -1.336673950179e-03 
 6.279273289972e-04  1.331941202186e-04 -1.357153140613e-04 
 7.099203391939e-05  2.046488041729e-05 -1.101614389826e-03 
 1.734537809210e-04 -7.774435262691e-04 -3.711803988442e-04 
 9.191387659182e-04  6.323451026478e-05 -2.124911665577e-05 
 1.554085882709e-06 -1.933420770078e-06  1.416548540986e-06 
-1.205456780110e-02  6.877757570216e-03 -1.975158109346e-03 
 9.212726913873e-04  5.573286105848e-04 -9.922382526654e-03 
 5.503673723287e-03  1.943257899097e-03 -9.122255729066e-04 
-7.481449998230e-05 -1.663176991230e-04  4.396799945465e-05 
-5.177181254743e-06  9.827540978444e-06  3.758365661364e-06 
 1.000996985076e+00  5.214449411471e-03 -5.546497979327e-03 
-2.588678053953e-03  8.576230991072e-04 -1.756017294965e-04 
 2.052084264926e-03 -7.155024138421e-04  1.172990296384e-04 
-5.554592873772e-05  6.542272310943e-04 -9.836623092406e-04 
 1.472783070095e-04 -6.316558436617e-04  1.094235527161e-06 
-9.962610479926e-06  1.976331277753e-06 -3.358658596073e-08 
 5.704087949223e-07 -1.799927725238e-06 -8.633781762878e-06 
 2.717728914411e-06  7.240828788139e-06  1.116443765192e-06 
 7.396658511321e-08  7.152990287557e-07 -1.422658105652e-07 
-8.430066544906e-07 -9.654269000394e-04  1.712979980907e-03 
-5.343513459030e-04 -4.292465283641e-04 -1.620804344971e-04 
-4.926124645015e-06 -9.059167141769e-06 -1.492084435845e-06 
 1.031806432167e-06 -9.447347255927e-07  1.204465940543e-06 
 5.733095276426e-06 -1.468060464799e-06  9.346429604101e-07 
-9.670803238094e-07 -1.620803580916e-03  2.605591349334e-03 
-4.195721125893e-04  5.162235615374e-04  1.053274361047e-04 
 1.199199783200e-02 -8.224706064793e-01  1.748660854615e-01 
 1.733738112866e-01 -8.770135146047e-02 -5.565454050316e-03 
-5.070867897224e-02  3.761491584765e-02  2.512603522672e-03 
 4.548137762707e-03 -4.402923040319e-03  8.377416621039e-03 
-3.327686099986e-04  2.400182596632e-03 -1.406683668611e-04 
 6.295070931039e-03 -1.255420031903e-03 -2.736858663272e-03 
 1.275490215737e-03  6.372330090233e-04  1.102479550235e-03 
-5.077019233695e-04 -1.276725419159e-04 -9.793790052235e-05 
 2.694307658431e-05 -6.901878883795e-05 -5.863725532066e-05 
 8.202695538430e-05 -3.542926634968e-01  1.653109416577e-01 
-1.344808627615e-02 -2.681198551298e-02 -8.499905789425e-03 
 5.609909052832e-03 -2.719422279665e-03  3.499361660554e-04 
-1.653244358609e-04 -1.125369114902e-04  1.266591016156e-04 
-3.856312079322e-04 -8.712678899112e-05  3.976097537619e-05 
 1.671282569156e-05 -4.994323877611e-01  2.304404102953e-01 
-1.244868976353e-02  3.356385990754e-02  7.275877058593e-03 
 4.439024845078e-05 -3.897769055726e-03  6.710617021435e-04 
 1.090493022747e-03  1.714108143840e-03  5.496934814453e-04 
-1.902067906761e-04 -3.530613067393e-04 -1.466742522509e-05 
-8.764295792388e-05 -2.533790056176e-05  4.460203068016e-05 
-3.393375051656e-05 -1.336353011417e-05  5.415192064151e-03 
-4.365804133385e-02  6.389718639855e-02  6.581870208281e-01 
-3.080891261542e-01 -1.078327406634e-01 -2.171941185133e-01 
 1.015715378680e-01  3.732781083296e-02  5.217423367454e-03 
-2.837615156875e-03  2.990123821349e-03  6.106120647517e-03 
-4.503214047845e-03 -3.405297792720e-03  1.458110286721e-03 
-1.113586339645e-04 -1.629922472957e-04 -6.430408912834e-05 
-6.544327401652e-01  2.751806012847e-01 -2.921511364746e-02 
 1.368587217656e-02  9.817235264838e-03  5.693951769845e-01 
-2.231139493836e-01 -3.441027503451e-02  1.610073966087e-02 
-1.161842009353e-03 -6.789180080736e-04  5.499446754799e-04 
-1.009526916582e-05  9.828211429615e-05  1.539012748279e-05 
-2.050415983604e-03 -8.096296372298e-02 -2.451347681456e-02 
 5.909643942312e-02  6.836217995609e-01  1.864555218225e-01 
-3.739275691188e-03 -1.621642830860e-01 -4.318507032518e-02 
-3.434947131862e-02 -1.655681421463e-03 -6.448113775416e-04 
-9.816901200081e-03 -7.211202240094e-03  1.371757159485e-04 
-8.730808564509e-03  1.381968736539e-03 -2.326771179499e-03 
 1.117549791585e-03  2.802782103138e-05  4.804665477057e-04 
-1.695169749953e-04 -9.334428167358e-05  8.607698027557e-05 
-1.254719962434e-05  7.051210318950e-05  2.089297765561e-05 
-7.350701058505e-05 -5.742103309702e-01  2.140453498165e-01 
-1.720954770966e-02 -1.549695579924e-02 -6.373087054463e-03 
-1.906511157757e-03  1.228011051880e-03 -2.507440273938e-04 
 1.096690097501e-04  5.346672663114e-05 -5.570525575813e-03 
 2.567557149585e-03  4.689847548243e-04 -2.234766160439e-04 
-2.778040085146e-05  5.257726677541e-01 -1.963329506264e-01 
 1.385267893651e-02 -1.542207657860e-02 -1.947097764398e-03 
-7.500845725733e-05  4.933683430044e-03 -1.917395579925e-03 
-5.919301180329e-04  7.496717219815e-03  1.814936853517e-03 
 4.587845282612e-04 -2.093773797157e-03 -1.727237681688e-04 
-3.718192382013e-04  1.130089134042e-05 -4.610464632463e-05 
-1.093515725840e-04 -8.124824751366e-05  2.699948738688e-03 
 8.658424115156e-01 -1.483603739766e-01  2.600480134253e-02 
-1.275461727068e-02  2.013221942154e-02  2.709834190403e-02 
-1.276024867990e-02 -1.572362625172e-02 -1.112721584731e-02 
 1.795375648504e-03 -7.743304220161e-03 -3.772855428862e-03 
 9.279132242629e-03 -3.304948438048e-03  1.061284560709e-03 
-7.940481022561e-05  5.457085256351e-05 -2.802765716062e-05 
 3.826052585572e-01 -1.881493396762e-01  3.381816645994e-02 
-1.581483617283e-02 -7.112156758299e-03  3.641247196023e-01 
-1.834103539607e-01 -3.408827868329e-02  1.593633898821e-02 
 3.630475766038e-03  8.650456354889e-03 -2.942906007665e-03 
 2.404337671520e-04 -4.295570033058e-04 -1.129781472520e-04 
-1.296273376632e-04  1.566471505853e-03  5.360090759756e-03 
 2.235968178643e-03  5.547425102175e-04  7.603385258475e-04 
-1.249522273409e-03  2.273113162649e-03 -3.077088904647e-03 
-9.962424791913e-05  8.722643020277e-06 -1.270261841609e-04 
 1.178232679121e-04 -1.347925840815e-04  2.013179777146e-04 
-5.303900624477e-02 -3.488890848126e-02  1.201725178747e-01 
-4.120123714425e-02  9.199313632937e-01  8.422639143190e-03 
-2.811393438817e-03  5.138152927691e-02 -8.590646588772e-04 
 5.280452931807e-04  1.140612375739e-03 -1.484871956247e-03 
 6.574045051685e-04 -1.000744865164e-03 -2.889368006994e-04 
 1.587063564386e-05 -2.196755635614e-04  1.736098053008e-04 
 5.990784646634e-02 -3.133073557478e-02  7.783824821052e-03 
-3.147424193981e-03  3.066463064414e-02  6.580168157086e-02 
-2.704510384426e-02 -1.010184076312e-03  9.158271578387e-04 
 2.827178159062e-02  1.270693385089e-03 -7.975407225770e-03 
-9.550558466791e-05  3.848343077666e-04  3.551324023629e-04 
 5.428591136801e-03  3.871151388291e-01  1.099202298148e-01 
 8.260489479101e-01 -9.890249915767e-02  8.627461910443e-02 
 9.710044775217e-03  6.983342253621e-03  7.996315349901e-03 
 4.224365226243e-03 -3.865810706892e-03  1.418287794067e-02 
-1.371067963139e-03 -8.585213569585e-03  1.242818889334e-04 
 8.758396277876e-05 -2.318608980373e-03 -6.723651361264e-04 
 3.415674715608e-04 -1.767067435250e-03 -1.152318417418e-03 
 5.640179058104e-04 -6.440218989137e-04  1.048471524476e-04 
-1.555890920465e-05  7.541992112712e-05  3.437437522448e-05 
-8.772823893319e-05 -2.279574735786e-01  6.526306527679e-02 
 1.057960870238e-02 -1.321321732880e-02 -2.276237227390e-03 
 1.819756660093e-04 -5.274057057999e-04  9.543778129345e-05 
-4.680983927726e-05  1.876346919099e-05 -6.364500275282e-04 
 4.126089836308e-03 -3.292505232193e-04  1.523061236943e-04 
 1.511462619608e-06 -2.126336073097e-01  6.839260807252e-02 
 1.474460809415e-02  9.160952871913e-03  4.013459207728e-03 
 8.950846265444e-05  2.896956162876e-04 -1.120286772354e-03 
-1.012244279218e-04 -1.764750556947e-04 -4.368045514119e-05 
 3.034619776516e-04 -2.966686449309e-04 -3.183784387444e-04 
 2.341824894925e-05 -2.654607214506e-05  3.245901847057e-05 
 1.531532024666e-05  3.365295370986e-05  1.629213392062e-04 
 2.780690071788e-03  1.868636633325e-04  3.924365013109e-01 
 8.423515671795e-01 -1.363145037364e-02  2.382890877742e-02 
 5.142216334270e-02 -5.909126441516e-04 -9.267891686348e-04 
 1.338202549258e-03  9.807409149286e-05  6.611132729351e-04 
-9.482708148180e-04  3.731873066349e-04 -4.368608212552e-04 
-6.668035145811e-06  1.318450808764e-05  2.029790946554e-05 
-1.045630010873e-03  3.463188874053e-06  1.363219068761e-02 
 2.954735811913e-02 -4.669328043361e-04 -1.008963889524e-03 
-9.641577044645e-05  1.227000830336e-02  2.610375468177e-02 
-4.354006744134e-04 -2.302546760514e-05  1.181420728807e-03 
 2.310353212111e-05 -8.386135642935e-05  2.684986979608e-06 
-1.688855870805e-03 -2.487814269267e-02 -5.749781063639e-03 
-9.047182680064e-02 -1.822111359257e-01  6.946303663554e-01 
-3.309573242530e-02 -7.584408943421e-02  2.889403392260e-01 
 4.613068798778e-03  4.770151897769e-03 -9.538863867049e-04 
-1.959104342768e-02  3.555621255735e-03  1.013088100843e-03 
-4.377826706272e-03 -2.852770541394e-02 -8.059751841825e-04 
 1.176970371684e-03  7.504593273551e-03 -3.762214292178e-03 
 1.263203089882e-03 -5.774980966613e-03  7.193004612988e-04 
-1.446937058374e-04  5.907152134195e-04  3.423039703973e-04 
-5.805218354840e-04  2.872490356585e-03  1.000070753663e-02 
-2.303904493502e-03 -4.501540626544e-03  1.855805346948e-02 
 2.606178010718e-03  1.428045693780e-02  1.537878329343e-03 
-6.031902622354e-04  7.961702944874e-04 -9.966725402085e-04 
 2.988522322291e-02 -1.614544168419e-03  8.306252770447e-04 
 8.280944053041e-04 -3.699265535149e-04  1.600586012126e-02 
-2.336770776412e-03 -5.617926358030e-03  1.910676089553e-02 
 8.117728500517e-03 -6.981178564783e-02 -3.732291321772e-01 
 4.721372523321e-02  1.309915068264e-03 -3.720039091069e-02 
 1.036458570128e-01 -3.834252289065e-02  1.523705587830e-02 
 1.504165366766e-03 -1.727248246589e-03  3.975713972219e-03 
 4.259461102195e-04  1.316935824416e-03  4.026442455431e-02 
-2.780556072122e-01 -1.218218561290e+00 -1.155292511194e-01 
 5.565000889717e-02 -1.404208994844e-02 -1.353788843113e-01 
 6.343821046437e-02 -3.549769466231e-02  1.176323794043e-02 
-1.652478774240e-03  8.338179888745e-03  3.511316428045e-03 
-9.758751520962e-03  2.469460189692e-02  2.325658000966e-01 
 1.265973511593e-03  2.966754384118e-03 -1.445406701440e-03 
 2.230934022377e-01  5.747213899177e-01  1.738700124109e-02 
-7.996598570276e-03 -6.237532083988e-03  2.600092797703e-01 
 1.117771309785e+00 -1.978196028888e-02  9.256768117993e-03 
-8.069666270662e-05  2.497954767332e-03  3.656676590592e-01 
 2.549944012162e-03 -4.064370711172e-03 -3.317676323429e-03 
 4.043852793016e-02 -2.868604464323e-01 -1.628994785532e+00 
 2.460577677578e-01  4.856280526188e-02  3.234343076790e-02 
 4.428522782710e-01  9.387919653469e-03  4.843077325043e-02 
 1.925190531441e-03 -5.401333785794e-03  1.061595189470e-02 
-1.119733524388e-03  1.088112289088e-03 -8.980909039904e-03 
 6.355225600991e-02  2.603583509951e-01  3.969350451512e-02 
-1.973607758753e-02  1.408293480196e-02  5.218366973349e-02 
-2.376646931110e-02 -5.700719573910e-03 -1.285012270633e-03 
-5.954552527945e-05 -7.032720518839e-04  7.594081574187e-05 
 1.030336457835e-03  1.254599811538e-01  1.319346197348e+00 
 5.929278037862e-03  7.331599057290e-03  2.696421242239e-03 
-5.813759522672e-02 -5.940184981840e-02 -6.185899855364e-04 
 1.361852768383e-04  2.625154051624e-03 -7.489738959383e-02 
-2.851966135772e-01  2.759161895332e-03 -1.372190224397e-03 
 1.489787035922e-03  6.465871005686e-02  1.229777300357e+00 
 1.031640378320e-02 -8.200177970330e-03 -9.019610857274e-04 
-1.132641774692e-03 -1.612011582607e-02  4.210773482563e-02 
 1.259665903065e-02  1.161858102009e-01  3.163769631750e-02 
 3.240332797499e-02  2.580166436567e-01  7.115756583045e-02 
-6.377167115978e-03  1.114110558890e-03 -1.608153310356e-03 
-1.428720128766e-03 -3.633773332820e-03 -7.158445788593e-03 
 5.929204442333e-02  4.398303937261e-01 -3.170567162031e-01 
 1.484375243172e-01  4.473488862455e-02 -5.927053592338e-01 
 2.773133392506e-01  1.020596417502e-01 -1.368503717616e-02 
 4.328288197009e-03 -9.070510107935e-03 -9.265399520762e-03 
 1.157146162099e-02  2.771346688779e-02  4.301728352226e-01 
 1.051462106424e-04  2.738171575198e-03  8.388359215442e-04 
 9.946135766296e-03 -1.817861082205e+00 -2.667652368923e-02 
 1.256113074854e-02  5.470597886349e-03  6.369515508750e-02 
 1.110164898091e+00 -1.945788182455e-03  8.413775156355e-04 
-9.830377392575e-04  7.378611885776e-03 -4.732413014123e-01 
-2.343974336769e-04  5.960058002916e-03  1.237219372567e-03 
 4.259624255552e-03 -1.985796604207e-02 -3.816127892955e-01 
-4.138287745586e-02 -4.665941689599e-01 -1.308525236086e-01 
-3.165747850493e-02 -1.019388908667e+00 -2.698854142108e-01 
 2.238830876639e-02 -4.296679471261e-03  6.878684288004e-03 
 5.877993633724e-03  1.188223038511e-02 -4.009040770899e-03 
 2.892146590054e-02  1.685466284957e-01 -7.446188968417e-02 
 3.252486228265e-02  2.496806423990e-02 -1.419231537950e-01 
 6.844781997027e-02  1.645224229068e-02 -3.290502866668e-03 
 8.442802785166e-04 -1.883588184341e-03 -1.958608289387e-03 
 2.713491299878e-03 -8.306592827588e-02 -1.523932271915e+00 
 4.936956769430e-04 -8.675078642992e-03 -2.830683429229e-03 
-1.542831071622e-02 -4.803372311281e-01 -5.079871425225e-03 
 2.035544658049e-03  3.003526448540e-03 -8.434176475307e-03 
 2.372411662834e-01 -6.900927091357e-04  6.721073675232e-05 
 1.251367568607e-03 -1.554286691228e-03  2.068712356689e+00 
-2.694750201862e-03 -1.959980319457e-02 -5.153820785208e-03 
-4.260652511506e-03 -9.811595096577e-03  4.275396346916e-02 
-2.488935537342e-02  1.754670774015e-02 -9.460483728646e-02 
 1.987761930777e-02  4.987024391210e-02  1.150441080560e-01 
 3.905778425353e-03 -2.078430444516e-03  4.190318136841e-03 
 1.000630553651e-03  4.612733140303e-03 -7.022896970616e-02 
-1.423261520968e-02  3.507937846516e-01  1.053157861317e-01 
-4.762554660634e-02  1.644635206158e-02 -2.031162945275e-01 
 9.206100943306e-02  7.503968265810e-02  1.232419849547e-01 
-1.650852639784e-02  8.898100435792e-02  3.537455901144e-02 
-1.026191036398e-01  1.879230153264e-02  1.484998290711e-02 
-1.298134719180e-03  6.243592544506e-03 -2.953554364434e-03 
-1.135194755830e+00  6.806791545297e-01  1.376748326855e-01 
-6.409826269087e-02 -1.734854899203e-02 -1.609039848251e+00 
 1.566982078208e+00 -1.409776730320e-01  6.630027661597e-02 
 2.394813781560e-02 -6.354971291557e-02 -1.669715473258e-02 
 2.155588614115e-03 -4.170735778771e-03 -6.933160548939e-03 
-4.666244111697e-02 -5.693474081978e-02  6.750782052408e-01 
 3.901581930055e-01 -4.265676018162e-01 -8.460752697341e-02 
-6.705629393376e-01  1.788678009461e+00  4.136784580828e-01 
 9.120203249111e-02 -2.549229809237e-02  3.803050129968e-02 
 2.344097372602e-02  6.697560676470e-02  2.960695602781e-03 
 6.209022580670e-03 -1.425388166652e-02 -3.307267503042e-03 
 1.351710893123e-03  8.054579228272e-03  8.444569761437e-03 
-3.653440296680e-03 -1.295542920424e-02 -3.730829354587e-03 
 4.433818472695e-04 -2.749637657551e-03 -9.058696977501e-04 
 3.107534376837e-03  4.518625512850e-01  1.199362649411e-01 
-3.929808886139e-02  4.742122379614e-02  7.631542196841e-03 
 3.950206461863e-02 -2.675357984493e-02 -3.103422150797e-03 
 1.407896054275e-03  1.642108548781e-03  4.961592169459e-02 
-5.228180922164e-02  3.834479487035e-03 -1.808120608176e-03 
-4.571078556630e-06 -1.415938683142e+00  3.464034326682e-02 
 4.491253076838e-02 -1.278508801200e-02  6.117205646594e-04 
-7.709189857716e-02 -1.018292739568e-01  5.868697909713e-01 
 5.103363313613e-01  1.027651326036e-01  5.176649943260e-02 
-1.067744839045e+00 -5.583525481247e-01 -2.297880228533e-01 
-9.608067600409e-02 -8.804882355193e-02  9.500459911237e-02 
-3.525873722888e-02  1.037001948769e-01 -8.998801333950e-04 
-2.292408103655e-04  4.655325500686e-03 -1.719036806174e-03 
 3.314039671763e-03  4.286969936729e-04 -1.516315201435e-03 
-2.284510312912e-03  9.298463386343e-04  1.477729337685e-03 
-2.260554176498e-04  1.016682832590e-03  5.104723912254e-04 
-1.172948746012e-03 -1.650073052374e+00  9.759847526089e-01 
 2.118718594091e-02  4.401133045096e-02  1.244186978630e-02 
-1.320696305019e-02  3.015304334377e-03  2.608560247901e-03 
-8.187818422879e-04 -5.177910511528e-04 -1.831471924201e-02 
 2.214302651492e-02 -6.750520439771e-04  5.323003050610e-04 
 3.433914660443e-04 -4.203559155355e-01  3.076564431176e-01 
-2.057749304231e-02 -5.691386765581e-02 -1.922380511520e-02 
 5.809003477905e-02  2.463330698086e-01 -2.376733642055e-01 
 2.912071332755e-01 -3.601796265027e-01  1.463929746526e+00 
-3.358579802067e-01  2.916380972984e-01 -1.658827397091e+00 
 6.193051933751e-03  2.890995497690e-02 -3.948511387627e-02 
 3.554113937152e-03 -4.231523954469e-02 -9.663845175511e-03 
-3.310132314140e-02  5.066018458327e-02 -1.162617661964e-02 
 1.239551254882e-03 -5.438027392724e-02 -2.479117025714e-03 
 6.175369162930e-03  7.321603845443e-02  7.305386152842e-03 
-7.438649487830e-04  5.127390482738e-03  1.512747198785e-03 
-6.176738210746e-03  1.903872662799e-01 -3.053491936768e-01 
-6.755866373923e-03 -5.821644572056e-02  2.877149558359e-02 
-9.449450515693e-02  6.164841833756e-02  4.994415458063e-03 
-2.973146382309e-03 -8.528781383420e-03 -1.075566134128e-01 
 1.259882084293e-01 -1.689911224058e-03  4.776926243780e-04 
-2.251584229545e-03  2.137822158398e-01 -1.079032781392e-01 
 1.665318142215e-03  2.285459645129e-02  8.240988340611e-02 
-1.501246625538e-01 -6.274797594942e-01  5.788782195331e-01 
-1.212395045010e+00 -1.925482387233e-01  3.935529308004e-01 
 1.366745287032e+00  5.188393907873e-01 -3.545039927547e-01 
-1.936557310630e-02 -9.141153980772e-02  1.078334603877e-01 
-1.380043254539e-02  1.242611097350e-01  1.804553232729e-03 
 6.352940048074e-03 -1.057065100842e-02  4.025104425636e-03 
-4.085114907517e-03  8.890392143870e-04 -3.399583527888e-03 
 4.273428968761e-03 -2.031715473035e-03 -8.068447305745e-04 
 1.497872479330e-04 -5.531072744281e-04 -3.475969984515e-04 
 6.289100447017e-04 -5.735162351863e-01  9.086123445844e-01 
 7.371550450455e-03  1.320219051082e-01  5.113624639925e-02 
 1.174055738747e-02 -5.863040024699e-03 -1.822406505992e-03 
 5.259600360646e-04  5.116452136878e-04  1.558717815747e-02 
-1.681888318682e-02 -1.160746054874e-03  3.894758096807e-04 
-9.366480323374e-05 -6.168339270594e-01  3.336514687498e-01 
-2.673007593520e-02 -1.236773373104e-01 -7.996800932114e-03 
-1.877396590764e-01 -8.125363326329e-01  1.112501704139e+00 
 7.506551016550e-02  1.144762019386e+00  3.203168402119e-01 
-2.801173724403e-01 -2.088988615313e+00 -5.922663875511e-01 
 2.986148812811e-01 -1.054996968613e-02  3.531959658597e-02 
 8.260199263151e-02  9.472227130751e-02  3.451478784664e-04 
 2.127160643160e-03 -1.139993995249e-02 -2.350053048037e-03 
-1.538097698141e-02  9.681116426047e-02  9.315667068865e-03 
 1.615601100994e-02 -1.222315413016e-01  1.027370240068e-04 
-5.954560482444e-04  2.074881632391e-04  1.155343497772e-03 
-2.860417229889e-04  5.260317880515e-01 -1.929220159177e+00 
-1.847557242218e-01 -1.515290526577e-01 -5.796139837129e-02 
 1.482664852002e-02 -3.433006244525e-03  5.865249312613e-03 
-4.618032735373e-03  9.260159576537e-03  9.241916134837e-03 
-1.254790774453e-02 -1.636846571470e-04 -4.281421371646e-04 
 2.760943209046e-03 -6.580880997915e-01  1.637939717494e+00 
 1.057540355580e-01 -1.997521679221e-01 -4.297452832528e-02 
 5.975472651882e-02  2.770386112520e-01 -4.088894610316e-01 
-4.278082675200e-03 -7.786539501714e-02  4.340226329396e-02 
 4.611456540120e-02  1.301216860634e-01 -3.767586693283e-02 
-1.827624055453e-02 -6.547233230515e-04  1.453815768115e-03 
-5.283290204696e-03 -3.670383187476e-03 -1.144878278347e-02 
-6.518840191866e-02 -6.688009020954e-02  2.080454087501e-01 
-1.853213502235e-02  1.374296202556e+00 -2.036357137009e-01 
-3.324766990776e-03 -1.739504261402e+00  1.086160643644e-02 
-4.891021662956e-03  5.724361107627e-03  1.042884219396e-02 
-8.392172778684e-03 -2.653105124579e-02  1.753446556120e-01 
 2.003125589174e-02  1.578749669549e-02  4.424453153566e-03 
 1.386361232847e-01 -1.068923526775e-02  5.513453537106e-02 
-1.734590532351e-02  1.378567385606e-01 -9.325051019670e-03 
 4.195884261528e-02 -2.762156277598e-02  1.430285058914e-02 
 2.071285322984e-02  5.377251895064e-02 -4.788432064867e-02 
 2.614010205362e-03 -4.516319938697e-04  7.608581246808e-04 
 1.352908274323e-02  6.286925266736e-02 -9.630904583444e-02 
-9.192578561498e-04 -1.226279561649e-02 -5.571472239901e-03 
 1.095257719846e-02  2.245640545414e-02  9.720891678846e-03 
-3.653543360424e-03 -1.082443752866e-03  1.120459627814e-03 
-1.139885075616e-03  4.522551230966e-04 -1.755718038255e-05 
-7.898313769596e-04 -1.055614244464e-02 -5.843127578965e-01 
-1.274366615628e+00  6.758996071286e-02  7.350013387055e-01 
 1.594855869947e+00 -8.584630623592e-02 -4.886018662639e-03 
 1.301109383501e-03  7.489394397206e-04  1.381245407981e-03 
-7.976086087117e-03 -8.119569966008e-03  4.289134726564e-02 
 4.146877046202e-03  3.885254428722e-03  1.479607993417e-03 
 9.251930680812e-03 -2.413307016192e-04 -5.975468671309e-02 
-1.361762658974e-01  6.583195717037e-03 -1.164691122150e-03 
 6.112687942275e-03 -1.186198047425e-02 -1.833244818279e-02 
 1.005841006064e-03  8.518458947748e-03 -3.398297754553e-03 
 7.725038321432e-04 -9.956736294140e-04 -1.721294220821e-04 
-7.210053557254e-01 -3.347340302305e+00  5.509701155874e+00 
 1.641499903299e-01 -1.872261443266e-01 -2.260093140716e-02 
-7.206190392210e-01  5.409916916859e-01  5.535400944870e-02 
-8.482503175356e-02  6.971933366806e-02 -9.715017339191e-02 
-1.433787509614e-02 -1.057271674313e-01  9.248212242112e-03 
 2.969372514242e-02 -5.163958074543e-02  1.090335849738e-01 
-6.959925896688e-02  7.335812517240e-02 -1.983866335151e-01 
 1.162286805665e-01 -8.530768670175e-02  1.034190889639e-03 
 1.932550490204e-03  6.909889129922e-04 -3.842867003787e-03 
-7.520245032827e-04 -3.447117173795e-02 -8.550176417823e-01 
-1.120182133438e-01 -1.128935158195e-01 -4.214793379214e-02 
 3.815088964838e-02 -1.244989617342e-01 -2.901113798830e-02 
 1.186795442850e-02  1.494330838981e-02 -1.286756653493e-02 
 1.377380700341e-01 -3.437181325093e-02  1.657766598228e-02 
-1.126535114351e-03  1.484482481447e-01 -1.819437842246e+00 
-1.660953602867e-01  2.360954803745e-01  4.654391723481e-02 
-7.808483012886e-02 -3.621609566467e-01  5.944999378174e-01 
 5.774361929482e-03 -2.701802509501e-02 -1.868761513713e-02 
-5.995867940497e-02  8.038986255561e-02  2.967040102329e-02 
-1.085247122372e-02  6.634791089816e-03 -1.128611387096e-02 
-3.621779900585e-03 -1.066602386598e-02 -1.168309979048e-01 
-4.316254681829e-01  5.588250415114e-01 -9.623513193865e-01 
 4.468175752776e-01  1.617958348562e-01  1.825822746090e+00 
-8.502948805903e-01 -2.850234935768e-01  8.630080261088e-03 
-1.889631264731e-02 -1.959399062426e-04  4.064362232901e-02 
-7.991801968336e-03 -8.736363105916e-03 -6.643666720572e-02 
-1.069178101462e-02 -1.031935396350e-02 -2.563720932187e-03 
-3.873141450743e-01  1.328224985380e+00  2.896910046845e-01 
-1.352198721319e-01 -6.358472270491e-02  4.876352794963e-02 
-1.218356424831e+00  3.069393312887e-01 -1.447106616120e-01 
-3.217881019020e-03  1.967014406565e-02 -2.178253319102e-01 
-1.800904488629e-02  2.606645327143e-02  5.743896602161e-03 
 1.059659257991e-03  5.015606029701e-03 -8.612722158032e-03 
 5.275091840422e-03  1.767031186519e-02 -5.228404398179e-02 
-5.426366039758e-03 -2.209032116355e-02  5.184411607547e-02 
-8.290618869724e-02  5.398245648466e-01  2.835333946550e-01 
 7.326667663239e-02  1.438064145735e-01  3.882081221080e-03 
 1.849710663556e-02 -3.249182935895e-02 -2.130167357846e-03 
 9.126664590083e-04 -2.751615145433e-03  7.455857275643e-03 
-3.378783045099e-03  2.064565427409e-03  9.081024214604e-04 
-1.202372043976e-04  6.686029872594e-04  2.581183890832e-04 
-7.539997697371e-04  1.091224857658e-03 -2.949272520539e-03 
 3.724374948695e-02  9.424134792660e-02 -3.606574783462e-01 
 8.558452627687e-03  4.798481700227e-03  2.897855791775e-03 
-1.353335069188e-03 -8.436170109670e-04  2.968247959766e-03 
-1.479420312185e-03 -2.033307367793e-03  9.725119389147e-04 
-1.360786834405e-04 -1.875066700276e-03  7.319726561049e-03 
-3.013084600952e-02 -8.114005344697e-02  3.028259895368e-01 
-1.520177733892e-03 -6.197854210466e-03  1.479777050473e-02 
 1.031932360738e-04 -1.798680328271e-03  7.625404986409e-03 
-3.828302394762e-03  4.524308016134e-03 -8.748328036172e-03 
-5.161550195342e-04 -1.862174522421e-03  1.297437108155e-03 
-1.361878577538e-04 -5.212470334413e-03  2.124278346832e-01 
 9.444714459941e-01 -1.876670845436e+00 -1.852389234844e-01 
 8.936079434933e-02 -1.497029201844e-01  1.414636425495e+00 
-6.647474562806e-01 -6.058593460739e-02  6.106359298174e-02 
 7.588258557574e-02  6.886069622298e-02 -1.625494940690e-01 
-4.810436223798e-02 -2.029508983947e-04 -2.523294705780e-03 
 1.903157043720e-03 -1.413984814760e-03 -1.971153742613e-04 
 1.545316938370e+00  3.684590729627e-02  1.168381451646e-01 
-5.885834774041e-02  3.433520712619e-01 -9.562288583370e-01 
 3.769970967658e-01 -1.569321136422e-01  7.927547298498e-02 
-4.625344921729e-01  1.867883213571e-04 -9.572079672343e-03 
 1.077493947808e-03  1.111553456981e-03 -1.841571627513e-03 
 1.094110889548e-01  4.430260405311e-01 -7.619885410472e-01 
 1.588951299670e-01 -2.068275725423e-02  2.148405889345e-03 
 1.581559666143e-01 -5.236052813818e-02  1.156766532207e-02 
-1.260194680661e-01  8.655156742815e-02 -5.045745050572e-01 
 1.101043905778e-01  5.413447776784e-01 -1.211390771993e-01 
-5.701055100244e-01  1.010743552769e+00 -8.307030777682e-03 
 4.458288626324e-03 -1.057186328292e-02  1.468974948657e-02 
-7.718264162752e-03  2.555159407547e-02 -2.930855052019e-02 
 1.291199386781e-02 -1.793356920817e-02 -2.763701199386e-02 
 2.459011871608e-02  2.119902151477e-01 -1.501349234735e-02 
-2.547648349214e-01  1.303964085445e-01  9.488727006066e-03 
-1.057562048199e-01 -1.625640614561e-01 -7.827654084257e-02 
 3.605582071096e-02  6.873897209232e-02 -1.609716645203e-01 
-6.463477539432e-02  6.871483453723e-02 -3.217926444392e-02 
-4.355898032793e-02  2.450027085611e-01  3.553256387859e-02 
-2.446941055454e-01 -6.009492032509e-02 -3.734923759179e-02 
-2.105193321606e-02 -8.484048366431e-02  1.317886369407e-01 
-3.994664361816e-02  1.514119143252e-02 -2.538127756209e-02 
-2.297375757143e-02 -9.284558165030e-03  1.968181920092e-02 
 3.673767957960e-02 -1.400613041604e-02  1.132681249125e-01 
-4.435576703895e-02 -1.112207289741e-01 -5.570908574678e-01 
-2.618875046644e+00  4.649165646905e+00 -3.542200632121e-02 
 1.602392593535e-02 -4.196717532388e-02  2.982086092720e-02 
-1.395714796724e-02  1.149166747410e-01 -1.339006159362e-01 
 5.649841225637e-02 -8.340945643285e-02 -1.208543814226e-01 
 1.132013720481e-01 -4.929305786964e-02  7.238119624927e-03 
 5.492695053177e-02 -2.914166222427e-02  5.000653615242e-03 
-5.249811594444e-01 -7.394632015637e-01 -3.580409346721e-01 
 1.636750418107e-01  3.029033793977e-01 -6.992788416340e-01 
-3.117088093685e-01  3.177781659793e-01 -1.465433771394e-01 
-1.850128627556e-01 -6.156917814820e-02  3.017892523568e-02 
 5.505675352475e-02  9.042287801428e-03  1.953041562893e-02 
-2.879562486673e-04 -1.271545381983e-03  2.212689183445e-03 
 1.212963294135e-04  2.341919471505e-05 -8.893805360249e-04 
-4.026620247720e-04  5.677007781829e-04  3.523948971390e-04 
 6.488202991316e-04  3.624237840754e-04  7.945426453022e-05 
-2.777478114799e-03  2.616669071801e-05 -3.994956720974e-04 
-1.864144329754e-03  3.607261816510e-03 -7.803123784066e-02 
-1.675651918276e-01 -2.125289620596e-03  7.837178145411e-02 
 1.737598195531e-01  2.563699856395e-03 -1.587492259390e-01 
 2.608883463907e-02  5.052998544292e-04  9.022033424896e-03 
-1.910221852601e-01 -1.565183905707e-04  1.010011400405e-04 
 3.003815347345e-05 -3.082573624883e-04  8.164452646268e-04 
-2.017223448985e-03 -7.787109464560e-04  2.246467714236e-01 
 4.789667065518e-01  6.326632569130e-03  8.513864212935e-04 
 7.040520302316e-05 -2.692407736183e-01 -5.724832809945e-01 
-7.410465941728e-03  6.596205777886e-05 -1.159671287967e-03 
-2.225477987965e-05 -1.370836740197e-04  9.266701863034e-04 
 9.965390709951e-05  1.051489008017e-03 -1.788572711909e-03 
 1.931967177375e-02  5.008733584116e-02 -1.890967503311e-01 
 2.757874020318e-03  4.565119754930e-04 -2.207480299894e-03 
 1.971861891071e-01  1.292679947397e-01 -8.633596838797e-02 
-7.884693767846e-01  1.122133094537e-01  1.791228585611e-02 
 8.340142388606e-02 -1.497473242668e-01  4.395635484544e-03 
-9.726039571346e-04  4.639228919379e-03 -3.045360594443e-03 
 2.747182330770e-04 -7.841036689784e-03  5.015527453089e-03 
-1.650813063982e-03  2.801180302133e-03  3.283366168751e-03 
-3.117874654263e-03  7.462039128835e-04  4.112895750819e-04 
-2.358489138256e-02 -6.209450600696e-02  2.358418370335e-01 
 2.152106490752e-02  1.929986950379e-02  9.441152327657e-03 
-6.343528396790e-03 -8.945817242440e-03  1.454121795078e-02 
 2.001002816066e-02 -1.000605715539e-02  6.967898126795e-03 
 4.363214950127e-03 -1.310761516378e-04  6.395648839592e-04 
-2.541145528278e-02 -6.711667335853e-02  2.528625012886e-01 
 2.018532301655e-03  8.686918573113e-03 -1.590202167746e-02 
 7.938468326638e-04  8.691416265493e-04 -1.737677878314e-03 
 6.424339271757e-04 -4.372422312730e-03  8.435245649059e-04 
 1.333448643928e-03 -2.657037877703e-04  8.453991217179e-04 
 1.054591241079e-05  8.463207413695e-04  5.389832938559e-02 
 3.473189499605e-01 -2.130037980377e-01  3.168786123780e-01 
-1.471841146049e-01 -1.154837884132e-01 -2.152459481959e+00 
 1.006465222638e+00  4.002284722685e-01  4.059531592626e-02 
 3.785606626482e-02  3.835437276175e-02 -8.095925023965e-02 
-3.210965503501e-02 -3.081754667701e-04  7.773430914592e-04 
-7.820465153081e-04  6.050913837271e-04  9.531704043125e-04 
-1.989641586264e+00  4.037782438819e-01  2.954045780093e-01 
-1.428222257414e-01  2.740626664830e-01  1.850459110524e+00 
-3.441939057359e-01  7.939258487957e-02 -3.161321055229e-02 
-4.118207309602e-01  1.237442753975e-03  7.383818858750e-03 
 4.146639748457e-04 -2.312626540533e-05  6.729787138271e-04 
-4.871148424143e-02 -2.274848630970e-01  2.295912640139e-01 
-4.936440419117e-02  4.224588886578e-03 -4.020299724874e-03 
-1.055400481731e-01 -8.364810969386e-01 -2.313799535213e-01 
 2.684819720315e-01  8.538339614514e-02 -1.133642859577e-01 
 9.510442605165e-02  9.976137046698e-03  1.951208166517e-03 
 8.586036527558e-03 -1.679472231312e-02  8.811403577133e-04 
-1.109221787439e-03  3.764967852277e-03  1.770099192790e-03 
-3.213169201724e-04 -3.314818232701e-03  7.505339915449e-04 
-5.361399417469e-05  2.007296109755e-04  1.967104887841e-04 
-6.239035105604e-04 -9.104749933037e-01  2.293825999039e-01 
-3.826434876848e-01  4.915664342806e-01  9.027913354124e-02 
 5.198168890054e-03  1.236264681117e-03  1.834870504420e-04 
 3.699169390209e-04 -3.112299100011e-03 -4.165925137547e-03 
 7.653264176122e-03 -1.213189241851e-03  9.337392899487e-04 
-1.668692182713e-03  6.082777044364e-01 -3.891657200866e-02 
 5.478865746604e-01  3.570036151306e-01  1.506555287333e-01 
-2.884981253119e-01 -1.094841462400e+00  1.949985120433e+00 
-6.557800060927e-02  1.022280200320e-01  2.198904388284e-02 
-5.277978722720e-01  2.015907788600e-01 -1.367126921090e-03 
 6.037112094797e-02  4.263124742640e-01 -7.420655940686e-01 
 1.395803555070e-01 -1.807233763339e-01 -8.578954593934e-04 
-3.754231192316e-03  8.529086966625e-03  3.375976065080e-04 
-2.023129126721e-03 -2.261704499742e-03 -4.795241341669e-03 
 2.760759699733e-03  9.827739328540e-04 -2.613632406301e-04 
 4.868377339907e-04 -5.538409352689e-05  7.319137837662e-05 
 2.692331609211e-04 -1.003318816611e+00  4.253071569299e-01 
 4.895059761321e-01 -1.114051230449e-01  1.853036660078e-02 
-3.276192617431e-03 -3.200700566024e-03  8.853522627018e-04 
 1.674125826614e-03  3.136395405462e-03  2.166227210166e-03 
-8.406727779165e-04  1.727215266444e-03  9.984350585594e-04 
 2.014560026415e-03 -1.202006498929e+00  2.571281295230e-01 
 1.841712668924e-01 -1.449746610097e-01 -2.126775105017e-02 
 2.723411621367e-03  1.160459747586e-02 -2.342644777899e-02 
-1.898492745429e-03  7.604992239562e-03 -1.246878369611e-02 
 4.297252168283e-03 -9.822325610236e-03  4.812027820781e-03 
 1.808859078640e-03  4.076439313156e-05  1.687468144314e-03 
 1.511398742249e-02  1.953082493077e-03 -1.001763739626e-01 
-4.212825107985e-01  5.220933287684e-01  2.463097683151e-02 
-9.044471798365e-04  3.931968672469e-01  4.660621105256e-02 
-1.506800948641e-02  2.908762835082e-01  8.952953944552e-02 
 8.281215576553e-03 -2.191060816961e-01 -2.353119965256e-02 
-7.467203843956e-02 -4.290825669002e-03  3.723138812775e-03 
 4.429600804367e-03 -7.383900835478e-03  1.532877313806e-02 
-1.193006777693e-01  5.164515651101e-04 -1.300162588036e-01 
 3.946231417673e-02 -8.269618927101e-01 -9.903097033574e-02 
 2.229588196725e-02 -1.154990872779e-01  3.472478533852e-02 
-7.545561424234e-01 -5.255197415062e-03  2.107605526504e-02 
-3.792964490142e-03 -3.921107447429e-03  1.283233718347e-02 
 1.473350355746e-03  5.987061009766e-03 -1.017818293353e-02 
-4.583176801342e-04  4.162417511217e-04  1.010660968059e-03 
 2.386147582104e-03 -2.189483764137e-03 -7.566155556229e-04 
 7.468213036098e-04 -1.002376413215e-03  1.526006169280e-03 
-1.019896767197e-03  8.714502071718e-04 -3.604260948780e-03 
-1.517792059226e-02  1.877548714654e-02 -1.730912741717e-01 
-3.698950161108e-01  8.745267956068e-03 -1.169882934583e-01 
-2.522504641738e-01  7.135842123590e-03  1.429571278935e-02 
 2.276899470522e-01 -2.336342831705e-03  1.063598342611e-01 
 1.592833962882e-02  2.719578375924e-03 -1.573746842357e-03 
-4.949116432867e-04  7.798517520075e-05 -1.209929667197e-03 
-4.365404837853e-03 -1.383204385636e-04  3.542389374647e-01 
 7.646216841542e-01 -1.881886537749e-02 -3.160052565588e-03 
 6.241497678598e-04  3.217432027346e-01  6.940543279936e-01 
-1.728195983003e-02  2.152795565485e-03  3.126880436651e-03 
-9.298336929276e-04  5.760863696632e-04 -9.107458334451e-04 
 1.128966554783e-03  4.110553403110e-03 -8.203364287403e-03 
-3.492184275145e-02 -9.073670096446e-02  3.425624705279e-01 
-1.324561578208e-02 -4.031105310576e-02  1.505617002352e-01 
 1.754171839830e-01 -6.083563013547e-02 -1.479191148754e-01 
-6.242408168739e-01  4.419676990968e-02 -7.180704098195e-03 
-3.078504780633e-02  4.653101764713e-02 -2.856326048613e-03 
 1.622115115584e-03  1.586878220935e-03  1.389230118333e-03 
 6.769879658363e-04  1.463141062544e-02  1.440897182272e-03 
 3.417212410835e-05 -8.805960310450e-03 -1.423479577829e-03 
-1.247401065241e-03  4.380203782687e-03 -1.599299743335e-03 
 8.771721859189e-02  2.281615720584e-01 -8.654137470850e-01 
-8.264981704408e-03 -5.510639409494e-03 -2.753102153753e-03 
-4.123121672880e-04 -1.490549061379e-02  4.988263027035e-03 
-1.432063310791e-02 -3.533189995037e-03  7.538471768281e-05 
-1.484752721997e-02  5.478793043731e-03 -1.281491258306e-03 
 6.371655968367e-02  1.657474700453e-01 -6.253169101021e-01 
 1.406313127553e-03  4.056756699367e-03 -1.035127520070e-02 
 2.180135170166e-03  6.598727241783e-03  1.830426441851e-03 
 4.485737179665e-04 -1.331418361115e-02 -9.072331118659e-04 
 2.210518554460e-02 -2.344735995057e-03  2.383271598515e-03 
 3.682817672469e-03  6.633118834032e-03 -4.189975614129e-02 
-1.750355528170e-01  1.834916466028e-01 -1.194919863295e-03 
 5.261433159627e-04  1.094660411854e-01  3.470553204586e-03 
-1.917784076211e-03  1.106828024799e-01 -3.873355021747e-01 
-7.261200078801e-02  8.170419981114e-01  1.229182717004e-01 
 3.205564997891e-01 -1.504158009223e-02  1.096274131645e-02 
 1.239127035372e-02 -2.039095629964e-04 -3.088195206843e-03 
-4.996036859261e-02  5.515943476279e-03 -2.290414804123e-02 
 1.091594984293e-02 -2.608546443910e-01 -1.697751834272e-02 
 1.277537534835e-02 -5.643220269915e-02  2.665029566903e-02 
-2.532185820623e-01  2.520780437291e-02 -1.135351136979e-02 
-1.223783441927e-02  3.329560124806e-03 -1.767451018656e-03 
 2.370501641153e-04  8.257506705385e-04 -1.533839206198e-03 
 1.727188445600e-04  5.516989254934e-04  1.591833734669e-04 
 2.306367266526e-04 -1.093241737738e-03 -4.195017314063e-04 
 1.972130079242e-03 -8.487996578180e-05  4.655044665543e-04 
 6.625663171448e-04  6.275471391763e-04 -6.202792556235e-04 
-2.578813261178e-03  2.892106522846e-03 -5.068988625104e-02 
-1.076248003181e-01 -2.531668777122e-04 -4.475824546451e-02 
-9.509497516655e-02 -7.816260029644e-05 -8.837969504911e-02 
-8.674202240654e-01 -1.184610414301e-02 -4.082333353311e-01 
-1.167416103045e-01 -1.214969360391e-03  9.430255104670e-04 
 9.859850807894e-04 -2.212619134013e-04  3.016784711330e-04 
-8.060747435405e-04  5.051514524952e-05  1.143073323014e-01 
 2.437468781257e-01  2.998355172605e-04 -2.377733971939e-04 
 1.480518042308e-04  1.107517967632e-01  2.373053779083e-01 
 2.588703149642e-04  2.541332155880e-03 -1.137065523550e-03 
-1.272889310465e-03  2.599129482797e-04  5.949073343208e-05 
 6.185288418723e-02  1.743795070709e-01 -4.299907462022e-01 
 1.262555130777e-01  3.008637788852e-01  9.021398318362e-02 
 1.671414585256e-02 -5.734287295227e-01 -1.492009952635e-01 
 9.488016053294e-01 -5.735127068974e-02  1.645397092250e-01 
 2.511304460842e-01  2.760191574482e-01  4.878036753890e-03 
 2.066149647565e-02 -2.882132744635e-02  6.011643977075e-04 
-1.139667670960e-04 -9.284318889947e-04  3.515129511365e-03 
-6.429546953055e-04 -1.040029971003e-02  9.623462077429e-03 
 3.172015006706e-03 -1.611810092488e-02 -1.675162208659e-03 
-7.553997857233e-03 -6.464274784530e-01  4.708868445965e-01 
 5.008550961672e-01 -1.909788939954e-02  4.122983154959e-02 
 5.416545206322e-03  5.697336354282e-03  5.319884062567e-05 
-1.221840936751e-03  1.038521895687e-02 -3.104151760846e-03 
 5.090169505945e-03  2.619865195958e-03 -2.411582694867e-03 
 1.066098723931e-02  1.193171997318e+00 -6.148036815868e-01 
-5.693481009953e-01  1.366754829895e-01 -1.315143493920e-02 
-5.462765535474e-04 -1.393391773289e-03  4.655640246029e-03 
 1.877225708517e-02  4.965633617981e-02 -1.960152440097e-01 
-2.570656038641e-03 -5.448916346730e-04  2.417773236387e-02 
 7.456974749397e-02 -9.247475353008e-01 -4.422669945635e-01 
 9.549240032100e-02 -2.715944493805e-01  2.090796197484e-03 
 8.968075443175e-03 -1.065924948921e-02  1.760076848643e-03 
-7.933038834876e-04  6.294880430348e-04 -8.178988974416e-04 
 1.750268860546e-04 -2.413305088070e-03  8.093300525771e-04 
-1.092857821115e-05  3.985633826774e-05 -2.582779653362e-05 
-6.936966551156e-04  5.538798368212e-03 -3.427081421902e-03 
 5.482742159277e-02  1.520448977819e-01 -5.762613310591e-01 
 1.556687499076e-03  6.558912697997e-04 -5.484384886151e-04 
 4.107635850354e-04  1.289811506815e-03 -2.387130036968e-03 
 3.841714751202e-03  2.000622026177e-03 -7.858223365524e-04 
 1.316165359347e-03 -1.217318415242e-02  5.152432825459e-03 
-9.461366837970e-02 -2.571223003291e-01  9.710000132945e-01 
-1.237804703823e-01 -5.564137274997e-01  1.610604195285e-02 
 5.933311714358e-01  1.489021516244e-01  1.001920889948e-01 
 6.697586907202e-02  3.533286011737e-02  1.560779474871e-02 
 1.279563765595e-01  2.181843378127e-01  8.139387426077e-02 
-6.452252772543e-02 -8.682075975476e-01 -3.648224289101e-02 
-1.549347712676e-01  1.057434555121e-01 -2.491765970435e-02 
 1.196036570554e-02 -1.028592880569e-02 -2.139685564281e-02 
 9.635967985294e-03  1.085849530921e-02 -1.208253277914e-02 
 1.671482915698e-03 -1.116115955777e-02 -3.424904279298e-03 
 1.003561844035e-02  1.216228196952e-01  2.721470309841e-01 
-3.578647571319e-01  7.471760177122e-01  1.602972398241e-01 
-2.186262350583e-02 -1.777018882549e-04  3.696501335246e-02 
-1.726909770171e-02  5.629681644987e-04  5.042479102573e-02 
-6.174026965449e-03 -6.104230972553e-02  2.879648805654e-02 
 5.418945192973e-03 -1.728245907677e-01  2.457503389687e-01 
-7.101091551655e-01 -5.581940141148e-01 -2.197337690634e-01 
-7.269480883505e-03 -3.272563296017e-02 -7.546666612341e-03 
 3.581754227258e-02  1.006422553307e-02  3.625722048452e-03 
 8.887328347052e-03  1.552804300132e-04  9.515424837221e-03 
 6.268664555198e-03  1.675734294028e-02  5.427221867138e-03 
-7.499590077611e-03 -5.736402997400e-02  5.329063604905e-01 
 2.260325455549e+00 -1.375674580062e+00  3.515416090674e-01 
-1.673740313121e-01  1.363103420124e-01  3.697500551267e-01 
-1.727902989518e-01 -9.187154917880e-02  1.793775875454e-01 
-2.833528154989e-02  1.670893794472e-01  5.828273751703e-02 
-1.495672485611e-01  9.413636803710e-03  1.826548164457e-02 
-2.510190460240e-02  4.915777570543e-02  7.161754124653e-03 
 3.101380029051e-01 -3.694895570590e-02 -5.905375628146e-01 
 2.784567424841e-01 -3.532466812885e-02 -7.384776973376e-01 
-4.399753939283e-02  9.462788716751e-01 -4.433119973142e-01 
-1.233483047126e-01 -2.013772691480e-02  2.996067971761e-02 
-4.506057689942e-02 -3.608145519167e-02 -2.030658373677e-02 
 1.538997901230e-01  9.417850590372e-01  4.129839839459e-01 
-6.815603112238e-01 -1.400915596773e+00 -4.387783716466e-01 
 5.762663669415e-02 -1.025108692501e-01 -2.144008996444e-02 
 1.069499187499e+00  4.424328115762e-01 -3.600763067343e-01 
 3.103729156947e-01 -4.917955436902e-01 -4.184652753396e-04 
-1.648735302476e-03  4.036584886951e-04  1.057283787891e-03 
-5.700819707838e-04  7.165466805297e-05 -9.110319801847e-04 
 5.909075387375e-04 -4.313704588752e-04 -9.755177419221e-05 
 4.317619389744e-04 -6.172778530135e-07 -8.631613435917e-04 
 2.092400699677e-04 -2.683767789151e+00  5.718411512457e-01 
-9.851635061201e-01 -1.154394576194e+00 -4.051063843899e-01 
 9.894386073076e-04 -8.972943255248e-04  8.799003373761e-04 
-4.223880028628e-04 -4.933873807094e-04 -1.115691276699e-03 
 2.119921846208e-03 -2.917983522243e-04  1.374713530444e-05 
 7.182678844317e-04  3.954663023628e-01  2.157209280332e-02 
-2.888553142622e-01 -2.902885718936e-01 -1.060075557492e-01 
-1.083761050181e-03 -5.095596770792e-03  6.630621353791e-04 
 1.704493179319e-03 -8.841604631528e-04 -8.314449306176e-04 
 6.476479800898e-04  1.143968578699e-03  2.173199259254e-03 
-4.107002407917e-04 -6.215976364300e-04  1.132721513546e-03 
-5.286520769576e-04  8.690841663321e-04 -1.262409373254e-01 
-4.342040302713e-01  4.759804750952e-01  6.398841213606e-01 
-3.018622315826e-01  6.195970051926e-02 -1.926235796837e-01 
 9.013262885415e-02  3.416894370604e-02 -7.477980636491e-03 
 4.982360235052e-01  2.010547821202e-01 -1.070553358510e+00 
 2.589995232868e-02  3.340709324876e-03  1.119278710476e-04 
 1.039003710048e-03  1.775827971791e-03  6.440706567451e-05 
 1.574332970182e-01  3.436824366971e-02  2.246513166828e-01 
-9.329042877107e-02 -8.677043400009e-01 -4.282007464244e-01 
 7.891538437937e-02  3.246442113840e-01 -1.606956729282e-01 
 5.571284211626e-01  3.343828159908e-03 -1.243451369045e-03 
 7.745921874716e-04 -1.892354283155e-03 -1.165309472323e-03 
 2.162979783647e-04  9.280857143476e-04 -5.706295219271e-04 
-2.670591895136e-04  6.627771904617e-04  2.039973287649e-04 
 1.838070468615e-04 -1.651555508455e-04 -1.521117780606e-04 
-2.788410977882e-04  7.965803727798e-05 -1.142248713181e-04 
-5.010411829599e-05 -2.356484648401e-04 -1.998143807424e-04 
-6.913728539472e-04  7.233785538519e-04 -7.926874069164e-02 
-1.713791560054e-01 -2.682411887566e-03  3.813558309458e-03 
 8.405343711873e-03  1.672273944341e-04  8.282927715282e-01 
-1.919121661307e-01 -4.833671438647e-03 -7.148778358341e-02 
 9.968774995855e-01  2.326578631661e-04 -1.213911938920e-04 
-6.807669135722e-05  6.998289151264e-05  5.105381154939e-05 
 7.389328624533e-04 -1.287342102764e-04  3.768071125342e-01 
 7.997012383796e-01  1.151006980914e-02 -1.045970187983e-03 
 2.243740488556e-04 -2.609936605924e-01 -5.559816405683e-01 
-8.067521921234e-03 -1.188175725190e-03  6.752294835991e-04 
-2.475581041315e-04  4.396079266918e-04  1.407505414167e-04 
 5.570399578242e-01  2.473698245789e+00 -1.860905953561e-01 
-9.739581092732e-01  1.852284725744e+00  3.897655655122e-01 
 2.215777290349e-01 -2.169942294317e-01 -3.506410669840e-02 
-6.174678497165e-01  4.303520824912e-01 -5.411929523335e-01 
-1.424022654770e-01 -8.328901517909e-01  5.076757131066e-03 
 1.630065565790e-02 -2.424505686959e-02 -3.573056321584e-02 
 1.640608253181e-02  8.710501430728e-03 -9.254905716867e-04 
 1.334890063586e-03 -3.862887956568e-03  9.262034010780e-03 
 4.527904929192e-03  9.604594478796e-03 -9.719683654482e-03 
-8.025396337507e-03 -2.954760878109e-01  1.896880904044e-01 
-2.882791042258e-01 -3.579608649123e-02 -3.877218229530e-02 
-3.151566492508e-02  1.231683089539e-02 -1.834991346648e-02 
 8.061982992708e-03 -3.011805324471e-03  4.748073255951e-02 
-1.408083191607e-02 -2.095404498112e-02  9.681686373167e-03 
 6.913080620284e-03 -3.730801143857e+00  1.089988084408e+00 
-8.338884346216e-01  1.538977566384e+00  3.206874161411e-01 
 1.092906859889e-02  4.855007604916e-02  5.347667200069e-03 
-2.162748130326e-02  4.041710073530e-02  8.150319777728e-03 
 5.665706579833e-03 -8.134160030766e-04  1.258246110989e-03 
-1.383850225931e-02  9.474169021953e-03 -1.140290169932e-02 
-3.231229273874e-03 -1.845291904828e-02 -2.542279254191e-01 
-8.304745174690e-01  9.706461031829e-01  1.670518157698e+00 
-7.807946399693e-01 -3.415563443085e-01  1.898192998935e-01 
-8.914882977668e-02 -2.765523532027e-03 -4.328887835060e-01 
-1.867142433424e-01 -4.154924348745e-01  4.023078215894e-01 
 3.496932182710e-01 -5.578257766918e-03  5.763150318720e-03 
-5.948545516412e-03 -2.946889584556e-05 -7.478362579572e-04 
 1.542829971466e+00 -3.093661971807e-01  9.329223751737e-01 
-4.411450076197e-01  1.234413278082e-01 -2.225921089947e+00 
 6.044259646830e-01  9.572796123613e-01 -4.466507930632e-01 
-2.367212585663e-01 -8.028585433022e-02  1.568280056663e-02 
-1.907603773188e-02  3.404338851651e-02  6.610569139074e-03 
-3.140144743485e-04 -1.300335053171e-03  2.371491259425e-03 
-3.968431586327e-04  5.020944803760e-04 -7.822081018924e-04 
 1.685789560442e-04  3.959642588031e-04  1.998351449296e-03 
-3.080725397092e-04  3.682612174836e-04 -1.560758610617e-04 
-2.689506974692e-04 -5.627098449458e-04  6.830095961282e-01 
 2.951751259090e+00  1.087172307995e+00 -9.417313527074e-01 
 4.372464080840e-01  3.741861394390e-01 -6.398842882955e-02 
 2.995565563741e-02  1.890868390831e-02 -1.311620651661e+00 
 2.130807639023e-01 -9.377026742651e-01 -4.555921395377e-01 
 1.094308775508e+00 -3.881891010335e-04  6.052150663596e-04 
-1.055576772286e-04  1.581671737110e-04 -3.477051372845e-04 
-5.373550292703e+00  2.162483743712e+00 -1.522379583870e+00 
 7.090994125336e-01  4.660082887387e-01 -2.538741356284e+00 
 1.152454240049e+00  1.012207241927e+00 -4.761992281973e-01 
-8.993685232321e-03 -2.535919795749e-03  1.252681501569e-03 
-2.807761056662e-04  2.583436791170e-04 -3.340734511857e-04 
orbocc
(*)
 0.000000000000e+00  0.000000000000e+00  0.000000000000e+00 
 0.000000000000e+00  0.000000000000e+00  0.000000000000e+00 
 0.000000000000e+00  0.000000000000e+00  0.000000000000e+00 
 0.000000000000e+00  0.000000000000e+00  0.000000000000e+00 
 0.000000000000e+00  0.000000000000e+00  0.000000000000e+00 
 0.000000000000e+00  0.000000000000e+00  0.000000000000e+00 
 0.000000000000e+00  0.000000000000e+00  0.000000000000e+00 
 0.000000000000e+00  0.000000000000e+00  0.000000000000e+00 
 0.000000000000e+00  0.000000000000e+00  0.000000000000e+00 
 0.000000000000e+00  0.000000000000e+00  0.000000000000e+00 
 0.000000000000e+00  0.000000000000e+00  0.000000000000e+00 
 0.000000000000e+00  0.000000000000e+00  0.000000000000e+00 
 0.000000000000e+00  0.000000000000e+00  0.000000000000e+00 
 0.000000000000e+00  0.000000000000e+00  0.000000000000e+00 
 0.000000000000e+00  0.000000000000e+00  0.000000000000e+00 
 0.000000000000e+00  0.000000000000e+00  0.000000000000e+00 