2mocoef
header
1
MO-coefficients from MOLCAS
1
48   48
a
mocoef
(*)
 7.961763849359e-05 -3.638383152993e-06  2.332796615761e-03 
 8.397661607872e-07  4.517134385493e-05 -2.502569638066e-04 
-1.602737277624e-04  4.090349989714e-05  1.626327970943e-03 
-5.701851034613e-05 -4.620244294991e-06 -5.174883525114e-04 
 7.579691573751e-05  9.457639957460e-05  1.001226587429e+00 
 6.558852882944e-03 -6.990754605386e-03 -1.669213075528e-04 
 1.234574613523e-04 -6.048270109121e-04  1.698962755223e-04 
-6.951223266058e-05  1.993479206880e-03  1.148891832195e-04 
 4.039068180418e-05 -1.007410719099e-05  1.277378561534e-04 
 3.989607865911e-04 -4.752062874000e-05  2.493717669893e-04 
-1.460842329042e-04  7.100086917805e-06 -1.979770802320e-04 
-6.688918590572e-04  6.319654957329e-04  5.850182727782e-04 
 1.094829757578e-04  2.428162393693e-04 -3.867075600588e-04 
 4.833934504093e-04 -6.018843891122e-04 -4.635803720248e-05 
 1.845538680758e-04 -3.712090857465e-04  2.147365848709e-04 
 3.174358944657e-05 -1.118430490686e-05 -1.971417050813e-04 
 1.001155845951e+00  7.089142317628e-03 -4.316300104319e-03 
-9.193877292952e-06  2.287945552326e-04  1.595595161636e-03 
-1.633034682969e-04 -2.571959130857e-04  9.186158808760e-04 
-8.635172250662e-05 -4.705836056994e-05  8.307351419539e-04 
-1.835558731970e-04  4.608403219697e-04 -5.545774908970e-05 
 6.242874128163e-04 -3.325794924799e-03 -4.900076743244e-05 
-6.541652907101e-05  2.968689855363e-04  3.742826766442e-04 
 1.143401049228e-04  1.944329211501e-03 -5.956689330330e-05 
-3.347314495796e-05 -4.139311891741e-04 -8.887658003798e-05 
-3.573776996292e-04 -4.897796269908e-04  1.693254009420e-03 
 3.083697045224e-04  2.033665886448e-05 -2.169894879055e-04 
 3.912539969145e-04 -3.582485375476e-04 -8.272761882387e-05 
-3.414984312521e-05 -3.962867588865e-04  9.072944329842e-04 
-4.217859619660e-04  9.638949405475e-05 -7.147773224718e-06 
-3.903257534206e-04 -2.421909993495e-04  1.289109626870e-03 
-2.522802599430e-04  7.836179298909e-05 -2.057604434369e-04 
-1.017482301486e-02  3.913295007185e-01 -1.422631557952e-01 
-4.384374415985e-03  7.839280250267e-03  1.587407503521e-01 
 1.077256660900e-03 -1.925301459506e-03 -7.422762869564e-02 
 5.079692133374e-04  1.090063707049e-03  2.833854649522e-02 
-1.058629991263e-03 -8.095268978366e-04 -1.488245632244e-02 
 7.915301319954e-01 -1.625139601472e-01 -2.380551914361e-02 
 1.181488546174e-03 -3.971957251164e-02  8.540085708673e-03 
-2.541344323562e-03 -9.284513756862e-03  7.840299997944e-04 
 2.122682024504e-04  9.287769129514e-03  7.815477122637e-04 
 3.831329490186e-03  9.221573011043e-02 -4.728508592627e-02 
-5.353512483892e-03  1.821940796701e-04  8.725543481059e-03 
 2.689976234776e-01 -1.325935339177e-01 -2.794421447853e-02 
-4.651034386782e-03 -1.540436175194e-02  3.019908125858e-01 
-1.481226261207e-01  3.263872353769e-02  3.276756467819e-03 
-1.249294598417e-02  9.637335275214e-02 -4.927913060530e-02 
 7.592587149279e-03 -1.692429603698e-03  7.940911208110e-03 
 6.381134347530e-03 -7.289546556118e-01  1.568997332248e-01 
-6.229366430807e-03 -2.091587420233e-02  1.307483752955e-01 
 6.559026944795e-03  4.919990783034e-03 -1.972208062625e-02 
 1.178133139125e-03  1.941147748002e-03  2.439875762427e-03 
 3.203130330383e-03 -7.878228392828e-03 -1.807026456709e-03 
 2.971109217536e-01 -4.366817023135e-02  3.579819834456e-02 
 2.523064795055e-02  3.058160269817e-01 -1.031964808022e-02 
-2.350063565798e-03 -6.154898323176e-02  1.129799859222e-03 
 6.715399938618e-04 -1.575844363546e-02  1.259661423299e-03 
 3.433187105533e-03 -3.659684370596e-01  1.699127342680e-01 
 2.260545039387e-02 -4.497912172124e-04 -1.572748779252e-02 
 2.852097585422e-01 -1.326977107789e-01 -2.297864925713e-02 
-3.558765185535e-03 -1.092743454535e-02  1.977434587554e-01 
-9.383259967005e-02  1.935670884842e-02  2.432413229593e-03 
-1.735674222623e-03 -3.325944657129e-01  1.575622011668e-01 
-2.345788034893e-02  4.563746338032e-03 -1.122309319211e-02 
-2.167683941050e-03  5.712886375156e-02 -1.095032431269e-02 
 1.693915641658e-01  3.269467738356e-02 -9.018644154532e-02 
-1.818327619277e-02 -7.605630415064e-03  2.005151231264e-02 
 1.076468858310e-03  4.719486442615e-03 -5.653117225937e-03 
 3.344973945955e-02  1.906144707754e-04 -1.324686210551e-03 
 1.858335374264e-03  1.719561665009e-02  6.844182156510e-01 
 1.173529031117e-01  8.810564356013e-02 -1.583448417809e-01 
-1.920087266830e-02 -2.944939681755e-02  1.474393906247e-03 
 7.033376706121e-05  1.833511515533e-03  6.605581810907e-03 
-1.315505134148e-03  1.445621058523e-01 -8.525829604597e-02 
-1.296574152256e-02  6.553927832632e-04  6.188887613075e-03 
 5.418115690669e-01 -2.290007619470e-01 -2.394814134792e-02 
-4.559454985182e-03 -2.736321081873e-02 -5.193306252559e-01 
 2.262544288752e-01 -2.584636522761e-02 -9.795341196611e-04 
 2.544354372703e-02 -9.766461630092e-03  2.642425126245e-02 
-3.337767082316e-03  2.128094328253e-03 -1.101364738380e-03 
-4.834619569297e-03 -3.887060316395e-02  8.403817538119e-02 
 3.605482841041e-01 -7.142949862040e-02 -5.101829557832e-01 
-6.385793156317e-02  1.441713934213e-02  1.592887793903e-01 
 2.007604922235e-03 -8.749403464456e-03 -2.618263791848e-02 
-1.822535718140e-02  7.732753841120e-03 -1.438722767207e-03 
-5.078394279494e-02  1.715161831270e-03 -1.721711635857e-01 
-1.396474480468e-01  5.107205652695e-01  3.251464100545e-02 
 1.207084020314e-03 -7.682248875947e-02  1.200744394245e-03 
 3.058920907652e-03 -1.847844835842e-02 -1.234705276534e-02 
 6.996487490116e-03  5.262495813262e-01 -2.013915302381e-01 
-2.011119542835e-02 -1.644292630248e-03  1.312811248874e-02 
 5.790087158863e-02 -3.487649550338e-02 -1.121462622998e-02 
-4.774656759509e-03  7.968742220011e-03  3.599782792632e-01 
-1.286505429842e-01  1.994948350720e-02 -1.391849760474e-03 
 8.452095315821e-04 -1.027960923277e-01  3.542823774695e-02 
 2.985528433207e-03 -6.684710694086e-04 -1.134057046986e-02 
-1.729423785241e-05 -9.622334375102e-03 -4.690726139044e-03 
 1.952953333996e-01  2.658095172724e-01  1.002423483041e-02 
-2.473765247131e-02 -5.588634038471e-02  6.362252256211e-04 
 1.135031991768e-03  3.987525884420e-02  4.323748579861e-04 
-1.532296210869e-02 -2.628099658966e-03 -2.849030928174e-04 
-1.113756794442e-02 -5.482380111153e-03 -1.815155017009e-01 
 8.053502818479e-01 -3.655055130148e-02  8.910413531507e-03 
 3.647308767469e-02  1.226995116507e-03 -1.356762517451e-03 
-1.751088512290e-02 -5.804384606008e-04 -6.714432680435e-03 
-1.925724779334e-04  1.574288354918e-01 -5.492166779622e-02 
-2.388865550452e-03  7.113138585460e-03  5.886637087120e-03 
-6.988118591138e-02  1.857921394351e-02 -2.235038896334e-03 
 2.234264268668e-02  1.400937348642e-03  8.860996384186e-02 
-2.728325131067e-02  6.034034190629e-04  2.324102955137e-02 
-3.246719007732e-03 -1.657299391625e-01  5.136712004949e-02 
-1.213100197649e-03  7.656438734190e-03 -4.516657476696e-03 
-3.813240366094e-03 -1.646946836971e-02  6.624496769833e-02 
-5.463040204368e-01  1.325088178534e-01 -3.510678135020e-01 
 9.304267920393e-02 -2.592422727985e-02  1.125564021524e-01 
-6.184436748068e-03  5.712793329168e-03 -2.377201382327e-02 
 1.302909973245e-02  6.931102457847e-03 -1.484985984062e-03 
-6.219179169016e-02 -1.380914558250e-03  3.110650718201e-02 
 1.893034142659e-01  3.654252813838e-01 -8.188436598947e-03 
-8.224278884323e-03 -5.786270426239e-02  8.016438129028e-04 
-4.619864315072e-03 -1.127270102017e-02  1.711014822897e-02 
 3.665654374395e-03 -2.416014926057e-01  9.360165037434e-02 
 2.851479675563e-04  3.079664129555e-03 -1.557003202966e-02 
 2.464161903496e-01 -7.891771881149e-02 -1.242246993552e-02 
 2.131640712318e-03 -2.049863989100e-03  3.902850798161e-02 
-3.243916877366e-02  7.212377601626e-03  5.865860930255e-03 
 4.562772693770e-03  6.012295925908e-01 -2.277206282522e-01 
 2.335070798287e-02 -4.996577092794e-03  1.529793495056e-02 
 2.375114135129e-03  8.309576353895e-02  2.877977768899e-02 
-1.062757324366e-01 -9.238467624293e-01 -3.219146527629e-02 
-1.922334336126e-02 -1.003616084675e-01 -1.893239326091e-03 
 1.794331116489e-03  1.639422849375e-02 -2.468621032435e-03 
-4.975884289385e-03 -1.661135217022e-03 -6.055528276152e-04 
-2.680417847637e-02 -1.051914084309e-02 -2.089919244709e-02 
 3.906611338484e-01  9.879412694380e-03 -1.813207088626e-02 
 1.637663275850e-01 -5.104481147340e-03  2.291153267944e-04 
 2.054757630294e-02  2.664239984164e-04  7.460689568500e-03 
-8.303817325491e-04 -1.747475821789e-02  1.273576841025e-02 
-3.334829665659e-04 -2.314262205543e-02 -1.897665454383e-03 
 7.005519564054e-02 -6.161148469424e-03 -2.674633846943e-03 
 1.294539968502e-02  4.087678753094e-06 -4.116045133842e-02 
 4.649101701670e-03 -1.709287083600e-03  1.211840838704e-02 
-6.901382780055e-04 -6.881972536899e-02 -1.776616811450e-03 
-4.367446085524e-03 -2.144221141215e-02 -1.382026254889e-03 
 1.588840270575e-02 -1.416387383056e-01 -8.285951370029e-01 
 8.324304091572e-02 -3.102503121402e-02  1.888454979233e-01 
 1.367810785821e-01 -6.159519875113e-02  3.221115261123e-01 
 3.752525747342e-03  1.913517896369e-03 -1.122353613873e-02 
 3.482746802788e-03 -1.563187003053e-03  3.226037444531e-02 
-2.235879894626e-01 -1.010161928746e+00  5.398468543135e-02 
-3.420542868389e-04 -1.577264646307e-01  4.726359920747e-02 
 1.277612581143e-02 -2.363038151635e-01 -3.172679649543e-03 
-1.013398115178e-04 -3.882899584464e-03 -6.512190385367e-03 
-6.957298624645e-03 -1.721795228119e-03  4.701942634139e-01 
 3.612184287449e-03  7.086520514607e-05  9.997965096054e-03 
 1.112723519269e-01  6.052409038829e-01 -8.993739001316e-03 
-2.853108173040e-03 -1.072945894498e-02  1.658872748572e-01 
 8.254035112622e-01  8.898687694175e-03  1.587805446858e-03 
-6.565185623410e-03  5.661817998498e-02  7.764231313472e-01 
-2.358603437915e-03 -6.431420516717e-04  1.050629389563e-02 
 2.620643940049e-02 -2.527215649289e-01 -1.031455900238e+00 
 2.065076897518e-01 -7.007377390002e-02  6.749911028391e-02 
 3.067430493344e-01 -1.256054574825e-01  2.218804144450e-01 
-1.008747949009e-03  2.013756716450e-03  1.044141966555e-02 
 1.344978992018e-02 -4.688337825417e-03 -1.886246058125e-02 
 2.020115828798e-01  6.723348884417e-01  1.657129450019e-01 
 5.339847957237e-02  2.406368619412e-02  1.925526413906e-01 
 8.014758092136e-02  8.222638559392e-02 -3.281891985954e-04 
 2.306676599290e-03 -7.447878816629e-03 -1.170119848522e-02 
 7.617833502499e-03  4.943958923322e-02  2.895414419464e-01 
-6.205725818117e-03 -2.773286747217e-03 -3.197967585198e-03 
-1.843419599081e-01 -1.041616402056e+00  1.193791176065e-02 
 1.213227774101e-03 -1.924970231940e-03  6.835956640386e-03 
 1.180156022103e-02 -7.990662195488e-03  1.894645272872e-03 
-1.787199057966e-03  1.693727140700e-01  1.298607207167e+00 
 5.237040109179e-03 -1.842869830342e-03 -4.284781668200e-03 
-2.099253022466e-02  2.050797496941e-01  9.508648789070e-01 
 3.000297588299e-01 -1.026744116224e-03 -1.123318181155e-01 
 5.065610908719e-01 -2.327312565349e-02 -2.908629745511e-01 
 5.784326391174e-04 -5.191965799425e-04 -9.371723551946e-03 
 1.397765999186e-02  5.039113929434e-03  4.789555642969e-03 
-9.740672795179e-02 -2.224751485783e-01  2.263215229836e-01 
 3.675016200892e-02  4.989062716079e-02  2.474402980611e-01 
 5.352273428130e-02  1.980156133859e-02 -7.304045930626e-04 
-1.323510246780e-03  4.215649724753e-03 -2.061330065900e-02 
-4.411394242455e-03 -1.631479320361e-01 -1.575301259984e+00 
 6.245519351431e-03 -1.014143605478e-03 -2.344360242017e-04 
-8.527237972749e-02 -5.278926316382e-01 -3.820008426760e-03 
-2.863930140484e-04  1.508934696313e-03  1.381581595342e-01 
 9.697555354057e-01  6.907017421936e-03  8.908480774053e-04 
 5.581084873101e-03  1.511210351341e-02  9.322894271243e-02 
-4.032256160731e-03  4.922011742007e-04  3.525114651421e-03 
 5.710715466333e-06  2.287496919485e-03 -1.302629153929e-02 
 3.609560783249e-01 -7.561322011656e-02 -2.481813741891e-04 
 9.329674183612e-01 -7.612661381013e-02 -5.440534657566e-02 
-2.936352622453e-04 -1.776973691285e-03 -1.517007287836e-03 
 1.344555878024e-02 -4.798665225566e-04 -4.377478367569e-03 
-3.641046628189e-03  1.043762602175e-01 -3.246751827221e-01 
-2.450455161185e-02  8.415936367540e-03 -6.489348923348e-01 
-3.280640262346e-02 -3.127860811325e-02 -3.201152408695e-03 
 1.401602507572e-03 -2.037065420622e-03 -2.703026383875e-02 
 3.608161250589e-03 -7.099041632755e-02 -1.334980404794e+00 
-5.496523957220e-05 -2.802569865910e-03  3.521118782628e-03 
-1.626231679764e-02  1.066906150222e+00 -1.044259586090e-02 
-1.982346983705e-03 -1.253570632743e-02 -7.967986521775e-03 
-1.181239403007e+00 -1.376880011901e-02  1.694662527579e-03 
 1.340645365771e-02  9.297343685345e-02  1.383809917933e+00 
 6.362665977266e-04  1.317224920994e-03 -2.179278954708e-03 
 6.599016410987e-02  5.530603591330e-02 -1.840503501179e+00 
 1.172008182846e-02  1.508969020049e-02 -1.364866314031e-01 
 1.328548869984e-02 -3.753239304663e-03 -2.437562460962e+00 
 7.864526240164e-03 -3.228733421841e-03 -1.193752108064e-03 
-1.329497337210e-03 -1.530673965101e-02 -5.380380946937e-02 
 2.764266402521e-02  1.740337917195e+00  2.980189121661e-02 
-1.041730064254e-02 -4.450685387316e-01  6.852769832359e-03 
-3.301709020550e-02 -1.252904732878e+00  5.520659378067e-03 
-7.571667864987e-04  2.540316473907e-02  2.296969896593e-03 
 1.502028431480e-02  4.496603716662e-02 -6.342885522612e-01 
-2.308995046790e-02  1.620978341619e-03 -1.951352270457e-02 
 4.176837132489e-02  6.741541041646e-01  2.940047833527e-03 
 1.739000998460e-03  1.981036169168e-02  1.604645584402e-02 
 7.066612048783e-01 -3.901662809712e-03 -1.585010829126e-03 
 1.639893623629e-02 -1.108461851664e-01 -2.442354297590e-01 
 1.414985062606e-02 -4.445169031226e-03 -1.376640898683e-02 
 3.022292135368e-02  1.496596931585e-01 -6.261370614131e-02 
 1.339158820212e-01 -5.527546911199e-02  9.752526855799e-02 
-6.079422996213e-01  1.675494756582e-01  2.070284566123e-01 
 2.881392970894e-02 -3.917616284238e-03  7.557763129243e-03 
-2.343079546215e-01  7.585678487103e-03  1.044296846936e-02 
-8.318349920791e-03 -1.837408783959e-01 -4.574781587476e-02 
-8.338436835769e-02  8.347236602031e-03 -3.970008972646e-02 
-1.844920562929e-02  1.277375932201e-01  7.648609676567e-03 
 9.036351844332e-03  1.372205666879e-02  8.669551649914e-02 
 1.203694542221e-04  1.066306566902e+00 -8.704020840583e-01 
 3.847973688745e-02  8.785007927066e-03 -5.697600987691e-02 
 7.897333413168e-01 -6.566303672644e-01  2.223761597284e-02 
 4.139780628799e-04  8.961944922994e-02 -5.906944250842e-01 
 3.556562644608e-01  9.915278532185e-03 -7.259423936206e-03 
-9.901897336991e-02 -9.601850608333e-01  9.616341654269e-01 
 1.222465514497e-02 -5.931043786997e-03  6.706162480995e-02 
 8.106284997328e-02  5.956735449036e-01 -1.355659178242e-01 
 4.128510719943e-03 -4.189603395458e-02  7.692323806722e-01 
 8.468076652578e-02  1.139944007741e-01 -1.062338999093e+00 
 1.498095523760e-02  4.509801179319e-03 -7.295496993567e-02 
 1.973437504232e-02 -1.551717232797e-01 -3.390121911635e-02 
-1.763141125079e-01  5.142983978573e-01 -2.770418545522e-02 
-1.818088903215e-02  2.220762338852e-01 -7.501245993666e-02 
-2.019587968121e-03  4.367594245942e-01 -1.173567115633e-02 
 8.829219085118e-04  1.013586559637e-01  2.096632528864e-03 
-6.406972036458e-02 -7.581897110154e-01  4.552667303090e-01 
-3.249136923623e-02  5.976534375118e-03  1.704797568937e-02 
-6.475714359877e-01  3.952550704343e-01 -8.160724115965e-02 
-7.094726753509e-03  8.592896405428e-02 -8.607901751571e-01 
 6.487689915541e-01  8.202100018556e-02  9.087634328160e-03 
 8.166920644920e-02 -7.373064947788e-01  5.477329802048e-01 
 2.843051050498e-02  2.357075328082e-03  8.202335308894e-03 
-2.996732882782e-03 -2.826641569486e-02 -1.703541713480e-02 
 1.486724968706e-01  1.406014053283e+00  8.539799226060e-02 
-2.006414874605e-01 -1.815597072474e+00 -1.311387420239e-02 
 1.618743759776e-03  6.118111844303e-02 -8.151818384264e-03 
-2.447577819268e-02 -1.487170700781e-03 -2.043022180726e-03 
-1.478760601288e-02  8.811213310340e-03 -7.229836985866e-02 
 1.678163388773e-01  1.930978707114e-02  8.820724891253e-02 
 5.472500385359e-02  4.023438993248e-02 -1.285197669740e-03 
-5.675865551069e-02  9.775944062281e-03  4.974300645030e-03 
-4.567582872596e-03  7.313018348157e-02 -3.099700674299e-02 
 6.209007878338e-03  3.149165922506e-02  8.030185113684e-03 
-3.297144100326e-02  6.533099564809e-02 -2.555551730829e-03 
-1.836468908930e-02  2.270946864847e-02 -6.208857850294e-02 
-2.521182068173e-02  1.460103597068e-02 -1.927389839429e-02 
-1.298230463081e-02 -1.532336773164e-02  1.178585132051e-01 
 1.480234125557e-02  2.154208032438e-02  1.436068602580e-02 
 1.763086812362e-01  5.732271370761e-01 -5.955490126291e-01 
 4.761934951600e-02 -8.095862007147e-02  6.823313825732e-01 
 5.028882962052e-02  2.573175122209e-02 -4.935641051439e-01 
-7.059573066536e-02 -2.425536151324e-02 -1.673114458886e-03 
 8.025791489095e-03  2.233538053402e-01  3.609213454111e-02 
 1.822238528528e-01 -9.249999876216e-02 -5.223169588890e-03 
 3.380675025068e-02 -1.195656171983e-01 -7.238420006018e-02 
 3.576211269219e-03  4.304609180642e-01 -1.323556436129e-02 
 8.216126480668e-03  6.828700562670e-02 -3.817309226619e-03 
-2.083072859793e-02  9.919473474965e-01 -8.425029240482e-01 
 1.298911668949e-01 -1.774836830222e-02 -1.547284081539e-02 
-3.279911107517e-01  2.805852358435e-01 -5.217312704364e-02 
-2.630949332372e-03  4.878421465891e-02 -4.729686778545e-01 
 4.718728225328e-01  5.151742988325e-02  1.780296703964e-02 
 4.339492971743e-02  1.270292413719e+00 -1.116410606676e+00 
-1.394579561676e-01  1.646664811511e-02 -9.720324120731e-03 
-1.422759604675e-01 -8.342647782805e-01  8.325568595554e-01 
-2.125311907668e-01 -3.838007005098e-03 -7.410340076147e-01 
 3.197082360554e-01 -1.945633000825e-02  8.663577909373e-01 
-5.753727677164e-03  1.533750938507e-02  1.437787687035e-01 
-5.704102479136e-02 -4.213425987633e-02  4.090787210843e-02 
 5.501928057443e-01 -6.978244809863e-01  1.969308980686e-02 
 1.997043876540e-02 -9.728956004445e-02 -7.920098819554e-02 
-1.397541054096e-02  1.392220186452e-01 -4.543633239440e-02 
-1.421873074339e-02 -8.001682257382e-02 -9.968916214167e-03 
-1.693013451923e-01  3.157950166716e-01 -4.394149126705e-01 
 3.652736481929e-03 -1.463454319178e-03 -4.712376886824e-02 
-1.122841451410e+00  1.004346167138e+00 -1.468320208115e-01 
-2.190053549412e-02 -1.022788370216e-01 -1.172452290030e+00 
 9.811434088666e-01  1.540851623255e-01  1.932389625837e-02 
-6.624856009644e-02 -1.939606121217e-02  1.994438970362e-01 
 3.979851487968e-02 -1.332080527443e-02  9.858690413372e-03 
 6.471174931966e-02  2.999927587925e-01 -3.969866623357e-01 
-1.321210115237e+00  1.046446299676e-01  1.232616609078e-01 
 3.055515947785e+00 -2.499955339435e-01 -2.953039509428e-01 
 1.644840105523e-02  3.281152486841e-02  1.006843894142e-02 
-2.424965852891e-01  8.855822083983e-03 -6.521369731876e-03 
-7.834842385843e-02  1.789626491775e-01 -5.298797161715e-02 
 9.818260006994e-02 -4.886235055732e-03 -2.416210618224e-01 
-9.474919718448e-02 -2.862721912106e-02  2.021211671953e-03 
-2.356827497571e-03  1.589018118292e-02  3.898410295819e-02 
 3.105415358983e-02  6.559849308552e-02 -1.646506670252e+00 
 1.525803780483e-01 -4.953595715250e-03 -1.222630616694e-01 
 3.025035642165e-01 -4.738987292896e-01  4.964898237362e-02 
-9.870761006115e-04 -1.293026744326e-02  6.050847050553e-02 
 2.152242814572e-01 -5.120263276989e-04  7.099725151972e-03 
 3.444360754393e-02 -7.512075152559e-02  1.682359819928e+00 
 1.732735508725e-01 -2.938009005479e-02  1.112717112141e-01 
-3.195493348881e-02 -1.713759110772e-01  3.157678341602e-01 
 1.539429401987e-01 -7.998567623060e-02 -1.327372279556e-01 
 6.818899266119e-02  1.533278353165e-01  1.016789937019e-01 
-5.512143591104e-02 -3.509743860679e-02  3.886011508271e-02 
-5.336246155445e-02 -2.296104960605e-02  1.171523885943e-02 
 6.450136873562e-02 -1.666638129048e-01 -9.859623488743e-01 
 2.190193999379e-01 -1.440868301383e-01  1.457148024586e+00 
-2.384990967111e-01  1.822527794258e-01  8.219452918971e-03 
 3.228718487799e-02  2.058083316307e-03  1.808842388755e-01 
-2.619064678736e-02 -6.656396039719e-01  5.626104480630e-01 
 1.538277840459e-03 -1.284107947848e-03  5.825487632357e-02 
 5.927036775935e-01 -1.392272500529e+00  1.988561407107e-01 
 6.052103432018e-02  1.790641044000e-01 -5.371017335303e-01 
 1.394434076872e+00  2.329449342936e-01  3.022988200639e-02 
-1.708620726460e-01  5.662080835555e-01 -6.080030408953e-01 
 2.227049821458e-02  3.539104185929e-02 -8.915669008815e-02 
-9.059602360716e-02 -4.141071928865e-01  6.081940690563e-01 
-9.424306807346e-02  1.861781051348e-01  4.255061162354e-02 
 3.201895265950e-01 -6.033524960925e-01 -2.005488837855e-01 
-1.911276465082e-02 -1.336738053178e-01 -1.153403990473e-02 
-1.954143540243e-03  1.432937444356e-02 -4.029573822069e-03 
-4.678186372445e-03  6.382903438000e-02 -8.696344594583e-02 
-1.387767218365e+00  4.989110360831e-02  1.859493493284e-01 
 1.932951402853e+00 -8.167149334391e-02  1.404607372180e-03 
 4.308442521110e-02 -2.366575136084e-03  3.695717552174e-02 
-6.996466110720e-03 -1.110311201330e-01 -2.154439831560e-01 
 3.630701458498e-02 -4.441230679423e-02 -5.943494608186e-03 
 4.744334835399e-02 -3.021541751835e-01  6.265712873323e-02 
 7.647272960288e-03  3.876933114644e-02 -8.045667338359e-02 
 3.450386340097e-01  6.615626897249e-02 -2.031297071020e-02 
-2.953825608418e-02  9.998212460060e-02 -9.840665964680e-02 
-1.610463206961e-02 -1.157520509972e-02  1.287337581895e-03 
 7.228670432284e-01  3.238367559855e+00 -5.669835355423e+00 
 2.591892839283e-02  5.841039424567e-02 -5.712025271352e-01 
-2.432516422615e-02 -2.313056665744e-01  1.088853217727e+00 
-2.033349558327e-02  5.375543065658e-03  5.399468173099e-02 
 5.435024316417e-02 -3.884821992158e-02  6.021209814801e-02 
 3.319745238002e-01 -1.055056583311e-01 -1.087805697991e-02 
-1.622558803537e-01  2.009326997708e-02 -4.229529573173e-02 
 2.309565974376e-01 -3.678134091746e-01 -1.588389087476e-02 
 6.215532470333e-03  5.272775989080e-02  7.059263366375e-03 
 2.872598721186e-03  2.789025362914e-02  1.337171676510e+00 
-1.755407922350e-01 -2.632840881194e-02  1.402312105223e-01 
 7.560788591148e-03  1.152584701929e-01 -4.062055448138e-02 
-2.260939279686e-02  4.092004769522e-02 -1.170598212670e-01 
 1.869517583862e-01  5.368131087821e-02  2.427501578897e-02 
 4.009970072636e-02  1.243934822032e-01  1.067679525923e+00 
 1.480504506048e-01 -4.221248719222e-02  9.324947326020e-02 
 3.961590238742e-03 -9.939855868283e-02  1.798092750089e+00 
 7.462519083116e-03  4.128727276967e-02 -2.298533227526e-01 
 2.275844458011e-02 -8.360054651682e-02  1.809054740079e+00 
-8.718362439222e-02 -7.379235245108e-03  3.283625511951e-01 
 3.023851611979e-02 -1.116389376586e-01 -7.708204669726e-02 
-4.590261089763e-01 -1.204173856031e-01  1.729904613016e-01 
-6.422259666125e-02 -1.142402775719e+00 -3.565218404747e-01 
 1.313008029530e-01  2.873603931138e+00  6.399011014455e-03 
 6.264046324543e-03 -9.635442008846e-02 -2.714621376455e-03 
 7.161226226739e-02 -5.259968843236e-02  3.766047317357e-01 
-3.227605596102e-02 -3.563951816137e-02 -4.054865542684e-02 
-1.081807198616e-01 -7.789468232515e-01  1.596107921115e-01 
 2.362667223390e-02  1.162553313200e-01 -1.550796420275e-01 
-9.766303097548e-01 -2.310761772536e-01 -1.717343429390e-03 
 8.383028285351e-02 -7.673946695728e-02  3.851413774266e-01 
 2.779756435638e-02  4.965898390353e-02 -4.835756310737e-02 
-4.342186808473e-02 -1.660529754517e-01 -2.380714352716e-01 
 5.206379421022e-02  1.577667524263e-02  1.208518825882e-02 
 2.409112212402e-01 -1.885277113464e-02 -4.979865558190e-01 
-6.077675226771e-01 -1.108294578205e-02 -8.397376658299e-02 
-4.745141662277e-02 -1.155063826171e-01 -1.502466010439e-02 
-4.349639727567e-02  3.356693565453e-01  2.012918693536e-01 
 3.749197703113e-02  2.291273295705e-01 -6.447171015954e-01 
-1.103010793256e-01 -7.231498652554e-01 -1.117609857875e-01 
 1.275452997467e-03 -6.045340918256e-04  1.180298000942e-02 
 1.680677958842e-03 -1.394967688059e-01 -1.183180552710e-01 
-4.554870536374e-02 -2.641657598141e-01 -2.510951963791e-02 
 3.541491088258e-01  1.712356489438e-01 -5.293879685704e-02 
-1.117489100252e-01 -1.539427236954e-03 -2.150267166036e-01 
 1.210708877715e-01 -6.089185945114e-02  1.223795325405e-01 
-1.562733387499e-02  1.100181208612e-01 -1.163071804695e-01 
 2.090614571588e-02  3.230684616188e-01  4.487584011119e-02 
-7.218556501816e-03 -2.175474007487e-02  2.720667448647e-01 
 2.548696600659e-02 -1.478099508582e-01  3.758997025352e-02 
-8.049831965298e-01  3.667162644165e-01  3.433100903591e-03 
-7.199465924927e-02  5.747562689266e-01 -6.747561602548e-03 
-2.972820021132e-02  7.602540708417e-02 -4.207145690657e-02 
-1.983170112488e-01  2.554666681076e-01 -3.461719810759e-01 
-1.878606186689e-01 -5.529642104563e-02  1.308734679000e+00 
 1.027584390925e-01  2.896814174587e-01 -6.371264987822e-02 
-1.778708354280e-01  6.763933243544e-03 -6.998808462135e-03 
 3.554953891218e-02  2.153828210113e-01  1.419672964952e-01 
 3.414058455171e-03 -2.159014868000e-01 -4.458618785800e-02 
-6.652443196310e-01 -3.150743910612e-02  1.783069889316e-01 
-2.752548865806e-01 -6.781649162356e-03  5.294944017394e-01 
-7.778922181328e-02  8.985726092141e-02  1.731048954394e-03 
 3.781828855335e-02 -3.715597712424e-01 -1.363787625235e-01 
-6.703341614429e-02 -1.570249519293e-01  7.662539786738e-02 
 1.838375399130e-02  6.319427011590e-02 -2.225180303804e-01 
 1.216188709285e-04 -3.458829423621e-02 -2.932929050250e-02 
 3.933134413804e-01  1.024029889325e-01  1.033001720099e-02 
-3.539044449195e-02  2.588877695438e-01 -3.202995820058e-03 
 1.061613769427e-02 -7.608317457506e-02  3.893068586673e-02 
 1.800619596215e-01 -2.264057851917e-01  1.212035211286e-01 
-4.285696362519e-02 -3.160047749955e-03 -5.747428203235e-01 
-5.101589874941e-02 -1.119159754998e-01  2.557989478888e-01 
-7.585040868455e-02  1.860748930153e-03  1.574427416683e-02 
-6.802810156903e-02 -9.211042363571e-02 -5.079521832765e-02 
 2.163555024609e-03 -2.397985667878e-01  4.022213473966e-02 
 3.730878513572e-01 -5.250302374351e-02 -9.570252174709e-02 
 3.971028450231e-01 -1.795056774824e-02 -2.514185366339e-01 
 8.530016612177e-02  4.012463684931e-02 -5.988169436749e-01 
 1.459223397776e-02  2.710277771410e-01  2.081788016521e-02 
 8.765828922493e-04  6.391739760777e-02  5.449029505092e-03 
 1.108249071669e-01  4.699603835930e-01 -1.151432372527e+00 
 1.898020356052e-02  2.967225918421e-03  2.275204332304e-02 
-1.290513362511e+00 -6.863166498038e-02  8.895361414789e-03 
-1.092780452506e-01 -2.597407988765e-01 -8.733168818296e-02 
-5.780426485563e-02 -1.191966255331e-01 -2.071278268952e-01 
-9.132389179121e-01  1.617213047020e+00 -4.407700692272e-01 
 8.211535754092e-02  1.033712777939e-01  1.827443503808e+00 
 8.616024071334e-02 -1.159915917232e-01  5.537664326419e-02 
 7.956568233614e-02 -9.751076030898e-03 -1.158986220128e-01 
-3.846069699976e-02  8.573609795347e-01  1.078483858072e-01 
-1.203413309258e-01  2.129035255180e-02 -2.401688772766e-01 
-1.114459640435e+00  1.551542611308e-01  2.248901287933e-01 
 2.821333347169e-01 -1.142163753298e-01  7.340719512576e-01 
-2.258266940414e-01  1.308139560083e-01 -6.284916434873e-02 
 2.294064427931e-01 -3.502308798329e-01 -8.871657114814e-02 
-8.922939085966e-03  1.800504669591e-01  1.488486100183e-01 
-1.047370847832e-01 -4.293962204920e-01  2.791008148839e+00 
 2.765089487195e-02 -9.505488016549e-03  2.646801799420e-01 
-4.602982469910e-01  8.251514345389e-03  1.302199719200e+00 
-5.222931598722e-03 -4.451770268218e-02  4.157049037683e-01 
-2.456969279553e-02 -1.432423705540e-01  7.219631745850e-01 
 3.005141627740e+00 -6.383308057108e+00 -8.913154960424e-02 
-7.731356334646e-04 -2.356138150529e-01  5.773458998494e-01 
 6.485358101983e-02  1.163390791412e+00  2.054335183252e-02 
 1.345421162330e-02  8.993862345608e-02 -6.961189441710e-02 
 8.067095420375e-02  2.435317757543e-02  1.338308635494e-01 
 2.666831685138e-02  7.595305934678e-03 -5.322483668766e-02 
 4.665092153992e-01 -8.464087518326e-02 -1.672135445755e-01 
-4.540154927809e-02 -1.264054317250e-01  1.130333981336e+00 
-2.940567131841e-01  2.887180033079e-01  1.931079055767e-02 
 4.206082427165e-02 -2.665274815590e-01 -8.965740475103e-02 
-6.599321938909e-02  1.303130380296e-01  1.175121464638e-01 
-2.149058217070e-01 -8.621444548025e-01  1.795485155469e+00 
 3.107184636339e-02  2.046813788813e-02 -2.087024360584e-02 
-1.354145519946e-01  1.316994538993e-01 -8.066370189912e-01 
-1.730156034124e-01 -1.138649477233e-01 -3.867607393524e-02 
-4.900989003311e-02  7.693067015603e-01 -3.520583563451e-02 
-9.295492514585e-02  4.461893110983e-01 -1.457722143537e-02 
 7.027697231060e-02 -3.441225617124e-01  2.590912777181e-01 
-1.353686178154e-01  6.114274065770e-01  5.552487441627e-03 
 7.520515660263e-02 -1.241492996299e-03 -2.874007508058e-02 
 1.393913688666e-01 -1.108053226112e+00  3.291438664912e-01 
 7.700738780312e-03 -4.132281479827e-02  2.077032300644e-01 
-4.363388700036e-01  1.143883382566e-01 -4.759498747610e-02 
 1.840923087155e-01 -5.680154828899e-02 -9.750268037578e-02 
 4.350684337215e-02  2.838729133261e-02 -1.560026676573e-02 
-1.181799900092e-01 -1.175385582828e+00  3.660205133904e-01 
-4.829004943883e-02  1.606815245033e-02  3.997189085886e-01 
-2.932280676638e-02 -6.379001413887e-02  7.966812266300e-01 
 5.786876131317e-02 -6.803692571703e-03  2.055663820010e-01 
-1.424035915028e+00  1.468282553608e-01  6.550006721682e-01 
-8.621737271943e-02 -8.523112376365e-02  2.532367925039e-01 
 3.088797493318e-01  1.709454988390e-01  3.562278737917e-03 
-7.460399903338e-02 -8.318705825495e-01 -2.224726179767e-01 
 4.403127814638e-02  2.187589046945e-01  1.213201039164e+00 
 2.229837663621e-02  3.856141984066e-01  2.651042948330e-03 
 2.034486156679e-02  2.728976312018e-02 -1.045783169501e-01 
 3.590082268585e-02  8.826888213409e-01 -1.400288897901e-02 
 3.434973291255e-01 -1.917600527345e-01  8.820026562649e-02 
-5.986685181674e-01  1.104548684646e-01 -1.425243673498e-01 
 4.379128458458e-02  1.535992442113e-01  6.368827671948e-01 
-3.058524653458e-01 -4.031937247122e-02 -4.351604019195e-02 
-2.793142764997e-01 -1.029427068454e+00  2.360815470041e-01 
 4.969940902023e-01  3.353153434733e-02 -4.296969601293e-01 
 7.439553761140e-02  1.766975092754e-01 -1.192423211780e+00 
 7.144433070375e-02 -7.329041840875e-02 -3.468333878537e-01 
-5.783782391882e-01 -1.073402035586e-02 -7.982302829044e-01 
 3.763250099390e-02  1.812632167048e-02 -5.139717756913e-01 
 1.112815333869e-01 -2.593056015880e-01  9.954573425741e-02 
 5.828262517333e-01  6.523656300825e-01  8.923093934972e-02 
 1.056007593098e-02 -4.857197823017e-01 -2.214359788530e-01 
-4.985766660281e-03 -3.026064491605e-01 -7.448908071833e-03 
-2.741896061050e-02 -5.967171175731e-02 -4.003928798416e-03 
-6.750453595216e-02  4.483226528534e-01 -1.466844288728e-01 
 4.725774783871e-01  8.129870860099e-02  5.588702020445e-01 
 1.452186420752e-01  1.389312105417e-01  2.660139744508e-01 
-4.841860330357e-02 -9.409151434801e-02 -2.212443495323e-01 
 1.776840271036e-01  1.410814665036e-01  1.540905126471e-02 
 3.134456025004e-01 -2.731663219495e-01 -6.773062089349e-02 
 1.034682968384e-01  1.802211456915e-01  6.176278435704e-02 
 4.533461800769e-02  8.071353676190e-02 -1.087550855744e+00 
-1.223438034750e-01  1.737228070586e-02 -3.490227316708e-01 
-1.786560071998e-02  1.288352718635e-01 -5.770367205176e-01 
-7.695907799592e-02  1.042047355322e-01 -3.540001584502e-01 
 1.529409488793e-01 -3.016626906880e-01  1.042298972632e-01 
 5.469233355842e-01  3.695550852053e-01 -2.613525193711e-01 
-3.014245100232e-02 -2.172246924875e-01  1.034387640396e+00 
-1.933054070650e-01 -6.669461585078e-01 -4.827703945040e-02 
 6.939315114398e-02 -3.021777657545e-02 -8.411374173746e-02 
-1.061775649460e-01  4.053597597985e-01 -3.692091077437e-01 
 9.227135499810e-02  3.578898558975e-02 -5.083418219644e-02 
-3.120002340323e-01  1.222869838605e-01 -3.723712869426e-01 
 2.339946539572e-01  6.470169886168e-01  7.255890455905e-01 
-1.940075668353e-02 -2.869707047568e-01  1.423901645368e-01 
-1.888840925410e-01 -1.120625720249e-02  1.667266616699e-02 
-1.976224115089e-01 -1.726699043320e-01  4.013952890422e-01 
 9.746392333862e-02  3.929359627212e-01 -5.271547270608e-01 
-1.253050496689e-01 -2.750867764731e-01 -1.280336513894e-02 
-1.380451264903e-01 -3.812233204144e-01 -1.524556354897e-01 
 6.455174627829e-02 -4.662675823120e-02 -7.372856097806e-02 
-1.762255113065e-01  6.224747334900e-02 -6.336044578764e-02 
-2.478378132549e-01  5.951548046859e-01 -2.088503965341e-01 
-5.870473035208e-02 -1.202955809030e-01  1.021470783362e+00 
 8.061470815175e-01  2.594916527843e-01  2.841281207155e-02 
-1.574069405853e-01  5.183475926070e-03  2.438333646430e-02 
 4.371918736216e-02 -1.039378454714e-01  1.632328884300e-01 
 2.138615292700e-03  4.577626505486e-01  1.944921298876e-02 
-9.162233850315e-01  2.545599960608e-01 -1.408190096776e-01 
-4.798400272965e-01  1.356763382371e-01  5.029402115487e-01 
-9.616307058279e-02 -1.554779291748e-01 -4.915670108685e-01 
-3.201996239854e-01  1.259445902682e-01 -1.168155549947e-01 
 3.370322580307e-02  5.692815384004e-01  6.539267998323e-02 
 1.737685263896e-01  7.368345536604e-01 -2.542296120859e-01 
-1.270869360479e-01  9.398264403074e-02  1.594858497414e-01 
-5.197395765092e-01  1.186921937753e-01 -1.505080894766e-02 
 5.014540780232e-01  9.454078178940e-02 -1.086790839238e-01 
-4.312633596497e-01 -7.543049295981e-02  4.434289942064e-03 
 3.440806527468e-03 -1.312677576209e-01 -1.919148522762e-01 
-1.138936104791e-01 -2.490440194144e-01  1.215241427823e+00 
-1.762302087773e-01  8.984897409373e-01  1.178235155560e-01 
 4.836167952021e-02 -5.751925423355e-03  8.290145284159e-02 
 6.288166535742e-02 -1.869390329377e-01  4.568641431032e-01 
 6.422105584606e-02 -4.903595757940e-01  1.754150877614e-01 
-1.043001233605e+00  3.125482874741e-01 -1.497499204754e-01 
 2.353104376289e-01 -2.762656769832e-01  5.612741235438e-01 
-1.560830051083e-01 -2.000091849335e-01  4.113826841682e-01 
-3.653009393509e-01  2.722784392062e-01 -5.317249639673e-01 
-5.282194920284e-02  3.533189911682e-01 -1.685855945435e-01 
-6.943652644785e-03  2.310155604586e-03  6.802849890884e-02 
 5.359855901834e-02 -1.756923743115e-01  3.687050109090e-02 
 4.309133711259e-01 -2.294486368597e-02  1.200738921318e-01 
 8.265783208210e-02  6.639972738097e-01  1.603883139314e-01 
 3.176312774485e-01  1.526962576001e-01 -5.630267894442e-02 
-2.626659401168e-01  1.185944713387e-01  1.914064749571e-01 
-2.559670889817e-01  1.939317889847e-01 -8.954430919104e-01 
-3.328273402813e-01 -9.488205490909e-02  1.607660362772e-02 
-1.372510519063e-01  8.704783831422e-03 -6.236000786522e-02 
 3.381290367062e-02  5.690891326021e-02 -2.540884615243e-01 
-2.418692811112e-02  5.023706861391e-01 -1.633183000008e-01 
 6.001574788823e-01 -2.183520309114e-01  6.222561994033e-02 
 4.562037108161e-01 -3.935503591225e-02 -6.242984653036e-01 
 1.829840517713e-01  5.613207444179e-02  4.564289241856e-01 
-5.142298224960e-02  2.590341529717e-02  2.444094181713e-01 
 1.193821176687e-01  5.607289642966e-01  9.804329168058e-02 
-3.541495107471e-02 -1.921037815182e-01 -4.663287690018e-01 
 6.996760895886e-02  6.217491253532e-02 -2.150322467041e-01 
 8.184523248261e-01 -9.069901253607e-02 -2.551626354128e-01 
 6.843275729592e-01 -1.778175503212e-01 -1.251249866631e-01 
 4.288202808795e-01  1.170469261854e-01 -6.571185666375e-02 
-2.218201725691e-01  8.515889314817e-01  1.753161175107e-01 
 1.492510441097e-01 -1.612450578440e-02 -1.150095137164e+00 
 1.034233853366e-02 -5.427799695191e-01  1.586907549443e-01 
 9.402433577821e-02  2.229389799504e-05 -1.313092192626e-01 
-8.019268305346e-03  4.126071456805e-02 -4.870747084414e-01 
-1.012742069825e-01 -6.176551336896e-01 -2.998249823605e-01 
 6.901317645489e-01 -1.907656270764e-01  1.243029836615e-01 
-4.002578338661e-01  2.161923992816e-01 -7.976522900609e-01 
 3.461107933651e-01  1.170867283019e-01 -1.727161003333e-02 
 5.750605012997e-02  9.708163844713e-02  3.852695590799e-01 
 2.688280694025e-02  4.151834382954e-01  3.407759178728e-01 
-2.839954118997e-01 -1.216533152296e+00  2.042453209815e-01 
-2.107628246063e-01 -4.417546874546e-02 -2.958762695647e-01 
-5.423522489596e-01  2.373793103539e-02 -5.464575071045e-02 
 1.905330495879e-01  7.008548140812e-02  1.341124104039e-01 
-2.909145851285e-01  2.569757343031e-01 -3.787008802218e-04 
 4.480066833212e-02  4.106832174019e-01 -1.502035982934e-01 
-4.151620552264e-02  3.559216372046e-01  7.779741740952e-01 
-2.893899749044e-03 -1.491698679352e+00 -2.648855905854e-03 
-3.050202388071e-02  4.329602973289e-02  8.985963965223e-02 
-1.713421512907e-01 -2.480779761960e-02  4.255600019519e-01 
-1.724558821723e-01 -8.307744482114e-02  3.091299932471e-01 
-4.999885954025e-02  6.364390409354e-02 -1.711066392620e-01 
 3.481812567724e-02  5.603252603897e-01  7.576874819553e-01 
-2.389963071688e-01 -6.320893260284e-02  1.022052238105e-01 
 7.384659844180e-01 -3.555411886933e-02 -3.509601737028e-01 
 1.163109196119e-01  2.808185095657e-01 -2.139630970528e-01 
-4.430311330390e-02 -1.522057502612e-01  1.271275670349e+00 
 2.349231304089e-01 -5.748857570465e-02  8.825657822213e-01 
 3.974106815908e-02 -1.318396590181e-03  2.020536055998e-01 
 1.206595986222e-01 -1.248639852914e-02  7.502324558718e-01 
 5.630473387633e-02 -1.907310891279e-01  2.483863130489e-01 
 9.852506171543e-01 -1.727076814187e+00 -3.251721720235e-01 
 1.273247843643e-02  7.331815685963e-01  5.391852430178e-02 
 4.145493755982e-02  8.651366778292e-01  1.966727207351e-02 
 7.638602678167e-03 -1.372649287158e-01  4.690089553622e-02 
-4.852094054645e-01  8.767658537785e-02 -8.867600185553e-02 
 4.125614596969e-02 -4.931155209565e-02  3.081700426984e-01 
-1.703837216261e-02 -2.155572217008e-01  4.712397003934e-01 
-5.611658412715e-02 -3.013045094694e-01 -7.815374927736e-02 
-3.588407370967e-01 -6.818788660019e-01 -1.791427207405e-02 
-1.679422483355e-01  3.592193081969e-01  8.938902061546e-03 
 1.879050119368e-01 -2.285214570644e-02  5.360255409116e-01 
-4.875682918256e-02 -3.465178906966e-01 -4.150328718099e-01 
 1.215723053731e+00 -1.720102872630e-01 -2.316704724819e-02 
-1.498088897392e-01 -1.536112031325e-02  7.360951472290e-02 
 7.006559942707e-02  8.424535798372e-03 -3.027783235511e-01 
-2.585583774839e-01 -4.711422450651e-02 -1.766160132330e-02 
-6.144853979922e-02  1.094698518955e-01 -7.461520938882e-01 
-1.486882182989e-01 -4.261383349736e-01  1.111620823710e-02 
 2.336973668602e-02 -8.941841592257e-02  2.087306261369e-01 
-1.709761362022e-01  2.921062521254e-02  2.766060280133e-01 
 1.528373419495e-02 -4.156047488422e-01 -2.156630204575e-02 
 1.731530276789e-01  2.543733772782e-02 -5.062087972398e-01 
 4.523194353637e-01  1.166141495773e-01 -5.268687931736e-01 
-1.121792344432e-01 -3.704412474882e-01 -2.110805804125e-01 
-1.164555852598e-01 -2.386413219144e-01  1.747195360714e-01 
 4.339521283814e-01  9.228419010937e-01  8.491190126997e-02 
 7.897396632439e-01 -1.706021410527e-01  3.348022300517e-01 
-7.978991049513e-02 -5.576309403368e-01  9.686722416532e-02 
-2.186495884295e-01 -2.033041260527e-01  6.935931019712e-01 
 1.056749186414e-01  8.435073288579e-03  3.319200249374e-01 
 1.804348122352e-03 -3.527620130201e-01 -5.321529656370e-01 
-1.199745474077e-01 -1.015926935356e-01  3.098555393931e-01 
 1.320077460185e+00 -1.552543751700e+00  5.233444107086e-01 
 4.434095763078e-02 -2.772979916320e-01  9.615243866312e-02 
 9.352232702831e-02  7.281129025177e-01  1.532594455576e-01 
-6.143575211087e-01 -2.196616037750e-02 -9.250193744274e-02 
-1.002338570643e-01  5.906283355364e-01  9.216563350852e-02 
-7.155705462129e-01 -7.474898503836e-02  4.802271462136e-02 
-3.604579922013e-01 -1.498214037424e-01  3.362486637900e-01 
 1.642108141196e-01  2.660653599160e-01  3.550061281315e-01 
-7.742629283328e-02  8.454459031145e-02  2.382201964021e-01 
-3.114677324891e-01  4.851096321265e-01  4.371775699454e-02 
 5.230980760553e-01 -1.908594299914e-01 -1.096648431923e-01 
-3.737496240922e-02 -3.374508554090e-01  2.139468437429e-02 
-7.256638928435e-03  6.620192299574e-02  6.435356573721e-01 
 1.487220758596e-02 -2.875964392373e-03  4.473479530924e-01 
 1.750495885462e-01  5.632478483990e-01 -4.507153277629e-01 
 1.481121166002e-02 -6.190598921882e-02  2.593568471075e-01 
 1.078853837322e+00 -1.492780214477e+00 -6.908880361707e-02 
-3.810693434890e-02 -2.948509379399e-01 -5.200962934976e-02 
-5.017399585549e-02  7.166809550293e-01 -5.369406864695e-01 
 7.062264557086e-01 -1.204608527780e-01 -1.522979934817e-02 
 9.619329241196e-03  5.898585056319e-01  4.536227538318e-02 
-5.892376681181e-01  7.970958426993e-02 -5.091703734909e-02 
 7.648508278873e-02 -1.129263679564e-01  6.739946369121e-02 
 6.452936282616e-02 -9.679194971787e-02 -3.197378121147e-02 
-1.297987239103e-01 -6.740590802328e-02 -4.496815504451e-01 
 2.492356637924e-03  5.204821153945e-01  4.450625569876e-02 
 5.586509119492e-01  8.422567086656e-02 -1.238232816682e-01 
-1.348070253886e-01 -7.197101475446e-01 -6.749407359470e-01 
-2.903101784519e-01  2.497306447328e-02  5.338898353332e-01 
-5.640889788088e-02  1.295734704694e-02 -3.393493821237e-01 
-2.256272470011e-01  3.705891427558e-01  1.386116837703e-01 
 3.398477067423e-02 -4.249414483975e-01 -2.636327575172e-01 
-1.151592479314e+00  9.885334499011e-01  1.149518366913e-01 
-2.360772377341e-02 -9.629661384755e-02  1.311240130976e-01 
-6.803784753123e-02 -4.322136020576e-01  7.580051961248e-01 
 4.750176310922e-01 -6.363140416738e-02 -1.490926231056e-01 
-1.735883256044e-01  9.586253336158e-01 -1.635135640611e-01 
-3.969728081529e-01  2.341538263844e-01  5.288076454148e-01 
 1.731009915726e-01 -6.287057594216e-03 -2.138706357917e-01 
-5.362858019762e-01  3.179342510562e-02  3.984554131720e-01 
-1.062823398270e-02  3.391267554447e-01  3.648245604428e-01 
-1.168409783432e-01  5.595326243422e-01 -2.296522549272e-01 
 2.557107149624e-01 -1.499652134997e-01  1.862255783344e-01 
-1.060011875689e-01 -5.686791614372e-01 -1.050638571542e+00 
 3.149000161367e-01 -1.842315655017e-01  7.298916703402e-01 
 1.032216879596e-01  2.673302084112e-03 -6.491289288476e-01 
 3.507824772600e-01 -1.117519882300e-01  6.498667969453e-01 
-2.090093665078e-01 -6.902914001091e-01 -4.523294610442e-01 
-2.012854402157e+00  1.431305460727e+00  3.339531354387e-01 
 2.352648918064e-02  8.971060309740e-02  4.279191088695e-02 
 3.375327492510e-02 -8.378525863350e-01 -5.393284375610e-01 
-2.395605425409e-01 -2.458261962634e-01  8.248842083649e-02 
 3.104234929651e-02  5.549590542847e-01 -2.513579207504e-01 
-1.690617130871e-02 -1.621486782897e-01  5.363676082758e-01 
 4.219658758398e-01 -9.563725481444e-02 -4.666853805334e-01 
 2.357459740777e-01  4.155990095708e-02  8.982979849700e-01 
-9.477909445168e-02  7.108509286699e-01 -1.564541948475e-01 
-1.089527148820e-01  1.426912026798e+00 -4.427631522243e-01 
 4.573064031894e-01 -9.512458665690e-02  7.108205182436e-01 
 1.060939675353e-01  5.157076673300e-01  2.300935156481e-01 
 1.314605663197e+00 -8.403201713892e-02 -2.973608129057e-01 
-2.317073604375e-01  7.566230807507e-04  1.414932573745e-01 
 7.493920444942e-02  2.183868695367e-01  1.507993759634e-01 
-1.316609012196e+00  1.386898420046e-01  8.479821429600e-02 
 3.763432326347e-01 -2.841011042681e-01  1.122231814845e+00 
 1.139871328100e-01  2.789065140371e-01  6.689096207223e-01 
 7.597321873689e-02  1.735660375164e-01  1.301237338400e-01 
 2.909616229201e-01 -1.062745578894e-03  1.446889366741e-01 
-2.498087648382e-02 -2.052217153610e+00  6.904588684769e-01 
 8.848106542034e-01  6.271664390880e-02 -5.967889648650e-01 
-1.602499982291e+00  2.406279947151e-01  6.356279438396e-01 
 2.397063189562e-02  5.661832646484e-01  1.192971243681e+00 
-1.774062426843e-01  3.799049118202e-01  3.410796167039e-02 
-2.929293607075e-01  1.233639598427e+00 -4.677428104351e-01 
 5.906669039477e-01 -1.214749185207e-01  2.092124371300e-01 
-3.154665700754e-01 -1.658919558368e+00 -1.051849367023e+00 
 6.543764044185e-02 -8.540036798468e-02 -9.022655703224e-01 
 1.850602896292e-01 -3.559812782138e-03 -4.484535822850e-01 
 1.032954268263e-01  3.793131348488e-02 -4.547127230342e-01 
-1.515202559118e-01 -3.954858225920e-01 -2.481131152707e-01 
-7.757838615917e-01  3.241519695372e+00 -2.621535581226e-02 
 2.437418362431e-03 -5.330850151476e-02 -1.344358786199e-01 
-2.806781393646e-02 -1.096564207595e+00 -8.102270913041e-02 
 5.125976544685e-02  1.231083943308e+00 -1.789850969284e-01 
 2.384952816784e-01  4.402090250905e-01 -2.486963169552e-01 
-1.433947114583e-01 -1.538132580351e-02  2.565824660684e-01 
-3.596310921868e-01  2.300545526171e-01  2.770110011493e-01 
 9.840894295041e-02 -1.220972269070e-01 -6.621711006089e-01 
 3.582629838677e-01 -3.049683318550e-01 -9.438388319440e-02 
-1.773153961625e-01  8.552453442291e-01 -2.570659488341e-01 
 3.070078268685e-01 -9.450274300525e-02  2.675283792011e-01 
 2.147600029251e-03 -6.420164155513e-02 -8.764398515468e-01 
 7.963746258768e-02 -4.540470940482e-02  3.593740079049e-01 
 1.164721584445e-01 -2.650839595642e-02 -1.995682978354e-01 
 4.382113683529e-02  2.486107264473e-02  2.739272193140e-01 
-1.017078210743e-01 -3.986487479805e-01  8.300588668601e-02 
 6.213086482333e-01  2.015920995793e+00 -3.844982378216e-01 
 1.550179773963e-02  9.874831108044e-01 -2.344753264473e-01 
-9.666680352622e-03 -2.194104697177e-01  2.725052480969e-01 
 8.915068692292e-03 -5.801160515413e-01 -1.695143063662e-01 
 1.299080129106e+00  3.834371898927e-01 -6.160188506672e-02 
-5.158496276264e-02  5.643454115154e-03  2.671798965320e-01 
-1.715792462049e+00  6.928062490479e-01  4.746933654638e-01 
 1.286589137139e-01  6.600320197995e-01 -2.925558365672e+00 
 1.107359175163e+00 -1.021750384444e+00 -9.062460271299e-02 
 6.538219633783e-01  6.863238744953e-01 -8.973999183874e-02 
 1.899442946245e-01 -9.885389115660e-02  2.374629639579e-01 
-6.037540384211e-02 -3.457066318362e-01 -3.376458576379e-01 
-4.586666124021e-01  6.076996224770e-02  9.626562062802e-03 
-5.750713034393e-01 -2.216749188868e-03  3.890256116766e-03 
-6.777406429734e-02 -3.566891615597e-02 -1.457561113514e-01 
 1.151759545954e+00 -1.376412299469e-01  2.682394237190e-03 
 1.151337591574e-01  7.915761207572e-01  8.880580530974e-01 
 1.698011970592e-01  2.019237761219e-01  5.654200388829e-01 
 4.091672151186e-02 -5.260997230858e-02  1.452224692828e-01 
 1.495030870235e-01  1.724317871386e-01  1.543093665128e+00 
 2.147227231348e-01  1.596561646584e+00 -4.050766206481e-01 
-4.936819389969e-01  4.670019340399e-04  2.473366968182e-01 
-2.614475374344e+00  1.082678174525e+00  8.824314460612e-01 
 1.766698826115e-01  3.889413316787e-01  1.386559723195e+00 
-6.040036034090e-01  5.649087812942e-01  7.162455452760e-02 
 4.400382237242e-02 -9.187446561094e-01  2.511225172843e-01 
-3.235385200081e-01  9.943586568099e-02  2.620316802032e-02 
orbocc
(*)
 0.000000000000e+00  0.000000000000e+00  0.000000000000e+00 
 0.000000000000e+00  0.000000000000e+00  0.000000000000e+00 
 0.000000000000e+00  0.000000000000e+00  0.000000000000e+00 
 0.000000000000e+00  0.000000000000e+00  0.000000000000e+00 
 0.000000000000e+00  0.000000000000e+00  0.000000000000e+00 
 0.000000000000e+00  0.000000000000e+00  0.000000000000e+00 
 0.000000000000e+00  0.000000000000e+00  0.000000000000e+00 
 0.000000000000e+00  0.000000000000e+00  0.000000000000e+00 
 0.000000000000e+00  0.000000000000e+00  0.000000000000e+00 
 0.000000000000e+00  0.000000000000e+00  0.000000000000e+00 
 0.000000000000e+00  0.000000000000e+00  0.000000000000e+00 
 0.000000000000e+00  0.000000000000e+00  0.000000000000e+00 
 0.000000000000e+00  0.000000000000e+00  0.000000000000e+00 
 0.000000000000e+00  0.000000000000e+00  0.000000000000e+00 
 0.000000000000e+00  0.000000000000e+00  0.000000000000e+00 
 0.000000000000e+00  0.000000000000e+00  0.000000000000e+00 